1,1,132.2,511.93
195.13,1,340.2,511.93
29.8,1,307.13,511.93
73.533,79.933,245.27,267.67
1,1,340.2,511.93
62.867,1,340.2,511.93
60.733,1,263.4,244.2
62.867,173.8,311.4,511.93
61.8,1,340.2,511.93
73.533,79.933,271.93,340.2
78.867,105.53,235.67,511.93
162.07,17,214.33,63.933
121.53,108.73,212.2,244.2
152.47,219.67,269.8,340.2
125.8,331.67,314.6,511.93
63.933,1,258.07,108.73
181.27,347.67,267.67,511.93
61.8,206.87,198.33,511.93
71.4,103.4,270.87,231.4
26.6,1,297.53,231.4
60.733,1,307.13,511.93
61.8,105.53,242.07,511.93
165.27,1,318.87,326.33
99.133,135.4,142.87,227.13
79.933,70.333,243.13,511.93
63.933,44.733,161,107.67
29.8,1,340.2,511.93
189.8,1,340.2,511.93
269.8,1,340.2,511.93
183.4,90.6,294.33,325.27
118.33,163.13,226.07,220.73
61.8,105.53,307.13,511.93
55.4,1,300.73,133.27
56.467,1,340.2,511.93
245.27,1,340.2,511.93
117.27,347.67,267.67,511.93
117.27,205.8,311.4,511.93
1,1,300.73,511.93
1,40.467,125.8,511.93
55.4,1,340.2,511.93
55.4,1,282.6,108.73
1,1,300.73,340.2
168.47,219.67,314.6,511.93
78.867,243.13,122.6,511.93
56.467,212.2,314.6,511.93
1,1,136.47,511.93
121.53,70.333,214.33,255.93
1,10.6,145,511.93
79.933,1,340.2,511.93
98.067,1,165.27,63.933
117.27,346.6,267.67,511.93
29.8,1,305,251.67
61.8,206.87,311.4,511.93
55.4,1,300.73,123.67
61.8,206.87,313.53,511.93
183.4,1,340.2,511.93
150.33,219.67,269.8,340.2
60.733,1,340.2,511.93
132.2,1,297.53,105.53
1,1,233.53,113
127.93,205.8,311.4,511.93
78.867,173.8,163.13,511.93
1,1,125.8,511.93
56.467,212.2,175.93,511.93
63.933,1,282.6,108.73
168.47,1,340.2,511.93
98.067,99.133,297.53,331.67
60.733,1,297.53,151.4
124.73,132.2,226.07,220.73
178.07,1,318.87,326.33
78.867,1,340.2,511.93
97,1,233.53,76.733
251.67,332.73,313.53,511.93
125.8,339.13,223.93,511.93
62.867,173.8,163.13,511.93
1,1,318.87,148.2
1,1,318.87,105.53
1,1,114.07,107.67
78.867,332.73,191.93,511.93
1,1,318.87,331.67
55.4,1,318.87,326.33
172.73,212.2,307.13,511.93
137.53,88.467,198.33,146.07
60.733,1,297.53,116.2
63.933,1,297.53,116.2
1,1,318.87,511.93
213.27,99.133,297.53,326.33
55.4,217.53,314.6,511.93
1,1,145,511.93
201.53,386.07,268.73,511.93
183.4,107.67,250.6,159.93
111.93,212.2,172.73,330.6
29.8,1,263.4,244.2
126.87,1,248.47,105.53
178.07,295.4,311.4,511.93
100.2,338.07,187.67,511.93
55.4,68.2,280.47,123.67
196.2,1,278.33,85.267
122.6,329.53,178.07,396.73
62.867,193,307.13,511.93
79.933,329.53,178.07,511.93
89.533,339.13,163.13,511.93
1,40.467,136.47,511.93
156.73,1,340.2,511.93
152.47,177,226.07,220.73
78.867,212.2,158.87,511.93
170.6,212.2,262.33,424.47
98.067,1,233.53,85.267
157.8,68.2,280.47,123.67
183.4,103.4,271.93,166.33
93.8,1,233.53,85.267
62.867,173.8,177,511.93
133.27,108.73,255.93,204.73
63.933,1,248.47,108.73
166.33,87.4,271.93,133.27
115.13,358.33,159.93,511.93
98.067,133.27,226.07,257
117.27,212.2,311.4,511.93
100.2,319.93,187.67,511.93
178.07,103.4,263.4,213.27
26.6,1,297.53,116.2
55.4,259.13,107.67,456.47
99.133,83.133,238.87,244.2
1,40.467,125.8,346.6
133.27,147.13,212.2,217.53
183.4,331.67,306.07,511.93
146.07,347.67,231.4,511.93
111.93,169.53,172.73,330.6
138.6,223.93,210.07,317.8
55.4,1,300.73,319.93
165.27,103.4,271.93,319.93
110.87,217.53,164.2,330.6
156.73,223.93,314.6,511.93
53.267,83.133,239.93,251.67
150.33,103.4,271.93,340.2
53.267,83.133,159.93,133.27
53.267,1,255.93,111.93
1,1,300.73,123.67
162.07,337,243.13,395.67
1,1,133.27,511.93
115.13,358.33,187.67,511.93
185.53,103.4,271.93,319.93
95.933,212.2,175.93,394.6
148.2,383.93,191.93,511.93
166.33,87.4,263.4,133.27
108.73,206.87,198.33,382.87
1,181.27,84.2,511.93
170.6,212.2,297.53,424.47
136.47,147.13,216.47,225
55.4,243.13,187.67,511.93
172.73,217.53,307.13,511.93
1,1,155.67,113
116.2,343.4,170.6,476.73
56.467,273,120.47,342.33
133.27,111.93,215.4,181.27
69.267,332.73,170.6,511.93
124.73,132.2,245.27,267.67
129,67.133,297.53,116.2
1,332.73,103.4,511.93
127.93,311.4,203.67,367.93
165.27,87.4,271.93,134.33
133.27,99.133,297.53,326.33
55.4,1,282.6,237.8
95.933,1,235.67,76.733
55.4,44.733,198.33,146.07
166.33,229.27,210.07,317.8
159.93,330.6,314.6,511.93
168.47,219.67,306.07,511.93
170.6,212.2,307.13,511.93
248.47,330.6,314.6,511.93
139.67,223.93,210.07,317.8
99.133,83.133,239.93,251.67
139.67,212.2,307.13,511.93
78.867,337,177,511.93
250.6,44.733,300.73,93.8
198.33,1,264.47,85.267
111.93,174.87,215.4,331.67
122.6,311.4,181.27,396.73
92.733,79.933,173.8,137.53
122.6,83.133,199.4,154.6
181.27,348.73,267.67,511.93
165.27,223.93,210.07,317.8
97,105.53,216.47,244.2
78.867,337,242.07,511.93
63.933,1,182.33,116.2
122.6,113,199.4,172.73
120.47,165.27,216.47,244.2
157.8,1,280.47,123.67
63.933,1,234.6,107.67
73.533,106.6,146.07,151.4
110.87,333.8,173.8,403.13
1,1,114.07,99.133
61.8,289,154.6,353
97,105.53,216.47,382.87
221.8,99.133,297.53,326.33
146.07,347.67,187.67,450.07
233.53,332.73,306.07,511.93
98.067,143.93,145,226.07
274.07,404.2,314.6,511.93
157.8,206.87,307.13,511.93
110.87,70.333,226.07,330.6
196.2,1,280.47,87.4
132.2,1,234.6,86.333
98.067,135.4,145,226.07
117.27,357.27,188.73,511.93
44.733,1,131.13,92.733
173.8,219.67,269.8,340.2
158.87,3.1333,233.53,74.6
251.67,332.73,293.27,467.13
122.6,217.53,314.6,511.93
139.67,212.2,311.4,511.93
117.27,379.67,188.73,511.93
56.467,273,114.07,456.47
138.6,222.87,210.07,317.8
165.27,228.2,210.07,317.8
105.53,133.27,158.87,237.8
73.533,105.53,158.87,237.8
178.07,103.4,271.93,221.8
111.93,206.87,198.33,382.87
126.87,413.8,168.47,511.93
71.4,105.53,238.87,225
29.8,1,131.13,103.4
89.533,338.07,242.07,511.93
95.933,70.333,243.13,395.67
9.5333,1,129,101.27
234.6,227.13,305,340.2
97,105.53,238.87,225
147.13,347.67,188.73,438.33
117.27,344.47,267.67,511.93
116.2,373.27,191.93,511.93
95.933,105.53,235.67,340.2
142.87,222.87,204.73,264.47
98.067,133.27,226.07,331.67
71.4,105.53,238.87,231.4
129,105.53,215.4,214.33
1,191.93,84.2,511.93
55.4,243.13,122.6,511.93
159.93,346.6,228.2,457.53
97,1,234.6,76.733
116.2,346.6,191.93,511.93
55.4,44.733,271.93,148.2
1,289,103.4,511.93
116.2,347.67,191.93,511.93
196.2,1,318.87,326.33
175.93,331.67,306.07,511.93
175.93,347.67,268.73,511.93
73.533,105.53,146.07,151.4
129,105.53,226.07,220.73
127.93,299.67,235.67,393.53
165.27,108.73,216.47,169.53
121.53,70.333,226.07,255.93
133.27,108.73,255.93,221.8
62.867,193,203.67,511.93
1,1,125.8,346.6
29.8,1,305,111.93
250.6,1,318.87,99.133
202.6,161,264.47,324.2
33,1,136.47,93.8
196.2,1,300.73,93.8
158.87,45.8,248.47,105.53
44.733,27.667,131.13,92.733
156.73,223.93,297.53,340.2
183.4,332.73,306.07,511.93
152.47,222.87,211.13,317.8
97,1,161,76.733
98.067,1,234.6,86.333
178.07,205.8,311.4,511.93
78.867,332.73,183.4,511.93
109.8,133.27,163.13,181.27
1,44.733,136.47,356.2
1,1,129,101.27
125.8,339.13,223.93,389.27
190.87,354.07,268.73,511.93
164.2,223.93,284.73,340.2
56.467,212.2,175.93,394.6
146.07,347.67,188.73,460.73
55.4,44.733,271.93,146.07
53.267,1,305,111.93
181.27,348.73,231.4,511.93
63.933,66.067,198.33,146.07
183.4,103.4,274.07,325.27
89.533,173.8,157.8,511.93
175.93,331.67,314.6,511.93
100.2,1,165.27,75.667
157.8,1,300.73,123.67
78.867,212.2,199.4,511.93
56.467,273,108.73,342.33
78.867,212.2,203.67,511.93
61.8,206.87,198.33,382.87
170.6,332.73,307.13,511.93
158.87,3.1333,233.53,50.067
121.53,212.2,172.73,330.6
235.67,380.73,314.6,511.93
1,1,136.47,356.2
221.8,1,318.87,326.33
89.533,338.07,180.2,511.93
115.13,335.93,175.93,394.6
202.6,185.53,245.27,267.67
117.27,347.67,231.4,511.93
189.8,344.47,254.87,461.8
123.67,311.4,198.33,382.87
178.07,319.93,307.13,511.93
122.6,217.53,305,403.13
1,1,136.47,105.53
89.533,339.13,131.13,511.93
129,65,203.67,111.93
85.267,1,126.87,70.333
84.2,220.73,131.13,403.13
105.53,143.93,158.87,226.07
83.133,335.93,175.93,511.93
157.8,343.4,243.13,417
185.53,217.53,242.07,319.93
83.133,338.07,170.6,511.93
53.267,83.133,271.93,251.67
165.27,103.4,270.87,151.4
55.4,1,280.47,123.67
110.87,217.53,162.07,330.6
115.13,335.93,175.93,476.73
89.533,44.733,154.6,86.333
159.93,343.4,268.73,511.93
170.6,345.53,244.2,422.33
61.8,105.53,216.47,382.87
79.933,319.93,121.53,511.93
156.73,223.93,284.73,340.2
62.867,318.87,120.47,474.6
1,252.73,103.4,511.93
126.87,1,318.87,105.53
201.53,389.27,267.67,511.93
170.6,330.6,314.6,511.93
155.67,346.6,204.73,511.93
133.27,107.67,215.4,181.27
233.53,330.6,293.27,475.67
79.933,329.53,204.73,511.93
95.933,311.4,175.93,394.6
164.2,223.93,211.13,317.8
110.87,173.8,157.8,349.8
200.47,152.47,274.07,325.27
127.93,217.53,264.47,424.47
110.87,70.333,242.07,330.6
152.47,222.87,235.67,340.2
170.6,206.87,307.13,511.93
164.2,62.867,305,105.53
172.73,217.53,260.2,413.8
73.533,79.933,173.8,137.53
78.867,212.2,171.67,511.93
116.2,345.53,187.67,511.93
121.53,106.6,214.33,255.93
152.47,153.53,226.07,220.73
13.8,47.933,59.667,105.53
168.47,169.53,213.27,214.33
98.067,1,165.27,50.067
78.867,193,203.67,511.93
155.67,23.4,233.53,70.333
105.53,338.07,177,511.93
1,1,136.47,93.8
100.2,1,165.27,50.067
127.93,299.67,235.67,367.93
123.67,338.07,173.8,382.87
89.533,339.13,134.33,511.93
178.07,338.07,280.47,511.93
235.67,380.73,292.2,511.93
152.47,169.53,226.07,220.73
233.53,330.6,314.6,511.93
137.53,169.53,212.2,211.13
158.87,3.1333,233.53,69.267
97,105.53,216.47,225
78.867,332.73,175.93,511.93
89.533,338.07,199.4,511.93
93.8,66.067,164.2,108.73
129,65,196.2,111.93
63.933,44.733,198.33,146.07
198.33,1,318.87,103.4
262.33,370.07,314.6,511.93
133.27,105.53,215.4,181.27
125.8,339.13,223.93,426.6
130.07,347.67,188.73,438.33
133.27,132.2,214.33,173.8
164.2,223.93,210.07,317.8
127.93,1,236.73,76.733
63.933,67.133,155.67,107.67
111.93,220.73,173.8,382.87
95.933,1,165.27,95.933
118.33,319.93,173.8,386.07
154.6,174.87,206.87,219.67
73.533,88.467,198.33,146.07
207.93,341.27,250.6,395.67
142.87,223.93,210.07,317.8
109.8,342.33,163.13,511.93
79.933,243.13,122.6,511.93
115.13,358.33,164.2,511.93
249.53,295.4,311.4,505.53
178.07,103.4,263.4,221.8
111.93,105.53,226.07,330.6
109.8,148.2,158.87,225
95.933,222.87,235.67,340.2
251.67,62.867,305,105.53
126.87,422.33,168.47,511.93
164.2,223.93,210.07,306.07
1,1,129,99.133
173.8,219.67,306.07,511.93
124.73,218.6,171.67,331.67
121.53,169.53,172.73,330.6
187.67,354.07,228.2,511.93
181.27,264.47,235.67,339.13
56.467,273,114.07,465
105.53,143.93,158.87,237.8
69.267,332.73,115.13,511.93
109.8,107.67,216.47,225
170.6,223.93,211.13,317.8
168.47,343.4,223.93,511.93
1,1,131.13,107.67
115.13,346.6,204.73,511.93
95.933,1,231.4,76.733
55.4,259.13,106.6,327.4
60.733,65,263.4,244.2
174.87,386.07,268.73,511.93
109.8,127.93,216.47,225
165.27,1,214.33,41.533
156.73,217.53,305,340.2
196.2,1,264.47,85.267
95.933,1,165.27,75.667
89.533,338.07,177,511.93
135.4,153.53,226.07,220.73
138.6,212.2,242.07,319.93
172.73,217.53,264.47,424.47
99.133,83.133,239.93,244.2
133.27,105.53,215.4,214.33
207.93,154.6,249.53,221.8
122.6,311.4,253.8,403.13
159.93,346.6,204.73,511.93
53.267,45.8,255.93,111.93
265.53,375.4,311.4,511.93
207.93,341.27,253.8,403.13
147.13,346.6,190.87,438.33
78.867,173.8,157.8,511.93
178.07,103.4,263.4,214.33
129,142.87,215.4,213.27
170.6,1,280.47,87.4
89.533,27.667,131.13,90.6
178.07,318.87,280.47,511.93
109.8,127.93,165.27,225
12.733,47.933,155.67,113
249.53,295.4,311.4,511.93
165.27,107.67,213.27,151.4
157.8,68.2,248.47,123.67
164.2,226.07,210.07,317.8
134.33,212.2,215.4,305
170.6,19.133,235.67,66.067
133.27,106.6,214.33,211.13
156.73,107.67,213.27,151.4
78.867,337,119.4,511.93
61.8,289,120.47,344.47
156.73,223.93,211.13,317.8
63.933,67.133,182.33,116.2
9.5333,1,129,99.133
124.73,132.2,215.4,213.27
142.87,222.87,210.07,317.8
98.067,163.13,226.07,257
83.133,338.07,129,511.93
95.933,311.4,243.13,395.67
127.93,1,214.33,76.733
138.6,3.1333,233.53,82.067
98.067,1,155.67,67.133
178.07,332.73,307.13,511.93
137.53,147.13,214.33,211.13
138.6,217.53,242.07,319.93
233.53,332.73,293.27,475.67
158.87,222.87,204.73,264.47
134.33,174.87,215.4,305
253.8,295.4,311.4,505.53
201.53,377.53,267.67,511.93
120.47,113,216.47,244.2
162.07,174.87,206.87,217.53
56.467,273,107.67,456.47
239.93,319.93,307.13,511.93
117.27,347.67,188.73,511.93
116.2,345.53,169.53,476.73
142.87,222.87,187.67,264.47
126.87,422.33,187.67,511.93
159.93,343.4,244.2,457.53
170.6,345.53,254.87,458.6
127.93,299.67,203.67,367.93
126.87,369,187.67,511.93
122.6,347.67,164.2,474.6
186.6,108.73,255.93,213.27
79.933,331.67,173.8,511.93
63.933,66.067,164.2,108.73
172.73,174.87,213.27,217.53
121.53,147.13,193,244.2
63.933,66.067,186.6,129
126.87,383.93,191.93,511.93
253.8,331.67,311.4,505.53
158.87,1,234.6,63.933
109.8,347.67,161,511.93
168.47,343.4,223.93,389.27
134.33,1,234.6,86.333
121.53,65,263.4,244.2
56.467,273,106.6,379.67
157.8,343.4,242.07,402.07
95.933,319.93,175.93,394.6
78.867,220.73,131.13,511.93
111.93,220.73,158.87,337
122.6,113,215.4,182.33
109.8,83.133,238.87,244.2
111.93,206.87,158.87,337
158.87,6.3333,212.2,60.733
126.87,1,195.13,76.733
156.73,169.53,216.47,220.73
177,337,238.87,395.67
95.933,1,248.47,105.53
134.33,17,219.67,86.333
98.067,1,203.67,85.267
109.8,344.47,199.4,511.93
109.8,133.27,158.87,181.27
98.067,1,165.27,85.267
109.8,139.67,238.87,244.2
207.93,332.73,307.13,511.93
121.53,65,225,244.2
181.27,217.53,242.07,339.13
63.933,67.133,168.47,116.2
1,307.13,103.4,511.93
1,252.73,41.533,453.27
174.87,148.2,215.4,212.2
116.2,373.27,158.87,511.93
170.6,228.2,211.13,317.8
122.6,108.73,199.4,154.6
121.53,147.13,212.2,244.2
122.6,335.93,173.8,386.07
162.07,343.4,244.2,422.33
117.27,212.2,158.87,369
12.733,47.933,92.733,105.53
156.73,147.13,216.47,220.73
180.2,347.67,231.4,511.93
136.47,147.13,193,211.13
150.33,70.333,190.87,129
126.87,1,236.73,76.733
109.8,127.93,161,225
109.8,143.93,158.87,214.33
137.53,111.93,214.33,211.13
187.67,354.07,268.73,511.93
12.733,47.933,59.667,101.27
174.87,332.73,307.13,511.93
97,21.267,161,76.733
203.67,152.47,274.07,325.27
158.87,46.867,248.47,105.53
212.2,215.4,264.47,324.2
118.33,163.13,212.2,211.13
157.8,139.67,215.4,219.67
110.87,173.8,157.8,335.93
95.933,1,155.67,67.133
158.87,139.67,215.4,212.2
100.2,329.53,178.07,511.93
165.27,3.1333,233.53,50.067
53.267,45.8,233.53,111.93
136.47,65,196.2,111.93
263.4,62.867,305,105.53
158.87,65,248.47,105.53
158.87,1,236.73,60.733
248.47,330.6,293.27,462.87
111.93,190.87,162.07,331.67
138.6,226.07,210.07,317.8
248.47,330.6,289,424.47
125.8,339.13,183.4,388.2
152.47,222.87,194.07,317.8
165.27,1,235.67,41.533
129,163.13,212.2,211.13
119.4,66.067,186.6,129
177,337,253.8,403.13
111.93,212.2,162.07,331.67
202.6,389.27,267.67,511.93
164.2,223.93,204.73,315.67
127.93,1,207.93,50.067
157.8,139.67,238.87,220.73
115.13,358.33,158.87,511.93
233.53,332.73,307.13,511.93
121.53,108.73,225,244.2
1,1,54.333,91.667
177,337,243.13,395.67
115.13,173.8,157.8,335.93
183.4,103.4,271.93,159.93
2.0667,1,54.333,91.667
187.67,346.6,228.2,457.53
158.87,46.867,248.47,104.47
58.6,307.13,107.67,364.73
109.8,145,193,244.2
186.6,108.73,255.93,204.73
250.6,1,318.87,103.4
158.87,2.0667,236.73,60.733
2.0667,1,120.47,93.8
156.73,217.53,242.07,339.13
137.53,106.6,214.33,211.13
122.6,103.4,199.4,154.6
133.27,45.8,233.53,111.93
117.27,212.2,157.8,369
162.07,174.87,206.87,219.67
136.47,147.13,212.2,212.2
97,1,231.4,76.733
58.6,273,106.6,327.4
138.6,220.73,225,318.87
162.07,1,214.33,60.733
122.6,107.67,199.4,154.6
97,21.267,163.13,76.733
216.47,205.8,274.07,325.27
114.07,1,231.4,60.733
115.13,408.47,158.87,511.93
138.6,220.73,215.4,305
97,27.667,163.13,76.733
164.2,223.93,204.73,306.07
114.07,1,165.27,44.733
127.93,1,248.47,105.53
249.53,330.6,311.4,505.53
207.93,154.6,249.53,214.33
239.93,332.73,307.13,511.93
136.47,166.33,193,211.13
33,1,120.47,93.8
198.33,1,264.47,84.2
