122.6,283.67,203.67,340.2
264.47,12.733,374.33,77.8
1,1,383.93,511.93
189.8,233.53,239.93,299.67
151.4,342.33,383.93,511.93
321,75.667,383.93,219.67
73.533,71.4,383.93,511.93
9.5333,79.933,99.133,191.93
86.333,11.667,383.93,235.67
88.467,177,383.93,511.93
232.47,342.33,383.93,511.93
294.33,233.53,383.93,498.07
1,333.8,311.4,511.93
78.867,1,383.93,196.2
1,85.267,104.47,193
102.33,361.53,317.8,511.93
101.27,138.6,319.93,343.4
1,1,383.93,341.27
1,1,383.93,242.07
1,1,99.133,132.2
1,1,383.93,343.4
1,259.13,72.467,340.2
310.33,468.2,351.93,511.93
1,341.27,67.133,511.93
316.73,71.4,367.93,111.93
148.2,12.733,383.93,511.93
1,169.53,65,275.13
66.067,75.667,383.93,511.93
1,85.267,156.73,340.2
259.13,77.8,327.4,171.67
101.27,399.93,164.2,511.93
78.867,27.667,324.2,201.53
1,136.47,311.4,341.27
52.2,75.667,383.93,511.93
1,338.07,317.8,511.93
243.13,163.13,323.13,284.73
264.47,12.733,374.33,78.867
1,1,383.93,130.07
313.53,343.4,372.2,511.93
82.067,9.5333,258.07,85.267
1,79.933,161,338.07
25.533,58.6,135.4,177
259.13,71.4,383.93,511.93
330.6,152.47,383.93,202.6
284.73,203.67,383.93,511.93
153.53,462.87,285.8,507.67
77.8,1,383.93,198.33
318.87,71.4,383.93,202.6
286.87,75.667,361.53,193
1,71.4,383.93,511.93
148.2,369,353,511.93
337,323.13,383.93,387.13
1,332.73,317.8,511.93
1,170.6,47.933,276.2
298.6,11.667,372.2,63.933
1,227.13,68.2,345.53
299.67,75.667,383.93,219.67
52.2,173.8,383.93,511.93
315.67,141.8,383.93,262.33
70.333,182.33,116.2,226.07
145,255.93,319.93,343.4
88.467,221.8,316.73,447.93
78.867,27.667,321,196.2
1,127.93,383.93,511.93
316.73,71.4,383.93,127.93
38.333,351.93,184.47,511.93
290.07,71.4,383.93,209
309.27,236.73,383.93,511.93
2.0667,263.4,60.733,337
81,1,383.93,235.67
68.2,1,383.93,126.87
251.67,82.067,322.07,235.67
1,190.87,326.33,511.93
1,1,209,341.27
286.87,12.733,383.93,511.93
230.33,11.667,383.93,508.73
139.67,418.07,308.2,511.93
1,1,134.33,276.2
179.13,1,383.93,136.47
164.2,465,285.8,511.93
77.8,39.4,324.2,198.33
1,94.867,104.47,341.27
81,1,383.93,95.933
1,339.13,383.93,511.93
66.067,174.87,383.93,511.93
251.67,82.067,323.13,235.67
1,1,263.4,341.27
1,103.4,67.133,269.8
1,94.867,91.667,267.67
1,340.2,316.73,511.93
191.93,229.27,319.93,338.07
49,127.93,383.93,511.93
199.4,419.13,286.87,466.07
69.267,15.933,297.53,123.67
135.4,57.533,223.93,151.4
1,1,170.6,341.27
1,15.933,297.53,242.07
1,267.67,194.07,511.93
275.13,187.67,324.2,294.33
159.93,17,264.47,118.33
1,1,383.93,132.2
1,219.67,316.73,511.93
298.6,10.6,383.93,86.333
99.133,27.667,184.47,123.67
243.13,163.13,307.13,219.67
73.533,180.2,383.93,511.93
1,10.6,55.4,132.2
1,102.33,63.933,189.8
88.467,215.4,299.67,271.93
49,127.93,319.93,340.2
230.33,11.667,383.93,327.4
1,94.867,91.667,341.27
103.4,185.53,237.8,252.73
164.2,465,308.2,511.93
52.2,211.13,214.33,356.2
265.53,402.07,313.53,482.07
306.07,71.4,383.93,264.47
1,1,135.4,271.93
1,267.67,316.73,511.93
277.27,38.333,338.07,178.07
331.67,261.27,383.93,351.93
277.27,38.333,383.93,262.33
310.33,436.2,353,511.93
1,342.33,194.07,511.93
1,146.07,109.8,338.07
259.13,5.2667,383.93,511.93
49,174.87,291.13,382.87
1,1,319.93,343.4
1,75.667,383.93,511.93
239.93,423.4,311.4,511.93
1,1,95.933,123.67
62.867,94.867,107.67,178.07
200.47,421.27,282.6,465
14.867,259.13,55.4,301.8
88.467,219.67,316.73,447.93
248.47,202.6,307.13,263.4
68.2,1,383.93,219.67
73.533,220.73,207.93,280.47
1,375.4,47.933,511.93
78.867,136.47,295.4,259.13
1,169.53,323.13,383.93
230.33,41.533,292.2,178.07
194.07,1,383.93,77.8
289,214.33,383.93,382.87
184.47,414.87,285.8,470.33
179.13,215.4,260.2,330.6
101.27,382.87,226.07,487.4
148.2,187.67,372.2,511.93
73.533,190.87,289,280.47
81,15.933,209,123.67
1,342.33,70.333,428.73
1,347.67,194.07,511.93
127.93,369,317.8,467.13
100.2,357.27,316.73,497
49,201.53,109.8,322.07
1,266.6,68.2,345.53
1,169.53,383.93,511.93
50.067,186.6,110.87,341.27
297.53,82.067,361.53,188.73
1,342.33,317.8,511.93
1,52.2,264.47,242.07
322.07,152.47,383.93,202.6
259.13,187.67,372.2,511.93
1,94.867,103.4,271.93
252.73,187.67,372.2,511.93
172.73,361.53,317.8,466.07
251.67,83.133,322.07,213.27
1,1,161,338.07
1,171.67,109.8,338.07
137.53,357.27,317.8,435.13
86.333,15.933,196.2,120.47
277.27,38.333,383.93,202.6
329.53,203.67,383.93,329.53
259.13,170.6,331.67,390.33
191.93,45.8,254.87,118.33
1,94.867,129,345.53
199.4,427.67,285.8,469.27
127.93,367.93,268.73,495.93
1,99.133,68.2,184.47
232.47,369,383.93,511.93
251.67,62.867,322.07,213.27
265.53,194.07,383.93,508.73
307.13,258.07,383.93,511.93
258.07,179.13,328.47,284.73
101.27,233.53,199.4,321
151.4,194.07,383.93,511.93
315.67,342.33,383.93,511.93
1,259.13,46.867,306.07
1,1,383.93,382.87
259.13,76.733,324.2,195.13
1,1,383.93,345.53
1,339.13,317.8,511.93
109.8,355.13,196.2,397.8
1,1,383.93,340.2
11.667,252.73,193,341.27
100.2,381.8,171.67,497
1,259.13,58.6,338.07
243.13,150.33,383.93,508.73
257,359.4,316.73,447.93
123.67,369,317.8,511.93
290.07,71.4,383.93,261.27
1,190.87,326.33,401
83.133,180.2,287.93,271.93
1,466.07,50.067,511.93
1,211.13,139.67,356.2
267.67,319.93,322.07,390.33
1,1,202.6,177
167.4,418.07,311.4,490.6
319.93,257,383.93,397.8
1,1,107.67,269.8
275.13,174.87,332.73,294.33
313.53,342.33,383.93,511.93
73.533,190.87,326.33,382.87
200.47,421.27,305,467.13
81,1,383.93,81
81,1,383.93,132.2
189.8,247.4,235.67,299.67
1,340.2,194.07,511.93
81,108.73,328.47,285.8
229.27,228.2,291.13,297.53
200.47,421.27,297.53,465
76.733,1,279.4,183.4
65,134.33,260.2,242.07
332.73,5.2667,383.93,77.8
277.27,61.8,338.07,178.07
77.8,1,383.93,205.8
66.067,267.67,271.93,364.73
1,211.13,261.27,356.2
333.8,217.53,383.93,326.33
302.87,12.733,383.93,326.33
68.2,1,383.93,213.27
1,342.33,110.87,408.47
52.2,173.8,366.87,356.2
193,1,383.93,79.933
1,285.8,291.13,401
198.33,412.73,298.6,467.13
265.53,347.67,346.6,508.73
259.13,170.6,383.93,511.93
232.47,378.6,318.87,511.93
1,94.867,161,338.07
1,242.07,68.2,345.53
135.4,33,264.47,194.07
275.13,11.667,383.93,109.8
1,333.8,260.2,465
265.53,214.33,383.93,508.73
77.8,41.533,297.53,197.27
42.6,1,99.133,95.933
1,14.867,56.467,123.67
305,351.93,383.93,511.93
264.47,5.2667,383.93,95.933
313.53,194.07,373.27,259.13
77.8,33,294.33,205.8
1,1,184.47,130.07
313.53,197.27,373.27,259.13
78.867,1,383.93,264.47
24.467,169.53,271.93,303.93
1,242.07,97,338.07
122.6,227.13,261.27,350.87
105.53,414.87,306.07,511.93
65,332.73,317.8,499.13
141.8,42.6,184.47,85.267
1,103.4,67.133,276.2
196.2,418.07,302.87,469.27
137.53,357.27,270.87,401
78.867,27.667,324.2,206.87
143.93,37.267,305,201.53
319.93,137.53,372.2,189.8
1,211.13,140.73,341.27
319.93,92.733,383.93,147.13
307.13,258.07,383.93,485.27
23.4,18.067,79.933,88.467
66.067,261.27,273,364.73
199.4,268.73,323.13,382.87
1,340.2,67.133,429.8
309.27,12.733,383.93,136.47
267.67,233.53,319.93,282.6
230.33,37.267,383.93,327.4
9.5333,79.933,99.133,132.2
300.73,77.8,360.47,187.67
1,1,311.4,341.27
153.53,462.87,306.07,511.93
1,1,202.6,345.53
259.13,83.133,322.07,186.6
52.2,211.13,139.67,356.2
263.4,468.2,308.2,511.93
113,185.53,220.73,242.07
122.6,227.13,241,340.2
167.4,466.07,273,511.93
49,174.87,273,364.73
81,1,332.73,85.267
137.53,414.87,198.33,497
127.93,377.53,311.4,469.27
290.07,71.4,383.93,293.27
1,1,209,177
86.333,15.933,317.8,123.67
78.867,135.4,220.73,242.07
24.467,169.53,110.87,268.73
122.6,254.87,213.27,340.2
191.93,193,253.8,268.73
82.067,15.933,209,123.67
232.47,369,353,511.93
321,194.07,375.4,259.13
331.67,261.27,383.93,511.93
118.33,185.53,200.47,239.93
230.33,37.267,282.6,125.8
38.333,397.8,117.27,511.93
77.8,124.73,170.6,183.4
1,87.4,94.867,340.2
170.6,41.533,280.47,129
249.53,244.2,326.33,326.33
1,210.07,261.27,356.2
105.53,414.87,217.53,511.93
86.333,11.667,383.93,123.67
77.8,41.533,297.53,201.53
77.8,1,383.93,235.67
145,294.33,209,341.27
70.333,182.33,129,244.2
1,1,263.4,196.2
300.73,12.733,372.2,77.8
1,269.8,63.933,340.2
88.467,197.27,299.67,275.13
1,465,44.733,511.93
332.73,301.8,383.93,351.93
106.6,38.333,152.47,121.53
258.07,219.67,323.13,284.73
302.87,71.4,383.93,186.6
1,228.2,46.867,306.07
1,1,135.4,177
300.73,5.2667,383.93,73.533
1,85.267,156.73,207.93
277.27,5.2667,383.93,326.33
1,83.133,99.133,132.2
81,12.733,230.33,123.67
110.87,407.4,194.07,511.93
286.87,174.87,332.73,294.33
312.47,248.47,383.93,511.93
78.867,27.667,324.2,205.8
325.27,75.667,383.93,185.53
175.93,193,222.87,239.93
225,462.87,285.8,511.93
159.93,17,317.8,92.733
259.13,316.73,322.07,390.33
1,127.93,129,345.53
61.8,252.73,193,340.2
81,27.667,164.2,124.73
148.2,378.6,353,511.93
1,94.867,103.4,268.73
148.2,414.87,217.53,501.27
66.067,285.8,291.13,401
1,259.13,55.4,325.27
65,339.13,383.93,511.93
222.87,108.73,328.47,285.8
277.27,5.2667,383.93,202.6
216.47,163.13,296.47,205.8
226.07,348.73,316.73,447.93
81,173.8,220.73,242.07
58.6,263.4,107.67,339.13
142.87,415.93,194.07,491.67
101.27,246.33,183.4,321
264.47,1,383.93,95.933
101.27,357.27,317.8,487.4
77.8,135.4,170.6,189.8
61.8,186.6,107.67,239.93
229.27,228.2,302.87,297.53
251.67,82.067,322.07,205.8
101.27,460.73,169.53,511.93
332.73,287.93,383.93,329.53
279.4,177,383.93,511.93
170.6,361.53,317.8,487.4
306.07,152.47,383.93,279.4
77.8,33,324.2,205.8
78.867,136.47,311.4,333.8
333.8,29.8,374.33,75.667
179.13,1,383.93,52.2
1,228.2,58.6,338.07
1,139.67,67.133,268.73
267.67,170.6,331.67,353
97,333.8,260.2,375.4
101.27,369,317.8,511.93
106.6,42.6,185.53,132.2
286.87,12.733,383.93,279.4
68.2,11.667,383.93,126.87
311.4,406.33,353,511.93
151.4,462.87,308.2,511.93
101.27,225,217.53,321
133.27,34.067,264.47,135.4
332.73,287.93,376.47,329.53
259.13,71.4,383.93,327.4
1,94.867,91.667,276.2
306.07,236.73,366.87,291.13
145,374.33,303.93,421.27
1,85.267,124.73,207.93
1,1,188.73,130.07
1,169.53,271.93,303.93
81,1,383.93,264.47
62.867,335.93,316.73,470.33
49,127.93,292.2,340.2
181.27,229.27,274.07,307.13
325.27,253.8,380.73,314.6
153.53,462.87,285.8,511.93
52.2,211.13,203.67,356.2
66.067,286.87,291.13,401
1,94.867,94.867,277.27
77.8,1,383.93,262.33
1,87.4,291.13,382.87
243.13,163.13,383.93,382.87
1,242.07,68.2,338.07
50.067,94.867,161,305
290.07,20.2,383.93,109.8
88.467,221.8,235.67,271.93
294.33,233.53,346.6,351.93
120.47,138.6,296.47,243.13
294.33,233.53,346.6,386.07
82.067,15.933,209,104.47
141.8,180.2,383.93,511.93
243.13,163.13,383.93,508.73
101.27,399.93,164.2,481
38.333,351.93,223.93,511.93
142.87,274.07,322.07,390.33
294.33,233.53,383.93,511.93
122.6,180.2,189.8,233.53
99.133,27.667,184.47,104.47
1,169.53,72.467,340.2
81,12.733,230.33,132.2
88.467,221.8,235.67,287.93
73.533,190.87,323.13,382.87
38.333,397.8,133.27,511.93
302.87,12.733,383.93,147.13
1,103.4,62.867,194.07
78.867,42.6,262.33,196.2
312.47,236.73,383.93,511.93
81,173.8,215.4,242.07
290.07,57.533,363.67,109.8
321,143.93,383.93,209
330.6,261.27,380.73,314.6
81,1,383.93,54.333
101.27,361.53,317.8,511.93
259.13,233.53,346.6,390.33
198.33,312.47,322.07,380.73
300.73,11.667,374.33,76.733
197.27,227.13,239.93,269.8
141.8,462.87,308.2,511.93
143.93,418.07,194.07,491.67
151.4,463.93,309.27,511.93
50.067,186.6,110.87,305
239.93,340.2,292.2,381.8
132.2,67.133,262.33,194.07
115.13,54.333,165.27,123.67
65,339.13,317.8,511.93
68.2,1,279.4,183.4
50.067,127.93,129,341.27
279.4,180.2,330.6,285.8
88.467,225,161,267.67
68.2,1,383.93,285.8
249.53,244.2,312.47,301.8
1,169.53,63.933,340.2
182.33,228.2,323.13,383.93
252.73,36.2,307.13,92.733
194.07,414.87,306.07,470.33
315.67,194.07,372.2,259.13
49,174.87,165.27,339.13
65,332.73,274.07,378.6
306.07,181.27,373.27,264.47
315.67,196.2,373.27,262.33
232.47,378.6,326.33,511.93
62.867,347.67,264.47,407.4
127.93,367.93,296.47,447.93
127.93,377.53,265.53,497
139.67,348.73,353,511.93
82.067,27.667,184.47,85.267
321,152.47,373.27,201.53
101.27,138.6,302.87,330.6
277.27,38.333,321,95.933
1,266.6,63.933,345.53
66.067,174.87,383.93,364.73
69.267,15.933,297.53,120.47
319.93,351.93,372.2,511.93
106.6,38.333,152.47,124.73
159.93,17,317.8,83.133
211.13,179.13,366.87,291.13
88.467,221.8,303.93,353
101.27,233.53,217.53,321
1,60.733,49,130.07
226.07,348.73,353,511.93
81,15.933,297.53,120.47
142.87,274.07,303.93,353
59.667,58.6,135.4,177
68.2,58.6,135.4,177
250.6,79.933,321,201.53
11.667,141.8,67.133,267.67
259.13,194.07,372.2,511.93
179.13,193,287.93,330.6
199.4,419.13,298.6,467.13
53.267,194.07,93.8,264.47
182.33,418.07,268.73,475.67
1,1,134.33,177
312.47,345.53,383.93,511.93
77.8,41.533,297.53,194.07
1,146.07,123.67,338.07
248.47,214.33,307.13,263.4
222.87,142.87,309.27,219.67
139.67,302.87,211.13,344.47
58.6,182.33,116.2,339.13
83.133,174.87,383.93,343.4
70.333,174.87,165.27,244.2
122.6,357.27,231.4,439.4
286.87,12.733,383.93,186.6
194.07,11.667,372.2,63.933
1,267.67,184.47,358.33
88.467,225,136.47,267.67
194.07,414.87,285.8,466.07
142.87,274.07,193,331.67
122.6,15.933,306.07,81
65,134.33,124.73,207.93
294.33,233.53,383.93,385
199.4,421.27,280.47,467.13
325.27,236.73,372.2,286.87
50.067,127.93,111.93,341.27
297.53,143.93,383.93,259.13
78.867,137.53,120.47,179.13
83.133,174.87,383.93,329.53
290.07,11.667,383.93,109.8
275.13,11.667,374.33,92.733
77.8,41.533,292.2,194.07
1,94.867,170.6,341.27
1,146.07,193,341.27
277.27,5.2667,383.93,178.07
101.27,453.27,143.93,511.93
264.47,37.267,321,95.933
122.6,407.4,188.73,499.13
200.47,421.27,305,468.2
300.73,77.8,361.53,193
127.93,190.87,245.27,257
137.53,418.07,195.13,497
121.53,374.33,311.4,497
1,341.27,223.93,511.93
101.27,399.93,164.2,501.27
139.67,418.07,307.13,511.93
1,341.27,184.47,511.93
99.133,27.667,184.47,85.267
289,214.33,383.93,353
50.067,94.867,150.33,305
68.2,27.667,165.27,124.73
88.467,197.27,299.67,271.93
38.333,437.27,98.067,511.93
60.733,173.8,227.13,303.93
127.93,382.87,226.07,463.93
65,134.33,220.73,242.07
300.73,5.2667,383.93,79.933
1,338.07,63.933,381.8
167.4,427.67,308.2,490.6
181.27,229.27,319.93,338.07
332.73,301.8,383.93,396.73
199.4,228.2,323.13,382.87
127.93,407.4,194.07,495.93
137.53,443.67,187.67,497
263.4,423.4,311.4,511.93
1,87.4,94.867,277.27
198.33,233.53,383.93,511.93
83.133,174.87,332.73,314.6
339.13,342.33,383.93,511.93
1,52.2,264.47,194.07
23.4,30.867,63.933,85.267
77.8,135.4,158.87,181.27
127.93,190.87,289,257
232.47,378.6,318.87,420.2
1,1,95.933,88.467
221.8,186.6,271.93,237.8
1,113,66.067,269.8
243.13,163.13,328.47,284.73
1,83.133,99.133,140.73
78.867,67.133,262.33,196.2
83.133,180.2,287.93,314.6
259.13,37.267,312.47,78.867
1,333.8,260.2,397.8
331.67,261.27,383.93,387.13
145,294.33,271.93,341.27
286.87,71.4,383.93,186.6
275.13,187.67,322.07,294.33
1,263.4,67.133,341.27
266.6,364.73,316.73,447.93
199.4,421.27,306.07,467.13
305,194.07,375.4,259.13
139.67,461.8,273,511.93
197.27,311.4,291.13,382.87
309.27,5.2667,383.93,73.533
66.067,337,274.07,381.8
90.6,252.73,191.93,313.53
306.07,152.47,383.93,264.47
109.8,229.27,319.93,338.07
325.27,204.73,383.93,329.53
331.67,261.27,383.93,329.53
81,1,332.73,60.733
193,1,383.93,44.733
1,169.53,49,269.8
239.93,423.4,350.87,511.93
1,99.133,68.2,271.93
313.53,197.27,383.93,327.4
1,227.13,97,338.07
88.467,221.8,210.07,271.93
294.33,233.53,383.93,351.93
81,15.933,306.07,81
222.87,142.87,328.47,285.8
107.67,355.13,259.13,407.4
286.87,170.6,331.67,353
212.2,255.93,319.93,343.4
68.2,27.667,164.2,124.73
300.73,88.467,360.47,187.67
300.73,12.733,383.93,136.47
325.27,238.87,372.2,286.87
294.33,233.53,383.93,380.73
199.4,228.2,326.33,382.87
303.93,12.733,374.33,76.733
59.667,351.93,223.93,446.87
81,165.27,247.4,242.07
43.667,381.8,194.07,511.93
174.87,9.5333,258.07,51.133
122.6,26.6,184.47,104.47
279.4,177,350.87,286.87
286.87,152.47,383.93,279.4
139.67,461.8,306.07,511.93
232.47,378.6,353,511.93
61.8,171.67,109.8,302.87
200.47,227.13,241,269.8
313.53,194.07,383.93,327.4
331.67,261.27,376.47,329.53
52.2,179.13,366.87,356.2
172.73,369,317.8,414.87
1,129,59.667,269.8
142.87,284.73,279.4,345.53
184.47,215.4,319.93,343.4
1,129,59.667,237.8
68.2,1,383.93,183.4
319.93,322.07,383.93,398.87
265.53,390.33,315.67,482.07
81,1,209,123.67
102.33,407.4,188.73,511.93
122.6,283.67,194.07,340.2
122.6,26.6,184.47,76.733
146.07,335.93,316.73,388.2
66.067,337,274.07,401
103.4,171.67,292.2,248.47
1,340.2,267.67,511.93
83.133,174.87,383.93,331.67
311.4,20.2,383.93,79.933
277.27,54.333,338.07,178.07
316.73,248.47,383.93,424.47
316.73,71.4,383.93,136.47
106.6,39.4,149.27,135.4
122.6,286.87,211.13,344.47
151.4,188.73,215.4,242.07
329.53,203.67,383.93,327.4
1,14.867,56.467,107.67
259.13,77.8,322.07,171.67
239.93,423.4,353,511.93
148.2,462.87,308.2,511.93
267.67,319.93,319.93,380.73
194.07,1,383.93,86.333
121.53,215.4,299.67,268.73
321,75.667,383.93,204.73
66.067,337,273,379.67
191.93,229.27,260.2,307.13
324.2,322.07,383.93,485.27
179.13,1,383.93,78.867
199.4,421.27,283.67,467.13
317.8,88.467,360.47,140.73
209,462.87,308.2,511.93
109.8,257,193,305
126.87,380.73,223.93,436.2
284.73,258.07,383.93,511.93
36.2,94.867,170.6,244.2
50.067,183.4,110.87,341.27
65,339.13,273,439.4
132.2,27.667,292.2,196.2
332.73,5.2667,383.93,73.533
174.87,14.867,230.33,61.8
49,180.2,117.27,339.13
1,266.6,68.2,338.07
329.53,204.73,383.93,329.53
60.733,182.33,227.13,303.93
61.8,94.867,103.4,142.87
305,257,383.93,511.93
230.33,37.267,383.93,204.73
265.53,419.13,311.4,482.07
199.4,228.2,295.4,337
40.467,357.27,178.07,511.93
57.533,94.867,103.4,191.93
198.33,418.07,305,468.2
321,142.87,383.93,204.73
1,266.6,43.667,323.13
278.33,321,322.07,390.33
305,194.07,375.4,261.27
198.33,233.53,383.93,498.07
305,253.8,383.93,511.93
50.067,127.93,110.87,341.27
66.067,289,236.73,358.33
259.13,194.07,346.6,390.33
108.73,227.13,239.93,273
50.067,94.867,110.87,305
243.13,163.13,315.67,243.13
216.47,270.87,307.13,333.8
314.6,90.6,361.53,149.27
1,255.93,68.2,338.07
1,1,94.867,269.8
99.133,27.667,166.33,76.733
130.07,286.87,186.6,330.6
182.33,1,383.93,86.333
101.27,193,302.87,330.6
232.47,369,326.33,511.93
122.6,382.87,226.07,481
319.93,351.93,383.93,511.93
143.93,37.267,296.47,201.53
108.73,260.2,197.27,303.93
204.73,193,252.73,244.2
148.2,468.2,264.47,511.93
164.2,41.533,324.2,198.33
302.87,22.333,383.93,108.73
142.87,284.73,263.4,338.07
157.8,30.867,282.6,126.87
1,333.8,311.4,469.27
199.4,289,295.4,371.13
35.133,211.13,139.67,356.2
170.6,251.67,214.33,300.73
148.2,455.4,308.2,511.93
88.467,357.27,316.73,511.93
277.27,38.333,360.47,187.67
263.4,425.53,311.4,511.93
307.13,72.467,383.93,185.53
317.8,90.6,360.47,140.73
91.667,261.27,178.07,341.27
197.27,311.4,275.13,351.93
1,1,94.867,130.07
164.2,73.533,226.07,116.2
13.8,259.13,55.4,306.07
296.47,71.4,383.93,185.53
86.333,15.933,196.2,123.67
330.6,154.6,383.93,202.6
142.87,177,383.93,511.93
31.933,1,94.867,110.87
86.333,15.933,264.47,120.47
204.73,93.8,263.4,159.93
82.067,27.667,162.07,79.933
127.93,367.93,306.07,470.33
81,15.933,264.47,120.47
198.33,312.47,319.93,380.73
137.53,42.6,184.47,104.47
209,422.33,297.53,468.2
294.33,233.53,340.2,354.07
102.33,407.4,204.73,511.93
1,342.33,184.47,511.93
76.733,137.53,136.47,182.33
329.53,257,383.93,329.53
61.8,183.4,109.8,302.87
88.467,381.8,194.07,511.93
101.27,399.93,164.2,487.4
76.733,437.27,119.4,511.93
106.6,42.6,194.07,132.2
38.333,355.13,194.07,511.93
141.8,420.2,311.4,511.93
78.867,27.667,292.2,200.47
142.87,274.07,279.4,353
164.2,41.533,307.13,198.33
1,342.33,63.933,408.47
102.33,374.33,311.4,497
199.4,289,242.07,338.07
191.93,15.933,302.87,60.733
179.13,193,302.87,330.6
1,169.53,49,248.47
281.53,109.8,324.2,175.93
88.467,225,129,267.67
191.93,193,287.93,268.73
142.87,251.67,214.33,314.6
1,333.8,270.87,465
251.67,140.73,301.8,205.8
69.267,31.933,149.27,85.267
1,1,94.867,141.8
202.6,38.333,281.53,157.8
130.07,286.87,186.6,338.07
1,170.6,47.933,269.8
102.33,357.27,317.8,499.13
59.667,351.93,223.93,491.67
103.4,189.8,292.2,248.47
14.867,1,72.467,60.733
309.27,12.733,372.2,77.8
78.867,27.667,292.2,196.2
198.33,417,298.6,467.13
78.867,175.93,237.8,252.73
1,340.2,70.333,511.93
262.33,390.33,315.67,487.4
73.533,193,227.13,283.67
1,375.4,47.933,476.73
81,12.733,196.2,123.67
189.8,95.933,263.4,196.2
151.4,188.73,220.73,242.07
329.53,204.73,383.93,327.4
329.53,71.4,383.93,186.6
212.2,47.933,254.87,107.67
88.467,457.53,137.53,511.93
25.533,50.067,135.4,177
202.6,45.8,278.33,126.87
323.13,322.07,383.93,385
329.53,257,380.73,327.4
322.07,5.2667,383.93,73.533
108.73,339.13,273,439.4
315.67,122.6,383.93,326.33
120.47,180.2,222.87,243.13
68.2,27.667,165.27,85.267
67.133,282.6,139.67,340.2
198.33,215.4,299.67,265.53
279.4,177,331.67,285.8
151.4,462.87,351.93,511.93
332.73,150.33,383.93,214.33
52.2,211.13,108.73,303.93
132.2,61.8,292.2,196.2
264.47,37.267,312.47,77.8
206.87,93.8,264.47,196.2
42.6,18.067,99.133,95.933
49,201.53,109.8,339.13
263.4,466.07,308.2,511.93
302.87,12.733,383.93,136.47
258.07,108.73,298.6,173.8
198.33,418.07,285.8,468.2
122.6,282.6,203.67,340.2
164.2,27.667,264.47,116.2
123.67,419.13,308.2,511.93
1,282.6,60.733,337
106.6,33,163.13,123.67
49,127.93,193,340.2
60.733,94.867,103.4,175.93
78.867,135.4,156.73,187.67
277.27,38.333,383.93,187.67
127.93,382.87,226.07,437.27
316.73,71.4,367.93,127.93
90.6,267.67,170.6,338.07
78.867,135.4,215.4,242.07
79.933,1,200.47,55.4
257,359.4,316.73,417
83.133,183.4,123.67,237.8
82.067,135.4,156.73,187.67
1,87.4,92.733,138.6
302.87,77.8,361.53,170.6
211.13,186.6,271.93,257
173.8,66.067,232.47,117.27
164.2,140.73,264.47,198.33
1,379.67,127.93,511.93
230.33,37.267,322.07,182.33
1,1,65,77.8
81,27.667,164.2,81
127.93,369,317.8,437.27
1,266.6,67.133,341.27
302.87,190.87,366.87,291.13
103.4,177,292.2,248.47
88.467,225,136.47,271.93
198.33,417,306.07,467.13
1,1,134.33,130.07
302.87,71.4,367.93,139.67
129,221.8,210.07,268.73
58.6,263.4,133.27,341.27
287.93,194.07,332.73,294.33
172.73,361.53,317.8,487.4
62.867,335.93,316.73,407.4
73.533,186.6,271.93,303.93
212.2,255.93,311.4,343.4
199.4,268.73,275.13,337
1,345.53,133.27,511.93
29.8,1,77.8,106.6
76.733,137.53,121.53,180.2
91.667,124.73,170.6,183.4
218.6,228.2,295.4,285.8
66.067,261.27,266.6,358.33
49,183.4,109.8,339.13
172.73,263.4,216.47,314.6
36.2,94.867,94.867,190.87
143.93,37.267,292.2,201.53
1,223.93,87.4,338.07
204.73,193,253.8,244.2
173.8,41.533,294.33,136.47
199.4,421.27,306.07,468.2
1,129,59.667,277.27
321,150.33,383.93,214.33
193,1,332.73,44.733
57.533,228.2,100.2,300.73
297.53,143.93,383.93,327.4
184.47,284.73,263.4,338.07
127.93,381.8,222.87,497
83.133,174.87,150.33,237.8
259.13,97,322.07,186.6
259.13,37.267,312.47,77.8
264.47,37.267,312.47,78.867
88.467,381.8,171.67,511.93
1,342.33,63.933,473.53
299.67,79.933,383.93,204.73
177,17,317.8,65
62.867,357.27,173.8,404.2
12.733,347.67,70.333,466.07
68.2,26.6,170.6,85.267
142.87,274.07,302.87,371.13
329.53,259.13,383.93,327.4
1,55.4,134.33,165.27
332.73,158.87,383.93,214.33
322.07,71.4,383.93,202.6
49,127.93,117.27,339.13
319.93,97,360.47,140.73
253.8,46.867,313.53,136.47
203.67,219.67,248.47,265.53
243.13,163.13,301.8,205.8
77.8,45.8,264.47,194.07
25.533,161,67.133,259.13
189.8,191.93,237.8,248.47
90.6,357.27,194.07,409.53
122.6,180.2,287.93,268.73
50.067,183.4,110.87,305
248.47,180.2,330.6,285.8
1,14.867,99.133,132.2
167.4,27.667,281.53,157.8
225,462.87,308.2,511.93
303.93,12.733,383.93,134.33
60.733,357.27,178.07,405.27
167.4,420.2,311.4,490.6
1,466.07,41.533,511.93
164.2,41.533,294.33,198.33
142.87,419.13,193,477.8
91.667,34.067,264.47,183.4
298.6,10.6,375.4,76.733
199.4,289,302.87,371.13
132.2,67.133,262.33,196.2
60.733,182.33,227.13,283.67
296.47,71.4,383.93,209
191.93,229.27,277.27,307.13
211.13,179.13,328.47,284.73
110.87,185.53,220.73,242.07
90.6,459.67,133.27,511.93
66.067,289,271.93,364.73
325.27,203.67,383.93,327.4
164.2,27.667,321,175.93
76.733,24.467,264.47,183.4
81,31.933,149.27,81
66.067,183.4,109.8,302.87
191.93,60.733,254.87,118.33
1,211.13,133.27,341.27
287.93,194.07,331.67,353
83.133,183.4,199.4,271.93
1,53.267,50.067,130.07
324.2,333.8,383.93,380.73
1,341.27,62.867,399.93
102.33,380.73,223.93,499.13
322.07,145,383.93,255.93
143.93,37.267,285.8,201.53
24.467,169.53,65,268.73
248.47,197.27,307.13,263.4
68.2,27.667,164.2,85.267
314.6,28.733,374.33,76.733
259.13,319.93,322.07,390.33
164.2,73.533,263.4,196.2
100.2,357.27,298.6,497
68.2,201.53,109.8,302.87
206.87,88.467,307.13,196.2
66.067,289,184.47,358.33
139.67,466.07,273,511.93
1,340.2,173.8,511.93
184.47,215.4,291.13,318.87
76.733,22.333,279.4,183.4
1,87.4,94.867,141.8
120.47,193,220.73,242.07
2.0667,242.07,62.867,337
122.6,274.07,203.67,340.2
228.2,136.47,295.4,239.93
1,366.87,53.267,511.93
117.27,271.93,170.6,338.07
47.933,55.4,134.33,177
1,353,47.933,511.93
1,113,66.067,277.27
191.93,60.733,247.4,118.33
230.33,41.533,322.07,182.33
120.47,163.13,296.47,243.13
62.867,401,117.27,441.53
238.87,142.87,309.27,213.27
91.667,24.467,264.47,183.4
135.4,33,264.47,151.4
60.733,94.867,103.4,212.2
116.2,174.87,165.27,228.2
236.73,41.533,280.47,82.067
207.93,466.07,276.2,511.93
191.93,229.27,319.93,333.8
81,12.733,196.2,60.733
238.87,461.8,308.2,511.93
101.27,357.27,317.8,497
117.27,407.4,188.73,511.93
1,342.33,173.8,465
142.87,294.33,194.07,337
259.13,316.73,319.93,380.73
142.87,274.07,279.4,345.53
107.67,355.13,264.47,407.4
127.93,367.93,268.73,447.93
77.8,39.4,231.4,194.07
88.467,457.53,158.87,511.93
329.53,257,380.73,314.6
145,374.33,268.73,421.27
1,259.13,63.933,340.2
151.4,228.2,323.13,382.87
248.47,180.2,383.93,511.93
69.267,59.667,134.33,165.27
184.47,215.4,302.87,318.87
68.2,186.6,110.87,277.27
279.4,180.2,328.47,285.8
1,139.67,56.467,197.27
56.467,280.47,100.2,341.27
324.2,333.8,383.93,382.87
159.93,29.8,264.47,83.133
135.4,33,294.33,198.33
1,263.4,58.6,338.07
130.07,195.13,202.6,242.07
1,259.13,55.4,317.8
122.6,26.6,209,104.47
81,173.8,187.67,241
258.07,226.07,305,268.73
279.4,177,350.87,285.8
24.467,94.867,170.6,266.6
310.33,23.4,374.33,76.733
1,98.067,68.2,150.33
266.6,364.73,316.73,415.93
13.8,246.33,63.933,317.8
132.2,60.733,185.53,132.2
90.6,357.27,184.47,409.53
248.47,180.2,330.6,301.8
122.6,180.2,222.87,239.93
157.8,11.667,383.93,126.87
309.27,28.733,371.13,77.8
2.0667,285.8,68.2,338.07
184.47,427.67,308.2,490.6
1,340.2,70.333,474.6
151.4,280.47,225,330.6
311.4,29.8,374.33,75.667
146.07,335.93,271.93,376.47
90.6,265.53,193,340.2
290.07,43.667,363.67,109.8
195.13,157.8,259.13,198.33
157.8,24.467,209,83.133
290.07,57.533,383.93,109.8
139.67,466.07,307.13,511.93
73.533,193,227.13,303.93
56.467,267.67,184.47,358.33
129,355.13,259.13,407.4
127.93,357.27,298.6,495.93
24.467,169.53,107.67,266.6
49,174.87,220.73,339.13
299.67,75.667,383.93,204.73
110.87,231.4,199.4,271.93
36.2,94.867,170.6,190.87
246.33,136.47,295.4,205.8
332.73,20.2,383.93,79.933
321,141.8,383.93,214.33
130.07,194.07,215.4,242.07
310.33,10.6,375.4,76.733
302.87,77.8,350.87,139.67
1,1,135.4,130.07
1,269.8,66.067,340.2
1,14.867,55.4,132.2
1,342.33,59.667,428.73
24.467,169.53,67.133,268.73
1,345.53,70.333,511.93
100.2,381.8,171.67,471.4
271.93,397.8,314.6,511.93
212.2,37.267,285.8,159.93
315.67,199.4,372.2,259.13
94.867,261.27,178.07,317.8
137.53,358.33,194.07,401
191.93,229.27,274.07,307.13
102.33,357.27,231.4,499.13
157.8,30.867,209,83.133
337,323.13,383.93,498.07
121.53,407.4,194.07,497
90.6,267.67,153.53,321
59.667,351.93,184.47,446.87
300.73,33,362.6,76.733
66.067,286.87,274.07,401
139.67,85.267,231.4,194.07
299.67,79.933,366.87,188.73
194.07,215.4,277.27,318.87
151.4,463.93,351.93,511.93
2.0667,269.8,62.867,337
172.73,369,317.8,417
212.2,37.267,285.8,201.53
101.27,246.33,183.4,302.87
194.07,11.667,383.93,108.73
95.933,130.07,168.47,196.2
78.867,130.07,168.47,196.2
323.13,262.33,383.93,485.27
77.8,57.533,231.4,194.07
326.33,322.07,383.93,485.27
1,1,99.133,95.933
182.33,247.4,235.67,317.8
57.533,211.13,108.73,300.73
1,430.87,47.933,474.6
90.6,267.67,209,341.27
191.93,15.933,306.07,76.733
230.33,41.533,292.2,145
243.13,163.13,307.13,236.73
151.4,462.87,309.27,511.93
309.27,35.133,371.13,77.8
133.27,59.667,263.4,196.2
66.067,251.67,273,364.73
204.73,193,287.93,244.2
40.467,357.27,184.47,511.93
286.87,179.13,328.47,219.67
155.67,35.133,223.93,81
122.6,26.6,264.47,81
250.6,79.933,324.2,201.53
49,182.33,116.2,339.13
252.73,138.6,298.6,179.13
56.467,289,184.47,358.33
265.53,202.6,307.13,263.4
1,146.07,67.133,267.67
309.27,12.733,371.13,77.8
127.93,381.8,193,435.13
319.93,92.733,360.47,140.73
313.53,197.27,373.27,258.07
2.0667,265.53,60.733,337
61.8,267.67,139.67,356.2
239.93,423.4,331.67,511.93
139.67,466.07,276.2,511.93
324.2,121.53,383.93,186.6
289,214.33,383.93,342.33
228.2,194.07,294.33,239.93
60.733,182.33,110.87,244.2
73.533,218.6,207.93,280.47
199.4,421.27,302.87,468.2
151.4,462.87,285.8,511.93
164.2,27.667,281.53,157.8
289,214.33,383.93,380.73
109.8,228.2,326.33,382.87
228.2,136.47,295.4,259.13
40.467,351.93,184.47,511.93
181.27,229.27,311.4,333.8
1,341.27,62.867,511.93
39.4,223.93,87.4,338.07
159.93,29.8,264.47,118.33
302.87,77.8,355.13,170.6
216.47,270.87,279.4,333.8
317.8,322.07,383.93,424.47
69.267,55.4,134.33,165.27
61.8,282.6,102.33,339.13
200.47,422.33,302.87,468.2
1,374.33,47.933,447.93
122.6,382.87,226.07,487.4
200.47,421.27,286.87,465
77.8,52.2,264.47,194.07
109.8,355.13,260.2,397.8
106.6,39.4,161,135.4
102.33,407.4,188.73,499.13
122.6,26.6,223.93,81
31.933,1,135.4,130.07
76.733,137.53,121.53,178.07
127.93,382.87,315.67,437.27
107.67,355.13,267.67,407.4
228.2,194.07,292.2,234.6
1,1,73.533,130.07
167.4,27.667,278.33,126.87
1,98.067,68.2,183.4
157.8,24.467,307.13,126.87
1,342.33,194.07,409.53
1,347.67,70.333,511.93
38.333,401,194.07,511.93
22.333,5.2667,79.933,88.467
62.867,350.87,173.8,404.2
309.27,35.133,371.13,76.733
25.533,79.933,99.133,120.47
296.47,71.4,361.53,173.8
17,1,65,77.8
61.8,186.6,107.67,245.27
50.067,201.53,109.8,322.07
1,102.33,63.933,183.4
153.53,462.87,258.07,504.47
58.6,211.13,108.73,339.13
97,333.8,268.73,389.27
153.53,462.87,264.47,507.67
142.87,418.07,194.07,477.8
1,374.33,311.4,511.93
92.733,135.4,156.73,187.67
302.87,55.4,363.67,108.73
117.27,289,170.6,338.07
266.6,364.73,316.73,417
127.93,381.8,193,497
170.6,247.4,235.67,317.8
1,380.73,51.133,473.53
127.93,377.53,222.87,497
1,333.8,268.73,389.27
153.53,462.87,258.07,507.67
199.4,421.27,305,469.27
1,99.133,68.2,197.27
1,246.33,63.933,325.27
267.67,387.13,315.67,447.93
221.8,197.27,289,250.6
167.4,27.667,281.53,126.87
151.4,465,285.8,511.93
194.07,215.4,291.13,318.87
88.467,225,143.93,271.93
18.067,5.2667,63.933,85.267
202.6,46.867,278.33,126.87
230.33,67.133,280.47,126.87
1,380.73,51.133,511.93
62.867,355.13,173.8,431.93
216.47,252.73,311.4,333.8
142.87,418.07,194.07,491.67
1,363.67,47.933,511.93
294.33,233.53,359.4,380.73
129,355.13,264.47,407.4
286.87,177,331.67,353
199.4,419.13,298.6,466.07
132.2,46.867,194.07,132.2
137.53,54.333,184.47,104.47
137.53,31.933,184.47,104.47
157.8,30.867,307.13,126.87
225,466.07,276.2,511.93
79.933,130.07,168.47,196.2
127.93,357.27,268.73,495.93
184.47,284.73,302.87,371.13
90.6,265.53,170.6,340.2
312.47,345.53,367.93,511.93
120.47,180.2,222.87,239.93
310.33,460.73,353,509.8
311.4,22.333,383.93,77.8
109.8,247.4,235.67,317.8
148.2,84.2,241,191.93
1,342.33,178.07,408.47
228.2,194.07,292.2,239.93
322.07,145,383.93,214.33
1,333.8,263.4,465
253.8,61.8,321,175.93
36.2,124.73,170.6,190.87
1,55.4,134.33,177
315.67,194.07,373.27,259.13
122.6,286.87,186.6,338.07
319.93,122.6,372.2,189.8
66.067,337,270.87,379.67
172.73,369,317.8,435.13
142.87,194.07,200.47,235.67
18.067,5.2667,79.933,88.467
231.4,38.333,281.53,106.6
167.4,27.667,264.47,116.2
199.4,289,263.4,338.07
47.933,94.867,91.667,172.73
1,379.67,57.533,511.93
2.0667,285.8,62.867,337
203.67,215.4,299.67,265.53
300.73,137.53,354.07,187.67
319.93,122.6,383.93,326.33
296.47,71.4,383.93,327.4
212.2,37.267,282.6,125.8
123.67,443.67,308.2,511.93
70.333,182.33,129,242.07
196.2,418.07,280.47,469.27
246.33,149.27,295.4,205.8
89.533,457.53,137.53,511.93
319.93,122.6,383.93,255.93
89.533,457.53,158.87,511.93
260.2,88.467,307.13,195.13
36.2,131.13,121.53,190.87
253.8,46.867,295.4,136.47
65,285.8,133.27,341.27
57.533,211.13,133.27,341.27
266.6,279.4,323.13,382.87
1,380.73,135.4,511.93
1,430.87,47.933,511.93
202.6,38.333,281.53,126.87
321,143.93,383.93,259.13
122.6,399.93,164.2,481
333.8,271.93,383.93,326.33
77.8,33,294.33,198.33
135.4,57.533,231.4,194.07
18.067,4.2,79.933,88.467
314.6,29.8,374.33,76.733
18.067,1,95.933,88.467
229.27,252.73,277.27,297.53
130.07,193,220.73,242.07
103.4,189.8,189.8,242.07
253.8,46.867,324.2,175.93
22.333,9.5333,63.933,59.667
23.4,161,67.133,267.67
1,413.8,51.133,511.93
1,1,65,41.533
58.6,263.4,107.67,322.07
62.867,347.67,173.8,404.2
122.6,26.6,177,76.733
315.67,196.2,373.27,259.13
253.8,279.4,323.13,382.87
247.4,215.4,299.67,262.33
225,466.07,273,511.93
43.667,394.6,133.27,511.93
40.467,397.8,119.4,511.93
226.07,348.73,335.93,484.2
109.8,257,181.27,313.53
1,338.07,107.67,381.8
1,380.73,119.4,511.93
199.4,421.27,298.6,467.13
1,1,72.467,130.07
1,174.87,46.867,271.93
175.93,191.93,292.2,248.47
257,252.73,311.4,294.33
181.27,284.73,263.4,338.07
90.6,252.73,193,339.13
127.93,382.87,296.47,437.27
120.47,194.07,215.4,242.07
306.07,82.067,361.53,173.8
103.4,203.67,187.67,252.73
212.2,37.267,282.6,159.93
194.07,215.4,260.2,318.87
47.933,94.867,91.667,150.33
1,340.2,173.8,429.8
148.2,84.2,263.4,196.2
316.73,71.4,383.93,111.93
199.4,421.27,297.53,468.2
1,379.67,119.4,511.93
145,374.33,311.4,435.13
154.6,194.07,215.4,242.07
181.27,229.27,277.27,307.13
118.33,185.53,237.8,248.47
1,233.53,63.933,325.27
200.47,422.33,270.87,463.93
103.4,189.8,148.2,242.07
23.4,141.8,67.133,267.67
103.4,189.8,187.67,242.07
49,228.2,91.667,300.73
22.333,5.2667,63.933,59.667
300.73,121.53,354.07,187.67
211.13,142.87,251.67,183.4
69.267,55.4,134.33,177
164.2,157.8,259.13,198.33
324.2,322.07,383.93,363.67
164.2,88.467,307.13,198.33
186.6,93.8,263.4,159.93
253.8,322.07,307.13,379.67
90.6,257,181.27,313.53
127.93,190.87,323.13,382.87
77.8,135.4,170.6,181.27
1,129,59.667,193
175.93,191.93,233.53,248.47
1,259.13,55.4,305
127.93,381.8,194.07,435.13
61.8,282.6,139.67,340.2
127.93,374.33,311.4,497
133.27,59.667,226.07,135.4
1,161,67.133,267.67
249.53,244.2,326.33,382.87
259.13,82.067,324.2,195.13
157.8,30.867,264.47,83.133
109.8,257,181.27,305
142.87,286.87,186.6,330.6
13.8,14.867,56.467,107.67
175.93,193,222.87,248.47
127.93,377.53,231.4,435.13
123.67,443.67,187.67,511.93
1,333.8,260.2,375.4
18.067,4.2,95.933,88.467
38.333,401,119.4,511.93
127.93,377.53,303.93,435.13
1,171.67,46.867,237.8
196.2,417,311.4,469.27
191.93,37.267,282.6,126.87
68.2,201.53,109.8,265.53
226.07,422.33,302.87,465
199.4,418.07,285.8,466.07
327.4,333.8,383.93,485.27
230.33,67.133,280.47,125.8
13.8,259.13,55.4,317.8
12.733,363.67,59.667,431.93
1,430.87,47.933,479.93
68.2,211.13,108.73,280.47
40.467,397.8,115.13,511.93
77.8,137.53,138.6,181.27
127.93,382.87,193,437.27
2.0667,267.67,60.733,337
259.13,109.8,324.2,195.13
65,58.6,134.33,130.07
1,103.4,62.867,269.8
1,441.53,50.067,511.93
189.8,193,232.47,248.47
1,366.87,51.133,473.53
230.33,41.533,280.47,126.87
209,422.33,302.87,468.2
2.0667,267.67,60.733,335.93
173.8,41.533,294.33,159.93
216.47,270.87,319.93,333.8
173.8,41.533,280.47,125.8
133.27,59.667,204.73,135.4
225,318.87,295.4,371.13
7.4,1,72.467,68.2
1,1,65,123.67
36.2,131.13,79.933,190.87
323.13,150.33,383.93,214.33
194.07,34.067,264.47,78.867
77.8,137.53,120.47,181.27
1,103.4,62.867,183.4
38.333,437.27,119.4,511.93
323.13,145,383.93,214.33
191.93,47.933,250.6,126.87
77.8,139.67,138.6,181.27
127.93,377.53,197.27,435.13
45.8,437.27,119.4,511.93
82.067,282.6,139.67,340.2
206.87,93.8,263.4,159.93
1,87.4,91.667,138.6
232.47,41.533,280.47,82.067
294.33,233.53,344.47,380.73
260.2,89.533,307.13,195.13
323.13,158.87,383.93,214.33
170.6,53.267,247.4,100.2
18.067,5.2667,63.933,59.667
209,422.33,287.93,468.2
211.13,140.73,264.47,196.2
114.07,33,163.13,102.33
315.67,196.2,372.2,259.13
170.6,53.267,247.4,129
92.733,289,139.67,340.2
193,41.533,280.47,83.133
97,139.67,138.6,181.27
173.8,86.333,235.67,129
126.87,135.4,170.6,189.8
191.93,229.27,255.93,307.13
173.8,88.467,215.4,129
1,374.33,47.933,431.93
109.8,257,169.53,305
193,41.533,280.47,125.8
1,342.33,173.8,431.93
45.8,437.27,98.067,511.93
