327.83,1,483.26,510.94
350.18,64.875,512,510.94
171.33,1,322.5,243.73
1,1,512,510.94
1,443.87,321.44,510.94
1,1,387.44,510.94
1,1,388.51,510.94
327.83,1,512,510.94
113.85,58.488,446,481.13
379.99,174.53,451.32,267.15
1,343.8,95.748,443.87
127.69,1,367.22,256.5
123.43,113.85,512,510.94
178.79,1,337.41,241.6
67.004,1,512,301.21
135.14,237.34,354.44,306.54
169.2,1,404.48,254.37
1,1,404.48,254.37
256.5,329.96,388.51,510.94
113.85,1,512,510.94
418.32,232.01,464.09,357.64
96.813,212.85,467.29,510.94
118.1,239.47,240.53,387.44
394.9,232.01,464.09,386.38
128.75,237.34,351.25,379.99
1,57.423,134.07,199.01
109.59,216.05,241.6,301.21
327.83,335.28,467.29,510.94
1,190.5,512,510.94
166.01,1,259.69,243.73
69.133,115.98,255.44,244.79
294.83,238.4,437.48,371.48
293.76,329.96,417.25,510.94
171.33,1,369.35,254.37
1,176.66,333.15,463.03
337.41,1,512,502.42
373.6,239.47,437.48,375.73
166.01,1,456.64,267.15
167.08,1,211.79,150.04
128.75,1,512,510.94
402.35,81.908,512,502.42
150.04,1,512,510.94
148.98,452.38,225.63,510.94
67.004,1,512,510.94
350.18,1,512,510.94
167.08,58.488,211.79,150.04
343.8,233.08,436.41,328.89
325.7,233.08,436.41,374.67
79.779,338.47,126.62,403.41
1,190.5,395.96,443.87
96.813,212.85,319.31,420.45
161.75,1,387.44,261.82
150.04,232.01,342.73,308.66
64.875,333.15,176.66,425.77
394.9,239.47,437.48,371.48
1,190.5,192.63,443.87
118.1,288.44,238.4,387.44
96.813,1,512,510.94
1,237.34,46.777,320.38
1,176.66,388.51,510.94
1,57.423,183.04,423.64
150.04,229.89,437.48,381.06
123.43,235.21,473.68,510.94
320.38,1,512,510.94
92.554,1,210.72,154.3
96.813,212.85,437.48,510.94
1,176.66,157.49,463.03
1,1,258.63,239.47
1,321.44,69.133,379.99
1,225.63,183.04,423.64
1,337.41,388.51,510.94
191.56,312.92,236.27,356.57
325.7,1,512,510.94
48.906,240.53,110.65,373.6
286.31,402.35,349.12,467.29
127.69,1,512,510.94
326.76,1,512,510.94
41.454,153.24,128.75,237.34
223.5,313.99,285.24,362.96
418.32,272.47,464.09,357.64
294.83,271.4,422.58,357.64
351.25,415.12,400.22,510.94
150.04,229.89,440.67,510.94
117.04,214.98,329.96,305.47
121.3,239.47,321.44,379.99
373.6,299.08,434.29,375.73
326.76,72.327,512,510.94
327.83,358.7,467.29,510.94
270.34,245.85,473.68,510.94
173.46,1,367.22,256.5
169.2,1,404.48,250.11
152.17,235.21,322.5,335.28
172.4,65.94,225.63,168.14
162.82,1,258.63,243.73
97.877,322.5,335.28,465.16
1,1,395.96,510.94
150.04,232.01,351.25,377.86
162.82,1,367.22,256.5
171.33,1,512,285.24
105.33,438.54,192.63,497.1
1,1,210.72,159.62
57.423,80.844,97.877,121.3
332.09,229.89,437.48,375.73
325.7,58.488,436.41,374.67
120.23,1,185.17,103.2
118.1,261.82,298.02,373.6
241.6,212.85,379.99,309.73
160.69,232.01,241.6,288.44
392.77,362.96,458.77,472.61
178.79,350.18,285.24,416.19
136.2,208.59,395.96,329.96
123.43,235.21,339.54,422.58
19.098,126.62,128.75,191.56
181.98,1,367.22,256.5
1,1,395.96,328.89
1,111.72,189.43,425.77
327.83,1,483.26,357.64
97.877,335.28,189.43,415.12
112.78,127.69,254.37,243.73
1,1,242.66,239.47
173.46,1,483.26,265.02
350.18,359.76,491.77,510.94
331.02,360.83,371.48,431.09
337.41,67.004,422.58,292.7
1,225.63,46.777,338.47
96.813,212.85,437.48,420.45
239.47,186.24,327.83,251.18
178.79,1,395.96,242.66
421.51,113.85,512,510.94
166.01,1,288.44,245.85
391.7,325.7,435.35,382.12
118.1,1,185.17,103.2
121.3,208.59,395.96,381.06
175.59,350.18,285.24,416.19
121.3,223.5,326.76,379.99
283.11,331.02,397.03,510.94
112.78,1,180.91,112.78
316.12,366.15,368.28,459.84
1,322.5,388.51,510.94
326.76,239.47,437.48,375.73
288.44,329.96,388.51,510.94
395.96,239.47,437.48,300.15
117.04,322.5,241.6,414.06
166.01,1,211.79,150.04
128.75,1,404.48,379.99
185.17,1,369.35,254.37
379.99,1,512,510.94
95.748,438.54,239.47,510.94
1,359.76,388.51,510.94
326.76,265.02,390.64,313.99
251.18,175.59,320.38,246.92
113.85,159.62,262.89,251.18
289.5,331.02,386.38,466.22
337.41,67.004,436.41,372.54
214.98,245.85,342.73,308.66
1,436.41,224.56,510.94
390.64,327.83,431.09,370.41
162.82,1,327.83,252.24
387.44,184.11,451.32,250.11
193.69,408.74,315.05,465.16
1,368.28,61.681,416.19
325.7,58.488,437.48,481.13
170.27,1,387.44,246.92
325.7,334.21,388.51,374.67
326.76,239.47,440.67,381.06
1,147.91,90.425,199.01
362.96,193.69,407.67,263.95
266.08,454.51,362.96,510.94
1,1,128.75,237.34
214.98,315.05,316.12,377.86
163.88,286.31,298.02,331.02
254.37,444.93,334.21,510.94
166.01,1,512,510.94
178.79,365.09,285.24,416.19
67.004,1,344.86,301.21
379.99,1,461.96,97.877
1,1,242.66,240.53
337.41,193.69,435.35,382.12
317.18,258.63,379.99,301.21
1,237.34,69.133,379.99
171.33,1,512,267.15
118.1,1,253.31,235.21
232.01,443.87,304.41,510.94
357.64,294.83,417.25,374.67
64.875,214.98,333.15,414.06
392.77,1,512,243.73
96.813,288.44,189.43,423.64
134.07,324.63,238.4,387.44
127.69,1,327.83,252.24
326.76,235.21,390.64,293.76
283.11,331.02,467.29,510.94
178.79,321.44,242.66,409.8
150.04,236.27,328.89,309.73
1,1,114.91,159.62
399.15,255.44,464.09,407.67
313.99,329.96,368.28,430.03
327.83,1,512,267.15
1,107.46,189.43,425.77
127.69,1,289.5,245.85
129.81,1,265.02,255.44
1,1,109.59,101.07
268.21,194.75,309.73,246.92
128.75,233.08,406.61,402.35
326.76,360.83,473.68,510.94
373.6,331.02,431.09,375.73
1,104.26,128.75,237.34
117.04,236.27,229.89,305.47
387.44,194.75,451.32,250.11
295.89,265.02,351.25,308.66
337.41,67.004,443.87,382.12
67.004,127.69,254.37,243.73
127.69,1,483.26,265.02
1,104.26,84.038,159.62
1,190.5,127.69,443.87
150.04,229.89,440.67,381.06
1,57.423,134.07,239.47
192.63,175.59,242.66,234.14
293.76,329.96,512,510.94
325.7,58.488,446,481.13
128.75,233.08,354.44,377.86
128.75,237.34,351.25,326.76
392.77,362.96,473.68,510.94
114.91,400.22,388.51,510.94
140.46,342.73,189.43,414.06
1,190.5,125.56,387.44
1,1,298.02,423.64
305.47,422.58,388.51,510.94
158.56,256.5,210.72,302.28
350.18,199.01,491.77,510.94
294.83,227.76,437.48,371.48
150.04,236.27,275.66,303.34
379.99,1,512,139.4
117.04,236.27,311.86,427.9
77.65,378.93,157.49,444.93
166.01,1,329.96,251.18
270.34,245.85,417.25,357.64
1,1,126.62,123.43
392.77,1,512,407.67
150.04,212.85,464.09,386.38
327.83,1,483.26,265.02
1,1,240.53,387.44
150.04,236.27,265.02,299.08
163.88,1,404.48,254.37
123.43,236.27,317.18,422.58
67.004,1,317.18,422.58
150.04,227.76,437.48,371.48
79.779,338.47,126.62,414.06
135.14,1,395.96,328.89
128.75,410.86,385.31,510.94
118.1,261.82,333.15,373.6
241.6,243.73,328.89,309.73
150.04,243.73,328.89,309.73
418.32,255.44,459.84,335.28
1,133.01,242.66,239.47
161.75,1,512,510.94
48.906,446,271.4,510.94
418.32,113.85,512,510.94
241.6,247.98,354.44,306.54
96.813,212.85,319.31,364.02
114.91,386.38,335.28,465.16
96.813,212.85,464.09,420.45
321.44,438.54,377.86,510.94
327.83,1,451.32,267.15
171.33,1,456.64,267.15
166.01,1,344.86,256.5
1,322.5,362.96,510.94
114.91,408.74,318.25,465.16
46.777,337.41,104.26,416.19
283.11,331.02,387.44,464.09
135.14,237.34,241.6,298.02
392.77,1,512,502.42
118.1,1,166.01,73.392
98.942,339.54,183.04,423.64
337.41,260.76,428.96,365.09
135.14,96.813,387.44,328.89
305.47,266.08,417.25,334.21
46.777,337.41,111.72,416.19
1,424.7,78.715,510.94
112.78,18.033,180.91,112.78
170.27,317.18,318.25,420.45
1,236.27,189.43,415.12
14.84,118.1,84.038,159.62
205.4,96.813,387.44,291.63
353.38,233.08,436.41,328.89
271.4,1,395.96,242.66
164.95,1,265.02,255.44
289.5,331.02,400.22,510.94
1,436.41,239.47,510.94
42.519,337.41,96.813,416.19
324.63,367.22,400.22,510.94
121.3,223.5,326.76,381.06
111.72,191.56,242.66,235.21
171.33,1,343.8,246.92
1,321.44,512,510.94
337.41,1,450.25,265.02
67.004,1,254.37,243.73
399.15,1,439.61,59.552
433.22,1,512,139.4
64.875,287.37,117.04,414.06
128.75,233.08,354.44,333.15
1,360.83,133.01,463.03
1,359.76,385.31,510.94
251.18,304.41,333.15,362.96
386.38,238.4,437.48,371.48
407.67,388.51,473.68,510.94
111.72,129.81,242.66,235.21
399.15,1,448.13,59.552
123.43,236.27,339.54,422.58
127.69,268.21,298.02,423.64
90.425,1,242.66,240.53
205.4,96.813,320.38,246.92
327.83,359.76,385.31,484.32
402.35,255.44,464.09,407.67
1,176.66,134.07,379.99
1,329.96,388.51,510.94
169.2,1,404.48,246.92
241.6,212.85,464.09,386.38
42.519,337.41,90.425,390.64
326.76,239.47,437.48,381.06
178.79,1,387.44,246.92
162.82,1,289.5,245.85
238.4,275.66,317.18,335.28
163.88,1,209.66,152.17
135.14,237.34,254.37,304.41
1,1,255.44,387.44
169.2,374.67,302.28,427.9
378.93,1,512,139.4
388.51,199.01,443.87,298.02
294.83,261.82,422.58,357.64
67.004,1,254.37,301.21
1,20.163,101.07,124.49
1,14.84,67.004,73.392
241.6,212.85,422.58,357.64
326.76,113.85,512,510.94
1,321.44,385.31,510.94
1,368.28,133.01,463.03
113.85,159.62,406.61,402.35
168.14,321.44,385.31,510.94
224.56,235.21,293.76,299.08
411.93,48.906,461.96,105.33
1,360.83,388.51,510.94
128.75,261.82,224.56,336.34
122.36,1,169.2,96.813
204.34,117.04,289.5,245.85
221.37,442.8,362.96,510.94
327.83,1,450.25,265.02
294.83,271.4,422.58,364.02
1,360.83,157.49,463.03
332.09,229.89,437.48,381.06
1,312.92,69.133,379.99
221.37,456.64,278.86,510.94
96.813,288.44,187.3,423.64
358.7,58.488,416.19,263.95
1,1,112.78,153.24
251.18,67.004,436.41,372.54
117.04,236.27,302.28,427.9
117.04,236.27,210.72,304.41
350.18,359.76,512,510.94
328.89,366.15,417.25,510.94
270.34,245.85,417.25,466.22
223.5,313.99,298.02,362.96
305.47,400.22,388.51,510.94
411.93,48.906,476.87,214.98
224.56,375.73,292.7,419.38
387.44,194.75,451.32,267.15
171.33,28.679,318.25,243.73
168.14,371.48,292.7,423.64
337.41,267.15,428.96,365.09
360.83,103.2,443.87,302.28
1,368.28,93.619,450.25
178.79,358.7,288.44,411.93
263.95,179.85,309.73,245.85
337.41,67.004,433.22,372.54
310.79,454.51,362.96,510.94
163.88,1,216.05,166.01
293.76,329.96,352.31,424.7
1,240.53,46.777,325.7
394.9,238.4,437.48,371.48
333.15,1,386.38,111.72
399.15,1,512,73.392
136.2,241.6,351.25,329.96
321.44,1,404.48,115.98
327.83,67.004,436.41,372.54
322.5,212.85,379.99,289.5
1,343.8,127.69,443.87
1,236.27,72.327,379.99
288.44,329.96,371.48,447.06
337.41,67.004,435.35,372.54
331.02,360.83,385.31,481.13
251.18,172.4,350.18,254.37
186.24,302.28,321.44,379.99
150.04,246.92,229.89,299.08
127.69,268.21,272.47,352.31
167.08,313.99,339.54,422.58
418.32,271.4,472.61,357.64
127.69,15.904,192.63,115.98
170.27,1,387.44,261.82
180.91,288.44,272.47,352.31
135.14,233.08,354.44,310.79
1,1,109.59,152.17
320.38,1,395.96,111.72
252.24,322.5,339.54,377.86
1,80.844,94.683,121.3
320.38,1,512,243.73
39.325,1,240.53,387.44
394.9,335.28,435.35,386.38
230.95,402.35,385.31,510.94
384.25,227.76,464.09,386.38
53.165,103.2,136.2,190.5
170.27,336.34,318.25,420.45
251.18,172.4,307.6,245.85
128.75,233.08,406.61,377.86
1,103.2,242.66,239.47
170.27,1,210.72,150.04
128.75,410.86,261.82,510.94
139.4,322.5,241.6,387.44
433.22,1,512,47.842
169.2,1,343.8,246.92
337.41,103.2,443.87,382.12
417.25,48.906,469.42,128.75
175.59,286.31,298.02,373.6
1,190.5,134.07,379.99
117.04,214.98,333.15,373.6
113.85,96.813,197.95,154.3
399.15,1,512,127.69
168.14,358.7,292.7,423.64
128.75,253.31,272.47,318.25
128.75,253.31,171.33,333.15
325.7,366.15,368.28,459.84
64.875,207.53,113.85,345.93
57.423,113.85,109.59,190.5
296.95,432.16,352.31,496.03
395.96,238.4,437.48,301.21
293.76,376.8,334.21,421.51
1,190.5,49.971,239.47
379.99,1,496.03,136.2
127.69,268.21,294.83,423.64
177.72,443.87,304.41,510.94
150.04,245.85,253.31,299.08
399.15,230.95,464.09,407.67
185.17,322.5,240.53,370.41
325.7,58.488,436.41,481.13
163.88,1,322.5,250.11
205.4,96.813,278.86,244.79
288.44,329.96,371.48,432.16
239.47,186.24,329.96,251.18
353.38,233.08,436.41,374.67
381.06,103.2,422.58,289.5
64.875,133.01,226.69,240.53
1,236.27,137.27,387.44
337.41,289.5,424.7,372.54
1,225.63,110.65,390.64
64.875,207.53,134.07,345.93
1,14.84,95.748,121.3
112.78,64.875,180.91,112.78
384.25,227.76,437.48,371.48
230.95,443.87,309.73,490.71
337.41,246.92,428.96,365.09
48.906,446,223.5,510.94
117.04,322.5,241.6,387.44
1,76.585,101.07,126.62
128.75,253.31,219.24,309.73
41.454,96.813,197.95,237.34
144.72,1,253.31,235.21
1,190.5,58.488,249.05
240.53,199.01,327.83,252.24
41.454,107.46,136.2,237.34
214.98,267.15,290.57,309.73
34.002,236.27,110.65,373.6
150.04,232.01,351.25,331.02
63.81,399.15,157.49,463.03
332.09,266.08,417.25,375.73
1,190.5,72.327,379.99
97.877,322.5,316.12,423.64
128.75,237.34,351.25,309.73
178.79,365.09,252.24,407.67
305.47,271.4,417.25,334.21
1,74.456,94.683,120.23
127.69,240.53,272.47,318.25
360.83,267.15,428.96,365.09
1,104.26,52.1,157.49
305.47,439.61,388.51,510.94
337.41,431.09,385.31,510.94
258.63,1,404.48,242.66
139.4,324.63,192.63,384.25
223.5,243.73,328.89,309.73
392.77,1,493.9,243.73
69.133,150.04,242.66,240.53
135.14,237.34,354.44,310.79
42.519,14.84,90.425,79.779
1,237.34,46.777,327.83
294.83,271.4,422.58,354.44
128.75,410.86,261.82,464.09
293.76,329.96,352.31,452.38
1,147.91,128.75,237.34
1,15.904,78.715,79.779
128.75,253.31,230.95,326.76
96.813,399.15,157.49,444.93
1,1,109.59,159.62
118.1,286.31,298.02,338.47
293.76,387.44,351.25,452.38
128.75,253.31,191.56,304.41
105.33,443.87,171.33,497.1
320.38,1,395.96,110.65
337.41,289.5,381.06,335.28
150.04,246.92,206.46,299.08
232.01,446,308.66,510.94
152.17,251.18,290.57,309.73
10.581,371.48,85.102,416.19
167.08,322.5,339.54,422.58
327.83,1,456.64,267.15
270.34,245.85,417.25,334.21
258.63,1,388.51,242.66
148.98,451.32,239.47,510.94
1,225.63,130.88,409.8
392.77,362.96,437.48,424.7
271.4,1,385.31,242.66
1,368.28,110.65,450.25
160.69,232.01,342.73,308.66
337.41,67.004,428.96,372.54
175.59,286.31,298.02,356.57
59.552,126.62,128.75,178.79
152.17,235.21,317.18,335.28
186.24,312.92,261.82,376.8
1,1,311.86,427.9
325.7,292.7,417.25,374.67
64.875,337.41,143.65,419.38
1,240.53,46.777,320.38
242.66,317.18,298.02,367.22
288.44,329.96,371.48,431.09
458.77,1,512,47.842
337.41,1,456.64,267.15
128.75,253.31,171.33,304.41
425.77,72.327,476.87,205.4
123.43,236.27,294.83,417.25
41.454,1,197.95,237.34
41.454,1,242.66,240.53
186.24,302.28,320.38,379.99
1,15.904,78.715,78.715
81.908,287.37,130.88,360.83
1,45.713,103.2,153.24
79.779,338.47,126.62,408.74
1,337.41,157.49,463.03
108.52,443.87,171.33,510.94
97.877,334.21,175.59,423.64
118.1,261.82,224.56,338.47
158.56,250.11,201.14,292.7
145.78,214.98,329.96,265.02
117.04,322.5,302.28,427.9
427.9,81.908,512,457.71
411.93,48.906,483.26,214.98
92.554,57.423,134.07,118.1
67.004,127.69,254.37,301.21
268.21,176.66,320.38,246.92
167.08,241.6,326.76,309.73
229.89,411.93,362.96,510.94
214.98,159.62,278.86,246.92
128.75,237.34,353.38,379.99
337.41,246.92,435.35,382.12
387.44,270.34,436.41,328.89
415.12,199.01,469.42,327.83
112.78,64.875,197.95,154.3
38.26,287.37,110.65,387.44
202.21,159.62,262.89,251.18
378.93,1,512,214.98
1,368.28,93.619,443.87
114.91,386.38,235.21,464.09
128.75,253.31,210.72,304.41
372.54,103.2,443.87,302.28
62.746,153.24,128.75,236.27
402.35,253.31,479,502.42
205.4,122.36,259.69,243.73
171.33,1,322.5,245.85
108.52,443.87,225.63,510.94
111.72,139.4,218.18,203.27
400.22,230.95,446,298.02
258.63,1,384.25,239.47
109.59,216.05,317.18,422.58
127.69,268.21,199.01,338.47
127.69,223.5,326.76,318.25
80.844,235.21,240.53,387.44
251.18,175.59,307.6,246.92
38.26,294.83,78.715,387.44
332.09,266.08,417.25,357.64
1,190.5,53.165,375.73
136.2,241.6,351.25,309.73
387.44,194.75,451.32,263.95
80.844,234.14,125.56,308.66
251.18,175.59,365.09,261.82
48.906,446,133.01,510.94
41.454,151.11,128.75,237.34
221.37,456.64,271.4,510.94
34.002,236.27,79.779,322.5
1,240.53,47.842,338.47
175.59,272.47,298.02,373.6
111.72,133.01,242.66,234.14
115.98,1,207.53,168.14
57.423,103.2,136.2,190.5
229.89,411.93,385.31,510.94
1,76.585,101.07,159.62
169.2,1,223.5,68.069
1,1,109.59,174.53
81.908,237.34,130.88,360.83
357.64,193.69,406.61,282.05
205.4,122.36,288.44,245.85
308.66,104.26,387.44,291.63
48.906,453.45,120.23,510.94
1,371.48,95.748,443.87
178.79,1,337.41,244.79
379.99,1,461.96,105.33
64.875,115.98,242.66,240.53
135.14,237.34,354.44,328.89
332.09,271.4,417.25,334.21
80.844,235.21,124.49,321.44
254.37,444.93,362.96,510.94
64.875,133.01,242.66,240.53
109.59,216.05,207.53,301.21
152.17,235.21,293.76,309.73
69.133,150.04,255.44,244.79
418.32,72.327,512,510.94
383.19,233.08,436.41,302.28
14.84,85.102,101.07,159.62
379.99,270.34,436.41,364.02
79.779,353.38,143.65,419.38
97.877,322.5,241.6,423.64
1,436.41,223.5,510.94
1,225.63,48.906,287.37
171.33,365.09,315.05,422.58
1,14.84,41.454,73.392
295.89,208.59,395.96,308.66
337.41,246.92,433.22,365.09
1,98.942,56.358,174.53
1,451.32,141.53,510.94
186.24,312.92,319.31,379.99
92.554,1,180.91,112.78
64.875,337.41,126.62,414.06
251.18,175.59,307.6,245.85
80.844,378.93,157.49,444.93
270.34,245.85,329.96,308.66
175.59,286.31,298.02,331.02
239.47,243.73,293.76,299.08
78.715,1,126.62,84.038
251.18,1,384.25,254.37
112.78,76.585,199.01,153.24
1,436.41,362.96,510.94
64.875,333.15,126.62,414.06
214.98,159.62,258.63,236.27
1,337.41,110.65,450.25
332.09,229.89,417.25,375.73
167.08,1,259.69,243.73
129.81,1,195.82,122.36
92.554,59.552,139.4,154.3
230.95,440.67,334.21,510.94
426.83,72.327,476.87,214.98
379.99,233.08,436.41,364.02
1,160.69,57.423,214.98
333.15,1,398.09,111.72
1,147.91,90.425,214.98
108.52,443.87,304.41,510.94
421.51,72.327,512,510.94
111.72,133.01,242.66,239.47
172.4,65.94,238.4,190.5
1,237.34,46.777,325.7
73.392,235.21,115.98,320.38
178.79,323.57,316.12,422.58
171.33,28.679,322.5,243.73
121.3,239.47,228.82,338.47
158.56,232.01,241.6,292.7
1,80.844,101.07,126.62
348.05,439.61,388.51,510.94
34.002,234.14,125.56,334.21
1,105.33,92.554,199.01
395.96,270.34,436.41,327.83
214.98,315.05,321.44,377.86
1,1,112.78,84.038
92.554,1,160.69,118.1
1,76.585,94.683,120.23
418.32,258.63,469.42,327.83
402.35,253.31,479,415.12
325.7,334.21,512,510.94
92.554,1,199.01,153.24
53.165,105.33,110.65,159.62
332.09,266.08,417.25,334.21
1,237.34,41.454,320.38
128.75,253.31,266.08,326.76
1,38.26,56.358,79.779
96.813,286.31,189.43,423.64
117.04,236.27,298.02,338.47
321.44,401.28,388.51,510.94
169.2,386.38,226.69,427.9
1,111.72,110.65,249.05
214.98,159.62,322.5,250.11
337.41,246.92,428.96,372.54
67.004,153.24,128.75,216.05
251.18,172.4,320.38,246.92
107.46,446,171.33,497.1
223.5,313.99,339.54,377.86
10.581,371.48,51.035,411.93
118.1,288.44,168.14,344.86
353.38,267.15,411.93,328.89
127.69,268.21,272.47,376.8
62.746,153.24,156.43,236.27
350.18,324.63,491.77,510.94
230.95,440.67,362.96,510.94
251.18,1,404.48,254.37
31.873,236.27,137.27,373.6
1,57.423,134.07,217.11
22.292,451.32,111.72,510.94
1,450.25,43.583,510.94
160.69,232.01,253.31,288.44
123.43,236.27,294.83,371.48
383.19,233.08,436.41,327.83
1,190.5,58.488,304.41
241.6,247.98,354.44,328.89
311.86,329.96,368.28,402.35
337.41,438.54,377.86,510.94
79.779,343.8,143.65,419.38
31.873,234.14,125.56,387.44
96.813,286.31,192.63,423.64
337.41,438.54,385.31,510.94
114.91,408.74,315.05,465.16
1,383.19,152.17,453.45
1,317.18,72.327,378.93
98.942,334.21,175.59,423.64
31.873,287.37,110.65,387.44
337.41,289.5,417.25,372.54
361.89,326.76,417.25,374.67
39.325,1,207.53,237.34
308.66,223.5,381.06,291.63
1,237.34,47.842,320.38
252.24,322.5,339.54,384.25
67.004,151.11,128.75,216.05
1,368.28,86.167,416.19
57.423,111.72,110.65,190.5
91.49,208.59,134.07,304.41
408.74,324.63,479,433.22
372.54,103.2,443.87,298.02
200.08,127.69,265.02,255.44
430.03,309.73,472.61,357.64
361.89,233.08,436.41,374.67
288.44,329.96,368.28,407.67
1,81.908,88.296,123.43
270.34,245.85,342.73,308.66
167.08,365.09,315.05,422.58
1,36.131,94.683,95.748
167.08,241.6,239.47,288.44
1,111.72,189.43,415.12
282.05,374.67,326.76,415.12
286.31,402.35,336.34,450.25
39.325,14.84,90.425,79.779
387.44,174.53,451.32,267.15
230.95,402.35,362.96,510.94
57.423,107.46,136.2,190.5
271.4,1,387.44,246.92
236.27,243.73,293.76,299.08
387.44,174.53,456.64,267.15
111.72,133.01,226.69,224.56
38.26,337.41,78.715,387.44
118.1,286.31,177.72,338.47
181.98,241.6,239.47,288.44
114.91,408.74,334.21,510.94
109.59,443.87,171.33,510.94
193.69,403.41,335.28,465.16
1,225.63,48.906,304.41
295.89,265.02,353.38,308.66
327.83,208.59,395.96,291.63
48.906,416.19,271.4,510.94
200.08,127.69,257.56,239.47
402.35,324.63,479,415.12
399.15,1,473.68,59.552
108.52,443.87,321.44,510.94
1,225.63,90.425,390.64
92.554,1,197.95,154.3
337.41,103.2,422.58,292.7
114.91,408.74,325.7,465.16
337.41,289.5,392.77,335.28
148.98,451.32,223.5,498.16
168.14,375.73,288.44,423.64
1,240.53,75.521,387.44
392.77,362.96,434.29,424.7
10.581,371.48,76.585,416.19
127.69,268.21,294.83,376.8
48.906,453.45,128.75,510.94
321.44,1,398.09,111.72
114.91,416.19,235.21,464.09
239.47,186.24,288.44,245.85
48.906,241.6,110.65,373.6
1,436.41,111.72,510.94
326.76,360.83,458.77,510.94
31.873,236.27,110.65,373.6
361.89,331.02,417.25,374.67
373.6,291.63,428.96,365.09
39.325,1,207.53,240.53
337.41,185.17,382.12,260.76
168.14,321.44,326.76,449.19
123.43,236.27,315.05,422.58
96.813,288.44,168.14,360.83
53.165,1,121.3,84.038
1,225.63,53.165,375.73
1,451.32,111.72,510.94
1,36.131,95.748,121.3
42.519,1,207.53,236.27
1,98.942,56.358,157.49
276.73,373.6,351.25,452.38
407.67,388.51,458.77,472.61
313.99,329.96,368.28,401.28
186.24,321.44,261.82,376.8
75.521,107.46,136.2,175.59
53.165,1,120.23,84.038
328.89,366.15,388.51,510.94
387.44,174.53,451.32,250.11
69.133,191.56,226.69,240.53
161.75,286.31,298.02,336.34
200.08,127.69,243.73,212.85
237.34,457.71,278.86,510.94
269.28,403.41,335.28,451.32
321.44,431.09,385.31,510.94
121.3,239.47,199.01,338.47
39.325,143.65,128.75,237.34
62.746,241.6,110.65,352.31
1,450.25,44.648,510.94
114.91,408.74,362.96,510.94
167.08,369.35,241.6,417.25
1,80.844,101.07,123.43
185.17,321.44,233.08,367.22
293.76,373.6,351.25,452.38
251.18,175.59,307.6,244.79
381.06,103.2,422.58,292.7
178.79,371.48,288.44,411.93
128.75,263.95,199.01,338.47
142.59,451.32,271.4,510.94
426.83,72.327,476.87,205.4
392.77,1,512,457.71
1,225.63,69.133,379.99
1,416.19,271.4,510.94
221.37,443.87,362.96,510.94
186.24,312.92,320.38,379.99
173.46,65.94,245.85,197.95
170.27,1,223.5,68.069
1,160.69,60.617,214.98
112.78,64.875,186.24,112.78
158.56,256.5,210.72,301.21
361.89,331.02,406.61,374.67
399.15,324.63,479,433.22
13.775,14.84,109.59,152.17
152.17,251.18,241.6,299.08
221.37,443.87,304.41,510.94
112.78,76.585,186.24,147.91
399.15,1,512,59.552
1,126.62,110.65,214.98
168.14,371.48,304.41,449.19
343.8,271.4,417.25,334.21
136.2,241.6,262.89,295.89
326.76,360.83,446,510.94
95.748,438.54,192.63,510.94
178.79,365.09,302.28,422.58
73.392,235.21,240.53,387.44
90.425,129.81,242.66,240.53
92.554,1,134.07,118.1
1,237.34,47.842,364.02
402.35,319.31,464.09,407.67
1,36.131,101.07,123.43
327.83,234.14,395.96,291.63
60.617,351.25,127.69,426.83
224.56,440.67,334.21,510.94
62.746,143.65,156.43,236.27
232.01,241.6,351.25,329.96
129.81,79.779,195.82,122.36
118.1,172.4,207.53,214.98
217.11,312.92,320.38,379.99
1,371.48,152.17,453.45
140.46,342.73,183.04,399.15
118.1,239.47,238.4,387.44
232.01,446,279.92,490.71
1,225.63,130.88,390.64
193.69,408.74,304.41,449.19
160.69,191.56,242.66,234.14
251.18,122.36,382.12,254.37
321.44,439.61,388.51,510.94
1,104.26,84.038,174.53
120.23,150.04,218.18,213.92
150.04,191.56,242.66,235.21
172.4,129.81,227.76,207.53
1,359.76,152.17,453.45
232.01,323.57,316.12,377.86
214.98,315.05,261.82,356.57
1,240.53,47.842,320.38
109.59,443.87,171.33,492.84
232.01,241.6,326.76,309.73
42.519,1,121.3,84.038
34.002,236.27,79.779,334.21
256.5,327.83,313.99,372.54
1,424.7,79.779,510.94
373.6,298.02,415.12,365.09
1,1,63.81,73.392
1,1,126.62,84.038
96.813,288.44,187.3,414.06
92.554,1,169.2,118.1
78.715,421.51,133.01,464.09
168.14,375.73,292.7,423.64
48.906,126.62,128.75,178.79
1,111.72,110.65,217.11
42.519,14.84,90.425,74.456
237.34,456.64,278.86,510.94
96.813,288.44,168.14,351.25
1,104.26,84.038,214.98
214.98,374.67,302.28,422.58
28.679,85.102,101.07,126.62
1,104.26,56.358,157.49
1,450.25,64.875,510.94
1,1,41.454,73.392
19.098,126.62,128.75,237.34
261.82,317.18,320.38,368.28
214.98,315.05,299.08,356.57
1,436.41,79.779,510.94
42.519,1,156.43,236.27
128.75,98.942,199.01,153.24
1,225.63,46.777,325.7
168.14,321.44,304.41,449.19
48.906,446,170.27,510.94
225.63,317.18,320.38,379.99
142.59,451.32,224.56,510.94
1,353.38,95.748,443.87
325.7,292.7,369.35,335.28
1,406.61,152.17,453.45
220.3,371.48,292.7,419.38
348.05,103.2,388.51,242.66
128.75,253.31,219.24,326.76
34.002,236.27,110.65,345.93
1,14.84,77.65,77.65
172.4,65.94,245.85,197.95
115.98,76.585,207.53,168.14
327.83,366.15,385.31,484.32
111.72,129.81,227.76,207.53
209.66,453.45,271.4,510.94
1,371.48,76.585,431.09
1,452.38,44.648,510.94
327.83,366.15,371.48,448.13
220.3,143.65,268.21,246.92
100.01,450.25,154.3,510.94
402.35,335.28,464.09,407.67
98.942,339.54,175.59,423.64
1,317.18,56.358,375.73
64.875,240.53,110.65,345.93
1,190.5,58.488,239.47
62.746,287.37,110.65,352.31
1,190.5,49.971,249.05
1,14.84,88.296,79.779
136.2,241.6,326.76,309.73
171.33,451.32,223.5,497.1
328.89,366.15,385.31,501.35
92.554,59.552,139.4,147.91
48.906,126.62,128.75,191.56
115.98,446,171.33,491.77
268.21,195.82,320.38,246.92
237.34,188.37,278.86,246.92
1,131.94,74.456,176.66
62.746,59.552,156.43,236.27
128.75,416.19,233.08,464.09
321.44,1,386.38,111.72
73.392,153.24,128.75,213.92
175.59,375.73,288.44,417.25
232.01,446,309.73,510.94
286.31,402.35,336.34,467.29
185.17,345.93,240.53,387.44
21.227,453.45,64.875,510.94
172.4,129.81,213.92,187.3
207.53,192.63,255.44,244.79
1,126.62,110.65,217.11
185.17,321.44,240.53,387.44
408.74,324.63,479,409.8
49.971,412.99,152.17,453.45
107.46,446,223.5,510.94
185.17,345.93,238.4,387.44
39.325,1,126.62,84.038
185.17,322.5,233.08,367.22
107.46,446,223.5,498.16
254.37,440.67,322.5,492.84
42.519,14.84,109.59,84.038
136.2,241.6,239.47,292.7
78.715,416.19,233.08,464.09
78.715,421.51,220.3,464.09
178.79,321.44,240.53,409.8
418.32,253.31,469.42,327.83
229.89,411.93,352.31,496.03
13.775,453.45,73.392,510.94
1,154.3,64.875,214.98
224.56,457.71,271.4,510.94
342.73,1,386.38,111.72
115.98,76.585,199.01,153.24
1,157.49,60.617,214.98
301.21,454.51,362.96,510.94
21.227,467.29,64.875,510.94
13.775,85.102,101.07,152.17
72.327,143.65,128.75,213.92
321.44,1,361.89,48.906
97.877,335.28,189.43,414.06
100.01,446,170.27,510.94
328.89,366.15,371.48,448.13
128.75,100.01,199.01,153.24
134.07,324.63,192.63,384.25
230.95,440.67,322.5,492.84
69.133,191.56,242.66,240.53
254.37,440.67,322.5,510.94
62.746,153.24,131.94,236.27
90.425,191.56,226.69,240.53
249.05,317.18,320.38,379.99
230.95,443.87,279.92,490.71
136.2,241.6,201.14,292.7
39.325,14.84,109.59,84.038
13.775,467.29,73.392,510.94
254.37,440.67,334.21,510.94
1,436.41,73.392,510.94
258.63,327.83,313.99,372.54
115.98,446,170.27,488.58
128.75,253.31,170.27,309.73
100.01,343.8,174.53,415.12
237.34,460.9,278.86,510.94
97.877,335.28,187.3,414.06
1,317.18,53.165,375.73
223.5,241.6,326.76,309.73
1,317.18,75.521,387.44
232.01,446,304.41,510.94
21.227,467.29,73.392,510.94
120.23,173.46,218.18,213.92
59.552,126.62,110.65,178.79
243.73,244.79,326.76,309.73
1,14.84,41.454,63.81
