1,1,383.93,511.93
1,1,383.93,337
1,114.07,258.07,511.93
180.2,1,291.13,289
162.07,118.33,235.67,238.87
167.4,1,344.47,317.8
95.933,297.53,162.07,398.87
171.67,1,383.93,511.93
204.73,332.73,249.53,410.6
114.07,1,247.4,305
126.87,318.87,167.4,365.8
1,177,111.93,367.93
1,106.6,255.93,511.93
1,1,271.93,293.27
1,1,351.93,511.93
1,1,163.13,90.6
311.4,1,383.93,255.93
140.73,397.8,245.27,455.4
1,1,211.13,207.93
116.2,247.4,194.07,321
325.27,43.667,365.8,210.07
1,92.733,79.933,143.93
95.933,137.53,193,398.87
189.8,1,383.93,511.93
181.27,1,311.4,302.87
181.27,1,383.93,511.93
204.73,1,383.93,511.93
310.33,1,383.93,254.87
12.733,145,143.93,461.8
113,291.13,205.8,398.87
171.67,1,383.93,292.2
186.6,1,236.73,98.067
307.13,298.6,383.93,511.93
113,250.6,305,411.67
159.93,326.33,202.6,374.33
1,1,197.27,142.87
1,100.2,255.93,511.93
291.13,207.93,383.93,511.93
180.2,1,341.27,374.33
182.33,1,383.93,511.93
127.93,67.133,348.73,511.93
1,1,258.07,511.93
181.27,1,315.67,308.2
129,259.13,319.93,511.93
1,100.2,383.93,511.93
175.93,142.87,255.93,275.13
207.93,1,383.93,334.87
181.27,1,383.93,337
54.333,1,138.6,94.867
116.2,291.13,205.8,398.87
1,1,185.53,230.33
1,1,310.33,437.27
119.4,1,263.4,293.27
313.53,1,383.93,262.33
87.4,215.4,309.27,431.93
1,1,138.6,105.53
1,127.93,255.93,511.93
110.87,136.47,316.73,420.2
49,199.4,89.533,271.93
129,67.133,269.8,294.33
324.2,364.73,383.93,511.93
99.133,137.53,199.4,382.87
146.07,84.2,219.67,202.6
1,1,207.93,183.4
1,1,203.67,286.87
1,145,143.93,461.8
127.93,277.27,329.53,511.93
110.87,1,383.93,511.93
122.6,279.4,205.8,366.87
108.73,270.87,303.93,437.27
1,369,255.93,511.93
1,1,203.67,245.27
1,1,79.933,102.33
230.33,1,383.93,511.93
140.73,84.2,229.27,241
1,28.733,73.533,104.47
113,250.6,306.07,431.93
43.667,1,172.73,92.733
310.33,1,383.93,264.47
1,1,362.6,511.93
207.93,1,383.93,511.93
108.73,1,351.93,511.93
110.87,279.4,205.8,397.8
181.27,1,280.47,270.87
307.13,299.67,383.93,511.93
180.2,1,383.93,511.93
168.47,294.33,351.93,511.93
110.87,1,344.47,420.2
1,362.6,259.13,511.93
1,137.53,259.13,511.93
1,289,110.87,461.8
21.267,159.93,111.93,302.87
95.933,303.93,136.47,379.67
167.4,250.6,306.07,374.33
1,1,310.33,511.93
127.93,279.4,205.8,420.2
7.4,1,61.8,67.133
341.27,1,383.93,86.333
68.2,7.4,117.27,82.067
292.2,239.93,383.93,493.8
175.93,449,239.93,511.93
1,159.93,111.93,302.87
121.53,279.4,205.8,395.67
1,362.6,177,504.47
157.8,353,220.73,409.53
95.933,211.13,205.8,398.87
132.2,270.87,351.93,511.93
102.33,156.73,146.07,281.53
114.07,1,269.8,290.07
342.33,1,383.93,85.267
248.47,290.07,351.93,511.93
197.27,77.8,239.93,127.93
283.67,1,324.2,86.333
194.07,161,263.4,275.13
87.4,215.4,383.93,511.93
168.47,171.67,233.53,293.27
233.53,180.2,351.93,511.93
230.33,1,383.93,249.53
87.4,163.13,310.33,437.27
1,137.53,193,461.8
17,405.27,62.867,471.4
125.8,1,266.6,290.07
155.67,118.33,255.93,293.27
204.73,1,383.93,337
138.6,306.07,223.93,411.67
286.87,78.867,363.67,239.93
337,1,383.93,84.2
189.8,66.067,251.67,222.87
177,181.27,233.53,286.87
172.73,449,239.93,511.93
314.6,1,383.93,269.8
27.667,57.533,73.533,100.2
1,405.27,62.867,495.93
1,127.93,209,486.33
116.2,365.8,221.8,431.93
87.4,60.733,166.33,238.87
184.47,250.6,247.4,339.13
98.067,417,177,493.8
1,385,259.13,511.93
1,159.93,111.93,461.8
341.27,1,383.93,84.2
65,211.13,199.4,415.93
35.133,1,197.27,92.733
1,114.07,179.13,367.93
108.73,247.4,199.4,418.07
1,378.6,97,495.93
190.87,290.07,383.93,511.93
1,385,258.07,511.93
1,1,319.93,511.93
1,1,78.867,113
1,127.93,182.33,367.93
310.33,1,376.47,117.27
1,1,159.93,163.13
186.6,1,271.93,132.2
109.8,247.4,194.07,388.2
1,137.53,319.93,511.93
35.133,1,113,51.133
270.87,297.53,349.8,386.07
10.6,209,65,289
43.667,1,125.8,70.333
1,369,97,495.93
113,250.6,306.07,411.67
218.6,266.6,298.6,349.8
1,1,43.667,41.533
180.2,65,291.13,289
162.07,118.33,255.93,293.27
337,1,383.93,83.133
12.733,145,205.8,471.4
337,1,383.93,141.8
230.33,1,383.93,270.87
114.07,1,271.93,293.27
229.27,1,347.67,278.33
1,1,203.67,145
235.67,413.8,276.2,511.93
115.13,279.4,199.4,350.87
1,1,207.93,113
297.53,363.67,351.93,511.93
1,1,271.93,305
114.07,1,207.93,134.33
175.93,388.2,238.87,453.27
1,27.667,119.4,127.93
172.73,277.27,262.33,410.6
153.53,69.267,219.67,202.6
49,1,136.47,90.6
34.067,290.07,86.333,351.93
1,335.93,258.07,511.93
189.8,1,383.93,264.47
314.6,1,383.93,255.93
1,1,125.8,107.67
233.53,309.27,296.47,364.73
312.47,1,383.93,269.8
1,412.73,198.33,511.93
162.07,326.33,223.93,380.73
1,1,194.07,420.2
223.93,284.73,305,328.47
87.4,215.4,194.07,420.2
125.8,1,255.93,293.27
51.133,1,125.8,70.333
1,1,79.933,99.133
63.933,362.6,177,486.33
1,209,63.933,271.93
25.533,225,111.93,366.87
1,1,163.13,101.27
229.27,1,383.93,511.93
102.33,140.73,174.87,280.47
162.07,449,259.13,511.93
102.33,156.73,145,280.47
87.4,163.13,303.93,437.27
119.4,1,255.93,293.27
1,335.93,238.87,497
113,1,306.07,411.67
113,279.4,205.8,411.67
65,211.13,205.8,471.4
313.53,1,383.93,242.07
231.4,297.53,329.53,511.93
252.73,130.07,344.47,315.67
1,137.53,258.07,511.93
218.6,266.6,303.93,374.33
299.67,73.533,346.6,146.07
97,385,259.13,511.93
129,73.533,253.8,420.2
129,71.4,362.6,511.93
223.93,265.53,305,328.47
1,353,127.93,511.93
1,209,111.93,385
233.53,73.533,383.93,511.93
1,1,125.8,108.73
196.2,340.2,248.47,408.47
310.33,1,383.93,238.87
296.47,362.6,351.93,511.93
184.47,305,297.53,385
87.4,215.4,306.07,431.93
114.07,1,226.07,134.33
257,438.33,329.53,511.93
108.73,363.67,221.8,431.93
168.47,305,333.8,511.93
1,1,79.933,107.67
91.667,449,183.4,511.93
251.67,125.8,383.93,511.93
181.27,43.667,315.67,308.2
233.53,343.4,351.93,511.93
140.73,84.2,247.4,305
145,42.6,197.27,84.2
68.2,447.93,129,504.47
129,326.33,207.93,418.07
87.4,163.13,194.07,424.47
230.33,1,364.73,249.53
91.667,385,239.93,511.93
95.933,211.13,193,379.67
244.2,241,383.93,511.93
1,1,75.667,99.133
153.53,1,257,286.87
1,1,169.53,163.13
197.27,207.93,247.4,286.87
1,200.47,94.867,367.93
188.73,1,236.73,98.067
65,211.13,199.4,417
269.8,455.4,351.93,511.93
113,307.13,246.33,431.93
155.67,67.133,198.33,138.6
167.4,1,276.2,211.13
114.07,1,231.4,109.8
1,290.07,110.87,461.8
113,137.53,185.53,306.07
1,1,75.667,41.533
1,193,94.867,367.93
77.8,1,120.47,45.8
182.33,1,305,374.33
86.333,99.133,166.33,183.4
99.133,156.73,146.07,303.93
204.73,1,341.27,295.4
284.73,343.4,330.6,445.8
1,209,89.533,271.93
168.47,302.87,351.93,511.93
244.2,397.8,293.27,466.07
20.2,53.267,85.267,108.73
114.07,1,351.93,511.93
159.93,326.33,222.87,374.33
239.93,309.27,296.47,374.33
229.27,1,271.93,65
209,456.47,255.93,511.93
237.8,305,295.4,365.8
127.93,67.133,329.53,511.93
65,211.13,205.8,417
156.73,1,207.93,79.933
230.33,1,383.93,255.93
1,407.4,79.933,485.27
313.53,4.2,354.07,159.93
99.133,273,165.27,382.87
108.73,373.27,159.93,418.07
230.33,1,347.67,278.33
151.4,414.87,242.07,484.2
1,447.93,71.4,495.93
157.8,353,220.73,420.2
286.87,78.867,383.93,511.93
51.133,1,104.47,43.667
209,457.53,258.07,511.93
143.93,395.67,238.87,453.27
314.6,1,383.93,243.13
1,369,127.93,511.93
230.33,1,306.07,95.933
95.933,211.13,205.8,417
102.33,140.73,174.87,287.93
132.2,270.87,297.53,411.67
135.4,1,197.27,75.667
335.93,1,383.93,141.8
167.4,15.933,269.8,211.13
233.53,366.87,351.93,511.93
1,243.13,70.333,367.93
66.067,146.07,143.93,303.93
79.933,335.93,137.53,417
143.93,62.867,203.67,145
86.333,59.667,203.67,245.27
230.33,298.6,319.93,466.07
125.8,1,181.27,66.067
252.73,130.07,344.47,317.8
95.933,1,172.73,50.067
1,405.27,97,495.93
108.73,290.07,351.93,511.93
241,36.2,287.93,175.93
113,60.733,155.67,111.93
1,433,61.8,479.93
186.6,145,239.93,239.93
1,1,181.27,163.13
15.933,145,145,271.93
1,385,253.8,511.93
137.53,11.667,181.27,62.867
167.4,250.6,247.4,366.87
1,209,89.533,289
111.93,94.867,185.53,230.33
97,385,255.93,511.93
1,1,85.267,108.73
1,1,348.73,511.93
291.13,239.93,383.93,511.93
290.07,269.8,383.93,511.93
291.13,363.67,362.6,511.93
157.8,369,202.6,409.53
270.87,196.2,315.67,315.67
1,248.47,86.333,367.93
65,225,111.93,351.93
122.6,279.4,199.4,348.73
337,1,383.93,86.333
219.67,290.07,297.53,348.73
215.4,259.13,298.6,316.73
180.2,1,303.93,374.33
57.533,1,185.53,230.33
331.67,298.6,383.93,449
219.67,284.73,305,361.53
204.73,332.73,282.6,414.87
1,1,211.13,113
127.93,253.8,193,310.33
153.53,69.267,257,286.87
292.2,223.93,344.47,278.33
215.4,259.13,298.6,365.8
190.87,305,296.47,409.53
171.67,65,291.13,292.2
130.07,137.53,182.33,280.47
184.47,181.27,247.4,286.87
1,137.53,199.4,461.8
298.6,232.47,341.27,277.27
319.93,331.67,383.93,511.93
204.73,1,287.93,175.93
190.87,290.07,351.93,511.93
1,1,73.533,100.2
182.33,1,314.6,374.33
115.13,299.67,167.4,395.67
269.8,189.8,341.27,312.47
65,1,169.53,163.13
1,362.6,137.53,504.47
60.733,1,120.47,83.133
87.4,163.13,190.87,424.47
1,290.07,88.467,385
129,360.47,175.93,411.67
140.73,90.6,188.73,241
1,127.93,111.93,367.93
218.6,285.8,298.6,349.8
1,408.47,119.4,497
110.87,279.4,316.73,420.2
162.07,449,255.93,511.93
269.8,189.8,341.27,277.27
171.67,1,291.13,292.2
234.6,305,296.47,365.8
292.2,223.93,333.8,278.33
270.87,196.2,344.47,315.67
102.33,157.8,145,241
222.87,365.8,271.93,414.87
233.53,307.13,278.33,362.6
196.2,340.2,333.8,511.93
1,59.667,203.67,245.27
1,127.93,145,367.93
174.87,130.07,239.93,280.47
248.47,355.13,351.93,511.93
7.4,1,51.133,67.133
133.27,289,199.4,374.33
189.8,1,346.6,264.47
122.6,285.8,187.67,348.73
195.13,161,235.67,238.87
177,397.8,245.27,455.4
203.67,298.6,319.93,511.93
251.67,407.4,333.8,511.93
168.47,142.87,255.93,293.27
342.33,1,383.93,83.133
215.4,259.13,319.93,411.67
113,279.4,246.33,431.93
71.4,1,156.73,101.27
57.533,1,169.53,108.73
233.53,307.13,297.53,377.53
34.067,296.47,93.8,350.87
196.2,305,295.4,414.87
148.2,326.33,207.93,420.2
182.33,65,300.73,292.2
113,355.13,221.8,431.93
1,405.27,71.4,495.93
1,225,110.87,461.8
114.07,1,271.93,305
274.07,153.53,347.67,237.8
1,73.533,99.133,207.93
284.73,343.4,351.93,506.6
125.8,1,257,286.87
297.53,241,383.93,449
97,449,198.33,511.93
1,145,143.93,367.93
60.733,1,125.8,50.067
175.93,142.87,255.93,293.27
125.8,62.867,186.6,241
268.73,366.87,351.93,511.93
204.73,1,341.27,277.27
132.2,270.87,308.2,411.67
17,447.93,71.4,490.6
323.13,429.8,383.93,511.93
116.2,300.73,162.07,398.87
311.4,1,383.93,270.87
1,1,61.8,41.533
296.47,302.87,351.93,511.93
218.6,35.133,263.4,183.4
68.2,25.533,127.93,90.6
1,73.533,119.4,222.87
342.33,428.73,383.93,493.8
193,110.87,237.8,223.93
155.67,118.33,271.93,293.27
81,385,135.4,471.4
43.667,1,207.93,92.733
180.2,190.87,233.53,293.27
114.07,1,181.27,62.867
230.33,1,347.67,260.2
1,193,63.933,254.87
190.87,395.67,238.87,453.27
283.67,205.8,341.27,271.93
95.933,211.13,193,390.33
125.8,1,269.8,290.07
222.87,365.8,282.6,414.87
65,290.07,134.33,413.8
1,127.93,101.27,367.93
59.667,30.867,138.6,105.53
10.6,225,89.533,271.93
1,9.5333,43.667,103.4
39.4,466.07,127.93,511.93
204.73,1,271.93,126.87
327.4,364.73,383.93,511.93
204.73,1,287.93,204.73
109.8,247.4,194.07,372.2
314.6,1,376.47,117.27
234.6,177,300.73,292.2
15.933,145,105.53,206.87
292.2,239.93,383.93,511.93
129,71.4,319.93,511.93
17,26.6,67.133,101.27
184.47,305,316.73,414.87
283.67,1,338.07,148.2
233.53,305,297.53,385
1,1,74.6,70.333
313.53,269.8,366.87,351.93
254.87,391.4,301.8,452.2
83.133,412.73,136.47,478.87
130.07,137.53,175.93,280.47
1,49,73.533,113
129,71.4,269.8,420.2
202.6,155.67,297.53,348.73
1,146.07,209,486.33
17,26.6,86.333,105.53
1,1,136.47,90.6
1,209,46.867,254.87
274.07,153.53,323.13,231.4
230.33,1,316.73,182.33
184.47,250.6,305,367.93
1,1,86.333,105.53
171.67,145,253.8,292.2
221.8,290.07,319.93,511.93
157.8,277.27,251.67,420.2
108.73,247.4,194.07,418.07
190.87,290.07,319.93,511.93
1,1,74.6,113
207.93,1,346.6,146.07
138.6,1,207.93,108.73
313.53,269.8,383.93,511.93
1,405.27,129,504.47
313.53,4.2,367.93,213.27
114.07,279.4,199.4,383.93
167.4,250.6,306.07,377.53
125.8,1,182.33,60.733
146.07,108.73,203.67,190.87
1,433,71.4,485.27
1,200.47,86.333,367.93
254.87,401,295.4,452.2
136.47,11.667,181.27,66.067
114.07,312.47,175.93,383.93
265.53,290.07,338.07,385
1,26.6,86.333,105.53
12.733,290.07,110.87,461.8
171.67,145,237.8,291.13
153.53,326.33,216.47,418.07
194.07,119.4,263.4,275.13
110.87,279.4,205.8,395.67
1,73.533,99.133,222.87
10.6,239.93,65,289
68.2,1,197.27,92.733
334.87,415.93,383.93,493.8
129,71.4,253.8,420.2
43.667,1,197.27,92.733
190.87,309.27,296.47,409.53
1,1,73.533,113
65,335.93,238.87,489.53
129,277.27,262.33,420.2
184.47,250.6,247.4,367.93
65,1,169.53,101.27
1,405.27,62.867,479.93
95.933,297.53,149.27,379.67
141.8,291.13,205.8,366.87
113,300.73,162.07,383.93
125.8,1,180.2,60.733
125.8,1,181.27,62.867
1,1,75.667,100.2
139.67,1,231.4,88.467
233.53,374.33,281.53,424.47
219.67,284.73,305,348.73
338.07,1,383.93,143.93
142.87,285.8,187.67,330.6
182.33,65,259.13,211.13
79.933,335.93,238.87,489.53
87.4,236.73,190.87,424.47
184.47,277.27,251.67,340.2
97,385,242.07,484.2
153.53,326.33,223.93,411.67
297.53,363.67,347.67,504.47
125.8,1,207.93,134.33
1,145,143.93,303.93
283.67,1,355.13,172.73
49,175.93,95.933,271.93
189.8,61.8,239.93,153.53
258.07,73.533,383.93,334.87
269.8,189.8,337,270.87
33,290.07,95.933,351.93
47.933,466.07,127.93,511.93
251.67,125.8,341.27,312.47
143.93,1,257,286.87
1,125.8,95.933,207.93
189.8,61.8,231.4,127.93
153.53,71.4,195.13,132.2
1,83.133,173.8,207.93
289,414.87,334.87,498.07
68.2,1,170.6,82.067
63.933,362.6,137.53,451.13
1,1,146.07,142.87
177,455.4,239.93,511.93
217.53,154.6,263.4,275.13
182.33,270.87,247.4,339.13
202.6,155.67,303.93,374.33
7.4,1,79.933,71.4
184.47,1,276.2,115.13
342.33,415.93,383.93,493.8
98.067,385,159.93,463.93
254.87,391.4,319.93,511.93
297.53,241,383.93,345.53
338.07,1,383.93,101.27
260.2,186.6,315.67,308.2
190.87,309.27,296.47,511.93
162.07,114.07,209,170.6
258.07,73.533,383.93,511.93
95.933,137.53,185.53,398.87
245.27,339.13,296.47,411.67
146.07,84.2,193,134.33
1,433,99.133,497
142.87,71.4,255.93,293.27
98.067,407.4,191.93,489.53
286.87,356.2,348.73,511.93
68.2,407.4,129,504.47
127.93,308.2,223.93,418.07
184.47,104.47,247.4,305
248.47,369,303.93,426.6
125.8,1,206.87,134.33
119.4,9.5333,180.2,60.733
175.93,449,231.4,511.93
20.2,53.267,75.667,107.67
108.73,340.2,271.93,437.27
135.4,289,184.47,355.13
142.87,71.4,209,170.6
239.93,309.27,296.47,365.8
297.53,355.13,351.93,511.93
223.93,265.53,305,361.53
4.2,53.267,69.267,107.67
1,4.2,70.333,74.6
129,241,185.53,299.67
1,1,133.27,113
215.4,147.13,271.93,284.73
114.07,1,172.73,61.8
270.87,297.53,349.8,385
8.4667,3.1333,74.6,70.333
138.6,1,255.93,293.27
138.6,73.533,183.4,120.47
137.53,340.2,271.93,437.27
311.4,260.2,383.93,511.93
169.53,136.47,307.13,328.47
39.4,453.27,127.93,511.93
113,270.87,303.93,418.07
215.4,147.13,271.93,290.07
189.8,177,307.13,328.47
146.07,84.2,229.27,230.33
258.07,219.67,302.87,295.4
113,287.93,184.47,395.67
116.2,271.93,191.93,321
129,237.8,199.4,290.07
125.8,1,206.87,79.933
129,211.13,193,299.67
60.733,1,120.47,45.8
1,92.733,101.27,207.93
1,99.133,163.13,183.4
113,270.87,303.93,423.4
204.73,155.67,257,276.2
113,241,185.53,306.07
147.13,418.07,239.93,470.33
230.33,379.67,301.8,466.07
142.87,71.4,195.13,134.33
1,1,50.067,41.533
63.933,362.6,209,486.33
12.733,146.07,209,486.33
269.8,189.8,335.93,260.2
233.53,305,296.47,364.73
287.93,375.4,346.6,511.93
313.53,269.8,383.93,351.93
1,71.4,166.33,183.4
97,385,161,447.93
50.067,145,105.53,199.4
1,73.533,49,147.13
188.73,1,276.2,115.13
1,145,105.53,255.93
116.2,365.8,202.6,415.93
1,28.733,73.533,100.2
87.4,342.33,138.6,424.47
203.67,331.67,250.6,410.6
82.067,407.4,126.87,471.4
190.87,341.27,255.93,409.53
77.8,1,168.47,50.067
114.07,1,171.67,61.8
135.4,1,184.47,61.8
252.73,391.4,333.8,511.93
253.8,417,312.47,484.2
99.133,287.93,165.27,382.87
1,26.6,70.333,113
189.8,49,311.4,302.87
159.93,307.13,246.33,374.33
233.53,278.33,303.93,363.67
4.2,53.267,56.467,107.67
1,175.93,95.933,255.93
248.47,363.67,351.93,511.93
133.27,289,188.73,335.93
230.33,379.67,319.93,511.93
1,114.07,239.93,511.93
1,26.6,59.667,113
1,225,111.93,385
1,433,79.933,485.27
265.53,290.07,319.93,385
44.733,65,146.07,142.87
157.8,277.27,295.4,420.2
182.33,65,225,173.8
233.53,278.33,303.93,377.53
194.07,258.07,236.73,303.93
138.6,73.533,203.67,190.87
245.27,298.6,319.93,411.67
14.867,26.6,73.533,100.2
1,1,67.133,41.533
251.67,407.4,302.87,486.33
223.93,265.53,306.07,374.33
283.67,205.8,344.47,271.93
230.33,1,355.13,182.33
108.73,373.27,167.4,418.07
1,127.93,101.27,207.93
54.333,1,125.8,50.067
194.07,161,263.4,292.2
113,330.6,165.27,382.87
258.07,180.2,311.4,295.4
1,60.733,166.33,286.87
182.33,1,305,294.33
250.6,124.73,302.87,295.4
1,78.867,173.8,207.93
1,225,94.867,367.93
207.93,1,327.4,131.13
1,1,74.6,75.667
71.4,1,159.93,163.13
158.87,270.87,253.8,343.4
193,110.87,267.67,284.73
196.2,307.13,333.8,511.93
1,353,79.933,485.27
158.87,273,247.4,343.4
265.53,310.33,306.07,374.33
12.733,146.07,143.93,461.8
184.47,1,276.2,153.53
162.07,118.33,209,170.6
233.53,309.27,351.93,511.93
204.73,332.73,245.27,410.6
39.4,463.93,127.93,511.93
110.87,33,158.87,92.733
7.4,1,85.267,108.73
1,45.8,133.27,113
215.4,259.13,319.93,511.93
114.07,313.53,175.93,383.93
286.87,78.867,383.93,449
223.93,280.47,275.13,328.47
233.53,98.067,289,290.07
113,145,165.27,187.67
184.47,181.27,247.4,305
65,383.93,106.6,450.07
196.2,66.067,239.93,153.53
1,1,46.867,50.067
278.33,69.267,346.6,146.07
1,114.07,179.13,287.93
167.4,15.933,259.13,211.13
1,114.07,119.4,207.93
169.53,130.07,253.8,294.33
230.33,1,330.6,97
204.73,331.67,250.6,410.6
97,163.13,190.87,346.6
102.33,130.07,182.33,280.47
79.933,335.93,191.93,489.53
129,71.4,263.4,420.2
162.07,449,223.93,511.93
49,145,143.93,286.87
116.2,365.8,202.6,411.67
1,353,239.93,511.93
77.8,1,125.8,69.267
258.07,180.2,319.93,380.73
308.2,359.4,348.73,476.73
129,289,207.93,420.2
270.87,241,383.93,449
264.47,186.6,315.67,308.2
252.73,363.67,351.93,511.93
138.6,59.667,203.67,190.87
113,300.73,162.07,398.87
109.8,271.93,191.93,372.2
221.8,375.4,278.33,511.93
135.4,1,194.07,61.8
189.8,49,311.4,295.4
113,287.93,223.93,418.07
1,92.733,101.27,168.47
203.67,298.6,319.93,466.07
291.13,289,353,511.93
118.33,137.53,199.4,345.53
10.6,200.47,86.333,289
248.47,369,333.8,511.93
162.07,118.33,219.67,202.6
1,28.733,73.533,113
182.33,1,300.73,292.2
189.8,49,270.87,264.47
25.533,225,111.93,367.93
119.4,1,194.07,61.8
252.73,369,333.8,511.93
1,353,106.6,485.27
259.13,438.33,306.07,511.93
135.4,289,184.47,337
181.27,43.667,280.47,270.87
21.267,159.93,97,232.47
79.933,335.93,121.53,417
250.6,65,316.73,174.87
7.4,1,74.6,67.133
198.33,1,263.4,183.4
113,355.13,202.6,411.67
86.333,99.133,166.33,245.27
113,342.33,202.6,411.67
102.33,156.73,145,275.13
150.33,1,207.93,85.267
183.4,145,233.53,259.13
1,177,97,367.93
274.07,1,383.93,255.93
66.067,145,143.93,286.87
140.73,90.6,186.6,241
25.533,290.07,93.8,367.93
146.07,285.8,187.67,330.6
1,63.933,44.733,113
15.933,145,145,241
108.73,299.67,167.4,418.07
1,1,120.47,102.33
168.47,307.13,333.8,511.93
1,127.93,101.27,168.47
1,175.93,95.933,254.87
65,211.13,199.4,413.8
129,277.27,243.13,420.2
153.53,69.267,257,276.2
269.8,189.8,310.33,312.47
233.53,343.4,333.8,511.93
102.33,130.07,165.27,245.27
250.6,124.73,311.4,295.4
1,71.4,163.13,183.4
118.33,237.8,199.4,345.53
1,1,75.667,71.4
127.93,253.8,199.4,310.33
129,67.133,257,294.33
21.267,159.93,81,232.47
222.87,49,311.4,295.4
233.53,98.067,298.6,302.87
188.73,1,250.6,82.067
165.27,277.27,243.13,339.13
83.133,412.73,136.47,491.67
222.87,49,270.87,264.47
28.733,159.93,81,232.47
194.07,455.4,239.93,495.93
10.6,200.47,65,289
1,225,72.467,367.93
189.8,260.2,253.8,316.73
165.27,277.27,243.13,359.4
67.133,31.933,151.4,101.27
66.067,60.733,166.33,286.87
129,356.2,175.93,398.87
187.67,181.27,233.53,286.87
1,209,94.867,367.93
186.6,1,271.93,126.87
153.53,308.2,223.93,418.07
107.67,395.67,242.07,484.2
31.933,273,94.867,338.07
171.67,145,263.4,292.2
81,290.07,134.33,390.33
1,225,86.333,367.93
286.87,392.47,334.87,498.07
54.333,1,125.8,69.267
189.8,260.2,307.13,328.47
111.93,94.867,165.27,163.13
187.67,181.27,233.53,282.6
233.53,307.13,278.33,349.8
68.2,25.533,158.87,92.733
25.533,290.07,88.467,367.93
156.73,1,206.87,79.933
127.93,11.667,181.27,66.067
200.47,161,263.4,292.2
98.067,410.6,174.87,489.53
148.2,279.4,199.4,330.6
118.33,283.67,171.67,345.53
182.33,145,233.53,292.2
248.47,406.33,313.53,511.93
148.2,364.73,207.93,417
129,279.4,207.93,420.2
20.2,53.267,75.667,99.133
158.87,270.87,247.4,343.4
1,405.27,62.867,474.6
110.87,279.4,205.8,420.2
250.6,44.733,347.67,260.2
76.733,1,172.73,50.067
1,4.2,58.6,74.6
327.4,409.53,383.93,511.93
183.4,145,233.53,261.27
10.6,225,63.933,271.93
49,145,143.93,303.93
83.133,412.73,198.33,511.93
1,193,97,367.93
158.87,274.07,247.4,343.4
200.47,161,263.4,275.13
84.2,45.8,132.2,94.867
180.2,65,231.4,201.53
91.667,45.8,132.2,94.867
233.53,374.33,302.87,486.33
46.867,83.133,173.8,207.93
204.73,1,263.4,126.87
250.6,65,323.13,231.4
87.4,163.13,244.2,437.27
162.07,449,233.53,511.93
259.13,414.87,319.93,511.93
25.533,290.07,95.933,366.87
206.87,274.07,247.4,314.6
169.53,130.07,253.8,290.07
116.2,333.8,162.07,398.87
98.067,417,177,486.33
133.27,1,194.07,61.8
254.87,401,313.53,511.93
102.33,156.73,145,241
1,225,70.333,367.93
162.07,114.07,219.67,202.6
1,225,46.867,271.93
114.07,1,231.4,88.467
87.4,97,173.8,207.93
68.2,1,172.73,92.733
34.067,290.07,95.933,351.93
248.47,403.13,313.53,511.93
230.33,1,316.73,174.87
135.4,289,207.93,420.2
163.13,326.33,223.93,380.73
65,225,111.93,303.93
132.2,287.93,223.93,411.67
102.33,140.73,179.13,287.93
10.6,219.67,65,289
341.27,415.93,383.93,511.93
138.6,73.533,253.8,292.2
158.87,302.87,212.2,343.4
51.133,1,172.73,92.733
270.87,212.2,315.67,315.67
250.6,343.4,333.8,511.93
193,104.47,235.67,221.8
113,312.47,155.67,395.67
113,299.67,165.27,382.87
203.67,357.27,262.33,405.27
17,51.133,67.133,101.27
115.13,305,167.4,395.67
188.73,1,250.6,65
158.87,270.87,303.93,377.53
162.07,118.33,207.93,202.6
66.067,1,207.93,101.27
161,326.33,205.8,387.13
187.67,181.27,228.2,259.13
274.07,174.87,323.13,231.4
98.067,410.6,174.87,463.93
99.133,287.93,159.93,382.87
129,326.33,207.93,420.2
66.067,30.867,106.6,84.2
174.87,130.07,253.8,290.07
230.33,1,278.33,46.867
132.2,287.93,184.47,335.93
132.2,270.87,247.4,411.67
162.07,1,205.8,75.667
127.93,1,182.33,60.733
18.067,225,63.933,271.93
42.6,1,207.93,101.27
218.6,290.07,298.6,349.8
198.33,1,250.6,82.067
143.93,70.333,190.87,158.87
51.133,71.4,146.07,117.27
13.8,289,110.87,461.8
125.8,74.6,186.6,241
210.07,456.47,255.93,511.93
87.4,99.133,163.13,175.93
125.8,65,196.2,109.8
1,125.8,81,207.93
68.2,1,172.73,90.6
31.933,289,110.87,461.8
313.53,269.8,375.4,358.33
250.6,374.33,333.8,511.93
197.27,216.47,247.4,284.73
127.93,411.67,242.07,484.2
153.53,366.87,216.47,418.07
1,1,79.933,100.2
205.8,1,250.6,65
250.6,44.733,347.67,237.8
190.87,198.33,257,280.47
98.067,385,239.93,470.33
138.6,326.33,223.93,411.67
113,330.6,158.87,382.87
268.73,69.267,346.6,146.07
139.67,1,180.2,60.733
182.33,270.87,247.4,333.8
115.13,312.47,167.4,395.67
115.13,312.47,167.4,389.27
130.07,226.07,174.87,280.47
91.667,449,191.93,511.93
127.93,211.13,199.4,310.33
1,72.467,70.333,113
231.4,342.33,329.53,511.93
63.933,362.6,126.87,471.4
341.27,54.333,383.93,255.93
268.73,366.87,310.33,485.27
63.933,351.93,104.47,441.53
233.53,278.33,298.6,349.8
125.8,5.2667,172.73,57.533
1,82.067,159.93,163.13
321,298.6,383.93,449
245.27,333.8,319.93,411.67
127.93,289,205.8,420.2
284.73,343.4,327.4,394.6
234.6,278.33,298.6,326.33
129,289,205.8,420.2
162.07,114.07,203.67,157.8
289,297.53,349.8,385
66.067,30.867,138.6,94.867
181.27,1,231.4,109.8
172.73,277.27,243.13,339.13
1,27.667,73.533,113
51.133,65,146.07,117.27
1,45.8,59.667,113
63.933,362.6,118.33,451.13
87.4,60.733,165.27,175.93
129,241,171.67,299.67
75.667,25.533,127.93,77.8
1,466.07,127.93,511.93
108.73,373.27,149.27,418.07
244.2,380.73,334.87,511.93
291.13,363.67,353,511.93
147.13,407.4,253.8,511.93
14.867,225,63.933,271.93
227.13,273,269.8,313.53
35.133,1,180.2,60.733
258.07,139.67,310.33,260.2
75.667,7.4,117.27,67.133
99.133,321,159.93,382.87
215.4,147.13,267.67,284.73
182.33,145,253.8,292.2
214.33,99.133,291.13,289
81,385,253.8,511.93
167.4,15.933,229.27,173.8
182.33,145,233.53,291.13
230.33,305,296.47,466.07
84.2,31.933,134.33,87.4
331.67,303.93,383.93,449
1,57.533,73.533,113
184.47,287.93,237.8,340.2
116.2,333.8,162.07,383.93
165.27,277.27,243.13,372.2
175.93,388.2,218.6,430.87
1,406.33,47.933,474.6
162.07,1,231.4,88.467
297.53,390.33,351.93,511.93
155.67,82.067,196.2,132.2
114.07,1,172.73,50.067
118.33,298.6,164.2,345.53
142.87,279.4,205.8,366.87
148.2,364.73,207.93,420.2
177,181.27,236.73,286.87
60.733,1,119.4,45.8
258.07,180.2,302.87,295.4
190.87,198.33,281.53,301.8
87.4,83.133,173.8,207.93
254.87,401,319.93,511.93
167.4,15.933,225,173.8
265.53,298.6,319.93,396.73
341.27,454.33,383.93,511.93
189.8,198.33,307.13,328.47
77.8,1,120.47,69.267
313.53,269.8,383.93,358.33
175.93,142.87,219.67,202.6
147.13,407.4,253.8,481
202.6,155.67,298.6,348.73
190.87,287.93,243.13,339.13
265.53,333.8,319.93,396.73
196.2,340.2,243.13,399.93
250.6,65,307.13,174.87
1,248.47,72.467,367.93
244.2,380.73,348.73,511.93
138.6,78.867,198.33,134.33
153.53,366.87,204.73,411.67
138.6,59.667,198.33,134.33
249.53,1,306.07,95.933
1,45.8,70.333,113
253.8,417,312.47,511.93
86.333,99.133,163.13,183.4
99.133,290.07,159.93,382.87
200.47,236.73,257,280.47
1,72.467,59.667,113
340.2,102.33,383.93,238.87
183.4,145,237.8,261.27
81,385,183.4,511.93
203.67,331.67,262.33,410.6
17,51.133,67.133,100.2
204.73,305,295.4,414.87
125.8,1,182.33,84.2
269.8,1,324.2,86.333
172.73,277.27,247.4,372.2
216.47,182.33,257,276.2
35.133,1,172.73,51.133
145,59.667,193,109.8
174.87,135.4,233.53,259.13
179.13,325.27,223.93,372.2
180.2,65,223.93,201.53
66.067,225,111.93,302.87
90.6,449,183.4,511.93
143.93,67.133,257,294.33
150.33,36.2,199.4,85.267
113,60.733,165.27,165.27
12.733,289,110.87,461.8
274.07,78.867,363.67,239.93
81,290.07,134.33,374.33
97,236.73,190.87,346.6
167.4,15.933,259.13,197.27
133.27,9.5333,180.2,60.733
99.133,321,158.87,382.87
184.47,305,262.33,372.2
179.13,301.8,247.4,372.2
1,130.07,94.867,207.93
196.2,340.2,271.93,408.47
129,364.73,207.93,417
187.67,181.27,247.4,286.87
84.2,31.933,134.33,94.867
129,326.33,207.93,417
249.53,1,330.6,97
153.53,366.87,204.73,418.07
259.13,438.33,313.53,511.93
269.8,455.4,333.8,511.93
341.27,54.333,383.93,193
250.6,65,347.67,237.8
287.93,356.2,348.73,511.93
157.8,277.27,329.53,511.93
313.53,269.8,366.87,358.33
142.87,315.67,201.53,366.87
177,181.27,247.4,286.87
66.067,1,172.73,101.27
167.4,15.933,207.93,89.533
267.67,179.13,310.33,260.2
42.6,9.5333,85.267,71.4
84.2,98.067,159.93,163.13
197.27,207.93,247.4,284.73
227.13,273,298.6,316.73
230.33,339.13,296.47,466.07
14.867,209,63.933,271.93
103.4,140.73,166.33,238.87
217.53,357.27,271.93,408.47
67.133,42.6,155.67,101.27
169.53,136.47,239.93,278.33
263.4,433,333.8,511.93
302.87,297.53,349.8,367.93
84.2,31.933,151.4,94.867
218.6,35.133,259.13,197.27
81,408.47,135.4,471.4
283.67,205.8,337,271.93
233.53,305,295.4,385
241,187.67,289,290.07
200.47,198.33,257,280.47
169.53,130.07,257,294.33
252.73,309.27,296.47,365.8
1,114.07,99.133,207.93
287.93,375.4,334.87,459.67
174.87,135.4,239.93,280.47
283.67,205.8,325.27,271.93
268.73,69.267,311.4,124.73
103.4,140.73,174.87,280.47
219.67,305,262.33,364.73
313.53,269.8,375.4,351.93
129,237.8,175.93,280.47
119.4,1,168.47,50.067
87.4,97,163.13,175.93
297.53,241,383.93,353
103.4,97,163.13,175.93
223.93,280.47,297.53,328.47
341.27,102.33,383.93,243.13
244.2,397.8,329.53,511.93
184.47,277.27,242.07,340.2
44.733,466.07,127.93,511.93
143.93,67.133,198.33,158.87
1,1,74.6,74.6
125.8,1,184.47,84.2
66.067,1,170.6,101.27
248.47,366.87,329.53,511.93
259.13,438.33,302.87,489.53
1,239.93,72.467,367.93
129,356.2,205.8,420.2
77.8,1,170.6,50.067
249.53,1,324.2,95.933
125.8,1,182.33,65
219.67,205.8,297.53,348.73
203.67,357.27,271.93,414.87
125.8,1,203.67,145
219.67,280.47,297.53,348.73
287.93,375.4,348.73,511.93
84.2,31.933,141.8,87.4
8.4667,11.667,53.267,70.333
203.67,342.33,316.73,414.87
157.8,327.4,222.87,420.2
330.6,241,383.93,345.53
142.87,279.4,205.8,378.6
249.53,23.4,306.07,95.933
321,303.93,383.93,449
262.33,463.93,306.07,511.93
101.27,97,163.13,175.93
248.47,342.33,329.53,511.93
1,106.6,49,147.13
142.87,315.67,205.8,366.87
231.4,407.4,275.13,511.93
75.667,7.4,117.27,58.6
129,237.8,174.87,280.47
184.47,277.27,237.8,340.2
81,303.93,133.27,374.33
67.133,1,170.6,101.27
133.27,289,189.8,342.33
297.53,267.67,356.2,353
184.47,305,244.2,372.2
265.53,349.8,316.73,398.87
286.87,380.73,334.87,498.07
244.2,397.8,293.27,501.27
248.47,396.73,329.53,511.93
237.8,305,290.07,365.8
248.47,403.13,329.53,511.93
81,412.73,135.4,471.4
114.07,42.6,155.67,92.733
257,438.33,306.07,511.93
174.87,135.4,216.47,205.8
188.73,327.4,244.2,372.2
265.53,342.33,316.73,398.87
341.27,102.33,383.93,193
31.933,200.47,86.333,254.87
248.47,406.33,312.47,511.93
287.93,375.4,334.87,489.53
157.8,367.93,205.8,420.2
341.27,102.33,383.93,171.67
157.8,367.93,205.8,409.53
297.53,267.67,356.2,313.53
103.4,99.133,163.13,175.93
177,353,220.73,393.53
174.87,142.87,216.47,205.8
155.67,82.067,198.33,138.6
143.93,78.867,190.87,158.87
184.47,294.33,237.8,340.2
157.8,369,205.8,409.53
234.6,177,289,278.33
98.067,410.6,159.93,463.93
