89.533,1,343.4,397.8
1,1,189.8,293.27
1,1,383.93,511.93
297.53,1,383.93,511.93
213.27,318.87,356.2,511.93
1,1,383.93,315.67
1,1,345.53,511.93
1,1,193,204.73
115.13,251.67,285.8,292.2
70.333,43.667,325.27,308.2
1,1,213.27,511.93
1,1,321,511.93
1,298.6,248.47,511.93
157.8,141.8,337,299.67
1,317.8,356.2,511.93
1,1,189.8,196.2
1,43.667,383.93,511.93
52.2,358.33,129,511.93
1,19.133,191.93,174.87
298.6,1,383.93,435.13
1,183.4,356.2,511.93
133.27,450.07,222.87,511.93
227.13,313.53,365.8,511.93
1,1,345.53,293.27
133.27,446.87,184.47,504.47
72.467,6.3333,130.07,50.067
274.07,203.67,322.07,275.13
1,183.4,383.93,511.93
1,151.4,322.07,511.93
166.33,70.333,330.6,214.33
1,1,193,294.33
1,317.8,211.13,511.93
195.13,1,332.73,165.27
129,386.07,203.67,511.93
1,68.2,322.07,315.67
198.33,317.8,360.47,511.93
1,1,365.8,511.93
1,315.67,243.13,511.93
17,257,321,511.93
1,199.4,203.67,511.93
30.867,59.667,116.2,163.13
1,1,383.93,268.73
287.93,1,383.93,501.27
1,309.27,148.2,511.93
87.4,252.73,255.93,312.47
178.07,1,345.53,239.93
1,309.27,159.93,511.93
1,183.4,323.13,305
1,200.47,94.867,293.27
1,177,285.8,315.67
234.6,153.53,291.13,202.6
28.733,1,213.27,139.67
34.067,394.6,76.733,491.67
231.4,361.53,319.93,452.2
18.067,427.67,85.267,511.93
70.333,43.667,342.33,373.27
1,1,191.93,196.2
1,319.93,119.4,511.93
1,1,205.8,293.27
317.8,120.47,383.93,501.27
1,309.27,283.67,511.93
57.533,1,203.67,107.67
157.8,1,383.93,511.93
318.87,359.4,365.8,511.93
1,273,285.8,383.93
1,193,130.07,310.33
1,114.07,184.47,196.2
1,5.2667,154.6,136.47
298.6,1,383.93,511.93
1,309.27,248.47,511.93
1,201.53,322.07,404.2
157.8,333.8,210.07,392.47
129,346.6,211.13,511.93
335.93,235.67,383.93,470.33
213.27,43.667,383.93,511.93
207.93,316.73,248.47,511.93
124.73,316.73,360.47,511.93
118.33,238.87,205.8,293.27
287.93,1,383.93,511.93
34.067,405.27,76.733,491.67
156.73,273,291.13,324.2
57.533,1,364.73,511.93
1,1,194.07,195.13
227.13,1,383.93,511.93
126.87,68.2,322.07,276.2
97,70.333,332.73,303.93
317.8,1,383.93,441.53
227.13,313.53,345.53,511.93
153.53,344.47,211.13,472.47
296.47,227.13,355.13,380.73
1,1,191.93,310.33
321,137.53,383.93,511.93
70.333,1,205.8,293.27
206.87,1,383.93,268.73
1,273,360.47,511.93
1,201.53,100.2,293.27
115.13,251.67,285.8,293.27
1,321,74.6,429.8
1,1,191.93,511.93
1,316.73,131.13,511.93
127.93,322.07,211.13,511.93
1,193,129,292.2
1,1,163.13,195.13
1,318.87,130.07,511.93
157.8,22.333,340.2,299.67
284.73,43.667,383.93,511.93
225,199.4,327.4,281.53
129,393.53,211.13,511.93
47.933,257,321,511.93
1,1,360.47,511.93
123.67,153.53,344.47,511.93
89.533,70.333,326.33,292.2
57.533,1,344.47,511.93
234.6,395.67,331.67,467.13
115.13,251.67,287.93,293.27
135.4,325.27,201.53,393.53
86.333,155.67,139.67,197.27
70.333,1,342.33,373.27
17,430.87,111.93,511.93
305,344.47,348.73,419.13
57.533,1,383.93,511.93
87.4,243.13,255.93,312.47
1,1,213.27,246.33
1,334.87,129,511.93
1,251.67,285.8,358.33
1,1,70.333,47.933
1,183.4,323.13,387.13
1,334.87,125.8,511.93
196.2,149.27,301.8,279.4
129,317.8,267.67,511.93
236.73,1,303.93,108.73
97,1,345.53,399.93
91.667,61.8,321,292.2
1,201.53,148.2,511.93
203.67,140.73,274.07,183.4
166.33,100.2,307.13,182.33
1,321,74.6,422.33
105.53,333.8,211.13,470.33
194.07,1,383.93,268.73
78.867,243.13,255.93,317.8
1,321,74.6,511.93
143.93,1,383.93,268.73
89.533,1,332.73,292.2
166.33,75.667,325.27,215.4
1,19.133,191.93,196.2
143.93,347.67,201.53,449
97,70.333,345.53,399.93
115.13,251.67,203.67,293.27
161,43.667,335.93,233.53
1,151.4,322.07,355.13
254.87,44.733,307.13,116.2
157.8,1,358.33,299.67
1,1,187.67,199.4
242.07,201.53,322.07,276.2
1,1,77.8,47.933
1,319.93,126.87,511.93
1,1,187.67,292.2
1,201.53,365.8,511.93
195.13,1,383.93,164.2
1,199.4,203.67,292.2
297.53,73.533,356.2,222.87
273,197.27,383.93,511.93
1,1,383.93,195.13
1,114.07,74.6,195.13
127.93,322.07,211.13,474.6
1,291.13,285.8,511.93
165.27,1,358.33,163.13
1,1,196.2,196.2
153.53,449,216.47,502.33
146.07,70.333,261.27,228.2
271.93,1,383.93,501.27
1,1,213.27,254.87
127.93,151.4,292.2,299.67
20.2,21.267,169.53,131.13
197.27,242.07,322.07,355.13
75.667,59.667,116.2,117.27
1,251.67,360.47,511.93
1,339.13,53.267,424.47
1,321,243.13,511.93
227.13,313.53,383.93,511.93
245.27,460.73,356.2,511.93
1,318.87,77.8,498.07
57.533,1,201.53,107.67
203.67,153.53,291.13,230.33
227.13,49,345.53,239.93
1,199.4,203.67,297.53
231.4,361.53,319.93,407.4
296.47,217.53,353,434.07
125.8,355.13,174.87,404.2
134.33,1,184.47,46.867
98.067,125.8,180.2,195.13
243.13,319.93,345.53,511.93
1,276.2,205.8,324.2
197.27,70.333,261.27,110.87
273,217.53,356.2,434.07
153.53,1,194.07,109.8
72.467,318.87,125.8,423.4
1,291.13,360.47,511.93
1,242.07,322.07,355.13
185.53,316.73,248.47,407.4
35.133,427.67,76.733,491.67
1,129,59.667,199.4
73.533,1,173.8,65
78.867,30.867,189.8,196.2
1,318.87,131.13,511.93
212.2,317.8,264.47,358.33
89.533,126.87,139.67,171.67
158.87,159.93,203.67,228.2
1,201.53,100.2,292.2
58.6,318.87,130.07,511.93
91.667,180.2,239.93,292.2
1,11.667,163.13,195.13
131.13,318.87,247.4,511.93
94.867,78.867,180.2,168.47
143.93,43.667,335.93,233.53
1,1,191.93,195.13
1,295.4,202.6,511.93
124.73,316.73,248.47,511.93
212.2,317.8,360.47,511.93
98.067,47.933,158.87,90.6
201.53,1,358.33,114.07
1,367.93,131.13,511.93
166.33,100.2,330.6,214.33
1,183.4,323.13,358.33
249.53,313.53,314.6,359.4
273,204.73,345.53,399.93
40.467,1,173.8,65
129,318.87,254.87,511.93
1,183.4,130.07,310.33
81,393.53,126.87,458.6
127.93,385,203.67,511.93
126.87,68.2,261.27,237.8
232.47,199.4,342.33,373.27
1,201.53,104.47,292.2
161,70.333,307.13,226.07
27.667,373.27,85.267,511.93
135.4,325.27,201.53,449
106.6,193,161,242.07
212.2,317.8,356.2,511.93
1,377.53,43.667,426.6
227.13,317.8,298.6,409.53
124.73,317.8,222.87,511.93
225,317.8,360.47,511.93
100.2,11.667,163.13,76.733
262.33,199.4,327.4,280.47
229.27,444.73,356.2,511.93
72.467,1,156.73,50.067
119.4,277.27,321,359.4
98.067,155.67,201.53,246.33
161,202.6,258.07,249.53
97,139.67,298.6,303.93
127.93,316.73,248.47,511.93
130.07,1,202.6,116.2
133.27,466.07,222.87,511.93
125.8,347.67,188.73,404.2
206.87,1,383.93,511.93
124.73,317.8,201.53,388.2
1,273,285.8,511.93
290.07,53.267,330.6,150.33
253.8,22.333,340.2,217.53
1,321,75.667,444.73
47.933,257,321,359.4
227.13,317.8,383.93,511.93
206.87,225,279.4,281.53
188.73,1,383.93,164.2
185.53,313.53,364.73,511.93
287.93,1,383.93,300.73
302.87,1,383.93,164.2
1,309.27,365.8,511.93
143.93,180.2,213.27,258.07
123.67,317.8,247.4,511.93
165.27,75.667,264.47,163.13
130.07,1,191.93,99.133
86.333,436.2,129,511.93
1,251.67,285.8,315.67
97,70.333,330.6,303.93
161,158.87,233.53,219.67
124.73,317.8,210.07,392.47
1,200.47,274.07,293.27
282.6,207.93,342.33,373.27
129,317.8,214.33,449
255.93,138.6,315.67,196.2
213.27,328.47,267.67,511.93
1,248.47,54.333,293.27
239.93,238.87,319.93,363.67
86.333,1,193,197.27
1,183.4,170.6,293.27
33,317.8,211.13,511.93
324.2,385,364.73,511.93
297.53,56.467,356.2,222.87
227.13,317.8,345.53,511.93
46.867,127.93,174.87,195.13
138.6,151.4,292.2,299.67
126.87,317.8,267.67,511.93
1,1,187.67,91.667
1,1,63.933,110.87
29.8,318.87,74.6,381.8
296.47,217.53,356.2,434.07
52.2,319.93,123.67,423.4
131.13,159.93,203.67,237.8
126.87,70.333,261.27,237.8
58.6,1,119.4,44.733
243.13,358.33,326.33,462.87
69.267,8.4667,187.67,91.667
1,21.267,142.87,194.07
58.6,318.87,125.8,456.47
13.8,59.667,55.4,109.8
124.73,316.73,210.07,362.6
93.8,204.73,170.6,287.93
61.8,334.87,124.73,438.33
1,1,91.667,47.933
259.13,43.667,335.93,216.47
135.4,8.4667,193,125.8
161,158.87,233.53,226.07
269.8,203.67,322.07,275.13
129,318.87,247.4,511.93
1,115.13,184.47,196.2
271.93,210.07,322.07,280.47
123.67,317.8,202.6,376.47
227.13,217.53,383.93,511.93
196.2,1,332.73,150.33
274.07,210.07,323.13,286.87
271.93,120.47,383.93,501.27
125.8,318.87,199.4,403.13
1,318.87,74.6,491.67
1,295.4,202.6,424.47
161,181.27,207.93,244.2
156.73,289,321,333.8
105.53,334.87,211.13,470.33
259.13,61.8,335.93,216.47
125.8,355.13,188.73,404.2
227.13,317.8,319.93,422.33
1,309.27,201.53,511.93
1,1,185.53,65
212.2,49,345.53,239.93
321,141.8,383.93,511.93
169.53,70.333,322.07,209
133.27,180.2,203.67,250.6
70.333,83.133,142.87,189.8
52.2,319.93,125.8,511.93
45.8,26.6,159.93,132.2
1,339.13,53.267,458.6
259.13,140.73,330.6,216.47
234.6,395.67,308.2,441.53
129,328.47,267.67,511.93
1,99.133,139.67,199.4
161,346.6,206.87,392.47
218.6,1,315.67,116.2
225,238.87,319.93,363.67
127.93,396.73,203.67,511.93
251.67,142.87,311.4,223.93
1,315.67,210.07,387.13
212.2,180.2,253.8,229.27
1,194.07,148.2,511.93
1,273,153.53,314.6
61.8,380.73,129,511.93
194.07,1,332.73,150.33
58.6,356.2,127.93,466.07
290.07,53.267,332.73,150.33
127.93,396.73,168.47,511.93
1,444.73,56.467,511.93
70.333,111.93,196.2,236.73
1,201.53,59.667,292.2
227.13,317.8,321,511.93
255.93,44.733,307.13,116.2
195.13,70.333,262.33,116.2
123.67,317.8,202.6,377.53
253.8,1,303.93,90.6
130.07,1,216.47,106.6
268.73,213.27,343.4,397.8
1,118.33,202.6,246.33
1,193,130.07,293.27
139.67,403.13,184.47,495.93
328.47,197.27,383.93,511.93
97,158.87,233.53,285.8
178.07,1,310.33,180.2
133.27,344.47,243.13,511.93
70.333,111.93,205.8,293.27
91.667,194.07,184.47,292.2
203.67,317.8,360.47,511.93
239.93,253.8,319.93,363.67
302.87,1,383.93,511.93
204.73,178.07,289,235.67
132.2,180.2,244.2,308.2
9.5333,372.2,53.267,455.4
1,285.8,284.73,358.33
249.53,314.6,305,367.93
61.8,383.93,124.73,438.33
130.07,1,196.2,106.6
183.4,1,332.73,150.33
97,183.4,202.6,285.8
229.27,378.6,282.6,436.2
98.067,34.067,191.93,195.13
1,236.73,120.47,310.33
1,291.13,285.8,358.33
232.47,207.93,342.33,373.27
257,313.53,316.73,363.67
69.267,8.4667,172.73,74.6
1,321,53.267,429.8
262.33,166.33,322.07,276.2
169.53,98.067,211.13,170.6
219.67,1,332.73,150.33
1,201.53,322.07,324.2
1,321,74.6,499.13
154.6,333.8,210.07,392.47
70.333,1,119.4,44.733
161,43.667,335.93,226.07
129,325.27,201.53,449
250.6,132.2,327.4,238.87
127.93,322.07,222.87,511.93
229.27,450.07,356.2,511.93
213.27,238.87,356.2,511.93
322.07,385,383.93,511.93
1,21.267,189.8,195.13
297.53,207.93,342.33,373.27
129,317.8,356.2,511.93
1,226.07,87.4,274.07
298.6,1,383.93,297.53
255.93,242.07,322.07,293.27
234.6,429.8,331.67,489.53
24.467,201.53,69.267,246.33
335.93,1,383.93,299.67
132.2,180.2,258.07,308.2
1,318.87,76.733,511.93
81,318.87,123.67,424.47
57.533,1,321,292.2
124.73,317.8,201.53,372.2
129,333.8,223.93,511.93
72.467,318.87,125.8,456.47
153.53,449,215.4,502.33
111.93,194.07,184.47,241
99.133,218.6,197.27,291.13
1,94.867,62.867,147.13
195.13,1,311.4,111.93
70.333,190.87,184.47,271.93
196.2,106.6,322.07,209
166.33,43.667,325.27,215.4
36.2,316.73,124.73,436.2
174.87,142.87,311.4,233.53
228.2,452.2,277.27,503.4
1,43.667,62.867,152.47
33,394.6,77.8,497
129,389.27,223.93,511.93
227.13,318.87,319.93,407.4
296.47,217.53,351.93,434.07
161,170.6,292.2,281.53
61.8,383.93,104.47,488.47
185.53,109.8,315.67,196.2
133.27,449,184.47,504.47
57.533,1,333.8,292.2
72.467,318.87,123.67,423.4
297.53,205.8,353,419.13
125.8,317.8,210.07,404.2
157.8,333.8,211.13,466.07
303.93,463.93,345.53,511.93
197.27,271.93,291.13,316.73
229.27,385,383.93,511.93
129,382.87,201.53,451.13
1,318.87,199.4,511.93
1,321,51.133,454.33
28.733,1,119.4,44.733
193,316.73,248.47,511.93
161,151.4,292.2,281.53
1,21.267,58.6,195.13
24.467,201.53,69.267,242.07
33,358.33,129,511.93
70.333,180.2,196.2,236.73
115.13,1,193,125.8
200.47,99.133,303.93,142.87
45.8,26.6,153.53,132.2
1,291.13,285.8,387.13
127.93,322.07,211.13,463.93
1,377.53,43.667,454.33
98.067,118.33,202.6,246.33
185.53,100.2,307.13,182.33
126.87,68.2,261.27,243.13
115.13,1,184.47,46.867
221.8,394.6,356.2,511.93
252.73,49,325.27,150.33
165.27,57.533,270.87,163.13
1,318.87,254.87,511.93
253.8,1,303.93,108.73
28.733,1,207.93,139.67
69.267,1,187.67,91.667
1,276.2,211.13,324.2
55.4,1,173.8,65
228.2,211.13,298.6,303.93
180.2,183.4,323.13,305
1,321,75.667,429.8
78.867,440.47,131.13,511.93
28.733,435.13,90.6,511.93
1,59.667,62.867,194.07
157.8,170.6,322.07,299.67
156.73,153.53,344.47,373.27
227.13,49,327.4,239.93
1,282.6,148.2,511.93
206.87,1,311.4,111.93
305,205.8,350.87,358.33
185.53,109.8,307.13,163.13
165.27,57.533,303.93,163.13
1,282.6,285.8,324.2
324.2,367.93,364.73,511.93
158.87,98.067,211.13,228.2
1,21.267,100.2,195.13
1,1,191.93,110.87
60.733,356.2,127.93,457.53
70.333,11.667,163.13,189.8
1,199.4,108.73,293.27
79.933,348.73,124.73,424.47
97,139.67,273,285.8
52.2,319.93,126.87,511.93
186.6,142.87,311.4,233.53
30.867,99.133,82.067,153.53
1,21.267,74.6,195.13
1,183.4,136.47,293.27
335.93,373.27,383.93,511.93
142.87,337,211.13,503.4
1,338.07,42.6,404.2
113,234.6,169.53,285.8
1,318.87,77.8,511.93
1,21.267,104.47,195.13
135.4,49,185.53,125.8
165.27,291.13,285.8,351.93
230.33,391.4,300.73,441.53
97,183.4,202.6,262.33
1,1,194.07,109.8
285.8,1,356.2,87.4
70.333,180.2,261.27,308.2
203.67,204.73,322.07,299.67
119.4,277.27,321,333.8
1,321,129,511.93
30.867,113,82.067,163.13
185.53,100.2,322.07,276.2
131.13,437.27,223.93,511.93
268.73,281.53,334.87,378.6
1,201.53,104.47,294.33
26.6,220.73,104.47,292.2
166.33,70.333,307.13,182.33
70.333,190.87,184.47,292.2
229.27,391.4,356.2,511.93
1,1,172.73,199.4
1,316.73,127.93,511.93
29.8,318.87,74.6,373.27
86.333,47.933,185.53,197.27
1,183.4,202.6,293.27
1,1,45.8,110.87
178.07,75.667,321,210.07
227.13,317.8,321,422.33
196.2,149.27,301.8,232.47
207.93,316.73,248.47,478.87
273,204.73,343.4,390.33
125.8,333.8,210.07,404.2
180.2,204.73,323.13,305
273,232.47,341.27,390.33
318.87,50.067,383.93,435.13
271.93,205.8,353,419.13
106.6,194.07,161,242.07
58.6,356.2,131.13,511.93
1,321,74.6,450.07
1,282.6,205.8,324.2
124.73,318.87,199.4,403.13
328.47,411.67,383.93,511.93
318.87,131.13,365.8,223.93
1,200.47,170.6,293.27
264.47,201.53,322.07,276.2
1,201.53,57.533,292.2
129,386.07,203.67,452.2
1,318.87,126.87,511.93
79.933,358.33,123.67,424.47
93.8,204.73,134.33,262.33
1,1,116.2,195.13
206.87,204.73,323.13,305
22.333,367.93,113,511.93
28.733,1,150.33,44.733
178.07,75.667,325.27,215.4
107.67,1,173.8,65
132.2,180.2,261.27,308.2
297.53,85.267,350.87,222.87
157.8,195.13,207.93,250.6
201.53,1,291.13,94.867
154.6,333.8,210.07,393.53
253.8,111.93,321,210.07
1,5.2667,154.6,199.4
24.467,114.07,72.467,157.8
298.6,1,356.2,87.4
303.93,441.53,345.53,511.93
1,1,54.333,110.87
102.33,194.07,184.47,264.47
218.6,153.53,291.13,202.6
72.467,318.87,123.67,424.47
182.33,1,333.8,171.67
1,201.53,72.467,270.87
124.73,317.8,210.07,404.2
197.27,246.33,244.2,308.2
195.13,211.13,298.6,303.93
198.33,204.73,323.13,305
229.27,232.47,277.27,281.53
127.93,317.8,247.4,511.93
230.33,394.6,292.2,461.8
92.733,218.6,205.8,293.27
78.867,319.93,123.67,423.4
153.53,344.47,211.13,473.53
30.867,113,91.667,163.13
81,355.13,125.8,456.47
135.4,47.933,185.53,125.8
36.2,367.93,131.13,511.93
130.07,1,194.07,116.2
124.73,317.8,197.27,372.2
129,386.07,203.67,503.4
142.87,333.8,211.13,503.4
212.2,141.8,299.67,204.73
197.27,236.73,269.8,278.33
130.07,1,332.73,165.27
30.867,79.933,154.6,193
1,321,92.733,483.13
1,321,75.667,455.4
181.27,151.4,291.13,202.6
314.6,351.93,364.73,511.93
182.33,1,333.8,150.33
135.4,325.27,201.53,370.07
22.333,383.93,62.867,495.93
158.87,70.333,261.27,228.2
228.2,453.27,277.27,503.4
72.467,317.8,211.13,423.4
329.53,282.6,383.93,511.93
227.13,318.87,356.2,511.93
89.533,159.93,203.67,292.2
1,177,274.07,293.27
60.733,367.93,127.93,457.53
89.533,204.73,170.6,292.2
194.07,1,315.67,116.2
27.667,114.07,88.467,155.67
86.333,117.27,178.07,197.27
91.667,187.67,184.47,292.2
149.27,235.67,249.53,289
127.93,355.13,185.53,405.27
234.6,437.27,356.2,511.93
206.87,211.13,298.6,303.93
268.73,227.13,343.4,378.6
233.53,241,279.4,281.53
267.67,22.333,322.07,171.67
181.27,151.4,284.73,191.93
185.53,114.07,294.33,163.13
229.27,211.13,277.27,281.53
78.867,185.53,136.47,291.13
1,5.2667,151.4,136.47
161,202.6,277.27,281.53
218.6,1,284.73,74.6
127.93,396.73,222.87,511.93
180.2,236.73,269.8,278.33
127.93,385,222.87,511.93
34.067,334.87,125.8,511.93
105.53,333.8,243.13,511.93
229.27,319.93,329.53,438.33
229.27,437.27,356.2,511.93
1,318.87,74.6,454.33
227.13,313.53,364.73,511.93
98.067,155.67,201.53,225
1,429.8,46.867,511.93
1,373.27,67.133,499.13
243.13,359.4,323.13,457.53
1,309.27,148.2,491.67
253.8,1,315.67,103.4
139.67,449,184.47,495.93
193,1,315.67,116.2
130.07,4.2,173.8,65
337,205.8,383.93,441.53
133.27,401,222.87,511.93
262.33,201.53,323.13,286.87
89.533,159.93,326.33,292.2
276.2,199.4,337,268.73
104.47,1,193,110.87
23.4,234.6,69.267,275.13
1,1,173.8,110.87
98.067,131.13,201.53,246.33
164.2,190.87,326.33,289
203.67,204.73,291.13,296.47
22.333,1,185.53,65
98.067,131.13,202.6,246.33
131.13,344.47,223.93,511.93
259.13,129,330.6,216.47
185.53,316.73,248.47,392.47
244.2,429.8,356.2,511.93
335.93,197.27,383.93,511.93
1,452.2,56.467,511.93
143.93,126.87,185.53,168.47
227.13,314.6,321,422.33
93.8,204.73,170.6,265.53
1,318.87,74.6,382.87
243.13,314.6,348.73,501.27
129,346.6,222.87,511.93
227.13,313.53,321,422.33
1,315.67,195.13,383.93
193,70.333,262.33,116.2
271.93,203.67,322.07,283.67
274.07,203.67,321,275.13
213.27,318.87,319.93,452.2
34.067,401,75.667,498.07
133.27,451.13,209,504.47
201.53,213.27,271.93,264.47
102.33,194.07,184.47,241
78.867,78.867,180.2,195.13
229.27,444.73,330.6,511.93
225,100.2,302.87,141.8
22.333,383.93,131.13,511.93
74.6,322.07,123.67,424.47
62.867,316.73,124.73,424.47
229.27,319.93,356.2,511.93
1,213.27,94.867,292.2
129,386.07,223.93,511.93
37.267,438.33,107.67,511.93
239.93,253.8,300.73,314.6
99.133,317.8,210.07,387.13
60.733,367.93,107.67,437.27
178.07,75.667,310.33,180.2
284.73,217.53,344.47,373.27
121.53,295.4,314.6,359.4
1,321,75.667,458.6
231.4,319.93,319.93,407.4
126.87,318.87,254.87,511.93
98.067,155.67,201.53,232.47
1,273,285.8,315.67
161,170.6,277.27,281.53
95.933,218.6,205.8,293.27
100.2,317.8,210.07,387.13
27.667,428.73,85.267,511.93
131.13,70.333,261.27,237.8
178.07,75.667,264.47,122.6
1,11.667,163.13,194.07
1,200.47,108.73,293.27
68.2,318.87,123.67,424.47
262.33,201.53,322.07,276.2
162.07,180.2,203.67,227.13
157.8,170.6,219.67,259.13
227.13,318.87,319.93,408.47
1,199.4,115.13,293.27
229.27,201.53,279.4,281.53
148.2,236.73,238.87,282.6
206.87,139.67,273,184.47
228.2,378.6,321,511.93
67.133,437.27,113,511.93
77.8,316.73,124.73,387.13
124.73,316.73,210.07,403.13
262.33,204.73,323.13,286.87
227.13,318.87,319.93,452.2
1,318.87,74.6,511.93
143.93,181.27,213.27,258.07
131.13,333.8,223.93,511.93
271.93,210.07,322.07,257
285.8,1,358.33,114.07
81,393.53,124.73,456.47
117.27,125.8,165.27,183.4
61.8,383.93,111.93,511.93
165.27,75.667,321,210.07
297.53,43.667,356.2,292.2
212.2,317.8,329.53,438.33
253.8,22.333,340.2,210.07
227.13,314.6,356.2,511.93
1,1,156.73,195.13
126.87,134.33,199.4,178.07
227.13,318.87,360.47,511.93
53.267,334.87,125.8,509.8
87.4,427.67,131.13,511.93
227.13,317.8,356.2,511.93
1,201.53,93.8,292.2
156.73,199.4,344.47,373.27
1,321,85.267,511.93
180.2,220.73,269.8,278.33
219.67,1,303.93,108.73
1,137.53,55.4,195.13
71.4,11.667,163.13,97
229.27,429.8,356.2,511.93
193,1,333.8,150.33
197.27,246.33,244.2,298.6
131.13,190.87,202.6,237.8
185.53,109.8,322.07,276.2
140.73,5.2667,191.93,139.67
129,385,203.67,459.67
98.067,34.067,185.53,195.13
284.73,43.667,362.6,511.93
1,315.67,196.2,358.33
69.267,1,172.73,74.6
1,318.87,74.6,404.2
76.733,56.467,154.6,135.4
238.87,149.27,301.8,210.07
124.73,317.8,211.13,463.93
169.53,98.067,211.13,139.67
1,185.53,136.47,293.27
46.867,47.933,189.8,195.13
253.8,22.333,322.07,210.07
1,321,50.067,367.93
268.73,213.27,343.4,378.6
153.53,344.47,216.47,502.33
157.8,170.6,221.8,281.53
1,202.6,94.867,293.27
262.33,204.73,323.13,305
227.13,317.8,300.73,441.53
229.27,342.33,329.53,438.33
1,201.53,94.867,293.27
253.8,1,303.93,103.4
61.8,334.87,125.8,509.8
335.93,205.8,383.93,470.33
43.667,220.73,104.47,292.2
214.33,153.53,291.13,210.07
201.53,260.2,244.2,308.2
47.933,257,204.73,299.67
153.53,460.73,209,503.4
281.53,313.53,365.8,511.93
119.4,1,191.93,139.67
135.4,322.07,206.87,393.53
161,333.8,210.07,392.47
60.733,356.2,127.93,466.07
284.73,227.13,355.13,380.73
41.533,220.73,100.2,292.2
71.4,316.73,124.73,387.13
258.07,319.93,305,369
72.467,318.87,198.33,423.4
124.73,317.8,202.6,385
61.8,393.53,106.6,484.2
206.87,199.4,327.4,283.67
250.6,49,327.4,238.87
158.87,333.8,210.07,392.47
1,201.53,69.267,292.2
77.8,316.73,124.73,383.93
239.93,253.8,319.93,314.6
188.73,119.4,252.73,163.13
1,1,156.73,50.067
124.73,334.87,188.73,404.2
113,234.6,188.73,285.8
218.6,1,259.13,74.6
271.93,210.07,322.07,259.13
305,282.6,351.93,419.13
1,216.47,57.533,287.93
133.27,180.2,213.27,281.53
227.13,318.87,315.67,383.93
72.467,318.87,120.47,411.67
185.53,141.8,337,268.73
243.13,319.93,323.13,458.6
206.87,204.73,279.4,281.53
257,1,302.87,91.667
119.4,1,207.93,139.67
53.267,334.87,125.8,511.93
20.2,22.333,169.53,131.13
155.67,401,203.67,473.53
229.27,201.53,322.07,293.27
243.13,450.07,341.27,511.93
227.13,236.73,277.27,281.53
271.93,203.67,321,280.47
201.53,344.47,243.13,511.93
37.267,461.8,91.667,511.93
99.133,201.53,203.67,291.13
1,291.13,284.73,358.33
98.067,79.933,154.6,135.4
195.13,141.8,299.67,204.73
138.6,246.33,244.2,299.67
60.733,334.87,125.8,509.8
297.53,205.8,350.87,358.33
22.333,379.67,85.267,511.93
153.53,388.2,211.13,503.4
1,199.4,122.6,292.2
196.2,106.6,307.13,155.67
321,141.8,383.93,268.73
22.333,1,156.73,50.067
203.67,298.6,283.67,350.87
285.8,437.27,356.2,511.93
82.067,370.07,123.67,423.4
274.07,201.53,323.13,286.87
121.53,295.4,319.93,359.4
143.93,180.2,244.2,308.2
31.933,201.53,94.867,242.07
133.27,1,191.93,139.67
79.933,356.2,124.73,424.47
181.27,111.93,325.27,215.4
141.8,30.867,189.8,101.27
72.467,318.87,120.47,381.8
78.867,193,130.07,263.4
127.93,322.07,206.87,405.27
237.8,1,315.67,116.2
229.27,452.2,283.67,504.47
167.4,70.333,322.07,209
17,430.87,91.667,511.93
1,1,82.067,152.47
1,201.53,57.533,287.93
106.6,317.8,210.07,387.13
86.333,125.8,165.27,197.27
20.2,21.267,189.8,196.2
275.13,207.93,322.07,276.2
217.53,420.2,267.67,467.13
161,159.93,203.67,218.6
271.93,199.4,327.4,280.47
105.53,333.8,223.93,511.93
86.333,125.8,178.07,197.27
221.8,394.6,292.2,461.8
322.07,385,365.8,511.93
1,295.4,148.2,354.07
1,318.87,127.93,511.93
236.73,313.53,345.53,511.93
243.13,450.07,356.2,511.93
1,316.73,125.8,386.07
252.73,49,325.27,122.6
35.133,428.73,77.8,497
196.2,1,303.93,90.6
206.87,199.4,344.47,373.27
60.733,364.73,104.47,414.87
98.067,34.067,180.2,195.13
129,386.07,203.67,457.53
245.27,459.67,330.6,511.93
243.13,453.27,321,511.93
1,339.13,51.133,454.33
185.53,141.8,299.67,204.73
296.47,217.53,344.47,366.87
140.73,451.13,209,503.4
1,120.47,59.667,199.4
231.4,361.53,319.93,441.53
268.73,390.33,345.53,511.93
317.8,130.07,365.8,223.93
263.4,49,325.27,122.6
207.93,316.73,248.47,408.47
275.13,202.6,322.07,276.2
63.933,316.73,202.6,424.47
35.133,427.67,85.267,511.93
268.73,358.33,326.33,441.53
229.27,363.67,300.73,441.53
63.933,316.73,125.8,424.47
169.53,98.067,322.07,209
204.73,178.07,289,231.4
69.267,1,119.4,44.733
98.067,45.8,180.2,195.13
195.13,1,315.67,127.93
77.8,316.73,125.8,387.13
67.133,437.27,113,509.8
129,389.27,203.67,503.4
119.4,111.93,191.93,188.73
317.8,130.07,383.93,441.53
129,386.07,203.67,454.33
121.53,295.4,283.67,350.87
52.2,319.93,123.67,511.93
45.8,220.73,104.47,275.13
139.67,180.2,201.53,225
261.27,241,311.4,283.67
161,202.6,207.93,244.2
197.27,211.13,298.6,303.93
126.87,334.87,211.13,470.33
185.53,111.93,310.33,180.2
229.27,440.47,356.2,511.93
130.07,393.53,211.13,511.93
243.13,313.53,345.53,511.93
1,321,53.267,458.6
86.333,49,185.53,197.27
268.73,359.4,323.13,453.27
196.2,1,258.07,87.4
164.2,236.73,221.8,281.53
78.867,30.867,189.8,195.13
158.87,333.8,207.93,392.47
124.73,323.13,198.33,403.13
1,338.07,43.667,454.33
230.33,391.4,326.33,462.87
268.73,332.73,321,415.93
44.733,216.47,108.73,292.2
296.47,217.53,344.47,373.27
63.933,373.27,104.47,421.27
76.733,1,156.73,50.067
169.53,98.067,294.33,169.53
91.667,75.667,321,292.2
91.667,180.2,213.27,292.2
36.2,367.93,107.67,511.93
280.47,166.33,322.07,209
71.4,316.73,124.73,424.47
267.67,22.333,322.07,150.33
1,291.13,285.8,383.93
212.2,317.8,300.73,358.33
46.867,124.73,174.87,195.13
155.67,347.67,201.53,402.07
120.47,211.13,274.07,282.6
297.53,43.667,356.2,222.87
70.333,83.133,153.53,189.8
264.47,202.6,322.07,276.2
61.8,393.53,131.13,511.93
1,377.53,43.667,446.87
185.53,100.2,330.6,214.33
126.87,125.8,178.07,168.47
234.6,395.67,308.2,461.8
1,202.6,94.867,292.2
185.53,100.2,307.13,170.6
25.533,146.07,82.067,194.07
1,249.53,67.133,293.27
143.93,181.27,207.93,247.4
37.267,440.47,107.67,511.93
133.27,401,203.67,492.73
303.93,436.2,345.53,511.93
111.93,190.87,184.47,241
323.13,434.07,365.8,511.93
124.73,318.87,191.93,372.2
142.87,388.2,211.13,503.4
274.07,414.87,326.33,462.87
268.73,332.73,321,422.33
71.4,26.6,153.53,132.2
30.867,79.933,154.6,195.13
284.73,227.13,362.6,511.93
63.933,365.8,123.67,424.47
161,202.6,258.07,262.33
10.6,21.267,82.067,75.667
1,1,60.733,105.53
1,216.47,57.533,292.2
74.6,316.73,124.73,424.47
35.133,393.53,131.13,511.93
1,371.13,45.8,424.47
30.867,99.133,100.2,153.53
61.8,393.53,106.6,437.27
200.47,100.2,303.93,142.87
45.8,59.667,116.2,125.8
301.8,437.27,356.2,511.93
335.93,200.47,383.93,511.93
262.33,183.4,327.4,238.87
335.93,1,383.93,198.33
243.13,359.4,323.13,458.6
156.73,333.8,201.53,393.53
212.2,141.8,278.33,182.33
43.667,119.4,139.67,195.13
1,1,172.73,195.13
234.6,452.2,282.6,501.27
300.73,363.67,362.6,511.93
270.87,166.33,322.07,223.93
198.33,232.47,293.27,289
126.87,330.6,168.47,371.13
77.8,316.73,125.8,386.07
1,201.53,57.533,293.27
20.2,21.267,189.8,195.13
227.13,317.8,300.73,394.6
76.733,3.1333,156.73,50.067
22.333,367.93,90.6,511.93
1,226.07,87.4,280.47
22.333,383.93,90.6,511.93
164.2,241,221.8,281.53
124.73,317.8,202.6,376.47
317.8,130.07,365.8,244.2
228.2,444.73,356.2,511.93
24.467,114.07,100.2,195.13
335.93,382.87,383.93,511.93
296.47,227.13,343.4,315.67
47.933,79.933,154.6,193
335.93,235.67,383.93,511.93
225,204.73,279.4,281.53
52.2,380.73,113,484.2
155.67,347.67,201.53,449
1,321,53.267,483.13
196.2,170.6,242.07,232.47
78.867,127.93,174.87,195.13
98.067,55.4,180.2,195.13
1,318.87,127.93,475.67
1,200.47,94.867,292.2
337,235.67,383.93,440.47
183.4,111.93,321,210.07
200.47,100.2,302.87,142.87
203.67,295.4,283.67,350.87
268.73,358.33,321,415.93
257,1,302.87,89.533
1,322.07,47.933,422.33
253.8,111.93,315.67,201.53
61.8,373.27,127.93,475.67
274.07,210.07,323.13,259.13
234.6,395.67,308.2,452.2
264.47,166.33,322.07,276.2
126.87,334.87,198.33,403.13
253.8,1,315.67,108.73
133.27,180.2,207.93,281.53
305,363.67,362.6,511.93
222.87,153.53,291.13,210.07
243.13,358.33,348.73,501.27
120.47,131.13,185.53,174.87
155.67,347.67,201.53,393.53
267.67,40.467,322.07,122.6
337,332.73,383.93,440.47
78.867,370.07,123.67,423.4
1,99.133,100.2,199.4
249.53,313.53,319.93,379.67
255.93,44.733,301.8,108.73
165.27,111.93,252.73,163.13
258.07,319.93,315.67,383.93
212.2,141.8,282.6,193
1,100.2,55.4,195.13
229.27,444.73,274.07,511.93
233.53,236.73,277.27,281.53
337,205.8,383.93,440.47
1,201.53,69.267,287.93
36.2,367.93,107.67,437.27
78.867,193,130.07,291.13
151.4,1,194.07,116.2
1,321,46.867,404.2
257,319.93,305,379.67
29.8,318.87,127.93,475.67
186.6,169.53,281.53,233.53
257,313.53,316.73,356.2
177,401,222.87,507.67
201.53,418.07,243.13,511.93
234.6,450.07,341.27,511.93
328.47,411.67,371.13,511.93
61.8,380.73,113,484.2
10.6,1,82.067,75.667
257,1,302.87,79.933
34.067,401,77.8,498.07
164.2,236.73,207.93,281.53
125.8,180.2,196.2,236.73
63.933,316.73,136.47,424.47
259.13,140.73,330.6,214.33
140.73,34.067,191.93,139.67
25.533,146.07,107.67,195.13
63.933,365.8,116.2,421.27
297.53,436.2,345.53,511.93
27.667,429.8,85.267,511.93
145,4.2,185.53,65
1,321,74.6,388.2
198.33,196.2,326.33,289
164.2,241,205.8,281.53
231.4,452.2,321,511.93
1,43.667,55.4,109.8
203.67,316.73,248.47,392.47
157.8,170.6,219.67,250.6
201.53,173.8,255.93,229.27
61.8,383.93,104.47,438.33
124.73,317.8,202.6,371.13
271.93,203.67,322.07,280.47
178.07,75.667,302.87,140.73
70.333,113,139.67,189.8
261.27,241,322.07,299.67
1,5.2667,154.6,195.13
229.27,378.6,282.6,454.33
23.4,201.53,69.267,275.13
270.87,166.33,322.07,209
81,354.07,123.67,424.47
225,100.2,302.87,142.87
60.733,319.93,123.67,423.4
1,122.6,59.667,199.4
301.8,437.27,348.73,501.27
98.067,118.33,180.2,195.13
1,200.47,87.4,293.27
201.53,1,284.73,94.867
102.33,194.07,184.47,262.33
297.53,123.67,350.87,222.87
24.467,114.07,74.6,157.8
1,200.47,87.4,280.47
193,70.333,261.27,110.87
295.4,359.4,342.33,483.13
253.8,134.33,315.67,201.53
74.6,316.73,124.73,387.13
198.33,232.47,271.93,279.4
268.73,358.33,326.33,462.87
305,56.467,356.2,152.47
185.53,111.93,321,210.07
159.93,388.2,211.13,470.33
98.067,155.67,201.53,241
196.2,149.27,301.8,229.27
185.53,111.93,325.27,215.4
1,216.47,59.667,292.2
140.73,460.73,209,503.4
70.333,199.4,135.4,271.93
225,204.73,267.67,261.27
229.27,346.6,300.73,394.6
259.13,329.53,305,379.67
264.47,204.73,322.07,276.2
30.867,83.133,142.87,189.8
78.867,334.87,123.67,423.4
47.933,119.4,139.67,193
228.2,395.67,356.2,511.93
335.93,71.4,383.93,198.33
81,427.67,125.8,509.8
296.47,217.53,351.93,419.13
94.867,47.933,189.8,168.47
1,245.27,54.333,293.27
250.6,132.2,325.27,215.4
257,1,303.93,103.4
274.07,202.6,322.07,276.2
1,201.53,46.867,246.33
201.53,211.13,274.07,278.33
27.667,383.93,90.6,511.93
28.733,321,75.667,435.13
239.93,253.8,300.73,309.27
111.93,194.07,161,241
1,213.27,108.73,293.27
305,363.67,360.47,511.93
1,94.867,62.867,194.07
1,201.53,51.133,292.2
1,21.267,58.6,140.73
267.67,22.333,322.07,122.6
121.53,11.667,163.13,74.6
329.53,282.6,375.4,450.07
56.467,220.73,104.47,283.67
1,318.87,74.6,440.47
1,21.267,82.067,194.07
22.333,379.67,63.933,504.47
335.93,200.47,383.93,470.33
73.533,318.87,120.47,363.67
234.6,395.67,308.2,438.33
169.53,98.067,294.33,163.13
120.47,211.13,274.07,278.33
56.467,220.73,104.47,265.53
76.733,79.933,154.6,135.4
60.733,354.07,104.47,414.87
237.8,149.27,301.8,220.73
302.87,1,383.93,268.73
253.8,149.27,301.8,209
284.73,287.93,334.87,378.6
130.07,420.2,184.47,511.93
228.2,378.6,282.6,503.4
98.067,125.8,168.47,195.13
280.47,150.33,322.07,209
157.8,180.2,203.67,250.6
318.87,131.13,383.93,408.47
1,59.667,116.2,195.13
161,195.13,207.93,237.8
28.733,321,92.733,435.13
1,1,60.733,44.733
257,1,302.87,103.4
1,213.27,108.73,292.2
45.8,69.267,88.467,125.8
335.93,1,383.93,297.53
334.87,22.333,383.93,164.2
61.8,373.27,106.6,437.27
302.87,1,383.93,101.27
201.53,149.27,301.8,229.27
185.53,111.93,315.67,201.53
254.87,149.27,301.8,209
243.13,452.2,321,511.93
229.27,319.93,319.93,422.33
178.07,81,232.47,122.6
321,156.73,381.8,268.73
147.13,389.27,203.67,457.53
185.53,111.93,315.67,204.73
237.8,149.27,301.8,210.07
24.467,202.6,72.467,250.6
283.67,436.2,345.53,511.93
38.333,468.2,85.267,511.93
99.133,218.6,203.67,291.13
51.133,202.6,170.6,287.93
25.533,83.133,142.87,189.8
1,365.8,42.6,440.47
89.533,125.8,139.67,171.67
329.53,282.6,375.4,439.4
237.8,1,315.67,108.73
1,1,63.933,47.933
1,339.13,53.267,429.8
274.07,226.07,322.07,275.13
94.867,11.667,163.13,74.6
280.47,203.67,321,257
228.2,452.2,274.07,501.27
7.4,318.87,74.6,410.6
268.73,390.33,340.2,446.87
257,319.93,305,367.93
1,21.267,47.933,104.47
229.27,378.6,307.13,460.73
35.133,466.07,90.6,511.93
141.8,49,189.8,101.27
100.2,11.667,163.13,74.6
268.73,390.33,323.13,445.8
302.87,461.8,356.2,511.93
227.13,318.87,286.87,382.87
270.87,150.33,322.07,209
245.27,450.07,330.6,511.93
228.2,452.2,321,511.93
30.867,108.73,82.067,163.13
29.8,318.87,74.6,410.6
98.067,47.933,189.8,101.27
1,21.267,58.6,107.67
25.533,146.07,82.067,193
89.533,125.8,139.67,186.6
1,340.2,51.133,454.33
113,83.133,153.53,132.2
45.8,220.73,100.2,290.07
72.467,3.1333,156.73,50.067
274.07,450.07,315.67,490.6
93.8,204.73,170.6,262.33
297.53,460.73,356.2,511.93
34.067,401,75.667,490.6
35.133,466.07,94.867,511.93
1,321,50.067,440.47
318.87,1,383.93,89.533
302.87,1,358.33,101.27
115.13,194.07,184.47,241
297.53,85.267,356.2,222.87
337,350.87,383.93,440.47
98.067,83.133,153.53,143.93
333.8,1,383.93,46.867
1,43.667,62.867,147.13
1,126.87,59.667,194.07
305,363.67,345.53,445.8
1,21.267,55.4,195.13
341.27,205.8,383.93,408.47
318.87,1,383.93,164.2
70.333,11.667,163.13,74.6
98.067,83.133,142.87,143.93
1,321,50.067,374.33
229.27,378.6,282.6,443.67
228.2,452.2,277.27,511.93
81,334.87,123.67,424.47
45.8,69.267,101.27,125.8
131.13,470.33,223.93,511.93
10.6,220.73,100.2,292.2
268.73,390.33,323.13,453.27
1,140.73,107.67,195.13
229.27,319.93,305,394.6
1,226.07,94.867,292.2
215.4,181.27,255.93,228.2
188.73,111.93,315.67,201.53
46.867,146.07,100.2,195.13
1,201.53,51.133,250.6
318.87,131.13,383.93,435.13
335.93,382.87,383.93,470.33
10.6,248.47,57.533,292.2
47.933,83.133,142.87,189.8
324.2,412.73,364.73,511.93
45.8,220.73,100.2,283.67
268.73,390.33,323.13,441.53
70.333,119.4,139.67,189.8
228.2,453.27,274.07,501.27
71.4,26.6,151.4,97
