127.93,1,383.93,511.93
253.8,221.8,345.53,278.33
195.13,1,383.93,322.07
124.73,247.4,275.13,417
203.67,223.93,277.27,270.87
1,1,383.93,511.93
181.27,1,383.93,283.67
1,1,217.53,436.2
152.47,1,353,323.13
1,1,278.33,511.93
195.13,1,383.93,511.93
158.87,117.27,345.53,307.13
132.2,1,383.93,370.07
213.27,338.07,273,383.93
92.733,1,245.27,324.2
222.87,252.73,338.07,322.07
1,1,217.53,419.13
225,70.333,383.93,282.6
1,312.47,278.33,511.93
1,295.4,134.33,503.4
150.33,1,383.93,511.93
239.93,75.667,280.47,169.53
136.47,299.67,275.13,380.73
1,1,223.93,435.13
195.13,159.93,383.93,511.93
221.8,1,341.27,169.53
1,1,383.93,419.13
1,283.67,383.93,511.93
181.27,1,383.93,511.93
184.47,153.53,243.13,219.67
127.93,1,383.93,260.2
200.47,179.13,241,219.67
227.13,1,273,44.733
247.4,283.67,383.93,511.93
1,1,223.93,413.8
194.07,1,383.93,511.93
155.67,1,330.6,273
229.27,1,383.93,511.93
1,1,220.73,436.2
1,1,289,511.93
221.8,1,330.6,169.53
239.93,20.2,289,141.8
221.8,1,383.93,511.93
1,238.87,383.93,511.93
233.53,153.53,383.93,281.53
239.93,1,327.4,125.8
227.13,1,383.93,172.73
129,309.27,243.13,372.2
79.933,468.2,278.33,511.93
1,1,383.93,436.2
1,1,242.07,419.13
1,212.2,278.33,511.93
1,260.2,171.67,511.93
180.2,1,383.93,511.93
46.867,253.8,246.33,383.93
225,70.333,383.93,227.13
132.2,247.4,275.13,355.13
269.8,119.4,325.27,168.47
159.93,1,253.8,238.87
195.13,70.333,383.93,322.07
221.8,1,383.93,281.53
135.4,426.6,184.47,472.47
221.8,1,383.93,188.73
227.13,277.27,338.07,322.07
258.07,1,383.93,168.47
52.2,276.2,275.13,446.87
1,333.8,73.533,474.6
102.33,411.67,277.27,485.27
333.8,281.53,383.93,365.8
241,26.6,289,130.07
246.33,227.13,322.07,278.33
225,175.93,322.07,227.13
149.27,269.8,246.33,343.4
271.93,1,383.93,161
1,247.4,278.33,511.93
227.13,277.27,302.87,319.93
1,295.4,278.33,511.93
102.33,389.27,267.67,472.47
136.47,294.33,289,380.73
1,281.53,108.73,507.67
231.4,221.8,383.93,511.93
264.47,283.67,383.93,511.93
124.73,360.47,183.4,408.47
1,295.4,134.33,436.2
92.733,1,383.93,324.2
157.8,307.13,249.53,359.4
250.6,1,383.93,162.07
253.8,227.13,345.53,278.33
227.13,1,383.93,177
15.933,295.4,134.33,411.67
73.533,121.53,152.47,316.73
245.27,1,383.93,170.6
1,1,228.2,435.13
1,281.53,278.33,511.93
152.47,1,276.2,161
132.2,200.47,383.93,365.8
155.67,1,383.93,273
180.2,91.667,244.2,145
180.2,1,383.93,303.93
246.33,227.13,345.53,278.33
33,301.8,84.2,367.93
1,229.27,278.33,511.93
243.13,281.53,383.93,511.93
196.2,221.8,345.53,323.13
1,1,225,436.2
117.27,349.8,275.13,439.4
195.13,231.4,250.6,278.33
335.93,1,383.93,161
142.87,238.87,264.47,371.13
246.33,283.67,383.93,511.93
1,295.4,134.33,511.93
1,121.53,278.33,511.93
226.07,159.93,383.93,282.6
267.67,260.2,343.4,305
92.733,1,345.53,324.2
195.13,20.2,383.93,322.07
130.07,246.33,262.33,353
181.27,70.333,255.93,159.93
195.13,229.27,241,269.8
73.533,26.6,242.07,316.73
140.73,278.33,237.8,353
1,437.27,44.733,492.73
211.13,429.8,269.8,484.2
1,238.87,278.33,511.93
152.47,1,362.6,323.13
180.2,1,327.4,137.53
132.2,252.73,246.33,355.13
214.33,1,383.93,511.93
102.33,407.4,230.33,451.13
257,1,383.93,172.73
78.867,26.6,247.4,313.53
265.53,1,383.93,162.07
150.33,1,362.6,348.73
1,229.27,278.33,507.67
193,152.47,241,206.87
213.27,328.47,274.07,408.47
193,118.33,280.47,205.8
255.93,1,383.93,162.07
195.13,231.4,345.53,322.07
200.47,159.93,383.93,283.67
1,179.13,278.33,511.93
180.2,60.733,259.13,250.6
258.07,1,383.93,162.07
322.07,1,372.2,54.333
239.93,20.2,285.8,61.8
181.27,1,383.93,323.13
79.933,468.2,277.27,511.93
1,414.87,90.6,511.93
180.2,91.667,255.93,218.6
113,1,289,380.73
273,1,359.4,143.93
124.73,311.4,271.93,417
195.13,143.93,383.93,303.93
1,229.27,156.73,507.67
204.73,1,383.93,188.73
1,247.4,275.13,436.2
246.33,159.93,383.93,282.6
239.93,20.2,285.8,60.733
225,181.27,265.53,271.93
229.27,1,383.93,311.4
257,1,383.93,177
74.6,463.93,172.73,511.93
223.93,1,383.93,221.8
221.8,1,285.8,169.53
203.67,223.93,343.4,323.13
265.53,1,383.93,159.93
195.13,158.87,383.93,322.07
186.6,1,252.73,110.87
231.4,223.93,285.8,274.07
255.93,119.4,323.13,169.53
239.93,70.333,282.6,170.6
194.07,102.33,255.93,190.87
337,200.47,383.93,282.6
180.2,1,289,145
195.13,181.27,247.4,269.8
195.13,185.53,345.53,277.27
337,221.8,383.93,282.6
159.93,105.53,279.4,273
138.6,227.13,345.53,355.13
155.67,1,245.27,120.47
142.87,238.87,251.67,359.4
73.533,434.07,166.33,511.93
340.2,198.33,383.93,280.47
78.867,1,253.8,313.53
263.4,211.13,383.93,311.4
79.933,469.27,278.33,511.93
113,212.2,214.33,318.87
233.53,20.2,285.8,170.6
152.47,1,353,307.13
161,118.33,245.27,161
227.13,1,327.4,130.07
188.73,105.53,269.8,169.53
242.07,1,327.4,125.8
154.6,39.4,221.8,139.67
140.73,269.8,237.8,353
263.4,218.6,383.93,311.4
247.4,281.53,383.93,511.93
221.8,100.2,353,188.73
196.2,220.73,345.53,323.13
221.8,1,383.93,169.53
15.933,426.6,102.33,511.93
152.47,38.333,219.67,135.4
117.27,347.67,273,439.4
180.2,55.4,276.2,250.6
226.07,227.13,345.53,303.93
1,312.47,274.07,511.93
26.6,295.4,134.33,417
124.73,360.47,175.93,408.47
149.27,39.4,254.87,238.87
132.2,200.47,383.93,370.07
213.27,342.33,273,383.93
142.87,307.13,249.53,370.07
239.93,107.67,383.93,221.8
194.07,429.8,278.33,511.93
180.2,1,383.93,170.6
255.93,1,383.93,169.53
147.13,317.8,265.53,371.13
147.13,300.73,270.87,371.13
194.07,223.93,338.07,350.87
225,158.87,383.93,227.13
180.2,71.4,259.13,250.6
156.73,1,226.07,114.07
170.6,252.73,231.4,307.13
117.27,289,278.33,472.47
188.73,105.53,279.4,273
229.27,195.13,383.93,311.4
186.6,33,251.67,110.87
180.2,1,329.53,137.53
1,295.4,134.33,507.67
113,314.6,180.2,355.13
335.93,37.267,383.93,161
72.467,212.2,278.33,511.93
196.2,223.93,343.4,323.13
180.2,1,253.8,145
73.533,244.2,146.07,316.73
200.47,143.93,383.93,303.93
274.07,1,383.93,186.6
107.67,277.27,171.67,344.47
150.33,276.2,233.53,326.33
225,175.93,357.27,227.13
92.733,1,276.2,324.2
195.13,159.93,383.93,322.07
238.87,200.47,383.93,365.8
225,159.93,383.93,282.6
239.93,111.93,280.47,169.53
149.27,262.33,275.13,359.4
1,1,226.07,435.13
1,437.27,45.8,507.67
155.67,1,329.53,273
149.27,1,252.73,238.87
195.13,159.93,383.93,282.6
73.533,238.87,278.33,511.93
265.53,1,383.93,177
1,275.13,171.67,511.93
339.13,200.47,383.93,282.6
188.73,105.53,279.4,169.53
78.867,430.87,270.87,503.4
33,313.53,75.667,367.93
194.07,221.8,345.53,350.87
40.467,396.73,120.47,484.2
79.933,311.4,278.33,511.93
239.93,20.2,285.8,72.467
264.47,281.53,383.93,511.93
149.27,39.4,252.73,238.87
15.933,319.93,193,511.93
71.4,260.2,134.33,306.07
188.73,105.53,269.8,147.13
180.2,60.733,255.93,190.87
101.27,389.27,267.67,455.4
158.87,111.93,345.53,307.13
79.933,298.6,134.33,362.6
73.533,121.53,156.73,316.73
186.6,1,250.6,109.8
1,311.4,278.33,511.93
124.73,321,273,409.53
102.33,407.4,276.2,485.27
244.2,221.8,345.53,292.2
152.47,1,353,162.07
171.67,269.8,238.87,316.73
225,175.93,315.67,227.13
335.93,92.733,383.93,162.07
1,295.4,193,511.93
195.13,185.53,247.4,269.8
222.87,252.73,345.53,322.07
181.27,1,383.93,169.53
158.87,182.33,218.6,238.87
231.4,170.6,346.6,237.8
271.93,1,383.93,178.07
117.27,289,278.33,439.4
259.13,200.47,383.93,365.8
228.2,1,353,162.07
132.2,227.13,345.53,355.13
1,419.13,102.33,511.93
79.933,407.4,278.33,511.93
174.87,238.87,231.4,301.8
339.13,221.8,383.93,282.6
260.2,282.6,383.93,511.93
1,179.13,156.73,511.93
223.93,153.53,383.93,281.53
86.333,311.4,273,478.87
265.53,282.6,383.93,511.93
259.13,211.13,383.93,365.8
158.87,117.27,249.53,212.2
1,333.8,124.73,511.93
1,363.67,124.73,511.93
124.73,311.4,268.73,409.53
119.4,328.47,275.13,441.53
138.6,269.8,248.47,355.13
149.27,39.4,221.8,238.87
126.87,369,264.47,417
243.13,62.867,289,168.47
195.13,230.33,345.53,322.07
149.27,140.73,214.33,238.87
5.2667,396.73,278.33,511.93
126.87,434.07,267.67,485.27
12.733,414.87,278.33,511.93
106.6,1,226.07,281.53
253.8,221.8,345.53,274.07
258.07,1,383.93,161
158.87,120.47,238.87,212.2
186.6,12.733,250.6,109.8
170.6,118.33,345.53,307.13
267.67,92.733,353,162.07
246.33,281.53,383.93,511.93
41.533,303.93,117.27,380.73
180.2,74.6,250.6,145
196.2,185.53,247.4,269.8
248.47,170.6,359.4,220.73
149.27,290.07,246.33,343.4
15.933,253.8,155.67,445.8
102.33,389.27,267.67,451.13
142.87,238.87,273,375.4
1,386.07,120.47,511.93
153.53,1,276.2,161
93.8,121.53,216.47,302.87
340.2,221.8,383.93,280.47
180.2,60.733,345.53,277.27
50.067,396.73,120.47,444.73
259.13,211.13,383.93,281.53
1,396.73,58.6,486.33
225,159.93,383.93,303.93
1,317.8,108.73,495.93
203.67,223.93,324.2,278.33
18.067,393.53,61.8,434.07
203.67,215.4,250.6,273
119.4,343.4,271.93,436.2
223.93,113,383.93,221.8
78.867,26.6,242.07,313.53
73.533,430.87,278.33,511.93
102.33,387.13,267.67,451.13
225,159.93,383.93,227.13
129,262.33,275.13,372.2
1,419.13,88.467,511.93
213.27,339.13,274.07,408.47
119.4,321,275.13,436.2
93.8,26.6,239.93,302.87
74.6,414.87,278.33,511.93
41.533,275.13,171.67,446.87
140.73,246.33,262.33,353
124.73,349.8,232.47,408.47
1,386.07,62.867,476.73
326.33,211.13,383.93,281.53
244.2,231.4,345.53,277.27
261.27,1,383.93,162.07
1,342.33,75.667,495.93
117.27,375.4,276.2,474.6
180.2,71.4,254.87,145
113,212.2,275.13,372.2
147.13,321,264.47,371.13
130.07,468.2,278.33,511.93
26.6,295.4,134.33,414.87
93.8,1,263.4,302.87
113,252.73,278.33,355.13
113,212.2,275.13,441.53
102.33,389.27,275.13,451.13
335.93,35.133,383.93,162.07
168.47,257,225,310.33
1,437.27,45.8,503.4
46.867,121.53,246.33,383.93
159.93,177,211.13,238.87
1,312.47,242.07,511.93
15.933,333.8,73.533,434.07
337,193,383.93,282.6
124.73,358.33,179.13,409.53
262.33,222.87,344.47,277.27
239.93,259.13,343.4,303.93
159.93,152.47,241,238.87
233.53,20.2,282.6,170.6
186.6,60.733,255.93,109.8
94.867,430.87,167.4,472.47
225,181.27,383.93,303.93
1,289,278.33,511.93
52.2,309.27,271.93,446.87
223.93,173.8,298.6,228.2
52.2,309.27,243.13,446.87
233.53,20.2,290.07,170.6
180.2,70.333,253.8,137.53
221.8,101.27,353,188.73
242.07,1,285.8,56.467
155.67,1,329.53,137.53
159.93,141.8,252.73,238.87
93.8,1,252.73,302.87
228.2,230.33,269.8,281.53
195.13,185.53,262.33,250.6
147.13,321,273,375.4
191.93,118.33,255.93,190.87
170.6,238.87,245.27,323.13
129,430.87,269.8,485.27
335.93,198.33,383.93,282.6
330.6,106.6,383.93,177
117.27,375.4,273,439.4
150.33,303.93,231.4,348.73
117.27,311.4,273,439.4
239.93,259.13,322.07,308.2
159.93,118.33,252.73,238.87
244.2,221.8,345.53,277.27
138.6,247.4,338.07,355.13
194.07,227.13,250.6,273
133.27,438.33,260.2,485.27
139.67,417,278.33,511.93
248.47,170.6,383.93,220.73
119.4,238.87,275.13,436.2
195.13,185.53,262.33,241
255.93,221.8,345.53,277.27
1,295.4,274.07,511.93
142.87,270.87,251.67,359.4
1,317.8,108.73,507.67
174.87,311.4,268.73,361.53
231.4,221.8,345.53,305
43.667,301.8,84.2,349.8
127.93,39.4,254.87,260.2
264.47,113,325.27,168.47
113,212.2,231.4,302.87
179.13,314.6,265.53,355.13
113,1,262.33,353
142.87,270.87,251.67,353
159.93,148.2,252.73,238.87
73.533,411.67,278.33,511.93
142.87,343.4,253.8,402.07
68.2,323.13,108.73,382.87
136.47,310.33,269.8,380.73
29.8,281.53,106.6,377.53
147.13,309.27,269.8,371.13
269.8,109.8,327.4,168.47
235.67,1,289,141.8
124.73,343.4,246.33,408.47
233.53,159.93,383.93,202.6
1,392.47,49,437.27
88.467,281.53,155.67,344.47
124.73,354.07,189.8,409.53
239.93,259.13,318.87,303.93
148.2,387.13,275.13,441.53
222.87,247.4,338.07,293.27
158.87,59.667,252.73,191.93
228.2,1,328.47,125.8
271.93,1,359.4,143.93
78.867,434.07,267.67,503.4
221.8,105.53,269.8,169.53
1,396.73,58.6,503.4
167.4,247.4,338.07,318.87
271.93,1,383.93,162.07
78.867,303.93,131.13,374.33
124.73,311.4,271.93,409.53
132.2,252.73,231.4,323.13
330.6,106.6,383.93,162.07
245.27,227.13,345.53,303.93
99.133,389.27,267.67,472.47
247.4,221.8,345.53,305
239.93,1,285.8,61.8
194.07,223.93,254.87,273
243.13,62.867,289,141.8
9.5333,276.2,278.33,511.93
147.13,307.13,264.47,371.13
244.2,18.067,285.8,93.8
9.5333,396.73,274.07,511.93
44.733,275.13,147.13,380.73
242.07,1,287.93,94.867
274.07,1,383.93,162.07
68.2,317.8,108.73,382.87
138.6,289,248.47,355.13
257,97,328.47,172.73
184.47,142.87,248.47,219.67
86.333,438.33,166.33,478.87
200.47,151.4,255.93,219.67
235.67,7.4,289,141.8
113,1,252.73,318.87
239.93,1,285.8,84.2
82.067,275.13,129,333.8
265.53,283.67,377.53,511.93
132.2,247.4,248.47,355.13
257,280.47,332.73,350.87
73.533,430.87,277.27,511.93
231.4,221.8,345.53,283.67
180.2,91.667,255.93,190.87
133.27,121.53,177,246.33
1,275.13,147.13,511.93
143.93,311.4,268.73,374.33
181.27,35.133,261.27,159.93
1,386.07,62.867,501.27
146.07,270.87,242.07,341.27
227.13,1,287.93,93.8
252.73,1,383.93,168.47
181.27,1,285.8,159.93
152.47,292.2,275.13,347.67
239.93,162.07,383.93,283.67
126.87,238.87,273,417
322.07,1,383.93,162.07
180.2,91.667,259.13,237.8
132.2,264.47,177,324.2
181.27,1,285.8,169.53
227.13,278.33,276.2,319.93
226.07,170.6,383.93,282.6
123.67,343.4,263.4,425.53
225,181.27,346.6,271.93
262.33,230.33,343.4,277.27
155.67,1,228.2,120.47
180.2,70.333,253.8,145
115.13,434.07,267.67,485.27
249.53,170.6,383.93,220.73
326.33,236.73,383.93,281.53
126.87,367.93,264.47,417
195.13,231.4,338.07,322.07
79.933,298.6,134.33,374.33
1,438.33,43.667,507.67
15.933,295.4,113,409.53
262.33,230.33,329.53,270.87
211.13,429.8,278.33,484.2
239.93,1,383.93,221.8
74.6,399.93,119.4,445.8
269.8,102.33,353,168.47
244.2,280.47,332.73,350.87
239.93,1,285.8,130.07
233.53,20.2,276.2,81
85.267,343.4,274.07,488.47
132.2,247.4,197.27,324.2
180.2,91.667,259.13,250.6
331.67,283.67,383.93,439.4
188.73,117.27,251.67,157.8
126.87,367.93,264.47,425.53
74.6,429.8,278.33,511.93
147.13,306.07,264.47,371.13
154.6,289,278.33,346.6
194.07,223.93,278.33,273
226.07,170.6,346.6,271.93
196.2,229.27,236.73,269.8
93.8,26.6,247.4,302.87
239.93,198.33,383.93,303.93
18.067,363.67,124.73,466.07
239.93,259.13,322.07,303.93
207.93,1,251.67,79.933
199.4,39.4,251.67,99.133
139.67,417,274.07,474.6
245.27,227.13,345.53,278.33
233.53,185.53,315.67,227.13
12.733,424.47,159.93,511.93
200.47,162.07,383.93,283.67
157.8,312.47,243.13,359.4
194.07,149.27,255.93,190.87
139.67,414.87,276.2,474.6
239.93,1,328.47,125.8
245.27,258.07,343.4,323.13
234.6,247.4,338.07,287.93
170.6,238.87,236.73,311.4
26.6,295.4,103.4,414.87
253.8,102.33,353,170.6
126.87,414.87,276.2,485.27
119.4,375.4,275.13,441.53
203.67,227.13,250.6,273
142.87,284.73,251.67,353
149.27,131.13,214.33,238.87
235.67,1,287.93,93.8
239.93,259.13,310.33,303.93
170.6,190.87,345.53,307.13
157.8,307.13,265.53,359.4
335.93,221.8,383.93,282.6
194.07,135.4,255.93,190.87
56.467,298.6,134.33,411.67
200.47,185.53,247.4,250.6
119.4,370.07,271.93,436.2
335.93,1,383.93,162.07
73.533,434.07,278.33,511.93
142.87,238.87,251.67,353
130.07,469.27,278.33,511.93
124.73,447.93,219.67,499.13
231.4,223.93,277.27,270.87
126.87,369,264.47,425.53
234.6,247.4,338.07,350.87
200.47,190.87,247.4,268.73
124.73,307.13,271.93,417
142.87,284.73,251.67,359.4
149.27,139.67,214.33,238.87
200.47,143.93,277.27,219.67
244.2,231.4,345.53,292.2
122.6,342.33,273,426.6
221.8,105.53,279.4,169.53
233.53,113,383.93,221.8
113,236.73,278.33,355.13
15.933,342.33,75.667,445.8
76.733,463.93,172.73,504.47
153.53,1,276.2,139.67
139.67,414.87,274.07,473.53
257,119.4,325.27,172.73
18.067,363.67,83.133,463.93
126.87,369,263.4,417
189.8,269.8,245.27,317.8
138.6,280.47,332.73,355.13
274.07,1,370.07,135.4
265.53,283.67,383.93,511.93
153.53,1,246.33,139.67
1,312.47,276.2,511.93
267.67,260.2,343.4,300.73
180.2,74.6,250.6,137.53
15.933,349.8,58.6,403.13
245.27,62.867,289,118.33
171.67,276.2,233.53,316.73
204.73,1,287.93,93.8
170.6,117.27,345.53,307.13
186.6,1,251.67,110.87
119.4,343.4,275.13,441.53
253.8,231.4,345.53,274.07
253.8,231.4,345.53,278.33
168.47,246.33,231.4,307.13
227.13,1,285.8,77.8
178.07,74.6,250.6,137.53
326.33,218.6,383.93,281.53
55.4,396.73,120.47,466.07
158.87,117.27,249.53,219.67
183.4,430.87,277.27,499.13
167.4,257,238.87,318.87
106.6,121.53,177,281.53
1,438.33,43.667,495.93
338.07,218.6,383.93,283.67
55.4,399.93,119.4,466.07
239.93,18.067,285.8,61.8
322.07,1,383.93,54.333
79.933,470.33,267.67,511.93
124.73,338.07,271.93,409.53
9.5333,419.13,141.8,511.93
178.07,1,252.73,119.4
85.267,414.87,274.07,488.47
293.27,231.4,345.53,276.2
74.6,434.07,267.67,511.93
271.93,1,372.2,161
257,113,325.27,169.53
191.93,133.27,248.47,185.53
194.07,148.2,252.73,199.4
271.93,119.4,323.13,167.4
124.73,360.47,175.93,409.53
245.27,258.07,343.4,303.93
124.73,345.53,241,409.53
15.933,319.93,274.07,511.93
29.8,282.6,101.27,377.53
189.8,269.8,245.27,315.67
227.13,278.33,338.07,322.07
262.33,221.8,344.47,277.27
132.2,269.8,246.33,343.4
194.07,148.2,252.73,218.6
133.27,414.87,274.07,474.6
74.6,434.07,278.33,511.93
231.4,242.07,343.4,283.67
255.93,231.4,344.47,277.27
244.2,283.67,318.87,350.87
15.933,426.6,141.8,511.93
181.27,39.4,276.2,138.6
5.2667,396.73,159.93,511.93
242.07,1,287.93,93.8
267.67,92.733,330.6,162.07
147.13,349.8,264.47,402.07
196.2,229.27,241,269.8
72.467,417,278.33,511.93
262.33,221.8,343.4,266.6
200.47,185.53,247.4,269.8
81,434.07,166.33,488.47
9.5333,276.2,275.13,511.93
124.73,343.4,253.8,409.53
52.2,396.73,120.47,466.07
167.4,269.8,238.87,318.87
227.13,1,289,130.07
227.13,18.067,285.8,77.8
119.4,369,271.93,436.2
122.6,277.27,171.67,324.2
149.27,262.33,250.6,343.4
211.13,429.8,269.8,491.67
147.13,310.33,269.8,371.13
262.33,221.8,345.53,269.8
113,212.2,247.4,318.87
119.4,375.4,263.4,436.2
194.07,143.93,255.93,190.87
46.867,253.8,155.67,383.93
81,440.47,159.93,488.47
119.4,369,275.13,436.2
147.13,314.6,265.53,371.13
106.6,57.533,200.47,281.53
1,386.07,90.6,511.93
124.73,289,278.33,408.47
255.93,231.4,345.53,277.27
133.27,434.07,264.47,485.27
329.53,282.6,383.93,452.2
303.93,229.27,345.53,277.27
115.13,434.07,264.47,485.27
55.4,397.8,120.47,466.07
254.87,283.67,318.87,350.87
126.87,342.33,273,425.53
158.87,59.667,252.73,185.53
82.067,275.13,171.67,344.47
129,469.27,278.33,511.93
195.13,118.33,280.47,170.6
15.933,229.27,156.73,445.8
305,229.27,345.53,271.93
195.13,185.53,259.13,237.8
325.27,1,383.93,162.07
5.2667,396.73,119.4,511.93
273,1,383.93,161
152.47,306.07,229.27,347.67
55.4,396.73,119.4,466.07
165.27,429.8,278.33,499.13
140.73,246.33,245.27,353
325.27,1,383.93,186.6
271.93,119.4,325.27,172.73
157.8,291.13,275.13,359.4
129,414.87,277.27,485.27
123.67,359.4,183.4,425.53
181.27,70.333,255.93,138.6
124.73,347.67,229.27,409.53
146.07,270.87,234.6,341.27
194.07,148.2,252.73,273
262.33,221.8,345.53,277.27
150.33,306.07,229.27,348.73
204.73,1,251.67,79.933
142.87,347.67,229.27,402.07
129,430.87,277.27,485.27
44.733,275.13,129,380.73
156.73,347.67,232.47,396.73
18.067,393.53,75.667,463.93
73.533,430.87,269.8,511.93
126.87,434.07,266.6,485.27
157.8,315.67,243.13,359.4
57.533,396.73,124.73,466.07
154.6,289,270.87,346.6
1,1,223.93,419.13
102.33,411.67,213.27,456.47
213.27,342.33,274.07,408.47
150.33,306.07,249.53,359.4
1,333.8,75.667,511.93
63.933,303.93,131.13,377.53
253.8,227.13,322.07,278.33
234.6,439.4,278.33,511.93
46.867,281.53,155.67,383.93
247.4,221.8,345.53,277.27
193,118.33,280.47,195.13
202.6,191.93,259.13,237.8
181.27,70.333,255.93,136.47
184.47,153.53,263.4,219.67
171.67,278.33,245.27,319.93
261.27,231.4,345.53,278.33
1,419.13,88.467,494.87
229.27,439.4,277.27,485.27
140.73,303.93,235.67,353
239.93,162.07,383.93,221.8
38.333,396.73,119.4,486.33
41.533,275.13,171.67,380.73
72.467,430.87,260.2,511.93
124.73,353,183.4,409.53
258.07,280.47,332.73,323.13
18.067,437.27,82.067,501.27
117.27,367.93,273,439.4
124.73,347.67,232.47,409.53
170.6,231.4,231.4,307.13
137.53,269.8,238.87,355.13
138.6,289,275.13,355.13
106.6,121.53,153.53,281.53
154.6,277.27,278.33,346.6
133.27,417,274.07,474.6
157.8,300.73,264.47,359.4
1,392.47,49,483.13
178.07,59.667,252.73,137.53
52.2,322.07,154.6,446.87
15.933,333.8,73.533,410.6
239.93,111.93,280.47,155.67
136.47,343.4,263.4,404.2
136.47,343.4,232.47,396.73
85.267,440.47,159.93,488.47
247.4,221.8,345.53,269.8
113,212.2,214.33,302.87
1,461.8,70.333,511.93
63.933,303.93,147.13,377.53
186.6,42.6,250.6,109.8
150.33,306.07,249.53,348.73
15.933,295.4,134.33,409.53
81,438.33,166.33,488.47
179.13,277.27,245.27,323.13
102.33,389.27,267.67,456.47
338.07,236.73,383.93,283.67
156.73,38.333,219.67,114.07
233.53,153.53,383.93,221.8
340.2,35.133,383.93,121.53
147.13,321,265.53,371.13
35.133,362.6,75.667,445.8
12.733,396.73,159.93,511.93
164.2,262.33,233.53,316.73
15.933,349.8,75.667,445.8
338.07,243.13,383.93,283.67
79.933,430.87,167.4,488.47
169.53,280.47,242.07,321
140.73,246.33,237.8,353
71.4,264.47,122.6,306.07
79.933,443.67,141.8,488.47
183.4,455.4,265.53,499.13
124.73,343.4,251.67,408.47
115.13,375.4,263.4,440.47
129,303.93,243.13,372.2
133.27,121.53,177,255.93
200.47,173.8,298.6,228.2
201.53,1,246.33,55.4
168.47,246.33,231.4,315.67
156.73,343.4,232.47,396.73
273,1,372.2,161
203.67,215.4,247.4,268.73
257,283.67,318.87,350.87
178.07,74.6,234.6,119.4
94.867,419.13,188.73,463.93
124.73,429.8,278.33,499.13
113,252.73,246.33,355.13
180.2,91.667,244.2,138.6
136.47,309.27,243.13,372.2
338.07,243.13,383.93,311.4
329.53,283.67,383.93,452.2
124.73,321,265.53,408.47
52.2,276.2,271.93,446.87
249.53,170.6,359.4,220.73
181.27,39.4,255.93,138.6
152.47,303.93,235.67,347.67
153.53,26.6,239.93,139.67
102.33,179.13,156.73,284.73
124.73,342.33,271.93,409.53
147.13,349.8,232.47,399.93
44.733,303.93,117.27,380.73
149.27,287.93,250.6,343.4
191.93,74.6,234.6,119.4
79.933,414.87,278.33,511.93
75.667,253.8,147.13,313.53
242.07,1,285.8,93.8
63.933,303.93,132.2,377.53
59.667,396.73,124.73,444.73
178.07,1,242.07,119.4
269.8,102.33,328.47,168.47
170.6,190.87,247.4,307.13
158.87,117.27,248.47,185.53
79.933,430.87,219.67,499.13
124.73,353,183.4,408.47
9.5333,419.13,88.467,494.87
152.47,26.6,239.93,175.93
46.867,294.33,121.53,383.93
152.47,39.4,221.8,175.93
1,405.27,46.867,483.13
94.867,414.87,274.07,485.27
181.27,39.4,255.93,136.47
124.73,437.27,258.07,483.13
12.733,424.47,107.67,511.93
44.733,303.93,99.133,380.73
12.733,424.47,138.6,511.93
152.47,291.13,262.33,347.67
15.933,333.8,75.667,474.6
194.07,429.8,269.8,491.67
169.53,278.33,241,321
72.467,303.93,117.27,374.33
329.53,283.67,383.93,511.93
84.2,275.13,129,333.8
164.2,262.33,245.27,317.8
152.47,57.533,200.47,135.4
322.07,1,383.93,45.8
183.4,246.33,231.4,301.8
9.5333,419.13,88.467,501.27
322.07,1,372.2,45.8
9.5333,396.73,141.8,511.93
186.6,39.4,251.67,110.87
335.93,78.867,383.93,162.07
133.27,414.87,274.07,485.27
184.47,154.6,248.47,219.67
140.73,309.27,198.33,353
117.27,349.8,274.07,439.4
325.27,78.867,383.93,162.07
169.53,269.8,238.87,321
194.07,433,259.13,478.87
271.93,107.67,323.13,167.4
78.867,253.8,149.27,306.07
137.53,269.8,246.33,355.13
337,78.867,383.93,141.8
15.933,333.8,75.667,463.93
117.27,375.4,274.07,439.4
130.07,277.27,171.67,324.2
340.2,35.133,383.93,94.867
331.67,283.67,383.93,452.2
335.93,83.133,383.93,162.07
337,83.133,383.93,141.8
343.4,35.133,383.93,104.47
186.6,39.4,251.67,109.8
279.4,230.33,329.53,270.87
93.8,140.73,216.47,302.87
271.93,119.4,325.27,168.47
85.267,443.67,141.8,488.47
343.4,35.133,383.93,103.4
201.53,39.4,251.67,99.133
132.2,270.87,173.8,323.13
335.93,120.47,383.93,162.07
74.6,396.73,119.4,445.8
124.73,359.4,183.4,409.53
22.333,408.47,75.667,463.93
