32.35,1,454.15,206.91
36.625,1,439.19,286
36.625,1,512.58,342.29
32.35,48.025,313.79,298.11
36.625,92.2,217.6,250.38
35.913,1,512.58,342.29
1,1,512.58,342.29
36.625,1,435.62,219.03
167.01,107.88,395.73,284.57
36.625,1,438.48,284.57
413.54,1,512.58,96.475
1,1,452.01,342.29
1,1,280.3,342.29
299.54,144.21,396.44,234.7
356.54,1,512.58,342.29
298.82,7.4125,512.58,295.26
44.462,158.46,180.55,233.28
35.913,1,438.48,282.44
32.35,1,397.86,298.11
377.91,207.62,512.58,342.29
64.412,60.138,152.76,132.81
120.7,98.612,227.58,219.03
141.36,107.88,396.44,286
36.625,54.438,266.76,219.03
377.91,203.35,512.58,342.29
371.5,121.41,512.58,252.51
36.625,1,437.05,284.57
220.45,1,365.09,61.562
298.82,121.41,512.58,295.26
36.625,1,438.48,229
36.625,78.663,191.24,226.15
377.2,7.4125,512.58,191.95
32.35,75.1,512.58,342.29
133.53,1,512.58,342.29
257.5,173.43,404.99,258.21
64.412,1,512.58,142.08
119.99,65.125,298.82,201.93
191.24,150.62,386.46,256.08
132.1,137.8,432.78,342.29
198.36,113.58,404.99,282.44
361.53,1,512.58,191.95
1,1,437.05,342.29
136.38,1,435.62,152.05
73.675,1,437.05,284.57
1,1,251.8,342.29
133.53,1,437.05,342.29
296.69,1,512.58,342.29
341.57,1,512.58,342.29
445.6,55.863,512.58,184.83
119.28,1,397.86,282.44
367.23,60.85,416.39,139.22
32.35,1,512.58,342.29
401.43,203.35,512.58,252.51
167.01,157.75,214.04,250.38
70.825,1,438.48,282.44
32.35,102.17,138.51,193.38
197.65,134.95,395.73,282.44
341.57,175.56,396.44,271.75
1,1,437.76,342.29
382.19,211.19,512.58,342.29
397.86,183.4,512.58,238.26
382.19,211.19,452.73,285.29
132.1,1,512.58,342.29
426.36,264.62,512.58,342.29
167.01,107.88,395.73,282.44
83.65,56.575,145.64,98.612
232.56,176.28,294.55,253.94
334.45,11.688,422.8,131.39
338.01,9.55,488.35,148.49
36.625,44.462,305.24,229
1,1,397.86,342.29
141.36,172,392.16,286
119.99,1,454.15,141.36
83.65,1,512.58,142.08
386.46,54.438,483.36,192.66
86.5,98.612,228.29,206.91
357.25,1,512.58,342.29
1,1,216.18,342.29
32.35,127.11,180.55,233.28
80.8,48.738,241.11,111.44
338.01,15.963,429.21,139.22
64.412,1,512.58,295.26
197.65,41.613,395.73,282.44
32.35,75.1,404.99,282.44
126.4,98.612,233.99,252.51
377.91,205.49,512.58,342.29
361.53,1,512.58,342.29
36.625,1,435.62,286
264.62,50.875,427.79,194.8
70.825,90.062,175.56,178.41
191.24,132.1,396.44,243.96
414.96,1,512.58,195.51
267.48,140.65,390.74,213.33
390.74,172.71,512.58,222.59
197.65,134.95,383.61,282.44
195.51,233.99,284.57,284.57
227.58,1,437.05,167.01
377.2,121.41,490.49,211.19
393.59,102.17,439.9,147.78
355.82,131.39,512.58,272.46
171.29,109.3,212.61,179.12
100.04,159.18,190.53,226.86
100.04,159.18,190.53,225.44
355.82,1,512.58,342.29
386.46,54.438,483.36,191.95
32.35,127.11,193.38,233.28
221.16,1,454.15,61.562
5.9875,161.31,192.66,340.86
75.812,1,251.8,121.41
100.04,134.95,404.99,282.44
1,1,251.09,342.29
432.78,256.79,474.81,303.1
199.08,158.46,404.99,282.44
1,1,360.81,342.29
330.89,7.4125,429.21,90.062
133.53,135.66,432.78,342.29
341.57,156.33,512.58,342.29
73.675,50.163,241.83,220.45
414.96,1,512.58,123.55
365.8,156.33,512.58,300.96
199.08,158.46,354.4,266.05
304.53,189.81,384.32,281.01
119.99,1,454.15,77.95
244.68,1,438.48,152.76
58,84.362,112.15,137.09
387.18,147.78,452.73,191.24
136.38,212.61,512.58,342.29
141.36,137.8,384.32,283.15
261.78,144.21,347.99,188.39
387.18,73.675,483.36,191.95
136.38,212.61,284.57,313.07
23.088,132.81,437.76,342.29
425.65,11.688,512.58,71.538
424.94,267.48,489.06,342.29
454.86,130.68,512.58,183.4
172,140.65,230.43,183.4
244.68,41.613,393.59,152.05
67.263,44.462,305.24,229
70.825,118.56,155.61,183.4
296.69,144.21,512.58,342.29
387.18,62.988,429.21,129.96
119.99,1,404.99,77.95
174.85,134.95,404.99,266.05
315.21,210.47,512.58,342.29
73.675,1,437.05,220.45
226.86,193.38,339.44,278.16
350.12,270.32,432.78,342.29
390.74,172.71,512.58,252.51
423.51,8.8375,512.58,95.05
135.66,1,437.05,167.01
135.66,120.7,189.1,220.45
282.44,137.09,396.44,234.7
382.19,196.94,512.58,342.29
195.51,233.99,284.57,288.85
216.89,176.28,384.32,282.44
67.263,119.28,139.22,189.1
152.76,231.85,219.74,281.73
268.19,258.93,452.01,342.29
240.4,41.613,393.59,152.05
298.82,229,377.91,281.73
385.75,3.1375,512.58,191.95
139.22,65.125,298.82,201.93
290.99,50.875,402.14,136.38
119.28,1,397.86,77.95
349.41,267.48,432.78,333.03
298.82,229,384.32,281.73
122.84,1,397.86,77.237
452.73,129.96,512.58,189.81
1,1,216.89,120.7
36.625,48.025,298.82,250.38
117.85,77.237,254.65,142.79
32.35,132.81,263.91,288.85
425.65,291.7,466.98,342.29
200.5,137.8,384.32,281.01
216.89,177.7,383.61,282.44
233.28,1,394.3,46.6
355.82,97.188,512.58,272.46
58,95.05,108.59,137.09
222.59,144.93,292.41,196.22
373.64,213.33,416.39,259.64
276.03,169.15,380.76,268.19
232.56,176.28,294.55,257.5
191.24,133.53,400,256.08
440.61,44.462,512.58,191.95
32.35,102.17,190.53,225.44
357.25,213.33,416.39,271.75
266.76,144.21,343.71,188.39
158.46,1,304.53,63.7
298.82,9.55,488.35,148.49
377.91,207.62,512.58,298.82
137.09,257.5,432.78,342.29
159.89,135.66,393.59,268.19
191.24,132.1,396.44,234.7
359.39,131.39,512.58,271.75
408.55,127.83,486.21,191.95
227.58,62.275,293.84,135.66
100.04,170.58,190.53,225.44
23.088,231.85,437.76,342.29
177.7,177.7,388.6,284.57
167.01,107.88,395.73,261.06
377.2,53.013,490.49,211.19
423.51,8.8375,512.58,117.85
440.61,60.85,512.58,189.81
135.66,7.4125,429.21,142.08
268.19,263.2,437.76,342.29
341.57,30.213,388.6,71.538
167.72,107.88,400,256.08
75.812,54.438,266.76,206.91
36.625,90.775,115.71,171.29
195.51,233.99,452.01,342.29
424.23,271.75,512.58,342.29
141.36,199.79,204.78,250.38
370.79,132.1,512.58,342.29
407.12,26.65,493.34,143.5
288.14,140.65,390.74,201.21
287.43,166.3,395.73,236.84
377.2,44.462,490.49,211.19
227.58,1,512.58,61.562
424.23,1,512.58,52.3
122.84,1,438.48,152.76
119.99,1,284.57,77.95
75.812,54.438,266.76,219.03
416.39,212.61,476.24,285.29
199.08,140.65,404.99,266.05
387.18,121.41,454.86,172
133.53,135.66,393.59,296.69
133.53,204.06,336.59,296.69
146.35,1,397.86,70.825
216.89,143.5,319.49,206.2
371.5,143.5,512.58,303.1
64.412,60.138,152.76,132.1
146.35,30.213,238.97,70.825
197.65,134.95,395.73,261.06
136.38,1,435.62,141.36
65.125,265.34,163.45,342.29
298.82,1,512.58,238.97
377.2,102.17,439.9,149.91
370.79,15.963,428.5,66.55
361.53,143.5,512.58,342.29
206.91,82.938,263.91,139.94
122.84,1,284.57,73.675
408.55,97.188,451.3,152.05
83.65,1,512.58,98.612
32.35,132.81,190.53,255.36
290.99,18.1,402.14,136.38
1,1,65.125,45.175
167.01,107.88,214.04,250.38
417.1,203.35,512.58,252.51
264.62,90.062,380.76,153.47
122.84,1,284.57,77.237
268.19,258.93,437.76,342.29
426.36,264.62,476.95,330.18
98.612,92.2,191.95,229
36.625,60.138,143.5,171.29
227.58,1,344.43,57.288
244.68,1,438.48,142.08
139.94,30.213,250.38,72.25
32.35,40.188,266.76,206.91
227.58,18.812,342.29,61.562
315.21,256.79,437.05,342.29
379.34,43.038,422.09,132.1
397.86,102.17,439.9,147.78
432.06,241.83,512.58,300.25
361.53,233.28,437.76,295.98
414.96,10.975,512.58,139.94
199.08,140.65,390.74,266.05
247.53,69.4,298.82,124.98
139.94,5.275,271.04,77.237
375.78,213.33,512.58,342.29
270.32,195.51,315.21,238.97
174.85,176.99,381.48,281.73
32.35,127.11,95.05,169.86
119.28,1,397.86,80.8
409.98,1,512.58,189.81
196.22,235.41,242.54,281.01
316.64,229,377.91,281.01
174.85,155.61,216.18,252.51
302.39,100.04,387.89,144.93
450.59,96.475,512.58,139.22
211.9,177.7,375.78,282.44
361.53,233.28,512.58,342.29
239.69,23.088,390.74,152.76
278.16,80.088,386.46,137.8
377.2,44.462,490.49,214.04
216.89,172.71,384.32,282.44
23.088,272.46,80.088,342.29
130.68,1,397.86,70.825
160.6,43.75,305.24,137.09
387.89,121.41,486.21,195.51
70.825,75.1,155.61,183.4
266.05,150.62,386.46,215.46
361.53,1,512.58,85.788
371.5,121.41,486.21,193.38
450.59,114.29,512.58,184.83
395.01,214.75,512.58,297.4
70.825,87.925,241.83,220.45
134.24,1,399.29,70.825
298.82,9.55,512.58,238.97
221.16,1,367.23,54.438
35.913,60.138,143.5,171.29
301.68,198.36,354.4,247.53
355.82,97.188,512.58,342.29
1,1,251.8,233.28
142.08,98.612,228.29,201.93
119.28,1,397.86,97.9
357.25,127.83,512.58,271.75
355.82,219.74,429.93,295.26
423.51,7.4125,512.58,191.95
191.95,133.53,321.62,198.36
136.38,41.613,390.74,141.36
1,40.9,192.66,342.29
117.85,50.163,238.97,106.45
409.98,8.8375,512.58,104.31
171.29,109.3,227.58,179.12
276.74,188.39,354.4,247.53
427.07,30.213,467.69,75.1
136.38,221.88,284.57,313.07
221.16,177.7,380.76,273.89
222.59,177.7,383.61,278.16
361.53,233.28,489.06,342.29
56.575,40.9,141.36,137.09
119.99,1,394.3,77.95
352.26,1,512.58,191.95
139.94,1,394.3,72.25
221.88,50.875,427.79,194.8
377.2,76.525,440.61,149.91
36.625,110.01,106.45,177.7
206.2,58,263.2,137.8
1,1,216.89,137.09
425.65,1,512.58,87.925
408.55,97.188,454.86,167.72
136.38,50.875,251.09,102.17
138.51,99.325,228.29,208.34
32.35,75.1,233.99,252.51
386.46,139.22,461.28,191.95
375.06,210.47,512.58,300.96
417.1,181.26,512.58,252.51
382.19,187.68,512.58,342.29
440.61,55.863,512.58,195.51
357.25,10.975,512.58,271.75
135.66,96.475,241.83,220.45
206.2,75.812,290.28,137.8
170.58,107.88,214.04,179.12
443.46,51.587,501.89,104.31
196.22,235.41,275.31,284.57
197.65,134.95,347.99,261.06
141.36,199.79,303.81,286
371.5,143.5,486.21,193.38
136.38,7.4125,433.49,141.36
337.3,177.7,395.73,271.75
117.85,44.462,305.24,139.94
362.95,1,512.58,85.788
174.85,134.95,404.99,282.44
102.17,118.56,155.61,178.41
129.96,182.69,180.55,233.28
134.24,1,273.18,68.688
241.11,63.7,422.8,167.01
425.65,11.688,512.58,58
236.12,62.275,305.95,134.24
184.83,243.96,437.05,342.29
423.51,8.8375,512.58,191.95
436.34,271.75,512.58,342.29
371.5,143.5,445.6,272.46
216.89,240.4,367.23,282.44
56.575,48.025,298.82,201.93
357.96,1,438.48,81.513
117.85,36.625,305.95,140.65
126.4,107.88,217.6,252.51
382.19,210.47,512.58,342.29
197.65,134.95,367.23,282.44
160.6,1,422.8,141.36
175.56,229,263.91,288.85
424.23,263.91,512.58,342.29
174.85,172,392.16,281.73
191.24,143.5,340.15,224.01
440.61,77.237,512.58,189.81
167.72,107.88,229,183.4
370.79,15.963,428.5,63.7
129.96,187.68,180.55,233.28
36.625,105.74,107.16,171.29
290.99,18.1,370.07,97.9
257.5,199.08,354.4,258.21
211.9,214.75,315.93,282.44
168.44,107.88,396.44,243.96
248.95,30.213,415.68,141.36
79.375,118.56,136.38,186.25
390.74,181.97,512.58,222.59
135.66,58,238.97,103.6
223.3,177.7,375.78,268.19
449.88,124.26,512.58,184.83
130.68,1,273.18,70.825
136.38,221.88,266.76,313.07
286,173.43,404.99,234.7
211.9,135.66,288.14,268.19
268.19,213.33,512.58,342.29
298.82,219.74,429.93,295.26
184.83,243.96,400.71,342.29
385.75,269.61,460.56,336.59
219.74,140.65,313.07,203.35
117.85,48.738,241.11,111.44
281.01,134.24,390.74,201.21
83.65,1,273.18,98.612
290.99,1,438.48,139.22
370.79,1,512.58,342.29
32.35,87.925,241.83,233.28
139.94,1,274.6,72.25
223.3,173.43,404.99,268.19
423.51,1,512.58,87.925
357.25,10.975,512.58,342.29
179.84,2.425,273.18,52.3
377.2,44.462,446.31,155.61
264.62,90.062,427.79,194.8
179.12,1,251.8,50.163
298.82,9.55,502.6,148.49
387.89,121.41,469.11,186.96
1,256.79,80.088,342.29
398.57,212.61,464.12,300.96
409.98,1,512.58,104.31
117.85,77.237,266.76,142.79
423.51,8.8375,512.58,90.775
70.825,36.625,305.95,216.18
221.16,177.7,380.76,275.31
358.68,1,512.58,342.29
298.82,100.04,387.89,144.93
244.68,41.613,360.81,85.075
168.44,107.88,229,179.12
58,134.24,101.46,177.7
201.21,133.53,321.62,175.56
377.2,44.462,446.31,149.91
338.01,13.825,422.8,134.95
70.825,119.28,134.24,183.4
75.812,54.438,228.29,206.91
361.53,1,512.58,142.79
304.53,226.86,384.32,281.01
370.79,55.15,512.58,342.29
423.51,1,480.51,85.788
179.12,1,251.09,48.738
343.71,177.7,395.73,236.84
75.812,54.438,266.76,203.35
136.38,50.875,293.84,137.09
234.7,204.06,336.59,280.3
1,40.9,68.688,280.3
174.85,176.99,392.16,281.73
313.07,189.1,354.4,243.96
338.01,9.55,432.78,139.22
248.24,40.9,393.59,142.08
223.3,177.7,375.78,276.03
168.44,107.88,290.28,184.83
321.62,18.1,367.94,74.388
70.825,1,438.48,216.18
334.45,13.825,422.8,140.65
315.21,260.35,437.05,342.29
216.89,211.9,367.23,282.44
452.73,129.96,512.58,183.4
216.89,177.7,384.32,282.44
409.98,1,512.58,198.36
453.44,132.81,512.58,190.53
447.03,35.913,512.58,76.525
440.61,60.85,512.58,191.95
275.31,141.36,393.59,268.19
248.95,41.613,365.8,87.213
141.36,153.47,184.11,220.45
393.59,97.188,454.86,167.72
1,1,251.8,121.41
366.51,1,437.05,57.288
177.7,177.7,380.76,284.57
377.2,44.462,429.21,129.96
119.99,82.225,228.29,211.9
338.01,9.55,434.2,148.49
219.74,177.7,270.32,261.78
248.24,7.4125,429.21,142.08
197.65,134.95,323.76,261.06
371.5,121.41,486.21,195.51
169.86,99.325,213.33,155.61
220.45,1,397.86,47.312
221.16,1,367.23,58.712
338.01,15.963,388.6,71.538
70.825,75.1,233.99,252.51
67.263,78.663,228.29,229
338.01,15.963,434.2,148.49
174.85,134.95,288.14,252.51
229,1,397.86,45.888
358.68,54.438,512.58,273.18
206.2,62.275,305.95,137.8
64.412,90.775,115.71,132.1
286.71,166.3,340.15,224.01
371.5,143.5,512.58,272.46
296.69,144.21,486.21,271.75
404.28,187.68,512.58,238.97
227.58,1,437.05,79.375
191.24,134.24,396.44,234.7
424.23,263.91,480.51,342.29
427.79,35.913,512.58,90.775
232.56,176.28,354.4,257.5
276.74,199.08,346.56,247.53
73.675,95.05,152.05,188.39
91.487,122.84,179.12,226.15
175.56,229,239.69,273.18
191.95,133.53,380.76,198.36
425.65,8.8375,512.58,117.85
133.53,231.85,219.74,281.73
56.575,48.025,241.11,137.09
385.75,269.61,432.06,318.78
355.11,50.875,402.14,136.38
239.69,1,438.48,152.76
309.51,173.43,354.4,244.68
387.89,121.41,490.49,211.19
330.89,7.4125,409.98,58.712
450.59,96.475,512.58,184.83
216.89,211.9,322.34,282.44
385.75,1,512.58,191.95
298.82,92.2,392.88,133.53
126.4,98.612,233.99,211.9
423.51,8.8375,512.58,75.1
232.56,176.28,294.55,258.21
70.825,118.56,134.24,183.4
36.625,110.01,105.03,177.7
293.12,18.1,367.94,74.388
266.05,150.62,374.35,209.76
371.5,143.5,445.6,191.24
306.66,188.39,354.4,247.53
423.51,1,512.58,85.788
445.6,55.863,512.58,139.22
365.8,54.438,512.58,268.19
269.61,263.2,437.76,342.29
175.56,229,226.15,273.18
135.66,36.625,305.95,137.8
423.51,33.062,469.11,80.088
256.79,219.74,392.88,290.28
382.19,212.61,512.58,300.96
136.38,48.025,305.95,137.09
414.96,10.975,512.58,123.55
444.89,55.15,512.58,142.79
170.58,107.88,228.29,179.12
44.462,158.46,141.36,208.34
431.35,241.11,512.58,299.54
334.45,7.4125,429.21,79.375
191.24,137.09,396.44,234.7
143.5,1,251.8,57.288
32.35,132.81,180.55,233.28
154.9,1,304.53,67.263
452.73,129.96,512.58,184.83
237.55,65.125,298.82,136.38
222.59,134.95,380.76,196.22
137.09,257.5,355.82,342.29
117.85,78.663,241.83,142.79
444.89,45.175,512.58,142.79
79.375,54.438,153.47,186.25
377.2,53.013,440.61,149.91
1,161.31,192.66,342.29
70.825,129.96,125.69,173.43
32.35,40.188,427.79,206.91
426.36,263.91,512.58,328.04
375.78,213.33,512.58,303.1
352.26,15.963,442.04,150.62
219.74,141.36,322.34,198.36
380.05,127.11,512.58,194.8
119.28,1,284.57,77.95
432.06,285.29,512.58,342.29
452.73,128.54,512.58,191.95
119.99,3.1375,248.95,77.95
423.51,1,512.58,141.36
444.89,55.15,512.58,137.8
232.56,176.28,315.21,257.5
32.35,102.17,103.6,169.15
413.54,51.587,488.35,104.31
404.99,127.83,469.11,186.96
75.812,40.9,146.35,121.41
168.44,107.88,230.43,183.4
135.66,36.625,251.8,99.325
352.26,41.613,406.41,110.01
231.85,164.88,295.98,260.35
276.74,159.18,347.99,244.68
83.65,1,253.94,98.612
409.26,213.33,486.21,303.1
222.59,143.5,319.49,196.94
231.85,164.88,286,258.21
404.28,174.14,512.58,238.97
220.45,1,397.86,61.562
457.71,297.4,512.58,342.29
126.4,82.225,228.29,211.9
70.825,78.663,233.99,216.18
174.85,191.24,231.85,273.18
432.06,3.1375,512.58,77.237
434.2,262.49,474.81,303.1
407.12,26.65,501.89,143.5
334.45,1,438.48,140.65
385.75,73.675,512.58,191.95
211.9,177.7,377.91,282.44
264.62,90.062,378.62,151.34
236.12,62.275,296.69,134.24
58,78.663,126.4,137.09
211.9,56.575,290.28,136.38
386.46,139.22,486.21,191.95
365.8,156.33,512.58,268.19
409.98,1,512.58,143.5
170.58,107.88,290.28,179.12
408.55,207.62,512.58,252.51
136.38,50.875,255.36,137.09
377.2,44.462,434.2,148.49
334.45,7.4125,422.8,141.36
412.11,211.19,452.73,285.29
167.01,107.88,217.6,250.38
138.51,120.7,182.69,208.34
227.58,1,364.38,61.562
377.91,213.33,486.21,284.57
235.41,62.275,293.84,135.66
159.89,142.79,205.49,196.94
139.94,5.275,271.04,72.25
357.25,176.28,416.39,271.75
440.61,116.42,512.58,189.81
221.16,1,367.23,61.562
445.6,60.85,512.58,139.22
433.49,239.69,512.58,298.82
268.19,260.35,437.76,342.29
73.675,1,422.8,220.45
341.57,30.213,416.39,139.22
240.4,18.812,342.29,61.562
404.99,121.41,469.11,186.96
117.85,78.663,266.76,142.79
444.89,55.15,512.58,184.83
340.86,11.688,422.09,108.59
383.61,214.75,512.58,303.1
298.82,100.04,387.89,167.01
36.625,92.2,191.95,229
134.24,1,377.91,70.825
382.19,206.91,512.58,300.96
410.69,26.65,493.34,97.9
309.51,132.1,512.58,238.97
142.79,1,273.18,70.825
206.91,44.462,305.24,139.94
305.95,200.5,354.4,246.81
425.65,8.8375,512.58,58
206.91,44.462,298.82,139.94
371.5,131.39,512.58,221.16
32.35,40.9,141.36,194.8
423.51,10.975,512.58,78.663
422.09,10.975,512.58,123.55
399.29,127.83,486.21,191.95
219.74,142.79,282.44,198.36
425.65,12.4,478.38,75.812
32.35,129.25,93.625,169.86
119.28,42.325,205.49,105.74
167.01,152.76,214.04,250.38
222.59,141.36,347.99,196.22
256.79,235.41,384.32,290.28
425.65,1,512.58,176.28
221.88,47.312,305.24,134.95
227.58,195.51,285.29,266.05
23.088,231.85,432.78,342.29
224.72,90.775,266.76,137.09
126.4,110.01,189.1,211.9
387.18,121.41,471.96,183.4
174.85,134.95,333.03,252.51
309.51,132.1,446.31,192.66
432.06,235.41,512.58,300.96
159.18,41.613,360.81,85.075
431.35,241.11,512.58,297.4
452.73,128.54,512.58,183.4
146.35,1,394.3,67.263
382.19,210.47,512.58,285.29
139.22,82.225,228.29,201.93
179.84,2.425,273.18,50.875
342.29,34.488,422.8,140.65
341.57,175.56,425.65,283.15
334.45,7.4125,389.31,79.375
370.79,132.1,512.58,197.65
423.51,3.1375,512.58,104.31
426.36,263.91,512.58,342.29
199.08,242.54,294.55,284.57
206.91,65.125,298.82,139.94
430.64,245.39,474.1,303.1
268.19,90.062,378.62,151.34
387.18,73.675,512.58,191.95
36.625,129.25,93.625,169.86
268.19,104.31,378.62,151.34
135.66,41.613,360.81,137.8
330.89,7.4125,429.21,140.65
389.31,147.78,452.73,191.24
248.95,41.613,386.46,137.8
361.53,30.925,422.8,134.95
135.66,36.625,251.8,121.41
132.1,189.81,432.78,342.29
219.03,142.79,282.44,198.36
247.53,7.4125,433.49,132.1
75.812,40.188,266.76,206.91
136.38,7.4125,433.49,137.09
75.812,54.438,172,203.35
287.43,166.3,395.73,244.68
315.21,260.35,432.78,342.29
269.61,263.2,432.78,342.29
423.51,9.55,480.51,56.575
67.263,119.28,132.81,184.83
119.99,1,274.6,77.95
177.7,190.53,294.55,284.57
425.65,1,512.58,89.35
414.96,1,467.69,75.1
357.25,132.1,498.32,271.75
361.53,14.537,429.21,90.062
191.95,133.53,400,222.59
198.36,113.58,390.74,209.76
444.18,3.1375,512.58,89.35
32.35,102.17,266.76,313.07
432.06,285.29,488.35,336.59
427.07,10.975,512.58,78.663
146.35,1,342.29,67.263
168.44,107.88,217.6,183.4
36.625,122.84,191.24,226.15
417.1,197.65,512.58,252.51
75.812,54.438,153.47,186.25
393.59,211.19,512.58,300.96
357.25,127.83,498.32,271.75
216.18,204.06,336.59,296.69
221.88,47.312,305.24,137.09
211.9,75.812,290.28,136.38
432.78,241.83,512.58,300.96
174.85,176.99,339.44,281.73
371.5,143.5,487.64,201.93
382.19,206.91,512.58,342.29
368.65,63.7,422.8,141.36
424.23,264.62,512.58,342.29
409.26,213.33,486.21,284.57
414.96,62.275,456.29,123.55
199.08,158.46,315.93,282.44
67.263,82.225,228.29,229
130.68,1,397.86,70.112
377.91,207.62,496.19,284.57
445.6,55.15,512.58,137.8
226.86,193.38,328.75,267.48
446.31,60.85,512.58,111.44
211.19,87.925,255.36,137.09
338.01,1,438.48,139.22
445.6,55.15,512.58,141.36
287.43,166.3,347.99,224.01
423.51,1,480.51,56.575
117.85,36.625,238.97,112.15
359.39,214.04,415.68,271.75
221.16,1,304.53,42.325
371.5,132.1,498.32,197.65
169.86,85.075,241.11,137.8
130.68,1,289.56,70.112
244.68,15.963,359.39,58
338.01,15.963,416.39,139.22
297.4,55.15,380.05,97.9
239.69,23.088,390.74,142.08
135.66,40.188,305.95,140.65
423.51,1,512.58,90.062
197.65,152.05,295.98,266.76
159.89,135.66,288.14,268.19
330.18,295.98,400.71,342.29
341.57,175.56,512.58,342.29
425.65,8.8375,512.58,71.538
75.812,55.863,146.35,121.41
298.82,50.875,402.14,136.38
138.51,99.325,213.33,155.61
333.74,7.4125,433.49,132.1
268.19,260.35,432.78,342.29
431.35,241.11,512.58,303.1
139.94,30.213,226.86,72.25
239.69,41.613,375.78,111.44
170.58,110.01,229,179.12
167.01,159.89,231.85,273.18
410.69,54.438,480.51,97.9
70.825,87.925,175.56,178.41
429.93,34.488,476.24,85.788
1,256.79,163.45,342.29
117.85,77.237,241.83,142.79
198.36,113.58,322.34,209.76
36.625,125.69,95.763,171.29
174.85,159.89,231.85,273.18
395.01,214.75,512.58,299.54
371.5,131.39,487.64,201.93
70.825,78.663,178.41,216.18
288.14,137.8,390.74,201.21
1,1,251.09,137.09
334.45,11.688,422.09,108.59
341.57,15.963,429.21,139.22
222.59,134.95,347.99,196.22
304.53,194.09,375.06,265.34
217.6,44.462,298.82,136.38
199.08,158.46,332.31,266.05
266.76,154.19,319.49,209.76
449.16,127.11,512.58,176.28
244.68,15.963,393.59,142.08
424.94,204.78,512.58,252.51
243.25,1,422.8,141.36
221.16,1,378.62,61.562
170.58,108.59,219.03,183.4
200.5,143.5,340.15,224.01
200.5,137.8,382.19,217.6
227.58,195.51,325.19,267.48
410.69,26.65,480.51,97.9
141.36,152.05,339.44,283.15
375.78,213.33,486.21,303.1
441.32,271.75,512.58,328.04
423.51,10.975,512.58,90.062
424.94,274.6,478.38,342.29
144.93,1,273.18,55.863
457,297.4,512.58,342.29
97.9,164.88,179.12,226.15
219.03,134.95,333.03,198.36
1,40.9,81.513,280.3
207.62,45.175,305.95,136.38
375.78,214.04,418.53,266.76
56.575,102.17,138.51,193.38
382.19,212.61,464.12,300.96
106.45,102.17,152.05,188.39
62.988,131.39,138.51,193.38
423.51,33.062,469.11,75.1
141.36,159.89,231.85,273.18
442.75,44.462,512.58,127.83
175.56,2.425,274.6,48.025
117.85,72.963,266.76,142.79
277.45,183.4,340.15,226.86
278.88,70.825,376.49,117.85
358.68,1,512.58,273.18
449.16,127.11,512.58,174.85
136.38,50.875,241.11,95.763
267.48,140.65,390.74,201.93
239.69,41.613,390.74,142.08
211.9,214.75,253.22,270.32
352.26,15.963,512.58,191.95
397.86,184.11,512.58,238.26
80.8,54.438,153.47,147.78
343.71,177.7,395.73,271.75
444.89,45.175,512.58,137.8
297.4,55.15,387.89,127.83
425.65,1,512.58,137.8
23.088,265.34,163.45,342.29
36.625,122.84,179.12,226.15
65.125,160.6,180.55,233.28
330.18,295.98,431.35,342.29
394.3,212.61,476.24,285.29
444.89,34.488,512.58,89.35
304.53,189.1,381.48,265.34
387.89,121.41,486.21,193.38
333.03,270.32,432.78,342.29
221.16,1,394.3,61.562
362.95,15.963,429.21,81.513
431.35,271.75,512.58,328.04
425.65,8.8375,488.35,58
229,48.025,305.95,135.66
385.75,73.675,485.5,191.95
365.8,156.33,485.5,268.19
386.46,127.83,486.21,191.95
198.36,113.58,322.34,166.3
221.88,43.75,305.24,137.09
375.78,214.04,419.24,273.89
393.59,211.19,452.73,285.29
431.35,263.91,512.58,328.04
382.19,211.19,512.58,300.96
67.263,92.2,191.95,229
32.35,133.53,313.79,298.11
393.59,211.19,512.58,285.29
199.08,242.54,268.19,284.57
146.35,30.213,250.38,70.825
236.12,62.275,305.95,134.95
432.06,1,512.58,77.237
449.88,124.26,512.58,174.85
340.15,63.7,422.8,141.36
146.35,1,341.57,67.263
377.2,44.462,422.09,129.96
184.83,1,377.91,52.3
276.74,199.08,354.4,247.53
224.72,90.775,266.76,136.38
427.07,10.975,498.32,75.1
135.66,85.075,241.83,152.76
36.625,119.28,139.22,189.1
220.45,1,365.09,47.312
401.43,207.62,512.58,252.51
32.35,132.81,190.53,233.28
338.01,13.825,422.8,140.65
263.2,146.35,319.49,209.76
79.375,118.56,125.69,182.69
275.31,141.36,393.59,235.41
287.43,159.18,347.99,244.68
441.32,279.59,512.58,328.04
304.53,189.81,381.48,265.34
207.62,45.175,305.95,140.65
199.08,158.46,294.55,266.05
198.36,113.58,267.48,166.3
219.03,141.36,322.34,198.36
394.3,212.61,512.58,300.25
73.675,119.28,134.24,183.4
469.82,13.825,512.58,63.7
141.36,152.05,295.98,273.18
334.45,11.688,422.8,141.36
415.68,214.75,486.21,284.57
248.95,41.613,390.74,141.36
293.12,99.325,390.74,142.08
427.07,10.975,506.16,78.663
144.93,1,253.94,55.863
309.51,175.56,352.98,244.68
404.99,127.83,486.21,191.95
120.7,48.738,241.11,104.31
359.39,154.19,400,215.46
414.96,1,512.58,75.1
440.61,60.85,512.58,137.09
330.18,267.48,432.78,342.29
117.85,50.875,238.97,112.15
383.61,176.99,436.34,272.46
222.59,140.65,347.99,196.22
119.28,1,251.8,105.74
433.49,241.83,512.58,300.25
304.53,185.54,381.48,265.34
199.08,158.46,288.14,266.05
286,173.43,345.14,224.01
378.62,110.01,427.79,194.8
371.5,134.24,498.32,197.65
278.88,70.825,387.89,148.49
423.51,53.725,488.35,104.31
138.51,96.475,241.83,175.56
126.4,110.01,189.1,216.18
432.78,241.83,512.58,300.25
146.35,1,304.53,67.263
338.01,7.4125,433.49,132.1
362.24,213.33,416.39,269.61
382.19,212.61,512.58,300.25
222.59,172.71,313.79,254.65
370.79,132.1,446.31,192.66
287.43,159.18,347.99,224.01
135.66,50.875,238.97,99.325
365.8,127.11,512.58,268.19
172,118.56,230.43,183.4
219.74,140.65,313.07,201.93
106.45,102.17,147.06,157.04
375.78,214.04,418.53,272.46
444.89,285.29,488.35,336.59
423.51,9.55,480.51,85.788
117.85,78.663,238.26,122.12
276.03,169.15,345.85,224.01
79.375,132.81,136.38,186.25
219.74,176.99,295.98,266.76
166.3,2.425,273.18,50.875
32.35,133.53,216.18,267.48
298.82,63.7,422.8,167.01
111.44,90.062,175.56,178.41
267.48,144.21,309.51,203.35
135.66,58,292.41,137.8
168.44,107.88,217.6,252.51
65.125,160.6,141.36,208.34
171.29,109.3,212.61,170.58
422.09,62.275,472.68,123.55
261.78,144.21,343.71,188.39
307.38,150.62,374.35,220.45
159.18,1,377.91,65.838
352.26,41.613,415.68,141.36
345.14,267.48,432.78,333.03
337.3,174.14,404.99,234.7
444.18,3.1375,512.58,90.062
56.575,48.025,163.45,137.09
219.74,177.7,270.32,248.95
206.2,87.925,263.2,137.8
290.28,235.41,384.32,290.28
432.06,10.975,512.58,72.963
144.93,13.825,218.31,55.863
175.56,1,274.6,48.025
244.68,15.963,359.39,61.562
404.99,127.83,459.14,176.28
222.59,177.7,383.61,274.6
427.79,23.8,480.51,87.925
296.69,144.21,486.21,268.9
352.26,41.613,442.04,150.62
215.46,1,304.53,48.025
453.44,132.81,512.58,184.83
174.85,176.99,322.34,281.73
197.65,176.99,322.34,281.73
211.9,172.71,286,268.19
102.89,75.1,148.49,162.74
136.38,171.29,178.41,216.18
166.3,1,289.56,52.3
381.48,127.11,512.58,194.8
414.96,18.1,467.69,75.1
219.74,176.99,322.34,281.73
424.94,263.91,480.51,342.29
73.675,122.12,129.25,176.99
216.89,143.5,340.15,224.01
219.03,142.79,319.49,209.76
233.28,1,365.09,46.6
166.3,1,284.57,52.3
102.89,78.663,148.49,162.74
343,7.4125,433.49,132.1
207.62,40.188,305.95,140.65
200.5,137.8,382.19,226.86
355.11,50.875,397.15,135.66
141.36,199.79,219.03,268.19
197.65,197.65,246.1,266.76
32.35,102.17,161.31,224.72
450.59,92.2,512.58,184.83
342.29,34.488,413.54,134.95
132.1,189.81,313.07,298.11
79.375,132.81,122.84,182.69
219.74,177.7,270.32,266.76
166.3,1,289.56,50.875
138.51,108.59,193.38,196.94
184.83,243.96,432.78,342.29
206.2,87.925,246.81,137.8
368.65,63.7,414.96,134.95
132.1,189.81,216.18,267.48
276.03,169.15,360.1,247.53
275.31,141.36,374.35,220.45
221.16,177.7,319.49,273.89
233.28,1,367.23,54.438
343,1,454.15,48.738
159.89,142.79,214.04,236.84
386.46,100.04,442.04,150.62
86.5,110.01,185.54,206.91
429.93,41.613,480.51,87.925
299.54,144.21,382.19,201.21
159.89,142.79,233.99,260.35
419.24,127.11,512.58,194.8
362.95,14.537,429.21,81.513
427.07,10.975,480.51,75.1
1,256.79,48.025,342.29
314.5,258.93,432.78,342.29
357.96,152.76,400,215.46
211.19,62.275,293.84,137.09
80.8,54.438,172,203.35
357.96,152.76,400,222.59
73.675,95.05,184.11,220.45
337.3,176.99,381.48,231.85
75.812,118.56,134.24,184.83
432.06,10.975,512.58,66.55
241.11,70.825,376.49,141.36
387.18,54.438,483.36,191.95
138.51,107.16,191.95,154.19
137.09,231.85,355.82,342.29
441.32,267.48,489.06,320.2
32.35,133.53,133.53,194.8
358.68,224.01,419.95,273.18
277.45,183.4,340.15,224.01
267.48,154.19,319.49,201.93
266.05,169.15,323.76,209.76
138.51,98.612,233.99,198.36
121.41,13.825,218.31,67.263
207.62,45.175,305.95,134.24
222.59,141.36,322.34,196.22
381.48,151.34,427.79,194.8
344.43,189.1,388.6,263.2
135.66,81.513,242.54,137.8
304.53,194.09,384.32,281.01
368.65,63.7,422.8,134.95
269.61,260.35,432.78,342.29
175.56,1,284.57,52.3
240.4,62.275,292.41,110.73
431.35,279.59,512.58,328.04
70.825,122.12,125.69,173.43
445.6,60.85,512.58,184.83
371.5,143.5,478.38,193.38
337.3,176.99,392.16,234.7
197.65,152.05,250.38,266.76
200.5,137.8,319.49,217.6
139.94,30.213,240.4,72.25
67.263,160.6,161.31,224.72
328.75,55.15,380.05,97.9
32.35,110.01,133.53,194.8
341.57,30.213,415.68,141.36
172.71,128.54,219.03,183.4
361.53,30.925,415.68,104.31
143.5,1,377.91,70.825
338.01,13.825,409.98,58.712
136.38,182.69,179.12,226.15
167.72,43.75,305.24,137.09
425.65,262.49,476.24,303.1
152.76,3.1375,248.95,58.712
137.09,231.85,432.78,342.29
121.41,1,253.94,67.263
146.35,98.612,227.58,201.21
218.31,137.8,290.28,196.94
461.99,298.11,512.58,342.29
277.45,181.97,380.76,268.19
211.9,195.51,285.29,268.19
445.6,60.85,512.58,112.15
73.675,129.96,125.69,173.43
79.375,118.56,127.83,182.69
342.29,34.488,413.54,129.25
446.31,286.71,488.35,336.59
120.7,110.01,185.54,206.91
340.86,11.688,387.18,108.59
219.74,176.99,286,266.76
268.19,144.21,319.49,201.93
117.85,77.237,220.45,122.12
453.44,132.81,512.58,179.84
362.95,28.788,422.09,132.1
142.08,112.15,188.39,201.93
102.89,78.663,178.41,216.18
377.91,43.038,422.09,132.1
191.24,154.9,313.79,256.08
425.65,262.49,512.58,342.29
216.18,135.66,288.14,202.64
219.74,177.7,384.32,281.01
341.57,260.35,432.78,342.29
395.01,205.49,512.58,342.29
229,48.025,293.84,135.66
56.575,102.17,103.6,143.5
75.812,55.863,144.21,121.41
425.65,1,512.58,50.163
73.675,85.075,241.83,220.45
227.58,177.7,287.43,258.93
159.89,142.79,233.99,256.08
227.58,1,437.05,57.288
135.66,165.59,189.1,220.45
379.34,45.888,422.09,132.1
278.88,70.825,387.89,152.05
266.05,150.62,386.46,244.68
200.5,137.8,290.28,217.6
184.83,1,304.53,52.3
134.24,12.4,233.99,68.688
195.51,50.875,251.09,102.17
132.1,154.19,178.41,216.18
119.99,179.12,179.12,226.15
227.58,1,304.53,41.613
143.5,85.075,241.83,152.76
395.01,214.75,486.21,284.57
86.5,129.25,172,203.35
395.01,205.49,512.58,299.54
383.61,215.46,440.61,284.57
454.86,133.53,512.58,183.4
387.18,124.26,483.36,191.95
136.38,221.88,251.8,304.53
383.61,176.99,436.34,243.96
79.375,118.56,134.24,184.83
340.86,30.213,389.31,79.375
221.88,47.312,288.14,134.95
1,40.9,68.688,342.29
91.487,162.03,179.12,226.15
300.96,198.36,360.1,247.53
219.74,177.7,328.75,267.48
372.21,15.963,429.21,67.263
239.69,62.275,292.41,134.95
233.28,47.312,288.14,134.95
142.08,98.612,227.58,201.93
360.1,23.8,422.09,132.1
79.375,118.56,122.84,182.69
172.71,118.56,219.03,183.4
425.65,1,512.58,75.812
375.06,212.61,464.12,300.96
119.28,55.863,205.49,105.74
206.2,58,292.41,137.8
266.05,154.9,323.76,209.76
377.91,231.85,418.53,272.46
258.21,204.06,325.19,267.48
170.58,108.59,229,183.4
275.31,141.36,343.71,202.64
120.7,110.01,189.1,219.03
334.45,1,422.8,141.36
174.14,95.763,241.83,142.79
425.65,262.49,480.51,328.04
383.61,214.75,486.21,284.57
135.66,50.163,238.97,95.05
36.625,134.24,101.46,177.7
73.675,122.12,125.69,173.43
138.51,107.16,193.38,196.94
211.9,205.49,253.94,268.19
119.28,50.163,238.97,105.74
138.51,120.7,189.1,208.34
398.57,212.61,447.74,285.29
394.3,212.61,484.07,285.29
176.28,96.475,241.83,175.56
370.07,270.32,432.78,342.29
222.59,144.93,284.57,202.64
278.88,70.825,393.59,152.05
247.53,69.4,305.24,132.81
433.49,241.11,512.58,297.4
278.16,80.088,390.74,141.36
361.53,28.075,422.09,104.31
229,1,304.53,45.175
70.825,102.17,134.24,176.99
175.56,2.425,274.6,52.3
176.99,230.43,226.15,273.18
65.125,160.6,139.22,208.34
222.59,143.5,288.14,196.94
278.88,70.825,387.89,144.93
222.59,172.71,286,236.12
185.54,110.01,229,175.56
80.8,40.9,141.36,100.75
442.04,1,512.58,58
239.69,64.412,288.14,134.95
444.18,3.1375,512.58,58
334.45,7.4125,389.31,50.163
128.54,110.01,185.54,206.91
336.59,295.98,400.71,342.29
275.31,141.36,322.34,202.64
85.075,102.17,152.05,188.39
455.57,133.53,512.58,184.83
340.86,13.825,387.18,108.59
376.49,45.175,422.8,131.39
73.675,102.17,152.05,188.39
143.5,85.075,241.11,137.8
340.86,36.625,385.75,108.59
149.91,107.16,191.95,154.19
288.14,144.21,343.71,188.39
169.86,87.925,241.11,137.8
222.59,144.93,280.3,196.22
138.51,99.325,228.29,196.94
75.812,57.288,143.5,121.41
307.38,150.62,374.35,202.64
221.16,177.7,287.43,258.93
340.86,30.213,385.75,108.59
224.72,47.312,288.14,134.95
449.16,60.85,512.58,109.3
176.28,96.475,241.83,152.76
227.58,195.51,292.41,266.05
247.53,69.4,296.69,118.56
372.21,15.963,429.21,57.288
