219.67,130.07,383.93,259.13
254.87,463.93,322.07,511.93
173.8,140.73,383.93,511.93
65,1,383.93,264.47
221.8,1,383.93,310.33
109.8,85.267,203.67,181.27
49,1,383.93,299.67
220.73,262.33,383.93,511.93
172.73,258.07,216.47,511.93
46.867,1,173.8,257
60.733,1,120.47,136.47
1,1,383.93,511.93
46.867,1,383.93,310.33
46.867,1,383.93,289
93.8,1,383.93,233.53
1,1,211.13,511.93
187.67,1,329.53,63.933
1,1,210.07,511.93
58.6,1,383.93,243.13
257,285.8,383.93,339.13
172.73,62.867,383.93,511.93
65,82.067,111.93,229.27
46.867,1,383.93,511.93
215.4,239.93,383.93,511.93
254.87,231.4,383.93,294.33
46.867,1,383.93,292.2
65,1,383.93,511.93
218.6,1,312.47,59.667
211.13,262.33,383.93,511.93
171.67,171.67,271.93,233.53
66.067,1,314.6,236.73
173.8,59.667,383.93,511.93
141.8,143.93,383.93,511.93
187.67,1,383.93,105.53
254.87,467.13,341.27,511.93
173.8,62.867,383.93,511.93
161,169.53,383.93,511.93
179.13,143.93,383.93,511.93
333.8,109.8,383.93,173.8
65,114.07,169.53,239.93
120.47,88.467,201.53,177
109.8,1,162.07,79.933
1,1,216.47,511.93
1,1,209,511.93
58.6,1,383.93,511.93
65,1,383.93,236.73
175.93,276.2,221.8,511.93
109.8,230.33,189.8,408.47
65,1,383.93,255.93
214.33,171.67,273,215.4
173.8,143.93,383.93,511.93
194.07,155.67,383.93,299.67
81,81,323.13,233.53
194.07,62.867,383.93,271.93
62.867,1,383.93,511.93
82.067,142.87,126.87,227.13
330.6,439.4,383.93,499.13
69.267,193,225,243.13
62.867,1,383.93,255.93
190.87,260.2,337,511.93
172.73,143.93,383.93,511.93
74.6,202.6,170.6,255.93
136.47,49,214.33,105.53
75.667,85.267,193,163.13
213.27,161,383.93,511.93
213.27,177,347.67,271.93
97,1,173.8,101.27
172.73,116.2,324.2,228.2
145,26.6,243.13,105.53
205.8,1,329.53,207.93
49,1,383.93,511.93
198.33,65,268.73,201.53
94.867,54.333,383.93,233.53
333.8,109.8,383.93,172.73
173.8,140.73,358.33,323.13
273,347.67,383.93,430.87
205.8,1,383.93,259.13
62.867,84.2,169.53,239.93
91.667,1,370.07,236.73
62.867,1,370.07,255.93
49,1,245.27,258.07
63.933,143.93,383.93,511.93
46.867,1,200.47,292.2
46.867,1,346.6,257
190.87,193,383.93,511.93
62.867,1,193,239.93
194.07,97,324.2,233.53
215.4,102.33,383.93,259.13
332.73,351.93,383.93,426.6
109.8,148.2,241,233.53
217.53,257,323.13,299.67
141.8,226.07,275.13,511.93
218.6,1,312.47,74.6
93.8,178.07,166.33,227.13
46.867,1,122.6,257
235.67,13.8,299.67,88.467
133.27,107.67,189.8,164.2
239.93,223.93,383.93,310.33
231.4,133.27,278.33,179.13
261.27,1,351.93,115.13
95.933,148.2,137.53,193
254.87,228.2,383.93,294.33
72.467,1,383.93,264.47
66.067,1,284.73,236.73
62.867,1,169.53,239.93
270.87,177,347.67,222.87
213.27,109.8,383.93,267.67
82.067,83.133,233.53,238.87
195.13,1,383.93,205.8
249.53,1,327.4,62.867
124.73,85.267,200.47,178.07
209,134.33,319.93,233.53
190.87,250.6,383.93,511.93
218.6,1,329.53,74.6
65,1,383.93,238.87
314.6,127.93,383.93,168.47
1,1,221.8,511.93
166.33,1,249.53,59.667
254.87,228.2,383.93,310.33
121.53,158.87,190.87,209
109.8,230.33,175.93,292.2
203.67,1,301.8,52.2
161,267.67,206.87,474.6
66.067,1,383.93,236.73
261.27,1,383.93,115.13
109.8,26.6,243.13,196.2
190.87,27.667,248.47,69.267
65,1,315.67,235.67
247.4,17,299.67,74.6
82.067,87.4,318.87,238.87
121.53,34.067,318.87,229.27
314.6,109.8,383.93,173.8
187.67,1,383.93,264.47
209,151.4,295.4,211.13
94.867,85.267,204.73,180.2
212.2,60.733,383.93,264.47
1,1,219.67,511.93
110.87,218.6,216.47,511.93
151.4,154.6,228.2,229.27
217.53,228.2,383.93,310.33
213.27,210.07,296.47,271.93
49,1,120.47,175.93
141.8,226.07,221.8,511.93
69.267,196.2,170.6,255.93
95.933,107.67,241,233.53
72.467,1,318.87,234.6
165.27,175.93,228.2,223.93
260.2,103.4,383.93,174.87
213.27,170.6,363.67,271.93
328.47,269.8,383.93,310.33
213.27,217.53,281.53,271.93
217.53,170.6,383.93,259.13
297.53,62.867,383.93,152.47
69.267,1,370.07,255.93
182.33,169.53,383.93,511.93
213.27,172.73,365.8,270.87
119.4,87.4,200.47,180.2
92.733,173.8,166.33,227.13
46.867,1,249.53,289
119.4,85.267,204.73,159.93
81,54.333,383.93,299.67
217.53,1,299.67,88.467
201.53,102.33,261.27,201.53
215.4,161,383.93,259.13
226.07,109.8,293.27,189.8
248.47,1,312.47,63.933
111.93,86.333,201.53,177
93.8,1,243.13,234.6
190.87,260.2,383.93,511.93
138.6,1,203.67,61.8
260.2,59.667,383.93,174.87
217.53,1,329.53,63.933
122.6,151.4,195.13,209
93.8,1,329.53,225
65,1,246.33,235.67
203.67,1,314.6,52.2
171.67,146.07,310.33,233.53
209,1,329.53,120.47
49,1,143.93,258.07
217.53,230.33,383.93,310.33
94.867,54.333,383.93,299.67
312.47,252.73,383.93,310.33
72.467,1,318.87,229.27
75.667,91.667,136.47,146.07
261.27,1,346.6,113
230.33,62.867,383.93,212.2
69.267,185.53,200.47,255.93
67.133,1,182.33,141.8
225,109.8,275.13,182.33
217.53,1,299.67,60.733
95.933,1,182.33,79.933
94.867,102.33,143.93,156.73
313.53,59.667,383.93,140.73
247.4,1,347.67,113
94.867,85.267,204.73,196.2
217.53,155.67,383.93,294.33
94.867,1,182.33,84.2
274.07,314.6,383.93,428.73
226.07,97,324.2,189.8
93.8,1,249.53,234.6
62.867,84.2,136.47,194.07
109.8,103.4,233.53,238.87
106.6,215.4,200.47,255.93
92.733,85.267,162.07,141.8
81,94.867,317.8,233.53
212.2,146.07,297.53,209
81,1,383.93,233.53
198.33,66.067,262.33,201.53
254.87,463.93,341.27,511.93
74.6,202.6,152.47,243.13
116.2,194.07,225,243.13
81,103.4,165.27,227.13
234.6,68.2,315.67,155.67
111.93,103.4,190.87,164.2
118.33,70.333,317.8,228.2
221.8,170.6,383.93,310.33
63.933,170.6,225,511.93
260.2,103.4,383.93,173.8
67.133,154.6,228.2,289
332.73,1,383.93,72.467
46.867,35.133,173.8,284.73
194.07,155.67,383.93,294.33
217.53,1,312.47,63.933
71.4,1,124.73,118.33
94.867,85.267,241,233.53
329.53,314.6,383.93,408.47
109.8,148.2,199.4,227.13
91.667,65,317.8,236.73
91.667,86.333,194.07,145
95.933,148.2,241,233.53
182.33,169.53,298.6,323.13
109.8,1,181.27,79.933
91.667,70.333,317.8,236.73
97,53.267,173.8,101.27
202.6,1,312.47,74.6
81,1,127.93,101.27
225,34.067,312.47,182.33
109.8,83.133,233.53,238.87
275.13,172.73,365.8,220.73
235.67,30.867,296.47,88.467
261.27,92.733,318.87,158.87
296.47,62.867,383.93,151.4
66.067,117.27,119.4,227.13
94.867,87.4,200.47,180.2
93.8,1,329.53,149.27
228.2,102.33,369,218.6
46.867,1,228.2,289
323.13,323.13,383.93,421.27
109.8,1,168.47,79.933
219.67,161,383.93,259.13
212.2,60.733,383.93,218.6
94.867,85.267,204.73,177
93.8,1,370.07,149.27
194.07,218.6,321,376.47
249.53,1,383.93,115.13
46.867,1,198.33,284.73
232.47,229.27,383.93,293.27
309.27,1,383.93,105.53
78.867,85.267,162.07,141.8
94.867,83.133,204.73,181.27
138.6,1,329.53,102.33
221.8,197.27,367.93,258.07
69.267,171.67,200.47,292.2
136.47,1,214.33,105.53
194.07,151.4,308.2,233.53
93.8,1,244.2,149.27
82.067,145,233.53,238.87
129,103.4,193,175.93
152.47,1,324.2,69.267
93.8,175.93,151.4,234.6
189.8,1,383.93,114.07
211.13,457.53,274.07,511.93
209,1,383.93,233.53
72.467,1,229.27,229.27
331.67,1,383.93,89.533
82.067,1,383.93,238.87
67.133,1,127.93,141.8
95.933,1,166.33,79.933
217.53,1,307.13,63.933
65,125.8,108.73,229.27
190.87,250.6,327.4,401
217.53,1,329.53,102.33
209,85.267,262.33,130.07
215.4,228.2,383.93,511.93
230.33,159.93,308.2,201.53
217.53,155.67,383.93,259.13
62.867,1,193,194.07
49,1,383.93,258.07
118.33,151.4,222.87,228.2
209,151.4,295.4,233.53
247.4,1,346.6,113
101.27,1,181.27,79.933
161,267.67,229.27,511.93
46.867,1,189.8,408.47
277.27,193,383.93,249.53
145,26.6,243.13,163.13
73.533,207.93,200.47,255.93
275.13,179.13,334.87,220.73
270.87,170.6,363.67,222.87
161,317.8,206.87,474.6
296.47,1,383.93,191.93
95.933,148.2,137.53,191.93
215.4,1,383.93,259.13
94.867,179.13,168.47,236.73
248.47,463.93,341.27,511.93
238.87,94.867,383.93,173.8
293.27,1,383.93,105.53
167.4,66.067,262.33,225
163.13,175.93,228.2,223.93
94.867,86.333,201.53,177
82.067,83.133,324.2,238.87
239.93,223.93,383.93,299.67
125.8,158.87,195.13,209
219.67,161,383.93,310.33
190.87,250.6,235.67,393.53
93.8,175.93,167.4,234.6
216.47,170.6,383.93,260.2
78.867,1,131.13,108.73
82.067,142.87,131.13,227.13
62.867,84.2,136.47,227.13
279.4,351.93,383.93,430.87
228.2,109.8,297.53,189.8
238.87,94.867,325.27,169.53
195.13,68.2,314.6,205.8
202.6,1,329.53,63.933
54.333,1,124.73,155.67
63.933,170.6,225,243.13
213.27,59.667,383.93,380.73
212.2,116.2,324.2,209
211.13,457.53,275.13,511.93
209,85.267,253.8,130.07
329.53,314.6,383.93,428.73
75.667,91.667,136.47,163.13
171.67,151.4,295.4,233.53
66.067,117.27,169.53,239.93
81,103.4,147.13,227.13
67.133,31.933,123.67,143.93
249.53,12.733,301.8,59.667
213.27,161,383.93,376.47
46.867,1,126.87,257
46.867,1,315.67,257
46.867,1,124.73,257
205.8,1,351.93,147.13
221.8,170.6,383.93,258.07
120.47,83.133,204.73,177
92.733,1,229.27,141.8
81,145,147.13,227.13
136.47,126.87,203.67,196.2
74.6,1,127.93,113
121.53,154.6,234.6,229.27
106.6,34.067,318.87,229.27
110.87,218.6,222.87,511.93
65,1,127.93,177
91.667,171.67,191.93,236.73
257,285.8,383.93,350.87
67.133,189.8,198.33,289
93.8,85.267,204.73,234.6
198.33,83.133,266.6,200.47
75.667,142.87,155.67,239.93
190.87,250.6,235.67,401
106.6,148.2,241,233.53
172.73,81,266.6,200.47
190.87,260.2,312.47,511.93
190.87,232.47,383.93,511.93
141.8,226.07,195.13,287.93
106.6,24.467,318.87,229.27
70.333,189.8,198.33,244.2
251.67,1,383.93,175.93
94.867,85.267,310.33,233.53
106.6,94.867,317.8,233.53
94.867,83.133,233.53,238.87
62.867,85.267,193,194.07
91.667,87.4,156.73,145
273,60.733,383.93,218.6
213.27,172.73,365.8,380.73
268.73,230.33,383.93,293.27
289,131.13,363.67,204.73
194.07,172.73,365.8,280.47
213.27,109.8,383.93,271.93
109.8,24.467,244.2,196.2
213.27,226.07,263.4,376.47
136.47,1,243.13,105.53
220.73,232.47,383.93,511.93
211.13,457.53,251.67,511.93
119.4,87.4,200.47,177
282.6,131.13,369,218.6
195.13,71.4,248.47,205.8
69.267,171.67,200.47,255.93
94.867,86.333,201.53,181.27
278.33,314.6,383.93,428.73
46.867,1,173.8,284.73
264.47,134.33,319.93,174.87
196.2,191.93,242.07,233.53
257,193,383.93,498.07
284.73,452.2,334.87,504.47
141.8,226.07,185.53,287.93
145,49,243.13,105.53
46.867,1,123.67,257
94.867,85.267,200.47,209
234.6,70.333,317.8,173.8
67.133,1,126.87,143.93
69.267,185.53,171.67,255.93
251.67,34.067,312.47,115.13
319.93,1,383.93,114.07
135.4,156.73,241,233.53
65,82.067,111.93,209
213.27,210.07,293.27,376.47
89.533,148.2,136.47,229.27
69.267,85.267,200.47,292.2
196.2,171.67,273,233.53
187.67,1,312.47,74.6
226.07,97,318.87,189.8
82.067,1,346.6,238.87
118.33,151.4,195.13,228.2
218.6,1,307.13,59.667
217.53,1,301.8,52.2
275.13,401,338.07,442.6
58.6,1,152.47,243.13
167.4,157.8,222.87,225
205.8,1,383.93,149.27
249.53,13.8,306.07,62.867
248.47,11.667,307.13,63.933
65,114.07,108.73,229.27
209,62.867,383.93,376.47
78.867,1,173.8,141.8
275.13,232.47,383.93,310.33
72.467,1,229.27,141.8
212.2,70.333,317.8,209
75.667,97,116.2,146.07
217.53,1,299.67,102.33
239.93,231.4,383.93,299.67
247.4,1,383.93,114.07
213.27,218.6,281.53,269.8
217.53,155.67,383.93,293.27
179.13,143.93,362.6,498.07
182.33,169.53,298.6,326.33
188.73,182.33,245.27,243.13
251.67,1,370.07,126.87
182.33,169.53,321,376.47
284.73,452.2,335.93,504.47
209,146.07,305,233.53
249.53,11.667,312.47,59.667
75.667,1,173.8,239.93
166.33,53.267,214.33,105.53
190.87,250.6,323.13,401
71.4,207.93,141.8,257
303.93,1,383.93,151.4
213.27,226.07,263.4,269.8
198.33,66.067,268.73,201.53
279.4,347.67,383.93,430.87
213.27,179.13,334.87,270.87
247.4,1,329.53,74.6
238.87,54.333,383.93,173.8
283.67,163.13,371.13,214.33
46.867,35.133,121.53,257
296.47,1,383.93,151.4
54.333,1,119.4,97
247.4,26.6,306.07,83.133
238.87,34.067,312.47,115.13
91.667,171.67,164.2,223.93
95.933,1,346.6,113
202.6,1,315.67,59.667
230.33,6.3333,301.8,52.2
129,85.267,200.47,177
198.33,66.067,261.27,201.53
194.07,218.6,281.53,280.47
323.13,323.13,383.93,498.07
273,323.13,383.93,498.07
200.47,66.067,262.33,165.27
91.667,103.4,142.87,168.47
209,62.867,383.93,267.67
209,168.47,252.73,211.13
154.6,85.267,204.73,159.93
138.6,109.8,190.87,150.33
251.67,1,383.93,152.47
167.4,157.8,229.27,225
97,103.4,142.87,148.2
249.53,11.667,313.53,62.867
319.93,193,383.93,237.8
198.33,83.133,242.07,200.47
94.867,105.53,139.67,154.6
188.73,171.67,273,243.13
209,109.8,261.27,167.4
340.2,444.73,383.93,498.07
323.13,351.93,383.93,421.27
205.8,46.867,284.73,147.13
94.867,1,167.4,84.2
152.47,1,278.33,54.333
152.47,1,246.33,50.067
209,146.07,310.33,233.53
75.667,148.2,155.67,239.93
167.4,168.47,229.27,225
209,171.67,271.93,233.53
248.47,12.733,301.8,63.933
204.73,52.2,315.67,179.13
130.07,85.267,200.47,177
194.07,182.33,244.2,233.53
249.53,12.733,301.8,58.6
67.133,189.8,141.8,257
278.33,354.07,341.27,394.6
221.8,151.4,308.2,206.87
213.27,163.13,371.13,267.67
332.73,1,383.93,74.6
295.4,1,383.93,149.27
94.867,1,173.8,84.2
214.33,161,383.93,264.47
194.07,171.67,269.8,233.53
217.53,170.6,383.93,293.27
58.6,1,126.87,169.53
206.87,78.867,266.6,207.93
228.2,107.67,319.93,189.8
260.2,103.4,362.6,169.53
173.8,215.4,214.33,289
273,102.33,324.2,174.87
209,24.467,318.87,120.47
273,109.8,383.93,170.6
282.6,163.13,366.87,218.6
251.67,1,370.07,116.2
260.2,103.4,325.27,169.53
260.2,116.2,308.2,169.53
305,62.867,383.93,151.4
93.8,158.87,190.87,234.6
212.2,115.13,310.33,209
95.933,158.87,190.87,227.13
249.53,11.667,312.47,58.6
81,38.333,125.8,101.27
184.47,7.4,242.07,67.133
191.93,39.4,239.93,79.933
314.6,127.93,383.93,173.8
111.93,88.467,201.53,177
91.667,171.67,168.47,236.73
82.067,145,199.4,227.13
211.13,457.53,276.2,511.93
91.667,87.4,156.73,165.27
163.13,154.6,228.2,223.93
247.4,11.667,307.13,74.6
65,23.4,315.67,235.67
326.33,314.6,383.93,428.73
200.47,66.067,262.33,201.53
261.27,109.8,319.93,164.2
219.67,1,312.47,52.2
261.27,452.2,335.93,504.47
58.6,1,126.87,214.33
109.8,1,170.6,79.933
261.27,70.333,317.8,158.87
238.87,94.867,317.8,169.53
46.867,1,172.73,257
66.067,1,124.73,155.67
234.6,107.67,319.93,173.8
46.867,132.2,123.67,257
209,62.867,383.93,233.53
234.6,232.47,383.93,299.67
194.07,218.6,321,299.67
74.6,38.333,125.8,113
247.4,12.733,301.8,74.6
94.867,102.33,195.13,209
254.87,231.4,383.93,299.67
338.07,323.13,383.93,383.93
297.53,1,383.93,152.47
333.8,131.13,383.93,173.8
95.933,1,324.2,79.933
189.8,10.6,248.47,69.267
81,1,124.73,97
214.33,249.53,321,299.67
261.27,452.2,337,511.93
114.07,151.4,195.13,209
230.33,169.53,271.93,212.2
319.93,28.733,374.33,114.07
221.8,197.27,383.93,293.27
108.73,218.6,198.33,289
225,34.067,318.87,182.33
121.53,154.6,183.4,207.93
305,1,383.93,105.53
76.733,1,131.13,109.8
230.33,159.93,308.2,212.2
228.2,146.07,309.27,189.8
136.47,90.6,204.73,196.2
257,193,383.93,350.87
205.8,78.867,266.6,207.93
254.87,463.93,335.93,511.93
182.33,140.73,358.33,323.13
58.6,1,126.87,237.8
190.87,250.6,236.73,401
114.07,126.87,195.13,209
218.6,1,291.13,52.2
94.867,178.07,164.2,227.13
211.13,457.53,335.93,511.93
129,85.267,200.47,178.07
152.47,1,324.2,54.333
94.867,179.13,191.93,236.73
198.33,81,266.6,200.47
209,107.67,319.93,233.53
182.33,169.53,298.6,325.27
175.93,259.13,221.8,511.93
235.67,1,370.07,116.2
110.87,230.33,216.47,511.93
217.53,228.2,383.93,376.47
260.2,11.667,312.47,58.6
297.53,109.8,383.93,191.93
279.4,351.93,383.93,426.6
275.13,232.47,383.93,287.93
110.87,218.6,198.33,292.2
238.87,258.07,323.13,299.67
289,140.73,358.33,204.73
221.8,170.6,383.93,293.27
313.53,1,383.93,140.73
94.867,103.4,143.93,154.6
94.867,102.33,157.8,164.2
330.6,1,383.93,86.333
247.4,13.8,299.67,60.733
78.867,85.267,162.07,137.53
295.4,59.667,383.93,149.27
54.333,1,124.73,97
235.67,43.667,286.87,88.467
46.867,1,120.47,177
94.867,87.4,200.47,177
94.867,85.267,200.47,173.8
206.87,109.8,261.27,207.93
74.6,31.933,123.67,113
228.2,146.07,297.53,189.8
263.4,11.667,312.47,58.6
189.8,26.6,243.13,83.133
305,1,383.93,151.4
195.13,30.867,253.8,205.8
340.2,445.8,383.93,498.07
332.73,351.93,383.93,410.6
273,62.867,383.93,218.6
219.67,151.4,295.4,210.07
117.27,177,233.53,238.87
175.93,259.13,216.47,511.93
95.933,1,174.87,79.933
194.07,62.867,383.93,233.53
93.8,178.07,156.73,225
239.93,85.267,318.87,168.47
228.2,102.33,324.2,189.8
291.13,140.73,358.33,204.73
217.53,1,296.47,59.667
209,173.8,266.6,233.53
82.067,97,318.87,238.87
129,103.4,191.93,168.47
213.27,211.13,293.27,270.87
66.067,1,245.27,236.73
231.4,68.2,315.67,179.13
142.87,126.87,191.93,168.47
121.53,158.87,183.4,207.93
213.27,210.07,293.27,267.67
270.87,70.333,317.8,126.87
142.87,126.87,193,178.07
195.13,30.867,315.67,205.8
60.733,139.67,143.93,258.07
173.8,143.93,363.67,511.93
207.93,109.8,261.27,195.13
110.87,230.33,174.87,292.2
115.13,152.47,199.4,209
109.8,85.267,203.67,196.2
201.53,85.267,261.27,201.53
166.33,49,214.33,105.53
70.333,189.8,170.6,244.2
247.4,11.667,312.47,83.133
251.67,34.067,318.87,120.47
292.2,163.13,371.13,213.27
108.73,218.6,198.33,284.73
108.73,227.13,173.8,284.73
69.267,193,143.93,239.93
111.93,103.4,158.87,164.2
165.27,179.13,225,223.93
212.2,165.27,280.47,209
69.267,185.53,116.2,242.07
257,252.73,383.93,338.07
198.33,85.267,261.27,201.53
275.13,193,383.93,310.33
303.93,1,383.93,105.53
92.733,1,207.93,141.8
239.93,92.733,318.87,168.47
74.6,38.333,123.67,113
286.87,194.07,369,236.73
153.53,1,207.93,60.733
95.933,186.6,167.4,227.13
132.2,194.07,225,242.07
136.47,60.733,194.07,105.53
172.73,151.4,297.53,228.2
175.93,257,216.47,511.93
273,109.8,383.93,218.6
172.73,182.33,244.2,228.2
191.93,39.4,243.13,83.133
58.6,38.333,123.67,169.53
337,405.27,383.93,498.07
209,24.467,260.2,84.2
309.27,1,363.67,105.53
282.6,131.13,366.87,218.6
254.87,467.13,322.07,511.93
222.87,88.467,266.6,131.13
143.93,167.4,199.4,209
332.73,324.2,383.93,408.47
71.4,216.47,141.8,257
109.8,148.2,199.4,209
145,53.267,214.33,105.53
234.6,232.47,383.93,349.8
331.67,1,383.93,76.733
120.47,167.4,199.4,207.93
303.93,1,363.67,105.53
109.8,122.6,158.87,164.2
230.33,127.93,350.87,212.2
218.6,1,301.8,59.667
109.8,148.2,233.53,238.87
268.73,230.33,383.93,310.33
82.067,145,126.87,227.13
265.53,170.6,383.93,230.33
94.867,103.4,158.87,171.67
338.07,1,383.93,72.467
145,53.267,243.13,105.53
270.87,177,347.67,221.8
115.13,152.47,199.4,207.93
297.53,127.93,350.87,191.93
337,444.73,383.93,498.07
257,252.73,383.93,349.8
121.53,154.6,225,229.27
146.07,126.87,203.67,178.07
194.07,226.07,263.4,376.47
302.87,163.13,366.87,204.73
277.27,205.8,353,249.53
57.533,146.07,123.67,257
231.4,8.4667,278.33,54.333
194.07,39.4,239.93,79.933
109.8,122.6,158.87,171.67
261.27,109.8,317.8,158.87
196.2,182.33,245.27,233.53
204.73,30.867,253.8,106.6
109.8,122.6,203.67,181.27
94.867,103.4,142.87,155.67
226.07,109.8,297.53,189.8
121.53,154.6,225,223.93
273,232.47,383.93,287.93
65,23.4,241,235.67
97,1,207.93,101.27
237.8,109.8,294.33,168.47
254.87,250.6,321,299.67
286.87,193,383.93,235.67
109.8,122.6,203.67,178.07
165.27,179.13,211.13,223.93
234.6,232.47,383.93,289
67.133,189.8,131.13,243.13
204.73,52.2,253.8,106.6
117.27,85.267,200.47,173.8
109.8,230.33,173.8,284.73
218.6,1,274.07,52.2
152.47,83.133,204.73,159.93
109.8,122.6,191.93,166.33
257,285.8,383.93,338.07
54.333,1,104.47,74.6
