109.8,421.27,154.6,486.33
231.4,13.8,276.2,158.87
75.667,1,168.47,62.867
51.133,1,278.33,511.93
62.867,1,278.33,511.93
141.8,374.33,206.87,511.93
56.467,277.27,168.47,511.93
140.73,181.27,254.87,511.93
51.133,1,251.67,347.67
117.27,210.07,212.2,302.87
1,1,278.33,511.93
220.73,1,278.33,488.47
62.867,1,170.6,511.93
55.4,155.67,209,383.93
212.2,1,278.33,450.07
84.2,1,156.73,162.07
20.2,175.93,170.6,511.93
142.87,1,257,209
1,1,139.67,511.93
51.133,205.8,212.2,382.87
85.267,165.27,172.73,205.8
1,1,145,511.93
55.4,155.67,173.8,205.8
1,1,153.53,204.73
140.73,348.73,257,511.93
105.53,1,278.33,511.93
110.87,290.07,189.8,351.93
107.67,1,278.33,511.93
1,1,151.4,293.27
119.4,122.6,167.4,190.87
55.4,1,278.33,511.93
215.4,105.53,278.33,511.93
51.133,1,214.33,382.87
1,41.533,170.6,511.93
110.87,1,278.33,511.93
1,1,222.87,511.93
220.73,1,278.33,511.93
57.533,1,225,369
31.933,107.67,77.8,177
222.87,105.53,278.33,511.93
110.87,181.27,264.47,511.93
130.07,1,278.33,511.93
51.133,332.73,139.67,482.07
159.93,353,226.07,474.6
1,1,168.47,511.93
139.67,357.27,261.27,511.93
109.8,372.2,154.6,511.93
1,331.67,168.47,511.93
223.93,269.8,278.33,511.93
71.4,1,212.2,230.33
1,177,168.47,511.93
57.533,1,278.33,511.93
107.67,349.8,168.47,511.93
175.93,12.733,251.67,290.07
214.33,1,278.33,261.27
22.333,177,121.53,328.47
159.93,284.73,228.2,438.33
198.33,105.53,243.13,343.4
79.933,207.93,153.53,327.4
81,58.6,247.4,326.33
201.53,18.067,265.53,109.8
68.2,186.6,157.8,293.27
129,1,278.33,511.93
57.533,321,170.6,511.93
119.4,253.8,209,383.93
130.07,1,264.47,322.07
1,1,151.4,180.2
68.2,191.93,126.87,319.93
53.267,36.2,139.67,204.73
105.53,194.07,264.47,511.93
1,1,222.87,233.53
79.933,1,278.33,511.93
130.07,1,222.87,267.67
170.6,309.27,254.87,511.93
83.133,1,222.87,233.53
22.333,441.53,103.4,511.93
79.933,1,278.33,290.07
170.6,270.87,278.33,511.93
51.133,58.6,251.67,347.67
1,1,140.73,511.93
119.4,266.6,236.73,436.2
1,41.533,139.67,511.93
130.07,75.667,220.73,233.53
119.4,1,278.33,362.6
31.933,94.867,139.67,180.2
108.73,1,151.4,47.933
139.67,199.4,261.27,511.93
55.4,1,212.2,511.93
117.27,205.8,212.2,382.87
225,108.73,278.33,373.27
199.4,1,278.33,511.93
1,41.533,92.733,510.87
201.53,18.067,278.33,511.93
119.4,105.53,278.33,511.93
57.533,135.4,212.2,369
145,1,214.33,95.933
91.667,343.4,165.27,511.93
20.2,177,117.27,330.6
216.47,1,274.07,164.2
92.733,1,214.33,155.67
92.733,1,204.73,155.67
1,277.27,168.47,511.93
139.67,183.4,263.4,511.93
1,1,153.53,330.6
84.2,1,214.33,162.07
20.2,175.93,170.6,358.33
186.6,1,278.33,511.93
69.267,39.4,131.13,150.33
157.8,235.67,245.27,417
92.733,1,152.47,155.67
55.4,1,140.73,223.93
140.73,1,278.33,511.93
79.933,151.4,158.87,235.67
222.87,105.53,278.33,235.67
22.333,177,148.2,328.47
193,387.13,254.87,511.93
129,1,214.33,230.33
175.93,12.733,253.8,290.07
129,1,277.27,511.93
1,41.533,168.47,511.93
109.8,348.73,158.87,511.93
62.867,1,278.33,362.6
173.8,377.53,238.87,511.93
145,1,204.73,79.933
146.07,95.933,193,177
55.4,155.67,199.4,319.93
62.867,89.533,139.67,175.93
57.533,321,169.53,511.93
150.33,1,278.33,511.93
139.67,212.2,261.27,511.93
170.6,284.73,234.6,444.73
101.27,213.27,145,318.87
129,269.8,254.87,511.93
145,1,214.33,152.47
219.67,84.2,261.27,147.13
72.467,201.53,121.53,293.27
68.2,175.93,170.6,293.27
51.133,332.73,117.27,482.07
140.73,369,257,511.93
119.4,74.6,215.4,362.6
140.73,369,264.47,511.93
229.27,139.67,278.33,511.93
139.67,212.2,259.13,511.93
55.4,155.67,209,511.93
1,1,156.73,330.6
142.87,1,278.33,450.07
167.4,266.6,235.67,415.93
107.67,270.87,278.33,511.93
1,85.267,82.067,511.93
130.07,93.8,212.2,267.67
199.4,1,278.33,322.07
142.87,1,257,343.4
109.8,349.8,154.6,511.93
203.67,12.733,247.4,142.87
79.933,151.4,165.27,283.67
22.333,332.73,167.4,511.93
63.933,335.93,168.47,511.93
139.67,266.6,259.13,511.93
226.07,33,271.93,164.2
62.867,249.53,168.47,347.67
109.8,348.73,168.47,511.93
55.4,89.533,204.73,234.6
229.27,19.133,278.33,511.93
51.133,58.6,247.4,347.67
198.33,105.53,238.87,343.4
62.867,175.93,170.6,358.33
173.8,409.53,222.87,468.2
1,1,91.667,168.47
191.93,12.733,264.47,322.07
68.2,162.07,151.4,293.27
132.2,190.87,215.4,289
1,1,139.67,204.73
1,41.533,66.067,123.67
178.07,309.27,254.87,511.93
132.2,74.6,215.4,289
231.4,205.8,278.33,511.93
1,41.533,82.067,511.93
159.93,353,226.07,434.07
140.73,374.33,209,511.93
159.93,205.8,226.07,474.6
62.867,13.8,170.6,511.93
189.8,1,269.8,381.8
110.87,187.67,212.2,297.53
129,269.8,209,382.87
1,85.267,76.733,273
1,1,168.47,330.6
110.87,241,250.6,417
232.47,250.6,278.33,392.47
140.73,181.27,263.4,511.93
57.533,207.93,170.6,511.93
57.533,1,225,511.93
105.53,217.53,212.2,271.93
132.2,190.87,189.8,262.33
62.867,278.33,168.47,347.67
1,396.73,134.33,511.93
159.93,284.73,229.27,438.33
111.93,278.33,166.33,321
219.67,65,265.53,109.8
137.53,374.33,237.8,511.93
110.87,194.07,168.47,270.87
139.67,238.87,259.13,511.93
66.067,266.6,121.53,328.47
165.27,409.53,243.13,511.93
107.67,349.8,155.67,511.93
1,1,139.67,330.6
140.73,369,263.4,511.93
135.4,1,214.33,230.33
92.733,348.73,139.67,424.47
230.33,13.8,276.2,158.87
146.07,1,278.33,290.07
68.2,385,110.87,467.13
62.867,151.4,165.27,349.8
189.8,91.667,238.87,381.8
62.867,277.27,166.33,348.73
150.33,205.8,235.67,511.93
68.2,162.07,151.4,275.13
31.933,107.67,77.8,153.53
162.07,273,204.73,341.27
189.8,242.07,250.6,417
1,1,86.333,181.27
189.8,1,278.33,381.8
189.8,91.667,247.4,381.8
71.4,1,140.73,159.93
107.67,349.8,154.6,511.93
169.53,437.27,233.53,484.2
140.73,181.27,257,511.93
129,296.47,209,382.87
214.33,1,277.27,318.87
230.33,13.8,276.2,292.2
85.267,135.4,173.8,205.8
150.33,387.13,235.67,511.93
129,1,212.2,230.33
1,1,84.2,60.733
149.27,450.07,191.93,511.93
223.93,1,278.33,488.47
130.07,52.2,212.2,267.67
145,1,277.27,318.87
13.8,36.2,91.667,121.53
132.2,13.8,172.73,101.27
139.67,374.33,183.4,446.87
23.4,459.67,103.4,511.93
132.2,190.87,215.4,262.33
157.8,241,214.33,375.4
198.33,1,269.8,153.53
142.87,262.33,213.27,383.93
1,1,84.2,70.333
140.73,374.33,238.87,511.93
110.87,193,199.4,319.93
150.33,1,222.87,98.067
92.733,277.27,168.47,344.47
140.73,181.27,264.47,511.93
107.67,349.8,237.8,511.93
170.6,351.93,213.27,411.67
220.73,269.8,278.33,511.93
45.8,177,109.8,260.2
51.133,89.533,212.2,382.87
69.267,39.4,118.33,130.07
83.133,13.8,170.6,284.73
75.667,1,129,51.133
229.27,275.13,278.33,511.93
199.4,12.733,247.4,322.07
229.27,270.87,278.33,511.93
1,1,91.667,180.2
115.13,349.8,165.27,511.93
119.4,266.6,261.27,511.93
135.4,1,204.73,230.33
51.133,203.67,159.93,347.67
223.93,193,278.33,511.93
117.27,205.8,212.2,319.93
119.4,252.73,190.87,362.6
31.933,107.67,139.67,178.07
146.07,95.933,202.6,230.33
57.533,187.67,212.2,348.73
212.2,20.2,271.93,318.87
109.8,348.73,154.6,511.93
150.33,205.8,278.33,511.93
219.67,18.067,265.53,109.8
109.8,349.8,154.6,453.27
202.6,181.27,250.6,321
105.53,194.07,250.6,417
119.4,122.6,167.4,169.53
186.6,1,276.2,326.33
51.133,332.73,167.4,511.93
27.667,67.133,86.333,161
173.8,375.4,237.8,511.93
147.13,52.2,193,101.27
1,193,82.067,510.87
159.93,284.73,228.2,434.07
145,1,225,152.47
146.07,1,278.33,211.13
81,89.533,204.73,234.6
129,296.47,198.33,348.73
152.47,1,222.87,98.067
213.27,1,257,100.2
120.47,243.13,209,382.87
235.67,205.8,278.33,511.93
129,1,212.2,156.73
71.4,1,140.73,155.67
1,41.533,51.133,123.67
79.933,151.4,165.27,284.73
51.133,243.13,159.93,347.67
1,1,84.2,65
150.33,1,212.2,152.47
1,264.47,82.067,510.87
56.467,319.93,168.47,511.93
79.933,8.4667,215.4,289
117.27,210.07,222.87,326.33
116.2,13.8,181.27,190.87
75.667,1,153.53,82.067
140.73,262.33,254.87,511.93
225,108.73,278.33,325.27
129,1,225,230.33
146.07,74.6,201.53,211.13
1,1,81,60.733
161,241,204.73,289
27.667,36.2,139.67,204.73
22.333,372.2,134.33,511.93
79.933,193,159.93,327.4
110.87,194.07,158.87,245.27
129,296.47,209,383.93
162.07,262.33,204.73,341.27
57.533,135.4,212.2,348.73
149.27,375.4,237.8,511.93
79.933,151.4,215.4,289
213.27,397.8,254.87,511.93
235.67,205.8,278.33,488.47
229.27,269.8,278.33,511.93
1,1,115.13,204.73
81,184.47,129,293.27
173.8,266.6,231.4,415.93
198.33,1,260.2,105.53
222.87,105.53,278.33,189.8
68.2,372.2,110.87,467.13
139.67,199.4,263.4,511.93
178.07,309.27,234.6,444.73
53.267,36.2,135.4,106.6
87.4,214.33,151.4,275.13
110.87,241,214.33,378.6
200.47,12.733,251.67,290.07
215.4,115.13,258.07,292.2
110.87,311.4,189.8,378.6
223.93,1,278.33,360.47
27.667,67.133,86.333,116.2
20.2,177,126.87,330.6
62.867,175.93,170.6,347.67
145,217.53,212.2,271.93
110.87,290.07,189.8,370.07
117.27,58.6,247.4,326.33
92.733,1,156.73,155.67
62.867,277.27,166.33,347.67
116.2,8.4667,181.27,190.87
119.4,345.53,167.4,511.93
51.133,1,124.73,134.33
31.933,107.67,84.2,153.53
129,296.47,198.33,383.93
79.933,151.4,161,276.2
140.73,374.33,232.47,511.93
140.73,356.2,254.87,511.93
75.667,1,151.4,62.867
172.73,369,257,511.93
81,89.533,210.07,234.6
83.133,65,166.33,191.93
145,217.53,212.2,267.67
54.333,154.6,134.33,204.73
76.733,372.2,134.33,511.93
110.87,194.07,168.47,279.4
226.07,290.07,278.33,511.93
178.07,294.33,234.6,415.93
139.67,311.4,259.13,511.93
22.333,235.67,92.733,311.4
27.667,61.8,99.133,177
91.667,343.4,140.73,511.93
22.333,430.87,134.33,511.93
173.8,369,257,511.93
142.87,58.6,247.4,238.87
56.467,319.93,139.67,467.13
108.73,1,151.4,62.867
62.867,277.27,158.87,349.8
92.733,193,136.47,318.87
22.333,430.87,115.13,511.93
117.27,214.33,159.93,321
130.07,1,222.87,233.53
1,1,97,204.73
129,296.47,209,375.4
105.53,194.07,212.2,271.93
45.8,177,109.8,262.33
157.8,235.67,214.33,375.4
147.13,1,257,209
183.4,387.13,232.47,511.93
170.6,294.33,234.6,415.93
178.07,309.27,234.6,415.93
79.933,151.4,149.27,191.93
72.467,201.53,124.73,319.93
31.933,107.67,84.2,161
1,1,84.2,71.4
209,99.133,253.8,153.53
150.33,1,204.73,79.933
71.4,9.5333,125.8,84.2
27.667,67.133,99.133,177
75.667,1,129,49
101.27,213.27,153.53,318.87
105.53,225,170.6,283.67
79.933,151.4,158.87,218.6
186.6,1,253.8,326.33
67.133,39.4,124.73,130.07
72.467,186.6,157.8,293.27
150.33,1,191.93,76.733
213.27,378.6,254.87,511.93
129,269.8,209,375.4
225,108.73,278.33,322.07
1,1,153.53,180.2
142.87,58.6,218.6,209
226.07,20.2,271.93,164.2
55.4,18.067,103.4,114.07
51.133,1,139.67,156.73
203.67,12.733,247.4,77.8
20.2,187.67,117.27,330.6
22.333,332.73,139.67,511.93
1,331.67,139.67,511.93
117.27,210.07,212.2,319.93
216.47,1,277.27,164.2
170.6,294.33,234.6,444.73
235.67,205.8,278.33,399.93
40.467,1,89.533,101.27
199.4,1,278.33,119.4
110.87,277.27,168.47,319.93
146.07,1,220.73,211.13
140.73,374.33,209,445.8
197.27,1,257,105.53
79.933,193,136.47,327.4
214.33,115.13,278.33,261.27
115.13,349.8,155.67,511.93
110.87,186.6,168.47,279.4
1,1,153.53,84.2
216.47,1,271.93,164.2
1,41.533,82.067,510.87
222.87,105.53,278.33,373.27
157.8,181.27,250.6,417
1,1,69.267,70.333
62.867,277.27,166.33,511.93
223.93,1,278.33,261.27
223.93,18.067,269.8,108.73
83.133,13.8,170.6,279.4
184.47,1,278.33,155.67
105.53,190.87,215.4,289
119.4,266.6,235.67,366.87
167.4,266.6,235.67,325.27
213.27,311.4,259.13,511.93
163.13,369,210.07,433
23.4,396.73,134.33,511.93
55.4,1,151.4,131.13
199.4,105.53,243.13,322.07
124.73,65,166.33,156.73
57.533,321,145,374.33
191.93,12.733,247.4,227.13
147.13,58.6,218.6,209
84.2,396.73,134.33,444.73
117.27,210.07,212.2,297.53
163.13,311.4,231.4,436.2
68.2,319.93,127.93,467.13
27.667,67.133,86.333,177
146.07,57.533,202.6,230.33
151.4,1,213.27,108.73
140.73,374.33,209,455.4
228.2,33,271.93,164.2
198.33,1,269.8,108.73
167.4,266.6,231.4,415.93
220.73,115.13,278.33,261.27
140.73,374.33,237.8,511.93
83.133,155.67,170.6,279.4
93.8,207.93,153.53,318.87
10.6,1,69.267,60.733
186.6,387.13,235.67,511.93
213.27,1,257,105.53
216.47,1,257,99.133
148.2,216.47,212.2,262.33
97,38.333,153.53,156.73
101.27,213.27,145,275.13
79.933,151.4,158.87,247.4
31.933,430.87,115.13,511.93
22.333,459.67,103.4,511.93
51.133,332.73,116.2,411.67
180.2,311.4,231.4,415.93
189.8,375.4,237.8,511.93
189.8,298.6,245.27,417
147.13,441.53,196.2,511.93
163.13,369,210.07,413.8
223.93,269.8,273,511.93
137.53,374.33,213.27,470.33
195.13,369,263.4,511.93
51.133,1,125.8,84.2
129,269.8,234.6,444.73
89.533,446.87,134.33,511.93
89.533,277.27,168.47,344.47
130.07,75.667,210.07,233.53
184.47,1,278.33,322.07
62.867,331.67,123.67,511.93
31.933,456.47,115.13,511.93
193,387.13,261.27,511.93
62.867,278.33,166.33,347.67
88.467,89.533,139.67,151.4
62.867,108.73,115.13,175.93
76.733,372.2,129,425.53
198.33,1,252.73,105.53
57.533,321,147.13,374.33
109.8,345.53,154.6,511.93
229.27,269.8,273,511.93
51.133,1,124.73,157.8
159.93,353,226.07,455.4
146.07,1,204.73,230.33
223.93,115.13,278.33,261.27
147.13,57.533,194.07,149.27
68.2,166.33,129,293.27
97,277.27,168.47,331.67
235.67,175.93,278.33,322.07
119.4,13.8,181.27,190.87
81,184.47,129,245.27
68.2,166.33,133.27,293.27
67.133,157.8,134.33,204.73
212.2,1,252.73,103.4
151.4,1,194.07,77.8
222.87,1,278.33,190.87
231.4,13.8,276.2,322.07
229.27,271.93,273,511.93
72.467,201.53,121.53,319.93
99.133,249.53,168.47,314.6
150.33,1,204.73,93.8
149.27,450.07,211.13,511.93
165.27,409.53,233.53,484.2
223.93,1,276.2,322.07
142.87,57.533,194.07,156.73
100.2,374.33,169.53,511.93
235.67,250.6,278.33,386.07
10.6,1,79.933,43.667
1,41.533,76.733,273
109.8,1,153.53,82.067
172.73,298.6,245.27,417
55.4,153.53,114.07,223.93
186.6,387.13,232.47,511.93
71.4,1,140.73,97
100.2,349.8,140.73,511.93
132.2,1,222.87,101.27
23.4,446.87,134.33,511.93
89.533,446.87,134.33,504.47
147.13,409.53,222.87,511.93
69.267,39.4,139.67,150.33
71.4,1,153.53,84.2
1,441.53,103.4,511.93
222.87,105.53,278.33,386.07
191.93,12.733,264.47,227.13
235.67,108.73,278.33,189.8
60.733,166.33,133.27,330.6
130.07,164.2,212.2,267.67
51.133,107.67,99.133,168.47
100.2,349.8,169.53,511.93
1,1,151.4,131.13
135.4,75.667,195.13,179.13
163.13,311.4,236.73,436.2
116.2,29.8,156.73,156.73
222.87,19.133,265.53,110.87
66.067,274.07,116.2,328.47
178.07,205.8,220.73,354.07
140.73,374.33,213.27,445.8
198.33,105.53,238.87,326.33
226.07,363.67,278.33,511.93
1,1,91.667,121.53
1,8.4667,66.067,77.8
231.4,1,276.2,322.07
57.533,289,177,348.73
163.13,369,210.07,436.2
92.733,347.67,139.67,420.2
62.867,277.27,158.87,347.67
45.8,166.33,133.27,330.6
23.4,436.2,134.33,511.93
53.267,36.2,139.67,175.93
180.2,319.93,226.07,415.93
184.47,1,253.8,102.33
165.27,427.67,233.53,484.2
66.067,273,121.53,328.47
72.467,191.93,126.87,319.93
111.93,277.27,166.33,322.07
142.87,318.87,213.27,383.93
141.8,374.33,204.73,511.93
135.4,93.8,195.13,179.13
150.33,417,204.73,511.93
202.6,212.2,250.6,321
226.07,363.67,278.33,479.93
152.47,45.8,194.07,92.733
130.07,164.2,210.07,233.53
139.67,369,210.07,451.13
82.067,40.467,143.93,131.13
62.867,110.87,115.13,175.93
1,41.533,92.733,311.4
124.73,13.8,166.33,156.73
150.33,450.07,197.27,511.93
55.4,18.067,95.933,69.267
121.53,294.33,209,383.93
222.87,20.2,263.4,110.87
68.2,407.4,110.87,467.13
68.2,319.93,139.67,467.13
185.53,434.07,238.87,511.93
110.87,311.4,189.8,351.93
147.13,451.13,205.8,511.93
68.2,385,117.27,482.07
119.4,309.27,190.87,362.6
69.267,39.4,139.67,156.73
10.6,1,63.933,47.933
111.93,277.27,166.33,321
212.2,1,253.8,115.13
109.8,369,154.6,453.27
43.667,63.933,89.533,121.53
31.933,459.67,101.27,511.93
27.667,54.333,86.333,181.27
67.133,39.4,114.07,130.07
129,1,194.07,156.73
100.2,374.33,169.53,468.2
147.13,434.07,238.87,511.93
69.267,77.8,114.07,130.07
167.4,266.6,231.4,325.27
140.73,374.33,206.87,511.93
222.87,20.2,265.53,110.87
10.6,1,81,47.933
62.867,331.67,139.67,511.93
142.87,262.33,229.27,438.33
223.93,193,278.33,370.07
62.867,446.87,119.4,511.93
110.87,193,212.2,297.53
31.933,94.867,139.67,178.07
150.33,1,194.07,77.8
109.8,361.53,158.87,511.93
229.27,1,278.33,119.4
140.73,374.33,204.73,465
163.13,369,209,410.6
140.73,374.33,199.4,511.93
235.67,205.8,278.33,323.13
40.467,1,81,42.6
22.333,235.67,121.53,328.47
235.67,193,278.33,322.07
161,235.67,204.73,289
1,1,84.2,53.267
225,108.73,278.33,189.8
60.733,266.6,121.53,330.6
147.13,441.53,205.8,511.93
186.6,69.267,227.13,326.33
27.667,54.333,86.333,177
122.6,252.73,170.6,310.33
97,38.333,143.93,156.73
214.33,311.4,259.13,467.13
47.933,36.2,89.533,101.27
212.2,1,252.73,105.53
105.53,223.93,155.67,265.53
1,8.4667,66.067,71.4
140.73,374.33,199.4,444.73
68.2,162.07,133.27,248.47
110.87,30.867,153.53,82.067
139.67,348.73,210.07,451.13
70.333,319.93,127.93,418.07
119.4,13.8,173.8,190.87
82.067,40.467,130.07,84.2
140.73,294.33,254.87,511.93
235.67,270.87,276.2,399.93
27.667,54.333,86.333,116.2
82.067,40.467,137.53,131.13
195.13,377.53,255.93,511.93
68.2,162.07,133.27,220.73
100.2,374.33,169.53,456.47
152.47,1,213.27,92.733
85.267,155.67,173.8,205.8
51.133,332.73,139.67,420.2
23.4,465,84.2,511.93
122.6,252.73,170.6,295.4
146.07,95.933,199.4,211.13
140.73,374.33,220.73,465
132.2,1,172.73,101.27
110.87,277.27,158.87,319.93
211.13,12.733,251.67,74.6
109.8,372.2,154.6,462.87
202.6,242.07,250.6,321
53.267,36.2,107.67,106.6
139.67,357.27,222.87,511.93
13.8,36.2,89.533,121.53
223.93,136.47,278.33,261.27
129,296.47,203.67,383.93
110.87,193,199.4,297.53
88.467,77.8,137.53,131.13
66.067,274.07,117.27,328.47
193,387.13,238.87,484.2
1,12.733,66.067,71.4
33,1,84.2,69.267
165.27,311.4,259.13,511.93
121.53,277.27,168.47,317.8
119.4,74.6,215.4,289
165.27,409.53,233.53,511.93
1,1,79.933,53.267
173.8,377.53,233.53,486.33
105.53,225,155.67,265.53
31.933,107.67,99.133,168.47
69.267,39.4,114.07,130.07
67.133,39.4,124.73,134.33
43.667,63.933,91.667,168.47
51.133,1,153.53,157.8
146.07,1,213.27,211.13
147.13,451.13,193,511.93
151.4,1,213.27,145
119.4,309.27,190.87,366.87
68.2,166.33,117.27,220.73
139.67,369,210.07,446.87
184.47,1,278.33,119.4
119.4,122.6,167.4,170.6
115.13,374.33,169.53,453.27
69.267,62.867,114.07,130.07
211.13,12.733,251.67,207.93
71.4,1,140.73,133.27
145,217.53,189.8,260.2
82.067,339.13,123.67,425.53
173.8,319.93,226.07,415.93
31.933,107.67,99.133,178.07
77.8,331.67,123.67,425.53
184.47,1,251.67,102.33
68.2,162.07,117.27,220.73
55.4,18.067,143.93,131.13
150.33,450.07,211.13,511.93
1,85.267,92.733,311.4
33,1,91.667,168.47
139.67,374.33,193,455.4
82.067,35.133,124.73,84.2
55.4,18.067,103.4,69.267
77.8,331.67,118.33,397.8
139.67,357.27,193,455.4
173.8,409.53,222.87,452.2
151.4,1,213.27,92.733
109.8,421.27,154.6,462.87
67.133,18.067,124.73,134.33
147.13,451.13,195.13,511.93
77.8,319.93,127.93,397.8
77.8,331.67,123.67,444.73
132.2,190.87,212.2,262.33
43.667,63.933,91.667,117.27
10.6,12.733,66.067,71.4
62.867,436.2,119.4,511.93
67.133,61.8,114.07,130.07
109.8,421.27,154.6,511.93
146.07,74.6,199.4,211.13
148.2,216.47,212.2,289
148.2,217.53,189.8,262.33
147.13,451.13,198.33,511.93
152.47,1,194.07,92.733
146.07,147.13,199.4,211.13
193,415.93,234.6,484.2
201.53,437.27,254.87,511.93
71.4,18.067,124.73,98.067
119.4,309.27,186.6,350.87
98.067,167.4,158.87,218.6
71.4,18.067,124.73,84.2
92.733,348.73,139.67,419.13
52.2,197.27,109.8,260.2
