1,1,339.13,511.93
28.733,307.13,339.13,511.93
1,1,339.13,451.13
138.6,452.2,223.93,511.93
27.667,353,267.67,511.93
234.6,1,339.13,511.93
1,1,215.4,197.27
1,1,86.333,197.27
1,1,186.6,511.93
118.33,1,339.13,451.13
125.8,182.33,231.4,318.87
20.2,321,339.13,511.93
137.53,449,265.53,511.93
74.6,1,228.2,308.2
156.73,445.8,269.8,511.93
20.2,321,186.6,433
291.13,83.133,339.13,227.13
163.13,313.53,253.8,419.13
1,1,125.8,511.93
152.47,390.33,214.33,431.93
28.733,1,339.13,511.93
3.1333,428.73,59.667,511.93
49,280.47,339.13,511.93
49,1,339.13,511.93
118.33,307.13,254.87,446.87
49,212.2,270.87,511.93
1,1,215.4,433
20.2,1,339.13,511.93
1,1,198.33,511.93
1,27.667,114.07,431.93
18.067,1,198.33,431.93
1,1,235.67,376.47
1,1,270.87,511.93
118.33,1,254.87,446.87
213.27,1,339.13,438.33
1,1,170.6,511.93
86.333,1,231.4,318.87
1,1,235.67,511.93
1,1,170.6,280.47
25.533,1,81,52.2
86.333,1,339.13,511.93
78.867,157.8,132.2,321
234.6,146.07,339.13,327.4
249.53,81,309.27,201.53
1,1,163.13,427.67
1,321,98.067,511.93
99.133,86.333,154.6,281.53
143.93,396.73,339.13,511.93
135.4,348.73,264.47,430.87
20.2,311.4,339.13,511.93
1,212.2,270.87,511.93
1,396.73,339.13,511.93
77.8,1,242.07,308.2
70.333,437.27,122.6,497
86.333,1,275.13,451.13
1,34.067,98.067,511.93
1,27.667,186.6,433
79.933,50.067,161,280.47
20.2,321,186.6,427.67
47.933,50.067,170.6,327.4
1,1,215.4,211.13
1,433,58.6,511.93
1,18.067,98.067,511.93
110.87,447.93,265.53,511.93
54.333,442.6,123.67,511.93
114.07,446.87,265.53,511.93
53.267,47.933,169.53,281.53
137.53,396.73,339.13,511.93
1,1,179.13,280.47
249.53,1,339.13,232.47
171.67,258.07,275.13,451.13
1,434.07,53.267,511.93
56.467,1,339.13,511.93
1,19.133,133.27,511.93
94.867,209,186.6,427.67
1,1,93.8,194.07
56.467,258.07,270.87,511.93
86.333,1,227.13,289
145,452.2,223.93,511.93
49,378.6,134.33,457.53
1,1,102.33,211.13
156.73,75.667,227.13,206.87
66.067,440.47,159.93,511.93
127.93,1,231.4,308.2
56.467,313.53,273,511.93
166.33,186.6,231.4,318.87
126.87,87.4,169.53,278.33
17,338.07,102.33,433
23.4,319.93,125.8,433
234.6,1,339.13,327.4
27.667,353,158.87,511.93
20.2,225,177,374.33
74.6,1,275.13,430.87
113,259.13,263.4,443.67
178.07,1,239.93,349.8
66.067,431.93,153.53,511.93
234.6,56.467,325.27,284.73
216.47,1,273,278.33
249.53,1,339.13,227.13
1,1,50.067,88.467
129,204.73,231.4,308.2
3.1333,434.07,52.2,511.93
127.93,1,339.13,511.93
237.8,56.467,298.6,217.53
253.8,81,309.27,201.53
1,12.733,121.53,511.93
127.93,204.73,172.73,257
50.067,1,163.13,280.47
1,19.133,102.33,507.67
139.67,75.667,227.13,206.87
25.533,5.2667,74.6,53.267
226.07,1,339.13,397.8
18.067,1,76.733,45.8
155.67,398.87,251.67,444.73
267.67,386.07,333.8,511.93
114.07,454.33,172.73,511.93
149.27,350.87,236.73,431.93
37.267,30.867,116.2,318.87
227.13,1,339.13,511.93
71.4,1,163.13,45.8
37.267,439.4,84.2,511.93
1,285.8,270.87,511.93
85.267,285.8,214.33,431.93
68.2,50.067,125.8,131.13
99.133,1,235.67,376.47
1,44.733,132.2,511.93
145,389.27,267.67,452.2
56.467,285.8,339.13,511.93
227.13,1,339.13,397.8
1,433,51.133,511.93
3.1333,428.73,52.2,511.93
226.07,1,284.73,363.67
167.4,1,275.13,430.87
1,350.87,125.8,511.93
129,207.93,215.4,307.13
20.2,44.733,186.6,427.67
1,44.733,138.6,511.93
1,1,83.133,109.8
245.27,1,339.13,83.133
1,404.2,265.53,511.93
227.13,1,339.13,393.53
49,22.333,149.27,147.13
56.467,280.47,339.13,511.93
183.4,66.067,225,106.6
244.2,1,339.13,227.13
20.2,290.07,339.13,511.93
1,1,133.27,318.87
49,1,198.33,431.93
40.467,92.733,84.2,207.93
166.33,258.07,270.87,434.07
234.6,1,339.13,289
142.87,319.93,217.53,420.2
55.4,442.6,123.67,511.93
225,386.07,339.13,511.93
35.133,401,252.73,446.87
66.067,431.93,155.67,511.93
86.333,1,221.8,100.2
283.67,321,339.13,397.8
66.067,379.67,158.87,511.93
20.2,311.4,278.33,511.93
115.13,389.27,267.67,511.93
1,209,98.067,511.93
127.93,450.07,234.6,511.93
249.53,75.667,309.27,201.53
145,467.13,217.53,511.93
100.2,1,163.13,53.267
130.07,204.73,172.73,257
54.333,212.2,270.87,511.93
226.07,1,339.13,359.4
1,45.8,87.4,427.67
1,1,163.13,328.47
236.73,1,339.13,392.47
125.8,386.07,339.13,451.13
244.2,1,339.13,126.87
1,1,133.27,328.47
111.93,451.13,213.27,511.93
207.93,1,273,278.33
149.27,350.87,264.47,440.47
68.2,50.067,169.53,279.4
66.067,437.27,141.8,511.93
149.27,468.2,221.8,511.93
226.07,1,339.13,363.67
262.33,396.73,339.13,511.93
115.13,285.8,186.6,393.53
104.47,349.8,186.6,427.67
20.2,321,283.67,511.93
28.733,195.13,75.667,325.27
130.07,1,197.27,54.333
218.6,285.8,260.2,392.47
49,1,268.73,359.4
1,1,179.13,511.93
72.467,90.6,132.2,321
265.53,267.67,315.67,343.4
150.33,350.87,203.67,420.2
228.2,1,339.13,327.4
37.267,30.867,89.533,254.87
125.8,1,227.13,289
283.67,248.47,339.13,397.8
20.2,321,264.47,466.07
87.4,99.133,159.93,279.4
74.6,1,268.73,359.4
57.533,47.933,149.27,231.4
154.6,1,228.2,308.2
54.333,437.27,125.8,511.93
1,1,133.27,511.93
20.2,47.933,186.6,427.67
1,44.733,116.2,359.4
151.4,452.2,223.93,494.87
118.33,349.8,185.53,426.6
57.533,440.47,159.93,511.93
181.27,259.13,234.6,362.6
226.07,1,267.67,363.67
227.13,294.33,289,389.27
77.8,1,230.33,308.2
31.933,1,215.4,147.13
1,1,86.333,67.133
279.4,257,339.13,327.4
1,1,170.6,327.4
79.933,50.067,161,157.8
27.667,353,270.87,511.93
187.67,1,237.8,359.4
156.73,362.6,241,422.33
60.733,212.2,165.27,354.07
119.4,322.07,198.33,417
86.333,1,239.93,349.8
1,18.067,69.267,287.93
178.07,280.47,252.73,359.4
47.933,157.8,94.867,328.47
166.33,280.47,252.73,359.4
278.33,324.2,339.13,397.8
25.533,1,74.6,52.2
222.87,1,339.13,451.13
68.2,47.933,125.8,124.73
86.333,35.133,179.13,100.2
150.33,319.93,252.73,420.2
171.67,1,275.13,451.13
126.87,157.8,168.47,250.6
167.4,259.13,275.13,413.8
264.47,387.13,318.87,462.87
234.6,279.4,339.13,389.27
157.8,75.667,227.13,199.4
57.533,47.933,170.6,280.47
24.467,351.93,69.267,456.47
8.4667,435.13,58.6,511.93
1,1,133.27,433
56.467,319.93,265.53,511.93
258.07,1,332.73,101.27
198.33,313.53,253.8,414.87
39.4,436.2,87.4,511.93
89.533,441.53,155.67,511.93
292.2,1,332.73,101.27
1,431.93,53.267,511.93
78.867,111.93,133.27,319.93
1,1,163.13,124.73
1,18.067,94.867,333.8
8.4667,435.13,84.2,511.93
1,209,62.867,427.67
111.93,447.93,213.27,511.93
1,209,62.867,511.93
213.27,146.07,339.13,438.33
45.8,35.133,102.33,211.13
149.27,350.87,247.4,431.93
28.733,409.53,151.4,511.93
113,258.07,270.87,443.67
217.53,1,302.87,278.33
216.47,1,273,185.53
71.4,1,127.93,45.8
57.533,47.933,149.27,132.2
245.27,1,339.13,86.333
125.8,259.13,198.33,321
94.867,209,198.33,427.67
127.93,1,302.87,308.2
267.67,386.07,339.13,511.93
70.333,1,121.53,45.8
237.8,34.067,339.13,225
70.333,1,162.07,45.8
156.73,1,228.2,317.8
249.53,1,332.73,204.73
115.13,431.93,265.53,478.87
181.27,338.07,221.8,391.4
149.27,348.73,264.47,430.87
20.2,86.333,186.6,433
1,1,163.13,207.93
66.067,440.47,151.4,511.93
145,456.47,234.6,511.93
90.6,220.73,133.27,318.87
263.4,193,339.13,327.4
156.73,371.13,241,422.33
1,321,98.067,431.93
1,1,122.6,511.93
68.2,66.067,113,227.13
251.67,386.07,339.13,451.13
217.53,1,273,185.53
49,417,134.33,457.53
158.87,207.93,215.4,307.13
296.47,289,339.13,353
50.067,44.733,113,227.13
129,204.73,234.6,362.6
292.2,324.2,339.13,397.8
298.6,396.73,339.13,511.93
79.933,51.133,161,262.33
57.533,344.47,98.067,434.07
245.27,1,339.13,99.133
146.07,422.33,283.67,502.33
57.533,346.6,98.067,434.07
244.2,367.93,290.07,462.87
1,350.87,133.27,511.93
1,285.8,186.6,511.93
225,454.33,265.53,511.93
248.47,207.93,295.4,294.33
237.8,1,339.13,289
1,309.27,98.067,511.93
166.33,293.27,221.8,359.4
156.73,350.87,241,422.33
174.87,1,215.4,45.8
79.933,86.333,177,321
1,11.667,93.8,124.73
234.6,279.4,339.13,511.93
114.07,45.8,177,125.8
1,427.67,123.67,511.93
126.87,1,215.4,45.8
1,1,163.13,93.8
1,22.333,116.2,359.4
149.27,307.13,241,422.33
68.2,50.067,169.53,156.73
127.93,396.73,339.13,511.93
135.4,348.73,264.47,437.27
1,321,102.33,511.93
127.93,455.4,211.13,511.93
124.73,259.13,235.67,376.47
236.73,146.07,339.13,363.67
225,248.47,339.13,451.13
86.333,1,227.13,206.87
249.53,79.933,339.13,227.13
137.53,204.73,222.87,306.07
178.07,286.87,225,359.4
1,1,215.4,280.47
225,337,339.13,438.33
129,204.73,215.4,310.33
1,404.2,122.6,511.93
106.6,445.8,265.53,511.93
56.467,417,153.53,511.93
115.13,446.87,266.6,511.93
110.87,98.067,153.53,206.87
113,259.13,181.27,341.27
178.07,348.73,233.53,391.4
158.87,225,215.4,307.13
79.933,225,166.33,321
107.67,87.4,168.47,279.4
1,34.067,87.4,427.67
99.133,87.4,148.2,203.67
227.13,243.13,339.13,511.93
56.467,313.53,267.67,511.93
254.87,182.33,296.47,226.07
127.93,451.13,234.6,511.93
125.8,182.33,215.4,289
27.667,353,123.67,460.73
250.6,248.47,339.13,363.67
125.8,182.33,222.87,318.87
127.93,455.4,217.53,511.93
127.93,455.4,231.4,511.93
122.6,1,228.2,308.2
182.33,140.73,222.87,206.87
1,19.133,94.867,328.47
89.533,226.07,166.33,321
1,12.733,72.467,141.8
54.333,212.2,116.2,358.33
159.93,1,215.4,131.13
126.87,1,227.13,107.67
1,18.067,116.2,511.93
1,1,86.333,115.13
235.67,1,339.13,106.6
184.47,357.27,260.2,419.13
127.93,446.87,266.6,511.93
85.267,307.13,221.8,366.87
26.6,1,78.867,49
57.533,1,215.4,132.2
20.2,225,186.6,427.67
245.27,12.733,302.87,60.733
263.4,193,339.13,325.27
156.73,307.13,241,422.33
239.93,146.07,339.13,340.2
166.33,280.47,261.27,414.87
143.93,454.33,270.87,511.93
234.6,146.07,325.27,284.73
1,1,163.13,67.133
171.67,258.07,273,420.2
49,1,161,247.4
28.733,350.87,148.2,445.8
18.067,1,78.867,49
71.4,1,215.4,107.67
119.4,349.8,165.27,390.33
174.87,258.07,226.07,308.2
163.13,340.2,239.93,419.13
126.87,349.8,185.53,417
54.333,437.27,104.47,511.93
49,53.267,132.2,321
56.467,321,153.53,511.93
146.07,467.13,217.53,511.93
126.87,1,228.2,308.2
244.2,1,310.33,98.067
235.67,1,302.87,106.6
99.133,98.067,156.73,280.47
285.8,321,339.13,393.53
129,204.73,227.13,308.2
110.87,447.93,221.8,511.93
125.8,398.87,251.67,446.87
17,344.47,98.067,511.93
122.6,157.8,172.73,279.4
244.2,1,300.73,47.933
35.133,401,252.73,466.07
131.13,75.667,222.87,257
238.87,1,284.73,121.53
225,284.73,322.07,451.13
257,367.93,329.53,511.93
1,27.667,122.6,511.93
118.33,335.93,186.6,393.53
122.6,157.8,168.47,279.4
268.73,1,339.13,126.87
56.467,285.8,273,511.93
161,311.4,221.8,369
101.27,177,159.93,279.4
119.4,349.8,184.47,415.93
106.6,445.8,259.13,511.93
50.067,1,163.13,166.33
236.73,1,339.13,363.67
222.87,248.47,339.13,451.13
103.4,446.87,168.47,511.93
249.53,92.733,309.27,226.07
134.33,87.4,189.8,202.6
78.867,178.07,133.27,318.87
178.07,258.07,271.93,349.8
250.6,284.73,335.93,363.67
237.8,34.067,308.2,225
56.467,442.6,125.8,511.93
154.6,66.067,225,291.13
28.733,409.53,265.53,511.93
157.8,75.667,227.13,206.87
213.27,454.33,255.93,511.93
85.267,307.13,186.6,417
57.533,422.33,283.67,511.93
1,1,163.13,168.47
1,19.133,94.867,507.67
166.33,286.87,221.8,362.6
85.267,307.13,241,433
79.933,321,148.2,433
26.6,111.93,133.27,328.47
154.6,182.33,215.4,276.2
56.467,321,265.53,511.93
69.267,1,159.93,45.8
249.53,75.667,339.13,218.6
26.6,157.8,94.867,328.47
245.27,337,339.13,387.13
234.6,58.6,339.13,327.4
180.2,311.4,278.33,451.13
227.13,267.67,339.13,511.93
17,344.47,98.067,487.4
95.933,350.87,148.2,431.93
1,404.2,124.73,511.93
125.8,259.13,235.67,376.47
30.867,436.2,87.4,511.93
227.13,267.67,339.13,389.27
222.87,454.33,265.53,511.93
227.13,267.67,339.13,397.8
127.93,449,265.53,511.93
118.33,349.8,184.47,426.6
264.47,387.13,322.07,471.4
50.067,1,179.13,280.47
127.93,452.2,223.93,511.93
168.47,75.667,227.13,145
161,241,217.53,318.87
1,45.8,87.4,507.67
142.87,319.93,253.8,443.67
54.333,379.67,158.87,511.93
78.867,446.87,139.67,511.93
103.4,446.87,265.53,511.93
122.6,87.4,169.53,279.4
103.4,431.93,265.53,511.93
167.4,259.13,275.13,430.87
127.93,349.8,184.47,415.93
127.93,452.2,265.53,511.93
127.93,422.33,283.67,511.93
249.53,75.667,339.13,226.07
118.33,204.73,254.87,446.87
99.133,87.4,148.2,231.4
47.933,185.53,94.867,328.47
1,34.067,84.2,341.27
1,321,115.13,511.93
28.733,307.13,339.13,451.13
142.87,319.93,263.4,443.67
131.13,181.27,196.2,248.47
268.73,1,332.73,102.33
47.933,44.733,93.8,124.73
73.533,443.67,147.13,511.93
49,378.6,143.93,457.53
143.93,454.33,324.2,511.93
70.333,1,163.13,45.8
49,38.333,105.53,166.33
50.067,1,163.13,81
129,1,231.4,308.2
102.33,285.8,186.6,428.73
247.4,58.6,339.13,225
57.533,31.933,177,132.2
20.2,319.93,117.27,374.33
250.6,255.93,335.93,363.67
66.067,313.53,267.67,511.93
127.93,450.07,222.87,511.93
167.4,1,268.73,359.4
74.6,20.2,177,99.133
10.6,431.93,53.267,511.93
123.67,451.13,213.27,492.73
268.73,349.8,339.13,511.93
1,44.733,132.2,359.4
225,258.07,271.93,321
255.93,42.6,303.93,99.133
47.933,136.47,94.867,327.4
95.933,350.87,169.53,431.93
249.53,1,339.13,228.2
171.67,313.53,273,420.2
20.2,321,186.6,376.47
53.267,47.933,154.6,247.4
170.6,7.4,214.33,65
145,389.27,253.8,436.2
285.8,339.13,339.13,386.07
171.67,313.53,253.8,420.2
155.67,402.07,251.67,444.73
257,367.93,339.13,511.93
225,452.2,270.87,511.93
1,434.07,51.133,511.93
234.6,146.07,339.13,393.53
68.2,50.067,170.6,279.4
149.27,459.67,244.2,511.93
167.4,259.13,275.13,414.87
1,337,98.067,431.93
56.467,437.27,125.8,511.93
237.8,321,339.13,397.8
129,259.13,204.73,310.33
167.4,1,237.8,359.4
228.2,146.07,339.13,327.4
183.4,1,237.8,359.4
19.133,324.2,74.6,426.6
131.13,1,225,291.13
291.13,1,339.13,227.13
169.53,204.73,214.33,258.07
180.2,311.4,226.07,366.87
126.87,1,228.2,287.93
244.2,1,339.13,226.07
218.6,285.8,261.27,414.87
75.667,1,159.93,45.8
109.8,209,159.93,287.93
1,12.733,116.2,359.4
166.33,207.93,220.73,280.47
244.2,1,310.33,85.267
85.267,289,214.33,431.93
39.4,1,102.33,45.8
50.067,41.533,98.067,166.33
295.4,387.13,339.13,428.73
79.933,225,177,321
78.867,81,129,280.47
262.33,447.93,323.13,511.93
129,40.467,228.2,307.13
1,12.733,116.2,511.93
79.933,51.133,161,280.47
125.8,398.87,254.87,446.87
227.13,1,339.13,321
130.07,1,225,257
213.27,248.47,339.13,438.33
264.47,387.13,322.07,462.87
180.2,311.4,270.87,392.47
99.133,86.333,154.6,210.07
225,337,339.13,392.47
103.4,446.87,189.8,511.93
166.33,264.47,270.87,434.07
31.933,1,81,45.8
178.07,258.07,271.93,347.67
149.27,350.87,235.67,431.93
173.8,33,215.4,75.667
166.33,207.93,215.4,258.07
131.13,148.2,222.87,257
1,1,102.33,45.8
173.8,33,215.4,107.67
102.33,350.87,145,428.73
74.6,31.933,177,99.133
60.733,302.87,165.27,354.07
150.33,87.4,215.4,202.6
157.8,1,227.13,199.4
126.87,1,228.2,307.13
55.4,442.6,124.73,511.93
28.733,386.07,339.13,451.13
262.33,372.2,339.13,511.93
49,1,215.4,147.13
85.267,302.87,165.27,354.07
99.133,87.4,189.8,279.4
126.87,1,215.4,107.67
244.2,456.47,324.2,511.93
11.667,434.07,53.267,492.73
268.73,426.6,333.8,511.93
68.2,47.933,130.07,132.2
148.2,468.2,220.73,511.93
131.13,148.2,222.87,248.47
236.73,258.07,339.13,363.67
268.73,397.8,329.53,511.93
22.333,19.133,93.8,194.07
170.6,1,222.87,84.2
85.267,289,186.6,431.93
166.33,264.47,270.87,419.13
99.133,87.4,235.67,376.47
49,53.267,174.87,321
262.33,365.8,339.13,511.93
149.27,350.87,252.73,435.13
85.267,307.13,182.33,354.07
89.533,226.07,177,321
245.27,337,313.53,387.13
53.267,47.933,154.6,281.53
118.33,349.8,254.87,446.87
131.13,1,225,257
178.07,446.87,265.53,511.93
177,207.93,230.33,308.2
249.53,58.6,339.13,219.67
154.6,1,228.2,206.87
1,19.133,86.333,152.47
125.8,1,221.8,70.333
267.67,471.4,324.2,511.93
10.6,433,51.133,502.33
297.53,108.73,339.13,227.13
1,19.133,89.533,194.07
20.2,321,252.73,466.07
143.93,350.87,186.6,417
174.87,258.07,226.07,307.13
283.67,248.47,339.13,428.73
273,337,313.53,387.13
129,207.93,226.07,287.93
95.933,350.87,143.93,431.93
26.6,184.47,94.867,327.4
1,1,76.733,188.73
131.13,84.2,213.27,248.47
284.73,396.73,339.13,511.93
126.87,182.33,214.33,258.07
249.53,1,332.73,213.27
37.267,30.867,89.533,261.27
167.4,75.667,214.33,164.2
249.53,79.933,309.27,204.73
56.467,444.73,125.8,511.93
110.87,35.133,179.13,100.2
17,343.4,102.33,433
227.13,311.4,289,389.27
179.13,313.53,253.8,420.2
1,1,103.4,212.2
228.2,102.33,339.13,327.4
99.133,148.2,143.93,280.47
177,307.13,236.73,391.4
122.6,157.8,168.47,258.07
225,337,322.07,451.13
86.333,35.133,221.8,100.2
22.333,19.133,89.533,194.07
86.333,50.067,148.2,98.067
154.6,182.33,196.2,225
143.93,454.33,265.53,511.93
1,1,45.8,88.467
130.07,204.73,172.73,248.47
146.07,459.67,234.6,511.93
8.4667,436.2,87.4,511.93
79.933,51.133,161,211.13
11.667,434.07,53.267,488.47
170.6,1,222.87,106.6
213.27,454.33,265.53,511.93
56.467,442.6,124.73,511.93
49,1,169.53,247.4
251.67,386.07,322.07,451.13
205.8,264.47,270.87,363.67
1,321,102.33,507.67
226.07,1,268.73,313.53
234.6,34.067,339.13,393.53
154.6,204.73,222.87,287.93
39.4,427.67,159.93,511.93
94.867,209,186.6,358.33
39.4,427.67,151.4,511.93
265.53,267.67,333.8,351.93
145,389.27,249.53,431.93
239.93,34.067,308.2,121.53
245.27,1,333.8,99.133
57.533,47.933,170.6,279.4
171.67,314.6,241,399.93
156.73,156.73,222.87,307.13
100.2,1,159.93,53.267
156.73,445.8,266.6,511.93
127.93,349.8,184.47,413.8
25.533,1,77.8,43.667
126.87,195.13,177,257
163.13,319.93,252.73,420.2
159.93,1,215.4,87.4
156.73,71.4,222.87,317.8
152.47,399.93,253.8,443.67
125.8,205.8,222.87,318.87
265.53,267.67,339.13,353
156.73,75.667,214.33,182.33
66.067,437.27,259.13,511.93
11.667,434.07,53.267,511.93
119.4,349.8,186.6,415.93
113,454.33,172.73,511.93
85.267,307.13,241,422.33
154.6,140.73,222.87,287.93
74.6,31.933,163.13,78.867
183.4,264.47,270.87,419.13
268.73,389.27,339.13,511.93
135.4,350.87,186.6,393.53
17,344.47,98.067,456.47
204.73,258.07,271.93,347.67
134.33,1,225,172.73
249.53,75.667,303.93,201.53
255.93,42.6,301.8,99.133
264.47,387.13,322.07,472.47
77.8,1,225,291.13
66.067,437.27,151.4,511.93
99.133,87.4,189.8,231.4
178.07,348.73,235.67,391.4
21.267,34.067,84.2,191.93
149.27,350.87,253.8,440.47
129,204.73,215.4,307.13
281.53,374.33,339.13,425.53
66.067,447.93,130.07,511.93
177,307.13,221.8,366.87
268.73,471.4,324.2,511.93
237.8,34.067,308.2,146.07
149.27,457.53,265.53,511.93
275.13,151.4,323.13,219.67
237.8,56.467,322.07,217.53
278.33,349.8,324.2,414.87
74.6,1,228.2,287.93
3.1333,428.73,87.4,511.93
99.133,86.333,154.6,247.4
104.47,350.87,149.27,427.67
10.6,433,53.267,502.33
47.933,136.47,133.27,327.4
138.6,452.2,234.6,511.93
127.93,452.2,234.6,511.93
198.33,313.53,252.73,377.53
1,1,102.33,93.8
1,321,116.2,511.93
173.8,1,215.4,107.67
156.73,71.4,222.87,307.13
238.87,1,302.87,75.667
85.267,289,186.6,417
266.6,396.73,339.13,511.93
213.27,337,339.13,438.33
255.93,88.467,309.27,204.73
126.87,195.13,214.33,258.07
267.67,386.07,318.87,472.47
71.4,1,177,99.133
279.4,243.13,339.13,327.4
115.13,307.13,181.27,348.73
156.73,132.2,197.27,182.33
87.4,321,148.2,433
86.333,417,153.53,511.93
20.2,321,186.6,369
49,1,163.13,247.4
53.267,47.933,149.27,147.13
244.2,146.07,339.13,335.93
148.2,462.87,243.13,511.93
262.33,386.07,339.13,511.93
180.2,319.93,241,388.2
1,12.733,45.8,141.8
94.867,321,148.2,428.73
283.67,130.07,339.13,228.2
57.533,47.933,130.07,132.2
166.33,280.47,339.13,511.93
163.13,313.53,253.8,420.2
1,1,51.133,86.333
127.93,349.8,184.47,418.07
127.93,452.2,216.47,511.93
225,337,313.53,413.8
167.4,109.8,213.27,164.2
265.53,267.67,339.13,397.8
66.067,415.93,267.67,511.93
57.533,47.933,168.47,279.4
17,324.2,102.33,433
105.53,311.4,278.33,451.13
161,1,221.8,84.2
167.4,259.13,234.6,362.6
26.6,184.47,94.867,328.47
268.73,279.4,339.13,389.27
115.13,451.13,213.27,511.93
154.6,44.733,228.2,206.87
118.33,321,186.6,369
73.533,443.67,168.47,511.93
170.6,7.4,214.33,77.8
10.6,433,58.6,502.33
165.27,180.2,222.87,258.07
289,248.47,332.73,347.67
70.333,1,110.87,45.8
161,1,221.8,70.333
131.13,182.33,196.2,248.47
74.6,20.2,196.2,99.133
168.47,75.667,222.87,119.4
131.13,1,222.87,248.47
149.27,350.87,235.67,420.2
228.2,258.07,271.93,321
235.67,1,289,106.6
20.2,311.4,278.33,451.13
166.33,286.87,221.8,359.4
267.67,397.8,333.8,511.93
137.53,204.73,227.13,308.2
234.6,279.4,339.13,393.53
79.933,51.133,161,206.87
244.2,349.8,339.13,511.93
244.2,146.07,295.4,294.33
279.4,249.53,339.13,327.4
273,337,339.13,387.13
264.47,387.13,329.53,511.93
94.867,209,198.33,431.93
119.4,349.8,184.47,418.07
25.533,1,76.733,45.8
117.27,349.8,185.53,427.67
227.13,259.13,267.67,363.67
250.6,284.73,298.6,357.27
86.333,443.67,147.13,511.93
87.4,99.133,151.4,211.13
17,351.93,69.267,456.47
267.67,426.6,333.8,511.93
161,311.4,221.8,376.47
157.8,1,227.13,206.87
130.07,204.73,215.4,307.13
11.667,428.73,59.667,473.53
154.6,66.067,225,287.93
268.73,1,339.13,120.47
84.2,440.47,151.4,511.93
170.6,7.4,222.87,84.2
148.2,468.2,223.93,511.93
87.4,116.2,130.07,202.6
161,286.87,235.67,376.47
283.67,108.73,339.13,218.6
249.53,73.533,339.13,228.2
244.2,367.93,295.4,462.87
20.2,321,184.47,431.93
3.1333,434.07,50.067,511.93
161,241,215.4,287.93
12.733,19.133,86.333,152.47
118.33,350.87,186.6,417
10.6,434.07,53.267,511.93
266.6,386.07,323.13,426.6
37.267,30.867,84.2,254.87
245.27,321,339.13,397.8
180.2,156.73,221.8,204.73
220.73,422.33,283.67,502.33
119.4,322.07,198.33,390.33
4.2,309.27,98.067,438.33
156.73,230.33,220.73,307.13
227.13,259.13,267.67,362.6
163.13,319.93,241,420.2
181.27,166.33,222.87,206.87
262.33,426.6,323.13,494.87
79.933,51.133,123.67,131.13
245.27,12.733,302.87,55.4
154.6,40.467,228.2,206.87
149.27,468.2,218.6,511.93
98.067,445.8,159.93,511.93
127.93,157.8,168.47,216.47
127.93,87.4,179.13,216.47
115.13,451.13,172.73,511.93
180.2,311.4,226.07,362.6
50.067,41.533,148.2,166.33
126.87,87.4,168.47,250.6
285.8,287.93,339.13,393.53
279.4,257,330.6,298.6
125.8,241,217.53,318.87
28.733,20.2,93.8,124.73
237.8,284.73,339.13,397.8
273,396.73,339.13,511.93
171.67,340.2,239.93,397.8
86.333,440.47,151.4,511.93
289,248.47,339.13,347.67
71.4,1,117.27,45.8
187.67,286.87,235.67,359.4
1,12.733,72.467,197.27
149.27,388.2,264.47,430.87
183.4,357.27,260.2,419.13
171.67,71.4,215.4,170.6
166.33,276.2,217.53,318.87
25.533,1,76.733,47.933
127.93,454.33,207.93,511.93
283.67,166.33,326.33,228.2
1,61.8,69.267,287.93
181.27,338.07,236.73,391.4
51.133,343.4,102.33,433
113,259.13,198.33,417
182.33,258.07,226.07,307.13
274.07,73.533,339.13,195.13
119.4,349.8,185.53,390.33
77.8,7.4,155.67,58.6
129,180.2,226.07,287.93
244.2,62.867,339.13,226.07
77.8,1,163.13,58.6
245.27,1,339.13,77.8
73.533,449,137.53,504.47
1,184.47,67.133,341.27
17,324.2,74.6,433
37.267,30.867,86.333,254.87
24.467,436.2,87.4,511.93
100.2,53.267,148.2,126.87
284.73,322.07,335.93,363.67
236.73,99.133,339.13,363.67
291.13,83.133,339.13,186.6
126.87,182.33,215.4,276.2
56.467,319.93,252.73,511.93
99.133,87.4,148.2,182.33
100.2,1,159.93,42.6
77.8,7.4,151.4,58.6
255.93,88.467,299.67,162.07
244.2,1,300.73,88.467
39.4,427.67,200.47,511.93
225,348.73,275.13,413.8
142.87,446.87,265.53,511.93
110.87,98.067,155.67,216.47
57.533,47.933,125.8,124.73
267.67,390.33,333.8,511.93
159.93,1,215.4,72.467
227.13,264.47,270.87,321
49,1,161,211.13
79.933,50.067,161,166.33
269.8,1,310.33,69.267
154.6,207.93,214.33,287.93
147.13,51.133,221.8,100.2
268.73,397.8,333.8,511.93
249.53,92.733,309.27,199.4
278.33,330.6,339.13,397.8
255.93,1,333.8,99.133
248.47,189.8,291.13,239.93
115.13,307.13,182.33,348.73
266.6,386.07,339.13,426.6
26.6,184.47,94.867,333.8
180.2,313.53,253.8,414.87
249.53,75.667,296.47,197.27
157.8,132.2,223.93,199.4
275.13,1,332.73,101.27
129,259.13,198.33,307.13
79.933,51.133,142.87,211.13
218.6,264.47,270.87,363.67
89.533,447.93,142.87,511.93
156.73,230.33,220.73,284.73
161,361.53,219.67,420.2
62.867,417,153.53,511.93
250.6,258.07,339.13,363.67
145,389.27,214.33,431.93
161,348.73,235.67,396.73
149.27,388.2,207.93,430.87
1,61.8,69.267,243.13
154.6,101.27,222.87,287.93
126.87,1,179.13,45.8
150.33,1,228.2,206.87
247.4,75.667,323.13,225
1,396.73,98.067,511.93
169.53,204.73,215.4,276.2
253.8,89.533,309.27,201.53
154.6,122.6,222.87,287.93
79.933,51.133,161,157.8
248.47,189.8,295.4,244.2
237.8,337,339.13,392.47
268.73,425.53,329.53,511.93
139.67,87.4,189.8,202.6
136.47,45.8,177,99.133
263.4,190.87,339.13,335.93
148.2,468.2,218.6,511.93
103.4,441.53,155.67,511.93
182.33,101.27,222.87,172.73
268.73,461.8,329.53,511.93
79.933,51.133,150.33,211.13
108.73,446.87,168.47,507.67
251.67,372.2,322.07,438.33
171.67,72.467,215.4,170.6
270.87,397.8,323.13,488.47
29.8,24.467,72.467,115.13
169.53,85.267,227.13,145
126.87,349.8,169.53,417
99.133,98.067,155.67,280.47
86.333,50.067,136.47,98.067
107.67,1,153.53,41.533
66.067,441.53,141.8,511.93
56.467,417,134.33,511.93
115.13,285.8,182.33,347.67
161,311.4,217.53,369
100.2,56.467,148.2,126.87
134.33,31.933,180.2,99.133
263.4,200.47,309.27,302.87
267.67,1,332.73,101.27
1,396.73,67.133,511.93
98.067,52.2,149.27,107.67
1,1,54.333,63.933
263.4,193,339.13,277.27
98.067,52.2,149.27,132.2
74.6,31.933,177,125.8
127.93,349.8,184.47,390.33
237.8,337,339.13,388.2
161,1,221.8,55.4
78.867,463.93,123.67,511.93
278.33,373.27,324.2,414.87
167.4,84.2,213.27,164.2
129,1,228.2,287.93
283.67,58.6,339.13,219.67
274.07,255.93,332.73,338.07
25.533,1,75.667,43.667
149.27,350.87,219.67,420.2
250.6,284.73,297.53,351.93
89.533,52.2,148.2,126.87
225,348.73,270.87,392.47
20.2,321,184.47,390.33
181.27,148.2,222.87,206.87
70.333,1,215.4,87.4
78.867,151.4,133.27,318.87
170.6,7.4,222.87,65
127.93,456.47,206.87,511.93
200.47,456.47,265.53,511.93
85.267,431.93,153.53,511.93
245.27,1,302.87,46.867
220.73,422.33,283.67,474.6
154.6,110.87,222.87,287.93
283.67,83.133,339.13,218.6
253.8,89.533,309.27,199.4
131.13,109.8,213.27,248.47
175.93,232.47,220.73,280.47
131.13,198.33,177,243.13
114.07,463.93,172.73,511.93
266.6,386.07,322.07,426.6
225,342.33,284.73,392.47
1,34.067,84.2,243.13
265.53,267.67,332.73,343.4
154.6,216.47,203.67,287.93
129,230.33,182.33,287.93
182.33,66.067,225,172.73
28.733,20.2,69.267,101.27
270.87,258.07,318.87,325.27
118.33,335.93,185.53,379.67
263.4,200.47,339.13,335.93
171.67,70.333,215.4,131.13
136.47,45.8,177,125.8
285.8,321,339.13,386.07
173.8,43.667,215.4,87.4
234.6,294.33,275.13,372.2
239.93,146.07,317.8,340.2
70.333,1,153.53,45.8
49,1,159.93,166.33
291.13,58.6,339.13,215.4
204.73,280.47,261.27,414.87
56.467,417,142.87,511.93
50.067,45.8,103.4,212.2
165.27,156.73,222.87,258.07
39.4,346.6,98.067,438.33
159.93,1,215.4,54.333
275.13,1,339.13,126.87
154.6,207.93,226.07,280.47
79.933,50.067,125.8,126.87
274.07,73.533,339.13,177
79.933,50.067,125.8,131.13
50.067,45.8,99.133,202.6
134.33,31.933,177,72.467
249.53,92.733,339.13,228.2
253.8,92.733,309.27,172.73
250.6,278.33,335.93,363.67
22.333,19.133,86.333,152.47
149.27,361.53,219.67,420.2
57.533,446.87,124.73,511.93
237.8,337,339.13,387.13
245.27,1,302.87,55.4
273,421.27,323.13,492.73
270.87,425.53,323.13,475.67
109.8,209,170.6,322.07
244.2,1,284.73,88.467
122.6,83.133,169.53,156.73
134.33,1,222.87,99.133
291.13,58.6,335.93,215.4
4.2,309.27,62.867,427.67
134.33,31.933,185.53,99.133
268.73,451.13,329.53,511.93
166.33,293.27,221.8,351.93
254.87,172.73,296.47,226.07
116.2,56.467,169.53,156.73
49,38.333,98.067,166.33
106.6,445.8,159.93,511.93
73.533,449,134.33,504.47
98.067,52.2,148.2,126.87
86.333,446.87,139.67,511.93
182.33,110.87,222.87,172.73
39.4,344.47,98.067,438.33
263.4,92.733,309.27,199.4
166.33,207.93,226.07,280.47
134.33,1,222.87,106.6
99.133,111.93,142.87,207.93
37.267,30.867,84.2,207.93
21.267,184.47,67.133,333.8
109.8,209,159.93,279.4
234.6,279.4,308.2,372.2
54.333,450.07,116.2,511.93
50.067,45.8,93.8,124.73
74.6,31.933,163.13,73.533
253.8,92.733,309.27,199.4
268.73,471.4,323.13,511.93
244.2,1,284.73,121.53
249.53,75.667,303.93,197.27
247.4,131.13,323.13,225
263.4,200.47,339.13,302.87
131.13,198.33,183.4,248.47
268.73,279.4,339.13,359.4
245.27,1,302.87,60.733
84.2,248.47,132.2,321
171.67,72.467,215.4,156.73
270.87,425.53,323.13,488.47
17,344.47,98.067,438.33
51.133,438.33,98.067,497
171.67,72.467,215.4,131.13
244.2,1,286.87,47.933
170.6,1,215.4,106.6
263.4,92.733,309.27,172.73
255.93,34.067,308.2,99.133
116.2,285.8,181.27,341.27
131.13,132.2,197.27,248.47
40.467,92.733,84.2,191.93
154.6,223.93,214.33,287.93
266.6,421.27,323.13,492.73
263.4,200.47,323.13,264.47
21.267,209,67.133,333.8
172.73,204.73,222.87,274.07
266.6,421.27,324.2,511.93
263.4,200.47,309.27,264.47
19.133,22.333,72.467,115.13
120.47,463.93,172.73,511.93
108.73,446.87,162.07,507.67
122.6,83.133,168.47,156.73
269.8,321,339.13,389.27
88.467,116.2,130.07,202.6
56.467,444.73,122.6,510.87
291.13,88.467,335.93,215.4
138.6,452.2,265.53,511.93
154.6,216.47,214.33,287.93
170.6,1,215.4,95.933
79.933,51.133,142.87,207.93
283.67,81,339.13,219.67
170.6,1,215.4,77.8
283.67,83.133,333.8,213.27
268.73,279.4,339.13,353
269.8,321,339.13,386.07
