304.35,45.756,512.5,258.88
1,46.467,512.5,312.87
1,45.756,512.5,316.43
124.61,46.467,512.5,263.85
229.04,128.88,285.88,185
84.829,78.435,150.19,251.07
1,1,512.5,341.29
1,40.783,512.5,341.29
117.51,47.177,378.23,263.14
191.39,93.354,313.58,216.26
95.485,219.1,512.5,316.43
1,47.177,512.5,315
292.27,1,512.5,271.67
81.277,221.23,395.28,311.45
1,73.463,164.4,256.04
1,40.783,321.4,280.19
123.19,47.177,321.4,280.19
1,1,512.5,269.54
369,47.177,512.5,244.67
116.8,254.62,395.28,311.45
143.79,98.327,185,155.87
134.56,243.25,420.15,315
1,237.57,425.12,341.29
1,132.43,59.965,225.49
1,1,512.5,315
1,1,512.5,316.43
1,46.467,512.5,341.29
93.354,197.79,192.1,260.3
316.43,47.177,512.5,273.8
352.66,1,512.5,261.01
117.51,47.177,220.52,260.3
18.05,123.19,99.038,209.15
194.23,93.354,341.29,239.7
1,45.756,512.5,307.9
194.23,99.748,302.93,216.26
310.03,131.72,383.91,237.57
48.598,214.12,512.5,316.43
1,47.888,405.94,313.58
15.208,76.304,149.48,266.7
1,74.173,512.5,312.87
194.23,99.038,302.93,216.26
1,45.756,512.5,341.29
180.03,84.119,321.4,226.91
394.57,90.513,512.5,200.63
383.91,1,512.5,89.802
1,74.173,155.87,254.62
1,236.86,512.5,341.29
1,127.45,64.227,231.18
187.84,86.96,318.56,221.94
1,47.177,512.5,341.29
352.66,51.44,409.49,258.88
56.413,76.304,139.53,253.2
292.27,155.16,356.92,261.72
124.61,45.756,375.39,263.14
361.18,87.671,512.5,243.96
117.51,47.177,512.5,263.85
1,76.304,207.02,296.53
1,73.463,167.24,253.91
81.277,216.97,512.5,311.45
1,129.59,62.096,198.5
383.91,50.019,512.5,200.63
1,74.173,158,288.72
1,76.304,434.35,315
1,1,512.5,142.37
361.18,87.671,512.5,261.72
265.28,46.467,512.5,309.32
203.47,93.354,313.58,214.12
1,1,512.5,129.59
117.51,47.177,512.5,273.8
187.13,47.177,228.33,128.16
394.57,134.56,512.5,200.63
312.16,114.67,362.6,234.02
106.85,219.1,382.49,307.9
1,198.5,512.5,341.29
369,50.019,512.5,244.67
133.14,45.756,326.37,235.44
124.61,46.467,379.65,263.85
1,1,476.27,130.3
181.45,91.933,316.43,280.19
64.938,76.304,140.24,253.91
106.85,219.1,512.5,316.43
59.965,182.16,405.94,313.58
1,243.25,512.5,341.29
1,45.756,382.49,307.9
61.385,127.45,120.35,206.31
292.27,45.756,437.2,268.83
229.75,126.74,297.24,197.79
319.98,60.675,365.44,162.97
166.53,265.28,267.41,307.9
133.14,45.756,226.91,235.44
1,74.173,161.55,255.33
204.89,99.038,304.35,212.7
204.89,99.748,304.35,212.7
1,76.304,149.48,256.75
106.85,192.81,366.86,269.54
193.52,54.281,378.23,263.14
1,126.03,64.227,226.91
30.127,74.173,155.87,251.07
1,219.1,512.5,341.29
1,229.75,512.5,341.29
472.01,1,512.5,48.598
191.39,86.96,318.56,216.26
342.71,115.38,434.35,229.75
48.598,74.173,161.55,255.33
1,1,512.5,313.58
321.4,251.78,512.5,312.16
1,40.783,208.44,270.25
48.598,242.54,398.83,312.16
390.31,87.671,512.5,224.07
1,1,476.98,142.37
342.71,80.567,512.5,229.75
79.856,73.463,150.19,249.65
135.98,47.888,326.37,227.62
204.89,94.775,311.45,138.82
134.56,243.25,382.49,307.9
352.66,49.308,512.5,258.88
367.57,80.567,512.5,124.61
124.61,47.177,379.65,263.85
126.74,45.756,430.09,269.54
193.52,93.354,341.29,239.7
265.28,47.177,383.91,237.57
123.19,47.177,228.33,263.14
191.39,233.31,316.43,280.19
181.45,184.29,298.66,228.33
106.85,231.18,197.08,279.48
192.81,89.802,319.27,216.26
126.74,138.11,170.08,229.75
206.31,83.408,320.69,182.16
3.8417,141.66,55.702,198.5
322.82,146.64,363.31,205.6
324.24,84.829,365.44,145.21
1,234.73,512.5,341.29
361.18,47.177,464.9,226.91
393.15,87.671,512.5,200.63
172.92,258.88,407.36,311.45
1,1,512.5,133.14
265.28,89.802,324.95,224.78
370.42,1,512.5,182.16
307.9,199.92,512.5,309.32
108.27,73.463,150.19,185.71
361.18,47.177,451.4,226.91
145.93,47.177,379.65,261.01
320.69,45.756,371.84,120.35
191.39,83.408,320.69,216.26
1,40.783,208.44,142.37
18.05,167.95,59.965,209.15
1,229.75,192.1,296.53
1,45.756,430.09,269.54
1,45.756,512.5,263.14
1,99.748,113.25,209.15
287.3,1,512.5,56.413
1,236.86,425.12,341.29
1,1,476.27,133.14
396.7,87.671,512.5,163.69
1,129.59,57.123,195.65
151.61,47.177,228.33,260.3
191.39,99.038,304.35,216.26
307.19,89.092,362.6,263.14
352.66,1,512.5,258.88
1,117.51,121.77,241.12
99.038,47.177,512.5,315
24.444,122.48,81.987,206.31
1,135.27,65.648,226.2
176.47,201.34,512.5,312.87
445.72,1,512.5,49.308
1,1,512.5,128.88
29.417,237.57,158,288.72
1,47.888,326.37,264.56
369,202.05,512.5,244.67
172.92,182.16,342,258.17
1,1,478.4,129.59
81.277,216.97,512.5,312.87
212.7,1,512.5,63.517
326.37,259.59,445.01,309.32
1,231.89,512.5,341.29
163.69,47.177,512.5,260.3
99.038,214.84,512.5,315
393.15,117.51,512.5,199.92
125.32,51.44,369.71,263.14
292.27,45.756,374.68,268.83
125.32,47.888,375.39,263.14
135.98,47.888,209.15,221.94
30.127,78.435,141.66,251.07
189.26,53.571,381.07,269.54
1,129.59,110.4,251.07
270.25,54.281,378.23,263.14
327.79,54.281,442.88,226.91
1,1,491.9,134.56
372.55,88.381,418.73,170.79
366.15,47.177,408.07,87.671
1,76.304,149.48,266.7
132.43,256.04,382.49,307.9
206.31,148.77,258.88,211.99
124.61,47.177,375.39,263.85
124.61,180.74,167.24,251.07
134.56,243.25,434.35,315
342.71,47.177,512.5,229.75
1,229.75,376.81,320.69
177.89,148.77,238.28,238.99
124.61,173.63,167.24,251.07
206.31,101.88,304.35,211.99
106.85,45.756,382.49,307.9
172.92,255.33,407.36,311.45
8.8146,210.57,150.9,266.7
446.43,1,512.5,49.308
172.92,231.89,512.5,341.29
1,1,512.5,134.56
37.942,1,512.5,121.06
326.37,259.59,512.5,309.32
117.51,47.177,320.69,260.3
133.14,249.65,398.83,312.16
180.03,84.119,324.95,226.91
123.19,142.37,170.79,234.73
332.05,47.888,379.65,256.75
327.79,72.042,442.88,226.91
1,229.75,425.12,341.29
364.73,192.81,512.5,242.54
370.42,40.073,512.5,180.03
1,1,120.35,134.56
1,1,478.4,133.14
310.03,45.756,377.52,229.04
381.07,62.806,512.5,106.14
352.66,51.44,428.67,258.88
204.18,80.567,317.85,121.77
151.61,167.95,193.52,238.99
135.98,47.888,209.15,227.62
255.33,172.92,302.93,214.12
145.21,243.25,512.5,312.87
370.42,1,512.5,89.802
327.79,54.281,512.5,262.43
113.96,74.173,160.84,251.07
229.04,128.88,302.22,185
398.12,139.53,512.5,180.03
191.39,229.75,345.55,280.19
196.36,96.906,275.22,207.02
136.69,258.17,359.05,307.9
106.85,73.463,162.97,256.04
1,74.173,155.87,270.25
191.39,91.933,314.29,216.26
37.942,1,468.45,121.06
145.21,243.25,349.81,305.06
265.28,93.354,313.58,216.97
1,148.77,59.965,215.55
361.18,54.281,442.88,226.91
58.544,140.95,116.09,217.68
202.76,100.46,250.36,146.64
8.8146,210.57,150.9,270.25
1,201.34,512.5,341.29
312.16,114.67,362.6,240.41
19.471,128.16,64.227,218.39
204.89,99.038,302.93,212.7
364.02,84.829,442.88,158.71
255.33,167.24,302.93,214.12
20.181,122.48,81.987,206.31
1,76.304,155.87,266.7
1,112.54,118.22,234.02
1,126.74,158,288.72
324.24,54.281,367.57,131.72
1,246.09,425.12,341.29
59.965,244.67,187.13,290.85
204.89,96.196,271.67,138.82
270.25,48.598,375.39,240.41
265.28,46.467,512.5,237.57
1,122.48,110.4,253.91
106.85,192.81,382.49,307.9
361.18,87.671,512.5,244.67
106.85,73.463,164.4,256.04
62.806,165.82,111.11,207.02
113.96,74.173,161.55,251.07
204.89,99.038,302.93,211.99
393.15,87.671,512.5,199.92
1,1,59.254,126.03
210.57,115.38,285.88,185
216.97,124.61,302.22,185
361.18,117.51,512.5,244.67
201.34,99.038,299.38,207.02
123.19,118.93,175.05,234.73
369,192.81,512.5,244.67
265.28,46.467,464.9,237.57
337.03,259.59,512.5,311.45
84.119,141.66,124.61,189.97
353.37,259.59,457.8,311.45
316.43,47.177,512.5,229.75
93.354,193.52,251.78,269.54
229.04,140.24,269.54,185
1,138.11,59.965,225.49
1,1,476.98,128.88
165.11,265.28,382.49,307.9
56.413,76.304,138.82,250.36
48.598,242.54,398.83,316.43
403.81,297.95,512.5,341.29
1,247.51,425.12,341.29
316.43,54.281,512.5,229.75
163.69,85.54,332.05,260.3
393.15,119.64,512.5,199.92
1,73.463,164.4,259.59
265.28,46.467,383.91,237.57
352.66,51.44,512.5,258.88
319.98,60.675,365.44,155.16
72.752,41.494,326.37,123.19
217.68,139.53,277.35,198.5
1,127.45,64.227,225.49
151.61,89.092,192.81,228.33
191.39,93.354,313.58,216.97
1,74.173,150.19,253.2
270.25,54.281,378.23,169.37
175.05,255.33,512.5,312.16
401.68,96.196,512.5,138.82
143.79,87.671,194.23,234.02
300.8,123.9,381.07,269.54
369,87.671,512.5,243.25
138.82,81.277,209.15,221.94
1,45.756,375.39,263.14
383.91,50.019,512.5,94.775
361.18,54.281,451.4,226.91
292.27,45.756,371.84,261.72
1,247.51,512.5,341.29
364.73,88.381,437.2,221.94
175.05,214.84,512.5,312.16
143.79,45.756,226.91,155.87
98.327,78.435,140.24,235.44
72.752,1,512.5,123.19
177.89,148.77,236.86,220.52
353.37,259.59,512.5,341.29
191.39,168.66,301.51,216.26
177.89,93.354,238.28,238.99
166.53,265.28,279.48,307.9
354.08,180.74,512.5,271.67
145.21,243.25,380.36,305.06
203.47,94.775,311.45,138.82
353.37,259.59,512.5,311.45
84.119,112.54,129.59,189.97
62.806,165.82,111.11,210.57
383.91,50.019,512.5,114.67
1,1,468.45,134.56
229.75,139.53,277.35,189.97
395.28,87.671,512.5,196.36
172.92,258.88,412.33,311.45
383.91,50.019,512.5,132.43
1,52.15,197.79,133.14
197.08,26.575,512.5,91.933
1,138.82,59.254,226.91
8.1042,210.57,150.9,270.25
1,148.77,50.019,215.55
391.02,87.671,512.5,223.36
163.69,47.177,408.78,260.3
1,243.25,425.12,341.29
192.81,53.571,326.37,216.26
353.37,72.042,398.83,226.91
228.33,93.354,313.58,189.26
180.03,84.119,321.4,229.04
310.03,47.177,383.91,237.57
47.888,78.435,141.66,251.07
123.19,47.177,316.43,280.19
354.79,210.57,476.98,253.2
217.68,101.88,304.35,165.11
472.01,1,512.5,47.888
222.65,207.02,356.92,262.43
177.89,80.567,320.69,238.99
369,202.05,512.5,242.54
1,74.173,155.87,251.07
192.81,91.933,314.29,214.84
151.61,47.177,228.33,238.99
34.39,100.46,120.35,247.51
57.123,121.06,111.11,238.28
310.74,47.177,404.52,239.7
337.03,243.96,512.5,341.29
124.61,84.119,192.81,263.14
1,117.51,207.02,296.53
75.594,76.304,139.53,127.45
62.806,76.304,138.82,251.07
310.03,60.675,383.91,237.57
322.11,104.72,362.6,162.26
126.74,64.227,321.4,239.7
364.73,197.79,410.91,241.12
73.463,40.783,208.44,113.25
248.94,96.196,305.77,155.87
1,126.74,83.408,248.94
1,237.57,207.02,296.53
203.47,93.354,313.58,210.57
304.35,45.756,377.52,229.04
3.8417,138.82,62.096,198.5
191.39,144.5,258.88,216.26
320.69,90.513,369.71,209.86
1,134.56,103.3,241.12
34.39,73.463,150.19,253.91
3.1313,142.37,50.019,195.65
145.21,258.88,395.28,311.45
364.73,197.79,445.72,241.12
367.57,199.92,512.5,261.72
1,73.463,150.19,253.91
145.21,261.01,344.13,308.61
1,73.463,167.24,264.56
206.31,126.03,288.72,211.99
58.544,117.51,121.77,217.68
57.123,74.173,150.19,251.07
59.965,155.16,116.09,211.28
337.03,259.59,512.5,341.29
133.14,60.675,362.6,261.72
59.965,112.54,118.22,179.31
229.75,123.9,297.24,197.79
394.57,142.37,512.5,182.87
305.77,84.119,364.73,255.33
69.2,112.54,118.22,154.45
393.15,87.671,512.5,203.47
134.56,243.25,221.94,285.17
1,246.09,512.5,341.29
84.119,74.173,155.87,251.07
59.965,165.82,111.11,217.68
205.6,96.906,271.67,139.53
201.34,1,512.5,90.513
322.82,89.092,369.71,205.6
8.8146,218.39,150.9,266.7
364.73,49.308,512.5,242.54
123.19,84.119,192.81,263.14
228.33,99.038,302.93,165.11
126.74,47.177,379.65,261.01
177.89,93.354,236.86,220.52
165.11,265.28,405.94,313.58
322.11,84.119,364.73,165.11
319.27,1,491.9,56.413
194.94,80.567,321.4,194.94
354.79,210.57,448.56,253.2
319.27,15.208,480.53,56.413
1,81.987,123.9,133.14
370.42,45.756,512.5,89.802
57.123,165.82,111.11,221.94
126.74,53.571,381.07,269.54
292.27,45.756,512.5,271.67
229.04,128.88,280.9,185
95.485,250.36,192.1,290.85
267.41,93.354,313.58,210.57
361.18,89.802,421.57,158.71
106.85,219.1,435.06,316.43
361.18,201.34,512.5,244.67
106.85,231.18,382.49,307.9
124.61,47.177,379.65,261.01
333.48,47.177,379.65,87.671
1,74.173,150.19,251.07
1,127.45,64.227,209.86
160.84,47.177,341.29,239.7
98.327,78.435,140.24,248.23
265.28,47.177,379.65,261.01
326.37,216.97,512.5,309.32
1,122.48,81.987,207.73
265.28,112.54,311.45,216.97
125.32,216.97,216.97,263.14
1,237.57,374.68,320.69
386.76,1,492.61,54.992
79.856,189.97,123.19,249.65
381.07,51.44,512.5,106.14
124.61,187.84,167.24,251.07
18.05,123.19,87.671,209.15
81.277,229.04,194.23,270.25
390.31,1,512.5,54.281
59.965,193.52,305.77,290.85
1,142.37,56.413,223.36
207.73,103.3,253.2,152.32
1,126.74,83.408,242.54
217.68,137.4,302.22,198.5
240.41,115.38,284.46,158.71
1,237.57,512.5,341.29
172.92,214.12,512.5,311.45
188.55,207.02,356.92,263.14
1,1,43.625,83.408
317.85,1,512.5,54.992
394.57,87.671,512.5,187.13
392.44,87.671,512.5,211.99
298.66,258.88,395.28,309.32
207.73,170.08,285.88,212.7
75.594,76.304,149.48,266.7
1,210.57,150.9,270.25
312.87,131.72,364.02,258.17
1,138.11,103.3,234.02
176.47,223.36,345.55,280.19
197.08,1,512.5,91.933
196.36,99.038,275.22,207.02
396.7,134.56,512.5,180.03
1,138.11,59.254,223.36
1,128.16,100.46,247.51
91.223,78.435,150.19,243.96
208.44,103.3,258.17,149.48
93.354,197.79,251.78,261.01
30.127,123.19,87.671,172.21
172.92,243.96,512.5,341.29
304.35,45.756,463.48,229.04
316.43,54.281,442.88,229.75
58.544,112.54,118.22,217.68
189.97,224.07,366.86,269.54
1,52.15,197.79,264.56
133.14,45.756,321.4,235.44
396.7,87.671,512.5,165.82
57.123,76.304,139.53,253.2
352.66,51.44,437.2,258.88
353.37,72.042,405.23,226.91
248.94,168.66,301.51,214.12
126.74,84.119,194.23,234.73
1,122.48,81.987,206.31
1,129.59,59.965,225.49
59.965,182.16,342,290.85
234.73,109.69,341.29,239.7
127.45,265.28,376.81,320.69
72.752,72.752,137.4,123.19
126.74,59.965,220.52,257.46
222.65,207.02,356.92,263.14
370.42,40.073,512.5,182.16
125.32,45.756,375.39,263.14
231.18,128.88,285.88,185
1,138.11,59.254,217.68
1,76.304,140.24,256.75
1,40.783,297.95,142.37
300.8,224.07,366.86,269.54
133.14,60.675,300.8,261.72
57.123,76.304,138.82,251.07
217.68,128.88,285.88,185
1,234.73,425.12,341.29
361.18,180.74,512.5,243.25
172.92,182.16,306.48,236.15
172.92,258.88,512.5,311.45
172.92,255.33,512.5,311.45
191.39,99.748,258.88,216.26
126.74,47.177,220.52,257.46
310.74,62.806,360.47,239.7
407.36,261.72,512.5,305.77
1,169.37,85.54,243.96
84.829,78.435,141.66,251.07
1,229.75,160.13,278.77
394.57,130.3,512.5,200.63
327.79,47.177,512.5,262.43
106.85,210.57,197.08,269.54
136.69,254.62,359.05,307.9
117.51,214.84,165.11,260.3
204.89,99.038,302.93,202.76
1,76.304,140.24,253.91
176.47,201.34,512.5,312.16
106.85,204.89,197.08,269.54
145.21,258.88,395.28,309.32
59.965,182.16,352.66,290.85
133.14,53.571,381.07,269.54
69.91,78.435,128.16,128.88
394.57,87.671,512.5,196.36
59.965,112.54,118.22,175.05
324.24,54.281,371.84,149.48
199.21,53.571,326.37,116.09
210.57,115.38,258.88,155.87
176.47,223.36,512.5,312.16
124.61,199.92,167.24,251.07
233.31,91.933,314.29,134.56
361.18,201.34,512.5,295.82
364.73,197.79,512.5,242.54
75.594,76.304,140.24,251.07
202.76,96.906,302.93,212.7
364.73,80.567,437.2,227.62
364.73,88.381,437.2,227.62
229.75,123.9,297.24,199.21
1,129.59,100.46,248.23
1,134.56,65.648,223.36
79.856,189.97,123.19,250.36
332.05,47.177,404.52,156.58
393.15,119.64,512.5,196.36
207.73,53.571,371.84,126.74
1,138.82,59.254,217.68
58.544,106.85,106.14,186.42
1,138.11,59.965,215.55
62.096,100.46,111.11,177.89
361.18,72.042,421.57,167.95
308.61,224.07,366.86,269.54
117.51,47.177,375.39,263.85
229.75,139.53,277.35,185
74.173,40.783,208.44,89.092
229.75,140.24,277.35,185
151.61,96.196,204.18,238.99
79.856,74.173,150.19,251.07
367.57,82.698,442.88,124.61
179.31,48.598,375.39,263.14
204.18,99.038,253.2,140.95
81.277,221.23,194.23,270.25
324.24,255.33,445.01,312.16
458.51,1,512.5,47.888
369,199.92,512.5,244.67
354.79,199.92,512.5,261.72
126.74,101.17,170.08,229.75
1,1,208.44,134.56
202.05,101.17,246.8,202.76
1,167.24,59.254,231.18
206.31,126.03,290.14,207.73
312.87,45.756,371.84,205.6
45.756,127.45,120.35,231.89
364.73,88.381,428.67,221.94
124.61,47.177,375.39,263.14
160.84,64.227,341.29,239.7
319.98,54.281,378.23,169.37
56.413,76.304,138.82,253.2
390.31,1,491.9,54.281
268.83,112.54,311.45,189.26
106.85,204.89,366.86,269.54
399.54,91.933,512.5,158
64.227,76.304,138.82,250.36
379.65,51.44,512.5,106.14
133.14,249.65,187.13,290.85
202.76,96.906,311.45,212.7
75.594,76.304,140.24,253.91
356.92,96.196,408.78,198.5
58.544,121.06,100.46,177.18
352.66,51.44,405.23,258.88
92.644,76.304,138.82,132.43
172.92,214.12,412.33,311.45
84.829,78.435,141.66,222.65
361.18,54.281,421.57,167.95
22.312,127.45,64.227,170.79
72.752,41.494,205.6,96.906
383.91,49.308,512.5,89.802
84.829,74.173,155.87,251.07
1,142.37,50.019,223.36
202.76,91.933,314.29,212.7
75.594,76.304,149.48,256.75
318.56,146.64,363.31,248.94
324.24,255.33,512.5,312.16
364.73,51.44,512.5,242.54
204.18,99.748,253.2,140.95
181.45,184.29,316.43,280.19
390.31,1,512.5,54.992
271.67,93.354,313.58,189.26
353.37,72.042,442.88,226.91
394.57,87.671,512.5,182.87
324.95,92.644,365.44,189.97
234.73,93.354,341.29,239.7
1,134.56,65.648,226.2
30.127,122.48,81.987,206.31
393.15,123.19,512.5,203.47
18.05,99.748,113.25,209.15
203.47,96.196,271.67,138.82
150.19,87.671,201.34,235.44
1,65.648,170.79,134.56
126.74,99.748,168.66,234.73
207.73,53.571,381.07,269.54
177.89,97.617,238.28,238.99
317.14,157.29,362.6,204.89
309.32,200.63,356.92,263.14
298.66,258.88,380.36,299.38
191.39,207.73,316.43,280.19
124.61,81.987,197.08,263.14
30.127,123.19,99.038,203.47
263.14,233.31,316.43,275.22
393.15,139.53,512.5,203.47
201.34,99.038,275.22,207.02
305.77,47.177,379.65,261.01
310.03,45.756,371.84,229.04
310.74,62.806,398.12,239.7
229.04,140.24,277.35,185
143.79,45.756,226.91,235.44
145.21,261.01,319.98,308.61
392.44,87.671,512.5,211.28
166.53,265.28,382.49,307.9
172.92,258.88,512.5,341.29
1,129.59,62.096,231.18
133.14,249.65,382.49,307.9
140.95,60.675,288.72,230.46
163.69,81.277,209.15,162.26
305.77,84.119,364.73,261.01
62.806,112.54,129.59,207.02
371.84,40.073,512.5,180.03
150.19,167.24,201.34,235.44
310.03,155.16,357.63,229.04
1,134.56,85.54,243.96
163.69,182.16,332.05,260.3
48.598,76.304,139.53,255.33
145.93,47.177,228.33,110.4
72.752,41.494,205.6,123.19
265.28,93.354,313.58,224.78
217.68,139.53,282.32,198.5
125.32,60.675,288.72,263.14
5.9729,138.82,62.096,195.65
312.87,207.02,356.92,263.14
81.277,221.94,137.4,266.7
73.463,71.331,120.35,118.93
322.82,90.513,369.71,205.6
332.76,54.281,442.88,229.75
57.123,165.82,111.11,238.28
1,126.74,100.46,253.91
365.44,87.671,512.5,243.25
292.27,45.756,379.65,268.83
181.45,184.29,298.66,224.78
346.26,259.59,512.5,309.32
124.61,59.965,209.86,263.14
131.72,40.783,208.44,113.25
214.12,78.435,362.6,131.72
373.26,180.74,512.5,222.65
207.73,51.44,369.71,155.16
206.31,93.354,313.58,216.26
99.038,253.91,395.28,315
123.19,142.37,170.79,202.05
364.02,81.987,404.52,156.58
217.68,115.38,302.22,198.5
392.44,117.51,512.5,204.89
1,132.43,110.4,251.07
15.919,127.45,64.227,209.86
136.69,254.62,395.28,311.45
379.65,51.44,512.5,196.36
204.18,80.567,320.69,182.16
395.28,148.06,512.5,196.36
292.27,207.02,356.92,261.72
1,131.72,45.756,200.63
361.18,54.281,442.88,167.95
93.354,193.52,305.77,269.54
126.74,210.57,197.08,269.54
116.8,229.04,194.23,270.25
145.93,84.119,192.81,201.34
62.806,112.54,129.59,251.07
98.327,78.435,141.66,222.65
307.19,45.756,371.84,224.78
185,291.56,512.5,341.29
206.31,86.96,320.69,182.16
143.79,60.675,209.15,155.87
126.74,64.227,321.4,234.73
310.03,131.72,364.73,237.57
79.856,112.54,129.59,251.07
1,131.72,45.756,207.73
58.544,176.47,109.69,217.68
371.84,47.177,429.38,94.775
342.71,187.13,405.94,229.75
211.99,47.177,379.65,261.01
369,87.671,512.5,232.6
305.77,84.119,370.42,261.01
1,122.48,110.4,251.07
1,1,59.254,129.59
201.34,34.39,512.5,90.513
312.87,45.756,371.84,120.35
394.57,153.74,512.5,200.63
270.25,48.598,375.39,145.21
75.594,76.304,140.24,248.23
91.223,93.354,139.53,243.96
354.79,210.57,512.5,262.43
126.74,84.119,266.7,234.73
1,78.435,128.16,142.37
79.856,76.304,138.82,251.07
172.92,59.965,220.52,131.01
1,148.77,50.019,217.68
333.48,47.177,379.65,134.56
322.82,110.4,366.86,205.6
353.37,214.84,408.78,273.8
133.14,246.8,398.83,312.16
57.123,76.304,139.53,251.07
141.66,84.119,192.81,201.34
192.81,96.906,266.7,214.84
30.127,125.32,70.621,172.21
327.08,90.513,369.71,205.6
99.038,253.91,395.28,311.45
337.74,146.64,383.91,226.91
305.77,58.544,370.42,261.01
5.2625,138.82,59.254,194.23
1,138.11,59.965,223.36
310.74,47.177,408.78,239.7
56.413,73.463,164.4,256.04
148.77,95.485,192.81,222.65
124.61,48.598,375.39,263.14
214.12,78.435,357.63,131.72
392.44,87.671,512.5,207.73
96.906,93.354,139.53,243.96
201.34,34.39,471.3,89.092
371.84,47.177,512.5,104.01
91.223,78.435,150.19,251.07
255.33,93.354,313.58,216.26
265.28,89.802,334.9,224.78
396.7,96.196,512.5,180.03
386.76,1,512.5,54.992
357.63,187.13,405.94,229.75
266.7,95.485,312.16,216.26
322.11,84.119,364.73,148.77
64.227,245.38,192.1,290.85
361.18,202.05,512.5,244.67
204.89,99.748,285.88,212.7
1,149.48,50.019,214.12
312.16,51.44,371.84,109.69
1,129.59,59.254,198.5
199.92,151.61,245.38,212.7
307.9,199.92,359.76,263.14
34.39,100.46,120.35,253.91
207.73,51.44,334.19,155.16
34.39,203.47,104.01,247.51
194.23,172.21,302.93,216.26
292.27,162.26,356.92,261.72
214.12,78.435,362.6,229.04
353.37,72.042,421.57,226.91
126.74,101.17,178.6,229.75
234.73,190.68,341.29,239.7
228.33,101.88,304.35,165.11
396.7,139.53,512.5,180.03
171.5,169.37,300.8,235.44
206.31,93.354,312.16,214.12
191.39,97.617,235.44,216.26
186.42,182.16,305.77,224.78
145.93,59.965,207.73,110.4
58.544,155.16,116.09,217.68
270.25,48.598,375.39,134.56
145.21,243.25,197.79,285.17
230.46,126.03,302.22,167.24
207.73,53.571,371.84,107.56
371.84,40.073,512.5,104.01
395.28,121.77,512.5,162.97
58.544,121.77,116.09,217.68
124.61,84.119,192.81,251.07
88.381,122.48,139.53,244.67
22.312,78.435,128.16,131.01
217.68,139.53,293.69,198.5
194.94,96.906,266.7,199.21
180.74,182.16,306.48,235.44
300.8,131.72,381.07,269.54
342.71,115.38,425.12,229.75
126.74,143.79,170.08,229.75
312.16,45.756,371.84,109.69
394.57,141.66,512.5,195.65
22.312,127.45,64.227,209.86
383.91,47.177,512.5,89.802
206.31,93.354,313.58,214.12
220.52,139.53,277.35,191.39
214.12,78.435,357.63,120.35
446.43,1,491.9,49.308
327.08,90.513,369.71,204.89
365.44,87.671,512.5,241.12
151.61,148.77,193.52,238.99
206.31,148.77,302.93,214.12
229.75,89.802,319.27,216.26
305.77,157.29,362.6,255.33
4.5521,138.82,59.254,202.05
395.28,91.933,512.5,196.36
363.31,51.44,409.49,144.5
227.62,124.61,302.22,185
312.16,114.67,362.6,224.78
324.24,263.85,445.01,312.16
326.37,259.59,455.67,309.32
217.68,101.88,304.35,163.69
9.525,126.03,64.227,218.39
206.31,101.88,304.35,214.12
1,132.43,89.092,243.96
206.31,126.03,290.14,211.99
214.84,165.11,294.4,211.99
190.68,64.227,321.4,107.56
133.14,60.675,226.91,261.72
5.9729,138.82,62.096,189.97
58.544,133.85,116.09,217.68
148.77,89.092,192.81,222.65
87.671,112.54,129.59,154.45
143.79,108.98,185,155.87
364.02,54.281,442.88,158.71
1,40.783,332.76,134.56
369,87.671,512.5,229.75
393.15,118.22,512.5,203.47
79.856,165.11,123.19,251.07
139.53,60.675,226.91,261.72
124.61,209.15,167.24,251.07
75.594,76.304,139.53,189.26
292.27,45.756,371.84,268.83
194.23,151.61,298.66,216.26
125.32,204.89,172.21,260.3
1,170.79,47.888,215.55
149.48,60.675,235.44,230.46
136.69,243.25,216.97,285.17
312.16,45.756,371.84,204.89
268.83,93.354,313.58,216.26
364.73,197.79,412.33,241.12
186.42,182.16,306.48,235.44
194.23,48.598,375.39,240.41
394.57,141.66,512.5,200.63
78.435,78.435,141.66,251.07
179.31,93.354,236.86,220.52
140.95,47.888,209.15,185.71
194.23,151.61,253.91,216.26
4.5521,138.82,59.254,197.79
180.74,182.16,332.05,238.28
332.05,80.567,379.65,256.75
125.32,204.89,176.47,260.3
192.81,93.354,312.16,214.84
282.32,258.88,412.33,311.45
228.33,101.88,304.35,163.69
187.13,64.227,321.4,107.56
34.39,127.45,120.35,247.51
395.28,90.513,512.5,162.97
1,140.95,50.019,217.68
95.485,247.51,187.13,290.85
150.9,84.119,192.81,142.37
318.56,166.53,361.18,248.94
1,142.37,52.15,223.36
79.856,189.97,131.01,249.65
177.89,148.77,236.86,238.99
393.15,142.37,512.5,203.47
352.66,134.56,405.23,258.88
123.9,142.37,170.79,197.08
48.598,242.54,192.1,290.85
171.5,184.29,300.8,235.44
148.06,47.888,209.15,99.748
372.55,88.381,428.67,170.79
1,1,120.35,131.01
126.74,84.119,204.18,234.73
368.29,246.8,512.5,295.82
93.354,197.79,192.1,261.01
62.096,113.25,105.43,177.89
204.18,48.598,375.39,240.41
30.127,123.19,87.671,203.47
364.02,77.725,404.52,156.58
361.18,72.042,421.57,158.71
298.66,258.88,381.07,307.19
1,71.331,136.69,142.37
75.594,76.304,139.53,153.74
396.7,83.408,512.5,180.03
260.3,167.24,302.93,214.12
88.381,122.48,139.53,256.75
126.74,85.54,182.87,229.75
321.4,263.85,430.09,307.19
138.82,47.888,209.15,221.94
3.8417,155.87,55.702,198.5
321.4,255.33,512.5,312.16
133.14,98.327,180.03,210.57
145.21,261.01,273.8,308.61
364.02,47.177,404.52,156.58
201.34,99.038,295.11,212.7
88.381,122.48,139.53,211.28
317.14,149.48,362.6,204.89
126.74,143.79,167.24,229.75
93.354,193.52,288.72,269.54
363.31,243.25,512.5,295.82
206.31,93.354,313.58,211.99
20.181,147.35,64.938,195.65
177.89,64.227,261.72,220.52
204.18,90.513,320.69,225.49
150.9,84.119,194.23,234.02
392.44,87.671,512.5,207.02
187.13,64.227,321.4,148.06
398.83,117.51,512.5,162.97
163.69,81.277,209.15,178.6
342.71,115.38,408.78,229.75
253.2,51.44,334.19,155.16
229.75,139.53,277.35,197.79
61.385,147.35,116.09,206.31
150.9,84.119,192.81,201.34
88.381,122.48,139.53,182.87
62.806,155.16,116.09,211.28
136.69,243.25,221.94,285.17
160.84,59.965,220.52,257.46
310.03,157.29,362.6,234.73
324.95,54.281,371.84,120.35
1,134.56,89.092,243.96
206.31,136.69,302.93,214.12
268.83,93.354,312.16,155.87
231.18,140.24,277.35,185
318.56,131.72,364.02,248.94
204.89,99.748,288.72,202.76
1,138.11,59.965,217.68
79.856,84.119,133.14,250.36
204.89,99.038,302.93,183.58
75.594,76.304,139.53,256.75
399.54,91.933,512.5,146.64
307.19,89.092,356.92,263.14
311.45,157.29,362.6,224.78
1,132.43,100.46,251.07
1,128.88,100.46,247.51
124.61,85.54,182.87,251.07
199.21,53.571,326.37,147.35
149.48,60.675,197.08,228.33
229.75,139.53,277.35,186.42
393.15,140.95,512.5,196.36
135.27,222.65,197.08,269.54
143.79,87.671,194.23,168.66
364.02,84.829,404.52,156.58
1,140.95,59.965,215.55
5.9729,148.06,62.096,189.97
302.22,207.02,356.92,261.72
357.63,160.13,400.25,229.75
229.75,123.9,302.22,199.21
202.76,96.906,266.7,139.53
371.84,47.177,512.5,94.775
150.9,84.119,194.23,201.34
236.86,126.03,302.22,167.24
1,135.27,65.648,214.12
94.775,254.62,207.02,296.53
126.74,216.97,197.08,269.54
162.26,243.25,216.97,285.17
90.513,76.304,139.53,126.74
149.48,60.675,258.88,230.46
204.18,93.354,313.58,216.26
1,133.85,45.756,207.73
310.03,157.29,359.76,237.57
346.26,259.59,445.01,309.32
61.385,142.37,116.09,206.31
332.76,153.03,400.25,229.75
445.72,1,497.58,49.308
93.354,197.79,251.78,269.54
228.33,101.88,304.35,153.74
66.358,155.16,116.09,211.28
321.4,251.78,430.09,307.19
143.79,84.119,194.23,234.02
195.65,144.5,258.88,215.55
324.95,54.281,366.86,106.14
139.53,87.671,194.23,261.72
223.36,167.95,288.72,211.99
204.18,93.354,313.58,140.95
204.89,99.038,275.93,183.58
311.45,157.29,362.6,221.94
113.96,73.463,162.97,251.07
126.74,101.17,173.63,229.75
206.31,148.77,297.95,211.99
351.24,160.13,398.12,237.57
204.18,97.617,253.2,140.95
249.65,167.24,302.93,214.12
79.856,189.97,123.19,251.07
1,1,43.625,80.567
162.97,81.277,209.15,221.94
367.57,54.281,408.07,103.3
312.16,45.756,371.84,189.97
392.44,162.26,512.5,204.89
398.12,117.51,512.5,166.53
204.89,99.748,298.66,212.7
69.91,71.331,136.69,128.88
5.2625,138.82,59.254,189.97
189.97,85.54,321.4,207.73
229.75,139.53,277.35,191.39
253.2,73.463,329.21,155.16
118.22,73.463,162.97,243.25
1,83.408,120.35,131.01
89.802,76.304,138.82,157.29
93.354,197.79,176.47,260.3
221.94,165.82,295.11,212.7
172.92,59.965,220.52,108.98
210.57,115.38,256.04,155.87
1,142.37,50.019,207.02
30.127,81.987,123.9,131.01
355.5,160.13,398.12,226.91
310.74,62.806,360.47,224.78
1,223.36,126.03,264.56
149.48,60.675,288.72,230.46
126.74,150.9,170.08,229.75
1,165.11,47.888,215.55
1,142.37,50.019,214.12
95.485,248.94,187.13,290.85
342.71,115.38,405.94,229.75
126.74,187.84,170.08,229.75
214.84,172.21,302.93,216.26
93.354,204.89,176.47,260.3
355.5,160.13,398.12,237.57
332.76,157.29,400.25,229.75
346.26,264.56,445.01,309.32
319.98,54.281,371.84,169.37
98.327,78.435,140.24,221.23
364.02,84.829,404.52,150.9
90.513,76.304,139.53,122.48
211.99,99.038,275.93,142.37
310.74,155.16,351.24,224.78
177.89,64.227,261.72,231.18
324.95,54.281,365.44,131.72
95.485,250.36,187.13,290.85
324.95,48.598,375.39,134.56
206.31,148.77,294.4,211.99
62.806,140.95,116.09,211.28
324.24,54.281,365.44,131.72
108.27,73.463,150.19,194.23
163.69,86.25,204.18,162.26
75.594,76.304,139.53,154.45
364.02,84.829,404.52,148.77
160.84,64.227,261.72,232.6
312.16,138.11,354.79,224.78
124.61,81.987,197.08,251.07
148.77,81.987,197.08,222.65
61.385,147.35,116.09,193.52
266.7,112.54,310.03,216.26
140.95,97.617,182.16,185.71
364.02,84.829,404.52,143.08
216.26,101.88,304.35,169.37
369.71,84.829,442.88,158.71
73.463,65.648,170.79,118.93
3.1313,149.48,50.019,189.97
88.381,122.48,139.53,171.5
367.57,54.281,408.07,110.4
312.16,114.67,354.79,224.78
186.42,182.16,332.05,238.28
204.89,99.748,276.64,179.31
1,149.48,50.019,207.02
217.68,101.88,304.35,153.74
324.24,263.85,430.09,307.19
64.227,84.119,133.14,250.36
241.83,102.59,304.35,165.11
356.92,96.196,400.25,198.5
356.21,157.29,400.25,229.75
204.89,99.748,291.56,212.7
452.11,1,512.5,47.888
190.68,64.227,261.72,107.56
208.44,103.3,253.2,149.48
206.31,148.77,270.25,211.99
