1,1,315.67,511.93
73.533,193,299.67,328.47
191.93,6.3333,303.93,115.13
72.467,239.93,298.6,443.67
1,1,220.73,511.93
238.87,122.6,307.13,511.93
73.533,1,315.67,511.93
227.13,5.2667,309.27,511.93
227.13,1,315.67,511.93
251.67,356.2,301.8,458.6
209,322.07,301.8,511.93
172.73,269.8,259.13,319.93
238.87,270.87,306.07,511.93
182.33,1,308.2,152.47
1,1,309.27,511.93
1,1,287.93,511.93
229.27,57.533,301.8,118.33
159.93,1,315.67,511.93
165.27,1,308.2,511.93
73.533,239.93,298.6,316.73
73.533,1,308.2,511.93
73.533,239.93,307.13,511.93
168.47,1,308.2,511.93
227.13,324.2,302.87,511.93
165.27,1,278.33,255.93
255.93,435.13,301.8,503.4
159.93,1,307.13,117.27
1,1,252.73,511.93
159.93,1,298.6,117.27
1,1,313.53,511.93
159.93,6.3333,303.93,126.87
1,1,281.53,511.93
73.533,239.93,298.6,328.47
210.07,327.4,255.93,511.93
209,322.07,307.13,511.93
175.93,1,306.07,324.2
120.47,239.93,302.87,326.33
170.6,193,299.67,252.73
196.2,270.87,259.13,321
110.87,254.87,298.6,356.2
72.467,1,313.53,511.93
237.8,5.2667,300.73,168.47
159.93,6.3333,308.2,126.87
73.533,127.93,306.07,421.27
232.47,326.33,290.07,443.67
238.87,1,313.53,511.93
165.27,1,315.67,511.93
175.93,127.93,306.07,324.2
229.27,1,306.07,106.6
227.13,127.93,307.13,441.53
227.13,5.2667,307.13,441.53
219.67,1,308.2,131.13
238.87,183.4,308.2,511.93
258.07,127.93,306.07,252.73
73.533,1,309.27,511.93
165.27,1,308.2,319.93
246.33,441.53,302.87,511.93
238.87,275.13,307.13,511.93
182.33,1,315.67,511.93
168.47,1,292.2,254.87
227.13,5.2667,307.13,511.93
264.47,127.93,306.07,171.67
238.87,126.87,308.2,511.93
73.533,247.4,287.93,327.4
72.467,1,315.67,511.93
172.73,269.8,214.33,314.6
229.27,44.733,306.07,106.6
186.6,269.8,259.13,319.93
215.4,54.333,308.2,152.47
253.8,375.4,297.53,427.67
252.73,369,297.53,426.6
264.47,127.93,306.07,191.93
252.73,19.133,299.67,95.933
182.33,1,308.2,250.6
204.73,1,306.07,391.4
251.67,117.27,306.07,270.87
238.87,423.4,306.07,511.93
159.93,1,303.93,259.13
238.87,1,315.67,511.93
209,323.13,296.47,511.93
209,1,315.67,511.93
252.73,1,302.87,95.933
245.27,97,306.07,195.13
253.8,356.2,301.8,427.67
73.533,218.6,299.67,324.2
255.93,372.2,297.53,425.53
255.93,429.8,306.07,511.93
238.87,213.27,308.2,511.93
209,323.13,297.53,511.93
161,251.67,287.93,306.07
159.93,1,309.27,511.93
159.93,1,313.53,252.73
172.73,269.8,259.13,321
252.73,41.533,299.67,82.067
73.533,218.6,281.53,298.6
238.87,343.4,307.13,511.93
237.8,5.2667,305,325.27
74.6,239.93,259.13,319.93
159.93,1,313.53,511.93
202.6,270.87,259.13,319.93
120.47,239.93,307.13,511.93
262.33,232.47,302.87,319.93
110.87,239.93,298.6,356.2
73.533,254.87,298.6,328.47
159.93,1,313.53,138.6
253.8,153.53,295.4,194.07
191.93,6.3333,303.93,124.73
165.27,1,308.2,291.13
260.2,127.93,306.07,421.27
227.13,324.2,307.13,511.93
175.93,1,308.2,511.93
219.67,1,284.73,56.467
232.47,326.33,297.53,443.67
172.73,1,306.07,391.4
218.6,1,280.47,65
215.4,1,284.73,250.6
165.27,1,281.53,255.93
215.4,1,308.2,152.47
257,126.87,307.13,437.27
248.47,1,302.87,152.47
264.47,127.93,306.07,210.07
264.47,127.93,306.07,234.6
209,323.13,279.4,511.93
253.8,382.87,297.53,427.67
227.13,324.2,307.13,441.53
170.6,254.87,298.6,314.6
232.47,5.2667,305,325.27
175.93,232.47,302.87,324.2
253.8,127.93,303.93,197.27
110.87,251.67,287.93,316.73
251.67,356.2,308.2,511.93
219.67,60.733,308.2,131.13
163.13,254.87,298.6,314.6
260.2,183.4,306.07,421.27
238.87,374.33,307.13,511.93
216.47,61.8,281.53,252.73
204.73,44.733,306.07,335.93
255.93,421.27,307.13,511.93
73.533,239.93,278.33,298.6
73.533,243.13,298.6,328.47
159.93,1,303.93,253.8
209,213.27,308.2,511.93
110.87,261.27,296.47,356.2
72.467,239.93,298.6,356.2
238.87,421.27,307.13,511.93
196.2,269.8,246.33,319.93
227.13,324.2,302.87,441.53
75.667,239.93,298.6,316.73
168.47,254.87,299.67,324.2
196.2,270.87,259.13,319.93
108.73,239.93,259.13,319.93
191.93,6.3333,303.93,70.333
209,322.07,296.47,447.93
238.87,356.2,308.2,511.93
219.67,1,308.2,270.87
237.8,54.333,299.67,126.87
257,5.2667,298.6,56.467
238.87,410.6,307.13,511.93
244.2,431.93,307.13,511.93
165.27,1,306.07,391.4
191.93,6.3333,303.93,95.933
209,322.07,301.8,458.6
252.73,1,299.67,95.933
252.73,122.6,307.13,312.47
215.4,1,284.73,105.53
172.73,269.8,246.33,319.93
72.467,248.47,162.07,289
251.67,117.27,306.07,252.73
248.47,1,302.87,124.73
110.87,251.67,299.67,324.2
172.73,269.8,255.93,319.93
236.73,327.4,296.47,423.4
184.47,269.8,259.13,319.93
156.73,239.93,259.13,319.93
244.2,429.8,307.13,511.93
72.467,248.47,298.6,443.67
165.27,1,287.93,291.13
75.667,251.67,287.93,316.73
173.8,269.8,259.13,319.93
165.27,198.33,287.93,291.13
193,270.87,259.13,319.93
216.47,270.87,259.13,319.93
229.27,44.733,299.67,91.667
196.2,270.87,241,317.8
229.27,57.533,308.2,152.47
72.467,248.47,296.47,356.2
260.2,190.87,303.93,270.87
251.67,127.93,306.07,252.73
244.2,441.53,297.53,511.93
229.27,44.733,306.07,270.87
229.27,44.733,302.87,91.667
260.2,205.8,302.87,270.87
238.87,374.33,286.87,433
73.533,247.4,162.07,309.27
75.667,251.67,298.6,316.73
75.667,255.93,207.93,316.73
204.73,239.93,302.87,326.33
159.93,6.3333,303.93,139.67
264.47,127.93,306.07,194.07
253.8,127.93,303.93,325.27
227.13,324.2,302.87,463.93
236.73,326.33,296.47,423.4
260.2,127.93,303.93,325.27
252.73,122.6,303.93,218.6
182.33,1,298.6,117.27
252.73,122.6,303.93,253.8
238.87,424.47,290.07,465
237.8,5.2667,299.67,126.87
161,251.67,287.93,302.87
211.13,1,313.53,138.6
159.93,1,303.93,250.6
253.8,110.87,305,325.27
72.467,248.47,298.6,356.2
251.67,392.47,301.8,439.4
250.6,82.067,299.67,124.73
122.6,267.67,296.47,356.2
165.27,1,284.73,255.93
215.4,271.93,259.13,318.87
252.73,143.93,303.93,218.6
170.6,254.87,298.6,306.07
191.93,6.3333,303.93,126.87
182.33,59.667,280.47,117.27
235.67,430.87,297.53,511.93
191.93,6.3333,303.93,139.67
254.87,362.6,300.73,427.67
204.73,44.733,306.07,391.4
216.47,61.8,281.53,250.6
258.07,170.6,301.8,245.27
264.47,127.93,306.07,216.47
258.07,127.93,306.07,245.27
159.93,1,303.93,139.67
248.47,375.4,297.53,427.67
211.13,1,296.47,61.8
105.53,251.67,287.93,316.73
75.667,255.93,166.33,298.6
218.6,1,280.47,60.733
237.8,5.2667,300.73,126.87
109.8,261.27,154.6,309.27
215.4,54.333,279.4,105.53
216.47,103.4,281.53,250.6
175.93,1,281.53,250.6
159.93,6.3333,303.93,124.73
260.2,127.93,305,325.27
209,322.07,296.47,435.13
210.07,1,298.6,65
260.2,203.67,303.93,270.87
229.27,44.733,306.07,195.13
249.53,115.13,299.67,168.47
175.93,260.2,299.67,324.2
251.67,356.2,301.8,439.4
73.533,252.73,166.33,298.6
73.533,255.93,297.53,328.47
171.67,58.6,298.6,252.73
175.93,1,278.33,77.8
257,132.2,303.93,197.27
249.53,78.867,308.2,131.13
156.73,259.13,259.13,319.93
209,322.07,297.53,511.93
175.93,273,297.53,324.2
120.47,259.13,207.93,316.73
238.87,270.87,306.07,442.6
246.33,78.867,299.67,126.87
229.27,57.533,279.4,105.53
1,1,290.07,511.93
250.6,82.067,299.67,126.87
238.87,393.53,296.47,442.6
201.53,66.067,281.53,250.6
117.27,239.93,182.33,301.8
110.87,260.2,207.93,316.73
171.67,254.87,298.6,306.07
252.73,41.533,299.67,95.933
251.67,163.13,305,270.87
175.93,1,236.73,249.53
251.67,392.47,301.8,458.6
260.2,270.87,306.07,439.4
237.8,5.2667,298.6,77.8
237.8,5.2667,300.73,95.933
73.533,249.53,154.6,309.27
264.47,138.6,306.07,191.93
252.73,122.6,303.93,246.33
182.33,1,284.73,59.667
252.73,104.47,308.2,152.47
234.6,326.33,290.07,425.53
222.87,61.8,308.2,131.13
246.33,441.53,297.53,511.93
73.533,247.4,207.93,327.4
218.6,1,278.33,60.733
173.8,269.8,214.33,314.6
245.27,92.733,306.07,195.13
216.47,1,281.53,252.73
238.87,354.07,308.2,511.93
216.47,67.133,281.53,250.6
263.4,127.93,306.07,195.13
73.533,249.53,158.87,309.27
196.2,269.8,246.33,318.87
258.07,191.93,301.8,245.27
165.27,198.33,278.33,267.67
230.33,63.933,299.67,115.13
244.2,444.73,293.27,511.93
255.93,440.47,296.47,489.53
204.73,213.27,303.93,335.93
204.73,232.47,302.87,326.33
204.73,232.47,303.93,335.93
165.27,198.33,278.33,252.73
262.33,239.93,302.87,322.07
220.73,1,296.47,61.8
257,132.2,307.13,312.47
232.47,327.4,297.53,443.67
257,143.93,303.93,197.27
257,132.2,307.13,437.27
232.47,327.4,296.47,443.67
238.87,429.8,296.47,511.93
220.73,1,296.47,60.733
252.73,143.93,303.93,197.27
209,327.4,255.93,511.93
234.6,326.33,290.07,379.67
222.87,61.8,279.4,109.8
175.93,1,219.67,77.8
232.47,327.4,297.53,511.93
204.73,279.4,298.6,326.33
250.6,63.933,299.67,108.73
252.73,6.3333,303.93,61.8
175.93,1,219.67,62.867
109.8,261.27,159.93,309.27
232.47,380.73,281.53,443.67
175.93,1,278.33,62.867
105.53,255.93,207.93,316.73
211.13,1,296.47,60.733
236.73,327.4,296.47,422.33
120.47,269.8,207.93,316.73
255.93,44.733,299.67,91.667
190.87,58.6,298.6,250.6
209,323.13,279.4,367.93
