1,1,383.93,511.93
46.867,1,383.93,511.93
120.47,108.73,378.6,440.47
271.93,322.07,383.93,456.47
1,1,292.2,330.6
174.87,1,383.93,511.93
305,153.53,351.93,263.4
1,1,298.6,511.93
85.267,106.6,379.67,344.47
46.867,102.33,378.6,474.6
193,1,305,339.13
186.6,147.13,383.93,511.93
1,1,299.67,511.93
301.8,109.8,379.67,318.87
301.8,106.6,379.67,278.33
225,462.87,383.93,511.93
173.8,196.2,298.6,354.07
120.47,1,383.93,511.93
324.2,118.33,383.93,405.27
264.47,1,383.93,356.2
37.267,1,383.93,511.93
299.67,140.73,351.93,271.93
168.47,1,383.93,511.93
257,1,383.93,148.2
1,1,293.27,511.93
127.93,203.67,187.67,311.4
188.73,1,383.93,511.93
1,1,282.6,511.93
198.33,1,303.93,196.2
85.267,242.07,174.87,310.33
294.33,147.13,345.53,345.53
285.8,389.27,383.93,476.73
37.267,169.53,281.53,348.73
127.93,196.2,222.87,325.27
231.4,276.2,347.67,474.6
31.933,1,383.93,350.87
259.13,1,311.4,91.667
37.267,1,298.6,511.93
1,1,263.4,255.93
1,1,284.73,511.93
188.73,167.4,286.87,301.8
1,1,290.07,511.93
174.87,318.87,383.93,511.93
85.267,196.2,222.87,326.33
230.33,166.33,291.13,298.6
271.93,322.07,347.67,453.27
67.133,166.33,285.8,268.73
142.87,167.4,286.87,330.6
281.53,147.13,383.93,474.6
31.933,1,383.93,511.93
295.4,134.33,348.73,279.4
303.93,334.87,383.93,429.8
166.33,1,383.93,338.07
46.867,1,378.6,440.47
303.93,341.27,344.47,435.13
266.6,102.33,376.47,474.6
281.53,147.13,349.8,440.47
92.733,258.07,383.93,511.93
193,1,383.93,511.93
1,1,292.2,511.93
262.33,21.267,309.27,110.87
298.6,110.87,377.53,329.53
301.8,118.33,383.93,405.27
143.93,106.6,299.67,338.07
44.733,106.6,383.93,511.93
217.53,127.93,294.33,338.07
44.733,1,383.93,511.93
259.13,1,383.93,474.6
285.8,334.87,383.93,476.73
1,168.47,299.67,511.93
1,168.47,226.07,372.2
217.53,106.6,383.93,338.07
271.93,333.8,347.67,474.6
61.8,184.47,237.8,341.27
120.47,255.93,312.47,351.93
287.93,98.067,383.93,474.6
295.4,337,383.93,474.6
261.27,1,383.93,148.2
300.73,108.73,376.47,321
264.47,7.4,347.67,121.53
180.2,1,298.6,202.6
303.93,270.87,351.93,323.13
259.13,1,383.93,356.2
193,1,383.93,344.47
290.07,115.13,350.87,332.73
174.87,318.87,292.2,473.53
37.267,254.87,292.2,511.93
295.4,307.13,383.93,474.6
37.267,254.87,178.07,321
230.33,106.6,379.67,355.13
92.733,258.07,347.67,456.47
280.47,134.33,350.87,285.8
120.47,205.8,181.27,246.33
85.267,196.2,298.6,354.07
264.47,1,383.93,121.53
43.667,183.4,269.8,264.47
193,121.53,287.93,196.2
275.13,322.07,347.67,453.27
271.93,322.07,383.93,453.27
285.8,328.47,383.93,476.73
46.867,1,303.93,338.07
264.47,1,383.93,294.33
168.47,337,383.93,511.93
188.73,330.6,383.93,511.93
43.667,183.4,269.8,265.53
298.6,110.87,378.6,329.53
46.867,106.6,299.67,338.07
193,348.73,383.93,492.73
188.73,1,292.2,330.6
332.73,348.73,383.93,429.8
193,348.73,383.93,511.93
290.07,110.87,383.93,334.87
306.07,183.4,350.87,234.6
299.67,108.73,376.47,332.73
275.13,322.07,347.67,456.47
120.47,255.93,383.93,383.93
46.867,212.2,162.07,275.13
127.93,106.6,383.93,339.13
266.6,102.33,378.6,474.6
225,337,383.93,511.93
120.47,255.93,293.27,383.93
143.93,185.53,281.53,338.07
217.53,1,383.93,338.07
37.267,183.4,298.6,354.07
273,1,383.93,79.933
177,342.33,383.93,511.93
124.73,268.73,234.6,341.27
334.87,137.53,383.93,334.87
221.8,298.6,306.07,351.93
230.33,298.6,349.8,366.87
124.73,255.93,178.07,312.47
173.8,225,284.73,345.53
120.47,108.73,349.8,440.47
177,334.87,383.93,511.93
71.4,191.93,191.93,254.87
230.33,211.13,298.6,355.13
301.8,323.13,346.6,366.87
120.47,255.93,383.93,511.93
292.2,106.6,383.93,344.47
216.47,1,383.93,474.6
37.267,196.2,298.6,354.07
298.6,246.33,353,328.47
216.47,121.53,287.93,191.93
298.6,110.87,383.93,334.87
43.667,1,298.6,264.47
299.67,278.33,353,332.73
287.93,323.13,349.8,366.87
44.733,106.6,379.67,344.47
298.6,273,347.67,444.73
231.4,166.33,291.13,231.4
263.4,1,383.93,108.73
31.933,188.73,273,350.87
303.93,340.2,347.67,391.4
303.93,161,351.93,242.07
188.73,1,292.2,301.8
262.33,1,383.93,163.13
61.8,226.07,186.6,311.4
230.33,211.13,292.2,355.13
46.867,106.6,383.93,341.27
295.4,107.67,351.93,284.73
193,276.2,383.93,511.93
303.93,147.13,350.87,267.67
179.13,181.27,228.2,223.93
299.67,146.07,350.87,271.93
230.33,263.4,270.87,335.93
230.33,204.73,281.53,330.6
262.33,1,383.93,136.47
255.93,1,305,276.2
300.73,11.667,348.73,73.533
233.53,179.13,294.33,323.13
46.867,167.4,286.87,331.67
305,365.8,360.47,474.6
295.4,168.47,346.6,284.73
287.93,334.87,383.93,474.6
287.93,337,383.93,475.67
235.67,271.93,349.8,366.87
292.2,115.13,347.67,444.73
298.6,105.53,383.93,148.2
230.33,168.47,287.93,271.93
61.8,226.07,175.93,292.2
252.73,373.27,298.6,476.73
311.4,134.33,376.47,278.33
188.73,337,383.93,511.93
1,1,292.2,340.2
230.33,225,284.73,345.53
1,269.8,282.6,511.93
46.867,166.33,285.8,275.13
217.53,106.6,299.67,338.07
294.33,20.2,355.13,104.47
31.933,255.93,273,350.87
264.47,1,383.93,344.47
174.87,318.87,292.2,415.93
177,342.33,307.13,485.27
216.47,1,383.93,355.13
120.47,255.93,306.07,351.93
1,408.47,63.933,472.47
283.67,63.933,355.13,104.47
303.93,341.27,344.47,391.4
261.27,1,383.93,108.73
334.87,424.47,383.93,473.53
325.27,105.53,383.93,233.53
222.87,184.47,283.67,339.13
234.6,106.6,305,329.53
166.33,1,303.93,213.27
188.73,467.13,383.93,511.93
120.47,255.93,222.87,326.33
301.8,109.8,383.93,318.87
303.93,334.87,383.93,473.53
309.27,143.93,379.67,278.33
261.27,1,383.93,136.47
261.27,1,383.93,476.73
1,269.8,299.67,511.93
124.73,261.27,284.73,345.53
49,72.467,289,260.2
166.33,283.67,227.13,331.67
287.93,140.73,383.93,474.6
295.4,109.8,379.67,281.53
193,1,298.6,196.2
291.13,371.13,337,456.47
263.4,1,383.93,330.6
287.93,6.3333,383.93,104.47
252.73,348.73,307.13,476.73
49,1,292.2,260.2
124.73,258.07,284.73,345.53
124.73,261.27,268.73,340.2
46.867,106.6,383.93,511.93
177,465,383.93,511.93
1,1,263.4,340.2
120.47,232.47,291.13,350.87
124.73,268.73,174.87,310.33
300.73,11.667,355.13,60.733
301.8,1,383.93,41.533
65,167.4,286.87,331.67
141.8,166.33,285.8,268.73
231.4,295.4,273,339.13
120.47,255.93,217.53,326.33
120.47,195.13,199.4,246.33
271.93,13.8,355.13,108.73
287.93,265.53,383.93,474.6
225,433,383.93,498.07
230.33,271.93,383.93,366.87
298.6,277.27,353,328.47
281.53,109.8,379.67,345.53
193,337,383.93,511.93
134.33,322.07,299.67,511.93
60.733,169.53,281.53,258.07
262.33,5.2667,383.93,110.87
230.33,106.6,350.87,355.13
60.733,191.93,199.4,258.07
262.33,5.2667,383.93,136.47
299.67,33,383.93,79.933
302.87,110.87,377.53,329.53
255.93,1,298.6,126.87
325.27,105.53,383.93,330.6
230.33,168.47,287.93,257
235.67,298.6,349.8,366.87
305,389.27,360.47,474.6
230.33,127.93,294.33,330.6
235.67,166.33,291.13,213.27
225,433,383.93,511.93
222.87,109.8,298.6,339.13
222.87,106.6,379.67,344.47
328.47,412.73,383.93,473.53
230.33,127.93,294.33,331.67
92.733,273,293.27,473.53
283.67,5.2667,383.93,79.933
262.33,39.4,359.4,124.73
295.4,390.33,383.93,474.6
225,433,383.93,486.33
261.27,1,383.93,330.6
230.33,298.6,383.93,366.87
271.93,118.33,383.93,474.6
307.13,143.93,379.67,278.33
46.867,184.47,237.8,341.27
295.4,109.8,374.33,270.87
60.733,195.13,199.4,258.07
143.93,184.47,281.53,338.07
262.33,1,311.4,53.267
263.4,1,383.93,135.4
65,167.4,286.87,330.6
305,150.33,351.93,263.4
334.87,424.47,383.93,474.6
230.33,184.47,281.53,330.6
223.93,184.47,284.73,301.8
303.93,334.87,383.93,391.4
46.867,188.73,227.13,313.53
292.2,106.6,379.67,344.47
300.73,11.667,379.67,66.067
60.733,1,298.6,258.07
314.6,389.27,360.47,455.4
262.33,1,383.93,138.6
259.13,1,383.93,124.73
303.93,334.87,383.93,389.27
46.867,232.47,234.6,341.27
124.73,184.47,237.8,341.27
282.6,98.067,383.93,474.6
174.87,318.87,292.2,511.93
127.93,226.07,168.47,269.8
294.33,147.13,349.8,345.53
309.27,143.93,379.67,281.53
1,168.47,205.8,372.2
318.87,111.93,383.93,187.67
271.93,7.4,383.93,108.73
273,5.2667,315.67,45.8
124.73,261.27,174.87,310.33
217.53,185.53,281.53,338.07
234.6,166.33,291.13,213.27
298.6,282.6,349.8,325.27
235.67,298.6,295.4,350.87
307.13,68.2,383.93,135.4
259.13,1,383.93,337
88.467,232.47,234.6,341.27
119.4,281.53,199.4,327.4
198.33,350.87,292.2,474.6
305,7.4,383.93,79.933
228.2,298.6,306.07,351.93
325.27,105.53,383.93,221.8
216.47,1,383.93,191.93
173.8,297.53,234.6,341.27
238.87,109.8,298.6,329.53
129,198.33,221.8,318.87
324.2,307.13,383.93,429.8
263.4,39.4,367.93,108.73
129,198.33,226.07,318.87
193,121.53,294.33,339.13
285.8,365.8,383.93,476.73
37.267,184.47,279.4,348.73
300.73,73.533,383.93,323.13
332.73,334.87,375.4,403.13
300.73,108.73,354.07,159.93
303.93,339.13,346.6,435.13
230.33,108.73,349.8,440.47
297.53,337,383.93,441.53
233.53,210.07,294.33,323.13
139.67,249.53,225,326.33
313.53,154.6,374.33,202.6
235.67,271.93,349.8,440.47
193,57.533,296.47,196.2
185.53,283.67,227.13,331.67
69.267,212.2,162.07,275.13
287.93,361.53,359.4,474.6
124.73,258.07,292.2,354.07
186.6,270.87,383.93,511.93
120.47,249.53,291.13,350.87
262.33,11.667,383.93,110.87
303.93,203.67,350.87,247.4
294.33,43.667,355.13,114.07
1,395.67,63.933,472.47
303.93,147.13,349.8,267.67
230.33,271.93,349.8,440.47
301.8,339.13,346.6,440.47
259.13,1,383.93,108.73
230.33,225,273,339.13
172.73,196.2,222.87,325.27
92.733,258.07,298.6,354.07
230.33,211.13,270.87,335.93
287.93,115.13,348.73,444.73
37.267,255.93,279.4,348.73
236.73,170.6,285.8,213.27
281.53,277.27,372.2,345.53
294.33,7.4,383.93,104.47
303.93,134.33,350.87,267.67
306.07,161,351.93,234.6
261.27,1,383.93,85.267
65,226.07,172.73,277.27
292.2,115.13,348.73,444.73
124.73,255.93,222.87,326.33
231.4,168.47,287.93,245.27
318.87,111.93,383.93,356.2
262.33,21.267,383.93,118.33
334.87,243.13,383.93,334.87
230.33,210.07,283.67,323.13
124.73,258.07,298.6,354.07
46.867,191.93,190.87,275.13
333.8,180.2,383.93,334.87
188.73,334.87,383.93,511.93
127.93,196.2,222.87,326.33
262.33,6.3333,359.4,133.27
193,467.13,383.93,511.93
177,322.07,292.2,415.93
274.07,6.3333,357.27,76.733
129,198.33,220.73,318.87
299.67,117.27,344.47,271.93
298.6,203.67,344.47,276.2
177,417,292.2,511.93
300.73,7.4,383.93,79.933
173.8,196.2,284.73,345.53
321,29.8,383.93,79.933
337,71.4,383.93,294.33
1,269.8,293.27,511.93
37.267,255.93,292.2,511.93
302.87,305,383.93,346.6
231.4,276.2,298.6,350.87
333.8,180.2,383.93,356.2
175.93,259.13,217.53,326.33
173.8,284.73,268.73,340.2
179.13,169.53,281.53,223.93
163.13,198.33,212.2,308.2
143.93,188.73,227.13,313.53
92.733,273,293.27,511.93
287.93,371.13,359.4,474.6
49,191.93,197.27,260.2
339.13,337,383.93,436.2
287.93,334.87,382.87,474.6
303.93,184.47,345.53,242.07
193,270.87,383.93,511.93
295.4,168.47,344.47,284.73
124.73,255.93,217.53,326.33
287.93,333.8,347.67,474.6
198.33,322.07,293.27,473.53
298.6,140.73,351.93,276.2
180.2,121.53,287.93,202.6
262.33,13.8,383.93,136.47
233.53,324.2,292.2,415.93
303.93,334.87,383.93,435.13
120.47,255.93,227.13,331.67
262.33,1,383.93,124.73
129,198.33,212.2,308.2
292.2,333.8,347.67,451.13
184.47,188.73,227.13,313.53
263.4,39.4,364.73,108.73
142.87,184.47,269.8,330.6
286.87,322.07,347.67,453.27
1,168.47,83.133,340.2
285.8,108.73,376.47,332.73
303.93,340.2,355.13,383.93
213.27,179.13,294.33,339.13
303.93,161,351.93,216.47
127.93,258.07,170.6,299.67
266.6,102.33,376.47,332.73
234.6,168.47,287.93,214.33
233.53,210.07,283.67,323.13
297.53,344.47,360.47,441.53
303.93,134.33,351.93,267.67
332.73,334.87,382.87,428.73
55.4,254.87,178.07,321
292.2,106.6,383.93,318.87
312.47,187.67,370.07,278.33
327.4,418.07,383.93,474.6
177,342.33,292.2,511.93
337,71.4,383.93,138.6
235.67,298.6,312.47,366.87
299.67,265.53,383.93,346.6
82.067,226.07,175.93,292.2
332.73,334.87,383.93,429.8
292.2,277.27,383.93,344.47
262.33,13.8,383.93,118.33
166.33,166.33,285.8,210.07
143.93,188.73,227.13,298.6
233.53,298.6,306.07,351.93
141.8,196.2,222.87,325.27
166.33,166.33,285.8,213.27
168.47,402.07,292.2,511.93
296.47,334.87,383.93,474.6
177,342.33,292.2,485.27
127.93,226.07,175.93,292.2
301.8,109.8,379.67,281.53
230.33,106.6,305,355.13
300.73,108.73,376.47,233.53
303.93,341.27,383.93,429.8
324.2,183.4,383.93,405.27
124.73,261.27,273,340.2
301.8,340.2,347.67,444.73
177,465,292.2,511.93
332.73,154.6,374.33,202.6
177,259.13,217.53,326.33
274.07,1,383.93,76.733
264.47,1,347.67,121.53
296.47,334.87,383.93,473.53
166.33,285.8,222.87,326.33
166.33,97,289,213.27
310.33,1,383.93,46.867
324.2,337,383.93,427.67
124.73,255.93,170.6,311.4
120.47,268.73,293.27,383.93
303.93,334.87,375.4,383.93
217.53,185.53,264.47,338.07
216.47,1,287.93,191.93
227.13,1,292.2,187.67
337,418.07,383.93,474.6
331.67,380.73,383.93,473.53
264.47,1,383.93,138.6
279.4,1,383.93,46.867
127.93,166.33,291.13,339.13
295.4,134.33,350.87,279.4
311.4,134.33,376.47,202.6
37.267,255.93,181.27,327.4
231.4,186.6,274.07,245.27
303.93,270.87,353,323.13
168.47,322.07,292.2,511.93
124.73,268.73,181.27,316.73
31.933,191.93,205.8,372.2
134.33,455.4,292.2,511.93
300.73,7.4,383.93,74.6
109.8,249.53,234.6,341.27
255.93,1,298.6,56.467
271.93,1,383.93,108.73
166.33,285.8,217.53,326.33
231.4,204.73,281.53,330.6
198.33,322.07,299.67,474.6
333.8,293.27,383.93,334.87
321,29.8,383.93,74.6
339.13,337,383.93,429.8
109.8,232.47,234.6,341.27
170.6,314.6,293.27,383.93
216.47,146.07,280.47,191.93
119.4,281.53,205.8,372.2
262.33,21.267,355.13,114.07
287.93,433,383.93,475.67
294.33,63.933,383.93,118.33
300.73,270.87,353,323.13
127.93,184.47,237.8,339.13
331.67,386.07,383.93,473.53
230.33,248.47,273,339.13
303.93,203.67,344.47,247.4
307.13,143.93,379.67,281.53
127.93,109.8,298.6,339.13
300.73,11.667,383.93,74.6
124.73,255.93,187.67,321
303.93,340.2,347.67,444.73
227.13,72.467,289,187.67
334.87,183.4,383.93,334.87
255.93,57.533,296.47,126.87
299.67,265.53,343.4,332.73
198.33,97,289,196.2
120.47,212.2,162.07,262.33
1,168.47,83.133,294.33
120.47,249.53,225,326.33
337,431.93,383.93,474.6
231.4,276.2,273,339.13
300.73,270.87,376.47,323.13
124.73,196.2,234.6,341.27
294.33,63.933,383.93,136.47
302.87,305,371.13,346.6
142.87,184.47,230.33,308.2
67.133,191.93,190.87,268.73
1,168.47,113,340.2
273,1,383.93,85.267
339.13,431.93,383.93,474.6
300.73,246.33,376.47,323.13
300.73,73.533,383.93,159.93
148.2,310.33,205.8,372.2
303.93,282.6,353,323.13
297.53,346.6,340.2,441.53
262.33,11.667,348.73,110.87
221.8,298.6,291.13,350.87
43.667,210.07,171.67,264.47
231.4,167.4,286.87,211.13
235.67,167.4,286.87,214.33
294.33,337,383.93,479.93
303.93,147.13,346.6,267.67
281.53,147.13,349.8,345.53
303.93,282.6,349.8,323.13
298.6,277.27,372.2,325.27
278.33,20.2,355.13,104.47
295.4,389.27,383.93,474.6
305,1,383.93,41.533
255.93,1,303.93,117.27
299.67,33,345.53,73.533
199.4,417,290.07,473.53
292.2,277.27,379.67,344.47
228.2,298.6,291.13,350.87
226.07,206.87,284.73,301.8
337,431.93,383.93,473.53
262.33,6.3333,383.93,138.6
168.47,350.87,292.2,511.93
31.933,191.93,197.27,287.93
313.53,187.67,370.07,278.33
143.93,203.67,188.73,298.6
311.4,134.33,376.47,184.47
129,249.53,175.93,292.2
127.93,249.53,175.93,292.2
120.47,268.73,178.07,313.53
300.73,92.733,359.4,159.93
262.33,39.4,359.4,133.27
294.33,51.133,345.53,100.2
124.73,249.53,234.6,341.27
31.933,242.07,129,287.93
233.53,298.6,291.13,350.87
305,7.4,383.93,92.733
142.87,184.47,284.73,330.6
31.933,255.93,187.67,329.53
220.73,318.87,293.27,383.93
161,455.4,292.2,511.93
193,72.467,289,197.27
310.33,219.67,376.47,321
124.73,268.73,178.07,311.4
302.87,117.27,349.8,159.93
238.87,106.6,305,329.53
188.73,167.4,286.87,289
241,1,292.2,72.467
1,168.47,63.933,340.2
137.53,203.67,188.73,286.87
67.133,191.93,190.87,257
198.33,402.07,289,474.6
231.4,167.4,286.87,245.27
324.2,337,383.93,429.8
241,1,292.2,91.667
139.67,249.53,186.6,311.4
92.733,273,205.8,372.2
300.73,134.33,376.47,323.13
294.33,63.933,355.13,114.07
188.73,184.47,230.33,289
155.67,297.53,234.6,341.27
274.07,6.3333,326.33,76.733
120.47,255.93,178.07,313.53
307.13,68.2,383.93,120.47
120.47,255.93,170.6,311.4
67.133,191.93,197.27,267.67
298.6,277.27,349.8,325.27
305,24.467,383.93,73.533
324.2,334.87,383.93,429.8
102.33,226.07,172.73,277.27
312.47,154.6,374.33,202.6
137.53,198.33,212.2,308.2
263.4,46.867,355.13,108.73
166.33,283.67,225,326.33
238.87,213.27,283.67,329.53
309.27,219.67,376.47,321
262.33,20.2,359.4,124.73
287.93,371.13,350.87,474.6
223.93,184.47,269.8,330.6
303.93,161,351.93,221.8
278.33,20.2,355.13,108.73
92.733,273,199.4,327.4
328.47,29.8,383.93,73.533
263.4,33,307.13,108.73
294.33,61.8,367.93,104.47
163.13,184.47,230.33,308.2
300.73,93.8,359.4,159.93
141.8,202.6,184.47,257
299.67,33,383.93,78.867
179.13,196.2,222.87,325.27
294.33,51.133,355.13,104.47
129,226.07,172.73,277.27
110.87,213.27,175.93,267.67
198.33,322.07,293.27,471.4
263.4,33,307.13,81
305,7.4,383.93,73.533
263.4,39.4,355.13,108.73
177,455.4,282.6,500.2
263.4,33,307.13,93.8
303.93,340.2,347.67,383.93
67.133,191.93,197.27,257
134.33,460.73,292.2,511.93
310.33,219.67,364.73,303.93
148.2,310.33,191.93,372.2
311.4,134.33,376.47,233.53
193,167.4,286.87,214.33
1,168.47,63.933,294.33
110.87,213.27,172.73,267.67
