79.4,58.6,304.2,183.4
1,1,364.2,384.2
285.8,76.2,333.8,181
1,1,512.2,384.2
1,1,317.8,157
345.8,1,457,133.8
422.6,1,512.2,384.2
1,1,384.2,384.2
295.4,178.6,352.2,259.4
1,1,296.2,151.4
1,98.6,301.8,384.2
281.8,1,512.2,384.2
280.2,1,512.2,384.2
1,1,406.6,384.2
329.8,137,389.8,214.6
349,134.6,445,336.2
205.8,1,512.2,384.2
341.8,1,471.4,193
1,120.2,321,384.2
204.2,126.6,352.2,261
283.4,1,512.2,384.2
455.4,1,512.2,384.2
1,1,364.2,261
417.8,128.2,467.4,384.2
1,1,285,117
450.6,1,512.2,384.2
1,1,334.6,155.4
329.8,1,457.8,376.2
257,126.6,456.2,384.2
1,101,321,384.2
282.6,1,472.2,199.4
1,1,336.2,206.6
344.2,33,455.4,115.4
1,98.6,254.6,240.2
457,1,512.2,384.2
232.2,67.4,273,141.8
1,1,364.2,213.8
1,1,265,128.2
1,83.4,334.6,384.2
405,1,512.2,384.2
1,98.6,339.4,384.2
309,206.6,410.6,373
1,82.6,321,384.2
199.4,1,364.2,191.4
1,1,335.4,213.8
311.4,1,481,157.8
281.8,1,468.2,384.2
173.8,37,217.8,97.8
182.6,127.4,355.4,261
395.4,264.2,436.2,308.2
1,1,352.2,384.2
445,1,485.8,384.2
160.2,31.4,291.4,151.4
1,1,334.6,151.4
268.2,1,334.6,71.4
253,1,512.2,384.2
1,1,364.2,261.8
182.6,104.2,406.6,266.6
393,1,440.2,44.2
145.8,8.2,296.2,151.4
145,87.4,279.4,250.6
1,1,112.2,141.8
1,1,335.4,183.4
1,1,364.2,281.8
368.2,127.4,456.2,303.4
1,1,349.8,220.2
205.8,179.4,353.8,260.2
282.6,1,363.4,152.2
1,1,230.6,124.2
257,1,512.2,384.2
1,110.6,331.4,384.2
329,137.8,446.6,306.6
297,1,364.2,171.4
260.2,166.6,344.2,261
345.8,65.8,457,133.8
1,101,333.8,384.2
204.2,166.6,355.4,261.8
417.8,1,512.2,384.2
326.6,1,472.2,384.2
1,1,112.2,106.6
1,129,301.8,384.2
1,1,406.6,266.6
308.2,1,364.2,145.8
349,167.4,445,336.2
106.6,1,265,66.6
1,1,334.6,153
285.8,1,512.2,384.2
1,1,84.2,104.2
169.8,1,308.2,141.8
205,157.8,292.2,204.2
297,1,465,171.4
229,84.2,286.6,195.4
350.6,128.2,463.4,384.2
361,1,449,77.8
1,1,169.8,157
57,1,169.8,157
204.2,178.6,355.4,261
285.8,332.2,400.2,384.2
449,1,512.2,384.2
1,98.6,331.4,384.2
281.8,1,465,384.2
341.8,1,444.2,144.2
1,1,336.2,211.4
283.4,1,461.8,384.2
191.4,1,297,117.8
234.6,53,308.2,148.2
329,137.8,446.6,317
97.8,117,222.6,196.2
350.6,109,417.8,179.4
285.8,1,472.2,384.2
285.8,317.8,414.6,384.2
204.2,126.6,359.4,281.8
1,1,135.4,91.4
341.8,1,455.4,144.2
295.4,179.4,352.2,259.4
189.8,107.4,336.2,211.4
8.2,49,97.8,126.6
285.8,332.2,409,384.2
326.6,1,472.2,345.8
471.4,1,512.2,384.2
320.2,213.8,377.8,323.4
445,1,512.2,384.2
64.2,82.6,109,139.4
37,1,112.2,41
145,1,352.2,265.8
329,131.4,392.2,225.8
1,1,352.2,265.8
257,243.4,333.8,384.2
1,1,331.4,183.4
15.4,1,100.2,77
1,1,335.4,157.8
117.8,1,313,117.8
281.8,234.6,425,384.2
319.4,1,465,384.2
64.2,1,105,41.8
1,1,265,118.6
208.2,157.8,292.2,204.2
472.2,1,512.2,384.2
151.4,73,195.4,137
182.6,147.4,355.4,261
422.6,134.6,462.6,384.2
1,84.2,334.6,384.2
280.2,1,335.4,157.8
97.8,3.4,174.6,90.6
329,111.4,451.4,306.6
121,1,217.8,138.6
141.8,65,195.4,117.8
176.2,95.4,297,253
1,82.6,384.2,384.2
285.8,111.4,462.6,384.2
342.6,1,472.2,142.6
151.4,44.2,285.8,151.4
364.2,337,416.2,384.2
145.8,1,292.2,145.8
1,1,308.2,153
204.2,178.6,352.2,261
128.2,1,230.6,113.8
351.4,217,436.2,319.4
1,82.6,286.6,202.6
332.2,173,399.4,326.6
121,1,317.8,138.6
225,113,293,183.4
1,1,127.4,91.4
90.6,58.6,304.2,183.4
299.4,1,361,149.8
313.8,1,481,157.8
326.6,126.6,456.2,352.2
121,1,335.4,157.8
96.2,117,254.6,240.2
422.6,125.8,463.4,384.2
329.8,1,461.8,376.2
345.8,1,463.4,157.8
47.4,82.6,172.2,158.6
341.8,93.8,449,193
1,1,334.6,117.8
1,1,364.2,183.4
313.8,34.6,361.8,137.8
309.8,1,360.2,75.4
281.8,333.8,357.8,384.2
145.8,1,349.8,220.2
1,1,285,117.8
364.2,217,404.2,257.8
281.8,317,386.6,384.2
174.6,60.2,273,141.8
450.6,1,509.8,384.2
1,1,335.4,163.4
234.6,105,293,183.4
341,173,399.4,235.4
200.2,209,331.4,384.2
287.4,109,344.2,197.8
1,101,226.6,196.2
145,87.4,279.4,185
280.2,211.4,427.4,384.2
33,101,237,202.6
285.8,1,481,384.2
212.2,179.4,353.8,260.2
1,1,206.6,108.2
1,1,286.6,118.6
1,119.4,321,384.2
247.4,1,292.2,117
265.8,9,313,89.8
282.6,1,512.2,384.2
342.6,1,457,157.8
1,98.6,129.8,153
1,129,331.4,384.2
1,101,334.6,384.2
144.2,1,284.2,66.6
2.6,28.2,285.8,151.4
167.4,1,296.2,46.6
309.8,338.6,385.8,384.2
331.4,321.8,410.6,373
309.8,338.6,401.8,384.2
298.6,179.4,384.2,257
162.6,1,334.6,46.6
285,155.4,329,206.6
268.2,19.4,313,73.8
297.8,13.8,364.2,149.8
280.2,1,472.2,384.2
221.8,1,330.6,132.2
177,179.4,384.2,345.8
350.6,159.4,441,345.8
1,69,71.4,128.2
405,21.8,482.6,384.2
204.2,126.6,335.4,261
297,1,468.2,190.6
187.4,76.2,333.8,220.2
105,101,157,157
152.2,1,204.2,46.6
1,1,313,117.8
281.8,234.6,363.4,384.2
417.8,2.6,460.2,124.2
309,248.2,386.6,341.8
191.4,1,330.6,132.2
350.6,240.2,421.8,299.4
317,29.8,360.2,71.4
393,49.8,456.2,124.2
1,48.2,81,104.2
169,90.6,233,144.2
1,101,92.2,145
187.4,1,364.2,261.8
268.2,19.4,313,88.2
311.4,29,360.2,136.2
405.8,1,457.8,59.4
212.2,166.6,355.4,261.8
393,21.8,466.6,142.6
346.6,244.2,430.6,341
187.4,157.8,297.8,205.8
282.6,1,361,149.8
64.2,82.6,172.2,158.6
286.6,101,366.6,198.6
1,1,284.2,118.6
151.4,69,285.8,151.4
163.4,145.8,214.6,190.6
187.4,85.8,355.4,261.8
342.6,1,466.6,142.6
189.8,129.8,336.2,206.6
1,76.2,76.2,141.8
280.2,128.2,463.4,384.2
181.8,177.8,265,239.4
319.4,277.8,386.6,341.8
398.6,119.4,457,169
107.4,49,149,90.6
1,46.6,84.2,104.2
285.8,284.2,411.4,384.2
342.6,71.4,417,120.2
445,1,489,384.2
283.4,206.6,410.6,384.2
357,217,404.2,257.8
174.6,60.2,276.2,153
281.8,302.6,359.4,384.2
329,1,468.2,317
280.2,332.2,400.2,384.2
412.2,127.4,456.2,251.4
105.8,113,172.2,158.6
91.4,58.6,236.2,157
257,241.8,333.8,384.2
1,8.2,296.2,151.4
349.8,134.6,408.2,189
397,136.2,449,193
281.8,111.4,462.6,384.2
348.2,111.4,462.6,384.2
191.4,1,331.4,163.4
341.8,1,468.2,144.2
1,98.6,85,152.2
33,112.2,237,202.6
174.6,60.2,297,253
65,61.8,165.8,155.4
285.8,284.2,413.8,384.2
344.2,108.2,451.4,281
234.6,1,352.2,265.8
313.8,21,364.2,65
127.4,1,308.2,153
45.8,19.4,105.8,123.4
295.4,179.4,335.4,260.2
293,211.4,338.6,260.2
309,248.2,427.4,384.2
177,199.4,334.6,384.2
369.8,23.4,415.4,69.8
285.8,280.2,413.8,384.2
296.2,290.6,358.6,346.6
329.8,1,457.8,336.2
69,1,121,55.4
189.8,107.4,336.2,206.6
145.8,1,349.8,145.8
264.2,151.4,325.8,255.4
285.8,329.8,409,384.2
261,57.8,304.2,148.2
196.2,147.4,336.2,226.6
309.8,338.6,384.2,384.2
297,1,465,190.6
1,1,69.8,100.2
300.2,183.4,352.2,259.4
1,1,81,118.6
282.6,1,360.2,152.2
127.4,1,308.2,141.8
169.8,60.2,234.6,139.4
405,128.2,462.6,384.2
205,207.4,339.4,265.8
1,1,297,117.8
246.6,172.2,292.2,246.6
77,30.6,139.4,75.4
186.6,104.2,406.6,266.6
117.8,1,202.6,117.8
9.8,77,53,124.2
57,3.4,169.8,157
285.8,213.8,410.6,384.2
313.8,1,463.4,157.8
120.2,1,265,62.6
265.8,1,349.8,89.8
121,1,201.8,138.6
35.4,13.8,81.8,60.2
205,104.2,280.2,167.4
298.6,179.4,352.2,259.4
281.8,234.6,413.8,384.2
281.8,249,375.4,384.2
142.6,109,228.2,190.6
162.6,1,317.8,114.6
191.4,1,297,72.2
238.6,1,292.2,117
319.4,131.4,441.8,384.2
2.6,28.2,160.2,126.6
419.4,128.2,462.6,384.2
1,1,100.2,91.4
91.4,53,169,129.8
1,61.8,226.6,196.2
313.8,12.2,364.2,73
329,111.4,462.6,384.2
315.4,166.6,446.6,325.8
341,173,399.4,323.4
1,24.2,77,77
459.4,1,512.2,384.2
342.6,1,465,157.8
282.6,1,364.2,180.2
313.8,12.2,364.2,65
471.4,1,512.2,161.8
297,1,455.4,171.4
297,43.4,364.2,171.4
462.6,1,512.2,384.2
138.6,20.2,178.6,74.6
106.6,1,265,62.6
313.8,1,364.2,137.8
47.4,82.6,286.6,195.4
234.6,53,335.4,261
185.8,108.2,304.2,183.4
332.2,1,465,157.8
339.4,182.6,384.2,222.6
36.2,1,149,118.6
64.2,105.8,214.6,190.6
173.8,33.8,217.8,97.8
326.6,1,457,345.8
319.4,233,375.4,327.4
357,159.4,441,345.8
160.2,8.2,296.2,151.4
350.6,111.4,451.4,193
285.8,332.2,329,384.2
281.8,290.6,358.6,384.2
181.8,177.8,277.8,250.6
1,1,178.6,124.2
157.8,90.6,236.2,144.2
469.8,1,512.2,176.2
63.4,109.8,114.6,153
268.2,19.4,313,71.4
293,211.4,427.4,384.2
145,53,308.2,213.8
282.6,1,472.2,152.2
64.2,105.8,199.4,158.6
145,65.8,190.6,117
234.6,53,352.2,265.8
341.8,1,512.2,384.2
229.8,93,279.4,185
205,207.4,299.4,258.6
305.8,329.8,409,384.2
169,90.6,236.2,144.2
339.4,108.2,449,284.2
298.6,178.6,352.2,259.4
309,248.2,418.6,379.4
1,7.4,48.2,86.6
350.6,109,449.8,181.8
264.2,104.2,406.6,255.4
1,98.6,114.6,153
313.8,1,361.8,67.4
342.6,1,457.8,336.2
1,59.4,71.4,128.2
260.2,1,364.2,261
235.4,81,278.6,132.2
417.8,145.8,460.2,384.2
273,27.4,334.6,150.6
61.8,3.4,174.6,102.6
35.4,1,112.2,60.2
53,113,109,165
285.8,303.4,414.6,384.2
313,1,363.4,141
342.6,49.8,456.2,124.2
257,243.4,427.4,384.2
125.8,8.2,296.2,151.4
323.4,233,375.4,327.4
64.2,84.2,286.6,195.4
229.8,93,273,185
174.6,60.2,273,153
1,23.4,122.6,126.6
1,1,100.2,77
329,131.4,392.2,247.4
2.6,49,102.6,126.6
177,199.4,331.4,384.2
355.4,134.6,405.8,179.4
334.6,213.8,377.8,323.4
405.8,1,472.2,59.4
329,131.4,441.8,384.2
1,51.4,293,183.4
339.4,108.2,449,341
277,105.8,331.4,163.4
1,1,159.4,118.6
281.8,332.2,386.6,384.2
442.6,21.8,482.6,384.2
246.6,178.6,286.6,246.6
222.6,61,273,141.8
1,83.4,41,130.6
320.2,213.8,410.6,369.8
65,80.2,135.4,134.6
423.4,125.8,463.4,384.2
361,1,471.4,77.8
375.4,1,449,59.4
235.4,107.4,336.2,185.8
285,140.2,336.2,206.6
191.4,1,265,72.2
285.8,234.6,413.8,384.2
1,1,227.4,117
321.8,42.6,364.2,180.2
254.6,95.4,297,160.2
8.2,1,81,85
191.4,1,267.4,98.6
349,217,436.2,324.2
1,77,71.4,128.2
326.6,1,457,341
286.6,100.2,457,199.4
177,201,331.4,384.2
309.8,1,360.2,47.4
376.2,159.4,441,258.6
145,65.8,190.6,117.8
386.6,166.6,446.6,252.2
317.8,290.6,358.6,338.6
295.4,178.6,352.2,265.8
339.4,279.4,414.6,384.2
203.4,79.4,259.4,145.8
357.8,283.4,417,341
212.2,166.6,355.4,261
360.2,166.6,441.8,286.6
401,33,452.2,85.8
277,11.4,331.4,163.4
349.8,280.2,416.2,336.2
120.2,9.8,255.4,62.6
257,243.4,401.8,384.2
212.2,182.6,288.2,245.8
293,181.8,338.6,260.2
2.6,49,97.8,126.6
285.8,332.2,384.2,384.2
208.2,93,279.4,185
1,49,102.6,126.6
405.8,2.6,465,157.8
469.8,1,512.2,384.2
330.6,315.4,427.4,384.2
353,119.4,457,193.8
33,82.6,286.6,202.6
301.8,136.2,364.2,181
344.2,50.6,455.4,138.6
285.8,280.2,411.4,384.2
361,257,436.2,308.2
174.6,60.2,245,108.2
63.4,19.4,105,102.6
364.2,315.4,427.4,384.2
285,246.6,427.4,384.2
1,23.4,71.4,128.2
187.4,109,344.2,205.8
344.2,1,471.4,153.8
355.4,89.8,438.6,138.6
392.2,1,448.2,90.6
181.8,178.6,265,239.4
417.8,2.6,465,157.8
174.6,59.4,235.4,106.6
282.6,26.6,333,152.2
348.2,137.8,413,199.4
188.2,60.2,230.6,108.2
1,1,81,106.6
77,1,159.4,101.8
174.6,1,364.2,261
352.2,173,399.4,230.6
169,51.4,272.2,165
360.2,166.6,441.8,273.8
386.6,200.2,436.2,241
9.8,51.4,272.2,165
200.2,209,339.4,384.2
342.6,1,457.8,157
234.6,57.8,304.2,148.2
293,211.4,386.6,341.8
212.2,179.4,384.2,257
422.6,90.6,465,157.8
285.8,341,386.6,384.2
1,23.4,135.4,134.6
283.4,329.8,409,384.2
187.4,157.8,297.8,220.2
331.4,336.2,418.6,379.4
218.6,1,292.2,117
281.8,333.8,329.8,384.2
365.8,337,414.6,384.2
472.2,1,512.2,336.2
397.8,136.2,448.2,193
285.8,335.4,386.6,384.2
1,24.2,77,91.4
205,84.2,286.6,195.4
305.8,329.8,385,384.2
273,179.4,351.4,260.2
257,178.6,397,266.6
173,37,217.8,97.8
117.8,11.4,227.4,117
326.6,181.8,404.2,289
326.6,109,384.2,229.8
2.6,28.2,160.2,134.6
82.6,1,143.4,55.4
15.4,71.4,57,126.6
1,1,331.4,163.4
15.4,1,80.2,77
368.2,169.8,437,303.4
348.2,111.4,451.4,281
117.8,25,192.2,110.6
405.8,1,472.2,82.6
264.2,147.4,336.2,205
105.8,1,265,66.6
145,87.4,233,184.2
173,33.8,217.8,97.8
186.6,172.2,397,266.6
397,129,449,193
305.8,332.2,400.2,384.2
186.6,147.4,336.2,226.6
120.2,9.8,265,62.6
216.2,1,284.2,59.4
235.4,5.8,297,132.2
212.2,180.2,320.2,250.6
417.8,2.6,460.2,98.6
260.2,166.6,301.8,249.8
204.2,178.6,277.8,250.6
350.6,244.2,430.6,321.8
1,7.4,48.2,49
240.2,95.4,297,169.8
1,3.4,169.8,157
337,206.6,382.6,330.6
322.6,234.6,363.4,320.2
212.2,166.6,335.4,259.4
186.6,172.2,292.2,246.6
352.2,111.4,451.4,186.6
204.2,178.6,351.4,260.2
353,119.4,457,179.4
176.2,123.4,285,253
268.2,1,334.6,132.2
1,72.2,76.2,141.8
167.4,1,257.8,46.6
440.2,1,481,384.2
187.4,85.8,345,205.8
1,24.2,77,64.2
349,166.6,446.6,324.2
1,1,196.2,104.2
356.2,126.6,400.2,179.4
326.6,181.8,397,261
342.6,1,457,137.8
395.4,134.6,462.6,384.2
295.4,179.4,335.4,257.8
329.8,1,460.2,376.2
360.2,259.4,430.6,321.8
345.8,1,457,137.8
1,101,129.8,165
309.8,302.6,359.4,345
1,23.4,102.6,126.6
287.4,137,333.8,178.6
285.8,166.6,446.6,384.2
344.2,1,455.4,138.6
1,83.4,41,128.2
246.6,178.6,291.4,246.6
261,60.2,304.2,148.2
225,113,280.2,181
45.8,1,178.6,123.4
330.6,321,410.6,369.8
320.2,29.8,363.4,75.4
344.2,1,471.4,142.6
346.6,281,417,341
145,65.8,190.6,125.8
234.6,60.2,304.2,148.2
9.8,51.4,293,183.4
339.4,1,457,341
145.8,20.2,196.2,74.6
145,53,308.2,185
41.8,53,169,129.8
96.2,117,232.2,219.4
145.8,50.6,243.4,145.8
259.4,180.2,338.6,260.2
191.4,1,268.2,98.6
65,61.8,152.2,135.4
77.8,1,121,55.4
282.6,26.6,341.8,152.2
139.4,117,249,194.6
204.2,177.8,277.8,250.6
246.6,172.2,289.8,246.6
241,126.6,335.4,261
378.6,1,449,59.4
176.2,152.2,237,224.2
174.6,45.8,226.6,89.8
151.4,69,285.8,149
372.2,89.8,433,138.6
344.2,33,455.4,142.6
160.2,89.8,237.8,151.4
129.8,11.4,202.6,56.2
181.8,179.4,384.2,257
350.6,109,410.6,179.4
229,31.4,291.4,117
212.2,193,261.8,233
1,1,149,118.6
151.4,65,195.4,117
235.4,129.8,336.2,206.6
286.6,101,457,199.4
41.8,51.4,272.2,165
182.6,147.4,336.2,226.6
194.6,44.2,261.8,105
77.8,1,153.8,55.4
200.2,51.4,272.2,132.2
235.4,129.8,295.4,185.8
77.8,1,127.4,55.4
1,7.4,48.2,66.6
77,9.8,159.4,83.4
361,257,421,297.8
128.2,121,272.2,253
349,213.8,416.2,303.4
196.2,178.6,265,239.4
295.4,183.4,352.2,259.4
21,101,117,165
235.4,107.4,336.2,206.6
377.8,199.4,434.6,303.4
288.2,1,335.4,77
181.8,19.4,313,101.8
107.4,71.4,153.8,134.6
45.8,3.4,178.6,123.4
181.8,25,291.4,101.8
17,55.4,59.4,100.2
295.4,179.4,351.4,260.2
297,12.2,364.2,171.4
1,1,81,104.2
145.8,50.6,237.8,139.4
293,178.6,397,261
241.8,101.8,297,160.2
309,248.2,427.4,379.4
235.4,129.8,336.2,185.8
135.4,46.6,181.8,110.6
280.2,288.2,327.4,384.2
282.6,34.6,333,149
97.8,3.4,178.6,90.6
348.2,139.4,413,199.4
352.2,111.4,451.4,281
156.2,1,206.6,113.8
1,1,50.6,70.6
285,45.8,341.8,152.2
417.8,1,481,384.2
285,59.4,341.8,152.2
342.6,1,449,120.2
423.4,84.2,467.4,153.8
353,119.4,457,199.4
360.2,166.6,446.6,281
15.4,5,80.2,77
160.2,133,213.8,178.6
239.4,105,293,181
17,1,73.8,51.4
89,28.2,160.2,94.6
299.4,104.2,364.2,181
239.4,105,289.8,169.8
239.4,105,293,169.8
197.8,1,257.8,41.8
344.2,50.6,387.4,115.4
1,43.4,71.4,128.2
286.6,84.2,333,132.2
277,1,335.4,163.4
199.4,95.4,297,191.4
326.6,126.6,405.8,289
339.4,166.6,441.8,384.2
1,1,127.4,55.4
142.6,84.2,286.6,195.4
332.2,153.8,385,214.6
97.8,117,172.2,161
280.2,332.2,329,384.2
298.6,178.6,397,261
337,280.2,432.2,351.4
65,61.8,135.4,135.4
313.8,1,366.6,153
120.2,9.8,262.6,62.6
204.2,178.6,265,239.4
368.2,169,437,303.4
226.6,123.4,267.4,190.6
373,48.2,417,103.4
342.6,33,456.2,138.6
323.4,213.8,386.6,341.8
143.4,65.8,190.6,117
64.2,105.8,129.8,153.8
313.8,21,364.2,73
388.2,169.8,437,219.4
145.8,50.6,259.4,145.8
8.2,55.4,59.4,100.2
89,28.2,160.2,83.4
189,191.4,272.2,253
285,84.2,333,141
323.4,233,363.4,321.8
117.8,11.4,202.6,117.8
375.4,167.4,437,265.8
293,214.6,338.6,260.2
313.8,1,364.2,65
309,206.6,382.6,330.6
341.8,287.4,430.6,336.2
395.4,264.2,436.2,319.4
353,157,441,284.2
378.6,167.4,437,265.8
313.8,12.2,361.8,67.4
340.2,206.6,382.6,288.2
1,101,272.2,253
57,49,97.8,104.2
268.2,9,313,73.8
205,101,254.6,167.4
174.6,44.2,261.8,106.6
337,127.4,456.2,352.2
77,49,120.2,101.8
378.6,1,432.2,49.8
341.8,287.4,430.6,351.4
17,46.6,77,104.2
2.6,71.4,62.6,126.6
204.2,1,256.2,41.8
5.8,48.2,81,104.2
129.8,11.4,175.4,56.2
326.6,109,366.6,199.4
217,1,285,59.4
377.8,169.8,437,303.4
96.2,118.6,223.4,219.4
106.6,121,272.2,253
197.8,135.4,249,194.6
362.6,1,432.2,41.8
151.4,69,277,149
29,46.6,77,91.4
308.2,45.8,349,145.8
232.2,13,297,72.2
339.4,108.2,441,284.2
353,134.6,405.8,179.4
162.6,1,296.2,46.6
77,1,159.4,83.4
246.6,178.6,289.8,246.6
323.4,213.8,377.8,323.4
268.2,9,313,88.2
329,131.4,387.4,214.6
342.6,2.6,417,120.2
297.8,1,364.2,149.8
308.2,61,349,145.8
399.4,130.6,462.6,384.2
194.6,59.4,235.4,105
128.2,121,231.4,189.8
326.6,179.4,384.2,240.2
198.6,25,291.4,101.8
89.8,105.8,172.2,158.6
357.8,246.6,436.2,345.8
117.8,11.4,192.2,110.6
397.8,136.2,449,193
61.8,3.4,196.2,102.6
1,101.8,92.2,145
243.4,5.8,297,72.2
151.4,89.8,237.8,149
311.4,43.4,364.2,171.4
1,76.2,73.8,141.8
197.8,1,257.8,45
36.2,39.4,81.8,118.6
241,25,291.4,101.8
342.6,1,456.2,138.6
264.2,151.4,325.8,205
423.4,84.2,471.4,153.8
145,87.4,240.2,185
2.6,71.4,57,126.6
97.8,3.4,174.6,89.8
142.6,129,214.6,190.6
417.8,225,460.2,384.2
95.4,71.4,153.8,134.6
212.2,180.2,296.2,250.6
222.6,65.8,273,141.8
373.8,1,449,59.4
1,1,190.6,118.6
100.2,11.4,227.4,117
360.2,215.4,408.2,273.8
167.4,1,285,46.6
330.6,205.8,397,261
390.6,49.8,456.2,124.2
257,243.4,333.8,303.4
63.4,3.4,174.6,102.6
199.4,101.8,297,191.4
342.6,2.6,456.2,138.6
191.4,4.2,297,72.2
309,248.2,360.2,302.6
105.8,116.2,150.6,158.6
272.2,181.8,338.6,260.2
404.2,185.8,446.6,281
289.8,147.4,336.2,188.2
17,1,127.4,55.4
235.4,1,330.6,132.2
351.4,166.6,441.8,319.4
337,280.2,432.2,352.2
282.6,26.6,333,149
34.6,1,79.4,59.4
32.2,1,79.4,59.4
1,1,84.2,124.2
212.2,166.6,345,261
96.2,117,249,219.4
199.4,27.4,334.6,191.4
341.8,206.6,382.6,288.2
145,125.8,222.6,168.2
351.4,240.2,436.2,319.4
194.6,50.6,237.8,92.2
208.2,157.8,297.8,204.2
313,42.6,363.4,141
255.4,1,308.2,97
89.8,105.8,129.8,153.8
176.2,89.8,237.8,149
355.4,89.8,438.6,142.6
77,19.4,152.2,75.4
315.4,233,363.4,325.8
117.8,46.6,181.8,89.8
260.2,166.6,335.4,259.4
176.2,156.2,272.2,253
309,61,349,143.4
257,241.8,339.4,325.8
29,39.4,77,91.4
196.2,172.2,267.4,226.6
285.8,329.8,401.8,384.2
299.4,104.2,406.6,214.6
372.2,1,448.2,90.6
205,84.2,280.2,167.4
342.6,1,457,157
69,1,127.4,55.4
156.2,1,206.6,108.2
106.6,136.2,195.4,196.2
360.2,239.4,403.4,284.2
91.4,58.6,304.2,183.4
405,128.2,463.4,384.2
285,84.2,333,152.2
334.6,182.6,384.2,232.2
356.2,126.6,405.8,201.8
204.2,178.6,352.2,260.2
139.4,117,213.8,178.6
311.4,26.6,360.2,75.4
1,62.6,71.4,128.2
373.8,1,440.2,49.8
375.4,1,432.2,49.8
381.8,159.4,441,219.4
127.4,58.6,177,137
176.2,145,231.4,189.8
361,1,432.2,71.4
349,167.4,437,336.2
188.2,60.2,245,108.2
307.4,344.2,386.6,384.2
285.8,46.6,334.6,150.6
326.6,109,384.2,222.6
357.8,259.4,430.6,341
204.2,178.6,292.2,246.6
287.4,109,344.2,180.2
357.8,265.8,430.6,341
265.8,9,313,88.2
239.4,1,292.2,117
402.6,107.4,463.4,157.8
117.8,11.4,192.2,117
151.4,50.6,237.8,139.4
273,27.4,313,72.2
77,1,159.4,89
229,127.4,286.6,195.4
385,166.6,446.6,252.2
63.4,109.8,129.8,153
204.2,178.6,291.4,246.6
259.4,179.4,353.8,260.2
326.6,109,366.6,198.6
176.2,152.2,237,199.4
260.2,179.4,303.4,259.4
143.4,1,206.6,108.2
77.8,1,227.4,117
299.4,104.2,387.4,214.6
293,179.4,351.4,260.2
419.4,225,460.2,384.2
235.4,5.8,310.6,132.2
97.8,117,195.4,196.2
344.2,48.2,417,115.4
307.4,317.8,414.6,384.2
236.2,133.8,277.8,173.8
237,182.6,288.2,245.8
229,46.6,291.4,117
190.6,60.2,234.6,108.2
151.4,65,195.4,117.8
344.2,1,455.4,157
298.6,181.8,338.6,260.2
160.2,89.8,231.4,139.4
416.2,130.6,462.6,352.2
282.6,34.6,341.8,152.2
361,254.6,416.2,303.4
213,123.4,277.8,191.4
87.4,30.6,139.4,75.4
357.8,246.6,436.2,341
472.2,1,512.2,161.8
357,159.4,441,258.6
191.4,106.6,237.8,151.4
35.4,46.6,77,91.4
1,98.6,63.4,152.2
89.8,91.4,165.8,155.4
25.8,23.4,73,69
390.6,173.8,437,219.4
285,109,344.2,197.8
229,113.8,286.6,195.4
239.4,105,280.2,164.2
82.6,91.4,165.8,155.4
367.4,1,448.2,90.6
284.2,109,344.2,197.8
313.8,1,364.2,73
188.2,60.2,239.4,108.2
285.8,341,384.2,384.2
125.8,71.4,167.4,121
91.4,58.6,236.2,144.2
353,124.2,405.8,179.4
405,208.2,449,365
259.4,166.6,335.4,259.4
128.2,1,206.6,113.8
191.4,4.2,241,66.6
189,191.4,285,253
52.2,1,149,101.8
386.6,166.6,441.8,241
8.2,49.8,59.4,100.2
21,109,117,165
235.4,61,288.2,132.2
311.4,18.6,361,71.4
375.4,137,449,182.6
144.2,9.8,255.4,59.4
342.6,33,456.2,124.2
342.6,71.4,397.8,120.2
127.4,58.6,177,121
329,131.4,392.2,214.6
185.8,113,293,183.4
286.6,101,328.2,149
1,73.8,71.4,128.2
97.8,110.6,226.6,196.2
353,157,441,258.6
105.8,113,199.4,158.6
117.8,11.4,202.6,89.8
221.8,44.2,261.8,86.6
360.2,215.4,437.8,281
8.2,71.4,62.6,126.6
103.4,91.4,165.8,155.4
301.8,104.2,364.2,181
199.4,101.8,297,190.6
308.2,149,387.4,214.6
348.2,111.4,451.4,199.4
348.2,145,413,199.4
1,109.8,114.6,153
344.2,50.6,455.4,115.4
309,109,366.6,198.6
329.8,137,385,214.6
52.2,1,143.4,55.4
361.8,65.8,457,133.8
8.2,77,57,126.6
135.4,25,192.2,110.6
405,225,460.2,384.2
15.4,5,80.2,62.6
1,83.4,71.4,128.2
87.4,33.8,129,75.4
187.4,157.8,292.2,205.8
254.6,103.4,297,160.2
197.8,50.6,237.8,92.2
222.6,61.8,273,141.8
177.8,60.2,234.6,108.2
341.8,206.6,382.6,270.6
362.6,1,428.2,41.8
229,69,277,117
200.2,51.4,267.4,98.6
36.2,39.4,77,118.6
390.6,1,432.2,44.2
1,1,59.4,100.2
366.6,254.6,416.2,303.4
152.2,1,204.2,49.8
399.4,193.8,461.8,384.2
349,284.2,414.6,324.2
53,111.4,117,165
15.4,85.8,57,126.6
375.4,137,449,193
361,1,428.2,83.4
397.8,136.2,445.8,182.6
259.4,166.6,335.4,257.8
240.2,95.4,297,160.2
194.6,57.8,245,105
342.6,1,455.4,157
268.2,1,334.6,88.2
246.6,178.6,288.2,246.6
215.4,1,256.2,41.8
349,257,436.2,324.2
392.2,166.6,441.8,211.4
200.2,213,272.2,253
8.2,71.4,57,126.6
164.2,51.4,272.2,165
163.4,1,206.6,93.8
144.2,10.6,204.2,56.2
1,1,81,85
260.2,166.6,303.4,259.4
361,251.4,436.2,319.4
349,279.4,414.6,324.2
177,201,331.4,345.8
311.4,1,361,71.4
355.4,254.6,416.2,303.4
77,41.8,149,101.8
376.2,186.6,434.6,258.6
1,1,53,56.2
151.4,53.8,201.8,137
390.6,173,437,219.4
145,65.8,190.6,122.6
285.8,76.2,333.8,178.6
139.4,117,232.2,189.8
314.6,29,360.2,119.4
260.2,166.6,335.4,257.8
339.4,317.8,414.6,384.2
45.8,53,169,129.8
280.2,151.4,325.8,205
72.2,61.8,135.4,135.4
361,1,448.2,90.6
305.8,332.2,384.2,384.2
169.8,50.6,245,139.4
337.8,182.6,384.2,232.2
386.6,185.8,446.6,252.2
341.8,281,432.2,351.4
77,49,149,101.8
349,213.8,404.2,289
257,243.4,333.8,354.6
135.4,46.6,181.8,89
282.6,34.6,333,132.2
169,51.4,272.2,144.2
345.8,65,457,133.8
329.8,145,385,214.6
151.4,50.6,237.8,137
345.8,70.6,389,127.4
355.4,89.8,433,138.6
169,110.6,226.6,155.4
53,111.4,129.8,165
212.2,193,265.8,238.6
212.2,166.6,344.2,259.4
299.4,30.6,348.2,149.8
386.6,166.6,441.8,244.2
1,101,117,165
405,208.2,460.2,384.2
225,113,293,181
169.8,45.8,273,141.8
211.4,51.4,267.4,98.6
1,7.4,59.4,100.2
241.8,95.4,297,160.2
344.2,41,455.4,138.6
405.8,19.4,449,59.4
339.4,303.4,411.4,350.6
284.2,1,361,149.8
361.8,65.8,421,109
285.8,332.2,329.8,384.2
390.6,169.8,437,219.4
178.6,90.6,233,139.4
260.2,182.6,303.4,259.4
378.6,1,449,77.8
21,105.8,117,165
77,19.4,152.2,83.4
361,251.4,421,297.8
1,112.2,63.4,152.2
1,46.6,81,104.2
232.2,65.8,273,141.8
203.4,101,247.4,145.8
285.8,332.2,401.8,384.2
339.4,279.4,414.6,350.6
37.8,1,81,53.8
29,1,81,72.2
200.2,191.4,272.2,253
1,101.8,65.8,145
1,1,50.6,56.2
351.4,287.4,430.6,336.2
344.2,71.4,387.4,115.4
345.8,66.6,457,133.8
349,280.2,416.2,336.2
191.4,4.2,265,72.2
169.8,45.8,245,139.4
380.2,166.6,441.8,244.2
329,149,387.4,214.6
225,113,266.6,181
191.4,1,297,76.2
144.2,10.6,217,66.6
178.6,90.6,236.2,139.4
144.2,9.8,253.8,56.2
365.8,340.2,414.6,384.2
17,39.4,77,118.6
297.8,13.8,364.2,93
369,66.6,457,133.8
222.6,67.4,273,141.8
169.8,60.2,245,139.4
329.8,126.6,405.8,201.8
270.6,9,313,53.8
381.8,199.4,434.6,265.8
91.4,58.6,169,115.4
91.4,58.6,169,129.8
349,213.8,416.2,336.2
169.8,60.2,235.4,139.4
249.8,14.6,297,72.2
380.2,62.6,455.4,113
239.4,1,308.2,97
72.2,61.8,125.8,135.4
381.8,173,437,265.8
144.2,10.6,213.8,56.2
344.2,33,452.2,115.4
333.8,182.6,385,232.2
332.2,168.2,385,214.6
229.8,123.4,277.8,191.4
381.8,199.4,436.2,265.8
207.4,101,247.4,145.8
356.2,126.6,405.8,180.2
226.6,101.8,297,190.6
87.4,30.6,129,75.4
341.8,281,430.6,351.4
356.2,134.6,400.2,179.4
185,110.6,226.6,155.4
190.6,60.2,230.6,108.2
77,11.4,159.4,83.4
176.2,123.4,277.8,224.2
216.2,13.8,265,59.4
247.4,1,308.2,97
65,90.6,165.8,155.4
333.8,182.6,404.2,289
72.2,61.8,125.8,134.6
373,48.2,417,105
299.4,29,360.2,149.8
287.4,288.2,327.4,354.6
128.2,121,180.2,164.2
176.2,156.2,237,224.2
145,125.8,216.2,168.2
17,39.4,77,104.2
333.8,182.6,385,240.2
350.6,244.2,416.2,303.4
469.8,1,512.2,89.8
254.6,104.2,297,160.2
314.6,29,360.2,71.4
381.8,199.4,434.6,248.2
376.2,294.6,430.6,336.2
309.8,329.8,385,384.2
369,291.4,416.2,336.2
236.2,123.4,277.8,173.8
309.8,338.6,361.8,384.2
