224.2,91.4,322.6,209.8
1,1,512.2,384.2
223.4,223.4,280.2,289.8
224.2,67.4,509,245
311.4,1,512.2,125.8
166.6,1,448.2,384.2
1,86.6,325,384.2
73,153,198.6,301
215.4,90.6,256.2,144.2
340.2,77,438.6,233.8
28.2,1,354.6,384.2
166.6,1,512.2,384.2
1,1,270.6,384.2
269.8,237,406.6,384.2
315.4,265,371.4,384.2
194.6,203.4,512.2,384.2
1,146.6,213,384.2
171.4,1,512.2,209
73,1,512.2,384.2
217.8,221.8,312.2,384.2
1,1,227.4,384.2
28.2,1,512.2,384.2
1,1,227.4,312.2
1,221,214.6,384.2
1,1,212.2,384.2
441.8,1,512.2,71.4
207.4,82.6,432.2,384.2
302.6,1,512.2,75.4
73,76.2,277,384.2
280.2,90.6,325,209.8
173,1,512.2,96.2
73,1,345,384.2
1,230.6,213,384.2
325.8,337,384.2,378.6
1,1,260.2,384.2
224.2,76.2,477,245
340.2,75.4,512.2,245.8
1,1,325,384.2
171.4,1,512.2,384.2
219.4,249.8,279.4,331.4
21.8,173,197,301.8
170.6,1,512.2,384.2
73,1,345.8,384.2
92.2,1,512.2,384.2
155.4,76.2,207.4,185
449,213.8,512.2,384.2
212.2,217,313,384.2
203.4,1,323.4,64.2
173,1,512.2,244.2
21.8,1,512.2,384.2
1,153,209.8,338.6
92.2,213.8,512.2,384.2
442.6,74.6,512.2,297
28.2,1,345,384.2
194.6,202.6,512.2,384.2
171.4,1,329,87.4
96.2,153,212.2,338.6
21.8,173,512.2,384.2
1,1,213,384.2
444.2,256.2,512.2,384.2
223.4,215.4,400.2,260.2
205.8,62.6,512.2,245.8
165.8,1,512.2,245.8
223.4,91.4,324.2,209.8
218.6,1,301,64.2
92.2,245,217.8,384.2
302.6,1,512.2,384.2
165.8,1,310.6,88.2
221,223.4,316.2,384.2
437.8,77,477.8,243.4
1,89,324.2,384.2
165,1,232.2,304.2
225.8,61.8,512.2,247.4
315.4,238.6,512.2,384.2
1,232.2,196.2,384.2
229,259.4,283.4,328.2
217.8,1,323.4,64.2
315.4,241.8,512.2,384.2
213,217,314.6,384.2
315.4,241.8,467.4,384.2
208.2,208.2,475.4,265
208.2,208.2,512.2,384.2
166.6,1,448.2,135.4
315.4,253.8,429,384.2
208.2,81.8,375.4,221.8
449,245,512.2,384.2
208.2,68.2,512.2,384.2
171.4,1,512.2,228.2
1,173.8,109,272.2
217.8,223.4,313.8,384.2
337,1,512.2,75.4
213,81.8,375.4,212.2
166.6,1,407.4,135.4
375.4,77.8,430.6,228.2
225,233.8,310.6,314.6
208.2,62.6,512.2,244.2
147.4,153.8,209.8,338.6
306.6,194.6,503.4,269.8
1,230.6,214.6,384.2
312.2,1,512.2,125.8
173,1,312.2,96.2
334.6,1,437.8,72.2
208.2,208.2,400.2,261
208.2,201,465,384.2
141,249.8,197.8,301
315.4,253.8,435.4,384.2
1,89,512.2,384.2
80.2,153,198.6,301
1,1,203.4,251.4
219.4,1,302.6,64.2
173,1,298.6,73
144.2,245,192.2,296.2
340.2,215.4,512.2,384.2
208.2,203.4,512.2,384.2
17,146.6,207.4,221.8
207.4,207.4,347.4,260.2
208.2,203.4,431.4,314.6
56.2,173,197,301.8
350.6,1,512.2,72.2
1,1,277,384.2
224.2,90.6,325,210.6
165.8,1,313,153
208.2,201,512.2,384.2
170.6,1,335.4,87.4
340.2,80.2,405,225.8
358.6,215.4,512.2,384.2
1,159.4,213,384.2
156.2,283.4,221.8,384.2
170.6,1,512.2,228.2
148.2,152.2,199.4,282.6
1,154.6,130.6,289.8
156.2,223.4,313,384.2
1,1,205,224.2
165.8,76.2,256.2,384.2
78.6,153,198.6,301
208.2,208.2,437.8,265
445.8,256.2,512.2,384.2
1,1,256.2,384.2
225,249.8,279.4,297.8
222.6,134.6,271.4,201
224.2,87.4,332.2,214.6
224.2,69,508.2,280.2
223.4,136.2,275.4,202.6
313.8,213.8,512.2,384.2
172.2,1,345,209
213,85.8,324.2,209.8
131.4,131.4,201.8,185
110.6,76.2,204.2,192.2
165.8,1,512.2,153
375.4,1,512.2,72.2
222.6,134.6,277,209.8
205.8,62.6,507.4,212.2
65,89,324.2,384.2
261,80.2,437.8,245.8
284.2,1,405.8,65.8
432.2,238.6,512.2,384.2
223.4,223.4,313.8,384.2
171.4,1,512.2,87.4
313,213.8,512.2,384.2
311.4,252.2,437.8,384.2
346.6,81,404.2,228.2
96.2,153,209.8,338.6
315.4,209,512.2,384.2
453,241.8,512.2,304.2
213,223.4,311.4,384.2
311.4,215.4,512.2,384.2
203.4,1,307.4,64.2
381,1,448.2,72.2
1,1,205,233
75.4,153,198.6,301
96.2,166.6,158.6,300.2
108.2,76.2,227.4,312.2
213,316.2,298.6,384.2
217.8,223.4,313,384.2
21.8,173,313,384.2
208.2,93.8,277,209.8
1,154.6,145,289.8
315.4,241.8,436.2,384.2
370.6,341,437,384.2
208.2,203.4,431.4,267.4
442.6,69,512.2,297
223.4,213.8,512.2,384.2
188.2,1,478.6,209
171.4,1,345,210.6
28.2,89,322.6,384.2
97.8,253.8,165.8,301
191.4,86.6,324.2,384.2
406.6,69,512.2,297
408.2,77,477,240.2
261,68.2,512.2,297
92.2,223.4,341.8,384.2
403.4,74.6,482.6,244.2
233,328.2,298.6,384.2
420.2,77.8,485.8,280.2
207.4,207.4,432.2,260.2
227.4,237,310.6,314.6
222.6,135.4,281,209.8
191.4,86.6,325,384.2
224.2,91.4,305.8,135.4
340.2,213.8,512.2,384.2
158.6,285,213.8,377.8
182.6,64.2,424.2,228.2
144.2,243.4,198.6,301
1,1,202.6,218.6
353,245.8,430.6,337.8
165,1,260.2,304.2
377,68.2,512.2,215.4
315.4,213.8,512.2,384.2
224.2,69,508.2,245.8
219.4,249.8,314.6,384.2
131.4,76.2,204.2,282.6
223.4,223.4,268.2,288.2
165.8,1,313,88.2
170.6,1,345.8,87.4
207.4,203.4,512.2,384.2
215.4,217,312.2,384.2
188.2,1,512.2,209
258.6,118.6,372.2,228.2
170.6,1,512.2,87.4
28.2,146.6,207.4,302.6
358.6,241.8,450.6,378.6
406.6,74.6,495.4,245
208.2,62.6,512.2,221.8
1,230.6,212.2,384.2
358.6,238.6,512.2,384.2
261,80.2,437.8,235.4
340.2,241,512.2,384.2
261,80.2,405,225.8
219.4,221.8,314.6,384.2
225,1,306.6,64.2
227.4,297,309,346.6
207.4,82.6,374.6,260.2
214.6,217,313,384.2
225,91.4,325,210.6
1,153,214.6,384.2
208.2,201,400.2,260.2
428.2,241,512.2,384.2
230.6,328.2,308.2,384.2
1,76.2,256.2,384.2
245.8,1,302.6,62.6
208.2,208.2,475.4,312.2
261,81.8,375.4,217
228.2,241,310.6,314.6
224.2,90.6,324.2,210.6
217.8,249.8,313,384.2
311.4,1,512.2,75.4
406.6,74.6,482.6,244.2
185.8,90.6,232.2,304.2
315.4,246.6,437.8,384.2
394.6,1,485,69
419.4,77.8,464.2,160.2
311.4,1,512.2,73
207.4,207.4,432.2,267.4
264.2,166.6,322.6,209.8
1,1,260.2,304.2
370.6,213.8,512.2,384.2
230.6,259.4,283.4,312.2
208.2,208.2,475.4,263.4
223.4,290.6,310.6,384.2
225,249.8,279.4,291.4
392.2,1,512.2,72.2
171.4,55.4,328.2,153
365,1,512.2,72.2
393,31.4,512.2,125.8
208.2,1,306.6,64.2
34.6,173.8,109,218.6
21.8,173.8,109,239.4
1,1,202.6,217
358.6,305,437.8,384.2
191.4,91.4,324.2,384.2
65,152.2,215.4,301.8
280.2,130.6,433,236.2
109,89,322.6,384.2
261,64.2,512.2,245.8
229.8,290.6,292.2,332.2
225,1,301,64.2
146.6,160.2,235.4,384.2
208.2,203.4,437.8,384.2
326.6,76.2,477,243.4
390.6,213.8,512.2,384.2
1,230.6,213.8,384.2
226.6,1,302.6,63.4
223.4,145,276.2,208.2
1,1,202.6,222.6
245.8,1,308.2,63.4
9,159.4,191.4,285.8
80.2,154.6,162.6,301
148.2,254.6,194.6,301.8
1,1,204.2,222.6
377,67.4,509,245
172.2,1,310.6,88.2
225,90.6,305,197.8
170.6,1,335.4,65
1,231.4,196.2,384.2
261,77,477.8,243.4
213,132.2,271.4,209.8
1,173.8,109,239.4
1,217,213,384.2
236.2,85.8,353.8,217.8
223.4,136.2,275.4,209.8
224.2,74.6,508.2,245.8
208.2,81.8,375.4,218.6
199.4,64.2,424.2,228.2
196.2,207.4,354.6,319.4
347.4,247.4,467.4,343.4
312.2,1,478.6,72.2
141,235.4,198.6,301
114.6,249,197,301.8
236.2,77,477,247.4
219.4,1,315.4,64.2
30.6,237.8,213,384.2
1,230.6,197,384.2
153.8,91.4,204.2,155.4
158.6,283.4,221.8,384.2
398.6,77,477.8,243.4
435.4,245,512.2,384.2
217,223.4,291.4,331.4
185,63.4,345,107.4
113,153,183.4,301
315.4,241.8,429,384.2
323.4,257.8,368.2,384.2
222.6,134.6,271.4,202.6
223.4,136.2,269.8,202.6
65,173,185.8,301.8
269.8,237,406.6,341
17,153,191.4,221.8
203.4,1,318.6,64.2
419.4,77,477.8,244.2
320.2,257.8,428.2,384.2
223.4,90.6,325,210.6
113,153,182.6,301
223.4,136.2,269.8,185
79.4,159.4,191.4,285.8
393.8,241.8,441,309.8
311.4,1,512.2,269.8
223.4,136.2,279.4,210.6
208.2,93.8,271.4,209.8
223.4,217,464.2,319.4
392.2,1,512.2,125.8
223.4,221.8,312.2,384.2
79.4,159.4,191.4,285
277,244.2,329,384.2
445.8,284.2,512.2,384.2
333.8,1,512.2,79.4
441,121,505,249.8
225,91.4,305,197.8
217,1,306.6,63.4
189.8,215.4,235.4,384.2
155.4,76.2,221.8,384.2
219.4,233.8,314.6,384.2
148.2,159.4,191.4,280.2
213,1,310.6,64.2
377,68.2,509,181.8
203.4,1,478.6,72.2
377,73.8,512.2,269.8
315.4,253,429,384.2
165.8,76.2,227.4,384.2
384.2,241.8,453,309.8
217.8,249.8,279.4,384.2
223.4,233.8,314.6,384.2
207.4,207.4,351.4,261.8
223.4,223.4,280.2,331.4
220.2,81,325,210.6
219.4,249.8,309.8,384.2
1,153,212.2,338.6
375.4,1,428.2,72.2
311.4,1,512.2,72.2
205.8,62.6,400.2,129
403.4,76.2,470.6,233
223.4,161.8,267.4,209
227.4,309.8,310.6,384.2
306.6,194.6,512.2,384.2
394.6,1,512.2,69
223.4,90.6,325.8,210.6
15.4,217.8,90.6,268.2
224.2,74.6,482.6,245.8
165.8,299.4,213,384.2
284.2,1,412.2,65.8
73,93.8,277,384.2
315.4,246.6,467.4,384.2
345.8,248.2,406.6,341
315.4,246.6,384.2,384.2
323.4,273,363.4,384.2
1,232.2,200.2,384.2
203.4,1,310.6,64.2
9,180.2,106.6,268.2
208.2,201,465,260.2
200.2,89,322.6,225.8
370.6,241.8,512.2,384.2
148.2,154.6,195.4,251.4
223.4,310.6,309,384.2
114.6,249,185.8,301.8
1,203.4,212.2,384.2
377,330.6,425.8,378.6
336.2,1,428.2,72.2
65,173,197,301.8
164.2,300.2,213,384.2
220.2,90.6,325,210.6
348.2,243.4,422.6,357.8
302.6,1,374.6,75.4
223.4,87.4,332.2,210.6
208.2,201,465,343.4
445.8,259.4,512.2,384.2
206.6,63.4,345,107.4
279.4,90.6,323.4,181.8
261,69,512.2,297
208.2,208.2,400.2,260.2
277,244.2,329,317
208.2,203.4,437.8,265
194.6,1,512.2,384.2
329,260.2,428.2,384.2
226.6,1,302.6,62.6
223.4,223.4,280.2,298.6
203.4,1,478.6,129
215.4,93,256.2,144.2
439.4,1,485,69
224.2,70.6,495.4,245
348.2,1,512.2,72.2
56.2,181.8,105,272.2
226.6,5.8,273,49
343.4,243.4,432.2,343.4
188.2,1,478.6,129
219.4,251.4,309.8,384.2
223.4,1,323.4,64.2
228.2,237,347.4,314.6
453,213.8,512.2,301
225.8,130.6,433,239.4
323.4,246.6,384.2,378.6
311.4,1,437.8,72.2
326.6,1,376.2,77
327.4,64.2,507.4,104.2
312.2,1,428.2,72.2
155.4,76.2,224.2,384.2
223.4,233.8,310.6,384.2
223.4,223.4,272.2,269.8
279.4,90.6,325.8,210.6
172.2,1,328.2,73.8
113,153,209.8,338.6
203.4,1,329,64.2
302.6,1,512.2,245
449,284.2,501,384.2
223.4,223.4,276.2,291.4
205.8,1,307.4,64.2
215.4,217,313,384.2
32.2,154.6,130.6,289.8
381,1,441,72.2
96.2,153,161,301
217.8,249.8,309.8,384.2
401,1,465,72.2
349.8,330.6,437.8,384.2
297,81,404.2,214.6
226.6,1,298.6,63.4
269.8,237,352.2,340.2
213,223.4,298.6,384.2
281.8,90.6,324.2,209
420.2,247.4,467.4,384.2
223.4,217,467.4,384.2
196.2,91.4,354.6,319.4
154.6,281,216.2,377.8
28.2,173,141.8,285
220.2,223.4,313.8,384.2
327.4,64.2,512.2,245.8
207.4,82.6,432.2,260.2
1,230.6,200.2,384.2
208.2,208.2,475.4,261
207.4,207.4,351.4,319.4
261,74.6,482.6,245.8
261,77,481.8,243.4
1,232.2,214.6,384.2
145,295.4,213.8,384.2
320.2,243.4,428.2,384.2
1,1,202.6,384.2
375.4,1,446.6,71.4
345,77.8,438.6,233.8
208.2,208.2,374.6,260.2
312.2,1,405.8,75.4
109,162.6,154.6,249.8
223.4,223.4,268.2,269.8
217,1,306.6,64.2
227.4,284.2,307.4,331.4
223.4,1,308.2,63.4
1,145,165,309.8
401,1,478.6,72.2
311.4,1,490.6,72.2
207.4,193,374.6,260.2
185.8,93.8,277,384.2
221,223.4,311.4,384.2
279.4,90.6,325,209.8
315.4,243.4,428.2,384.2
1,177.8,158.6,309.8
223.4,309.8,310.6,384.2
342.6,243.4,397.8,337.8
231.4,309.8,310.6,384.2
430.6,76.2,477,243.4
225,251.4,279.4,297.8
171.4,1,329,89.8
109,160.2,159.4,272.2
113,289.8,212.2,384.2
223.4,223.4,282.6,345.8
312.2,1,354.6,63.4
73,76.2,224.2,384.2
148.2,161.8,191.4,269
323.4,289,363.4,376.2
223.4,313.8,308.2,384.2
369.8,241.8,512.2,384.2
165.8,301,213.8,384.2
78.6,154.6,162.6,301
1,173.8,109,224.2
33,188.2,158.6,309.8
217.8,1,335.4,64.2
442.6,75.4,512.2,297
207.4,132.2,374.6,260.2
227.4,290.6,292.2,332.2
102.6,154.6,156.2,273
143.4,153,197,251.4
463.4,245,512.2,291.4
224.2,77.8,437.8,245
315.4,244.2,429,384.2
385,77,477.8,243.4
213,1,307.4,64.2
226.6,1,273,62.6
393,1,512.2,125.8
28.2,135.4,208.2,302.6
145.8,154.6,198.6,301
148.2,154.6,198.6,301
441.8,1,485,71.4
213,319.4,298.6,384.2
1,231.4,212.2,384.2
315.4,288.2,368.2,384.2
419.4,75.4,509,244.2
373.8,250.6,430.6,337
468.2,1,512.2,41
261,77,477,247.4
347.4,247.4,467.4,384.2
220.2,90.6,268.2,135.4
225,1,303.4,62.6
108.2,93,227.4,312.2
225,250.6,276.2,320.2
324.2,1,512.2,77
306.6,194.6,503.4,337.8
65,152.2,199.4,301.8
25.8,235.4,115.4,296.2
28.2,173,202.6,302.6
374.6,241.8,453,309.8
235.4,328.2,308.2,379.4
225,90.6,315.4,209
445.8,323.4,512.2,384.2
207.4,207.4,432.2,384.2
185,63.4,345,209
53.8,173.8,109,213.8
223.4,315.4,282.6,366.6
131.4,76.2,204.2,251.4
113,162.6,184.2,272.2
1,1,202.6,244.2
223.4,136.2,271.4,209.8
236.2,87.4,352.2,217.8
365,238.6,512.2,384.2
35.4,187.4,92.2,268.2
336.2,1,386.6,70.6
421.8,106.6,505,280.2
191.4,86.6,256.2,384.2
203.4,1,306.6,64.2
467.4,74.6,509.8,244.2
109,152.2,199.4,282.6
144.2,249.8,202.6,302.6
433.8,245,512.2,384.2
365,1,448.2,72.2
191.4,89,324.2,384.2
453,241.8,502.6,286.6
340.2,242.6,430.6,343.4
223.4,136.2,273.8,209.8
1,145,176.2,224.2
109,152.2,199.4,272.2
352.2,241.8,444.2,384.2
340.2,75.4,509,244.2
219.4,251.4,279.4,331.4
143.4,152.2,199.4,261.8
223.4,217,464.2,261.8
414.6,247.4,467.4,343.4
394.6,1,443.4,66.6
225.8,321,309.8,384.2
223.4,223.4,313,366.6
369.8,213.8,512.2,384.2
297,82.6,348.2,212.2
453,241.8,512.2,297
30.6,237.8,165,306.6
226.6,241,310.6,314.6
315.4,70.6,495.4,245
406.6,74.6,508.2,245
273,237,317,319.4
420.2,247.4,467.4,357.8
323.4,257.8,437.8,384.2
311.4,1,512.2,73.8
208.2,208.2,431.4,260.2
109,159.4,191.4,280.2
208.2,203.4,431.4,260.2
257,238.6,309.8,312.2
223.4,241,312.2,384.2
171.4,74.6,211.4,153
1,145,212.2,384.2
225.8,77,477,247.4
217.8,301.8,309,384.2
223.4,223.4,311.4,384.2
170.6,1,217.8,65
223.4,223.4,313,384.2
385,77,437,226.6
225,297.8,311.4,384.2
108.2,152.2,199.4,282.6
213,85.8,324.2,165
80.2,153,197,297
1,1,203.4,222.6
113,153,161,301
219.4,249.8,310.6,384.2
345,74.6,512.2,244.2
219.4,290.6,310.6,384.2
92.2,223.4,311.4,384.2
222.6,135.4,280.2,209
315.4,243.4,440.2,384.2
1,145,176.2,244.2
324.2,1,405.8,75.4
389,241.8,441,309.8
350.6,1,490.6,72.2
449,256.2,512.2,384.2
346.6,80.2,437.8,235.4
158.6,285,216.2,377.8
9,163.4,128.2,233
441,194.6,503.4,246.6
148.2,153,197,251.4
326.6,81,404.2,221.8
113,154.6,156.2,273
225,90.6,307.4,197.8
393,72.2,512.2,243.4
297,77.8,437.8,245
435.4,76.2,477,243.4
441,194.6,505,249.8
381,24.2,437.8,66.6
417,31.4,512.2,73
144.2,245,185.8,296.2
207.4,203.4,432.2,384.2
225,1,308.2,63.4
428.2,241,480.2,384.2
326.6,1,512.2,77
225,328.2,309,384.2
453,213.8,512.2,297
223.4,168.2,276.2,208.2
267.4,284.2,307.4,331.4
412.2,1,465,72.2
225,251.4,285,298.6
223.4,145,276.2,193.8
80.2,154.6,156.2,297
146.6,153,197,251.4
196.2,207.4,351.4,319.4
96.2,188.2,149,297
223.4,301.8,309,384.2
191.4,93,256.2,384.2
225.8,215.4,374.6,260.2
281,61.8,512.2,244.2
323.4,289,363.4,384.2
223.4,297,309.8,384.2
352.2,241,512.2,384.2
445.8,284.2,505.8,384.2
1,145,165,223.4
340.2,242.6,431.4,343.4
435.4,77,477,240.2
1,232.2,212.2,384.2
26.6,181.8,105,272.2
146.6,160.2,191.4,269
1,177.8,196.2,384.2
217.8,223.4,309,384.2
225,237,310.6,314.6
342.6,31.4,512.2,75.4
302.6,1,346.6,64.2
213,94.6,273.8,165
327.4,64.2,509,244.2
370.6,241.8,444.2,384.2
315.4,254.6,428.2,384.2
219.4,1,307.4,64.2
205.8,62.6,507.4,129
221,298.6,275.4,344.2
225,1,335.4,63.4
166.6,1,407.4,101.8
223.4,221,275.4,267.4
225,151.4,275.4,199.4
441,194.6,503.4,251.4
233,239.4,317,314.6
406.6,74.6,482.6,212.2
131.4,76.2,204.2,185
231.4,91.4,305,197.8
223.4,1,323.4,63.4
219.4,1,329,65.8
339.4,241.8,417.8,337.8
374.6,242.6,439.4,384.2
96.2,153,161,300.2
353,250.6,430.6,337.8
230.6,328.2,308.2,379.4
349.8,330.6,425.8,384.2
325.8,273,368.2,384.2
376.2,76.2,477,243.4
369.8,241.8,451.4,384.2
326.6,74.6,508.2,245
343.4,243.4,430.6,343.4
401.8,29,490.6,72.2
327.4,64.2,507.4,105.8
333.8,64.2,507.4,105.8
223.4,223.4,293.8,320.2
444.2,1,512.2,72.2
223.4,315.4,269,362.6
222.6,137,280.2,209.8
261,77,477,242.6
328.2,336.2,368.2,384.2
419.4,77,477.8,243.4
1,1,202.6,224.2
223.4,284.2,312.2,384.2
217,223.4,285,313.8
340.2,243.4,430.6,343.4
374.6,241.8,453,384.2
421.8,106.6,485.8,280.2
92.2,245,192.2,301
325,261,368.2,384.2
61,254.6,103.4,296.2
449,284.2,512.2,384.2
401,1,512.2,72.2
97.8,245,192.2,301
376.2,77.8,437,233.8
223.4,284.2,309,384.2
361,337,437,384.2
445.8,323.4,505.8,384.2
224.2,90.6,265,135.4
457,1,512.2,41
328.2,273,368.2,384.2
346.6,83.4,399.4,225
336.2,1,405.8,65.8
408.2,1,448.2,72.2
401,1,448.2,72.2
226.6,5,273,62.6
145.8,153,198.6,301
1,151.4,139.4,224.2
315.4,241.8,453,384.2
281,61.8,512.2,243.4
238.6,328.2,308.2,379.4
223.4,223.4,276.2,313.8
60.2,163.4,128.2,208.2
220.2,90.6,265,135.4
245.8,1,302.6,63.4
397.8,80.2,437.8,235.4
261,81.8,375.4,212.2
229.8,328.2,309,384.2
119.4,162.6,184.2,249.8
398.6,79.4,438.6,233.8
267.4,298.6,313,353
217,1,307.4,64.2
114.6,207.4,197,301.8
442.6,75.4,508.2,245
315.4,243.4,433.8,384.2
370.6,242.6,512.2,384.2
229.8,237,310.6,314.6
170.6,1,212.2,65
381,1,441,66.6
218.6,1,306.6,64.2
100.2,193,141.8,285
223.4,321.8,279.4,366.6
79.4,167.4,141.8,285
453.8,1,512.2,69
329,258.6,429,384.2
113,153,161,273
209,62.6,512.2,132.2
223.4,223.4,275.4,288.2
144.2,235.4,198.6,301
261,81.8,375.4,222.6
56.2,173,141.8,285
375.4,9,437.8,72.2
165.8,301,212.2,384.2
183.4,85,232.2,304.2
223.4,223.4,313,353
149,152.2,199.4,261.8
384.2,241.8,441,309.8
109,160.2,149,272.2
375.4,1,444.2,72.2
171.4,1,407.4,101.8
377,77.8,437,233.8
370.6,241.8,440.2,384.2
153,76.2,204.2,166.6
227.4,297,309.8,346.6
140.2,153,197,251.4
56.2,181.8,105,246.6
325,261,429,384.2
229,91.4,324.2,209.8
315.4,243.4,379.4,384.2
465.8,284.2,512.2,338.6
325.8,118.6,372.2,220.2
223.4,223.4,293.8,269.8
323.4,273,368.2,384.2
230.6,284.2,307.4,331.4
172.2,264.2,217,370.6
164.2,300.2,212.2,384.2
223.4,91.4,322.6,209.8
224.2,161.8,277,209.8
297,77.8,437,233.8
225,82.6,348.2,212.2
145,153,198.6,301
223.4,161.8,280.2,209.8
408.2,241.8,451.4,313.8
268.2,241,310.6,314.6
225,302.6,309,384.2
225.8,301.8,309,384.2
229.8,92.2,305.8,193.8
225,1,301,62.6
358.6,305,437,378.6
17,163.4,128.2,221.8
170.6,1,211.4,65
398.6,79.4,462.6,236.2
284.2,1,512.2,75.4
213,1,306.6,64.2
374.6,241.8,451.4,384.2
169.8,300.2,212.2,384.2
80.2,177.8,149,297
359.4,325.8,440.2,384.2
453,209,512.2,304.2
375.4,1,490.6,72.2
442.6,1,512.2,72.2
340.2,243.4,431.4,343.4
205.8,63.4,345,210.6
358.6,249,437.8,378.6
223.4,321.8,282.6,366.6
406.6,1,448.2,72.2
61,254.6,165,306.6
153,91.4,204.2,166.6
350.6,1,444.2,71.4
109,159.4,162.6,249.8
223.4,153,276.2,208.2
361,325.8,440.2,384.2
28.2,217.8,90.6,268.2
155.4,86.6,207.4,185
69.8,173,115.4,256.2
324.2,1,405.8,71.4
28.2,219.4,90.6,268.2
172.2,1,329,65.8
61,254.6,113.8,299.4
370.6,337,437,384.2
321,336.2,368.2,384.2
297,82.6,349,214.6
53.8,163.4,128.2,213.8
449,259.4,501,384.2
97.8,244.2,141.8,285
148.2,160.2,191.4,269
435.4,241.8,512.2,384.2
374.6,77.8,438.6,233.8
340.2,89.8,464.2,240.2
148.2,152.2,199.4,261.8
324.2,1,374.6,69
215.4,98.6,267.4,152.2
326.6,81,404.2,211.4
370.6,241.8,437.8,378.6
361,333.8,437,384.2
172.2,1,261,65.8
192.2,93,267.4,234.6
225,250.6,276.2,291.4
202.6,89,322.6,213
345,74.6,509.8,244.2
223.4,151.4,276.2,208.2
393.8,79.4,438.6,233.8
64.2,145,165,199.4
109,149,235.4,384.2
375.4,1,444.2,71.4
233,239.4,317,319.4
374.6,241.8,512.2,384.2
172.2,264.2,217.8,384.2
393.8,241.8,437.8,343.4
319.4,79.4,464.2,247.4
74.6,241,141.8,285
229.8,259.4,283.4,312.2
297,81,404.2,225.8
144.2,249.8,185.8,296.2
261,77.8,430.6,228.2
107.4,249.8,202.6,302.6
9,193,93.8,245.8
224.2,91.4,305.8,193.8
28.2,187.4,141.8,285
97.8,253.8,149.8,297.8
369.8,209,512.2,384.2
65,173,141.8,285
444.2,1,512.2,73.8
223.4,151.4,280.2,209
449,323.4,512.2,384.2
385,77,438.6,233.8
401,1,464.2,72.2
97.8,253.8,154.6,301
229.8,328.2,298.6,384.2
226.6,5.8,273,63.4
219.4,251.4,293,331.4
166.6,1,212.2,73.8
223.4,161.8,267.4,208.2
247.4,328.2,298.6,377
375.4,1,437.8,72.2
109,159.4,162.6,250.6
158.6,285,211.4,338.6
172.2,264.2,215.4,341.8
358.6,305,437,354.6
225,145,322.6,209.8
131.4,288.2,213,384.2
233,256.2,285,298.6
323.4,289,363.4,361.8
390.6,256.2,431.4,325
219.4,251.4,307.4,331.4
35.4,187.4,141.8,285
149,243.4,198.6,301
334.6,1,393.8,70.6
273,237,317,314.6
186.6,215.4,235.4,384.2
321,336.2,371.4,384.2
35.4,187.4,92.2,245.8
225,302.6,311.4,384.2
192.2,91.4,324.2,234.6
9,180.2,106.6,245.8
449,259.4,512.2,384.2
437.8,1,512.2,72.2
223.4,223.4,277,289.8
225,145,275.4,199.4
326.6,85,374.6,225.8
264.2,162.6,322.6,209.8
281.8,91.4,323.4,181.8
231.4,91.4,313,210.6
153.8,76.2,204.2,155.4
223.4,217,351.4,261.8
229,91.4,305.8,134.6
222.6,137,275.4,209
350.6,1,446.6,71.4
225.8,321,300.2,384.2
370.6,337,425.8,378.6
155.4,131.4,201.8,185
284.2,1,347.4,64.2
393,72.2,512.2,132.2
222.6,137,275.4,178.6
1,177.8,84.2,223.4
319.4,89.8,464.2,247.4
64.2,153.8,140.2,199.4
219.4,319.4,279.4,384.2
225.8,215.4,347.4,260.2
109,160.2,235.4,384.2
219.4,319.4,298.6,384.2
109,162.6,184.2,272.2
49,188.2,158.6,309.8
217,1,298.6,63.4
375.4,9,417.8,72.2
231.4,91.4,325,210.6
223.4,217,362.6,261.8
236.2,87.4,345.8,214.6
406.6,74.6,478.6,120.2
377,77.8,434.6,229
120.2,288.2,213,384.2
385,77.8,430.6,228.2
370.6,248.2,431.4,337.8
223.4,223.4,282.6,333
435.4,74.6,509.8,244.2
93,167.4,141.8,285
284.2,1,337,64.2
276.2,239.4,317,314.6
35.4,193,93.8,245.8
144.2,249.8,192.2,301
165,1,205,153.8
370.6,256.2,431.4,337.8
223.4,223.4,268.2,265.8
374.6,77.8,424.2,228.2
229.8,92.2,322.6,209.8
370.6,254.6,431.4,337.8
408.2,77,477,242.6
30.6,237.8,113.8,299.4
240.2,328.2,298.6,384.2
1,179.4,81,224.2
165.8,299.4,208.2,384.2
202.6,89,322.6,209.8
150.6,161.8,191.4,269
109,162.6,162.6,249.8
64.2,145,176.2,201
229,91.4,322.6,209.8
347.4,248.2,431.4,343.4
148.2,159.4,191.4,269
30.6,237.8,103.4,296.2
249.8,328.2,298.6,377
