291.13,61.8,341.27,104.47
31.933,20.2,187.67,277.27
232.47,253.8,341.27,428.73
88.467,198.33,235.67,511.93
121.53,24.467,299.67,340.2
237.8,231.4,341.27,286.87
27.667,21.267,341.27,511.93
34.067,20.2,226.07,395.67
85.267,51.133,341.27,511.93
1,1,341.27,511.93
34.067,20.2,139.67,268.73
181.27,51.133,341.27,511.93
113,359.4,261.27,511.93
78.867,109.8,122.6,213.27
228.2,52.2,341.27,150.33
184.47,65,226.07,381.8
220.73,51.133,341.27,221.8
88.467,198.33,143.93,314.6
27.667,10.6,341.27,511.93
228.2,118.33,298.6,246.33
125.8,391.4,169.53,478.87
27.667,172.73,119.4,285.8
228.2,53.267,341.27,511.93
27.667,56.467,126.87,353
70.333,56.467,117.27,193
191.93,62.867,234.6,511.93
118.33,391.4,169.53,478.87
118.33,264.47,188.73,396.73
191.93,52.2,239.93,439.4
227.13,50.067,341.27,511.93
227.13,262.33,341.27,426.6
35.133,21.267,226.07,511.93
220.73,51.133,341.27,231.4
31.933,20.2,341.27,511.93
35.133,102.33,95.933,269.8
135.4,267.67,193,429.8
57.533,82.067,121.53,279.4
127.93,24.467,182.33,151.4
85.267,148.2,195.13,511.93
184.47,51.133,341.27,511.93
34.067,20.2,341.27,511.93
227.13,50.067,341.27,126.87
34.067,14.867,341.27,511.93
228.2,118.33,341.27,246.33
113,267.67,193,479.93
133.27,186.6,180.2,236.73
154.6,255.93,226.07,511.93
233.53,132.2,341.27,294.33
233.53,292.2,298.6,465
227.13,262.33,270.87,426.6
229.27,98.067,341.27,245.27
72.467,46.867,117.27,188.73
243.13,132.2,341.27,236.73
243.13,412.73,341.27,461.8
131.13,229.27,193,297.53
27.667,134.33,117.27,297.53
85.267,148.2,193,371.13
35.133,23.4,137.53,270.87
241,271.93,341.27,414.87
66.067,20.2,187.67,236.73
87.4,21.267,194.07,259.13
243.13,130.07,341.27,236.73
77.8,21.267,133.27,193
31.933,20.2,299.67,277.27
184.47,51.133,243.13,439.4
34.067,169.53,87.4,268.73
233.53,245.27,341.27,339.13
122.6,125.8,186.6,231.4
227.13,269.8,341.27,428.73
113,380.73,161,511.93
34.067,20.2,194.07,395.67
232.47,132.2,341.27,284.73
243.13,86.333,341.27,133.27
118.33,359.4,261.27,511.93
27.667,21.267,194.07,353
242.07,127.93,341.27,237.8
85.267,148.2,193,297.53
71.4,46.867,117.27,285.8
88.467,198.33,205.8,350.87
143.93,220.73,193,371.13
31.933,27.667,196.2,511.93
181.27,51.133,255.93,511.93
229.27,98.067,294.33,245.27
118.33,277.27,194.07,511.93
228.2,449,341.27,511.93
243.13,127.93,341.27,237.8
229.27,132.2,341.27,412.73
127.93,24.467,299.67,73.533
242.07,130.07,341.27,236.73
127.93,24.467,299.67,132.2
27.667,21.267,222.87,511.93
106.6,209,222.87,511.93
188.73,65,341.27,438.33
106.6,209,161,315.67
187.67,53.267,341.27,511.93
85.267,246.33,148.2,314.6
243.13,282.6,341.27,412.73
47.933,14.867,196.2,394.6
34.067,14.867,196.2,394.6
111.93,267.67,193,479.93
87.4,108.73,130.07,195.13
103.4,61.8,196.2,258.07
118.33,322.07,341.27,511.93
34.067,106.6,87.4,270.87
34.067,24.467,126.87,268.73
85.267,284.73,168.47,406.33
127.93,379.67,217.53,511.93
34.067,27.667,196.2,511.93
228.2,52.2,341.27,511.93
127.93,24.467,299.67,221.8
232.47,234.6,286.87,280.47
232.47,253.8,341.27,511.93
56.467,244.2,101.27,284.73
27.667,10.6,239.93,297.53
154.6,379.67,206.87,511.93
35.133,21.267,341.27,511.93
31.933,107.67,122.6,277.27
35.133,172.73,101.27,269.8
188.73,65,235.67,511.93
181.27,52.2,239.93,439.4
27.667,10.6,239.93,511.93
31.933,20.2,196.2,511.93
234.6,55.4,341.27,114.07
229.27,97,341.27,142.87
27.667,56.467,119.4,285.8
242.07,139.67,294.33,231.4
237.8,231.4,308.2,286.87
117.27,378.6,169.53,484.2
127.93,326.33,222.87,511.93
118.33,391.4,169.53,484.2
229.27,270.87,341.27,412.73
232.47,61.8,341.27,511.93
34.067,82.067,117.27,269.8
81,27.667,187.67,236.73
229.27,98.067,300.73,245.27
118.33,277.27,164.2,351.93
181.27,51.133,255.93,278.33
228.2,53.267,341.27,118.33
72.467,67.133,113,182.33
186.6,63.933,227.13,439.4
188.73,51.133,341.27,511.93
35.133,134.33,87.4,270.87
138.6,50.067,194.07,134.33
127.93,264.47,188.73,390.33
184.47,51.133,298.6,511.93
228.2,403.13,341.27,511.93
181.27,50.067,341.27,439.4
243.13,86.333,341.27,150.33
85.267,57.533,226.07,511.93
155.67,441.53,206.87,511.93
232.47,61.8,341.27,339.13
232.47,95.933,341.27,231.4
104.47,148.2,156.73,282.6
232.47,61.8,341.27,231.4
113,339.13,261.27,511.93
242.07,282.6,341.27,412.73
238.87,130.07,341.27,277.27
228.2,132.2,341.27,511.93
118.33,390.33,164.2,493.8
85.267,201.53,194.07,398.87
27.667,82.067,122.6,279.4
228.2,450.07,341.27,511.93
118.33,279.4,164.2,351.93
27.667,82.067,146.07,361.53
122.6,56.467,187.67,236.73
34.067,14.867,261.27,511.93
228.2,53.267,341.27,203.67
103.4,57.533,226.07,511.93
31.933,107.67,81,270.87
90.6,150.33,134.33,280.47
133.27,56.467,187.67,236.73
118.33,391.4,163.13,478.87
239.93,284.73,341.27,511.93
154.6,261.27,341.27,511.93
154.6,114.07,202.6,258.07
198.33,51.133,243.13,439.4
121.53,25.533,187.67,236.73
232.47,204.73,341.27,339.13
118.33,277.27,187.67,404.2
232.47,233.53,341.27,285.8
85.267,213.27,184.47,314.6
57.533,82.067,122.6,279.4
198.33,51.133,243.13,436.2
233.53,231.4,341.27,294.33
119.4,395.67,194.07,511.93
222.87,51.133,341.27,132.2
148.2,264.47,188.73,396.73
127.93,255.93,235.67,511.93
228.2,270.87,341.27,421.27
34.067,24.467,139.67,268.73
126.87,23.4,171.67,151.4
113,363.67,161,454.33
232.47,61.8,341.27,127.93
229.27,97,294.33,246.33
61.8,273,146.07,361.53
228.2,97,341.27,289
132.2,29.8,187.67,244.2
236.73,67.133,278.33,111.93
260.2,245.27,341.27,287.93
104.47,150.33,185.53,279.4
228.2,204.73,341.27,289
121.53,209,205.8,350.87
27.667,46.867,117.27,297.53
238.87,412.73,341.27,463.93
243.13,271.93,341.27,411.67
233.53,262.33,281.53,339.13
148.2,264.47,193,404.2
118.33,277.27,164.2,328.47
78.867,109.8,122.6,217.53
129,29.8,196.2,360.47
229.27,97,341.27,235.67
228.2,53.267,341.27,246.33
34.067,119.4,104.47,277.27
101.27,207.93,143.93,314.6
241,282.6,341.27,412.73
239.93,412.73,341.27,461.8
34.067,161,87.4,268.73
184.47,51.133,289,511.93
121.53,24.467,299.67,151.4
95.933,276.2,156.73,351.93
117.27,377.53,182.33,478.87
186.6,63.933,238.87,511.93
243.13,132.2,300.73,233.53
198.33,65,243.13,436.2
72.467,20.2,126.87,217.53
35.133,21.267,133.27,269.8
127.93,24.467,210.07,65
113,52.2,261.27,511.93
231.4,403.13,341.27,459.67
211.13,50.067,341.27,121.53
132.2,29.8,187.67,231.4
104.47,148.2,193,280.47
211.13,50.067,341.27,142.87
231.4,404.2,341.27,511.93
238.87,234.6,341.27,284.73
127.93,404.2,169.53,484.2
35.133,21.267,210.07,298.6
81,31.933,187.67,236.73
72.467,20.2,139.67,217.53
118.33,50.067,341.27,511.93
228.2,120.47,341.27,250.6
232.47,234.6,341.27,284.73
119.4,274.07,164.2,351.93
238.87,63.933,297.53,114.07
35.133,21.267,341.27,396.73
222.87,51.133,341.27,120.47
135.4,267.67,193,474.6
228.2,282.6,341.27,412.73
113,14.867,185.53,57.533
35.133,134.33,87.4,267.67
90.6,57.533,210.07,280.47
57.533,211.13,119.4,285.8
138.6,50.067,194.07,148.2
131.13,129,187.67,252.73
31.933,82.067,117.27,277.27
211.13,51.133,341.27,255.93
241,284.73,341.27,414.87
238.87,234.6,291.13,277.27
66.067,31.933,131.13,216.47
227.13,50.067,341.27,289
191.93,62.867,341.27,511.93
228.2,282.6,341.27,511.93
118.33,277.27,195.13,511.93
85.267,241,196.2,511.93
243.13,284.73,341.27,414.87
195.13,404.2,322.07,511.93
106.6,209,194.07,390.33
236.73,453.27,341.27,511.93
119.4,390.33,164.2,493.8
113,406.33,153.53,511.93
108.73,14.867,185.53,58.6
127.93,424.47,169.53,484.2
191.93,65,341.27,439.4
155.67,379.67,206.87,511.93
149.27,326.33,199.4,511.93
237.8,233.53,300.73,277.27
227.13,270.87,341.27,421.27
231.4,404.2,341.27,465
155.67,359.4,261.27,511.93
228.2,227.13,341.27,289
89.533,119.4,164.2,218.6
198.33,261.27,341.27,511.93
244.2,130.07,341.27,233.53
35.133,21.267,341.27,315.67
34.067,152.47,83.133,269.8
122.6,91.667,185.53,199.4
118.33,279.4,164.2,328.47
106.6,207.93,153.53,286.87
232.47,204.73,298.6,278.33
122.6,150.33,164.2,199.4
232.47,62.867,294.33,115.13
188.73,65,341.27,511.93
140.73,209,196.2,340.2
228.2,451.13,341.27,511.93
229.27,121.53,341.27,250.6
127.93,24.467,299.67,76.733
124.73,220.73,193,371.13
90.6,21.267,133.27,139.67
227.13,269.8,271.93,428.73
238.87,233.53,298.6,277.27
228.2,52.2,341.27,115.13
126.87,23.4,171.67,86.333
34.067,27.667,187.67,269.8
79.933,31.933,131.13,210.07
228.2,404.2,341.27,511.93
154.6,262.33,196.2,511.93
209,357.27,261.27,511.93
106.6,209,194.07,351.93
191.93,53.267,341.27,511.93
52.2,56.467,117.27,209
31.933,119.4,104.47,277.27
122.6,42.6,194.07,220.73
231.4,404.2,305,465
85.267,241,184.47,314.6
59.667,109.8,122.6,270.87
190.87,262.33,289,511.93
228.2,52.2,301.8,115.13
243.13,130.07,341.27,235.67
243.13,460.73,341.27,511.93
154.6,65,341.27,511.93
88.467,198.33,153.53,314.6
148.2,262.33,196.2,511.93
35.133,134.33,94.867,270.87
184.47,65,226.07,437.27
27.667,134.33,117.27,292.2
89.533,10.6,239.93,261.27
113,287.93,153.53,378.6
34.067,169.53,78.867,268.73
238.87,411.67,341.27,463.93
117.27,27.667,186.6,231.4
181.27,50.067,341.27,221.8
154.6,261.27,199.4,511.93
126.87,26.6,168.47,151.4
129,29.8,187.67,244.2
228.2,53.267,341.27,140.73
72.467,28.733,113,170.6
34.067,119.4,88.467,269.8
81,31.933,139.67,147.13
210.07,102.33,341.27,439.4
154.6,379.67,217.53,511.93
239.93,411.67,341.27,463.93
47.933,14.867,185.53,284.73
72.467,23.4,137.53,182.33
66.067,20.2,131.13,216.47
35.133,172.73,119.4,285.8
292.2,412.73,341.27,461.8
196.2,67.133,238.87,438.33
236.73,411.67,341.27,511.93
27.667,233.53,117.27,292.2
117.27,378.6,165.27,478.87
35.133,21.267,210.07,315.67
89.533,10.6,227.13,218.6
35.133,172.73,82.067,269.8
90.6,57.533,194.07,395.67
135.4,56.467,187.67,229.27
143.93,298.6,193,429.8
121.53,26.6,168.47,85.267
228.2,97,294.33,246.33
56.467,57.533,194.07,395.67
133.27,29.8,187.67,151.4
209,414.87,261.27,462.87
118.33,391.4,163.13,479.93
47.933,185.53,101.27,284.73
121.53,26.6,186.6,145
90.6,156.73,134.33,259.13
57.533,108.73,122.6,279.4
131.13,129,187.67,220.73
209,414.87,261.27,511.93
231.4,406.33,341.27,461.8
195.13,414.87,261.27,511.93
198.33,261.27,298.6,511.93
85.267,148.2,196.2,511.93
88.467,201.53,194.07,365.8
231.4,404.2,322.07,465
231.4,56.467,308.2,126.87
155.67,322.07,341.27,511.93
241,456.47,341.27,511.93
155.67,322.07,261.27,511.93
119.4,395.67,164.2,493.8
116.2,61.8,194.07,219.67
90.6,57.533,194.07,321
238.87,229.27,341.27,277.27
106.6,209,161,351.93
113,363.67,161,439.4
113,14.867,185.53,58.6
51.133,207.93,97,277.27
87.4,21.267,134.33,259.13
133.27,189.8,173.8,236.73
34.067,106.6,87.4,268.73
236.73,284.73,341.27,511.93
148.2,264.47,188.73,390.33
121.53,24.467,227.13,145
47.933,20.2,147.13,284.73
72.467,20.2,117.27,170.6
87.4,119.4,130.07,195.13
186.6,255.93,235.67,511.93
244.2,410.6,322.07,465
148.2,264.47,188.73,340.2
88.467,201.53,153.53,286.87
155.67,327.4,210.07,511.93
154.6,396.73,199.4,511.93
209,412.73,289,511.93
137.53,50.067,186.6,145
118.33,267.67,193,479.93
131.13,57.533,210.07,257
85.267,287.93,168.47,406.33
186.6,63.933,227.13,266.6
59.667,27.667,186.6,270.87
198.33,261.27,289,511.93
127.93,391.4,169.53,484.2
137.53,50.067,186.6,137.53
121.53,209,196.2,350.87
122.6,27.667,186.6,231.4
118.33,391.4,165.27,478.87
232.47,204.73,298.6,246.33
237.8,233.53,341.27,285.8
92.733,29.8,196.2,394.6
121.53,26.6,227.13,145
148.2,298.6,193,389.27
85.267,209,148.2,315.67
127.93,440.47,169.53,484.2
104.47,148.2,193,297.53
153.53,210.07,194.07,365.8
188.73,65,238.87,438.33
34.067,20.2,186.6,270.87
85.267,287.93,168.47,394.6
131.13,243.13,177,298.6
85.267,246.33,184.47,314.6
244.2,130.07,341.27,235.67
231.4,406.33,341.27,465
292.2,411.67,341.27,456.47
241,442.6,341.27,511.93
85.267,221.8,148.2,315.67
104.47,148.2,193,268.73
124.73,219.67,193,371.13
269.8,97,341.27,142.87
135.4,298.6,193,429.8
290.07,235.67,341.27,276.2
232.47,231.4,341.27,286.87
198.33,261.27,261.27,511.93
284.73,411.67,341.27,461.8
241,62.867,341.27,114.07
127.93,326.33,199.4,511.93
47.933,150.33,147.13,284.73
154.6,396.73,199.4,478.87
129,49,239.93,261.27
34.067,117.27,88.467,268.73
35.133,21.267,137.53,270.87
97,57.533,226.07,511.93
232.47,253.8,341.27,339.13
121.53,25.533,163.13,151.4
154.6,326.33,199.4,511.93
143.93,219.67,193,371.13
51.133,108.73,122.6,277.27
162.07,451.13,206.87,511.93
243.13,86.333,308.2,133.27
90.6,57.533,210.07,298.6
117.27,397.8,169.53,511.93
119.4,376.47,194.07,511.93
131.13,152.47,186.6,199.4
104.47,57.533,194.07,321
181.27,53.267,227.13,116.2
241,461.8,341.27,511.93
74.6,108.73,122.6,217.53
154.6,261.27,322.07,511.93
236.73,62.867,294.33,111.93
241,63.933,287.93,114.07
27.667,245.27,146.07,361.53
104.47,148.2,193,371.13
120.47,274.07,164.2,350.87
263.4,235.67,341.27,284.73
89.533,119.4,152.47,198.33
230.33,98.067,294.33,245.27
61.8,275.13,126.87,353
228.2,52.2,292.2,115.13
228.2,53.267,284.73,203.67
148.2,264.47,193,371.13
140.73,209,184.47,280.47
113,420.2,159.93,511.93
89.533,10.6,137.53,148.2
195.13,414.87,261.27,462.87
154.6,379.67,210.07,511.93
105.53,207.93,153.53,286.87
103.4,57.533,196.2,258.07
289,412.73,341.27,459.67
51.133,202.6,104.47,277.27
132.2,29.8,187.67,229.27
187.67,60.733,239.93,261.27
140.73,210.07,184.47,280.47
85.267,209,152.47,315.67
106.6,221.8,148.2,315.67
237.8,234.6,286.87,277.27
135.4,120.47,187.67,162.07
135.4,56.467,187.67,151.4
220.73,404.2,322.07,465
230.33,97,284.73,174.87
121.53,25.533,165.27,151.4
155.67,398.87,210.07,511.93
238.87,234.6,287.93,277.27
79.933,108.73,122.6,210.07
106.6,221.8,154.6,315.67
89.533,10.6,164.2,218.6
237.8,233.53,341.27,277.27
89.533,23.4,131.13,93.8
239.93,412.73,289,457.53
232.47,62.867,294.33,127.93
122.6,125.8,185.53,231.4
131.13,210.07,194.07,339.13
92.733,220.73,193,394.6
232.47,57.533,292.2,115.13
239.93,410.6,341.27,461.8
113,397.8,169.53,511.93
154.6,309.27,226.07,511.93
148.2,264.47,188.73,337
236.73,61.8,341.27,111.93
236.73,62.867,292.2,111.93
34.067,170.6,78.867,269.8
104.47,148.2,146.07,247.4
81,31.933,131.13,139.67
131.13,229.27,193,298.6
228.2,52.2,308.2,115.13
72.467,31.933,137.53,182.33
230.33,97,294.33,174.87
129,49,202.6,258.07
292.2,412.73,341.27,456.47
85.267,201.53,194.07,365.8
87.4,108.73,134.33,259.13
92.733,244.2,184.47,303.93
104.47,148.2,146.07,282.6
34.067,169.53,78.867,269.8
118.33,274.07,164.2,351.93
143.93,219.67,193,268.73
191.93,102.33,341.27,439.4
232.47,132.2,341.27,280.47
231.4,78.867,296.47,126.87
92.733,233.53,185.53,394.6
122.6,42.6,187.67,220.73
188.73,67.133,238.87,438.33
231.4,406.33,305,457.53
120.47,274.07,164.2,351.93
85.267,262.33,184.47,314.6
239.93,411.67,341.27,461.8
104.47,57.533,187.67,279.4
238.87,234.6,341.27,277.27
263.4,233.53,341.27,284.73
90.6,150.33,134.33,259.13
243.13,284.73,341.27,411.67
118.33,277.27,164.2,335.93
119.4,395.67,191.93,511.93
72.467,20.2,126.87,170.6
238.87,233.53,341.27,277.27
34.067,24.467,137.53,268.73
228.2,53.267,284.73,174.87
122.6,130.07,185.53,199.4
103.4,150.33,164.2,218.6
154.6,426.6,210.07,511.93
239.93,411.67,341.27,511.93
132.2,125.8,186.6,191.93
243.13,127.93,341.27,235.67
148.2,298.6,193,365.8
121.53,25.533,165.27,147.13
228.2,53.267,284.73,136.47
35.133,180.2,94.867,270.87
153.53,210.07,194.07,339.13
244.2,410.6,300.73,465
132.2,104.47,187.67,229.27
211.13,52.2,287.93,121.53
92.733,233.53,157.8,322.07
131.13,57.533,188.73,252.73
72.467,20.2,126.87,213.27
196.2,119.4,238.87,438.33
89.533,23.4,137.53,148.2
155.67,398.87,206.87,511.93
129,49,194.07,162.07
244.2,131.13,341.27,233.53
231.4,406.33,341.27,459.67
78.867,24.467,126.87,190.87
122.6,135.4,179.13,221.8
92.733,233.53,184.47,303.93
61.8,273,126.87,353
92.733,246.33,184.47,303.93
108.73,119.4,152.47,198.33
244.2,410.6,305,465
61.8,275.13,124.73,330.6
196.2,68.2,238.87,438.33
116.2,61.8,196.2,258.07
92.733,233.53,157.8,318.87
91.667,150.33,147.13,282.6
267.67,233.53,341.27,274.07
229.27,102.33,293.27,142.87
95.933,150.33,164.2,218.6
148.2,262.33,193,371.13
231.4,63.933,287.93,118.33
211.13,52.2,341.27,121.53
231.4,406.33,282.6,457.53
133.27,29.8,187.67,126.87
155.67,361.53,210.07,511.93
85.267,262.33,148.2,314.6
211.13,52.2,308.2,121.53
101.27,216.47,143.93,314.6
231.4,56.467,301.8,126.87
238.87,56.467,301.8,103.4
113,420.2,153.53,511.93
92.733,233.53,184.47,314.6
57.533,233.53,117.27,292.2
231.4,56.467,341.27,126.87
248.47,63.933,297.53,114.07
154.6,327.4,226.07,511.93
258.07,410.6,298.6,465
47.933,185.53,97,277.27
246.33,81,296.47,126.87
143.93,220.73,185.53,279.4
131.13,164.2,177,220.73
232.47,239.93,286.87,280.47
113,279.4,185.53,394.6
229.27,97,341.27,231.4
231.4,406.33,286.87,457.53
34.067,161,79.933,268.73
230.33,107.67,271.93,174.87
104.47,150.33,147.13,239.93
72.467,20.2,113,170.6
135.4,61.8,194.07,162.07
42.6,169.53,87.4,268.73
35.133,172.73,78.867,267.67
291.13,235.67,341.27,276.2
155.67,322.07,212.2,511.93
113,287.93,168.47,394.6
241,62.867,292.2,114.07
95.933,23.4,137.53,148.2
231.4,92.733,284.73,136.47
131.13,153.53,185.53,218.6
239.93,412.73,295.4,463.93
235.67,56.467,301.8,103.4
239.93,245.27,341.27,285.8
116.2,119.4,185.53,218.6
92.733,233.53,148.2,283.67
197.27,62.867,239.93,261.27
119.4,351.93,168.47,394.6
239.93,412.73,341.27,463.93
154.6,327.4,211.13,511.93
34.067,172.73,78.867,268.73
229.27,102.33,285.8,142.87
140.73,279.4,185.53,350.87
122.6,125.8,185.53,221.8
120.47,262.33,184.47,303.93
133.27,29.8,187.67,120.47
141.8,279.4,184.47,333.8
230.33,97,271.93,174.87
47.933,185.53,97,270.87
238.87,412.73,295.4,463.93
244.2,131.13,341.27,235.67
243.13,412.73,292.2,457.53
241,463.93,341.27,511.93
248.47,63.933,292.2,114.07
