1,317.8,231.4,511.93
1,1,340.2,511.93
170.6,169.53,283.67,339.13
1,250.6,204.73,511.93
244.2,1,295.4,122.6
1,396.73,54.333,465
1,127.93,175.93,277.27
147.13,1,340.2,511.93
140.73,1,268.73,247.4
1,108.73,283.67,511.93
114.07,267.67,178.07,388.2
1,125.8,202.6,383.93
244.2,1,297.53,511.93
123.67,1,340.2,511.93
1,1,260.2,298.6
229.27,1,340.2,511.93
1,115.13,145,388.2
1,1,296.47,511.93
132.2,187.67,287.93,511.93
82.067,1,268.73,309.27
135.4,1,283.67,339.13
1,1,206.87,511.93
148.2,86.333,296.47,511.93
135.4,1,255.93,119.4
1,1,268.73,343.4
165.27,1,297.53,285.8
238.87,1,340.2,511.93
1,108.73,202.6,493.8
82.067,147.13,285.8,473.53
1,1,255.93,181.27
242.07,1,306.07,183.4
229.27,4.2,287.93,108.73
175.93,147.13,285.8,273
1,1,297.53,511.93
271.93,1,340.2,511.93
1,1,287.93,511.93
1,390.33,231.4,511.93
136.47,169.53,290.07,511.93
1,115.13,145,389.27
149.27,370.07,290.07,511.93
1,1,278.33,298.6
127.93,70.333,295.4,365.8
1,1,290.07,511.93
1,317.8,229.27,511.93
82.067,267.67,178.07,388.2
1,1,289,511.93
244.2,84.2,294.33,182.33
282.6,1,340.2,511.93
238.87,1,289,122.6
1,230.33,117.27,383.93
148.2,219.67,280.47,405.27
135.4,1,268.73,248.47
1,1,285.8,511.93
204.73,407.4,283.67,511.93
148.2,322.07,283.67,511.93
46.867,108.73,104.47,150.33
111.93,1,340.2,511.93
209,1,340.2,511.93
1,1,182.33,181.27
82.067,229.27,280.47,388.2
39.4,153.53,172.73,337
273,1,340.2,511.93
123.67,308.2,340.2,511.93
1,187.67,287.93,511.93
124.73,70.333,262.33,286.87
165.27,1,340.2,511.93
56.467,183.4,265.53,309.27
190.87,265.53,280.47,340.2
201.53,264.47,278.33,328.47
111.93,155.67,291.13,473.53
203.67,394.6,262.33,468.2
114.07,169.53,283.67,511.93
3.1333,355.13,76.733,428.73
134.33,229.27,201.53,296.47
228.2,187.67,287.93,321
81,301.8,204.73,511.93
244.2,1,340.2,503.4
86.333,187.67,296.47,511.93
114.07,308.2,228.2,511.93
1,322.07,283.67,511.93
1,125.8,285.8,511.93
1,1,268.73,511.93
238.87,1,289,110.87
1,1,86.333,181.27
111.93,70.333,295.4,473.53
1,1,289,181.27
1,355.13,129,511.93
106.6,155.67,158.87,230.33
83.133,181.27,147.13,280.47
179.13,1,297.53,271.93
135.4,1,267.67,248.47
82.067,1,297.53,511.93
114.07,86.333,296.47,511.93
244.2,1,306.07,503.4
1,366.87,102.33,511.93
1,1,260.2,511.93
1,1,175.93,277.27
99.133,75.667,174.87,161
114.07,147.13,285.8,388.2
133.27,318.87,340.2,511.93
147.13,187.67,296.47,511.93
49,1,268.73,333.8
246.33,4.2,287.93,122.6
1,211.13,115.13,418.07
56.467,155.67,265.53,343.4
1,115.13,145,392.47
1,361.53,129,511.93
148.2,284.73,188.73,328.47
147.13,275.13,193,327.4
1,355.13,76.733,495.93
77.8,75.667,201.53,333.8
148.2,253.8,205.8,328.47
7.4,414.87,74.6,506.6
114.07,1,297.53,511.93
49,228.2,201.53,511.93
49,1,197.27,89.533
148.2,1,340.2,511.93
178.07,155.67,284.73,271.93
242.07,1,306.07,495.93
49,1,197.27,113
1,125.8,229.27,511.93
244.2,1,295.4,181.27
238.87,1,287.93,110.87
1,108.73,231.4,511.93
209,197.27,257,244.2
1,108.73,290.07,511.93
49,1,268.73,118.33
246.33,1,295.4,122.6
147.13,169.53,283.67,511.93
148.2,377.53,277.27,511.93
1,313.53,81,493.8
196.2,183.4,265.53,251.67
1,1,133.27,511.93
127.93,70.333,262.33,266.6
9.5333,228.2,66.067,277.27
1,307.13,102.33,511.93
1,1,278.33,181.27
203.67,332.73,282.6,473.53
244.2,83.133,295.4,182.33
245.27,1,340.2,511.93
1,155.67,206.87,511.93
1,391.4,227.13,511.93
148.2,98.067,262.33,247.4
1,62.867,172.73,182.33
57.533,393.53,129,469.27
29.8,1,182.33,165.27
147.13,169.53,283.67,468.2
219.67,397.8,280.47,473.53
167.4,438.33,228.2,511.93
106.6,155.67,163.13,230.33
115.13,301.8,166.33,424.47
286.87,1,340.2,457.53
242.07,1,340.2,511.93
242.07,1,295.4,122.6
1,1,201.53,511.93
1,130.07,140.73,298.6
148.2,376.47,283.67,511.93
296.47,371.13,340.2,507.67
228.2,169.53,283.67,323.13
220.73,184.47,263.4,226.07
179.13,183.4,262.33,266.6
39.4,153.53,202.6,337
13.8,331.67,81,377.53
56.467,155.67,265.53,309.27
191.93,383.93,280.47,473.53
148.2,376.47,280.47,479.93
209,172.73,281.53,244.2
86.333,309.27,228.2,511.93
20.2,310.33,94.867,376.47
49,2.0667,157.8,81
132.2,445.8,269.8,511.93
1,108.73,172.73,493.8
1,230.33,117.27,408.47
1,1,182.33,388.2
1,1,268.73,277.27
47.933,284.73,91.667,332.73
148.2,169.53,283.67,339.13
1,228.2,201.53,511.93
243.13,1,289,111.93
49,1,182.33,113
236.73,403.13,279.4,473.53
148.2,71.4,268.73,247.4
140.73,1,268.73,118.33
203.67,394.6,280.47,473.53
148.2,246.33,210.07,298.6
244.2,1,290.07,52.2
244.2,76.733,294.33,206.87
111.93,307.13,167.4,399.93
1,405.27,59.667,495.93
116.2,301.8,166.33,424.47
1,108.73,140.73,298.6
245.27,76.733,294.33,197.27
247.4,47.933,287.93,93.8
229.27,1,289,122.6
133.27,387.13,279.4,511.93
49,1,268.73,247.4
229.27,4.2,287.93,122.6
1,108.73,202.6,337
133.27,318.87,280.47,511.93
244.2,1,295.4,180.2
77.8,155.67,172.73,268.73
102.33,313.53,201.53,449
148.2,139.67,261.27,247.4
237.8,4.2,287.93,122.6
56.467,183.4,201.53,309.27
244.2,1,298.6,503.4
286.87,1,340.2,511.93
175.93,229.27,221.8,324.2
82.067,147.13,285.8,388.2
244.2,1,298.6,134.33
124.73,70.333,262.33,298.6
247.4,1,295.4,110.87
148.2,317.8,280.47,401
15.933,414.87,74.6,506.6
46.867,329.53,133.27,443.67
38.333,87.4,133.27,230.33
1,364.73,102.33,511.93
282.6,60.733,340.2,511.93
148.2,169.53,283.67,405.27
86.333,406.33,157.8,511.93
55.4,153.53,202.6,337
148.2,377.53,278.33,511.93
86.333,385,228.2,511.93
131.13,155.67,206.87,245.27
136.47,169.53,287.93,405.27
198.33,155.67,284.73,245.27
266.6,1,340.2,511.93
191.93,1,297.53,268.73
148.2,374.33,278.33,511.93
82.067,155.67,206.87,309.27
147.13,232.47,236.73,327.4
82.067,181.27,147.13,309.27
153.53,78.867,267.67,248.47
141.8,273,206.87,331.67
55.4,156.73,148.2,266.6
245.27,87.4,294.33,197.27
148.2,371.13,292.2,511.93
129,157.8,172.73,229.27
111.93,219.67,291.13,473.53
155.67,182.33,202.6,225
175.93,229.27,280.47,340.2
236.73,403.13,280.47,473.53
1,115.13,201.53,511.93
148.2,377.53,280.47,511.93
220.73,86.333,296.47,472.47
169.53,103.4,220.73,154.6
194.07,277.27,279.4,334.87
20.2,313.53,92.733,376.47
1,250.6,129,511.93
78.867,262.33,161,333.8
246.33,4.2,287.93,115.13
81,406.33,157.8,511.93
1,10.6,56.467,126.87
81,373.27,198.33,511.93
238.87,1,295.4,122.6
147.13,390.33,203.67,458.6
187.67,381.8,280.47,473.53
243.13,1,289,122.6
38.333,470.33,100.2,511.93
200.47,147.13,285.8,244.2
244.2,1,340.2,511.93
51.133,284.73,91.667,327.4
244.2,76.733,294.33,187.67
180.2,107.67,229.27,161
211.13,184.47,262.33,235.67
209,147.13,285.8,244.2
191.93,392.47,259.13,461.8
242.07,1,297.53,206.87
217.53,187.67,287.93,321
102.33,313.53,201.53,437.27
49,2.0667,157.8,89.533
223.93,407.4,283.67,511.93
207.93,111.93,268.73,174.87
244.2,84.2,297.53,503.4
211.13,396.73,251.67,511.93
83.133,155.67,206.87,268.73
245.27,87.4,294.33,181.27
244.2,86.333,294.33,187.67
147.13,187.67,287.93,415.93
148.2,229.27,221.8,325.27
246.33,1,306.07,183.4
1,1,131.13,126.87
1,313.53,81,408.47
82.067,300.73,149.27,388.2
178.07,239.93,279.4,347.67
209,169.53,282.6,244.2
247.4,26.6,298.6,134.33
1,1,100.2,289
247.4,31.933,298.6,134.33
147.13,187.67,292.2,511.93
82.067,225,168.47,337
95.933,225,168.47,295.4
132.2,318.87,284.73,511.93
90.6,258.07,158.87,309.27
263.4,371.13,340.2,511.93
26.6,329.53,133.27,468.2
209,1,297.53,244.2
39.4,153.53,148.2,266.6
1,405.27,59.667,445.8
201.53,264.47,279.4,328.47
1,1,131.13,134.33
148.2,322.07,280.47,435.13
1,230.33,133.27,493.8
190.87,399.93,233.53,477.8
245.27,76.733,297.53,206.87
1,214.33,63.933,277.27
1,1,86.333,111.93
198.33,387.13,279.4,511.93
179.13,147.13,285.8,266.6
57.533,149.27,133.27,230.33
209,155.67,284.73,244.2
1,313.53,73.533,408.47
1,347.67,44.733,418.07
166.33,381.8,218.6,470.33
191.93,383.93,280.47,438.33
1,156.73,69.267,245.27
124.73,182.33,202.6,286.87
20.2,307.13,94.867,389.27
223.93,407.4,269.8,511.93
243.13,1,287.93,57.533
246.33,1,295.4,110.87
1,1,100.2,181.27
1,119.4,42.6,182.33
121.53,385,228.2,511.93
1,211.13,129,511.93
148.2,284.73,283.67,511.93
244.2,76.733,306.07,495.93
148.2,229.27,280.47,401
1,20.2,51.133,181.27
266.6,371.13,340.2,511.93
1,178.07,69.267,228.2
57.533,361.53,129,469.27
55.4,153.53,148.2,266.6
191.93,370.07,290.07,511.93
209,184.47,263.4,244.2
13.8,280.47,115.13,380.73
292.2,371.13,340.2,511.93
38.333,90.6,125.8,159.93
25.533,310.33,94.867,376.47
1,329.53,133.27,493.8
169.53,103.4,211.13,154.6
191.93,392.47,280.47,468.2
203.67,183.4,265.53,243.13
20.2,307.13,94.867,376.47
178.07,241,279.4,347.67
1,229.27,55.4,294.33
149.27,376.47,205.8,454.33
1,20.2,51.133,165.27
220.73,428.73,283.67,511.93
1,357.27,44.733,418.07
235.67,169.53,283.67,282.6
83.133,181.27,147.13,268.73
140.73,79.933,262.33,266.6
81,373.27,204.73,511.93
247.4,106.6,294.33,180.2
164.2,246.33,210.07,294.33
147.13,169.53,283.67,410.6
243.13,1,289,57.533
245.27,87.4,294.33,187.67
148.2,377.53,218.6,470.33
246.33,53.267,286.87,108.73
209,161,282.6,244.2
133.27,419.13,228.2,511.93
140.73,70.333,262.33,266.6
147.13,390.33,231.4,511.93
141.8,273,193,327.4
243.13,1,287.93,66.067
233.53,246.33,279.4,339.13
1,395.67,54.333,475.67
77.8,155.67,201.53,333.8
243.13,1,289,108.73
1,250.6,119.4,418.07
106.6,155.67,159.93,230.33
201.53,282.6,262.33,328.47
244.2,84.2,297.53,220.73
251.67,117.27,294.33,181.27
111.93,219.67,280.47,399.93
245.27,76.733,297.53,197.27
201.53,282.6,264.47,328.47
60.733,329.53,133.27,422.33
207.93,111.93,268.73,207.93
11.667,1,90.6,50.067
1,103.4,56.467,181.27
179.13,381.8,222.87,478.87
1,1,172.73,182.33
148.2,86.333,296.47,401
234.6,169.53,289,365.8
102.33,374.33,201.53,437.27
136.47,169.53,283.67,405.27
1,242.07,115.13,418.07
242.07,29.8,286.87,82.067
243.13,1,287.93,110.87
190.87,399.93,269.8,511.93
141.8,219.67,280.47,340.2
246.33,106.6,294.33,182.33
1,313.53,133.27,493.8
13.8,242.07,115.13,380.73
170.6,253.8,249.53,334.87
11.667,253.8,73.533,323.13
197.27,71.4,268.73,170.6
141.8,219.67,279.4,340.2
292.2,444.73,340.2,511.93
1,1,77.8,181.27
109.8,155.67,158.87,219.67
220.73,86.333,296.47,297.53
191.93,394.6,234.6,438.33
102.33,377.53,201.53,437.27
244.2,86.333,294.33,182.33
133.27,396.73,228.2,511.93
245.27,78.867,294.33,197.27
34.067,39.4,86.333,81
245.27,87.4,294.33,182.33
178.07,258.07,279.4,347.67
191.93,392.47,259.13,439.4
203.67,274.07,278.33,326.33
197.27,89.533,268.73,170.6
292.2,428.73,340.2,511.93
203.67,274.07,280.47,339.13
132.2,378.6,280.47,511.93
247.4,117.27,294.33,180.2
1,145,87.4,277.27
107.67,262.33,161,309.27
136.47,273,193,387.13
57.533,406.33,118.33,467.13
33,145,87.4,188.73
148.2,291.13,293.27,511.93
174.87,219.67,280.47,339.13
174.87,219.67,267.67,331.67
13.8,280.47,92.733,376.47
1,406.33,59.667,495.93
57.533,361.53,129,477.8
168.47,380.73,277.27,511.93
132.2,445.8,211.13,511.93
263.4,410.6,340.2,511.93
86.333,385,205.8,511.93
111.93,310.33,167.4,399.93
246.33,1,295.4,108.73
1,361.53,129,506.6
120.47,310.33,167.4,386.07
148.2,284.73,280.47,401
1,103.4,56.467,157.8
1,470.33,100.2,511.93
187.67,324.2,291.13,473.53
148.2,103.4,261.27,247.4
246.33,53.267,286.87,110.87
242.07,29.8,286.87,108.73
148.2,376.47,280.47,454.33
119.4,183.4,172.73,246.33
106.6,155.67,158.87,219.67
1,1,133.27,289
1,250.6,73.533,418.07
229.27,29.8,286.87,108.73
174.87,219.67,236.73,331.67
49,2.0667,167.4,89.533
244.2,1,295.4,99.133
57.533,406.33,102.33,467.13
124.73,385,188.73,488.47
77.8,155.67,201.53,296.47
29.8,39.4,86.333,97
1,90.6,125.8,182.33
209,183.4,265.53,244.2
36.2,282.6,114.07,353
190.87,287.93,280.47,340.2
56.467,247.4,109.8,290.07
1,152.47,69.267,245.27
148.2,377.53,280.47,470.33
148.2,377.53,201.53,431.93
194.07,169.53,283.67,339.13
179.13,183.4,265.53,279.4
57.533,406.33,107.67,467.13
289,1,340.2,456.47
129,157.8,202.6,286.87
198.33,387.13,277.27,430.87
169.53,98.067,211.13,161
200.47,183.4,262.33,244.2
20.2,282.6,119.4,380.73
1,108.73,140.73,493.8
20.2,310.33,94.867,389.27
234.6,169.53,283.67,282.6
247.4,1,295.4,93.8
82.067,258.07,158.87,337
1,103.4,87.4,289
77.8,195.13,158.87,267.67
40.467,211.13,84.2,255.93
147.13,389.27,203.67,457.53
148.2,103.4,211.13,189.8
1,69.267,56.467,126.87
57.533,152.47,133.27,230.33
207.93,111.93,268.73,170.6
247.4,13.8,295.4,93.8
49,1,182.33,100.2
247.4,31.933,291.13,99.133
47.933,282.6,114.07,332.73
140.73,1,268.73,170.6
286.87,1,340.2,454.33
103.4,70.333,146.07,113
247.4,31.933,295.4,99.133
194.07,456.47,269.8,511.93
244.2,106.6,285.8,180.2
147.13,187.67,287.93,347.67
194.07,282.6,249.53,334.87
77.8,206.87,158.87,267.67
190.87,378.6,280.47,493.8
148.2,139.67,194.07,216.47
114.07,267.67,178.07,313.53
1,395.67,54.333,465
1,10.6,47.933,71.4
148.2,98.067,261.27,247.4
117.27,310.33,167.4,399.93
1,345.53,73.533,408.47
18.067,364.73,76.733,428.73
86.333,452.2,157.8,511.93
198.33,387.13,277.27,511.93
1,406.33,107.67,506.6
86.333,385,188.73,511.93
57.533,361.53,129,418.07
170.6,232.47,283.67,339.13
247.4,29.8,293.27,84.2
1,250.6,55.4,294.33
190.87,392.47,233.53,470.33
1,152.47,69.267,277.27
51.133,242.07,109.8,327.4
289,1,340.2,446.87
154.6,71.4,268.73,207.93
38.333,456.47,100.2,511.93
147.13,239.93,284.73,415.93
60.733,329.53,133.27,443.67
292.2,1,340.2,440.47
148.2,242.07,220.73,328.47
1,152.47,69.267,289
242.07,29.8,286.87,93.8
148.2,376.47,202.6,435.13
201.53,244.2,279.4,340.2
190.87,399.93,283.67,511.93
38.333,87.4,125.8,159.93
133.27,180.2,206.87,245.27
138.6,185.53,186.6,286.87
27.667,103.4,87.4,188.73
127.93,79.933,262.33,266.6
1,414.87,100.2,511.93
11.667,1,100.2,97
154.6,79.933,245.27,155.67
124.73,185.53,186.6,286.87
106.6,155.67,158.87,225
245.27,83.133,295.4,181.27
63.933,174.87,109.8,230.33
115.13,90.6,172.73,139.67
148.2,139.67,196.2,189.8
194.07,277.27,283.67,339.13
121.53,377.53,201.53,437.27
247.4,4.2,287.93,93.8
211.13,396.73,279.4,511.93
148.2,395.67,195.13,449
148.2,139.67,206.87,216.47
147.13,232.47,279.4,347.67
1,1,100.2,126.87
223.93,370.07,290.07,511.93
121.53,385,172.73,437.27
39.4,153.53,158.87,337
83.133,181.27,143.93,268.73
1,331.67,73.533,408.47
1,1,77.8,111.93
190.87,378.6,280.47,470.33
194.07,232.47,283.67,339.13
175.93,219.67,236.73,321
119.4,225,168.47,268.73
121.53,385,172.73,450.07
1,363.67,94.867,475.67
209,184.47,262.33,244.2
1,10.6,86.333,126.87
60.733,152.47,133.27,205.8
1,69.267,51.133,157.8
168.47,380.73,222.87,478.87
20.2,313.53,89.533,376.47
129,182.33,202.6,286.87
191.93,392.47,233.53,439.4
245.27,106.6,285.8,181.27
217.53,425.53,278.33,511.93
148.2,275.13,197.27,328.47
3.1333,364.73,71.4,418.07
56.467,242.07,109.8,290.07
234.6,83.133,295.4,365.8
201.53,264.47,279.4,340.2
292.2,455.4,340.2,511.93
247.4,13.8,295.4,84.2
107.67,183.4,201.53,309.27
154.6,98.067,220.73,155.67
170.6,232.47,249.53,334.87
150.33,275.13,193,327.4
108.73,437.27,155.67,494.87
55.4,153.53,168.47,337
11.667,1,90.6,97
90.6,406.33,140.73,454.33
154.6,71.4,245.27,155.67
203.67,241,279.4,339.13
65,62.867,172.73,139.67
200.47,183.4,262.33,243.13
124.73,373.27,198.33,460.73
1,395.67,54.333,493.8
203.67,246.33,279.4,326.33
124.73,225,168.47,268.73
147.13,318.87,280.47,410.6
157.8,148.2,261.27,247.4
77.8,149.27,133.27,205.8
132.2,445.8,211.13,497
77.8,183.4,172.73,267.67
56.467,195.13,158.87,290.07
81,406.33,140.73,454.33
231.4,264.47,278.33,321
141.8,219.67,236.73,331.67
57.533,127.93,175.93,230.33
1,363.67,94.867,493.8
26.6,363.67,94.867,468.2
124.73,377.53,191.93,460.73
149.27,373.27,198.33,418.07
18.067,380.73,76.733,428.73
197.27,111.93,268.73,170.6
1,211.13,84.2,361.53
1,340.2,44.733,418.07
1,355.13,44.733,418.07
147.13,390.33,222.87,478.87
170.6,452.2,211.13,497
167.4,450.07,211.13,497
77.8,155.67,172.73,267.67
233.53,289,279.4,339.13
1,214.33,63.933,269.8
198.33,378.6,280.47,420.2
148.2,377.53,191.93,431.93
1,364.73,107.67,506.6
57.533,393.53,118.33,469.27
132.2,445.8,187.67,488.47
13.8,280.47,63.933,323.13
154.6,103.4,220.73,154.6
154.6,98.067,220.73,154.6
198.33,188.73,257,245.27
103.4,73.533,153.53,126.87
57.533,361.53,129,425.53
149.27,376.47,202.6,435.13
147.13,318.87,284.73,415.93
134.33,183.4,201.53,296.47
1,456.47,100.2,511.93
1,250.6,73.533,371.13
220.73,184.47,262.33,226.07
90.6,406.33,155.67,471.4
1,69.267,51.133,124.73
1,161,69.267,228.2
27.667,90.6,125.8,159.93
203.67,265.53,279.4,326.33
7.4,406.33,54.333,465
124.73,221.8,168.47,268.73
147.13,318.87,280.47,401
11.667,274.07,63.933,323.13
147.13,275.13,188.73,323.13
54.333,470.33,98.067,511.93
6.3333,38.333,86.333,97
28.733,211.13,84.2,294.33
217.53,422.33,278.33,511.93
25.533,39.4,86.333,97
129,185.53,186.6,286.87
124.73,385,188.73,460.73
167.4,450.07,228.2,511.93
217.53,425.53,269.8,508.73
73.533,149.27,133.27,230.33
194.07,456.47,235.67,511.93
1,145,87.4,255.93
103.4,73.533,164.2,126.87
148.2,322.07,280.47,405.27
147.13,239.93,280.47,401
147.13,279.4,188.73,327.4
148.2,139.67,194.07,189.8
203.67,265.53,278.33,326.33
49,2.0667,157.8,100.2
3.1333,364.73,76.733,428.73
147.13,239.93,220.73,327.4
57.533,406.33,118.33,469.27
9.5333,228.2,63.933,277.27
11.667,1,90.6,47.933
174.87,239.93,220.73,321
115.13,97,172.73,139.67
65,62.867,164.2,126.87
20.2,282.6,114.07,376.47
18.067,364.73,71.4,413.8
57.533,174.87,109.8,230.33
78.867,282.6,119.4,333.8
12.733,38.333,86.333,97
217.53,425.53,269.8,511.93
1,20.2,51.133,157.8
115.13,75.667,172.73,139.67
190.87,392.47,233.53,454.33
81,406.33,136.47,454.33
108.73,456.47,157.8,511.93
136.47,229.27,201.53,296.47
1,145,87.4,228.2
27.667,111.93,87.4,188.73
12.733,38.333,73.533,97
86.333,435.13,157.8,511.93
217.53,404.2,280.47,493.8
198.33,378.6,280.47,429.8
1,40.467,51.133,157.8
54.333,470.33,100.2,511.93
1,178.07,69.267,245.27
9.5333,228.2,63.933,269.8
15.933,406.33,107.67,506.6
166.33,381.8,218.6,454.33
233.53,274.07,278.33,326.33
132.2,445.8,175.93,488.47
86.333,437.27,157.8,511.93
12.733,40.467,73.533,97
108.73,437.27,157.8,511.93
77.8,152.47,133.27,205.8
28.733,253.8,73.533,294.33
90.6,406.33,136.47,454.33
1,69.267,51.133,119.4
