1,1,383.93,511.93
195.13,1,348.73,255.93
1,1,269.8,511.93
67.133,45.8,237.8,511.93
69.267,1,278.33,511.93
1,1,241,511.93
1,1,164.2,511.93
113,1,383.93,274.07
1,1,152.47,511.93
188.73,1,310.33,242.07
108.73,81,149.27,188.73
1,1,209,511.93
263.4,207.93,309.27,250.6
103.4,1,383.93,511.93
1,1,199.4,511.93
195.13,1,383.93,511.93
53.267,164.2,383.93,511.93
293.27,107.67,383.93,511.93
173.8,87.4,220.73,201.53
293.27,1,383.93,511.93
1,1,310.33,511.93
173.8,415.93,234.6,511.93
74.6,164.2,221.8,297.53
111.93,219.67,348.73,511.93
229.27,1,383.93,511.93
172.73,392.47,221.8,511.93
238.87,167.4,299.67,217.53
62.867,1,383.93,511.93
67.133,42.6,236.73,466.07
236.73,235.67,344.47,511.93
1,1,237.8,511.93
53.267,164.2,238.87,511.93
53.267,1,383.93,511.93
103.4,1,250.6,232.47
67.133,210.07,145,332.73
238.87,1,309.27,250.6
69.267,1,383.93,511.93
111.93,1,383.93,511.93
298.6,206.87,383.93,511.93
233.53,206.87,383.93,511.93
188.73,1,231.4,82.067
233.53,1,299.67,511.93
67.133,1,269.8,466.07
68.2,35.133,260.2,511.93
117.27,282.6,218.6,403.13
1,1,172.73,511.93
68.2,1,383.93,511.93
67.133,1,237.8,466.07
233.53,1,383.93,511.93
95.933,196.2,235.67,282.6
69.267,229.27,234.6,374.33
68.2,1,310.33,324.2
170.6,68.2,221.8,201.53
62.867,166.33,369,466.07
93.8,1,212.2,230.33
181.27,430.87,238.87,511.93
62.867,166.33,369,511.93
99.133,235.67,344.47,511.93
180.2,429.8,234.6,511.93
231.4,195.13,383.93,511.93
113,1,209,188.73
343.4,59.667,383.93,190.87
188.73,1,236.73,82.067
238.87,1,309.27,216.47
233.53,1,348.73,255.93
1,1,238.87,511.93
103.4,21.267,235.67,232.47
99.133,338.07,188.73,511.93
180.2,415.93,234.6,511.93
238.87,1,383.93,511.93
188.73,1,310.33,239.93
248.47,234.6,339.13,511.93
111.93,282.6,218.6,438.33
229.27,166.33,369,349.8
125.8,35.133,235.67,222.87
229.27,166.33,369,271.93
131.13,45.8,235.67,217.53
233.53,1,344.47,511.93
245.27,195.13,312.47,254.87
67.133,45.8,236.73,465
254.87,228.2,344.47,511.93
298.6,1,373.27,132.2
229.27,170.6,312.47,347.67
180.2,431.93,233.53,511.93
229.27,109.8,369,347.67
181.27,235.67,344.47,511.93
1,1,212.2,511.93
140.73,127.93,220.73,222.87
103.4,1,309.27,232.47
102.33,127.93,220.73,232.47
233.53,202.6,348.73,255.93
229.27,166.33,369,466.07
262.33,212.2,312.47,254.87
95.933,197.27,235.67,321
238.87,68.2,295.4,217.53
175.93,392.47,221.8,511.93
105.53,340.2,161,511.93
105.53,340.2,191.93,511.93
105.53,282.6,218.6,511.93
67.133,42.6,236.73,462.87
52.2,1,241,511.93
92.733,154.6,153.53,232.47
70.333,1,237.8,230.33
231.4,202.6,278.33,291.13
236.73,232.47,383.93,511.93
238.87,1,303.93,219.67
53.267,214.33,100.2,310.33
89.533,202.6,225,297.53
172.73,45.8,235.67,199.4
117.27,284.73,175.93,376.47
239.93,1,298.6,216.47
166.33,203.67,221.8,273
175.93,392.47,238.87,511.93
195.13,1,309.27,250.6
151.4,1,255.93,218.6
296.47,232.47,383.93,511.93
173.8,234.6,260.2,511.93
87.4,286.87,148.2,354.07
99.133,338.07,238.87,511.93
238.87,1,383.93,303.93
233.53,202.6,310.33,255.93
52.2,197.27,235.67,465
74.6,196.2,235.67,465
117.27,266.6,235.67,465
119.4,282.6,218.6,404.2
257,1,298.6,149.27
111.93,282.6,239.93,511.93
87.4,286.87,162.07,376.47
180.2,425.53,234.6,511.93
111.93,282.6,234.6,511.93
53.267,164.2,234.6,417
243.13,227.13,312.47,287.93
195.13,1,236.73,63.933
173.8,87.4,233.53,201.53
254.87,248.47,343.4,511.93
1,56.467,53.267,186.6
139.67,115.13,183.4,172.73
195.13,1,369,255.93
238.87,1,310.33,217.53
180.2,431.93,232.47,511.93
254.87,243.13,337,511.93
293.27,68.2,383.93,511.93
212.2,219.67,348.73,511.93
293.27,68.2,383.93,303.93
235.67,1,299.67,248.47
99.133,337,234.6,511.93
62.867,185.53,235.67,462.87
67.133,229.27,162.07,324.2
188.73,1,235.67,121.53
310.33,217.53,369,271.93
67.133,185.53,235.67,462.87
68.2,63.933,244.2,324.2
248.47,1,383.93,511.93
52.2,197.27,235.67,511.93
95.933,202.6,227.13,282.6
119.4,281.53,233.53,465
99.133,338.07,221.8,511.93
94.867,45.8,236.73,465
251.67,212.2,310.33,254.87
103.4,42.6,235.67,232.47
109.8,340.2,155.67,511.93
212.2,234.6,267.67,511.93
233.53,234.6,344.47,511.93
67.133,229.27,235.67,462.87
185.53,1,235.67,121.53
102.33,63.933,221.8,232.47
231.4,202.6,278.33,511.93
323.13,189.8,370.07,260.2
180.2,410.6,237.8,511.93
180.2,431.93,234.6,511.93
148.2,181.27,244.2,283.67
108.73,1,212.2,188.73
177,21.267,222.87,127.93
132.2,1,236.73,157.8
92.733,129,169.53,230.33
151.4,1,278.33,511.93
67.133,197.27,235.67,332.73
119.4,281.53,232.47,453.27
70.333,1,236.73,230.33
52.2,197.27,238.87,511.93
104.47,44.733,235.67,229.27
298.6,1,364.73,130.07
206.87,1,307.13,218.6
89.533,185.53,235.67,296.47
70.333,1,241,230.33
69.267,36.2,235.67,465
195.13,1,309.27,255.93
235.67,1,299.67,218.6
89.533,227.13,148.2,297.53
293.27,1,383.93,303.93
239.93,1,310.33,216.47
105.53,196.2,238.87,511.93
113,1,234.6,217.53
131.13,1,201.53,154.6
104.47,44.733,237.8,229.27
180.2,424.47,237.8,511.93
89.533,181.27,244.2,297.53
254.87,251.67,343.4,511.93
285.8,1,383.93,511.93
1,1,53.267,186.6
243.13,1,383.93,511.93
223.93,1,383.93,274.07
284.73,1,383.93,511.93
74.6,36.2,235.67,465
233.53,223.93,296.47,511.93
195.13,1,236.73,69.267
175.93,42.6,235.67,210.07
233.53,234.6,295.4,511.93
70.333,62.867,147.13,230.33
173.8,388.2,237.8,511.93
94.867,45.8,235.67,465
231.4,195.13,312.47,291.13
233.53,202.6,296.47,255.93
254.87,243.13,339.13,511.93
182.33,431.93,235.67,511.93
180.2,424.47,238.87,511.93
229.27,170.6,369,347.67
94.867,266.6,235.67,465
235.67,1,309.27,250.6
68.2,35.133,244.2,465
238.87,1,344.47,511.93
145,42.6,235.67,215.4
243.13,227.13,343.4,511.93
167.4,68.2,234.6,201.53
68.2,181.27,244.2,324.2
113,1,236.73,217.53
223.93,1,310.33,218.6
195.13,1,236.73,71.4
239.93,1,297.53,216.47
87.4,279.4,171.67,324.2
142.87,261.27,231.4,321
68.2,230.33,171.67,324.2
312.47,230.33,362.6,271.93
238.87,1,298.6,216.47
129,206.87,213.27,275.13
172.73,68.2,221.8,201.53
180.2,424.47,235.67,511.93
146.07,1,209,154.6
181.27,430.87,235.67,511.93
236.73,1,383.93,511.93
152.47,282.6,218.6,442.6
212.2,234.6,343.4,511.93
310.33,217.53,369,274.07
131.13,1,209,154.6
105.53,339.13,191.93,511.93
284.73,68.2,383.93,511.93
130.07,359.4,191.93,511.93
175.93,392.47,235.67,511.93
130.07,359.4,234.6,511.93
238.87,1,307.13,216.47
146.07,63.933,221.8,201.53
131.13,1,201.53,143.93
195.13,1,236.73,70.333
157.8,392.47,238.87,511.93
185.53,1,236.73,121.53
343.4,1,383.93,218.6
89.533,196.2,244.2,465
68.2,196.2,244.2,465
73.533,286.87,162.07,417
111.93,266.6,235.67,438.33
150.33,162.07,220.73,219.67
210.07,1,250.6,218.6
99.133,337,189.8,511.93
296.47,1,383.93,149.27
206.87,1,310.33,239.93
53.267,249.53,100.2,310.33
254.87,249.53,344.47,511.93
67.133,229.27,139.67,324.2
152.47,282.6,218.6,362.6
132.2,1,236.73,155.67
231.4,216.47,284.73,291.13
164.2,196.2,238.87,511.93
53.267,164.2,221.8,310.33
145,68.2,221.8,215.4
118.33,269.8,226.07,412.73
92.733,35.133,235.67,232.47
261.27,137.53,303.93,219.67
89.533,196.2,244.2,297.53
73.533,267.67,234.6,417
247.4,68.2,295.4,207.93
206.87,1,259.13,218.6
250.6,219.67,348.73,287.93
102.33,174.87,143.93,232.47
298.6,1,383.93,190.87
251.67,244.2,344.47,511.93
108.73,81,175.93,188.73
74.6,249.53,162.07,374.33
180.2,431.93,235.67,511.93
262.33,195.13,309.27,251.67
67.133,197.27,235.67,465
229.27,166.33,309.27,250.6
131.13,77.8,231.4,217.53
87.4,265.53,234.6,324.2
1,56.467,53.267,172.73
87.4,286.87,135.4,343.4
109.8,340.2,191.93,511.93
298.6,1,383.93,136.47
287.93,1,383.93,274.07
180.2,424.47,234.6,511.93
180.2,431.93,238.87,511.93
293.27,105.53,350.87,223.93
147.13,1,212.2,156.73
229.27,174.87,312.47,254.87
152.47,282.6,233.53,442.6
111.93,266.6,235.67,465
103.4,173.8,150.33,232.47
142.87,68.2,234.6,217.53
130.07,372.2,191.93,511.93
293.27,107.67,383.93,223.93
104.47,121.53,181.27,229.27
183.4,429.8,234.6,511.93
195.13,1,237.8,101.27
254.87,241,339.13,511.93
243.13,219.67,348.73,287.93
238.87,1,298.6,217.53
250.6,227.13,312.47,287.93
67.133,210.07,139.67,332.73
157.8,68.2,234.6,207.93
118.33,233.53,235.67,462.87
94.867,266.6,162.07,324.2
174.87,415.93,235.67,511.93
124.73,36.2,235.67,219.67
175.93,161,226.07,210.07
70.333,1,209,230.33
103.4,173.8,204.73,232.47
113,1,201.53,188.73
239.93,1,307.13,216.47
130.07,371.13,191.93,511.93
1,60.733,42.6,172.73
323.13,301.8,383.93,424.47
174.87,181.27,244.2,268.73
312.47,217.53,369,274.07
94.867,266.6,139.67,324.2
74.6,227.13,148.2,297.53
239.93,1,303.93,219.67
262.33,227.13,312.47,287.93
129,203.67,220.73,277.27
92.733,36.2,235.67,232.47
95.933,197.27,235.67,282.6
188.73,1,232.47,81
199.4,196.2,244.2,268.73
89.533,196.2,235.67,297.53
298.6,232.47,383.93,511.93
311.4,1,383.93,274.07
173.8,410.6,237.8,511.93
93.8,185.53,235.67,282.6
53.267,262.33,103.4,443.67
113,71.4,168.47,188.73
67.133,229.27,139.67,332.73
119.4,266.6,235.67,465
188.73,1,232.47,90.6
229.27,195.13,312.47,251.67
95.933,42.6,236.73,282.6
236.73,234.6,344.47,511.93
132.2,1,175.93,157.8
229.27,174.87,312.47,347.67
125.8,68.2,234.6,222.87
183.4,429.8,232.47,511.93
70.333,69.267,147.13,230.33
95.933,42.6,235.67,282.6
104.47,45.8,235.67,229.27
233.53,234.6,284.73,511.93
52.2,262.33,103.4,323.13
52.2,262.33,103.4,443.67
234.6,223.93,296.47,265.53
189.8,127.93,234.6,198.33
124.73,68.2,233.53,219.67
108.73,1,237.8,188.73
335.93,322.07,383.93,392.47
248.47,227.13,339.13,511.93
164.2,1,237.8,118.33
180.2,196.2,238.87,511.93
74.6,227.13,166.33,297.53
140.73,127.93,181.27,222.87
138.6,282.6,218.6,404.2
297.53,1,383.93,190.87
152.47,283.67,216.47,403.13
132.2,1,175.93,146.07
271.93,227.13,312.47,287.93
124.73,118.33,179.13,219.67
130.07,370.07,191.93,511.93
313.53,231.4,362.6,274.07
74.6,196.2,235.67,297.53
254.87,243.13,344.47,511.93
172.73,77.8,220.73,199.4
53.267,303.93,98.067,443.67
229.27,195.13,312.47,254.87
180.2,431.93,230.33,511.93
145,68.2,234.6,215.4
81,266.6,139.67,324.2
87.4,286.87,162.07,374.33
247.4,68.2,295.4,211.13
323.13,322.07,383.93,392.47
74.6,203.67,221.8,297.53
92.733,154.6,153.53,230.33
117.27,282.6,220.73,457.53
95.933,45.8,235.67,282.6
267.67,162.07,310.33,211.13
132.2,1,172.73,73.533
131.13,77.8,220.73,217.53
109.8,339.13,191.93,511.93
53.267,302.87,98.067,443.67
229.27,207.93,289,250.6
183.4,441.53,232.47,511.93
157.8,68.2,221.8,207.93
195.13,1,237.8,51.133
69.267,229.27,162.07,374.33
164.2,1,212.2,118.33
100.2,45.8,235.67,241
70.333,1,175.93,230.33
132.2,1,236.73,146.07
104.47,155.67,181.27,229.27
146.07,63.933,206.87,154.6
174.87,124.73,220.73,199.4
298.6,1,364.73,149.27
104.47,121.53,226.07,229.27
298.6,1,383.93,141.8
287.93,1,364.73,223.93
94.867,266.6,235.67,442.6
327.4,216.47,370.07,260.2
127.93,206.87,213.27,275.13
229.27,195.13,309.27,251.67
120.47,45.8,235.67,219.67
287.93,62.867,350.87,223.93
88.467,164.2,143.93,232.47
100.2,193,177,241
257,1,306.07,107.67
87.4,286.87,143.93,376.47
293.27,107.67,350.87,223.93
142.87,118.33,220.73,217.53
311.4,189.8,370.07,274.07
247.4,1,310.33,211.13
117.27,266.6,235.67,442.6
131.13,146.07,172.73,217.53
127.93,203.67,221.8,275.13
311.4,189.8,370.07,260.2
129,206.87,213.27,277.27
89.533,226.07,148.2,297.53
189.8,21.267,232.47,81
142.87,142.87,220.73,217.53
253.8,239.93,295.4,287.93
183.4,439.4,230.33,511.93
287.93,62.867,329.53,184.47
61.8,262.33,103.4,323.13
172.73,102.33,220.73,199.4
323.13,322.07,383.93,424.47
103.4,164.2,143.93,232.47
142.87,197.27,235.67,321
247.4,68.2,310.33,211.13
343.4,59.667,383.93,218.6
173.8,68.2,234.6,201.53
105.53,340.2,155.67,511.93
248.47,234.6,295.4,295.4
92.733,191.93,220.73,232.47
129,196.2,235.67,277.27
117.27,282.6,233.53,442.6
131.13,155.67,181.27,217.53
243.13,341.27,284.73,511.93
132.2,1,209,146.07
323.13,189.8,366.87,230.33
173.8,68.2,233.53,201.53
117.27,284.73,169.53,376.47
152.47,282.6,218.6,403.13
174.87,77.8,220.73,199.4
131.13,121.53,173.8,217.53
257,1,297.53,94.867
335.93,322.07,383.93,424.47
178.07,276.2,231.4,321
131.13,155.67,172.73,217.53
95.933,221.8,158.87,282.6
140.73,202.6,227.13,274.07
119.4,285.8,209,404.2
138.6,285.8,209,404.2
