1,1,344.47,511.93
1,1,221.8,511.93
300.73,3.1333,341.27,508.73
5.2667,5.2667,222.87,507.67
284.73,1,344.47,511.93
247.4,402.07,306.07,507.67
105.53,5.2667,313.53,508.73
174.87,3.1333,267.67,53.267
6.3333,169.53,126.87,332.73
5.2667,5.2667,216.47,506.6
5.2667,5.2667,218.6,424.47
5.2667,1,344.47,511.93
303.93,2.0667,344.47,511.93
6.3333,239.93,51.133,330.6
5.2667,3.1333,340.2,509.8
101.27,4.2,339.13,508.73
134.33,5.2667,339.13,509.8
5.2667,228.2,220.73,507.67
247.4,156.73,293.27,276.2
1,1,343.4,511.93
262.33,5.2667,309.27,87.4
242.07,35.133,306.07,124.73
89.533,203.67,193,417
116.2,3.1333,340.2,509.8
61.8,2.0667,344.47,511.93
3.1333,2.0667,344.47,511.93
229.27,5.2667,309.27,104.47
116.2,167.4,182.33,287.93
73.533,3.1333,283.67,163.13
1,2.0667,344.47,511.93
105.53,5.2667,313.53,243.13
61.8,4.2,214.33,312.47
61.8,4.2,307.13,508.73
168.47,276.2,309.27,483.13
5.2667,5.2667,220.73,507.67
116.2,167.4,162.07,241
179.13,130.07,305,259.13
6.3333,6.3333,216.47,506.6
13.8,459.67,344.47,511.93
61.8,4.2,278.33,312.47
101.27,1,344.47,511.93
134.33,3.1333,276.2,161
5.2667,5.2667,217.53,507.67
206.87,293.27,263.4,363.67
116.2,3.1333,276.2,258.07
5.2667,3.1333,339.13,509.8
5.2667,3.1333,186.6,330.6
211.13,147.13,286.87,212.2
89.533,203.67,222.87,507.67
57.533,5.2667,221.8,313.53
204.73,340.2,249.53,386.07
134.33,309.27,298.6,509.8
5.2667,5.2667,218.6,506.6
102.33,3.1333,339.13,185.53
57.533,3.1333,339.13,509.8
1,1,216.47,511.93
114.07,4.2,308.2,244.2
268.73,2.0667,344.47,511.93
239.93,461.8,309.27,508.73
3.1333,349.8,341.27,511.93
6.3333,247.4,214.33,506.6
127.93,5.2667,339.13,509.8
166.33,113,307.13,244.2
6.3333,244.2,216.47,506.6
154.6,5.2667,309.27,259.13
61.8,164.2,122.6,285.8
137.53,36.2,218.6,194.07
153.53,43.667,220.73,185.53
126.87,5.2667,340.2,509.8
163.13,364.73,253.8,508.73
217.53,376.47,298.6,509.8
275.13,2.0667,343.4,508.73
2.0667,1,344.47,185.53
102.33,3.1333,220.73,185.53
116.2,167.4,162.07,258.07
134.33,309.27,231.4,506.6
119.4,247.4,298.6,509.8
5.2667,5.2667,221.8,508.73
299.67,2.0667,344.47,509.8
177,3.1333,267.67,53.267
189.8,5.2667,309.27,179.13
61.8,4.2,312.47,508.73
173.8,148.2,222.87,199.4
127.93,35.133,307.13,484.2
4.2,5.2667,216.47,506.6
6.3333,257,216.47,506.6
164.2,59.667,307.13,244.2
1,1,344.47,41.533
61.8,157.8,309.27,508.73
164.2,5.2667,312.47,301.8
163.13,277.27,309.27,508.73
1,41.533,244.2,511.93
175.93,314.6,307.13,484.2
105.53,1,344.47,511.93
114.07,2.0667,344.47,511.93
204.73,5.2667,299.67,137.53
57.533,3.1333,283.67,313.53
303.93,134.33,344.47,511.93
136.47,5.2667,210.07,181.27
1,1,341.27,511.93
127.93,35.133,307.13,509.8
127.93,201.53,306.07,476.73
119.4,156.73,308.2,358.33
179.13,193,261.27,261.27
129,9.5333,309.27,508.73
225,233.53,309.27,405.27
222.87,365.8,307.13,506.6
126.87,142.87,234.6,311.4
136.47,5.2667,220.73,185.53
57.533,169.53,186.6,313.53
1,1,153.53,511.93
61.8,164.2,174.87,312.47
178.07,73.533,300.73,194.07
134.33,5.2667,310.33,509.8
218.6,402.07,298.6,509.8
116.2,3.1333,298.6,509.8
164.2,315.67,247.4,465
162.07,314.6,307.13,509.8
6.3333,238.87,52.2,330.6
61.8,164.2,232.47,351.93
248.47,391.4,307.13,506.6
129,9.5333,309.27,451.13
114.07,123.67,175.93,199.4
6.3333,109.8,143.93,332.73
137.53,5.2667,190.87,181.27
134.33,156.73,310.33,430.87
4.2,5.2667,221.8,508.73
126.87,37.267,309.27,476.73
262.33,1,344.47,511.93
5.2667,5.2667,148.2,332.73
73.533,5.2667,218.6,281.53
150.33,2.0667,344.47,509.8
5.2667,5.2667,222.87,508.73
189.8,333.8,247.4,401
159.93,5.2667,236.73,137.53
3.1333,3.1333,221.8,509.8
1,1,318.87,511.93
1,391.4,244.2,511.93
178.07,116.2,258.07,194.07
6.3333,186.6,99.133,335.93
3.1333,349.8,221.8,509.8
114.07,4.2,218.6,199.4
3.1333,1,344.47,43.667
245.27,2.0667,344.47,511.93
102.33,5.2667,156.73,124.73
186.6,290.07,305,429.8
163.13,5.2667,312.47,301.8
6.3333,238.87,216.47,506.6
105.53,113,154.6,191.93
222.87,459.67,298.6,509.8
299.67,5.2667,342.33,509.8
102.33,110.87,182.33,287.93
127.93,5.2667,312.47,483.13
250.6,5.2667,339.13,507.67
5.2667,349.8,221.8,508.73
242.07,386.07,306.07,476.73
6.3333,156.73,216.47,506.6
179.13,157.8,292.2,261.27
150.33,193,270.87,335.93
179.13,175.93,274.07,261.27
232.47,371.13,275.13,429.8
3.1333,3.1333,148.2,506.6
5.2667,3.1333,220.73,507.67
213.27,4.2,339.13,137.53
134.33,3.1333,182.33,156.73
186.6,309.27,298.6,426.6
173.8,311.4,247.4,401
148.2,98.067,188.73,163.13
5.2667,5.2667,214.33,506.6
3.1333,459.67,344.47,511.93
147.13,4.2,189.8,99.133
1,3.1333,244.2,511.93
1,3.1333,72.467,475.67
220.73,247.4,268.73,329.53
179.13,157.8,292.2,360.47
275.13,2.0667,344.47,511.93
119.4,156.73,309.27,508.73
163.13,276.2,309.27,508.73
6.3333,4.2,189.8,99.133
131.13,301.8,307.13,508.73
248.47,5.2667,339.13,507.67
5.2667,5.2667,154.6,332.73
127.93,201.53,186.6,311.4
2.0667,1,344.47,53.267
85.267,178.07,203.67,424.47
5.2667,5.2667,124.73,261.27
61.8,157.8,292.2,424.47
163.13,379.67,222.87,507.67
105.53,113,182.33,206.87
178.07,35.133,306.07,194.07
284.73,5.2667,340.2,507.67
104.47,156.73,185.53,290.07
168.47,276.2,285.8,392.47
171.67,284.73,307.13,451.13
89.533,5.2667,218.6,194.07
57.533,169.53,139.67,313.53
166.33,189.8,221.8,243.13
136.47,36.2,218.6,191.93
5.2667,5.2667,148.2,200.47
1,1,344.47,61.8
255.93,74.6,306.07,126.87
163.13,6.3333,218.6,186.6
4.2,5.2667,148.2,506.6
188.73,226.07,284.73,335.93
189.8,109.8,305,349.8
218.6,398.87,298.6,509.8
189.8,142.87,237.8,201.53
172.73,345.53,303.93,508.73
217.53,90.6,307.13,212.2
166.33,113,307.13,243.13
173.8,55.4,302.87,199.4
163.13,177,229.27,239.93
248.47,358.33,306.07,427.67
262.33,5.2667,339.13,507.67
164.2,379.67,227.13,506.6
129,188.73,270.87,335.93
204.73,346.6,305,508.73
105.53,86.333,182.33,200.47
186.6,262.33,305,404.2
250.6,428.73,307.13,507.67
134.33,156.73,310.33,509.8
209,5.2667,262.33,146.07
171.67,282.6,307.13,484.2
168.47,277.27,307.13,451.13
137.53,5.2667,220.73,194.07
210.07,378.6,309.27,508.73
73.533,3.1333,182.33,156.73
170.6,349.8,309.27,508.73
220.73,222.87,310.33,351.93
2.0667,2.0667,236.73,44.733
163.13,345.53,307.13,508.73
127.93,193,309.27,476.73
186.6,5.2667,236.73,137.53
175.93,370.07,233.53,444.73
207.93,370.07,298.6,509.8
5.2667,5.2667,156.73,263.4
171.67,284.73,309.27,441.53
163.13,150.33,258.07,239.93
102.33,137.53,180.2,228.2
183.4,363.67,233.53,506.6
204.73,5.2667,309.27,137.53
150.33,109.8,305,349.8
220.73,156.73,310.33,351.93
291.13,5.2667,339.13,507.67
148.2,196.2,306.07,404.2
220.73,419.13,305,508.73
134.33,3.1333,267.67,161
166.33,99.133,307.13,244.2
4.2,1,343.4,99.133
60.733,169.53,126.87,305
207.93,363.67,298.6,509.8
3.1333,3.1333,153.53,50.067
117.27,116.2,179.13,198.33
150.33,109.8,308.2,509.8
5.2667,5.2667,148.2,475.67
119.4,279.4,227.13,506.6
172.73,345.53,231.4,454.33
5.2667,5.2667,132.2,263.4
61.8,157.8,292.2,360.47
126.87,206.87,172.73,309.27
3.1333,3.1333,147.13,506.6
186.6,309.27,258.07,371.13
214.33,150.33,258.07,190.87
213.27,5.2667,276.2,137.53
237.8,157.8,305,349.8
217.53,146.07,290.07,212.2
5.2667,5.2667,126.87,332.73
204.73,5.2667,278.33,145
173.8,311.4,286.87,452.2
148.2,202.6,203.67,309.27
222.87,459.67,344.47,511.93
215.4,5.2667,271.93,134.33
253.8,222.87,306.07,351.93
57.533,110.87,180.2,313.53
104.47,156.73,196.2,419.13
163.13,284.73,309.27,508.73
183.4,376.47,231.4,506.6
119.4,206.87,196.2,399.93
116.2,167.4,185.53,258.07
185.53,390.33,244.2,507.67
150.33,37.267,309.27,405.27
170.6,311.4,309.27,508.73
116.2,156.73,173.8,241
248.47,5.2667,340.2,509.8
218.6,417,298.6,509.8
60.733,169.53,126.87,313.53
116.2,156.73,185.53,241
186.6,156.73,310.33,430.87
117.27,5.2667,220.73,198.33
171.67,282.6,306.07,430.87
174.87,3.1333,231.4,52.2
214.33,5.2667,271.93,142.87
145,308.2,202.6,365.8
127.93,201.53,289,348.73
134.33,177,247.4,370.07
219.67,391.4,307.13,509.8
5.2667,5.2667,132.2,330.6
175.93,314.6,276.2,440.47
172.73,116.2,258.07,200.47
62.867,186.6,222.87,507.67
260.2,157.8,305,349.8
247.4,109.8,300.73,158.87
114.07,123.67,180.2,199.4
61.8,164.2,139.67,308.2
155.67,68.2,307.13,259.13
101.27,4.2,339.13,273
131.13,301.8,203.67,424.47
236.73,169.53,279.4,259.13
2.0667,1,344.47,44.733
179.13,201.53,238.87,261.27
171.67,177,273,317.8
101.27,4.2,220.73,273
215.4,5.2667,308.2,134.33
219.67,109.8,307.13,188.73
5.2667,5.2667,122.6,335.93
105.53,86.333,167.4,200.47
217.53,375.4,298.6,509.8
213.27,5.2667,278.33,134.33
179.13,182.33,271.93,261.27
117.27,3.1333,276.2,198.33
162.07,371.13,231.4,506.6
204.73,373.27,308.2,509.8
174.87,3.1333,239.93,52.2
135.4,4.2,214.33,163.13
189.8,35.133,308.2,179.13
178.07,115.13,258.07,194.07
137.53,4.2,206.87,161
173.8,285.8,306.07,430.87
205.8,37.267,309.27,349.8
164.2,290.07,308.2,509.8
164.2,90.6,307.13,243.13
206.87,347.67,286.87,452.2
168.47,277.27,280.47,387.13
262.33,5.2667,309.27,45.8
114.07,72.467,155.67,199.4
129,156.73,308.2,358.33
253.8,222.87,310.33,351.93
163.13,109.8,307.13,244.2
163.13,277.27,307.13,508.73
251.67,157.8,292.2,360.47
220.73,247.4,270.87,337
127.93,5.2667,312.47,476.73
174.87,3.1333,283.67,52.2
101.27,4.2,206.87,273
211.13,311.4,261.27,363.67
179.13,71.4,312.47,301.8
257,428.73,306.07,506.6
174.87,3.1333,342.33,53.267
1,1,344.47,52.2
126.87,37.267,309.27,441.53
172.73,345.53,307.13,508.73
6.3333,220.73,83.133,332.73
163.13,345.53,205.8,446.87
164.2,40.467,307.13,243.13
127.93,201.53,289,335.93
126.87,74.6,306.07,311.4
186.6,262.33,306.07,430.87
219.67,402.07,298.6,509.8
213.27,5.2667,275.13,137.53
57.533,3.1333,186.6,313.53
164.2,5.2667,313.53,243.13
250.6,428.73,307.13,506.6
155.67,68.2,307.13,234.6
193,85.267,286.87,181.27
177,3.1333,267.67,52.2
189.8,5.2667,308.2,179.13
222.87,365.8,279.4,453.27
165.27,43.667,220.73,185.53
171.67,167.4,274.07,317.8
296.47,5.2667,339.13,507.67
175.93,196.2,247.4,303.93
129,188.73,189.8,314.6
119.4,206.87,196.2,419.13
119.4,247.4,227.13,506.6
242.07,73.533,300.73,124.73
233.53,469.27,298.6,509.8
174.87,311.4,306.07,476.73
250.6,428.73,305,506.6
268.73,3.1333,342.33,131.13
299.67,5.2667,340.2,509.8
245.27,465,344.47,511.93
164.2,5.2667,308.2,244.2
247.4,109.8,300.73,169.53
162.07,314.6,276.2,506.6
127.93,201.53,232.47,351.93
189.8,4.2,339.13,179.13
173.8,311.4,306.07,507.67
247.4,403.13,307.13,507.67
154.6,5.2667,309.27,194.07
172.73,148.2,222.87,200.47
162.07,363.67,233.53,506.6
168.47,248.47,217.53,317.8
174.87,3.1333,267.67,52.2
253.8,156.73,308.2,358.33
261.27,399.93,306.07,452.2
126.87,74.6,306.07,441.53
6.3333,227.13,47.933,332.73
150.33,191.93,219.67,302.87
187.67,132.2,228.2,182.33
177,3.1333,283.67,137.53
179.13,170.6,284.73,335.93
213.27,5.2667,271.93,134.33
164.2,315.67,246.33,459.67
134.33,3.1333,189.8,161
3.1333,3.1333,153.53,503.4
73.533,5.2667,218.6,424.47
89.533,203.67,202.6,417
284.73,3.1333,341.27,508.73
127.93,99.133,309.27,476.73
214.33,5.2667,276.2,137.53
73.533,3.1333,190.87,163.13
57.533,36.2,221.8,313.53
168.47,276.2,306.07,441.53
248.47,5.2667,309.27,177
57.533,110.87,186.6,313.53
179.13,169.53,279.4,261.27
210.07,35.133,308.2,155.67
175.93,196.2,262.33,329.53
127.93,68.2,307.13,307.13
5.2667,5.2667,154.6,261.27
189.8,309.27,306.07,430.87
163.13,345.53,244.2,507.67
148.2,202.6,213.27,326.33
235.67,399.93,277.27,449
39.4,220.73,83.133,285.8
217.53,375.4,303.93,508.73
186.6,309.27,306.07,427.67
129,253.8,189.8,308.2
177,3.1333,231.4,52.2
206.87,193,309.27,405.27
214.33,5.2667,273,137.53
137.53,4.2,214.33,163.13
127.93,35.133,307.13,307.13
89.533,6.3333,153.53,179.13
150.33,193,261.27,268.73
262.33,5.2667,308.2,66.067
164.2,5.2667,309.27,243.13
220.73,163.13,306.07,349.8
229.27,109.8,300.73,177
206.87,233.53,309.27,405.27
164.2,90.6,307.13,235.67
102.33,5.2667,152.47,124.73
150.33,221.8,219.67,323.13
177,3.1333,283.67,52.2
258.07,73.533,300.73,116.2
61.8,72.467,155.67,312.47
5.2667,5.2667,155.67,335.93
171.67,284.73,306.07,441.53
102.33,110.87,182.33,263.4
219.67,109.8,300.73,188.73
154.6,5.2667,258.07,194.07
213.27,5.2667,254.87,137.53
6.3333,241,47.933,332.73
204.73,346.6,307.13,508.73
266.6,5.2667,339.13,54.333
116.2,137.53,182.33,263.4
61.8,72.467,155.67,308.2
137.53,5.2667,218.6,194.07
171.67,282.6,306.07,441.53
162.07,347.67,231.4,506.6
163.13,234.6,217.53,317.8
164.2,74.6,303.93,235.67
127.93,35.133,307.13,404.2
114.07,72.467,180.2,199.4
129,126.87,290.07,348.73
188.73,235.67,270.87,335.93
266.6,5.2667,309.27,66.067
129,9.5333,309.27,348.73
116.2,167.4,182.33,263.4
105.53,6.3333,154.6,118.33
61.8,164.2,174.87,285.8
182.33,281.53,305,405.27
250.6,402.07,306.07,506.6
150.33,191.93,305,405.27
134.33,309.27,196.2,370.07
101.27,4.2,206.87,206.87
189.8,40.467,302.87,179.13
102.33,6.3333,152.47,124.73
222.87,469.27,298.6,509.8
175.93,211.13,262.33,329.53
170.6,234.6,217.53,317.8
222.87,59.667,287.93,148.2
261.27,373.27,306.07,476.73
209,5.2667,339.13,177
127.93,201.53,289,337
148.2,113,307.13,404.2
229.27,5.2667,309.27,124.73
158.87,193,306.07,404.2
172.73,349.8,231.4,438.33
179.13,170.6,274.07,261.27
61.8,164.2,174.87,286.87
116.2,137.53,180.2,198.33
228.2,169.53,293.27,348.73
60.733,169.53,116.2,313.53
89.533,203.67,202.6,424.47
164.2,315.67,246.33,465
175.93,346.6,233.53,446.87
105.53,86.333,280.47,200.47
6.3333,227.13,94.867,335.93
246.33,387.13,286.87,452.2
22.333,138.6,118.33,313.53
253.8,333.8,307.13,506.6
137.53,4.2,206.87,163.13
85.267,178.07,203.67,381.8
142.87,43.667,220.73,185.53
164.2,74.6,307.13,244.2
179.13,193,261.27,259.13
163.13,109.8,300.73,239.93
172.73,59.667,287.93,200.47
261.27,398.87,306.07,441.53
158.87,253.8,306.07,404.2
235.67,333.8,307.13,506.6
102.33,110.87,180.2,228.2
127.93,201.53,232.47,321
253.8,333.8,307.13,476.73
247.4,391.4,307.13,507.67
168.47,248.47,219.67,323.13
126.87,142.87,234.6,309.27
129,206.87,175.93,314.6
129,248.47,189.8,308.2
5.2667,5.2667,148.2,348.73
213.27,290.07,305,405.27
116.2,170.6,172.73,273
150.33,148.2,255.93,323.13
239.93,418.07,309.27,508.73
116.2,167.4,173.8,241
163.13,148.2,222.87,239.93
137.53,5.2667,206.87,181.27
217.53,419.13,303.93,508.73
173.8,50.067,302.87,199.4
214.33,5.2667,276.2,142.87
170.6,349.8,216.47,459.67
189.8,59.667,287.93,179.13
261.27,373.27,306.07,441.53
102.33,137.53,147.13,228.2
177,370.07,233.53,444.73
261.27,391.4,307.13,484.2
189.8,109.8,300.73,212.2
172.73,345.53,231.4,438.33
164.2,379.67,213.27,459.67
209,364.73,309.27,508.73
168.47,277.27,263.4,386.07
226.07,74.6,303.93,175.93
215.4,5.2667,302.87,134.33
187.67,50.067,290.07,182.33
186.6,290.07,308.2,509.8
204.73,346.6,259.13,438.33
135.4,4.2,206.87,161
102.33,3.1333,182.33,169.53
179.13,182.33,271.93,259.13
154.6,36.2,258.07,194.07
127.93,206.87,186.6,307.13
170.6,169.53,290.07,348.73
173.8,116.2,258.07,199.4
116.2,170.6,172.73,266.6
6.3333,6.3333,155.67,335.93
262.33,5.2667,309.27,66.067
291.13,5.2667,339.13,374.33
136.47,117.27,180.2,181.27
168.47,277.27,307.13,506.6
229.27,5.2667,276.2,104.47
209,35.133,306.07,159.93
179.13,109.8,307.13,259.13
239.93,428.73,309.27,508.73
164.2,71.4,312.47,301.8
168.47,251.67,213.27,317.8
190.87,193,255.93,317.8
204.73,398.87,279.4,509.8
263.4,113,307.13,169.53
155.67,68.2,306.07,234.6
248.47,5.2667,339.13,177
225,344.47,277.27,403.13
262.33,6.3333,309.27,87.4
119.4,279.4,196.2,399.93
197.27,345.53,276.2,440.47
205.8,37.267,309.27,212.2
60.733,109.8,143.93,305
175.93,390.33,244.2,506.6
137.53,4.2,218.6,186.6
250.6,333.8,306.07,404.2
1,1,143.93,41.533
164.2,126.87,248.47,235.67
190.87,35.133,306.07,178.07
135.4,6.3333,190.87,163.13
175.93,314.6,246.33,386.07
204.73,346.6,279.4,453.27
226.07,9.5333,309.27,301.8
116.2,137.53,182.33,198.33
102.33,6.3333,154.6,118.33
105.53,86.333,155.67,191.93
228.2,253.8,286.87,329.53
247.4,403.13,298.6,507.67
220.73,344.47,298.6,426.6
130.07,150.33,180.2,198.33
158.87,253.8,213.27,317.8
190.87,193,255.93,259.13
177,315.67,247.4,401
147.13,100.2,188.73,163.13
242.07,6.3333,306.07,124.73
148.2,177,229.27,326.33
247.4,156.73,293.27,260.2
136.47,43.667,220.73,185.53
219.67,399.93,309.27,508.73
228.2,163.13,306.07,349.8
126.87,206.87,175.93,351.93
148.2,177,247.4,326.33
253.8,333.8,306.07,404.2
174.87,311.4,279.4,453.27
251.67,6.3333,299.67,91.667
177,364.73,253.8,508.73
61.8,164.2,122.6,246.33
261.27,399.93,306.07,476.73
190.87,193,238.87,301.8
22.333,196.2,94.867,313.53
229.27,5.2667,273,104.47
105.53,113,167.4,200.47
166.33,147.13,296.47,244.2
127.93,201.53,217.53,317.8
2.0667,2.0667,143.93,44.733
101.27,113,182.33,206.87
189.8,142.87,258.07,201.53
147.13,4.2,206.87,158.87
179.13,113,307.13,259.13
148.2,196.2,306.07,351.93
210.07,77.8,286.87,155.67
150.33,308.2,202.6,365.8
237.8,235.67,289,335.93
248.47,435.13,297.53,506.6
57.533,177,99.133,313.53
248.47,373.27,308.2,507.67
137.53,43.667,220.73,185.53
251.67,157.8,292.2,348.73
248.47,5.2667,308.2,126.87
220.73,5.2667,273,137.53
168.47,274.07,213.27,317.8
248.47,391.4,307.13,507.67
259.13,437.27,307.13,507.67
173.8,285.8,306.07,441.53
179.13,169.53,281.53,261.27
165.27,142.87,234.6,234.6
6.3333,223.93,83.133,332.73
154.6,36.2,221.8,187.67
214.33,73.533,301.8,159.93
247.4,154.6,307.13,276.2
150.33,4.2,206.87,147.13
225,344.47,298.6,430.87
175.93,196.2,247.4,292.2
214.33,93.8,280.47,159.93
185.53,390.33,244.2,506.6
193,116.2,258.07,181.27
179.13,130.07,306.07,259.13
150.33,234.6,217.53,317.8
228.2,177,273,264.47
254.87,419.13,306.07,506.6
243.13,373.27,308.2,507.67
148.2,202.6,213.27,317.8
153.53,5.2667,206.87,147.13
262.33,5.2667,309.27,46.867
215.4,5.2667,271.93,133.27
220.73,419.13,303.93,508.73
168.47,248.47,217.53,323.13
150.33,226.07,289,335.93
175.93,196.2,306.07,351.93
163.13,36.2,218.6,194.07
173.8,93.8,280.47,199.4
222.87,40.467,303.93,148.2
232.47,398.87,279.4,469.27
22.333,227.13,94.867,313.53
168.47,276.2,211.13,318.87
191.93,345.53,247.4,401
136.47,5.2667,189.8,181.27
247.4,156.73,305,276.2
177,315.67,306.07,476.73
202.6,310.33,258.07,364.73
210.07,85.267,286.87,155.67
222.87,40.467,302.87,148.2
168.47,251.67,213.27,326.33
175.93,214.33,217.53,257
222.87,365.8,306.07,453.27
188.73,211.13,230.33,292.2
206.87,293.27,306.07,404.2
189.8,101.27,261.27,179.13
175.93,370.07,233.53,446.87
157.8,191.93,219.67,302.87
175.93,211.13,230.33,292.2
205.8,343.4,295.4,430.87
1,3.1333,72.467,61.8
228.2,118.33,284.73,175.93
191.93,345.53,248.47,412.73
168.47,277.27,280.47,412.73
116.2,169.53,174.87,268.73
214.33,203.67,255.93,259.13
105.53,113,182.33,200.47
202.6,310.33,280.47,387.13
168.47,275.13,306.07,441.53
163.13,36.2,218.6,186.6
119.4,279.4,196.2,414.87
168.47,277.27,263.4,363.67
60.733,169.53,126.87,285.8
89.533,6.3333,155.67,179.13
164.2,346.6,233.53,459.67
222.87,5.2667,271.93,109.8
170.6,234.6,289,335.93
217.53,113,307.13,212.2
5.2667,349.8,212.2,507.67
189.8,40.467,303.93,179.13
113,3.1333,182.33,169.53
263.4,99.133,307.13,159.93
179.13,182.33,261.27,259.13
251.67,6.3333,308.2,126.87
147.13,5.2667,189.8,161
225,333.8,307.13,506.6
172.73,349.8,244.2,507.67
65,206.87,116.2,313.53
247.4,154.6,306.07,276.2
221.8,5.2667,262.33,137.53
189.8,103.4,231.4,179.13
178.07,150.33,222.87,194.07
179.13,205.8,230.33,261.27
73.533,138.6,118.33,225
222.87,85.267,286.87,148.2
179.13,201.53,238.87,254.87
163.13,186.6,215.4,239.93
6.3333,241,47.933,306.07
129,206.87,189.8,314.6
204.73,5.2667,260.2,137.53
127.93,201.53,186.6,307.13
189.8,116.2,258.07,201.53
138.6,309.27,196.2,370.07
172.73,315.67,246.33,386.07
6.3333,227.13,49,332.73
228.2,109.8,300.73,175.93
225,305,309.27,405.27
134.33,301.8,203.67,381.8
188.73,226.07,289,335.93
222.87,402.07,298.6,509.8
202.6,310.33,285.8,392.47
150.33,148.2,222.87,323.13
168.47,277.27,213.27,317.8
77.8,169.53,126.87,285.8
245.27,3.1333,344.47,511.93
179.13,205.8,230.33,254.87
129,126.87,248.47,314.6
257,361.53,307.13,451.13
220.73,344.47,283.67,418.07
247.4,428.73,303.93,507.67
5.2667,5.2667,122.6,263.4
172.73,349.8,216.47,431.93
119.4,279.4,194.07,399.93
199.4,116.2,258.07,175.93
197.27,345.53,247.4,401
152.47,5.2667,206.87,147.13
205.8,113,307.13,212.2
189.8,142.87,234.6,201.53
137.53,4.2,180.2,161
173.8,73.533,301.8,199.4
85.267,178.07,139.67,308.2
261.27,40.467,302.87,108.73
249.53,109.8,300.73,171.67
188.73,245.27,244.2,292.2
213.27,290.07,286.87,378.6
262.33,6.3333,309.27,66.067
171.67,284.73,298.6,430.87
211.13,109.8,300.73,212.2
171.67,205.8,245.27,317.8
220.73,247.4,262.33,329.53
257,428.73,305,506.6
163.13,162.07,215.4,239.93
204.73,346.6,247.4,401
6.3333,249.53,47.933,335.93
5.2667,5.2667,109.8,227.13
211.13,130.07,300.73,212.2
228.2,163.13,306.07,348.73
81,169.53,139.67,308.2
116.2,167.4,172.73,263.4
228.2,253.8,290.07,348.73
173.8,285.8,306.07,427.67
228.2,74.6,303.93,175.93
186.6,309.27,283.67,429.8
73.533,138.6,172.73,281.53
187.67,77.8,271.93,182.33
211.13,131.13,300.73,212.2
259.13,391.4,307.13,506.6
122.6,116.2,179.13,198.33
189.8,92.733,262.33,179.13
6.3333,138.6,118.33,335.93
248.47,373.27,306.07,506.6
150.33,218.6,190.87,268.73
170.6,234.6,244.2,292.2
65,169.53,116.2,313.53
255.93,74.6,303.93,125.8
170.6,169.53,289,335.93
226.07,74.6,306.07,175.93
209,364.73,253.8,508.73
171.67,284.73,237.8,357.27
129,248.47,189.8,314.6
150.33,221.8,199.4,278.33
228.2,253.8,286.87,313.53
173.8,72.467,302.87,199.4
242.07,386.07,286.87,452.2
260.2,249.53,302.87,349.8
166.33,191.93,215.4,243.13
177,3.1333,239.93,52.2
190.87,203.67,255.93,259.13
73.533,138.6,124.73,281.53
222.87,76.733,271.93,148.2
237.8,173.8,286.87,298.6
213.27,5.2667,260.2,137.53
186.6,309.27,237.8,371.13
243.13,228.2,286.87,298.6
179.13,193,255.93,259.13
119.4,279.4,194.07,414.87
171.67,205.8,222.87,258.07
249.53,109.8,300.73,161
248.47,362.6,298.6,430.87
30.867,223.93,83.133,300.73
189.8,333.8,246.33,386.07
73.533,206.87,116.2,313.53
220.73,344.47,283.67,429.8
185.53,142.87,234.6,214.33
204.73,225,245.27,317.8
173.8,85.267,286.87,199.4
73.533,138.6,118.33,250.6
213.27,300.73,286.87,378.6
223.93,235.67,270.87,335.93
211.13,113,307.13,212.2
239.93,444.73,309.27,508.73
116.2,170.6,166.33,266.6
179.13,191.93,219.67,233.53
249.53,109.8,300.73,155.67
179.13,193,270.87,261.27
251.67,74.6,306.07,126.87
182.33,281.53,286.87,378.6
22.333,227.13,81,300.73
39.4,223.93,83.133,285.8
186.6,309.27,237.8,357.27
299.67,413.8,340.2,509.8
227.13,77.8,271.93,137.53
179.13,203.67,230.33,253.8
157.8,228.2,219.67,302.87
303.93,465,344.47,511.93
247.4,444.73,303.93,507.67
226.07,118.33,284.73,175.93
210.07,101.27,261.27,155.67
177,366.87,222.87,507.67
214.33,116.2,258.07,159.93
232.47,371.13,295.4,430.87
3.1333,3.1333,76.733,50.067
157.8,228.2,202.6,287.93
165.27,162.07,213.27,234.6
268.73,3.1333,342.33,43.667
255.93,74.6,306.07,125.8
179.13,203.67,230.33,261.27
228.2,90.6,301.8,175.93
126.87,206.87,168.47,308.2
