1,1,342.33,511.93
212.2,1,342.33,392.47
170.6,190.87,237.8,296.47
165.27,135.4,243.13,317.8
111.93,399.93,216.47,511.93
1,1,273,511.93
1,171.67,233.53,511.93
1,1,273,185.53
1,225,113,363.67
167.4,1,342.33,511.93
119.4,1,342.33,394.6
121.53,145,187.67,241
167.4,66.067,283.67,296.47
88.467,1,342.33,394.6
1,1,293.27,202.6
170.6,222.87,223.93,263.4
1,57.533,235.67,511.93
119.4,151.4,226.07,290.07
165.27,1,342.33,391.4
209,1,342.33,394.6
88.467,109.8,257,317.8
194.07,303.93,342.33,511.93
1,1,293.27,276.2
201.53,28.733,342.33,511.93
205.8,114.07,271.93,296.47
24.467,126.87,182.33,257
27.667,13.8,179.13,150.33
1,185.53,186.6,511.93
85.267,73.533,163.13,194.07
79.933,1,178.07,87.4
211.13,1,342.33,390.33
213.27,1,293.27,155.67
167.4,225,213.27,265.53
25.533,9.5333,111.93,131.13
1,1,293.27,296.47
1,1,273,248.47
111.93,235.67,235.67,511.93
165.27,181.27,218.6,269.8
1,18.067,87.4,131.13
24.467,7.4,238.87,296.47
161,235.67,216.47,292.2
113,134.33,220.73,270.87
1,136.47,342.33,511.93
196.2,1,293.27,155.67
165.27,1,342.33,511.93
1,99.133,233.53,511.93
212.2,1,342.33,394.6
1,136.47,233.53,511.93
167.4,190.87,231.4,263.4
201.53,407.4,327.4,511.93
166.33,158.87,237.8,296.47
68.2,61.8,111.93,124.73
219.67,17,342.33,386.07
107.67,1,273,248.47
29.8,1,178.07,124.73
165.27,222.87,215.4,269.8
161,158.87,237.8,296.47
1,1,293.27,194.07
38.333,73.533,163.13,183.4
68.2,9.5333,165.27,124.73
101.27,123.67,230.33,253.8
1,99.133,230.33,363.67
1,1,220.73,202.6
1,99.133,342.33,511.93
167.4,171.67,225,265.53
161,236.73,216.47,292.2
23.4,132.2,118.33,276.2
108.73,1,273,181.27
24.467,126.87,182.33,258.07
1,1,62.867,76.733
214.33,172.73,342.33,391.4
24.467,7.4,238.87,275.13
1,185.53,235.67,511.93
179.13,171.67,221.8,228.2
1,1,62.867,131.13
1,54.333,53.267,131.13
167.4,1,342.33,296.47
165.27,190.87,228.2,300.73
54.333,264.47,163.13,485.27
44.733,73.533,163.13,194.07
68.2,39.4,133.27,124.73
1,185.53,233.53,511.93
1,9.5333,108.73,131.13
167.4,1,342.33,382.87
44.733,73.533,163.13,183.4
24.467,126.87,229.27,305
1,1,165.27,131.13
223.93,1,302.87,194.07
27.667,1,273,185.53
1,18.067,50.067,76.733
205.8,1,342.33,391.4
1,136.47,113,363.67
116.2,123.67,221.8,248.47
108.73,7.4,238.87,181.27
1,57.533,229.27,367.93
229.27,1,302.87,158.87
1,99.133,113,363.67
263.4,1,342.33,57.533
165.27,165.27,342.33,391.4
201.53,339.13,342.33,511.93
14.867,1,107.67,42.6
263.4,1,342.33,76.733
201.53,321,342.33,511.93
201.53,303.93,342.33,511.93
88.467,134.33,342.33,394.6
121.53,131.13,237.8,296.47
214.33,1,269.8,85.267
1,1,220.73,131.13
212.2,1,342.33,390.33
209,225,342.33,394.6
210.07,1,302.87,226.07
213.27,1,273,155.67
38.333,73.533,163.13,185.53
149.27,369,227.13,511.93
1,1,106.6,87.4
1,136.47,113,358.33
166.33,190.87,237.8,296.47
68.2,74.6,111.93,124.73
217.53,321,263.4,405.27
25.533,1,178.07,131.13
211.13,284.73,305,375.4
187.67,1,273,131.13
1,54.333,53.267,130.07
88.467,134.33,221.8,270.87
29.8,30.867,104.47,97
172.73,131.13,216.47,229.27
1,1,57.533,59.667
214.33,305,342.33,394.6
228.2,1,342.33,171.67
282.6,372.2,342.33,454.33
239.93,1,293.27,132.2
46.867,1,90.6,59.667
201.53,321,327.4,511.93
1,1,178.07,131.13
54.333,257,233.53,485.27
228.2,13.8,292.2,171.67
101.27,123.67,230.33,300.73
116.2,123.67,230.33,248.47
143.93,20.2,200.47,77.8
149.27,271.93,217.53,332.73
79.933,1,155.67,85.267
27.667,13.8,179.13,185.53
27.667,12.733,179.13,202.6
214.33,284.73,305,375.4
219.67,1,342.33,392.47
165.27,165.27,237.8,300.73
1,170.6,50.067,299.67
250.6,377.53,306.07,495.93
165.27,109.8,257,317.8
194.07,303.93,266.6,505.53
1,1,107.67,76.733
1,1,220.73,151.4
1,225,113,358.33
205.8,165.27,342.33,391.4
114.07,1,220.73,120.47
102.33,158.87,165.27,217.53
228.2,1,332.73,171.67
88.467,134.33,220.73,270.87
252.73,407.4,306.07,495.93
113,134.33,221.8,270.87
170.6,205.8,214.33,263.4
205.8,66.067,283.67,296.47
201.53,375.4,342.33,511.93
54.333,235.67,235.67,511.93
165.27,135.4,342.33,394.6
1,57.533,71.4,367.93
214.33,284.73,292.2,371.13
1,1,220.73,194.07
38.333,73.533,163.13,194.07
86.333,103.4,163.13,202.6
201.53,427.67,327.4,511.93
29.8,30.867,133.27,124.73
7.4,1,106.6,47.933
27.667,1,200.47,185.53
24.467,127.93,118.33,305
147.13,235.67,235.67,408.47
213.27,1,273,131.13
28.733,1,107.67,59.667
167.4,190.87,228.2,263.4
68.2,12.733,159.93,124.73
14.867,1,107.67,59.667
83.133,203.67,135.4,258.07
167.4,165.27,237.8,296.47
121.53,131.13,229.27,241
239.93,1,293.27,140.73
182.33,171.67,225,228.2
1,136.47,61.8,239.93
45.8,249.53,117.27,296.47
170.6,190.87,232.47,263.4
1,99.133,118.33,363.67
1,136.47,117.27,367.93
7.4,1,69.267,42.6
298.6,377.53,342.33,454.33
1,1,131.13,59.667
140.73,1,220.73,77.8
133.27,135.4,174.87,213.27
1,1,220.73,150.33
276.2,14.867,331.67,67.133
1,38.333,87.4,131.13
1,1,133.27,131.13
268.73,1,342.33,57.533
46.867,1,107.67,59.667
143.93,1,220.73,77.8
196.2,1,273,155.67
1,9.5333,165.27,131.13
289,375.4,342.33,467.13
1,44.733,53.267,99.133
264.47,1,342.33,76.733
102.33,126.87,182.33,217.53
83.133,1,178.07,69.267
83.133,126.87,229.27,258.07
114.07,23.4,185.53,120.47
14.867,1,69.267,42.6
12.733,262.33,103.4,363.67
1,132.2,118.33,363.67
120.47,453.27,170.6,511.93
167.4,222.87,231.4,263.4
1,18.067,43.667,87.4
236.73,454.33,340.2,511.93
211.13,284.73,322.07,382.87
39.4,68.2,163.13,202.6
1,1,53.267,87.4
301.8,117.27,342.33,165.27
107.67,5.2667,242.07,248.47
220.73,339.13,342.33,511.93
27.667,12.733,179.13,150.33
126.87,453.27,170.6,511.93
54.333,257,164.2,485.27
39.4,103.4,163.13,202.6
44.733,103.4,163.13,183.4
23.4,5.2667,242.07,276.2
201.53,321,329.53,511.93
44.733,118.33,131.13,159.93
134.33,1,200.47,77.8
29.8,30.867,92.733,97
49,1,131.13,51.133
102.33,158.87,165.27,241
1,44.733,53.267,151.4
194.07,303.93,266.6,511.93
194.07,303.93,298.6,505.53
111.93,451.13,170.6,511.93
239.93,66.067,283.67,132.2
250.6,343.4,342.33,495.93
172.73,131.13,229.27,229.27
24.467,127.93,118.33,257
214.33,1,269.8,67.133
212.2,66.067,283.67,237.8
154.6,303.93,233.53,398.87
41.533,13.8,83.133,73.533
299.67,378.6,342.33,454.33
252.73,343.4,298.6,461.8
147.13,271.93,233.53,398.87
154.6,271.93,233.53,398.87
149.27,271.93,233.53,398.87
1,18.067,53.267,87.4
86.333,68.2,163.13,202.6
214.33,284.73,322.07,382.87
1,1,43.667,59.667
213.27,7.4,273,155.67
250.6,417,306.07,495.93
29.8,1,220.73,124.73
1,259.13,71.4,343.4
214.33,1,269.8,75.667
1,170.6,56.467,299.67
211.13,284.73,292.2,371.13
254.87,345.53,298.6,461.8
79.933,1,200.47,85.267
212.2,339.13,268.73,462.87
68.2,61.8,122.6,124.73
54.333,264.47,164.2,485.27
203.67,1,247.4,97
1,1,50.067,76.733
268.73,1,332.73,57.533
1,44.733,53.267,131.13
289,375.4,342.33,455.4
236.73,375.4,342.33,511.93
79.933,1,159.93,86.333
289,375.4,340.2,467.13
25.533,1,220.73,131.13
250.6,372.2,306.07,495.93
147.13,303.93,233.53,398.87
214.33,1,269.8,73.533
203.67,1,261.27,99.133
213.27,54.333,273,131.13
33,38.333,87.4,97
93.8,257,148.2,356.2
24.467,7.4,238.87,258.07
264.47,2.0667,342.33,76.733
259.13,431.93,306.07,495.93
1,99.133,56.467,331.67
167.4,205.8,223.93,263.4
1,170.6,46.867,299.67
228.2,66.067,283.67,170.6
143.93,1,220.73,72.467
250.6,409.53,306.07,495.93
167.4,222.87,214.33,263.4
87.4,1,155.67,75.667
268.73,465,342.33,511.93
164.2,399.93,216.47,511.93
12.733,295.4,72.467,363.67
54.333,257,233.53,511.93
203.67,1,273,131.13
1,99.133,56.467,299.67
69.267,1,159.93,123.67
165.27,231.4,216.47,300.73
83.133,158.87,165.27,258.07
250.6,343.4,306.07,495.93
219.67,28.733,342.33,392.47
212.2,321,268.73,462.87
228.2,18.067,292.2,171.67
12.733,140.73,61.8,239.93
143.93,9.5333,200.47,77.8
236.73,454.33,313.53,511.93
194.07,344.47,235.67,408.47
34.067,262.33,103.4,341.27
289,375.4,342.33,454.33
212.2,66.067,322.07,382.87
8.4667,54.333,53.267,131.13
85.267,73.533,163.13,183.4
107.67,5.2667,242.07,217.53
7.4,1,70.333,47.933
111.93,369,227.13,511.93
143.93,23.4,185.53,72.467
1,200.47,70.333,367.93
153.53,126.87,229.27,228.2
1,378.6,46.867,437.27
259.13,409.53,306.07,495.93
85.267,97,163.13,183.4
204.73,303.93,266.6,505.53
214.33,284.73,292.2,367.93
97,12.733,159.93,86.333
1,193,46.867,300.73
1,200.47,71.4,367.93
1,193,71.4,367.93
268.73,1,342.33,67.133
147.13,303.93,235.67,408.47
168.47,429.8,216.47,511.93
252.73,407.4,327.4,495.93
213.27,54.333,273,155.67
12.733,136.47,56.467,225
1,193,61.8,269.8
1,136.47,71.4,367.93
69.267,1,178.07,123.67
212.2,66.067,283.67,286.87
165.27,237.8,216.47,300.73
259.13,431.93,303.93,495.93
107.67,73.533,150.33,127.93
111.93,399.93,198.33,511.93
1,259.13,70.333,350.87
54.333,257,163.13,485.27
85.267,103.4,163.13,183.4
167.4,205.8,214.33,263.4
33,9.5333,108.73,97
213.27,55.4,273,155.67
150.33,303.93,233.53,398.87
276.2,14.867,342.33,67.133
7.4,1,70.333,42.6
228.2,321,298.6,462.87
121.53,185.53,164.2,241
181.27,131.13,229.27,228.2
268.73,465,340.2,511.93
201.53,468.2,246.33,511.93
203.67,1,247.4,71.4
147.13,271.93,235.67,408.47
1,307.13,55.4,367.93
205.8,378.6,250.6,503.4
201.53,378.6,250.6,511.93
1,193,46.867,269.8
236.73,407.4,340.2,511.93
1,18.067,43.667,59.667
97,12.733,159.93,74.6
1,259.13,71.4,367.93
196.2,1,247.4,97
34.067,225,117.27,305
228.2,321,268.73,462.87
147.13,271.93,233.53,483.13
1,259.13,70.333,343.4
149.27,369,227.13,483.13
1,200.47,70.333,360.47
1,259.13,70.333,360.47
33,9.5333,111.93,124.73
108.73,158.87,165.27,217.53
34.067,225,85.267,305
33,38.333,87.4,82.067
214.33,7.4,261.27,99.133
219.67,339.13,268.73,462.87
10.6,1,70.333,42.6
213.27,55.4,273,131.13
99.133,103.4,163.13,183.4
170.6,222.87,214.33,263.4
236.73,427.67,327.4,511.93
228.2,114.07,271.93,170.6
