1,1,502.33,511.93
180.2,1,502.33,511.93
171.67,1,502.33,511.93
121.53,318.87,387.13,511.93
1,1,383.93,290.07
187.67,1,502.33,511.93
431.93,1,502.33,97
175.93,1,502.33,447.93
377.53,196.2,502.33,355.13
1,1,502.33,447.93
187.67,113,300.73,349.8
1,230.33,314.6,511.93
76.733,237.8,387.13,511.93
1,180.2,154.6,295.4
266.6,1,502.33,243.13
181.27,1,502.33,511.93
1,180.2,207.93,511.93
171.67,50.067,436.2,441.53
322.07,1,502.33,70.333
354.07,169.53,502.33,271.93
276.2,1,502.33,511.93
1,232.47,502.33,511.93
266.6,1,502.33,474.6
388.2,142.87,502.33,212.2
356.2,381.8,502.33,511.93
75.667,63.933,321,394.6
293.27,1,502.33,511.93
72.467,232.47,129,399.93
75.667,1,502.33,511.93
1,1,383.93,511.93
99.133,252.73,217.53,345.53
171.67,50.067,417,441.53
191.93,230.33,408.47,511.93
136.47,1,502.33,511.93
265.53,380.73,351.93,452.2
181.27,67.133,345.53,283.67
1,204.73,502.33,511.93
181.27,50.067,443.67,323.13
72.467,296.47,120.47,399.93
282.6,50.067,393.53,215.4
223.93,296.47,269.8,351.93
285.8,1,502.33,447.93
79.933,237.8,299.67,407.4
1,180.2,254.87,511.93
165.27,1,502.33,511.93
324.2,1,502.33,313.53
75.667,225,279.4,394.6
92.733,276.2,408.47,511.93
197.27,1,452.2,108.73
180.2,1,462.87,440.47
180.2,53.267,393.53,440.47
136.47,311.4,373.27,504.47
279.4,403.13,357.27,461.8
295.4,399.93,408.47,511.93
77.8,310.33,184.47,511.93
329.53,14.867,439.4,131.13
75.667,63.933,408.47,511.93
202.6,1,462.87,167.4
165.27,67.133,397.8,441.53
180.2,53.267,367.93,349.8
252.73,261.27,300.73,319.93
309.27,10.6,502.33,474.6
1,180.2,154.6,286.87
181.27,63.933,413.8,323.13
187.67,4.2,502.33,511.93
1,1,404.2,511.93
295.4,399.93,373.27,504.47
327.4,1,462.87,85.267
92.733,276.2,225,361.53
1,230.33,129,511.93
122.6,319.93,254.87,396.73
230.33,333.8,279.4,394.6
315.67,115.13,396.73,184.47
289,267.67,383.93,370.07
456.47,298.6,502.33,365.8
236.73,397.8,369,511.93
276.2,196.2,407.4,372.2
79.933,237.8,207.93,308.2
1,246.33,107.67,511.93
344.47,1,452.2,51.133
187.67,90.6,367.93,349.8
324.2,113,394.6,185.53
116.2,107.67,215.4,285.8
223.93,296.47,280.47,389.27
79.933,204.73,217.53,361.53
193,73.533,324.2,173.8
1,1,385,511.93
293.27,317.8,379.67,404.2
326.33,415.93,375.4,475.67
243.13,77.8,318.87,129
418.07,237.8,502.33,306.07
197.27,83.133,275.13,129
171.67,1,452.2,441.53
293.27,317.8,502.33,511.93
87.4,318.87,387.13,511.93
230.33,289,404.2,437.27
344.47,200.47,421.27,313.53
344.47,435.13,404.2,511.93
343.4,463.93,410.6,511.93
246.33,331.67,325.27,409.53
79.933,237.8,217.53,359.4
1,63.933,387.13,511.93
355.13,406.33,502.33,511.93
175.93,105.53,273,255.93
216.47,385,261.27,511.93
444.73,1,502.33,65
30.867,230.33,129,295.4
230.33,289,408.47,511.93
199.4,238.87,397.8,441.53
295.4,5.2667,430.87,78.867
266.6,50.067,436.2,243.13
1,1,385,283.67
209,311.4,251.67,386.07
381.8,139.67,502.33,212.2
175.93,63.933,413.8,255.93
216.47,1,502.33,511.93
180.2,53.267,322.07,165.27
293.27,10.6,502.33,511.93
344.47,200.47,490.6,452.2
405.27,184.47,502.33,310.33
91.667,318.87,207.93,361.53
408.47,1,502.33,174.87
293.27,418.07,369,511.93
339.13,280.47,502.33,511.93
369,10.6,447.93,73.533
410.6,195.13,502.33,306.07
283.67,90.6,331.67,215.4
165.27,67.133,345.53,310.33
77.8,310.33,387.13,511.93
1,1,404.2,293.27
1,1,387.13,511.93
78.867,239.93,225,359.4
41.533,310.33,89.533,511.93
295.4,5.2667,430.87,100.2
182.33,53.267,322.07,143.93
392.47,77.8,443.67,122.6
343.4,396.73,502.33,511.93
344.47,1,502.33,355.13
77.8,310.33,369,511.93
199.4,145,502.33,447.93
293.27,397.8,350.87,443.67
165.27,94.867,215.4,255.93
1,245.27,109.8,511.93
246.33,350.87,313.53,423.4
327.4,1,462.87,91.667
263.4,1,452.2,86.333
247.4,142.87,316.73,259.13
401,278.33,502.33,365.8
181.27,50.067,413.8,323.13
182.33,84.2,264.47,146.07
125.8,237.8,207.93,284.73
410.6,196.2,502.33,265.53
342.33,15.933,383.93,60.733
295.4,399.93,354.07,453.27
91.667,318.87,226.07,361.53
353,381.8,502.33,511.93
127.93,322.07,178.07,455.4
1,235.67,180.2,511.93
293.27,280.47,502.33,511.93
298.6,1,452.2,75.667
339.13,360.47,502.33,511.93
181.27,97,230.33,156.73
1,180.2,387.13,511.93
355.13,394.6,502.33,511.93
191.93,225,279.4,394.6
1,299.67,54.333,511.93
230.33,338.07,270.87,390.33
295.4,399.93,361.53,457.53
175.93,30.867,421.27,255.93
229.27,182.33,393.53,440.47
383.93,196.2,502.33,302.87
322.07,418.07,408.47,511.93
401,222.87,502.33,365.8
181.27,50.067,502.33,511.93
181.27,63.933,321,211.13
41.533,308.2,89.533,511.93
71.4,253.8,116.2,313.53
258.07,257,378.6,399.93
71.4,253.8,127.93,359.4
194.07,221.8,502.33,511.93
376.47,1,502.33,212.2
326.33,114.07,395.67,199.4
259.13,182.33,367.93,399.93
356.2,381.8,452.2,511.93
230.33,338.07,351.93,452.2
285.8,145,502.33,447.93
79.933,107.67,359.4,471.4
197.27,86.333,257,129
383.93,196.2,502.33,355.13
171.67,77.8,318.87,310.33
182.33,74.6,285.8,143.93
1,298.6,59.667,511.93
191.93,230.33,244.2,339.13
1,63.933,231.4,359.4
91.667,318.87,278.33,401
91.667,249.53,299.67,407.4
193,77.8,318.87,166.33
79.933,204.73,376.47,511.93
246.33,350.87,297.53,409.53
258.07,257,378.6,382.87
343.4,397.8,474.6,511.93
401,127.93,502.33,220.73
263.4,30.867,374.33,86.333
136.47,319.93,252.73,511.93
199.4,238.87,378.6,399.93
175.93,124.73,273,255.93
202.6,254.87,325.27,389.27
362.6,10.6,447.93,73.533
229.27,331.67,393.53,440.47
259.13,196.2,367.93,399.93
280.47,1,502.33,97
87.4,321,223.93,511.93
78.867,239.93,225,343.4
440.47,424.47,502.33,511.93
229.27,324.2,393.53,440.47
92.733,317.8,222.87,361.53
1,63.933,216.47,295.4
1,267.67,89.533,511.93
377.53,185.53,502.33,355.13
1,268.73,52.2,408.47
418.07,237.8,502.33,310.33
175.93,63.933,321,283.67
194.07,221.8,316.73,407.4
175.93,1,502.33,355.13
194.07,247.4,393.53,440.47
327.4,1,458.6,85.267
293.27,381.8,492.73,511.93
181.27,5.2667,430.87,211.13
353,6.3333,502.33,174.87
263.4,30.867,374.33,99.133
276.2,236.73,367.93,372.2
101.27,295.4,230.33,343.4
181.27,77.8,318.87,196.2
202.6,50.067,417,441.53
356.2,394.6,454.33,511.93
223.93,77.8,318.87,155.67
305,196.2,367.93,325.27
129,321,364.73,511.93
344.47,139.67,502.33,313.53
330.6,11.667,407.4,86.333
230.33,346.6,408.47,511.93
181.27,84.2,262.33,211.13
339.13,169.53,502.33,511.93
76.733,237.8,225,359.4
215.4,264.47,393.53,440.47
419.13,409.53,502.33,511.93
102.33,346.6,155.67,511.93
182.33,85.267,250.6,146.07
187.67,113,321,319.93
137.53,319.93,252.73,511.93
344.47,447.93,408.47,511.93
328.47,117.27,393.53,184.47
87.4,321,191.93,511.93
180.2,50.067,434.07,440.47
79.933,107.67,222.87,361.53
216.47,363.67,502.33,511.93
191.93,230.33,279.4,394.6
75.667,107.67,359.4,471.4
116.2,237.8,215.4,285.8
310.33,354.07,357.27,399.93
1,232.47,299.67,511.93
209,311.4,297.53,408.47
449,306.07,502.33,355.13
233.53,77.8,318.87,155.67
295.4,379.67,378.6,440.47
203.67,221.8,316.73,407.4
327.4,11.667,407.4,86.333
413.8,222.87,502.33,309.27
75.667,232.47,129,367.93
297.53,319.93,379.67,411.67
193,69.267,323.13,167.4
282.6,90.6,331.67,215.4
191.93,230.33,259.13,339.13
383.93,196.2,502.33,282.6
87.4,321,261.27,511.93
181.27,97,230.33,177
330.6,10.6,447.93,85.267
353,1,502.33,174.87
327.4,113,394.6,185.53
293.27,394.6,502.33,511.93
326.33,5.2667,412.73,75.667
328.47,114.07,395.67,185.53
165.27,74.6,318.87,310.33
344.47,435.13,387.13,511.93
97,234.6,314.6,511.93
171.67,113,316.73,310.33
295.4,5.2667,412.73,78.867
181.27,83.133,276.2,248.47
271.93,225,315.67,270.87
191.93,225,408.47,511.93
298.6,30.867,374.33,75.667
129,1,404.2,98.067
175.93,63.933,421.27,255.93
250.6,267.67,502.33,511.93
1,76.733,195.13,293.27
319.93,166.33,367.93,223.93
280.47,265.53,362.6,370.07
1,63.933,231.4,295.4
79.933,252.73,217.53,345.53
324.2,1,502.33,185.53
293.27,317.8,386.07,437.27
117.27,317.8,502.33,511.93
242.07,334.87,299.67,407.4
362.6,396.73,474.6,511.93
129,1,383.93,98.067
181.27,1,502.33,211.13
71.4,231.4,254.87,511.93
1,299.67,60.733,511.93
356.2,280.47,407.4,367.93
209,311.4,270.87,390.33
138.6,289,408.47,511.93
78.867,277.27,223.93,343.4
410.6,195.13,502.33,310.33
97,234.6,230.33,511.93
247.4,142.87,316.73,293.27
223.93,86.333,276.2,155.67
209,311.4,373.27,504.47
190.87,113,237.8,252.73
231.4,344.47,280.47,389.27
199.4,185.53,332.73,323.13
79.933,239.93,217.53,359.4
346.6,436.2,388.2,508.73
199.4,185.53,383.93,429.8
100.2,274.07,217.53,323.13
1,1,195.13,135.4
1,1,404.2,135.4
111.93,237.8,207.93,296.47
276.2,166.33,490.6,452.2
1,298.6,60.733,511.93
266.6,77.8,318.87,129
215.4,264.47,274.07,389.27
190.87,147.13,273,248.47
187.67,50.067,434.07,440.47
401,127.93,502.33,214.33
202.6,68.2,345.53,167.4
76.733,237.8,278.33,401
344.47,363.67,502.33,511.93
193,83.133,276.2,143.93
180.2,69.267,323.13,168.47
71.4,230.33,129,511.93
328.47,113,394.6,182.33
99.133,239.93,217.53,346.6
251.67,324.2,325.27,399.93
91.667,318.87,236.73,361.53
295.4,1,502.33,100.2
445.8,1,502.33,68.2
190.87,77.8,318.87,283.67
250.6,333.8,397.8,441.53
223.93,68.2,345.53,167.4
295.4,30.867,374.33,78.867
171.67,67.133,345.53,310.33
41.533,309.27,92.733,511.93
78.867,232.47,129,308.2
242.07,350.87,299.67,407.4
75.667,232.47,217.53,367.93
326.33,114.07,395.67,185.53
328.47,117.27,395.67,185.53
222.87,77.8,318.87,196.2
181.27,83.133,275.13,211.13
328.47,113,394.6,185.53
263.4,365.8,312.47,409.53
293.27,363.67,502.33,511.93
344.47,1,502.33,220.73
322.07,1,452.2,70.333
199.4,238.87,325.27,389.27
113,231.4,173.8,295.4
77.8,310.33,252.73,511.93
250.6,313.53,354.07,429.8
410.6,195.13,502.33,268.73
187.67,113,321,294.33
203.67,259.13,294.33,349.8
175.93,63.933,321,255.93
276.2,196.2,490.6,452.2
250.6,333.8,380.73,441.53
221.8,155.67,263.4,199.4
79.933,204.73,217.53,359.4
125.8,319.93,376.47,511.93
79.933,107.67,217.53,359.4
326.33,115.13,398.87,199.4
366.87,406.33,410.6,449
190.87,113,237.8,211.13
71.4,231.4,254.87,396.73
343.4,360.47,502.33,511.93
78.867,230.33,129,511.93
251.67,221.8,316.73,309.27
1,180.2,154.6,511.93
1,63.933,195.13,283.67
297.53,338.07,379.67,403.13
99.133,274.07,216.47,346.6
250.6,267.67,383.93,429.8
117.27,319.93,364.73,511.93
193,69.267,323.13,168.47
156.73,321,223.93,511.93
202.6,254.87,380.73,441.53
202.6,138.6,316.73,283.67
217.53,276.2,259.13,339.13
102.33,322.07,184.47,511.93
202.6,254.87,378.6,389.27
79.933,252.73,217.53,359.4
444.73,291.13,502.33,511.93
354.07,169.53,502.33,482.07
375.4,14.867,439.4,115.13
297.53,319.93,379.67,403.13
293.27,317.8,379.67,410.6
216.47,381.8,278.33,511.93
193,63.933,413.8,226.07
181.27,86.333,251.67,156.73
271.93,122.6,315.67,193
295.4,399.93,359.4,452.2
230.33,158.87,274.07,217.53
91.667,310.33,157.8,359.4
230.33,339.13,279.4,394.6
295.4,399.93,351.93,452.2
1,268.73,63.933,442.6
418.07,254.87,473.53,299.67
383.93,196.2,502.33,269.8
247.4,90.6,367.93,259.13
355.13,5.2667,430.87,49
171.67,243.13,226.07,310.33
111.93,239.93,207.93,296.47
1,63.933,216.47,286.87
216.47,381.8,369,511.93
295.4,407.4,351.93,452.2
431.93,1,502.33,66.067
444.73,6.3333,502.33,65
388.2,21.267,502.33,212.2
353,381.8,492.73,497
247.4,150.33,316.73,293.27
187.67,113,300.73,286.87
331.67,114.07,395.67,185.53
257,63.933,413.8,226.07
230.33,346.6,354.07,453.27
222.87,118.33,285.8,196.2
344.47,406.33,502.33,511.93
1,281.53,63.933,511.93
1,232.47,180.2,511.93
266.6,50.067,417,243.13
230.33,346.6,297.53,413.8
71.4,253.8,207.93,361.53
1,180.2,207.93,313.53
436.2,5.2667,477.8,67.133
329.53,50.067,393.53,118.33
1,45.8,226.07,293.27
1,76.733,195.13,283.67
209,311.4,351.93,452.2
102.33,321,223.93,511.93
125.8,319.93,355.13,461.8
356.2,431.93,452.2,511.93
444.73,291.13,502.33,365.8
121.53,318.87,293.27,409.53
187.67,113,297.53,349.8
1,1,404.2,159.93
197.27,63.933,321,129
165.27,74.6,285.8,255.93
230.33,289,383.93,437.27
199.4,184.47,317.8,323.13
217.53,311.4,270.87,390.33
246.33,350.87,312.47,409.53
353,381.8,492.73,511.93
221.8,142.87,321,293.27
1,63.933,72.467,127.93
201.53,145,247.4,233.53
326.33,415.93,375.4,458.6
204.73,321,301.8,424.47
230.33,346.6,278.33,401
226.07,278.33,274.07,349.8
85.267,45.8,226.07,265.53
339.13,1,502.33,511.93
202.6,110.87,285.8,283.67
130.07,262.33,225,313.53
322.07,418.07,363.67,478.87
1,1,226.07,159.93
138.6,319.93,359.4,471.4
447.93,262.33,502.33,302.87
191.93,155.67,241,217.53
191.93,225,259.13,339.13
356.2,280.47,477.8,389.27
137.53,319.93,250.6,396.73
181.27,77.8,318.87,283.67
198.33,63.933,321,107.67
229.27,50.067,417,265.53
100.2,231.4,254.87,396.73
326.33,415.93,410.6,511.93
377.53,194.07,502.33,355.13
262.33,331.67,312.47,397.8
1,230.33,99.133,293.27
230.33,346.6,322.07,426.6
310.33,354.07,370.07,399.93
100.2,249.53,217.53,323.13
85.267,45.8,226.07,159.93
92.733,317.8,139.67,361.53
202.6,11.667,407.4,167.4
250.6,265.53,383.93,429.8
330.6,42.6,377.53,85.267
130.07,266.6,226.07,330.6
100.2,277.27,173.8,334.87
222.87,274.07,325.27,365.8
1,281.53,63.933,442.6
221.8,142.87,316.73,293.27
171.67,113,237.8,310.33
78.867,309.27,129,359.4
219.67,110.87,261.27,164.2
1,281.53,52.2,408.47
76.733,293.27,127.93,359.4
457.53,209,502.33,271.93
327.4,10.6,447.93,85.267
100.2,249.53,294.33,349.8
262.33,209,316.73,259.13
362.6,471.4,408.47,511.93
293.27,397.8,365.8,485.27
221.8,142.87,321,294.33
419.13,385,492.73,497
113,231.4,207.93,295.4
247.4,142.87,321,259.13
190.87,110.87,285.8,283.67
410.6,195.13,502.33,283.67
201.53,145,260.2,286.87
246.33,388.2,357.27,461.8
100.2,277.27,206.87,343.4
326.33,115.13,396.73,183.4
100.2,266.6,226.07,343.4
133.27,126.87,216.47,286.87
346.6,462.87,387.13,511.93
381.8,1,502.33,212.2
229.27,77.8,318.87,155.67
1,280.47,53.267,442.6
453.27,456.47,502.33,511.93
259.13,275.13,357.27,399.93
324.2,113,418.07,185.53
270.87,68.2,345.53,135.4
381.8,21.267,502.33,212.2
1,267.67,53.267,346.6
100.2,277.27,173.8,343.4
1,180.2,173.8,313.53
280.47,193,332.73,246.33
204.73,321,314.6,511.93
202.6,118.33,285.8,283.67
328.47,117.27,393.53,182.33
413.8,243.13,502.33,308.2
259.13,305,357.27,399.93
445.8,1,502.33,104.47
76.733,268.73,127.93,359.4
290.07,338.07,357.27,399.93
251.67,221.8,316.73,295.4
438.33,1,502.33,68.2
324.2,113,403.13,182.33
395.67,47.933,439.4,115.13
326.33,142.87,376.47,184.47
246.33,331.67,393.53,440.47
383.93,196.2,502.33,310.33
199.4,63.933,413.8,323.13
122.6,319.93,250.6,396.73
449,209,502.33,271.93
202.6,156.73,281.53,283.67
362.6,402.07,474.6,511.93
190.87,85.267,250.6,130.07
444.73,1,502.33,74.6
190.87,113,231.4,211.13
181.27,130.07,273,248.47
418.07,254.87,502.33,302.87
344.47,446.87,388.2,508.73
130.07,266.6,225,324.2
1,189.8,154.6,286.87
295.4,379.67,393.53,440.47
246.33,331.67,312.47,409.53
18.067,230.33,129,295.4
193,63.933,413.8,323.13
156.73,321,261.27,511.93
1,402.07,47.933,511.93
1,280.47,52.2,424.47
353,381.8,431.93,462.87
325.27,276.2,372.2,340.2
383.93,209,455.4,269.8
193,113,247.4,261.27
443.67,209,502.33,271.93
355.13,5.2667,412.73,49
1,267.67,53.267,308.2
282.6,90.6,367.93,223.93
354.07,169.53,502.33,365.8
193,113,247.4,233.53
127.93,322.07,184.47,511.93
182.33,84.2,262.33,146.07
117.27,319.93,279.4,408.47
293.27,413.8,388.2,511.93
72.467,232.47,154.6,399.93
193,113,263.4,261.27
342.33,1,404.2,53.267
408.47,21.267,498.07,174.87
97,277.27,223.93,343.4
377.53,47.933,439.4,115.13
355.13,396.73,502.33,511.93
71.4,231.4,173.8,313.53
328.47,117.27,394.6,182.33
117.27,319.93,355.13,461.8
78.867,309.27,129,453.27
339.13,280.47,477.8,395.67
1,296.47,59.667,511.93
79.933,239.93,217.53,346.6
204.73,321,267.67,396.73
193,63.933,324.2,182.33
377.53,196.2,502.33,302.87
77.8,310.33,207.93,361.53
1,179.13,135.4,293.27
102.33,322.07,179.13,511.93
229.27,138.6,316.73,265.53
276.2,196.2,367.93,372.2
353,381.8,431.93,449
326.33,115.13,396.73,184.47
348.73,124.73,395.67,185.53
421.27,278.33,498.07,342.33
223.93,69.267,323.13,123.67
327.4,276.2,372.2,340.2
100.2,249.53,299.67,407.4
152.47,321,223.93,511.93
97,277.27,230.33,343.4
309.27,50.067,393.53,135.4
238.87,138.6,316.73,265.53
222.87,274.07,325.27,389.27
203.67,259.13,299.67,407.4
268.73,392.47,355.13,461.8
419.13,409.53,492.73,497
223.93,86.333,300.73,167.4
295.4,379.67,383.93,440.47
136.47,321,223.93,511.93
359.4,284.73,490.6,452.2
449,296.47,502.33,355.13
252.73,276.2,300.73,319.93
353,1,502.33,220.73
418.07,254.87,502.33,310.33
247.4,150.33,316.73,259.13
233.53,113,276.2,155.67
293.27,317.8,345.53,397.8
204.73,321,261.27,511.93
383.93,209,502.33,302.87
327.4,117.27,403.13,182.33
459.67,60.733,502.33,104.47
302.87,379.67,378.6,440.47
199.4,185.53,317.8,323.13
201.53,145,260.2,262.33
113,234.6,225,313.53
383.93,209,455.4,273
330.6,359.4,379.67,404.2
282.6,50.067,434.07,215.4
215.4,264.47,274.07,349.8
223.93,69.267,323.13,155.67
280.47,265.53,383.93,370.07
324.2,113,418.07,182.33
251.67,331.67,325.27,399.93
293.27,418.07,388.2,511.93
262.33,331.67,305,375.4
326.33,117.27,395.67,185.53
193,73.533,324.2,182.33
246.33,350.87,378.6,440.47
236.73,124.73,300.73,167.4
329.53,50.067,399.93,131.13
100.2,231.4,226.07,343.4
193,318.87,293.27,409.53
187.67,50.067,434.07,319.93
359.4,322.07,433,387.13
125.8,319.93,364.73,511.93
193,63.933,321,143.93
197.27,84.2,264.47,129
436.2,1,502.33,104.47
251.67,77.8,318.87,129
187.67,113,263.4,261.27
356.2,469.27,410.6,511.93
444.73,1,502.33,97
77.8,310.33,121.53,511.93
309.27,50.067,375.4,135.4
438.33,222.87,486.33,276.2
246.33,388.2,350.87,449
111.93,239.93,161,296.47
339.13,322.07,451.13,395.67
113,245.27,225,324.2
152.47,1,404.2,98.067
433,424.47,502.33,511.93
113,237.8,225,324.2
113,231.4,173.8,283.67
280.47,1,452.2,81
227.13,53.267,322.07,94.867
125.8,237.8,210.07,284.73
182.33,90.6,231.4,143.93
262.33,331.67,325.27,399.93
289,267.67,362.6,370.07
100.2,274.07,216.47,323.13
99.133,274.07,217.53,346.6
309.27,50.067,375.4,125.8
327.4,12.733,391.4,75.667
290.07,338.07,373.27,401
362.6,396.73,502.33,511.93
326.33,115.13,394.6,183.4
251.67,221.8,316.73,267.67
76.733,189.8,135.4,243.13
327.4,113,403.13,182.33
344.47,446.87,388.2,511.93
212.2,186.6,297.53,349.8
122.6,321,191.93,372.2
1,299.67,59.667,511.93
201.53,113,300.73,286.87
329.53,50.067,397.8,118.33
395.67,77.8,443.67,122.6
444.73,170.6,502.33,214.33
287.93,68.2,345.53,135.4
191.93,147.13,273,217.53
223.93,89.533,276.2,155.67
381.8,142.87,502.33,212.2
216.47,385,314.6,511.93
353,406.33,410.6,449
374.33,381.8,436.2,439.4
1,179.13,135.4,286.87
344.47,458.6,387.13,511.93
401,278.33,474.6,323.13
343.4,396.73,474.6,511.93
87.4,321,191.93,453.27
97,234.6,230.33,369
246.33,388.2,387.13,511.93
246.33,350.87,393.53,440.47
270.87,77.8,318.87,118.33
377.53,226.07,426.6,273
97,234.6,230.33,343.4
344.47,200.47,502.33,313.53
297.53,399.93,351.93,452.2
199.4,185.53,298.6,323.13
193,318.87,267.67,392.47
247.4,150.33,291.13,228.2
125.8,319.93,279.4,408.47
133.27,244.2,216.47,286.87
1,189.8,135.4,286.87
344.47,1,430.87,51.133
1,179.13,135.4,243.13
130.07,322.07,178.07,435.13
113,245.27,225,313.53
259.13,286.87,326.33,357.27
276.2,254.87,361.53,372.2
438.33,209,502.33,276.2
204.73,321,250.6,396.73
98.067,321,191.93,369
401,209,502.33,309.27
356.2,431.93,454.33,511.93
113,239.93,225,313.53
326.33,1,404.2,70.333
401,127.93,473.53,177
354.07,139.67,502.33,266.6
156.73,321,228.2,511.93
113,234.6,216.47,295.4
327.4,136.47,374.33,180.2
440.47,424.47,502.33,497
193,63.933,321,107.67
283.67,90.6,331.67,182.33
227.13,113,300.73,167.4
457.53,213.27,502.33,271.93
354.07,169.53,479.93,266.6
410.6,196.2,482.07,254.87
429.8,385,490.6,443.67
369,381.8,436.2,439.4
97,277.27,173.8,334.87
359.4,322.07,451.13,387.13
97,277.27,223.93,334.87
445.8,37.267,502.33,97
369,14.867,423.4,73.533
78.867,230.33,129,309.27
298.6,413.8,360.47,458.6
314.6,236.73,367.93,325.27
212.2,186.6,297.53,293.27
78.867,230.33,129,453.27
328.47,136.47,374.33,180.2
401,278.33,502.33,328.47
30.867,244.2,99.133,293.27
319.93,174.87,367.93,223.93
152.47,1,383.93,98.067
453.27,356.2,502.33,511.93
247.4,142.87,303.93,228.2
366.87,291.13,407.4,367.93
386.07,284.73,490.6,443.67
333.8,397.8,378.6,440.47
1,204.73,115.13,286.87
97,277.27,206.87,334.87
327.4,130.07,377.53,179.13
102.33,346.6,157.8,511.93
212.2,186.6,260.2,286.87
327.4,117.27,393.53,182.33
401,278.33,502.33,350.87
113,234.6,154.6,295.4
82.067,230.33,129,295.4
413.8,253.8,502.33,308.2
401,243.13,502.33,309.27
408.47,21.267,502.33,174.87
449,310.33,502.33,365.8
449,298.6,502.33,365.8
374.33,381.8,431.93,439.4
413.8,222.87,502.33,308.2
374.33,381.8,431.93,434.07
359.4,284.73,490.6,443.67
305,196.2,359.4,254.87
130.07,322.07,184.47,511.93
236.73,397.8,314.6,511.93
1,179.13,104.47,219.67
259.13,305,326.33,357.27
283.67,90.6,331.67,141.8
327.4,136.47,371.13,179.13
226.07,327.4,267.67,392.47
127.93,334.87,180.2,511.93
257,237.8,297.53,293.27
329.53,50.067,375.4,117.27
219.67,186.6,260.2,262.33
386.07,284.73,477.8,389.27
