226.07,1,383.93,143.93
215.4,1,383.93,511.93
200.47,105.53,302.87,458.6
1,260.2,203.67,511.93
1,1,383.93,511.93
200.47,14.867,383.93,511.93
1,1,257,511.93
12.733,1,383.93,511.93
178.07,421.27,237.8,511.93
186.6,1,383.93,511.93
1,1,257,266.6
12.733,97,295.4,511.93
83.133,1,280.47,246.33
1,1,265.53,302.87
1,1,295.4,511.93
262.33,249.53,377.53,397.8
171.67,1,383.93,511.93
1,1,280.47,511.93
163.13,1,383.93,511.93
226.07,1,383.93,262.33
262.33,227.13,383.93,511.93
215.4,1,383.93,129
286.87,69.267,383.93,114.07
202.6,71.4,251.67,149.27
137.53,334.87,383.93,511.93
206.87,341.27,257,405.27
1,1,156.73,302.87
1,1,265.53,511.93
101.27,216.47,141.8,292.2
178.07,360.47,264.47,511.93
157.8,1,383.93,511.93
205.8,302.87,249.53,354.07
207.93,1,383.93,372.2
290.07,226.07,383.93,387.13
268.73,391.4,369,487.4
91.667,110.87,280.47,511.93
340.2,217.53,383.93,262.33
200.47,1,383.93,145
137.53,1,383.93,511.93
189.8,1,383.93,511.93
171.67,136.47,225,382.87
184.47,1,383.93,158.87
1,1,257,265.53
258.07,79.933,383.93,266.6
1,1,267.67,267.67
202.6,13.8,383.93,409.53
215.4,1,278.33,117.27
12.733,36.2,280.47,511.93
217.53,385,383.93,511.93
259.13,79.933,383.93,229.27
157.8,1,383.93,148.2
1,1,267.67,511.93
297.53,117.27,353,183.4
319.93,439.4,380.73,494.87
12.733,98.067,236.73,419.13
300.73,67.133,357.27,108.73
171.67,227.13,383.93,511.93
114.07,115.13,190.87,244.2
122.6,337,206.87,511.93
290.07,226.07,351.93,359.4
171.67,228.2,383.93,511.93
91.667,116.2,277.27,511.93
258.07,79.933,383.93,234.6
321,373.27,383.93,499.13
258.07,79.933,383.93,372.2
200.47,13.8,354.07,409.53
200.47,13.8,383.93,409.53
258.07,79.933,383.93,375.4
219.67,227.13,383.93,511.93
270.87,398.87,358.33,473.53
209,232.47,383.93,511.93
215.4,1,383.93,375.4
184.47,1,383.93,145
140.73,147.13,295.4,511.93
186.6,119.4,313.53,398.87
171.67,388.2,252.73,511.93
270.87,393.53,358.33,473.53
258.07,79.933,383.93,263.4
12.733,210.07,133.27,332.73
191.93,1,383.93,146.07
12.733,243.13,87.4,286.87
171.67,228.2,279.4,511.93
303.93,118.33,353,183.4
215.4,1,383.93,193
263.4,429.8,307.13,501.27
226.07,46.867,279.4,193
200.47,105.53,302.87,474.6
186.6,109.8,313.53,405.27
200.47,147.13,295.4,511.93
1,104.47,225,511.93
251.67,201.53,313.53,302.87
250.6,227.13,383.93,511.93
163.13,226.07,383.93,511.93
1,280.47,203.67,511.93
12.733,145,194.07,426.6
216.47,225,383.93,511.93
186.6,119.4,313.53,404.2
298.6,113,348.73,182.33
138.6,114.07,225,401
149.27,115.13,205.8,263.4
191.93,435.13,248.47,511.93
258.07,123.67,383.93,262.33
296.47,117.27,366.87,183.4
242.07,327.4,295.4,404.2
157.8,1,383.93,409.53
277.27,425.53,369,487.4
1,1,280.47,331.67
306.07,348.73,383.93,511.93
12.733,1,383.93,308.2
303.93,106.6,383.93,193
1,262.33,113,511.93
286.87,117.27,366.87,191.93
36.2,1,257,237.8
12.733,97,207.93,393.53
181.27,324.2,264.47,511.93
12.733,116.2,187.67,393.53
215.4,1,313.53,129
91.667,116.2,187.67,393.53
215.4,226.07,383.93,511.93
1,1,257,267.67
209,367.93,262.33,479.93
258.07,69.267,383.93,369
277.27,153.53,383.93,262.33
216.47,344.47,383.93,511.93
97,1,226.07,156.73
91.667,183.4,141.8,356.2
250.6,353,383.93,511.93
1,145,203.67,511.93
217.53,109.8,263.4,279.4
211.13,369,270.87,458.6
1,21.267,83.133,267.67
200.47,1,318.87,145
215.4,342.33,287.93,511.93
12.733,147.13,79.933,244.2
293.27,353,373.27,403.13
1,1,47.933,75.667
137.53,114.07,276.2,511.93
12.733,114.07,193,382.87
301.8,117.27,366.87,183.4
259.13,79.933,383.93,262.33
1,1,60.733,111.93
278.33,162.07,383.93,234.6
12.733,171.67,157.8,338.07
298.6,1,383.93,83.133
12.733,201.53,145,332.73
287.93,232.47,342.33,346.6
12.733,145,190.87,405.27
12.733,110.87,280.47,511.93
140.73,230.33,264.47,511.93
91.667,212.2,133.27,332.73
91.667,183.4,157.8,393.53
341.27,373.27,383.93,486.33
91.667,183.4,190.87,405.27
296.47,461.8,383.93,511.93
135.4,116.2,221.8,408.47
334.87,369,383.93,426.6
159.93,51.133,265.53,271.93
219.67,367.93,323.13,511.93
91.667,145,190.87,405.27
1,12.733,175.93,266.6
191.93,21.267,254.87,121.53
202.6,13.8,354.07,409.53
163.13,116.2,223.93,182.33
91.667,168.47,190.87,405.27
1,104.47,225,401
258.07,79.933,383.93,185.53
105.53,1,265.53,271.93
214.33,30.867,273,120.47
137.53,334.87,276.2,511.93
258.07,69.267,383.93,378.6
225,1,383.93,146.07
266.6,430.87,309.27,476.73
251.67,440.47,321,511.93
1,383.93,204.73,511.93
31.933,1,257,237.8
111.93,104.47,206.87,401
307.13,225,351.93,358.33
314.6,359.4,383.93,415.93
163.13,342.33,383.93,511.93
1,21.267,83.133,265.53
33,54.333,161,243.13
203.67,147.13,295.4,440.47
1,262.33,206.87,511.93
281.53,173.8,383.93,251.67
161,36.2,280.47,246.33
186.6,200.47,233.53,271.93
250.6,419.13,341.27,511.93
250.6,412.73,307.13,499.13
200.47,1,383.93,466.07
200.47,1,383.93,369
1,293.27,203.67,511.93
307.13,226.07,349.8,274.07
298.6,311.4,357.27,362.6
226.07,1,383.93,193
91.667,145,194.07,426.6
215.4,371.13,264.47,436.2
1,1,145,331.67
12.733,226.07,92.733,297.53
202.6,302.87,271.93,405.27
219.67,373.27,323.13,511.93
204.73,346.6,280.47,511.93
258.07,106.6,383.93,262.33
1,361.53,41.533,511.93
262.33,232.47,383.93,511.93
252.73,419.13,307.13,505.53
186.6,109.8,313.53,315.67
215.4,1,307.13,117.27
83.133,105.53,156.73,213.27
212.2,119.4,263.4,193
91.667,114.07,193,382.87
330.6,406.33,383.93,511.93
322.07,375.4,378.6,425.53
51.133,324.2,203.67,511.93
57.533,226.07,99.133,306.07
1,1,63.933,111.93
261.27,351.93,379.67,413.8
157.8,1,383.93,262.33
262.33,353,379.67,426.6
111.93,104.47,225,401
1,253.8,203.67,511.93
12.733,231.4,89.533,290.07
175.93,122.6,221.8,206.87
12.733,226.07,99.133,306.07
1,1,83.133,265.53
268.73,391.4,380.73,511.93
262.33,225,383.93,426.6
9.5333,453.27,101.27,511.93
171.67,109.8,383.93,511.93
204.73,346.6,283.67,511.93
258.07,69.267,383.93,262.33
281.53,153.53,383.93,262.33
171.67,376.47,252.73,511.93
1,38.333,71.4,158.87
342.33,1,383.93,63.933
327.4,234.6,383.93,369
91.667,168.47,194.07,426.6
259.13,99.133,383.93,262.33
294.33,1,383.93,83.133
125.8,332.73,171.67,405.27
202.6,186.6,354.07,466.07
207.93,1,383.93,129
186.6,1,383.93,404.2
261.27,347.67,383.93,499.13
184.47,1,318.87,145
157.8,375.4,252.73,511.93
157.8,228.2,266.6,495.93
1,445.8,151.4,511.93
172.73,386.07,220.73,482.07
180.2,427.67,237.8,494.87
251.67,212.2,313.53,302.87
200.47,165.27,262.33,314.6
250.6,388.2,383.93,511.93
200.47,14.867,351.93,396.73
115.13,193,157.8,322.07
200.47,1,269.8,105.53
178.07,376.47,239.93,511.93
189.8,1,383.93,149.27
163.13,360.47,284.73,511.93
262.33,232.47,359.4,410.6
101.27,295.4,156.73,393.53
292.2,225,383.93,378.6
283.67,1,383.93,84.2
312.47,55.4,363.67,99.133
306.07,358.33,374.33,453.27
263.4,429.8,323.13,511.93
281.53,129,383.93,263.4
258.07,79.933,383.93,262.33
12.733,12.733,156.73,244.2
200.47,1,383.93,262.33
91.667,167.4,172.73,330.6
125.8,168.47,194.07,426.6
104.47,383.93,204.73,511.93
247.4,186.6,338.07,375.4
33,1,257,134.33
91.667,114.07,193,376.47
91.667,155.67,165.27,363.67
97,12.733,142.87,62.867
257,439.4,313.53,501.27
159.93,86.333,243.13,271.93
157.8,36.2,280.47,511.93
292.2,225,351.93,358.33
260.2,114.07,327.4,214.33
268.73,353,378.6,425.53
324.2,401,383.93,505.53
183.4,431.93,236.73,511.93
122.6,163.13,177,404.2
1,471.4,57.533,511.93
51.133,54.333,155.67,209
15.933,255.93,87.4,306.07
1,1,120.47,353
1,1,93.8,91.667
163.13,360.47,264.47,511.93
268.73,398.87,360.47,468.2
118.33,163.13,177,404.2
125.8,246.33,190.87,405.27
287.93,43.667,357.27,111.93
9.5333,446.87,134.33,511.93
113,142.87,167.4,351.93
312.47,55.4,383.93,104.47
22.333,77.8,156.73,247.4
259.13,14.867,340.2,107.67
218.6,30.867,273,105.53
118.33,98.067,236.73,419.13
300.73,329.53,383.93,387.13
34.067,46.867,100.2,114.07
259.13,460.73,333.8,511.93
301.8,56.467,364.73,108.73
287.93,1,383.93,111.93
110.87,115.13,190.87,289
310.33,151.4,367.93,193
159.93,97,207.93,143.93
209,367.93,383.93,511.93
262.33,353,312.47,399.93
247.4,231.4,302.87,371.13
223.93,58.6,268.73,141.8
242.07,246.33,297.53,404.2
268.73,381.8,380.73,511.93
157.8,10.6,265.53,148.2
12.733,214.33,101.27,306.07
223.93,1,383.93,141.8
206.87,218.6,262.33,275.13
307.13,118.33,348.73,181.27
302.87,356.2,372.2,404.2
46.867,1,226.07,134.33
202.6,14.867,351.93,396.73
1,268.73,137.53,481
109.8,193,157.8,393.53
143.93,115.13,205.8,263.4
257,1,383.93,116.2
95.933,105.53,156.73,211.13
217.53,133.27,262.33,228.2
113,142.87,167.4,211.13
204.73,346.6,261.27,497
278.33,173.8,383.93,234.6
214.33,1,298.6,120.47
1,77.8,72.467,302.87
143.93,98.067,223.93,401
225,38.333,279.4,146.07
1,268.73,204.73,511.93
268.73,391.4,361.53,469.27
303.93,117.27,353,183.4
167.4,86.333,221.8,175.93
171.67,388.2,227.13,486.33
259.13,99.133,383.93,218.6
233.53,1,383.93,143.93
1,201.53,145,332.73
261.27,232.47,379.67,404.2
159.93,167.4,219.67,271.93
191.93,1,296.47,121.53
91.667,116.2,219.67,419.13
14.867,227.13,90.6,306.07
12.733,171.67,152.47,308.2
189.8,1,383.93,474.6
259.13,79.933,383.93,173.8
278.33,227.13,360.47,363.67
91.667,116.2,252.73,511.93
250.6,226.07,383.93,511.93
149.27,168.47,194.07,372.2
119.4,184.47,159.93,226.07
264.47,226.07,383.93,475.67
278.33,232.47,340.2,346.6
1,1,156.73,266.6
212.2,443.67,252.73,511.93
171.67,334.87,279.4,511.93
181.27,340.2,264.47,511.93
102.33,116.2,219.67,419.13
95.933,105.53,156.73,213.27
101.27,280.47,141.8,363.67
1,259.13,126.87,485.27
1,149.27,44.733,266.6
279.4,455.4,327.4,498.07
306.07,339.13,383.93,511.93
14.867,114.07,69.267,202.6
91.667,212.2,133.27,319.93
1,259.13,204.73,511.93
12.733,207.93,111.93,308.2
307.13,56.467,364.73,103.4
203.67,233.53,276.2,405.27
274.07,373.27,383.93,511.93
1,1,145,236.73
250.6,412.73,371.13,511.93
83.133,63.933,156.73,213.27
1,1,267.67,353
216.47,379.67,262.33,482.07
337,242.07,383.93,375.4
104.47,383.93,188.73,511.93
217.53,386.07,383.93,511.93
111.93,155.67,165.27,258.07
258.07,106.6,383.93,196.2
178.07,376.47,248.47,511.93
97,1,257,156.73
12.733,231.4,89.533,297.53
1,259.13,151.4,511.93
222.87,412.73,342.33,506.6
205.8,1,329.53,142.87
217.53,386.07,262.33,457.53
110.87,115.13,190.87,282.6
55.4,214.33,101.27,306.07
200.47,147.13,295.4,440.47
259.13,52.2,313.53,107.67
119.4,145,168.47,226.07
205.8,246.33,297.53,398.87
219.67,367.93,380.73,511.93
105.53,1,257,138.6
268.73,394.6,360.47,475.67
235.67,52.2,313.53,129
189.8,1,307.13,149.27
242.07,1,383.93,117.27
91.667,142.87,167.4,351.93
114.07,158.87,167.4,236.73
206.87,351.93,277.27,511.93
281.53,153.53,383.93,237.8
311.4,57.533,383.93,106.6
214.33,1,299.67,120.47
1,262.33,56.467,353
172.73,375.4,252.73,511.93
1,280.47,113,461.8
124.73,43.667,175.93,134.33
281.53,225,383.93,426.6
171.67,376.47,234.6,484.2
327.4,230.33,383.93,371.13
225,1,273,72.467
271.93,435.13,380.73,511.93
229.27,429.8,383.93,511.93
83.133,1,257,213.27
1,1,93.8,104.47
340.2,373.27,383.93,443.67
12.733,243.13,85.267,290.07
202.6,14.867,354.07,466.07
1,1,122.6,302.87
33,149.27,79.933,246.33
183.4,431.93,252.73,511.93
118.33,98.067,223.93,404.2
184.47,1,308.2,151.4
33,1,226.07,134.33
211.13,302.87,284.73,458.6
310.33,1,378.6,69.267
341.27,242.07,383.93,372.2
278.33,67.133,357.27,114.07
1,293.27,101.27,460.73
259.13,1,383.93,115.13
181.27,324.2,260.2,511.93
258.07,79.933,383.93,229.27
49,12.733,139.67,68.2
1,38.333,71.4,265.53
252.73,419.13,341.27,506.6
157.8,36.2,280.47,495.93
141.8,116.2,219.67,419.13
12.733,210.07,110.87,306.07
1,355.13,57.533,511.93
91.667,183.4,158.87,393.53
125.8,332.73,194.07,426.6
281.53,353,373.27,418.07
22.333,147.13,118.33,247.4
317.8,375.4,378.6,425.53
166.33,334.87,264.47,511.93
258.07,1,329.53,65
260.2,122.6,302.87,214.33
235.67,1,383.93,129
264.47,342.33,383.93,425.53
1,259.13,126.87,487.4
186.6,109.8,265.53,315.67
1,293.27,137.53,481
175.93,122.6,221.8,172.73
258.07,1,319.93,65
214.33,396.73,261.27,497
296.47,456.47,341.27,506.6
300.73,56.467,362.6,108.73
123.67,163.13,175.93,393.53
140.73,114.07,205.8,401
1,77.8,72.467,266.6
258.07,106.6,383.93,193
203.67,120.47,276.2,250.6
108.73,1,383.93,289
219.67,373.27,270.87,456.47
152.47,230.33,199.4,387.13
259.13,99.133,383.93,229.27
309.27,348.73,377.53,474.6
122.6,243.13,177,404.2
178.07,421.27,248.47,511.93
219.67,373.27,270.87,452.2
327.4,358.33,379.67,413.8
312.47,55.4,361.53,99.133
200.47,1,329.53,142.87
252.73,406.33,383.93,511.93
183.4,436.2,252.73,511.93
129,10.6,237.8,138.6
101.27,1,226.07,156.73
188.73,431.93,236.73,511.93
273,47.933,351.93,115.13
327.4,358.33,379.67,399.93
301.8,118.33,347.67,175.93
217.53,145,258.07,193
261.27,227.13,383.93,499.13
57.533,226.07,99.133,299.67
156.73,114.07,205.8,261.27
161,338.07,205.8,458.6
1,280.47,134.33,511.93
1,38.333,71.4,267.67
202.6,51.133,265.53,149.27
1,38.333,72.467,265.53
281.53,353,373.27,408.47
50.067,77.8,139.67,169.53
287.93,19.133,357.27,111.93
321,395.67,373.27,473.53
327.4,232.47,383.93,369
119.4,173.8,165.27,381.8
1,440.47,151.4,511.93
266.6,459.67,307.13,505.53
186.6,180.2,265.53,315.67
1,262.33,203.67,511.93
33,54.333,155.67,243.13
324.2,376.47,374.33,443.67
258.07,1,319.93,63.933
171.67,388.2,236.73,511.93
129,73.533,175.93,138.6
246.33,344.47,345.53,488.47
248.47,246.33,297.53,342.33
323.13,227.13,383.93,372.2
184.47,1,383.93,151.4
317.8,232.47,383.93,375.4
327.4,232.47,383.93,371.13
329.53,406.33,383.93,511.93
91.667,180.2,151.4,363.67
307.13,226.07,351.93,359.4
219.67,13.8,283.67,103.4
200.47,163.13,262.33,314.6
140.73,104.47,206.87,401
157.8,375.4,220.73,482.07
200.47,458.6,248.47,511.93
338.07,242.07,383.93,371.13
278.33,232.47,357.27,363.67
217.53,386.07,313.53,501.27
186.6,119.4,265.53,315.67
14.867,179.13,157.8,332.73
250.6,385,360.47,488.47
226.07,1,278.33,73.533
40.467,1,267.67,90.6
258.07,88.467,383.93,262.33
1,1,116.2,353
314.6,359.4,383.93,511.93
281.53,117.27,366.87,191.93
161,338.07,252.73,511.93
267.67,233.53,348.73,344.47
226.07,13.8,278.33,88.467
111.93,171.67,152.47,215.4
250.6,460.73,333.8,511.93
111.93,116.2,175.93,258.07
294.33,4.2,340.2,65
164.2,334.87,276.2,511.93
303.93,358.33,374.33,474.6
258.07,103.4,383.93,234.6
274.07,79.933,383.93,175.93
337,437.27,383.93,511.93
222.87,1,278.33,86.333
15.933,1,93.8,88.467
83.133,114.07,193,382.87
247.4,1,315.67,104.47
229.27,429.8,282.6,497
12.733,179.13,157.8,338.07
152.47,1,216.47,44.733
338.07,388.2,383.93,487.4
310.33,117.27,366.87,183.4
303.93,373.27,383.93,511.93
214.33,1,284.73,120.47
250.6,385,342.33,488.47
217.53,119.4,263.4,193
287.93,19.133,364.73,111.93
202.6,246.33,297.53,405.27
189.8,1,308.2,151.4
299.67,113,348.73,182.33
206.87,351.93,258.07,495.93
93.8,100.2,155.67,209
258.07,110.87,301.8,185.53
209,367.93,254.87,422.33
223.93,1,383.93,146.07
292.2,225,354.07,364.73
183.4,51.133,265.53,147.13
235.67,14.867,340.2,129
1,1,122.6,93.8
171.67,388.2,212.2,486.33
91.667,183.4,141.8,332.73
258.07,110.87,313.53,173.8
215.4,40.467,257,102.33
286.87,69.267,353,114.07
298.6,232.47,357.27,362.6
260.2,79.933,383.93,229.27
9.5333,437.27,134.33,511.93
91.667,116.2,221.8,408.47
205.8,302.87,271.93,405.27
223.93,84.2,265.53,141.8
124.73,36.2,175.93,134.33
258.07,103.4,383.93,229.27
262.33,342.33,378.6,425.53
40.467,1,267.67,209
217.53,119.4,263.4,279.4
189.8,51.133,265.53,149.27
293.27,353,379.67,426.6
294.33,1,383.93,69.267
167.4,108.73,207.93,175.93
111.93,142.87,169.53,392.47
187.67,1,257,51.133
55.4,214.33,101.27,300.73
292.2,231.4,351.93,358.33
271.93,435.13,313.53,501.27
14.867,241,87.4,282.6
111.93,142.87,167.4,231.4
137.53,376.47,248.47,511.93
34.067,243.13,87.4,297.53
338.07,242.07,383.93,329.53
91.667,110.87,221.8,408.47
203.67,197.27,262.33,298.6
41.533,150.33,116.2,230.33
203.67,165.27,262.33,298.6
91.667,116.2,187.67,330.6
216.47,344.47,345.53,488.47
278.33,148.2,383.93,266.6
137.53,387.13,206.87,511.93
200.47,244.2,241,307.13
299.67,113,347.67,170.6
22.333,147.13,75.667,247.4
296.47,461.8,380.73,505.53
1,149.27,100.2,331.67
181.27,324.2,280.47,511.93
141.8,447.93,204.73,511.93
206.87,351.93,266.6,499.13
12.733,241,87.4,282.6
306.07,358.33,374.33,469.27
222.87,266.6,295.4,440.47
12.733,179.13,157.8,332.73
217.53,120.47,270.87,228.2
278.33,148.2,383.93,234.6
317.8,232.47,361.53,355.13
215.4,342.33,354.07,466.07
51.133,33,207.93,209
1,445.8,134.33,511.93
303.93,358.33,374.33,469.27
164.2,116.2,205.8,246.33
33,178.07,79.933,244.2
216.47,1,308.2,142.87
178.07,421.27,239.93,511.93
143.93,148.2,187.67,376.47
263.4,1,307.13,52.2
1,355.13,104.47,511.93
312.47,55.4,379.67,104.47
143.93,115.13,212.2,263.4
311.4,308.2,351.93,359.4
91.667,212.2,132.2,299.67
205.8,1,319.93,142.87
250.6,412.73,342.33,506.6
310.33,1,383.93,69.267
281.53,353,383.93,426.6
1,445.8,57.533,511.93
164.2,137.53,204.73,246.33
222.87,342.33,383.93,511.93
219.67,1,298.6,103.4
212.2,467.13,252.73,511.93
92.733,249.53,133.27,356.2
309.27,348.73,377.53,453.27
171.67,388.2,221.8,482.07
156.73,104.47,206.87,261.27
202.6,443.67,252.73,511.93
1,1,93.8,123.67
180.2,427.67,243.13,511.93
250.6,373.27,383.93,511.93
1,149.27,79.933,266.6
271.93,461.8,383.93,511.93
212.2,451.13,252.73,511.93
140.73,230.33,218.6,408.47
298.6,227.13,357.27,364.73
321,423.4,366.87,473.53
301.8,118.33,358.33,183.4
296.47,232.47,342.33,346.6
259.13,36.2,329.53,115.13
14.867,207.93,111.93,308.2
235.67,14.867,346.6,129
264.47,226.07,383.93,425.53
266.6,424.47,342.33,487.4
184.47,427.67,235.67,493.8
185.53,1,257,53.267
316.73,373.27,379.67,426.6
260.2,108.73,383.93,263.4
1,253.8,100.2,325.27
182.33,444.73,252.73,511.93
138.6,116.2,219.67,419.13
1,1,71.4,158.87
273,47.933,348.73,115.13
122.6,247.4,165.27,404.2
261.27,232.47,379.67,473.53
251.67,212.2,313.53,255.93
321,401,383.93,511.93
310.33,117.27,353,183.4
343.4,106.6,383.93,187.67
203.67,300.73,244.2,379.67
278.33,69.267,335.93,114.07
1,253.8,100.2,331.67
287.93,235.67,357.27,363.67
338.07,401,383.93,487.4
203.67,147.13,295.4,405.27
200.47,218.6,284.73,458.6
329.53,369,383.93,511.93
203.67,120.47,270.87,250.6
216.47,379.67,280.47,511.93
157.8,199.4,204.73,401
180.2,427.67,235.67,493.8
33,150.33,116.2,243.13
228.2,147.13,295.4,261.27
12.733,147.13,118.33,244.2
105.53,1,211.13,77.8
262.33,355.13,308.2,397.8
278.33,106.6,383.93,234.6
1,262.33,113,483.13
206.87,120.47,270.87,243.13
338.07,430.87,383.93,505.53
34.067,12.733,175.93,138.6
310.33,137.53,367.93,193
12.733,243.13,87.4,297.53
10.6,445.8,57.533,511.93
12.733,114.07,69.267,202.6
172.73,375.4,220.73,482.07
202.6,14.867,343.4,292.2
101.27,295.4,156.73,363.67
138.6,114.07,205.8,401
51.133,54.333,135.4,165.27
1,1,156.73,246.33
246.33,344.47,383.93,511.93
321,406.33,373.27,473.53
40.467,1,267.67,106.6
261.27,347.67,379.67,404.2
179.13,136.47,225,382.87
303.93,99.133,383.93,169.53
271.93,373.27,383.93,511.93
281.53,353,373.27,410.6
1,293.27,47.933,353
217.53,133.27,258.07,193
250.6,369,383.93,511.93
115.13,193,157.8,393.53
34.067,227.13,90.6,297.53
152.47,168.47,194.07,344.47
268.73,399.93,354.07,466.07
294.33,1,378.6,69.267
264.47,233.53,383.93,425.53
141.8,447.93,190.87,488.47
298.6,232.47,340.2,280.47
91.667,183.4,157.8,356.2
91.667,153.53,187.67,330.6
260.2,114.07,383.93,263.4
137.53,387.13,181.27,437.27
268.73,391.4,356.2,469.27
138.6,33,202.6,114.07
152.47,1,257,53.267
91.667,100.2,155.67,209
267.67,406.33,383.93,511.93
12.733,227.13,90.6,297.53
311.4,376.47,374.33,453.27
34.067,46.867,175.93,138.6
250.6,412.73,383.93,511.93
193,171.67,236.73,419.13
319.93,439.4,380.73,497
108.73,115.13,190.87,289
218.6,1,284.73,105.53
267.67,105.53,321,170.6
122.6,381.8,178.07,447.93
114.07,115.13,190.87,236.73
329.53,406.33,383.93,489.53
226.07,1,296.47,88.467
268.73,398.87,354.07,468.2
262.33,233.53,357.27,410.6
202.6,451.13,252.73,511.93
1,296.47,99.133,460.73
207.93,21.267,254.87,93.8
51.133,54.333,142.87,165.27
140.73,148.2,187.67,401
161,36.2,280.47,261.27
296.47,247.4,337,346.6
247.4,266.6,295.4,356.2
1,1,83.133,111.93
340.2,217.53,383.93,372.2
122.6,337,178.07,447.93
30.867,440.47,151.4,511.93
226.07,34.067,314.6,143.93
33,22.333,98.067,92.733
298.6,232.47,357.27,364.73
191.93,79.933,232.47,121.53
261.27,351.93,315.67,399.93
261.27,347.67,379.67,413.8
1,1,145,246.33
143.93,114.07,193,376.47
14.867,231.4,89.533,297.53
181.27,340.2,260.2,511.93
180.2,1,257,58.6
184.47,429.8,235.67,493.8
278.33,56.467,362.6,114.07
280.47,1,383.93,83.133
104.47,356.2,204.73,511.93
172.73,1,257,60.733
324.2,1,383.93,83.133
205.8,231.4,313.53,398.87
269.8,424.47,342.33,487.4
91.667,179.13,157.8,332.73
341.27,242.07,383.93,375.4
186.6,1,257,60.733
319.93,461.8,380.73,503.4
303.93,439.4,380.73,511.93
259.13,19.133,340.2,115.13
219.67,373.27,277.27,459.67
119.4,179.13,162.07,236.73
178.07,86.333,221.8,129
324.2,418.07,375.4,475.67
302.87,356.2,379.67,404.2
303.93,356.2,379.67,413.8
157.8,98.067,223.93,401
262.33,353,328.47,399.93
311.4,283.67,351.93,359.4
277.27,425.53,342.33,487.4
205.8,246.33,302.87,398.87
293.27,79.933,383.93,136.47
186.6,180.2,245.27,271.93
159.93,116.2,243.13,271.93
242.07,1,378.6,117.27
260.2,114.07,314.6,229.27
333.8,108.73,383.93,193
172.73,375.4,220.73,511.93
178.07,382.87,243.13,511.93
262.33,342.33,307.13,399.93
165.27,1,257,60.733
269.8,424.47,326.33,477.8
1,152.47,56.467,353
12.733,105.53,156.73,244.2
321,470.33,367.93,511.93
140.73,230.33,199.4,408.47
111.93,172.73,164.2,226.07
1,1,47.933,93.8
203.67,302.87,271.93,405.27
321,373.27,383.93,473.53
21.267,1,257,114.07
284.73,439.4,380.73,511.93
327.4,230.33,383.93,369
342.33,106.6,383.93,178.07
163.13,116.2,205.8,263.4
10.6,470.33,56.467,511.93
43.667,150.33,113,227.13
200.47,105.53,284.73,458.6
268.73,399.93,354.07,468.2
202.6,71.4,251.67,137.53
111.93,155.67,165.27,226.07
226.07,42.6,280.47,193
309.27,348.73,383.93,474.6
334.87,369,383.93,410.6
261.27,351.93,303.93,397.8
297.53,69.267,351.93,110.87
30.867,293.27,101.27,363.67
233.53,233.53,276.2,342.33
114.07,179.13,157.8,235.67
303.93,106.6,383.93,156.73
202.6,186.6,338.07,396.73
281.53,153.53,383.93,247.4
303.93,356.2,372.2,404.2
296.47,471.4,380.73,511.93
105.53,1,211.13,114.07
298.6,1,383.93,69.267
53.267,326.33,126.87,481
232.47,30.867,273,73.533
303.93,99.133,383.93,156.73
203.67,105.53,279.4,250.6
242.07,1,357.27,117.27
185.53,1,257,59.667
278.33,232.47,342.33,346.6
200.47,218.6,264.47,315.67
140.73,263.4,189.8,408.47
184.47,427.67,243.13,511.93
261.27,330.6,379.67,404.2
186.6,172.73,265.53,315.67
341.27,242.07,383.93,371.13
202.6,14.867,343.4,396.73
235.67,1,313.53,129
215.4,1,296.47,102.33
1,1,76.733,158.87
283.67,1,378.6,53.267
1,1,47.933,69.267
317.8,235.67,361.53,355.13
311.4,246.33,351.93,358.33
102.33,179.13,157.8,276.2
216.47,1,319.93,142.87
271.93,458.6,313.53,501.27
102.33,211.13,151.4,351.93
1,175.93,43.667,302.87
268.73,1,311.4,65
222.87,266.6,295.4,404.2
222.87,412.73,342.33,511.93
206.87,218.6,264.47,315.67
262.33,249.53,383.93,511.93
177,86.333,221.8,147.13
228.2,147.13,274.07,245.27
206.87,119.4,263.4,243.13
33,188.73,77.8,243.13
280.47,356.2,379.67,413.8
171.67,174.87,213.27,382.87
261.27,1,357.27,104.47
274.07,173.8,383.93,251.67
140.73,230.33,182.33,405.27
303.93,79.933,383.93,173.8
188.73,429.8,235.67,493.8
1,77.8,72.467,187.67
303.93,92.733,383.93,173.8
171.67,388.2,221.8,486.33
171.67,376.47,221.8,482.07
289,171.67,329.53,218.6
183.4,71.4,251.67,147.13
220.73,420.2,277.27,511.93
182.33,360.47,264.47,511.93
278.33,247.4,337,346.6
234.6,302.87,284.73,440.47
152.47,168.47,194.07,319.93
270.87,398.87,354.07,468.2
10.6,114.07,69.267,202.6
148.2,1,257,58.6
1,1,116.2,243.13
337,453.27,383.93,511.93
215.4,342.33,287.93,436.2
309.27,348.73,383.93,511.93
327.4,298.6,383.93,371.13
328.47,348.73,377.53,389.27
330.6,406.33,383.93,489.53
200.47,236.73,265.53,315.67
10.6,298.6,60.733,340.2
259.13,130.07,329.53,218.6
203.67,197.27,244.2,278.33
312.47,56.467,363.67,99.133
222.87,359.4,383.93,511.93
35.133,66.067,75.667,130.07
235.67,14.867,340.2,126.87
317.8,235.67,361.53,344.47
219.67,386.07,262.33,457.53
114.07,135.4,174.87,236.73
178.07,375.4,220.73,482.07
21.267,1,122.6,79.933
312.47,56.467,356.2,99.133
226.07,87.4,279.4,193
91.667,86.333,155.67,209
190.87,10.6,265.53,113
267.67,233.53,323.13,311.4
124.73,33,207.93,134.33
267.67,105.53,310.33,155.67
287.93,43.667,346.6,111.93
180.2,427.67,252.73,511.93
341.27,297.53,383.93,371.13
341.27,346.6,383.93,387.13
217.53,141.8,262.33,228.2
101.27,295.4,156.73,356.2
292.2,19.133,340.2,79.933
30.867,445.8,134.33,511.93
306.07,233.53,348.73,344.47
12.733,114.07,116.2,243.13
233.53,34.067,383.93,143.93
211.13,367.93,270.87,458.6
205.8,302.87,271.93,354.07
33,67.133,76.733,130.07
250.6,1,296.47,55.4
226.07,13.8,278.33,78.867
290.07,162.07,344.47,204.73
260.2,122.6,302.87,229.27
261.27,34.067,314.6,104.47
266.6,36.2,329.53,103.4
91.667,209,132.2,327.4
296.47,461.8,380.73,511.93
91.667,183.4,141.8,292.2
90.6,105.53,156.73,211.13
95.933,180.2,145,327.4
303.93,99.133,383.93,193
340.2,242.07,383.93,372.2
309.27,358.33,374.33,453.27
34.067,67.133,76.733,130.07
95.933,105.53,156.73,237.8
247.4,1,311.4,104.47
93.8,86.333,155.67,209
214.33,341.27,257,398.87
303.93,356.2,349.8,404.2
219.67,387.13,270.87,452.2
290.07,233.53,353,364.73
95.933,180.2,151.4,363.67
302.87,347.67,379.67,404.2
33,22.333,98.067,130.07
1,1,93.8,88.467
79.933,21.267,139.67,68.2
157.8,177,210.07,382.87
111.93,155.67,165.27,230.33
15.933,227.13,90.6,306.07
10.6,445.8,104.47,511.93
324.2,424.47,383.93,505.53
10.6,470.33,57.533,511.93
40.467,1,257,90.6
114.07,179.13,162.07,236.73
264.47,342.33,307.13,399.93
81,440.47,151.4,498.07
1,262.33,113,461.8
50.067,22.333,98.067,66.067
205.8,302.87,257,398.87
267.67,233.53,321,311.4
303.93,356.2,355.13,411.67
225,341.27,281.53,404.2
41.533,148.2,116.2,230.33
158.87,237.8,199.4,408.47
40.467,22.333,98.067,66.067
247.4,231.4,302.87,356.2
262.33,355.13,310.33,397.8
226.07,87.4,270.87,193
260.2,138.6,303.93,214.33
179.13,228.2,266.6,495.93
51.133,54.333,142.87,178.07
105.53,1,257,58.6
1,259.13,126.87,481
301.8,118.33,346.6,175.93
33,188.73,79.933,246.33
247.4,290.07,289,342.33
53.267,326.33,137.53,481
312.47,34.067,383.93,83.133
242.07,34.067,314.6,117.27
139.67,33,206.87,114.07
222.87,415.93,280.47,511.93
101.27,57.533,148.2,110.87
337,334.87,379.67,375.4
1,445.8,106.6,511.93
129,33,206.87,138.6
68.2,55.4,148.2,110.87
169.53,1,257,97
259.13,105.53,310.33,171.67
157.8,199.4,204.73,382.87
104.47,356.2,188.73,511.93
167.4,122.6,221.8,261.27
262.33,334.87,335.93,404.2
296.47,232.47,337,346.6
135.4,122.6,221.8,408.47
281.53,191.93,353,237.8
111.93,172.73,163.13,226.07
303.93,99.133,383.93,173.8
163.13,116.2,243.13,188.73
1,296.47,126.87,481
138.6,33,207.93,114.07
294.33,14.867,340.2,65
262.33,311.4,357.27,410.6
33,49,76.733,92.733
34.067,243.13,85.267,297.53
149.27,246.33,190.87,366.87
95.933,180.2,151.4,327.4
260.2,138.6,315.67,229.27
141.8,116.2,205.8,361.53
260.2,122.6,327.4,214.33
268.73,353,344.47,408.47
311.4,270.87,351.93,359.4
235.67,88.467,279.4,129
135.4,122.6,221.8,330.6
324.2,401,383.93,511.93
34.067,12.733,148.2,169.53
111.93,155.67,165.27,211.13
310.33,143.93,367.93,193
46.867,1,226.07,90.6
163.13,115.13,205.8,263.4
141.8,116.2,219.67,382.87
290.07,233.53,351.93,359.4
250.6,412.73,342.33,499.13
1,293.27,47.933,337
159.93,167.4,219.67,248.47
212.2,466.07,252.73,511.93
43.667,150.33,118.33,227.13
303.93,471.4,371.13,511.93
269.8,424.47,326.33,474.6
180.2,427.67,235.67,494.87
14.867,227.13,90.6,297.53
138.6,34.067,202.6,114.07
139.67,34.067,206.87,114.07
338.07,430.87,383.93,485.27
211.13,369,270.87,452.2
274.07,173.8,383.93,263.4
262.33,334.87,355.13,410.6
167.4,122.6,221.8,271.93
259.13,54.333,300.73,115.13
9.5333,446.87,101.27,511.93
114.07,191.93,157.8,235.67
14.867,241,87.4,297.53
46.867,1,142.87,73.533
260.2,138.6,315.67,214.33
268.73,346.6,383.93,425.53
21.267,1,92.733,79.933
247.4,286.87,295.4,356.2
202.6,281.53,263.4,396.73
68.2,55.4,116.2,101.27
268.73,353,383.93,425.53
215.4,371.13,280.47,511.93
274.07,102.33,383.93,175.93
157.8,148.2,219.67,382.87
338.07,430.87,383.93,487.4
259.13,130.07,303.93,214.33
47.933,21.267,100.2,81
103.4,180.2,145,237.8
141.8,447.93,190.87,491.67
233.53,36.2,329.53,143.93
222.87,302.87,295.4,356.2
262.33,34.067,314.6,81
178.07,375.4,220.73,511.93
222.87,422.33,266.6,482.07
266.6,429.8,307.13,501.27
219.67,30.867,273,103.4
252.73,34.067,314.6,117.27
40.467,1,142.87,73.533
157.8,177,210.07,341.27
188.73,427.67,235.67,493.8
337,21.267,383.93,83.133
281.53,353,344.47,408.47
247.4,290.07,295.4,356.2
91.667,202.6,151.4,327.4
175.93,122.6,223.93,182.33
338.07,401,383.93,485.27
169.53,10.6,237.8,97
1,152.47,55.4,265.53
72.467,1,257,90.6
21.267,1,211.13,114.07
163.13,1,216.47,44.733
79.933,22.333,139.67,68.2
340.2,220.73,383.93,262.33
298.6,334.87,377.53,389.27
10.6,293.27,101.27,363.67
337,34.067,383.93,83.133
12.733,147.13,75.667,198.33
298.6,293.27,357.27,362.6
262.33,334.87,377.53,397.8
34.067,46.867,148.2,114.07
33,148.2,116.2,243.13
273,47.933,383.93,115.13
34.067,67.133,139.67,169.53
1,259.13,101.27,363.67
328.47,348.73,377.53,453.27
279.4,455.4,342.33,499.13
282.6,334.87,377.53,389.27
262.33,334.87,332.73,397.8
222.87,266.6,295.4,356.2
290.07,283.67,353,364.73
281.53,129,383.93,251.67
72.467,1,226.07,90.6
300.73,283.67,353,364.73
19.133,268.73,124.73,340.2
79.933,12.733,148.2,77.8
34.067,67.133,76.733,114.07
79.933,12.733,139.67,68.2
1,262.33,56.467,337
332.73,153.53,383.93,223.93
246.33,342.33,287.93,434.07
50.067,77.8,156.73,211.13
167.4,167.4,219.67,242.07
1,262.33,56.467,303.93
324.2,376.47,374.33,453.27
333.8,129,383.93,193
33,147.13,75.667,244.2
61.8,21.267,139.67,68.2
47.933,12.733,148.2,81
1,259.13,60.733,340.2
105.53,1,211.13,54.333
61.8,12.733,139.67,68.2
163.13,33,207.93,99.133
1,471.4,55.4,511.93
47.933,12.733,148.2,110.87
180.2,10.6,235.67,58.6
169.53,10.6,237.8,75.667
19.133,268.73,100.2,313.53
