67.442,334.2,290.57,397.67
1,1,313.38,476.01
303.46,370.89,358.99,476.01
1,1,512.7,476.01
266.77,314.37,373.87,432.38
1,1,397.67,476.01
303.46,221.15,399.65,326.27
288.58,394.69,367.92,476.01
443.28,200.33,493.86,376.84
316.35,138.84,375.85,182.47
1,14.883,188.43,342.13
299.49,49.592,351.06,121.98
285.61,1,469.07,237.02
442.29,179.5,487.91,426.43
429.4,190.41,493.86,376.84
290.57,1,512.7,476.01
256.85,333.21,366.93,434.36
1,1,483.94,476.01
155.7,259.82,405.6,434.36
73.392,80.333,483.94,476.01
272.72,1,359.98,92.233
1,1,384.78,476.01
1,1,409.57,476.01
74.383,218.18,322.3,431.38
73.392,113.06,326.27,374.86
1,115.04,112.07,476.01
188.43,94.217,386.76,370.89
72.4,291.56,292.55,394.69
74.383,84.3,478.98,432.38
256.85,1,512.7,476.01
48.6,70.417,409.57,476.01
73.392,111.08,312.38,373.87
1,1,291.56,104.13
272.72,1,469.07,237.02
76.367,363.95,331.23,476.01
1,1,323.29,476.01
36.7,115.04,82.317,285.61
358.99,243.96,482.95,476.01
6.95,361.97,113.06,476.01
367.92,1,512.7,334.2
1,285.61,319.32,476.01
443.28,197.35,488.9,476.01
270.73,158.68,347.09,239.99
54.55,70.417,291.56,140.83
71.408,94.217,386.76,372.88
269.74,1,465.1,189.42
1,1,359.98,476.01
280.65,284.62,482.95,476.01
320.32,1,512.7,476.01
48.6,363.95,331.23,476.01
312.38,240.98,392.71,287.59
197.35,1,512.7,476.01
310.4,239,411.55,373.87
379.82,118.02,492.87,430.39
1,1,323.29,199.33
1,349.07,113.06,476.01
71.408,49.592,353.04,180.49
1,1,312.38,395.68
181.48,261.81,296.52,324.28
269.74,1,512.7,476.01
48.6,70.417,291.56,394.69
80.333,218.18,330.23,371.88
303.46,221.15,409.57,422.46
74.383,118.02,350.07,373.87
269.74,1,372.88,155.7
36.7,115.04,165.62,376.84
1,296.52,319.32,476.01
155.7,259.82,512.7,476.01
1,88.267,335.19,476.01
309.41,190.41,399.65,256.85
74.383,315.36,165.62,373.87
1,376.84,60.5,476.01
1,209.25,323.29,476.01
1,88.267,119.01,476.01
48.6,1,512.7,476.01
290.57,40.667,351.06,121.98
319.32,1,512.7,476.01
226.11,125.95,286.6,198.34
256.85,178.51,410.56,434.36
1,285.61,112.07,476.01
181.48,218.18,330.23,363.95
256.85,190.41,410.56,434.36
303.46,239.99,389.73,326.27
1,376.84,112.07,476.01
303.46,221.15,405.6,359.98
182.47,314.37,381.8,476.01
318.33,1,359.98,65.458
284.62,52.567,354.03,137.85
50.583,70.417,386.76,374.86
1,1,430.39,375.85
326.27,311.39,481.96,476.01
79.342,113.06,312.38,370.89
326.27,1,512.7,476.01
280.65,310.4,373.87,434.36
1,115.04,359.98,476.01
197.35,288.58,290.57,329.24
67.442,368.91,271.73,432.38
316.35,275.69,406.59,373.87
1,1,323.29,376.84
290.57,345.11,361.97,422.46
269.74,1,492.87,430.39
1,24.8,187.43,327.26
1,153.72,112.07,476.01
290.57,179.5,512.7,476.01
311.39,188.43,392.71,237.02
351.06,392.71,482.95,476.01
235.03,131.9,283.62,200.33
381.8,119.01,446.26,360.98
297.51,57.525,444.28,189.42
48.6,309.41,368.91,476.01
300.48,80.333,402.62,295.53
303.46,178.51,409.57,422.46
303.46,178.51,407.58,373.87
315.36,105.12,372.88,160.66
1,1,397.67,142.81
318.33,105.12,373.87,170.58
76.367,94.217,386.76,372.88
50.583,1,358.99,137.85
256.85,364.94,325.28,432.38
1,16.867,187.43,327.26
319.32,347.09,409.57,422.46
303.46,118.02,492.87,430.39
223.13,1,512.7,476.01
311.39,105.12,412.54,181.48
78.35,94.217,386.76,370.89
238.01,213.22,292.55,287.59
366.93,118.02,492.87,430.39
256.85,40.667,410.56,359.98
50.583,1,358.99,142.81
67.442,114.05,335.19,476.01
303.46,106.12,375.85,182.47
67.442,364.94,329.24,476.01
367.92,1,512.7,332.22
300.48,80.333,483.94,434.36
312.38,239,402.62,295.53
288.58,377.83,344.12,476.01
45.625,49.592,323.29,147.77
79.342,118.02,259.82,362.96
48.6,70.417,386.76,476.01
45.625,49.592,323.29,199.33
72.4,208.26,292.55,394.69
254.87,333.21,365.93,476.01
209.25,52.567,358,137.85
290.57,257.84,418.49,476.01
36.7,115.04,82.317,376.84
1,1,314.37,375.85
288.58,394.69,359.98,476.01
69.425,1,359.98,199.33
217.18,84.3,402.62,260.82
256.85,178.51,410.56,476.01
256.85,40.667,493.86,476.01
439.32,125.95,512.7,476.01
1,14.883,312.38,376.84
469.07,326.27,512.7,476.01
303.46,188.43,407.58,373.87
290.57,345.11,361.97,430.39
303.46,221.15,407.58,373.87
48.6,334.2,319.32,476.01
302.47,1,469.07,235.03
1,153.72,79.342,423.45
434.36,141.82,512.7,476.01
238.01,124.96,290.57,200.33
269.74,1,358,121.98
381.8,119.01,493.86,397.67
48.6,70.417,368.91,399.65
303.46,188.43,409.57,422.46
297.51,50.583,465.1,189.42
302.47,333.21,366.93,394.69
62.483,362.96,322.3,476.01
298.5,365.93,358.99,476.01
251.89,226.11,292.55,287.59
305.44,72.4,358.99,127.93
256.85,344.12,302.47,398.66
273.71,1,314.37,50.583
54.55,70.417,291.56,370.89
316.35,117.03,493.86,476.01
1,285.61,79.342,423.45
302.47,355.03,353.04,421.47
280.65,284.62,391.72,434.36
129.92,258.83,512.7,476.01
1,1,316.35,104.13
319.32,340.15,409.57,422.46
73.392,145.78,165.62,374.86
188.43,265.78,286.6,325.28
320.32,1,512.7,383.78
74.383,225.12,298.5,373.87
1,1,381.8,476.01
1,200.33,512.7,476.01
63.475,1,430.39,214.21
1,1,314.37,104.13
280.65,80.333,483.94,476.01
256.85,1,469.07,476.01
1,376.84,77.358,476.01
48.6,114.05,140.83,394.69
116.03,328.25,368.91,388.74
300.48,80.333,394.69,199.33
1,1,316.35,342.13
313.38,116.03,373.87,160.66
129.92,259.82,512.7,476.01
280.65,351.06,353.04,430.39
1,296.52,323.29,476.01
364.94,1,512.7,383.78
312.38,137.85,404.61,226.11
25.792,403.62,112.07,476.01
79.342,113.06,326.27,370.89
301.48,133.88,353.04,181.48
48.6,309.41,322.3,476.01
319.32,1,512.7,347.09
35.708,117.03,94.217,386.76
1,285.61,119.01,453.2
223.13,121.98,290.57,200.33
48.6,114.05,91.242,394.69
1,285.61,329.24,476.01
303.46,1,469.07,235.03
71.408,49.592,430.39,214.21
350.07,1,512.7,347.09
226.11,125.95,270.73,193.38
222.14,124.96,291.56,205.28
69.425,49.592,358.99,199.33
301.48,1,470.06,260.82
235.03,122.98,286.6,198.34
73.392,1,512.7,476.01
62.483,328.25,368.91,399.65
223.13,82.317,411.55,373.87
304.45,314.37,373.87,370.89
254.87,333.21,365.93,431.38
254.87,178.51,409.57,476.01
367.92,1,512.7,358
331.23,347.09,377.83,412.54
272.72,1,323.29,106.12
378.82,280.65,458.16,362.96
377.83,33.725,495.84,334.2
316.35,117.03,412.54,235.03
315.36,95.208,410.56,226.11
299.49,333.21,366.93,407.58
50.583,71.408,289.57,152.72
301.48,1,512.7,358
1,1,316.35,147.77
74.383,291.56,276.68,373.87
1,1,359.98,137.85
352.05,102.15,410.56,169.58
442.29,179.5,486.92,426.43
188.43,94.217,409.57,476.01
356.02,392.71,482.95,476.01
71.408,114.05,312.38,362.96
311.39,221.15,407.58,289.57
332.22,1,470.06,129.92
74.383,218.18,350.07,373.87
256.85,310.4,373.87,434.36
1,14.883,188.43,376.84
69.425,62.483,293.54,116.03
256.85,1,358.99,137.85
76.367,147.77,140.83,372.88
239.99,215.2,291.56,287.59
280.65,299.49,391.72,434.36
238.01,213.22,290.57,271.73
234.04,212.22,295.53,288.58
226.11,122.98,289.57,202.31
70.417,1,239,63.475
48.6,309.41,365.93,476.01
304.45,314.37,381.8,409.57
1,258.83,512.7,476.01
1,1,358.99,395.68
226.11,125.95,284.62,194.38
203.3,263.79,285.61,304.45
73.392,40.667,493.86,476.01
254.87,333.21,409.57,476.01
311.39,188.43,397.67,237.02
297.51,57.525,441.3,182.47
36.7,115.04,82.317,370.89
443.28,190.41,493.86,397.67
239.99,49.592,323.29,118.02
1,1,314.37,327.26
318.33,305.44,512.7,476.01
51.575,70.417,291.56,172.56
48.6,363.95,359.98,476.01
67.442,368.91,318.33,476.01
280.65,345.11,361.97,431.38
316.35,239,411.55,361.97
296.52,71.408,358.99,147.77
235.03,111.08,312.38,363.95
74.383,288.58,290.57,373.87
239,125.95,290.57,200.33
313.38,256.85,406.59,373.87
48.6,372.88,319.32,476.01
67.442,218.18,335.19,476.01
226.11,125.95,289.57,202.31
266.77,343.12,359.98,432.38
366.93,107.11,430.39,159.67
223.13,82.317,359.98,363.95
209.25,1,359.98,137.85
1,360.98,113.06,476.01
434.36,141.82,481.96,359.98
123.97,364.94,329.24,476.01
301.48,84.3,447.25,260.82
310.4,105.12,362.96,150.74
62.483,337.18,292.55,399.65
332.22,1,388.74,71.408
74.383,218.18,296.52,373.87
1,314.37,381.8,476.01
236.03,124.96,287.59,199.33
319.32,353.04,362.96,395.68
305.44,190.41,385.77,316.35
358.99,376.84,483.94,476.01
356.02,1,512.7,476.01
311.39,105.12,427.42,181.48
288.58,359.98,358.99,476.01
383.78,38.683,469.07,158.68
50.583,70.417,291.56,374.86
316.35,117.03,447.25,373.87
316.35,141.82,400.64,214.21
318.33,1,512.7,334.2
76.367,363.95,327.26,436.34
67.442,354.03,290.57,397.67
267.76,228.09,312.38,363.95
303.46,221.15,411.55,373.87
1,360.98,313.38,476.01
288.58,340.15,377.83,476.01
314.37,80.333,362.96,138.84
301.48,84.3,360.98,149.75
300.48,80.333,365.93,149.75
6.95,361.97,80.333,472.04
303.46,271.73,385.77,325.28
235.03,124.96,288.58,198.34
356.02,116.03,512.7,476.01
121.98,36.7,278.67,104.13
327.26,347.09,409.57,422.46
234.04,212.22,292.55,288.58
318.33,1,383.78,65.458
73.392,49.592,353.04,180.49
78.35,117.03,267.76,370.89
316.35,117.03,481.96,476.01
347.09,1,512.7,334.2
256.85,40.667,410.56,226.11
318.33,342.13,376.84,476.01
288.58,314.37,373.87,388.74
303.46,257.84,418.49,392.71
35.708,117.03,292.55,394.69
365.93,102.15,435.35,148.76
310.4,1,359.98,92.233
301.48,84.3,415.52,260.82
316.35,107.11,430.39,214.21
290.57,243.96,512.7,476.01
71.408,1,430.39,214.21
310.4,50.583,465.1,189.42
240.98,239,298.5,288.58
280.65,284.62,399.65,434.36
136.86,375.85,271.73,432.38
316.35,137.85,402.62,182.47
239.99,54.55,308.42,118.02
73.392,117.03,255.86,199.33
309.41,190.41,402.62,295.53
53.558,57.525,298.5,171.57
309.41,193.38,385.77,256.85
241.97,217.18,291.56,285.61
296.52,370.89,358.99,476.01
316.35,304.45,378.82,359.98
303.46,240.98,406.59,373.87
303.46,239.99,405.6,335.19
73.392,111.08,312.38,363.95
48.6,372.88,321.31,476.01
48.6,309.41,91.242,394.69
316.35,71.408,430.39,214.21
302.47,80.333,365.93,149.75
44.633,423.45,112.07,476.01
272.72,1,359.98,106.12
327.26,340.15,409.57,422.46
217.18,84.3,360.98,224.12
270.73,158.68,312.38,233.05
239,52.567,350.07,136.86
311.39,239.99,402.62,289.57
300.48,80.333,412.54,295.53
443.28,200.33,493.86,397.67
256.85,259.82,405.6,434.36
223.13,1,469.07,373.87
332.22,347.09,381.8,390.73
116.03,337.18,292.55,399.65
269.74,1,358,138.84
239.99,212.22,292.55,271.73
235.03,137.85,291.56,202.31
285.61,52.567,352.05,137.85
347.09,1,495.84,334.2
368.91,107.11,412.54,172.56
316.35,304.45,378.82,352.05
321.31,137.85,402.62,179.5
240.98,231.07,298.5,288.58
151.73,218.18,296.52,345.11
217.18,113.06,312.38,363.95
234.04,221.15,295.53,288.58
1,285.61,119.01,476.01
61.492,80.333,151.73,125.95
29.758,1,291.56,104.13
370.89,280.65,411.55,355.03
35.708,117.03,91.242,386.76
61.492,57.525,220.16,117.03
113.06,318.33,285.61,358.99
187.43,219.17,285.61,325.28
187.43,113.06,312.38,363.95
313.38,283.62,387.75,358
256.85,40.667,351.06,121.98
67.442,338.17,290.57,397.67
235.03,124.96,288.58,199.33
286.6,39.675,358,121.98
302.47,80.333,362.96,149.75
306.43,259.82,418.49,358
269.74,1,324.28,117.03
382.79,116.03,446.26,360.98
315.36,71.408,397.67,142.81
308.42,151.73,410.56,214.21
199.33,261.81,296.52,303.46
1,360.98,80.333,472.04
76.367,377.83,318.33,476.01
50.583,1,384.78,374.86
319.32,1,388.74,71.408
123.97,364.94,309.41,421.47
238.01,213.22,290.57,261.81
316.35,239,411.55,373.87
303.46,256.85,406.59,373.87
358.99,305.44,512.7,476.01
318.33,105.12,372.88,155.7
256.85,40.667,356.02,142.81
269.74,1,362.96,138.84
50.583,57.525,298.5,375.85
139.83,363.95,335.19,476.01
74.383,225.12,301.48,373.87
239,135.87,290.57,200.33
1,1,291.56,134.88
256.85,40.667,354.03,137.85
67.442,363.95,335.19,476.01
35.708,117.03,263.79,386.76
235.03,125.95,286.6,198.34
217.18,118.02,306.43,224.12
239,52.567,353.04,136.86
330.23,342.13,376.84,423.45
171.57,118.02,312.38,249.91
69.425,49.592,352.05,199.33
217.18,84.3,478.98,432.38
1,1,239,63.475
405.6,290.57,454.19,358
309.41,190.41,385.77,256.85
45.625,62.483,293.54,147.77
297.51,82.317,356.02,142.81
363.95,258.83,410.56,361.97
45.625,81.325,135.87,147.77
239.99,49.592,352.05,137.85
113.06,208.26,291.56,363.95
11.908,371.88,113.06,476.01
298.5,71.408,430.39,214.21
312.38,138.84,404.61,226.11
254.87,333.21,409.57,431.38
315.36,302.47,378.82,349.07
269.74,1,375.85,182.47
442.29,179.5,486.92,376.84
266.77,343.12,359.98,427.42
50.583,71.408,289.57,374.86
181.48,218.18,316.35,363.95
341.14,329.24,392.71,370.89
310.4,57.525,441.3,148.76
266.77,343.12,359.98,476.01
315.36,302.47,378.82,352.05
1,376.84,113.06,476.01
342.13,1,383.78,55.542
304.45,159.67,385.77,260.82
223.13,111.08,312.38,363.95
186.44,232.06,291.56,323.29
298.5,82.317,358,137.85
363.95,116.03,450.23,361.97
289.57,1,359.98,92.233
222.14,132.89,291.56,205.28
316.35,127.93,408.57,211.23
319.32,1,359.98,65.458
356.02,116.03,483.94,476.01
366.93,243.96,464.11,420.48
290.57,49.592,351.06,121.98
256.85,40.667,363.95,149.75
363.95,116.03,446.26,361.97
312.38,138.84,404.61,215.2
303.46,221.15,405.6,335.19
358.99,412.54,463.12,476.01
256.85,344.12,321.31,431.38
365.93,102.15,410.56,169.58
61.492,57.525,298.5,125.95
347.09,1,397.67,116.03
363.95,116.03,483.94,434.36
61.492,57.525,220.16,115.04
235.03,137.85,284.62,196.36
50.583,71.408,289.57,172.56
320.32,285.61,403.62,358.99
315.36,102.15,410.56,181.48
316.35,117.03,447.25,361.97
120,57.525,220.16,115.04
172.56,1,291.56,79.342
316.35,102.15,435.35,235.03
239.99,226.11,291.56,288.58
1,120.99,53.558,327.26
300.48,82.317,359.98,149.75
237.02,131.9,284.62,194.38
328.25,71.408,397.67,127.93
235.03,137.85,288.58,198.34
266.77,343.12,362.96,432.38
330.23,342.13,376.84,476.01
300.48,80.333,427.42,237.02
319.32,1,469.07,158.68
287.59,390.73,335.19,476.01
323.29,321.31,392.71,370.89
288.58,1,384.78,77.358
364.94,1,512.7,397.67
277.68,1,343.12,106.12
256.85,1,354.03,137.85
290.57,55.542,335.19,116.03
303.46,271.73,406.59,373.87
310.4,93.225,372.88,155.7
303.46,259.82,418.49,392.71
270.73,368.91,322.3,432.38
1,285.61,119.01,458.16
300.48,80.333,373.87,181.48
315.36,143.8,403.62,226.11
240.98,217.18,298.5,288.58
244.95,125.95,289.57,192.39
312.38,81.325,363.95,138.84
1,285.61,113.06,453.2
317.34,105.12,373.87,174.54
304.45,190.41,410.56,410.56
235.03,111.08,312.38,343.12
310.4,57.525,441.3,160.66
356.02,290.57,483.94,476.01
171.57,1,291.56,79.342
306.43,1,359.98,86.283
223.13,121.98,290.57,203.3
266.77,343.12,359.98,429.4
238.01,111.08,312.38,343.12
1,23.808,187.43,327.26
285.61,1,469.07,148.76
48.6,372.88,315.36,476.01
187.43,219.17,290.57,341.14
272.72,1,316.35,52.567
292.55,377.83,335.19,434.36
297.51,64.467,355.03,130.91
358.99,143.8,404.61,200.33
311.39,221.15,389.73,264.78
186.44,232.06,285.61,323.29
254.87,209.25,296.52,249.91
301.48,84.3,360.98,181.48
223.13,124.96,267.76,192.39
309.41,336.18,367.92,394.69
237.02,131.9,286.6,198.34
335.19,24.8,375.85,93.225
238.01,128.93,288.58,199.33
23.808,392.71,80.333,460.14
231.07,128.93,280.65,196.36
310.4,93.225,367.92,146.78
113.06,208.26,291.56,358.99
300.48,81.325,363.95,149.75
320.32,37.692,469.07,158.68
314.37,37.692,359.98,81.325
76.367,145.78,140.83,372.88
326.27,340.15,377.83,412.54
310.4,57.525,444.28,189.42
296.52,359.98,358.99,476.01
316.35,256.85,406.59,373.87
29.758,1,316.35,104.13
297.51,57.525,441.3,148.76
309.41,160.66,380.81,220.16
80.333,225.12,283.62,371.88
315.36,148.76,403.62,226.11
311.39,221.15,407.58,264.78
209.25,52.567,350.07,136.86
332.22,1,389.73,93.225
310.4,295.53,359.98,348.08
379.82,117.03,446.26,361.97
312.38,240.98,399.65,287.59
269.74,1,358,130.91
310.4,295.53,383.78,348.08
302.47,93.225,410.56,226.11
366.93,317.34,464.11,420.48
351.06,105.12,412.54,172.56
326.27,256.85,512.7,476.01
121.98,1,291.56,104.13
306.43,345.11,364.94,398.66
316.35,127.93,408.57,185.45
303.46,239.99,399.65,326.27
223.13,121.98,289.57,192.39
73.392,219.17,302.47,374.86
285.61,47.608,469.07,148.76
363.95,258.83,410.56,410.56
309.41,336.18,365.93,391.72
315.36,179.5,400.64,226.11
370.89,120,478.98,432.38
73.392,315.36,302.47,374.86
242.97,135.87,289.57,199.33
332.22,347.09,381.8,409.57
382.79,120,445.27,358
303.46,95.208,435.35,235.03
312.38,138.84,404.61,211.23
350.07,47.608,495.84,347.09
239.99,215.2,291.56,288.58
29.758,1,291.56,79.342
319.32,1,391.72,114.05
316.35,97.192,412.54,211.23
366.93,243.96,478.98,432.38
370.89,120,464.11,419.48
122.98,288.58,290.57,349.07
117.03,288.58,290.57,361.97
288.58,376.84,330.23,432.38
303.46,239.99,389.73,335.19
302.47,93.225,361.97,149.75
312.38,259.82,405.6,358
296.52,82.317,356.02,138.84
239.99,146.78,288.58,199.33
186.44,231.07,298.5,323.29
73.392,145.78,302.47,374.86
317.34,105.12,374.86,174.54
300.48,80.333,410.56,237.02
303.46,310.4,373.87,392.71
439.32,125.95,495.84,347.09
277.68,37.692,343.12,106.12
305.44,190.41,396.68,317.34
315.36,102.15,410.56,226.11
45.625,81.325,268.75,147.77
48.6,153.72,91.242,394.69
69.425,115.04,255.86,199.33
187.43,256.85,290.57,341.14
1,24.8,187.43,134.88
61.492,57.525,220.16,125.95
323.29,124.96,373.87,170.58
320.32,295.53,403.62,358.99
386.76,243.96,464.11,419.48
1,412.54,55.542,476.01
306.43,340.15,377.83,412.54
316.35,97.192,447.25,211.23
280.65,333.21,366.93,434.36
358.99,243.96,512.7,476.01
288.58,370.89,343.12,432.38
285.61,57.525,352.05,137.85
256.85,314.37,373.87,476.01
73.392,315.36,280.65,374.86
1,360.98,319.32,476.01
380.81,117.03,446.26,360.98
379.82,117.03,447.25,361.97
312.38,143.8,404.61,211.23
313.38,190.41,399.65,237.02
316.35,304.45,391.72,373.87
367.92,33.725,470.06,129.92
71.408,114.05,312.38,249.91
187.43,256.85,285.61,325.28
202.31,228.09,322.3,431.38
76.367,377.83,312.38,476.01
239,228.09,322.3,431.38
245.94,328.25,368.91,388.74
304.45,166.61,347.09,239.99
313.38,299.49,380.81,358
73.392,315.36,165.62,374.86
382.79,120,495.84,358
319.32,1,384.78,74.383
314.37,81.325,363.95,138.84
280.65,366.93,321.31,431.38
242.97,135.87,287.59,199.33
311.39,107.11,412.54,181.48
287.59,399.65,329.24,476.01
316.35,303.46,383.78,352.05
304.45,299.49,391.72,373.87
314.37,191.4,389.73,239.99
306.43,37.692,359.98,86.283
80.333,218.18,296.52,371.88
262.8,332.22,320.32,389.73
304.45,258.83,410.56,410.56
306.43,37.692,359.98,81.325
296.52,377.83,344.12,476.01
310.4,44.633,359.98,92.233
117.03,219.17,290.57,361.97
386.76,317.34,464.11,419.48
363.95,290.57,483.94,434.36
304.45,159.67,415.52,260.82
303.46,105.12,385.77,220.16
231.07,123.97,280.65,196.36
256.85,363.95,327.26,436.34
332.22,1,389.73,68.433
377.83,33.725,461.13,162.64
374.86,283.62,478.98,432.38
312.38,378.82,353.04,421.47
309.41,336.18,381.8,409.57
294.53,328.25,368.91,388.74
363.95,291.56,410.56,361.97
358.99,389.73,482.95,476.01
74.383,225.12,290.57,373.87
312.38,259.82,405.6,370.89
120,288.58,290.57,353.04
350.07,47.608,469.07,148.76
296.52,94.217,338.17,147.77
290.57,345.11,365.93,476.01
223.13,121.98,273.71,192.39
330.23,256.85,512.7,476.01
71.408,114.05,274.7,180.49
298.5,365.93,358.99,429.4
298.5,355.03,358.99,429.4
378.82,243.96,458.16,362.96
380.81,120,445.27,358
347.09,24.8,397.67,116.03
303.46,105.12,373.87,182.47
186.44,208.26,291.56,325.28
365.93,102.15,435.35,169.58
309.41,193.38,364.94,239
303.46,102.15,435.35,235.03
330.23,342.13,376.84,400.64
1,120.99,53.558,323.29
386.76,303.46,464.11,419.48
203.3,256.85,285.61,304.45
80.333,218.18,350.07,371.88
332.22,1,383.78,58.517
1,88.267,82.317,155.7
312.38,349.07,369.9,396.68
366.93,127.93,408.57,185.45
239,332.22,320.32,389.73
187.43,256.85,285.61,341.14
388.74,292.55,444.28,360.98
303.46,239.99,399.65,335.19
256.85,1,320.32,118.02
308.42,151.73,410.56,237.02
266.77,314.37,381.8,476.01
311.39,125.95,379.82,181.48
331.23,347.09,377.83,396.68
312.38,82.317,359.98,135.87
239,332.22,322.3,431.38
302.47,81.325,363.95,149.75
382.79,116.03,454.19,360.98
391.72,317.34,464.11,419.48
300.48,80.333,361.97,147.77
254.87,158.68,389.73,260.82
349.07,155.7,400.64,211.23
1,88.267,82.317,269.74
223.13,121.98,272.72,192.39
300.48,345.11,361.97,407.58
302.47,93.225,360.98,149.75
323.29,120,373.87,170.58
217.18,118.02,303.46,224.12
23.808,392.71,80.333,472.04
256.85,364.94,358.99,476.01
1,24.8,220.16,134.88
35.708,152.72,91.242,386.76
452.21,200.33,493.86,376.84
280.65,333.21,366.93,430.39
319.32,1,389.73,74.383
358.99,412.54,471.05,476.01
171.57,118.02,312.38,233.05
82.317,111.08,312.38,363.95
50.583,71.408,289.57,135.87
366.93,107.11,412.54,159.67
270.73,368.91,343.12,432.38
358,271.73,399.65,319.32
311.39,259.82,396.68,317.34
186.44,208.26,286.6,325.28
73.392,114.05,274.7,180.49
388.74,276.68,446.26,360.98
237.02,131.9,283.62,190.41
309.41,160.66,385.77,220.16
239,49.592,353.04,136.86
186.44,265.78,285.61,323.29
381.8,119.01,447.25,360.98
239.99,146.78,287.59,197.35
299.49,345.11,361.97,407.58
239.99,150.74,288.58,199.33
370.89,120,445.27,358
365.93,102.15,410.56,148.76
187.43,234.04,285.61,325.28
1,88.267,70.417,327.26
370.89,120,445.27,361.97
80.333,236.03,254.87,371.88
288.58,52.567,331.23,115.04
247.93,158.68,402.62,260.82
363.95,302.47,410.56,361.97
288.58,328.25,368.91,388.74
236.03,127.93,283.62,190.41
181.48,218.18,296.52,326.27
358.99,391.72,471.05,476.01
314.37,191.4,389.73,260.82
236.03,131.9,283.62,190.41
292.55,365.93,358.99,476.01
272.72,1,314.37,52.567
304.45,166.61,385.77,260.82
272.72,1,314.37,64.467
308.42,151.73,394.69,199.33
310.4,299.49,380.81,349.07
80.333,225.12,306.43,371.88
310.4,72.4,358.99,125.95
239.99,227.1,291.56,287.59
272.72,49.592,323.29,106.12
82.317,117.03,263.79,363.95
392.71,389.73,482.95,476.01
35.708,152.72,78.35,367.92
247.93,158.68,389.73,260.82
186.44,265.78,286.6,325.28
313.38,280.65,411.55,358
316.35,304.45,378.82,349.07
309.41,154.71,385.77,220.16
301.48,109.09,373.87,181.48
280.65,345.11,361.97,434.36
236.03,127.93,287.59,199.33
1,88.267,82.317,327.26
120.99,374.86,271.73,432.38
79.342,118.02,257.84,370.89
385.77,120,445.27,358
378.82,303.46,427.42,361.97
1,24.8,187.43,153.72
29.758,1,277.68,104.13
301.48,84.3,374.86,181.48
1,1,136.86,57.525
304.45,314.37,391.72,373.87
270.73,368.91,343.12,476.01
302.47,356.02,344.12,400.64
332.22,347.09,381.8,408.57
303.46,105.12,368.91,182.47
229.08,208.26,269.74,267.76
256.85,56.533,306.43,118.02
304.45,166.61,358,259.82
370.89,120,447.25,361.97
288.58,370.89,330.23,432.38
29.758,1,136.86,57.525
377.83,33.725,470.06,129.92
181.48,228.09,312.38,363.95
306.43,271.73,385.77,328.25
46.617,296.52,91.242,386.76
318.33,105.12,374.86,170.58
254.87,158.68,347.09,249.91
181.48,261.81,296.52,326.27
23.808,392.71,113.06,476.01
315.36,138.84,375.85,181.48
238.01,128.93,280.65,191.4
181.48,218.18,312.38,363.95
320.32,37.692,391.72,114.05
316.35,141.82,400.64,211.23
288.58,333.21,348.08,382.79
270.73,150.74,312.38,233.05
188.43,265.78,285.61,308.42
441.3,131.9,495.84,334.2
217.18,118.02,312.38,233.05
306.43,259.82,418.49,328.25
317.34,105.12,373.87,170.58
155.7,51.575,278.67,104.13
209.25,62.483,298.5,115.04
8.9333,88.267,70.417,155.7
254.87,150.74,312.38,233.05
377.83,33.725,461.13,129.92
80.333,236.03,283.62,371.88
1,88.267,70.417,155.7
290.57,354.03,353.04,422.46
311.39,159.67,383.78,215.2
366.93,361.97,409.57,420.48
315.36,94.217,360.98,142.81
121.98,36.7,237.02,104.13
303.46,330.23,365.93,392.71
29.758,1,120,51.575
1,88.267,70.417,205.28
8.9333,88.267,70.417,205.28
280.65,330.23,365.93,434.36
384.78,283.62,478.98,432.38
151.73,315.36,283.62,356.02
181.48,264.78,296.52,324.28
318.33,105.12,366.93,152.72
312.38,349.07,358.99,394.69
70.417,1,291.56,79.342
309.41,82.317,358,129.92
304.45,310.4,373.87,370.89
