443.11,76.746,512.67,290.07
235.19,1,512.67,371.23
1,38.1,222.05,347.27
248.33,1,512.67,371.23
1,1,512.67,371.23
237.51,1,512.67,371.23
1,38.1,512.67,371.23
235.19,1,512.67,286.21
1,241.38,188.82,302.44
239.83,76.746,512.67,303.21
184.95,76.746,512.67,341.08
1,46.602,265.34,303.21
1,235.97,188.82,302.44
273.07,246.01,512.67,371.23
1,281.57,317.12,371.23
89.112,1,303.98,69.79
248.33,1,512.67,286.21
1,1,348.81,371.23
1,232.88,316.35,371.23
1,1,512.67,96.069
438.47,17.231,512.67,250.65
1,1,412.96,371.23
1,83.702,191.91,302.44
160.99,80.61,272.29,287.75
1,1,336.45,371.23
255.29,86.794,395.19,178
1,46.602,265.34,341.08
1,1,512.67,290.84
79.065,1,320.21,76.746
1,239.06,185.73,295.48
1,1,512.67,288.53
1,46.602,512.67,371.23
430.74,28.052,512.67,78.292
264.56,273.07,512.67,371.23
30.371,115.39,188.82,265.34
249.11,65.152,457.79,174.13
1,1,512.67,155.58
237.51,1,512.67,290.07
248.33,1,480.21,178
246.79,1,512.67,371.23
1,83.702,195,302.44
433.83,74.427,512.67,291.62
334.9,195.78,430.74,239.83
259.93,110.75,474.8,286.21
1,1,512.67,303.21
1,83.702,191.91,222.05
1,38.1,355.77,371.23
260.7,181.09,378.18,269.2
399.05,17.231,512.67,289.3
248.33,17.231,512.67,289.3
251.43,108.44,364.27,282.34
1,38.1,222.83,347.27
297.03,76.746,512.67,290.07
358.86,214.33,474.8,286.21
344.95,75.973,512.67,291.62
1,38.873,363.5,371.23
1,1,467.84,371.23
300.12,75.973,512.67,351.9
288.53,95.296,418.38,178
384.37,14.913,461.66,76.746
237.51,76.746,512.67,290.07
248.33,17.231,512.67,290.84
1,235.97,512.67,371.23
391.32,1,512.67,269.2
184.95,108.44,364.27,341.08
237.51,80.61,474.8,286.21
344.95,178,458.57,224.37
283.11,218.96,512.67,344.18
438.47,17.231,512.67,289.3
1,214.33,512.67,371.23
430.74,1,512.67,99.933
24.96,38.873,228.24,164.09
289.3,61.288,512.67,144.76
1,97.615,184.18,288.53
302.44,111.53,366.59,174.13
1,1,512.67,144.76
195.78,1,512.67,371.23
1,259.93,212.01,371.23
280.8,95.296,457.02,232.1
195.78,76.746,512.67,351.9
241.38,270.75,512.67,371.23
297.03,162.54,457.02,205.05
1,212.78,512.67,371.23
273.07,203.5,448.52,272.29
385.14,92.204,470.93,144.76
1,263.79,181.09,307.07
447.75,80.61,500.3,279.25
248.33,82.929,512.67,371.23
288.53,103.03,393.64,175.68
264.56,218.96,512.67,371.23
378.96,79.838,471.71,144.76
320.99,147.08,456.25,192.68
346.49,83.702,471.71,162.54
347.27,83.702,470.93,163.31
1,1,313.26,74.427
184.95,105.34,364.27,341.08
1,250.65,224.37,371.23
462.43,129.3,512.67,269.2
281.57,143.99,448.52,248.33
1,1,512.67,88.34
1,80.61,316.35,371.23
1,91.431,188.82,283.11
1,75.2,291.62,347.27
259.93,111.53,364.27,266.88
412.19,246.79,512.67,308.62
82.156,269.2,315.58,371.23
143.99,259.93,204.28,302.44
1,97.615,106.12,288.53
241.38,246.01,512.67,371.23
256.84,83.702,483.3,290.84
1,1,409.1,115.39
297.03,130.08,475.57,237.51
248.33,86.794,409.1,266.88
229.78,1,512.67,104.57
17.231,1,313.26,74.427
132.4,3.3188,467.84,92.977
99.16,302.44,315.58,371.23
447.75,14.14,512.67,88.34
1,1,467.84,107.66
103.03,34.235,333.35,318.67
459.34,137.03,512.67,290.07
259.15,95.296,457.79,232.1
97.615,304.76,316.35,371.23
260.7,1,512.67,88.34
1,286.21,121.58,340.31
1,239.83,168.72,291.62
352.68,212.78,474.8,286.21
266.88,266.88,512.67,371.23
1,38.873,291.62,347.27
438.47,167.95,480.21,250.65
248.33,86.794,349.59,167.95
280.02,98.388,456.25,248.33
57.423,269.2,315.58,371.23
264.56,106.89,310.17,186.5
89.112,304.76,320.21,371.23
1,1,412.96,74.427
1,83.702,207.37,306.3
1,61.288,228.24,280.8
1,83.702,194.23,302.44
297.03,191.91,374.32,243.7
284.66,263.02,512.67,313.26
1,235.97,189.59,307.07
273.84,98.388,409.1,266.88
24.96,38.873,228.24,235.97
1,1,303.98,107.66
259.93,111.53,364.27,282.34
394.41,147.08,457.02,220.51
459.34,76.746,512.67,290.07
1,239.83,75.2,283.89
1,1,189.59,133.17
257.61,100.71,474.8,286.21
241.38,256.84,348.81,333.35
30.371,115.39,184.18,252.97
303.98,266.88,512.67,307.07
301.66,290.07,512.67,371.23
297.03,178,458.57,243.7
256.84,260.7,512.67,371.23
154.04,106.89,207.37,259.93
1,83.702,207.37,302.44
330.26,79.838,471.71,148.63
287.75,147.85,447.75,206.6
259.93,111.53,419.92,266.88
274.61,1,512.67,351.9
1,115.39,184.95,280.8
402.14,289.3,473.25,341.86
1,1,320.21,106.89
400.6,76.746,512.67,290.07
368.91,246.79,483.3,290.84
248.33,1,480.21,286.21
266.88,280.8,512.67,371.23
317.12,204.28,445.43,277.7
259.93,111.53,474.8,286.21
235.19,48.921,331.04,91.431
285.43,222.83,359.63,266.11
273.07,246.01,512.67,351.9
1,46.602,220.51,371.23
205.05,40.419,296.25,82.156
1,91.431,194.23,295.48
147.08,126.99,188.82,252.97
391.32,77.519,512.67,232.88
459.34,137.03,512.67,283.89
433.83,74.427,512.67,290.84
449.29,89.885,512.67,291.62
111.53,115.39,188.82,252.97
1,61.288,304.76,288.53
354.22,82.929,470.93,155.58
259.15,62.06,304.76,102.25
410.65,132.4,475.57,237.51
260.7,1,512.67,144.76
452.38,97.615,497.21,279.25
1,1,467.84,96.069
399.05,147.08,459.34,222.83
284.66,263.02,446.97,308.62
77.519,307.85,252.97,371.23
445.43,89.885,512.67,291.62
1,112.3,190.36,281.57
258.38,94.523,475.57,243.7
271.52,157.13,458.57,209.69
382.82,26.506,512.67,88.34
96.069,1,303.98,64.379
273.07,203.5,474.8,286.21
448.52,79.065,494.12,144.76
399.05,147.08,457.02,200.41
149.4,41.192,355.77,341.08
354.22,85.248,470.93,155.58
266.88,212.78,512.67,371.23
198.09,37.327,512.67,155.58
105.34,1,274.61,64.379
248.33,65.152,457.79,264.56
274.61,1,512.67,97.615
248.33,1,480.21,92.204
459.34,197.32,512.67,290.07
1,99.16,127.76,156.36
30.371,102.25,184.18,278.48
268.43,26.506,512.67,371.23
452.38,103.8,496.44,279.25
1,235.97,320.21,371.23
255.29,65.152,471.71,178
1,43.51,73.654,110.75
260.7,181.09,430.74,269.2
1,1,409.1,371.23
317.12,220.51,445.43,273.84
1,11.048,409.1,115.39
1,295.48,317.12,371.23
300.12,265.34,448.52,308.62
344.95,147.08,479.44,280.02
433.83,124.67,512.67,290.07
259.15,106.89,310.17,255.29
1,1,409.1,96.069
1,88.34,186.5,222.05
241.38,270.75,363.5,333.35
375.86,92.977,443.11,143.22
400.6,97.615,500.3,279.25
112.3,61.288,228.24,164.09
1,330.26,95.296,371.23
284.66,263.02,512.67,344.18
89.112,1,303.98,64.379
261.47,108.44,410.65,266.11
347.27,95.296,426.1,163.31
255.29,86.794,446.97,178
258.38,76.746,512.67,290.07
344.95,147.08,457.02,221.28
237.51,105.34,474.8,286.21
1,111.53,184.95,280.8
412.19,218.96,512.67,344.18
248.33,95.296,457.02,269.2
304.76,213.55,378.18,269.2
447.75,17.231,512.67,107.66
256.84,83.702,471.71,259.15
248.33,1,512.67,103.03
237.51,94.523,474.8,286.21
346.49,84.475,468.61,162.54
259.93,1,512.67,103.03
295.48,265.34,512.67,307.85
1,250.65,363.5,371.23
1,256.06,348.81,371.23
24.96,112.3,188.82,283.11
347.27,83.702,471.71,163.31
440.79,89.885,512.67,291.62
273.07,198.87,483.3,290.84
147.08,116.16,188.82,252.2
261.47,208.91,322.53,262.25
380.5,290.07,512.67,371.23
320.99,147.08,456.25,221.28
385.14,1,512.67,73.654
266.88,260.7,512.67,371.23
266.88,133.94,307.07,179.54
195.78,76.746,512.67,371.23
1,1,392.1,115.39
239.83,246.79,320.99,303.21
239.83,195,458.57,303.21
294.71,111.53,393.64,178
351.9,111.53,431.51,162.54
1,1,392.1,64.379
1,99.16,184.95,283.89
263.79,239.06,345.72,282.34
300.12,265.34,512.67,351.9
297.03,157.13,458.57,209.69
256.84,98.388,409.1,266.88
286.21,1,480.21,92.204
89.112,311.71,180.32,371.23
103.03,240.6,212.01,310.94
261.47,106.89,310.17,264.56
297.03,162.54,458.57,205.05
271.52,157.13,457.02,209.69
454.7,89.885,512.67,291.62
280.02,98.388,408.33,248.33
235.19,1,512.67,112.3
191.91,78.292,265.34,303.21
1,101.48,80.61,222.05
304.76,286.98,512.67,371.23
433.83,124.67,512.67,290.84
358.86,79.838,471.71,148.63
384.37,88.34,466.3,144.76
148.63,110.75,194.23,268.43
360.41,80.61,474.03,155.58
1,91.431,208.14,295.48
1,100.71,184.95,280.8
125.44,269.2,208.91,309.39
399.05,147.08,457.79,207.37
261.47,184.95,309.39,255.29
287.75,143.99,447.75,248.33
260.7,1,512.67,104.57
280.02,94.523,418.38,214.33
297.03,183.41,353.45,232.1
334.13,286.98,512.67,371.23
317.12,211.23,445.43,273.84
1,269.2,320.99,371.23
346.49,79.065,479.44,162.54
248.33,79.838,474.8,286.21
258.38,94.523,418.38,178
172.59,75.2,291.62,288.53
1,38.1,355.77,347.27
215.1,232.88,260.7,287.75
382.82,26.506,512.67,291.62
266.11,133.94,307.07,201.96
1,232.88,218.19,302.44
400.6,103.8,496.44,279.25
375.09,84.475,468.61,154.81
77.519,317.9,154.81,358.86
280.8,95.296,395.19,175.68
347.27,82.929,470.93,163.31
124.67,101.48,208.14,264.56
1,43.51,136.26,110.75
249.11,86.794,399.05,174.13
452.38,76.746,512.67,290.07
202.73,1,336.45,82.156
256.84,100.71,448.52,259.15
268.43,280.02,512.67,371.23
249.11,86.794,393.64,174.13
184.95,128.53,355.77,341.08
1,250.65,320.21,371.23
195.78,78.292,265.34,292.39
263.79,229.78,345.72,282.34
1,83.702,195,276.16
209.69,214.33,512.67,371.23
281.57,134.71,448.52,248.33
283.11,98.388,393.64,175.68
1,88.34,186.5,291.62
320.99,1,512.67,97.615
82.929,8.7292,221.28,74.427
378.96,294.71,449.29,371.23
1,286.21,121.58,348.81
317.12,178.77,448.52,221.28
117.71,110.75,194.23,258.38
30.371,115.39,184.18,278.48
21.096,86.794,192.68,130.08
210.46,113.07,250.65,246.79
239.83,95.296,458.57,303.21
422.24,326.4,512.67,371.23
320.99,1,512.67,88.34
1,1,313.26,69.79
195.78,78.292,330.26,341.08
1,235.97,188.82,340.31
266.88,286.98,512.67,371.23
1,1,333.35,318.67
239.83,110.75,458.57,303.21
1,269.2,315.58,371.23
1,34.235,333.35,318.67
1,286.21,154.81,340.31
290.84,61.288,512.67,103.03
291.62,213.55,378.18,273.84
294.71,111.53,393.64,167.18
1,101.48,188.82,280.8
322.53,202.73,374.32,243.7
24.188,58.969,189.59,133.17
1,83.702,191.91,126.21
264.56,312.49,416.06,371.23
65.152,259.93,204.28,325.62
297.8,162.54,448.52,221.28
273.84,7.1833,412.96,52.013
195.78,78.292,474.8,351.9
304.76,280.02,449.29,371.23
273.84,7.1833,412.96,53.558
208.91,62.06,304.76,287.75
1,37.327,103.8,91.431
248.33,95.296,474.8,286.21
452.38,97.615,500.3,279.25
108.44,11.048,409.1,115.39
261.47,108.44,307.85,221.28
97.615,304.76,320.21,371.23
241.38,270.75,393.64,340.31
280.02,94.523,418.38,229.01
1,1,52.013,49.694
259.15,95.296,395.19,158.68
1,18.004,208.14,83.702
300.12,265.34,512.67,310.94
209.69,263.02,512.67,371.23
286.21,48.148,392.87,92.204
239.83,246.79,318.67,291.62
1,80.61,272.29,287.75
286.21,8.7292,412.96,92.204
228.24,315.58,315.58,358.86
258.38,94.523,458.57,229.01
401.37,146.31,475.57,237.51
205.05,34.235,333.35,82.156
448.52,229.01,496.44,283.89
354.22,79.838,471.71,148.63
1,311.71,180.32,371.23
241.38,270.75,327.17,333.35
147.08,62.06,304.76,288.53
259.93,1,512.67,88.34
344.95,89.885,512.67,291.62
280.02,168.72,416.83,209.69
284.66,263.02,512.67,332.58
440.02,308.62,512.67,351.9
1,103.8,106.12,280.8
1,46.602,315.58,371.23
460.89,311.71,512.67,351.9
149.4,41.192,337.22,140.12
208.91,62.06,304.76,235.97
82.156,302.44,256.06,371.23
1,235.97,189.59,303.21
209.69,263.02,354.22,329.49
313.26,276.93,402.92,351.9
284.66,26.506,512.67,344.18
313.26,282.34,402.92,351.9
248.33,82.929,470.93,266.88
300.89,95.296,395.19,151.72
77.519,256.06,260.7,371.23
324.85,203.5,410.65,244.47
452.38,79.065,500.3,279.25
198.09,41.192,337.22,140.12
1,273.84,152.49,340.31
241.38,270.75,416.06,340.31
241.38,270.75,363.5,334.9
1,83.702,191.91,140.12
281.57,98.388,408.33,248.33
248.33,82.929,483.3,290.84
1,97.615,184.95,288.53
300.12,265.34,512.67,344.18
401.37,178,458.57,226.69
1,269.2,223.6,371.23
324.85,195.78,430.74,240.6
372,79.838,471.71,144.76
1,260.7,193.46,306.3
78.292,269.2,315.58,371.23
294.71,210.46,344.95,266.11
259.93,110.75,313.26,255.29
235.19,1,512.67,162.54
99.16,1,274.61,64.379
419.92,76.746,512.67,290.07
297.03,132.4,475.57,243.7
273.07,143.99,474.8,286.21
192.68,1,336.45,133.94
452.38,97.615,497.99,279.25
430.74,31.917,484.85,73.654
360.41,89.112,451.61,155.58
323.31,111.53,376.64,164.86
1,1,336.45,133.94
288.53,94.523,418.38,178
355,130.85,475.57,237.51
410.65,146.31,475.57,237.51
258.38,94.523,418.38,229.01
261.47,106.89,310.17,255.29
302.44,111.53,378.96,161.77
132.4,1,467.84,102.25
147.85,270.75,266.88,322.53
209.69,129.3,249.88,283.89
468.61,76.746,512.67,290.07
1,72.108,192.68,130.08
1,295.48,228.24,371.23
1,99.16,184.95,281.57
209.69,263.02,325.62,341.08
263.79,213.55,345.72,282.34
402.14,289.3,512.67,371.23
1,79.065,185.73,119.26
249.11,86.794,357.31,126.99
300.12,265.34,512.67,329.49
391.32,1,512.67,232.88
355.77,212.78,448.52,272.29
1,87.567,194.23,302.44
296.25,172.59,341.86,242.92
195.78,78.292,402.92,351.9
276.16,130.08,457.79,195.78
1,36.554,202.73,77.519
302.44,111.53,366.59,158.68
1,100.71,184.95,291.62
368.91,234.42,483.3,290.84
259.15,100.71,342.63,256.06
256.84,106.89,310.17,264.56
127.76,42.738,351.9,115.39
1,116.94,184.95,281.57
132.4,2.5458,467.84,102.25
346.49,84.475,468.61,154.81
1,80.61,190.36,303.21
57.423,294.71,207.37,341.08
232.88,9.5021,313.26,49.694
1,61.288,228.24,201.19
147.85,274.61,264.56,322.53
449.29,26.506,512.67,88.34
319.44,198.87,409.1,243.7
125.44,269.2,205.05,309.39
1,281.57,212.01,371.23
304.76,280.02,512.67,371.23
18.004,101.48,62.06,141.67
302.44,273.84,393.64,340.31
1,46.602,220.51,303.21
300.12,265.34,512.67,314.03
283.11,100.71,340.31,143.22
1,269.2,180.32,371.23
400.6,103.8,500.3,279.25
287.75,143.99,448.52,248.33
18.004,1,115.39,55.877
1,263.79,181.09,304.76
259.15,100.71,340.31,255.29
1,1,171.81,64.379
317.9,273.84,512.67,371.23
273.07,222.83,359.63,266.88
294.71,111.53,376.64,164.86
286.98,273.07,449.29,371.23
447.75,24.96,512.67,88.34
110.75,310.94,252.97,371.23
288.53,95.296,360.41,157.13
218.96,80.61,259.15,140.12
128.53,270.75,266.88,322.53
355.77,212.78,453.93,283.11
1,273.84,144.76,315.58
124.67,101.48,208.14,258.38
209.69,128.53,252.2,283.89
241.38,261.47,348.81,333.35
192.68,66.698,317.9,119.26
256.84,100.71,340.31,259.15
1,238.29,203.5,307.07
198.09,41.192,512.67,155.58
1,18.004,218.96,76.746
273.84,224.37,373.55,273.84
297.03,157.13,457.02,198.09
1,239.06,185.73,290.07
1,115.39,188.82,302.44
400.6,132.4,475.57,237.51
459.34,226.69,512.67,290.07
319.44,198.87,419.92,243.7
209.69,222.83,330.26,341.08
160.99,80.61,219.74,275.39
235.19,8.7292,412.96,102.25
1,304.76,320.21,371.23
75.2,1,313.26,64.379
288.53,103.8,393.64,175.68
320.99,147.08,456.25,194.23
266.11,203.5,410.65,266.11
372.77,92.977,447.75,145.54
1,97.615,63.606,201.19
18.004,1,113.85,48.148
300.12,265.34,512.67,308.62
260.7,1,512.67,92.204
470.93,75.973,512.67,146.31
218.96,89.112,264.56,287.75
241.38,270.75,351.9,333.35
266.88,265.34,512.67,371.23
290.84,61.288,512.67,155.58
261.47,180.32,309.39,255.29
1,235.97,266.88,340.31
34.235,239.83,168.72,291.62
65.152,259.93,204.28,322.53
273.84,226.69,324.08,266.88
400.6,77.519,512.67,232.88
89.112,1,409.1,70.562
454.7,89.885,512.67,283.89
302.44,105.34,366.59,174.13
1,88.34,140.12,140.12
1,97.615,59.742,201.19
273.84,194.23,409.1,266.88
341.08,95.296,395.19,139.35
271.52,168.72,416.83,209.69
1,232.88,218.19,371.23
132.4,2.5458,467.84,92.977
1,1,200.41,88.34
1,330.26,130.08,371.23
358.86,111.53,431.51,162.54
111.53,75.2,291.62,347.27
1,1,274.61,64.379
470.93,74.427,512.67,146.31
113.07,112.3,188.82,252.2
1,35.781,218.96,76.746
438.47,208.14,480.21,250.65
447.75,24.96,512.67,107.66
46.602,58.969,189.59,109.21
209.69,128.53,249.88,283.89
286.98,273.07,473.25,371.23
218.96,152.49,291.62,287.75
280.02,168.72,334.9,214.33
1,1,163.31,96.069
429.2,80.61,474.03,150.17
1,241.38,168.72,291.62
245.24,2.5458,355,62.833
276.16,130.08,457.79,232.1
1,101.48,106.12,280.8
1,292.39,79.065,340.31
394.41,212.01,448.52,254.52
453.93,308.62,512.67,351.9
17.231,1,200.41,88.34
283.11,98.388,395.19,178
218.96,96.069,264.56,287.75
297.03,162.54,458.57,209.69
287.75,143.99,447.75,206.6
167.18,80.61,219.74,275.39
374.32,85.248,470.93,155.58
303.21,96.069,395.19,157.13
24.188,86.794,185.73,133.17
202.73,1,307.85,47.375
447.75,99.16,500.3,279.25
284.66,263.02,512.67,314.03
82.929,8.7292,215.87,62.833
290.84,96.069,395.19,175.68
79.065,1,274.61,64.379
385.14,1,512.67,75.973
245.24,2.5458,355,70.562
90.658,1,274.61,89.112
90.658,1,336.45,133.94
21.096,1,140.9,48.148
1,61.288,228.24,164.09
295.48,212.78,512.67,307.85
443.11,76.746,509.58,279.25
113.07,115.39,186.5,222.05
459.34,99.16,499.53,279.25
261.47,108.44,474.8,286.21
208.91,75.2,264.56,127.76
416.06,130.85,475.57,237.51
1,232.88,189.59,303.21
273.07,198.87,445.43,277.7
195.78,78.292,265.34,283.89
443.11,76.746,509.58,242.15
346.49,88.34,447.75,145.54
399.05,147.08,457.02,190.36
248.33,96.069,299.35,252.97
290.84,8.7292,412.96,52.785
259.15,95.296,395.19,151.72
454.7,168.72,497.99,283.89
241.38,269.98,348.81,327.17
1,241.38,188.82,301.66
438.47,79.065,480.21,250.65
448.52,75.973,512.67,144.76
438.47,79.065,497.99,250.65
447.75,76.746,512.67,290.07
419.15,215.1,479.44,280.02
448.52,77.519,494.12,144.76
1,295.48,223.6,371.23
103.03,240.6,266.88,322.53
28.052,295.48,228.24,371.23
284.66,177.22,328.72,243.7
433.83,229.78,497.99,290.84
164.09,34.235,333.35,127.76
317.12,204.28,483.3,290.84
1,43.51,103.8,91.431
341.86,162.54,447.75,206.6
302.44,111.53,354.22,157.13
235.19,8.7292,412.96,112.3
334.9,195,457.02,240.6
392.87,1,512.67,73.654
433.83,246.79,496.44,291.62
285.43,195,458.57,273.84
294.71,106.12,393.64,178
1,271.52,180.32,371.23
429.2,79.838,471.71,134.71
423.01,215.1,479.44,280.02
303.21,213.55,378.18,269.2
297.03,103.8,378.96,161.77
430.74,18.004,512.67,78.292
420.69,81.383,475.57,232.88
286.98,273.07,512.67,371.23
17.231,1,220.51,74.427
30.371,311.71,180.32,371.23
284.66,263.02,512.67,317.12
303.21,95.296,395.19,151.72
334.9,195.78,430.74,236.74
283.11,98.388,396.73,202.73
454.7,250.65,496.44,291.62
338.76,231.33,419.15,272.29
147.08,79.065,228.24,288.53
443.11,76.746,509.58,161.77
303.21,96.069,360.41,144.76
301.66,273.84,512.67,371.23
264.56,111.53,310.17,157.13
1,83.702,194.23,276.16
400.6,146.31,475.57,237.51
322.53,195.78,419.92,243.7
324.85,203.5,406.78,244.47
302.44,105.34,393.64,174.13
103.03,259.93,212.01,310.94
271.52,34.235,336.45,74.427
184.95,128.53,354.22,341.08
128.53,119.26,184.95,162.54
209.69,128.53,330.26,341.08
256.84,108.44,474.8,286.21
324.85,204.28,372.77,244.47
329.49,212.78,453.93,283.11
167.18,80.61,223.6,275.39
1,97.615,65.152,141.67
1,232.88,89.112,283.89
77.519,307.85,194.23,358.86
1,111.53,184.95,288.53
433.83,124.67,477.89,242.15
260.7,181.09,311.71,255.29
248.33,96.069,307.07,269.2
1,111.53,72.108,156.36
1,1,140.9,110.75
172.59,79.065,228.24,288.53
70.562,259.93,204.28,322.53
273.07,216.64,445.43,277.7
324.85,203.5,392.87,244.47
288.53,100.71,337.99,141.67
378.96,88.34,466.3,144.76
430.74,28.052,490.26,73.654
303.21,96.069,360.41,147.08
391.32,178.77,458.57,222.05
99.16,1,313.26,69.79
1,91.431,188.82,295.48
111.53,274.61,264.56,347.27
319.44,202.73,364.27,243.7
365.82,79.838,471.71,144.76
1,112.3,190.36,303.21
241.38,270.75,327.17,334.9
329.49,212.01,474.8,286.21
313.26,282.34,371.23,334.9
103.03,240.6,224.37,310.94
259.93,111.53,313.26,255.29
317.12,216.64,445.43,273.84
245.24,28.825,365.04,70.562
1,103.03,59.742,201.19
354.22,93.75,407.55,142.44
459.34,99.16,500.3,279.25
290.07,191.91,367.36,232.1
35.781,239.06,185.73,287.75
283.11,98.388,393.64,176.45
412.19,218.96,512.67,308.62
1,46.602,220.51,281.57
232.88,9.5021,392.1,55.877
320.99,1,480.21,43.51
402.14,289.3,473.25,331.81
281.57,134.71,341.86,248.33
52.785,110.75,194.23,276.16
103.03,268.43,218.19,318.67
257.61,100.71,342.63,257.61
412.19,218.96,512.67,314.03
241.38,269.98,348.81,333.35
302.44,111.53,366.59,157.13
1,1,188.05,107.66
1,143.22,106.12,280.8
260.7,181.09,322.53,262.25
344.95,147.08,457.02,220.51
1,271.52,180.32,347.27
210.46,113.07,260.7,287.75
259.93,111.53,430.74,269.2
297.03,183.41,393.64,248.33
276.16,130.08,457.79,204.28
31.144,123.12,80.61,165.63
264.56,106.89,310.17,157.13
430.74,1,512.67,78.292
255.29,89.112,393.64,178
317.12,211.23,445.43,277.7
334.9,198.87,419.92,239.83
341.08,102.25,395.19,157.13
317.9,273.84,393.64,340.31
447.75,28.052,512.67,107.66
1,80.61,185.73,156.36
208.91,62.06,304.76,127.76
77.519,265.34,316.35,371.23
259.93,111.53,314.03,200.41
212.78,312.49,316.35,358.86
1,99.16,185.73,156.36
377.41,80.61,474.03,155.58
17.231,1,140.9,48.148
284.66,177.22,408.33,248.33
423.01,215.1,479.44,262.25
1,269.2,180.32,341.08
212.78,312.49,316.35,371.23
96.842,304.76,317.12,371.23
347.27,92.977,426.1,163.31
285.43,213.55,378.18,273.84
82.156,302.44,315.58,371.23
1,42.738,163.31,96.069
297.03,183.41,384.37,248.33
245.24,8.7292,409.1,70.562
329.49,212.78,474.8,286.21
288.53,134.71,341.86,248.33
1,116.16,188.82,302.44
283.11,98.388,393.64,178
320.99,1,432.29,43.51
209.69,129.3,252.2,283.89
297.8,100.71,342.63,145.54
319.44,198.87,440.79,243.7
281.57,172.59,408.33,248.33
374.32,85.248,455.48,155.58
434.61,79.065,479.44,132.4
258.38,8.7292,412.96,102.25
261.47,181.09,304.76,256.06
454.7,250.65,496.44,290.84
290.07,171.04,353.45,232.1
195.78,78.292,259.15,218.96
1,286.98,152.49,340.31
209.69,263.02,402.92,355.77
249.11,86.794,349.59,126.99
301.66,324.08,387.46,371.23
172.59,265.34,312.49,313.26
24.96,235.19,147.85,283.11
29.598,115.39,72.108,156.36
423.01,215.1,479.44,275.39
1,1,128.53,62.833
425.33,217.42,467.84,271.52
147.08,110.75,205.82,259.15
1,317.12,130.08,371.23
127.76,115.39,186.5,222.05
289.3,61.288,512.67,104.57
354.22,102.25,397.51,148.63
208.91,75.2,291.62,287.75
329.49,212.78,467.84,283.11
255.29,89.112,395.19,178
252.97,259.93,320.99,303.21
297.03,183.41,342.63,248.33
208.91,75.2,264.56,228.24
284.66,177.22,342.63,248.33
259.93,106.89,307.85,201.96
388.23,102.25,447.75,143.22
260.7,174.91,364.27,266.88
374.32,83.702,470.93,155.58
264.56,108.44,307.85,180.32
21.096,85.248,192.68,130.08
449.29,62.06,512.67,107.66
447.75,24.96,512.67,67.471
1,72.108,188.05,113.07
290.84,101.48,418.38,178
287.75,147.85,396.73,197.32
303.98,95.296,360.41,157.13
103.03,268.43,224.37,318.67
401.37,178,458.57,220.51
28.825,330.26,95.296,371.23
50.467,48.921,228.24,164.09
28.825,232.88,185.73,282.34
377.41,89.112,451.61,155.58
433.83,229.78,491.03,275.39
283.11,102.25,393.64,175.68
1,35.781,208.14,83.702
355.77,220.51,419.15,272.29
276.16,130.08,457.02,195.78
126.21,112.3,188.82,252.2
1,103.03,63.606,201.19
112.3,35.008,220.51,76.746
1,110.75,194.23,291.62
334.9,195.78,430.74,240.6
302.44,280.02,363.5,327.17
259.93,106.89,307.85,152.49
77.519,317.9,144.76,358.86
286.98,280.02,398.28,341.08
1,286.21,160.22,371.23
320.99,23.415,415.28,74.427
126.21,112.3,190.36,252.2
134.71,265.34,312.49,327.17
82.156,295.48,223.6,350.36
160.99,80.61,260.7,287.75
198.87,25.733,358.09,115.39
65.152,256.06,269.2,371.23
97.615,310.94,316.35,371.23
259.93,111.53,313.26,217.42
286.21,44.283,399.05,92.204
280.8,95.296,457.02,175.68
28.825,232.88,147.85,282.34
1,87.567,194.23,291.62
273.07,224.37,373.55,273.84
90.658,35.008,220.51,76.746
320.99,1,480.21,76.746
355,130.08,475.57,237.51
1,192.68,192.68,291.62
286.98,273.07,398.28,341.08
192.68,77.519,290.07,119.26
192.68,66.698,317.9,133.94
1,256.06,269.2,371.23
288.53,134.71,341.86,242.92
1,1,113.85,50.467
449.29,99.16,500.3,279.25
264.56,106.89,310.17,189.59
348.81,216.64,445.43,258.38
303.98,266.88,512.67,371.23
285.43,195,457.02,273.84
297.03,100.71,340.31,143.22
117.71,117.71,188.05,249.11
388.23,102.25,447.75,144.76
103.03,277.7,215.1,318.67
103.03,80.61,264.56,318.67
110.75,310.94,316.35,371.23
195.78,78.292,259.15,283.89
259.93,115.39,307.85,181.09
1,192.68,190.36,291.62
55.104,61.288,186.5,106.89
287.75,98.388,393.64,176.45
266.11,203.5,323.31,263.02
1,1,140.9,49.694
259.93,111.53,313.26,189.59
374.32,88.34,455.48,155.58
125.44,269.2,236.74,309.39
264.56,108.44,307.85,179.54
30.371,314.03,160.99,371.23
1,35.781,203.5,76.746
99.16,1,313.26,64.379
287.75,98.388,376.64,176.45
99.16,302.44,256.06,371.23
28.825,331.04,95.296,371.23
288.53,103.8,378.96,175.68
412.19,247.56,512.67,308.62
108.44,25.733,358.09,115.39
52.785,115.39,188.82,276.16
1,269.2,208.91,341.08
296.25,194.23,409.1,248.33
89.112,26.506,232.88,69.79
303.98,214.33,512.67,307.07
126.21,112.3,186.5,222.05
35.781,241.38,168.72,282.34
290.84,95.296,395.19,175.68
416.06,217.42,467.84,271.52
259.93,111.53,303.21,152.49
164.09,67.471,249.11,119.26
400.6,81.383,475.57,232.88
1,310.17,150.95,371.23
412.19,79.065,479.44,132.4
1,97.615,106.12,280.8
273.07,212.01,448.52,272.29
18.004,1,171.81,64.379
113.07,269.2,236.74,314.03
266.88,114.62,307.85,179.54
55.104,61.288,185.73,106.89
276.16,138.58,321.76,195.78
385.14,92.204,466.3,144.76
348.81,216.64,445.43,277.7
264.56,312.49,379.73,371.23
259.93,111.53,313.26,181.09
300.89,191.91,367.36,232.1
52.013,47.375,200.41,88.34
287.75,103.8,376.64,176.45
259.93,106.89,316.35,256.06
385.14,92.204,447.75,144.76
400.6,222.05,474.8,286.21
294.71,111.53,349.59,157.13
79.065,1,274.61,76.746
103.03,80.61,224.37,318.67
316.35,162.54,447.75,206.6
103.03,259.93,205.82,302.44
30.371,281.57,212.01,371.23
356.54,111.53,431.51,162.54
112.3,58.196,228.24,164.09
113.07,269.2,208.91,314.03
140.9,295.48,225.15,335.67
1,286.21,160.22,340.31
209.69,263.02,330.26,341.08
346.49,83.702,460.89,162.54
18.004,101.48,65.152,141.67
134.71,235.19,218.19,302.44
392.87,14.913,461.66,73.654
264.56,108.44,307.85,188.05
300.89,191.91,355.77,232.1
160.99,110.75,209.69,258.38
363.5,84.475,468.61,154.81
276.16,138.58,321.76,179.54
402.14,290.07,473.25,331.81
317.12,224.37,373.55,273.84
18.004,101.48,80.61,165.63
208.91,72.881,249.11,119.26
23.415,1,171.81,64.379
82.156,309.39,166.4,350.36
77.519,307.85,316.35,371.23
286.21,23.415,415.28,92.204
115.39,295.48,225.15,350.36
77.519,1,167.18,43.51
208.91,1,320.21,44.283
288.53,134.71,341.86,175.68
134.71,232.88,218.19,302.44
304.76,280.02,398.28,341.08
198.87,43.51,351.9,115.39
215.1,315.58,315.58,358.86
77.519,317.9,154.81,371.23
376.64,212.78,448.52,254.52
1,87.567,186.5,133.94
378.96,287.75,449.29,371.23
261.47,177.22,316.35,256.06
412.19,83.702,460.89,154.81
341.08,95.296,395.19,151.72
297.03,178.77,408.33,232.1
28.825,239.83,75.2,282.34
259.15,106.89,316.35,256.06
1,38.1,196.55,83.702
249.88,265.34,312.49,313.26
12.594,330.26,95.296,371.23
82.156,309.39,167.95,350.36
1,1,200.41,106.89
370.45,287.75,449.29,371.23
429.2,79.838,471.71,126.21
1,247.56,168.72,291.62
388.23,103.03,443.11,143.22
77.519,317.9,176.45,358.86
207.37,256.06,260.7,304.76
130.85,269.2,205.05,309.39
147.08,192.68,188.82,252.97
346.49,83.702,460.89,154.81
77.519,256.06,269.2,371.23
320.99,8.7292,412.96,52.785
1,294.71,103.03,340.31
320.99,1,428.42,43.51
81.383,232.88,218.19,302.44
90.658,23.415,252.2,89.112
118.48,256.06,260.7,325.62
195.78,78.292,259.15,214.33
90.658,31.917,220.51,76.746
259.93,111.53,307.85,152.49
1,271.52,180.32,341.08
28.825,232.88,89.112,282.34
134.71,259.93,218.19,302.44
1,97.615,80.61,165.63
147.08,192.68,190.36,255.29
303.21,8.7292,412.96,52.785
90.658,23.415,201.19,70.562
240.6,48.921,320.21,91.431
297.03,183.41,353.45,228.24
1,43.51,71.335,83.702
235.19,48.921,320.21,91.431
308.62,96.069,360.41,144.76
260.7,181.09,311.71,233.65
400.6,222.05,457.02,283.11
1,90.658,186.5,133.94
241.38,265.34,348.81,333.35
35.008,47.375,200.41,88.34
365.04,212.01,448.52,259.15
211.23,232.88,260.7,287.75
209.69,263.02,325.62,329.49
262.25,111.53,313.26,153.26
375.09,88.34,443.11,143.22
205.05,34.235,336.45,82.156
35.781,247.56,168.72,287.75
376.64,212.78,437.7,254.52
164.09,67.471,249.11,127.76
425.33,222.05,467.84,271.52
338.76,212.01,448.52,272.29
1,249.11,133.94,291.62
101.48,192.68,188.82,265.34
104.57,310.94,316.35,371.23
117.71,117.71,188.05,248.33
1,294.71,121.58,340.31
375.86,92.977,447.75,144.76
294.71,103.8,376.64,166.4
304.76,280.8,398.28,341.08
266.11,203.5,376.64,266.11
143.99,259.93,218.19,302.44
375.09,88.34,457.02,154.81
1,97.615,62.06,141.67
375.09,88.34,443.11,144.76
241.38,269.98,312.49,327.17
294.71,111.53,376.64,166.4
117.71,117.71,184.95,162.54
241.38,269.98,312.49,318.67
1,294.71,79.065,340.31
223.6,96.069,264.56,161.77
