1,1,230.6,325.8
207.4,1,512.2,384.2
1,1,228.2,332.2
76.2,1,360.2,246.6
309,232.2,512.2,352.2
1,1,512.2,384.2
202.6,1,354.6,97.8
155.4,181.8,229.8,317.8
1,1,512.2,352.2
231.4,1,349.8,179.4
317.8,1,512.2,235.4
45,1,300.2,384.2
424.2,1,512.2,217.8
1,1,307.4,384.2
273,179.4,512.2,384.2
76.2,53.8,267.4,246.6
1,316.2,256.2,384.2
96.2,56.2,290.6,192.2
152.2,1,304.2,384.2
162.6,1,238.6,84.2
345,148.2,396.2,228.2
165.8,28.2,243.4,153
1,1,300.2,384.2
213,88.2,360.2,384.2
316.2,295.4,370.6,384.2
248.2,45.8,293.8,166.6
213,1,512.2,384.2
352.2,1,458.6,235.4
242.6,1,296.2,159.4
354.6,295.4,420.2,384.2
1,308.2,266.6,384.2
156.2,181,301,384.2
349,1,512.2,384.2
273,1,512.2,384.2
76.2,1,294.6,302.6
277,1,512.2,352.2
76.2,1,349.8,325.8
165,1,512.2,384.2
348.2,1,512.2,384.2
1,1,360.2,384.2
277,98.6,512.2,352.2
202.6,1,360.2,153
333.8,273,512.2,384.2
277.8,93.8,368.2,269
419.4,296.2,461.8,344.2
207.4,1,389.8,384.2
1,1,304.2,384.2
349,245.8,451.4,301.8
183.4,1,287.4,106.6
412.2,1,512.2,384.2
213,88.2,512.2,384.2
153,53.8,267.4,246.6
284.2,1,357,139.4
300.2,161.8,512.2,384.2
155.4,17.8,220.2,84.2
309,123.4,512.2,352.2
121,181.8,257.8,323.4
165,1,381.8,269
96.2,56.2,301,277
277.8,184.2,512.2,384.2
1,263.4,512.2,384.2
1,1,301,384.2
89,127.4,151.4,172.2
253,39.4,304.2,108.2
309,124.2,349.8,261.8
81,1,363.4,277
157.8,61.8,205,144.2
88.2,1,237.8,172.2
1,1,363.4,325
157.8,33.8,214.6,88.2
409.8,184.2,512.2,384.2
85,69,164.2,129.8
353.8,273,512.2,384.2
154.6,154.6,300.2,384.2
1,1,181.8,325.8
412.2,234.6,512.2,384.2
113,178.6,229.8,317.8
227.4,102.6,279.4,152.2
81,1,363.4,165.8
333,226.6,485.8,301.8
401.8,184.2,512.2,384.2
1,1,349.8,384.2
277.8,259.4,389.8,384.2
277.8,259.4,389.8,333
460.2,233.8,512.2,332.2
213,1,356.2,161.8
333.8,296.2,404.2,384.2
416.2,273.8,512.2,367.4
242.6,1,349.8,269
1,181,301,384.2
253,1,363.4,160.2
160.2,82.6,261.8,189.8
333,227.4,485.8,271.4
277.8,1,512.2,384.2
273,248.2,456.2,384.2
93.8,1,360.2,165.8
64.2,40.2,265,323.4
242.6,1,349.8,325.8
242.6,1,349.8,166.6
353.8,1,512.2,384.2
76.2,1,355.4,235.4
165,1,452.2,384.2
305,1,356.2,61
1,178.6,300.2,384.2
242.6,1,331.4,384.2
164.2,1,288.2,139.4
1,260.2,300.2,384.2
88.2,1,238.6,161.8
1,1,259.4,345.8
345,211.4,499.4,267.4
129,149.8,254.6,192.2
1,1,227.4,333
220.2,154.6,291.4,223.4
140.2,1,214.6,90.6
93.8,81.8,148.2,130.6
1,301,333,384.2
277.8,93.8,495.4,274.6
207.4,1,335.4,384.2
154.6,37.8,297.8,384.2
213,85,289,160.2
164.2,165,264.2,224.2
88.2,77.8,164.2,172.2
220.2,116.2,293,229.8
309.8,1,512.2,264.2
160.2,102.6,261.8,189.8
452.2,1,512.2,125.8
98.6,77.8,164.2,136.2
433.8,1,512.2,203.4
221,237.8,297.8,384.2
88.2,40.2,213.8,161.8
76.2,150.6,175.4,192.2
301.8,51.4,349.8,142.6
305,40.2,354.6,86.6
334.6,285,403.4,326.6
409.8,183.4,512.2,366.6
404.2,290.6,492.2,360.2
288.2,62.6,342.6,137.8
1,1,369,384.2
417,1,512.2,235.4
137,19.4,220.2,100.2
141,181.8,263.4,326.6
1,1,262.6,345.8
177,188.2,292.2,277
153,57,229,163.4
242.6,1,325,273
113,178.6,230.6,324.2
96.2,62.6,290.6,192.2
153,168.2,266.6,269
242.6,1,310.6,173.8
1,1,218.6,192.2
305.8,1,356.2,54.6
261,253.8,301,373.8
203.4,212.2,259.4,268.2
174.6,59.4,241,135.4
310.6,141,485.8,275.4
426.6,1,512.2,205
153,57,232.2,163.4
139.4,1,287.4,179.4
207.4,1,485.8,384.2
231.4,1,349.8,173.8
93.8,1,238.6,165.8
1,150.6,300.2,384.2
349,294.6,422.6,384.2
355.4,1,458.6,156.2
164.2,1,288.2,152.2
313.8,205.8,399.4,263.4
273,322.6,338.6,384.2
248.2,45.8,293.8,156.2
413.8,245,512.2,365.8
254.6,55.4,307.4,110.6
65,1,227.4,277.8
1,181.8,263.4,342.6
312.2,1,356.2,85
310.6,1,356.2,110.6
355.4,1,460.2,156.2
1,1,228.2,325.8
163.4,133.8,300.2,384.2
1,69.8,136.2,321.8
277.8,246.6,452.2,384.2
154.6,121,369,384.2
429,1,512.2,111.4
88.2,77.8,164.2,129.8
242.6,1,295.4,159.4
352.2,1,512.2,222.6
135.4,1,214.6,90.6
425,163.4,497,227.4
172.2,141.8,301,277
76.2,133.8,264.2,327.4
174.6,31.4,243.4,135.4
404.2,290.6,512.2,377.8
149.8,149.8,267.4,269
99.4,1,217,104.2
425,188.2,512.2,245
355.4,179.4,512.2,246.6
93.8,1,307.4,384.2
1,121,160.2,322.6
353.8,1,512.2,232.2
153,1,363.4,160.2
157,117.8,241,164.2
220.2,116.2,301.8,229.8
161,154.6,294.6,275.4
139.4,1,237.8,93.8
93.8,1,226.6,130.6
220.2,116.2,301.8,327.4
290.6,319.4,333,384.2
349,268.2,512.2,384.2
357.8,137,437.8,222.6
423.4,188.2,512.2,266.6
305,1,360.2,153
153,1,302.6,84.2
91.4,56.2,301,277
1,1,209,325.8
306.6,1,356.2,115.4
345,132.2,499.4,297.8
249.8,42.6,295.4,159.4
309.8,105.8,448.2,264.2
301.8,44.2,349.8,142.6
455.4,272.2,512.2,352.2
306.6,291.4,352.2,384.2
300.2,77,368.2,280.2
162.6,1,355.4,179.4
148.2,1,226.6,85.8
444.2,341.8,512.2,384.2
76.2,1,360.2,262.6
97,173.8,230.6,324.2
343.4,245.8,451.4,304.2
1,1,360.2,325.8
76.2,113,281,210.6
275.4,246.6,452.2,384.2
317,294.6,357,335.4
357.8,290.6,462.6,384.2
273.8,161.8,512.2,384.2
221,241,297.8,384.2
414.6,296.2,459.4,384.2
418.6,188.2,512.2,271.4
273,290.6,406.6,384.2
273,295.4,370.6,384.2
76.2,159.4,224.2,249
102.6,138.6,169.8,189
418.6,188.2,512.2,266.6
57,128.2,154.6,192.2
217,55.4,307.4,110.6
146.6,154.6,294.6,302.6
309,232.2,451.4,320.2
306.6,1,355.4,139.4
152.2,26.6,225,157
355.4,1,512.2,217.8
117.8,57,229,249
161.8,6.6,219.4,73
92.2,1,236.2,130.6
76.2,113,252.2,210.6
164.2,1,288.2,153
135.4,1,237,90.6
1,1,227.4,325.8
144.2,18.6,220.2,93.8
76.2,1,360.2,235.4
68.2,65,145.8,170.6
93.8,1,237,130.6
76.2,59.4,255.4,235.4
355.4,1,460.2,232.2
88.2,1,238.6,165.8
277.8,80.2,352.2,161.8
1,154.6,300.2,384.2
148.2,1,237,85.8
418.6,188.2,512.2,245
1,1,136.2,144.2
309,188.2,512.2,352.2
213,1,495.4,274.6
410.6,188.2,512.2,312.2
300.2,77,383.4,280.2
353,121,448.2,225.8
155.4,181,229.8,257.8
165,113.8,249.8,156.2
273,246.6,452.2,384.2
277.8,1,389.8,384.2
129,62.6,290.6,192.2
309.8,233.8,386.6,384.2
352.2,290.6,406.6,384.2
98.6,77.8,164.2,172.2
297,1,356.2,98.6
134.6,32.2,222.6,161.8
136.2,1,225.8,99.4
134.6,37,213.8,164.2
216.2,24.2,305,73.8
154.6,152.2,300.2,384.2
130.6,20.2,221,131.4
242.6,1,292.2,61.8
154.6,17.8,206.6,77
1,325,249,384.2
445,201,512.2,245
345,1,512.2,297.8
279.4,319.4,333,384.2
146.6,154.6,294.6,301
202.6,1,307.4,110.6
197,47.4,241.8,94.6
285.8,114.6,485.8,274.6
1,1,265,325
151.4,157.8,261,277
160.2,94.6,241,163.4
155.4,1,226.6,84.2
192.2,287.4,300.2,384.2
133,27.4,221.8,165.8
133,43.4,209,165.8
92.2,1,236.2,165.8
414.6,296.2,512.2,384.2
356.2,232.2,470.6,293.8
256.2,263.4,512.2,384.2
92.2,1,226.6,130.6
415.4,234.6,512.2,352.2
150.6,148.2,249.8,235.4
159.4,26.6,225,88.2
68.2,33,179.4,209.8
136.2,20.2,221,109.8
139.4,1,225.8,93.8
154.6,94.6,267.4,246.6
277.8,93.8,326.6,269
65,145,207.4,240.2
193,223.4,259.4,324.2
435.4,1,512.2,198.6
213,85,495.4,274.6
410.6,188.2,512.2,254.6
284.2,1,357,123.4
1,69.8,262.6,329.8
144.2,1,238.6,165.8
142.6,1,187.4,90.6
155.4,181,230.6,324.2
137,181,301,384.2
360.2,1,445,156.2
423.4,188.2,512.2,265
159.4,45.8,285.8,165.8
221,141.8,301,200.2
432.2,233.8,512.2,332.2
242.6,1,335.4,384.2
207.4,88.2,275.4,147.4
242.6,1,301,63.4
273.8,233.8,451.4,384.2
1,1,259.4,333
409.8,183.4,512.2,384.2
309.8,232.2,512.2,335.4
333,228.2,485.8,271.4
415.4,234.6,512.2,366.6
213,1,485.8,384.2
352.2,1,512.2,384.2
133.8,62.6,197,141.8
160.2,93.8,261.8,189.8
81,89,146.6,165.8
246.6,157.8,291.4,219.4
154.6,3.4,219.4,77
136.2,53,196.2,109.8
348.2,247.4,462.6,301.8
242.6,1,349.8,156.2
220.2,116.2,301.8,354.6
250.6,108.2,290.6,159.4
348.2,1,461,233
409.8,237,512.2,366.6
348.2,247.4,448.2,301.8
165.8,1,287.4,153.8
117.8,1,307.4,384.2
283.4,1,357,139.4
349,1,512.2,232.2
286.6,113.8,326.6,269
419.4,296.2,512.2,377.8
133,1,219.4,97.8
181.8,59.4,255.4,121
445,234.6,485.8,275.4
93.8,1,237,121
202.6,1,354.6,110.6
219.4,91.4,279.4,152.2
139.4,1,287.4,285.8
221,88.2,275.4,130.6
379.4,161.8,512.2,274.6
76.2,113,294.6,302.6
154.6,181,230.6,324.2
237.8,221,292.2,327.4
136.2,1,288.2,152.2
1,1,226.6,332.2
157.8,27.4,221.8,88.2
421,184.2,512.2,241.8
309.8,233.8,386.6,311.4
202.6,1,305,89
1,1,264.2,352.2
273.8,233.8,386.6,384.2
313.8,259.4,400.2,305.8
88.2,1,288.2,301
1,121,369,384.2
345,132.2,504.2,297.8
306.6,291.4,352.2,371.4
286.6,1,329,57.8
1,325,256.2,384.2
225,25.8,289.8,72.2
88.2,1,237.8,131.4
277,98.6,474.6,329
277,248.2,456.2,384.2
419.4,296.2,509.8,369
429,300.2,509.8,369
409.8,296.2,512.2,384.2
207.4,88.2,278.6,153.8
309,1,355.4,138.6
193,91.4,287.4,158.6
68.2,65,145.8,180.2
313,285,354.6,384.2
1,69.8,136.2,325
309.8,98.6,355.4,154.6
153,45.8,297.8,384.2
98.6,77.8,164.2,129.8
258.6,121,369,384.2
153,1,302.6,153.8
435.4,50.6,512.2,198.6
163.4,152.2,265,224.2
129,242.6,257.8,323.4
202.6,1,305,73.8
365.8,232.2,451.4,292.2
136.2,1,217,93
177,141.8,301,277
1,121,226.6,332.2
237.8,177.8,292.2,327.4
183.4,81,228.2,121
163.4,152.2,293,224.2
309.8,136.2,368.2,256.2
289,93.8,360.2,262.6
153,57,267.4,246.6
349,273.8,512.2,384.2
353.8,1,448.2,232.2
157.8,20.2,220.2,82.6
29.8,229,79.4,299.4
133,1,217,97.8
162.6,8.2,237.8,84.2
165,1,236.2,77.8
65,1,207.4,240.2
1,308.2,265.8,384.2
309.8,136.2,351.4,256.2
410.6,161.8,512.2,312.2
1,1,136.2,128.2
73,1,145,149.8
1,217.8,60.2,325.8
165,1,310.6,173.8
93.8,1,214.6,130.6
1,1,137,173
273,114.6,485.8,384.2
309.8,135.4,349.8,260.2
250.6,80.2,352.2,161.8
360.2,1,448.2,164.2
213,88.2,285,160.2
401.8,1,512.2,384.2
353,1,458.6,225.8
156.2,181,229.8,254.6
213,85,280.2,153.8
128.2,1,225,109
248.2,153,291.4,242.6
354.6,224.2,499.4,265
162.6,1,287.4,153.8
129,182.6,213.8,323.4
273,135.4,512.2,384.2
449,234.6,512.2,352.2
416.2,268.2,512.2,367.4
353,1,512.2,232.2
300.2,285,352.2,384.2
130.6,18.6,221,131.4
355.4,1,458.6,232.2
277.8,179.4,512.2,366.6
85,18.6,221,131.4
309.8,98.6,352.2,154.6
289,93.8,355.4,262.6
301.8,85,368.2,280.2
136.2,1,237.8,99.4
207.4,88.2,279.4,153.8
309.8,161.8,512.2,335.4
201,197.8,292.2,277
221,157.8,291.4,223.4
174.6,192.2,261,277
136.2,18.6,219.4,99.4
286.6,1,344.2,191.4
423.4,194.6,512.2,265
213,88.2,360.2,262.6
101.8,183.4,225,322.6
242.6,1,310.6,166.6
57,1,218.6,192.2
306.6,1,356.2,123.4
140.2,1,192.2,83.4
210.6,37.8,285.8,93.8
309.8,225,485.8,274.6
1,133.8,264.2,352.2
359.4,105.8,419.4,207.4
242.6,1,313.8,273
286.6,1,381.8,269
309.8,232.2,451.4,335.4
289,1,354.6,97.8
309,247.4,400.2,320.2
93.8,1,238.6,130.6
377,228.2,479.4,274.6
88.2,1,219.4,129.8
357.8,137,437.8,224.2
357.8,1,458.6,224.2
161,154.6,294.6,209.8
1,69.8,195.4,329.8
159.4,8.2,237,88.2
309.8,135.4,485.8,275.4
1,309,269,350.6
45,133.8,300.2,384.2
186.6,88.2,279.4,152.2
227.4,224.2,290.6,265
162.6,8.2,237,84.2
157.8,32.2,221,144.2
88.2,40.2,213.8,172.2
297,1,345.8,98.6
253,65.8,304.2,108.2
333,226.6,485.8,271.4
349,290.6,462.6,384.2
81,1,225,165.8
413.8,184.2,512.2,365.8
237.8,229,291.4,280.2
76.2,1,304.2,384.2
99.4,1,205,104.2
165.8,43.4,239.4,153
360.2,228.2,469.8,275.4
285.8,114.6,351.4,269.8
355.4,179.4,512.2,267.4
257,263.4,352.2,384.2
343.4,228.2,485.8,275.4
227.4,223.4,300.2,384.2
1,1,262.6,329.8
248.2,153,291.4,245
377,95.4,441.8,161.8
301.8,85,342.6,137.8
248.2,198.6,291.4,249.8
153,1,214.6,45.8
330.6,123.4,512.2,235.4
277.8,93.8,352.2,269
322.6,260.2,386.6,301
277,98.6,351.4,329
256.2,263.4,360.2,384.2
291.4,121,349.8,269
367.4,95.4,441.8,161.8
149.8,1,304.2,384.2
427.4,1,512.2,208.2
355.4,137,437.8,232.2
166.6,43.4,228.2,142.6
233,341,273,384.2
273,290.6,512.2,384.2
306.6,61.8,352.2,138.6
163.4,152.2,293,265
159.4,45.8,285.8,247.4
354.6,211.4,499.4,267.4
150.6,42.6,216.2,161.8
151.4,150.6,249.8,195.4
1,1,154.6,192.2
121,181.8,265,323.4
65,145,227.4,277.8
353.8,184.2,512.2,384.2
216.2,37.8,285.8,89
242.6,1,325,373.8
68.2,43.4,209,209.8
129,181.8,262.6,324.2
84.2,133.8,147.4,173.8
154.6,152.2,293,272.2
413,293,461.8,384.2
300.2,1,383.4,280.2
150.6,8.2,238.6,161.8
164.2,3.4,219.4,73
157.8,301,333,384.2
135.4,1,190.6,90.6
423.4,184.2,512.2,309
410.6,183.4,512.2,246.6
433.8,100.2,508.2,203.4
304.2,121,368.2,280.2
306.6,1,357,123.4
165,91.4,287.4,158.6
277.8,230.6,512.2,366.6
130.6,1,237.8,131.4
310.6,1,356.2,114.6
465,253.8,512.2,352.2
353,1,458.6,232.2
336.2,263.4,400.2,305.8
64.2,170.6,162.6,264.2
57,321,265.8,384.2
137,181.8,259.4,324.2
257,277,297.8,361.8
102.6,113,252.2,210.6
64.2,40.2,213.8,208.2
409.8,1,512.2,384.2
221,157.8,291.4,219.4
317.8,1,458.6,224.2
418.6,188.2,512.2,267.4
113,178.6,264.2,327.4
1,1,147.4,192.2
140.2,1,190.6,90.6
213,85,288.2,153.8
298.6,325.8,338.6,384.2
1,217.8,52.2,325
141,258.6,263.4,326.6
148.2,6.6,217.8,85.8
219.4,91.4,287.4,158.6
213,65.8,278.6,153.8
429,300.2,488.2,360.2
425,1,512.2,198.6
159.4,45.8,291.4,253
445.8,100.2,508.2,187.4
461.8,161.8,512.2,208.2
64.2,287.4,300.2,384.2
415.4,273,512.2,366.6
445,199.4,512.2,245
79.4,33,139.4,139.4
356.2,1,458.6,235.4
466.6,233.8,512.2,312.2
160.2,132.2,261.8,189.8
345,211.4,499.4,297.8
162.6,1,349.8,179.4
353,121,443.4,225.8
242.6,1,301,109
1,53,52.2,192.2
465,81,512.2,136.2
153,1,214.6,45
353.8,295.4,512.2,384.2
438.6,188.2,512.2,245
206.6,48.2,284.2,93.8
349,305,418.6,384.2
282.6,262.6,322.6,329
202.6,1,301,68.2
208.2,192.2,291.4,280.2
423.4,188.2,512.2,254.6
161.8,164.2,267.4,246.6
102.6,113,249.8,193.8
161.8,172.2,266.6,269
415.4,273,512.2,361.8
353,105.8,448.2,225.8
250.6,1,352.2,161.8
213,88.2,289,160.2
309.8,135.4,349.8,261
420.2,1,461,228.2
256.2,263.4,352.2,384.2
297,1,363.4,160.2
432.2,233.8,512.2,312.2
345.8,228.2,479.4,274.6
128.2,29.8,168.2,109
309,1,355.4,139.4
153,37.8,297.8,384.2
229.8,301,297.8,361.8
277,136.2,351.4,329
152.2,117.8,241,164.2
151.4,150.6,259.4,272.2
277.8,230.6,452.2,331.4
360.2,228.2,485.8,275.4
153,1,219.4,45.8
356.2,1,512.2,222.6
152.2,4.2,218.6,85
140.2,1,214.6,83.4
286.6,1,349.8,191.4
85,71.4,164.2,129.8
186.6,91.4,279.4,152.2
289,1,334.6,92.2
460.2,233.8,512.2,324.2
353.8,293.8,423.4,384.2
213.8,89,285,160.2
136.2,3.4,219.4,99.4
207.4,88.2,275.4,153.8
133,32.2,221,165.8
416.2,132.2,477.8,239.4
237.8,229,292.2,327.4
128.2,1,226.6,109
159.4,28.2,221,88.2
305,1,357,138.6
282.6,157,333,384.2
221,237.8,301,384.2
237.8,229,292.2,280.2
162.6,8.2,238.6,84.2
190.6,257.8,264.2,327.4
1,1,147.4,325
360.2,1,458.6,161.8
1,329.8,242.6,384.2
231.4,116.2,301.8,159.4
89,77.8,164.2,172.2
234.6,107.4,278.6,153
92.2,59.4,255.4,235.4
253,37.8,304.2,108.2
246.6,157.8,291.4,223.4
166.6,8.2,213.8,63.4
154.6,149.8,267.4,246.6
231.4,1,342.6,173.8
286.6,85,330.6,173.8
248.2,26.6,310.6,166.6
305,1,356.2,85
162.6,188.2,216.2,241.8
169,62.6,247.4,161.8
92.2,103.4,193,179.4
68.2,1,209,209.8
358.6,305.8,418.6,384.2
157.8,1,238.6,88.2
289,322.6,331.4,384.2
326.6,269.8,418.6,312.2
225,45.8,285.8,89
154.6,37.8,293,223.4
245,263.4,300.2,384.2
249,157.8,291.4,219.4
208.2,192.2,297.8,384.2
141,75.4,195.4,165.8
348.2,1,458.6,233
284.2,121,369,280.2
354.6,294.6,512.2,384.2
134.6,37,213.8,165.8
248.2,153,291.4,253
154.6,9,210.6,77
128.2,1,219.4,109
427.4,1,512.2,177
284.2,1,334.6,92.2
1,121,228.2,325.8
377.8,248.2,426.6,292.2
465.8,231.4,512.2,309
153,267.4,229,324.2
73,1,217,149.8
277,262.6,352.2,384.2
352.2,296.2,404.2,384.2
1,121,160.2,325.8
227.4,217.8,300.2,384.2
273.8,262.6,321.8,329.8
202.6,1,305,77.8
412.2,188.2,512.2,384.2
400.2,233.8,479.4,274.6
150.6,162.6,214.6,235.4
137,53,196.2,109.8
121,185,225,322.6
445,188.2,512.2,228.2
150.6,169,261,285.8
221,157.8,291.4,222.6
266.6,62.6,342.6,173.8
161.8,172.2,240.2,240.2
167.4,187.4,265,301.8
168.2,101,221.8,145
1,260.2,263.4,333
153,168.2,258.6,269
413.8,300.2,512.2,384.2
102.6,1,288.2,301
273,322.6,333,384.2
76.2,133.8,147.4,179.4
417,1,461,235.4
243.4,157.8,291.4,223.4
154.6,37.8,285.8,189.8
204.2,205.8,291.4,275.4
169.8,1,236.2,71.4
412.2,293,461.8,384.2
356.2,1,458.6,161.8
313.8,248.2,456.2,312.2
467.4,199.4,512.2,265
204.2,205.8,290.6,265
165,113,249.8,156.2
133,43.4,209,160.2
133.8,40.2,213.8,165.8
309,124.2,349.8,260.2
220.2,116.2,293,223.4
158.6,20.2,221,82.6
281,322.6,331.4,384.2
174.6,69.8,241,135.4
261,121,369,384.2
310.6,141,381.8,269
144.2,19.4,219.4,93.8
356.2,1,443.4,222.6
250.6,1,356.2,161.8
452.2,1,512.2,119.4
412.2,293,512.2,384.2
1,1,147.4,180.2
309.8,232.2,451.4,311.4
286.6,1,329.8,191.4
410.6,188.2,512.2,248.2
227.4,224.2,295.4,358.6
425,188.2,512.2,236.2
465,234.6,512.2,352.2
306.6,25.8,357,138.6
130.6,53,196.2,131.4
345,211.4,499.4,293.8
165.8,88.2,279.4,153.8
155.4,1,225.8,75.4
213,69,278.6,153.8
353.8,295.4,420.2,384.2
322.6,261,386.6,301
144.2,57.8,207.4,165.8
81,89,146.6,130.6
311.4,1,356.2,110.6
457.8,145,512.2,209
166.6,1,237.8,77
239.4,89,285,160.2
201.8,1,289.8,70.6
360.2,1,443.4,108.2
427.4,1,512.2,203.4
227.4,203.4,290.6,265
165,1,237,77.8
68.2,65,133,116.2
397.8,233.8,479.4,274.6
117.8,1,307.4,249
57,287.4,300.2,384.2
45,317,265.8,365.8
133,1,218.6,97.8
377,290.6,462.6,384.2
261,253.8,331.4,384.2
317.8,227.4,474.6,274.6
1,1,145.8,180.2
213,88.2,272.2,138.6
169.8,165,264.2,206.6
309.8,136.2,349.8,259.4
102.6,138.6,185.8,193.8
209,260.2,259.4,324.2
377.8,233,451.4,292.2
57,37,213.8,192.2
129,149.8,189,192.2
102.6,138.6,264.2,301
152.2,1,214.6,72.2
313.8,205.8,495.4,274.6
277,262.6,355.4,384.2
139.4,103.4,193,179.4
169.8,88.2,272.2,147.4
249,157.8,290.6,200.2
307.4,85,349.8,142.6
25,216.2,80.2,299.4
360.2,1,460.2,156.2
286.6,1,333,191.4
374.6,245.8,426.6,292.2
92.2,59.4,255.4,179.4
353.8,293.8,420.2,384.2
164.2,40.2,213.8,102.6
101.8,183.4,228.2,322.6
266.6,1,342.6,173.8
334.6,141.8,383.4,228.2
128.2,1,213.8,109
1,277.8,227.4,333
157.8,61.8,205.8,144.2
286.6,1,329.8,99.4
154.6,173,285,291.4
146.6,173,285,301
353.8,294.6,422.6,384.2
274.6,1,349.8,156.2
349,245.8,451.4,292.2
243.4,141,293,223.4
216.2,223.4,267.4,269
277.8,246.6,452.2,331.4
445,191.4,512.2,245
415.4,237,512.2,366.6
151.4,1,192.2,60.2
210.6,37.8,285.8,90.6
377.8,233,437,292.2
277.8,281.8,354.6,384.2
139.4,39.4,190.6,93.8
435.4,295.4,480.2,345
158.6,1,237.8,82.6
353.8,1,460.2,232.2
465,281,512.2,352.2
455.4,237,512.2,352.2
469.8,1,512.2,56.2
308.2,99.4,349.8,142.6
241,320.2,297.8,361.8
348.2,137,418.6,233
79.4,1,144.2,139.4
181,62.6,243.4,120.2
345.8,228.2,495.4,274.6
304.2,121,369,280.2
313.8,259.4,400.2,311.4
461,132.2,512.2,193
137.8,32.2,192.2,109
170.6,188.2,260.2,276.2
160.2,37.8,285.8,189.8
78.6,40.2,213.8,170.6
134.6,30.6,222.6,165.8
221,237.8,283.4,332.2
151.4,150.6,258.6,272.2
274.6,1,329,156.2
317.8,1,364.2,223.4
169.8,160.2,293,224.2
306.6,61.8,352.2,115.4
165.8,101,239.4,153
207.4,88.2,275.4,141
306.6,291.4,352.2,349.8
155.4,181.8,229,264.2
154.6,154.6,294.6,291.4
356.2,189,465,235.4
233,89,285,160.2
152.2,1,304.2,162.6
242.6,1,342.6,173.8
1,69.8,195.4,326.6
161,8.2,213.8,72.2
248.2,157.8,290.6,235.4
157,117.8,218.6,164.2
415.4,273,496.2,359.4
379.4,228.2,474.6,269
61,317,265.8,365.8
287.4,247.4,448.2,307.4
449,257.8,499.4,312.2
349,245.8,427.4,289
225.8,250.6,297.8,361.8
445.8,80.2,508.2,187.4
355.4,183.4,512.2,246.6
222.6,103.4,278.6,153.8
113,178.6,190.6,218.6
137,181.8,229,322.6
121,183.4,225,322.6
415.4,290.6,492.2,360.2
133,40.2,213.8,165.8
159.4,45.8,285.8,192.2
413.8,293,458.6,384.2
203.4,208.2,292.2,277
356.2,189,421,234.6
154.6,181,229.8,257.8
88.2,71.4,164.2,129.8
68.2,127.4,179.4,209.8
427.4,69.8,512.2,208.2
425,161.8,512.2,227.4
134.6,103.4,193,179.4
242.6,1,308.2,273
153,1,214.6,70.6
353.8,305.8,422.6,384.2
379.4,205.8,479.4,274.6
148.2,38.6,193,85.8
417,293,458.6,384.2
257,263.4,309,353.8
128.2,1,192.2,109
266.6,62.6,342.6,147.4
445,188.2,512.2,245
101.8,77.8,164.2,129.8
460.2,233.8,512.2,312.2
203.4,212.2,258.6,268.2
1,216.2,80.2,325.8
197,213.8,258.6,273.8
150.6,169,214.6,235.4
312.2,1,356.2,54.6
421,184.2,512.2,267.4
241.8,108.2,290.6,165.8
309,1,355.4,121.8
155.4,181.8,229.8,282.6
94.6,71.4,164.2,129.8
441,80.2,508.2,187.4
449,257.8,501,324.2
287.4,259.4,389.8,307.4
99.4,1,171.4,104.2
193.8,9,238.6,53
227.4,223.4,290.6,265
157.8,342.6,297,384.2
153,242.6,262.6,324.2
426.6,132.2,477.8,205
365.8,228.2,479.4,274.6
356.2,145,512.2,235.4
229.8,301,333,384.2
78.6,114.6,138.6,170.6
349,248.2,451.4,292.2
397.8,238.6,470.6,293.8
353.8,294.6,512.2,384.2
465,305,512.2,352.2
234.6,103.4,278.6,153
313.8,247.4,376.2,299.4
221,237.8,283.4,301
213,69,272.2,127.4
64.2,343.4,265.8,384.2
155.4,181.8,229,255.4
158.6,184.2,229.8,257.8
277.8,230.6,448.2,384.2
154.6,181.8,229,275.4
153,168.2,236.2,239.4
101.8,185,225,322.6
354.6,294.6,420.2,384.2
134.6,40.2,213.8,161.8
148.2,6.6,219.4,85.8
152.2,32.2,222.6,157
213,88.2,301.8,160.2
309.8,136.2,409.8,264.2
455.4,281,512.2,352.2
157.8,1,237.8,82.6
161,154.6,294.6,196.2
205,214.6,272.2,256.2
140.2,1,187.4,90.6
128.2,1,214.6,109
1,205,73,329.8
154.6,19.4,220.2,85
245,263.4,294.6,358.6
153,181.8,262.6,324.2
277.8,80.2,349.8,161.8
78.6,62.6,197,170.6
460.2,253,500.2,312.2
73,265,195.4,326.6
1,1,222.6,325.8
287.4,230.6,448.2,307.4
217,237.8,265,301.8
463.4,1,512.2,98.6
356.2,73,446.6,235.4
423.4,184.2,512.2,241.8
348.2,249,448.2,290.6
432.2,235.4,500.2,284.2
313.8,248.2,456.2,311.4
227.4,224.2,294.6,358.6
301.8,85,342.6,138.6
153,241.8,297.8,384.2
455.4,341.8,512.2,384.2
313.8,248.2,451.4,311.4
349,245.8,409,289
285.8,114.6,325.8,269.8
129,149.8,261,192.2
137.8,1,192.2,109
146.6,173.8,264.2,301
91.4,159.4,224.2,249
315.4,141,381.8,269
286.6,93.8,330.6,173.8
452.2,1,512.2,109
203.4,208.2,272.2,276.2
1,205,112.2,329.8
353,65,449,225.8
418.6,188.2,512.2,236.2
161,25.8,225,82.6
154.6,181.8,229,264.2
357.8,305,418.6,384.2
287.4,249,448.2,307.4
358.6,305.8,418.6,376.2
233,341,297.8,384.2
309.8,227.4,485.8,274.6
360.2,1,458.6,164.2
99.4,1,218.6,104.2
353.8,293.8,512.2,384.2
257,297.8,309,353.8
277.8,281.8,354.6,338.6
354.6,224.2,499.4,267.4
57,104.2,154.6,192.2
232.2,342.6,273,384.2
169.8,160.2,293,265
148.2,34.6,193,85.8
167.4,187.4,224.2,249
232.2,320.2,273,384.2
121,159.4,224.2,249
248.2,157.8,290.6,219.4
284.2,1,331.4,92.2
210.6,229.8,261,285.8
277.8,98.6,325.8,248.2
174.6,86.6,217.8,135.4
133.8,62.6,197,165.8
155.4,1,236.2,84.2
201.8,1,304.2,110.6
165,33.8,210.6,77.8
208.2,192.2,267.4,237.8
117.8,57,229,185
220.2,93.8,278.6,153.8
415.4,273,488.2,357.8
249.8,42.6,295.4,157
354.6,294.6,459.4,384.2
210.6,229.8,300.2,384.2
277.8,80.2,333,161.8
153,168.2,267.4,269
227.4,289,297.8,384.2
367.4,228.2,485.8,274.6
227.4,306.6,297.8,384.2
178.6,27.4,221.8,71.4
357.8,149,437.8,224.2
306.6,79.4,355.4,137
345,228.2,485.8,274.6
253,65.8,304.2,110.6
233,342.6,297,384.2
248.2,153,290.6,235.4
282.6,233.8,322.6,329
161.8,172.2,254.6,240.2
360.2,1,458.6,156.2
417.8,184.2,512.2,267.4
167.4,187.4,235.4,252.2
233,24.2,305,73.8
374.6,245.8,451.4,292.2
358.6,1,448.2,164.2
169,113.8,247.4,161.8
249,157.8,290.6,208.2
277,262.6,322.6,329
201.8,1,302.6,72.2
129,183.4,196.2,228.2
354.6,225,499.4,265
419.4,273,512.2,361.8
225.8,241.8,297.8,361.8
151.4,1,192.2,72.2
190.6,88.2,272.2,130.6
248.2,198.6,291.4,242.6
161,34.6,210.6,82.6
229.8,289,270.6,332.2
169,62.6,290.6,165.8
286.6,99.4,330.6,173.8
355.4,1,448.2,232.2
356.2,73,446.6,225.8
425,189,512.2,236.2
413.8,231.4,512.2,365.8
348.2,249,448.2,301.8
160.2,115.4,261.8,189.8
285.8,114.6,336.2,269.8
161.8,164.2,261.8,240.2
217,237.8,258.6,278.6
227.4,223.4,295.4,358.6
306.6,67.4,363.4,160.2
64.2,170.6,195.4,326.6
206.6,48.2,284.2,91.4
155.4,1,302.6,84.2
174.6,87.4,217.8,135.4
358.6,294.6,422.6,384.2
455.4,1,512.2,98.6
225.8,260.2,300.2,384.2
419.4,293.8,462.6,352.2
245,286.6,294.6,358.6
201.8,1,289.8,72.2
154.6,182.6,207.4,235.4
425,50.6,512.2,198.6
206.6,47.4,284.2,91.4
190.6,88.2,272.2,147.4
174.6,1,214.6,45.8
213,85,278.6,153.8
158.6,20.2,220.2,81.8
284.2,1,329,92.2
433.8,50.6,508.2,203.4
169.8,165,264.2,224.2
121,181.8,229,290.6
1,1,147.4,128.2
354.6,293.8,420.2,384.2
86.6,33,139.4,111.4
201.8,45.8,285.8,107.4
201,241.8,297.8,384.2
358.6,305.8,422.6,384.2
156.2,181,229.8,257.8
221,241,283.4,301
357.8,1,443.4,222.6
313.8,205.8,409.8,264.2
413.8,273,512.2,384.2
285.8,114.6,325.8,262.6
137,201,221.8,322.6
165.8,88.2,272.2,153.8
257,341.8,297.8,384.2
356.2,105.8,437.8,225.8
452.2,1,512.2,111.4
441,145,512.2,209
305,1,356.2,80.2
203.4,208.2,272.2,256.2
169.8,165,293,224.2
217,37.8,285.8,89
367.4,80.2,441.8,161.8
153,261.8,262.6,324.2
282.6,256.2,322.6,329
317.8,227.4,474.6,269
305,1,356.2,73.8
309.8,227.4,381.8,273.8
155.4,181.8,229,322.6
156.2,181,224.2,249
29.8,229,80.2,299.4
163.4,152.2,300.2,384.2
141,1,217,80.2
153,257,208.2,323.4
429,1,489,71.4
397.8,238.6,462.6,293.8
461,117,512.2,193
419.4,279.4,480.2,345
174.6,57,229,121.8
358.6,1,458.6,164.2
429,300.2,470.6,355.4
163.4,152.2,291.4,224.2
206.6,47.4,284.2,93.8
68.2,1,147.4,116.2
163.4,9.8,219.4,75.4
199.4,242.6,257.8,323.4
57,116.2,154.6,192.2
228.2,103.4,278.6,153
257,297.8,309,341.8
162.6,9,235.4,83.4
423.4,199.4,512.2,265
311.4,1,356.2,81
165,62.6,216.2,137
197.8,188.2,272.2,247.4
88.2,71.4,164.2,116.2
313.8,247.4,400.2,301.8
129,183.4,209,240.2
413,293,458.6,384.2
357.8,105.8,437.8,222.6
283.4,136.2,351.4,280.2
174.6,193,223.4,241.8
159.4,102.6,253,165.8
311.4,1,356.2,54.6
155.4,181.8,229.8,257.8
78.6,114.6,169,170.6
154.6,173,258.6,272.2
163.4,9,210.6,65.8
253,44.2,304.2,110.6
257,297.8,309,350.6
137.8,54.6,192.2,109
155.4,182.6,228.2,255.4
225.8,241.8,297.8,384.2
376.2,248.2,448.2,292.2
376.2,248.2,451.4,292.2
153,257,203.4,321
377,228.2,485.8,274.6
445,189,512.2,236.2
151.4,1,192.2,48.2
152.2,62.6,216.2,162.6
94.6,71.4,164.2,116.2
311.4,1,356.2,73.8
357.8,162.6,433.8,222.6
468.2,31.4,512.2,98.6
434.6,279.4,480.2,345
1,217.8,73,329.8
196.2,62.6,243.4,107.4
153,168.2,209,226.6
1,205,52.2,325
419.4,279.4,493,345
165.8,18.6,219.4,72.2
121,185.8,162.6,264.2
277.8,281.8,331.4,333
78.6,113.8,138.6,170.6
129,191.4,212.2,290.6
113,120.2,169,169
463.4,31.4,512.2,136.2
433.8,50.6,512.2,203.4
357.8,80.2,441.8,222.6
99.4,1,145,104.2
151.4,181.8,229,264.2
465,273.8,512.2,352.2
68.2,65,138.6,170.6
357.8,105.8,419.4,208.2
436.2,273,488.2,357.8
433.8,100.2,512.2,203.4
129,257,208.2,323.4
141,1,205,80.2
391.4,233,485.8,274.6
427.4,1,512.2,136.2
277,233.8,322.6,329
427.4,1,512.2,72.2
159.4,102.6,247.4,163.4
376.2,1,416.2,48.2
358.6,294.6,420.2,384.2
1,121,52.2,192.2
161,62.6,216.2,151.4
441,297,488.2,357.8
285.8,114.6,325.8,248.2
435.4,273,488.2,357.8
151.4,182.6,213.8,244.2
1,113,52.2,192.2
213,69,272.2,120.2
436.2,297,488.2,357.8
360.2,1,443.4,161.8
448.2,80.2,493.8,136.2
441,50.6,508.2,187.4
468.2,1,512.2,98.6
121,185.8,212.2,290.6
129,191.4,212.2,323.4
419.4,273,493,345
427.4,1,481,72.2
78.6,121,138.6,170.6
465,31.4,512.2,136.2
199.4,242.6,245,323.4
201.8,1,288.2,70.6
