220.73,51.133,342.33,126.87
126.87,1,511.93,237.8
1,1,511.93,511.93
136.47,181.27,338.07,406.33
133.27,1,511.93,239.93
241,203.67,511.93,394.6
1,1,308.2,441.53
1,181.27,511.93,511.93
136.47,181.27,354.07,406.33
1,254.87,511.93,511.93
141.8,1,511.93,399.93
238.87,35.133,366.87,217.53
33,1,370.07,449
465,148.2,511.93,211.13
126.87,1,511.93,317.8
325.27,357.27,409.53,511.93
141.8,254.87,355.13,399.93
390.33,238.87,511.93,511.93
146.07,1,511.93,257
1,1,294.33,441.53
1,1,372.2,452.2
1,207.93,511.93,511.93
241,202.6,511.93,394.6
438.33,1,481,210.07
362.6,347.67,511.93,511.93
132.2,1,374.33,446.87
1,347.67,511.93,511.93
1,1,511.93,452.2
110.87,1,511.93,399.93
394.6,1,459.67,213.27
451.13,372.2,511.93,457.53
323.13,314.6,511.93,511.93
146.07,1,511.93,285.8
110.87,49,344.47,382.87
1,341.27,371.13,511.93
362.6,386.07,428.73,511.93
356.2,1,511.93,219.67
296.47,123.67,354.07,197.27
1,453.27,370.07,511.93
317.8,347.67,511.93,511.93
238.87,69.267,319.93,217.53
241,205.8,511.93,353
341.27,206.87,511.93,298.6
1,347.67,449,511.93
361.53,347.67,511.93,511.93
406.33,238.87,511.93,303.93
150.33,1,394.6,399.93
157.8,321,338.07,403.13
1,1,511.93,441.53
1,1,374.33,446.87
296.47,280.47,505.53,351.93
270.87,200.47,511.93,511.93
241,203.67,511.93,362.6
237.8,109.8,511.93,285.8
295.4,332.73,353,390.33
438.33,140.73,511.93,210.07
1,1,511.93,438.33
414.87,365.8,482.07,475.67
1,321,511.93,511.93
209,59.667,393.53,239.93
1,353,401,511.93
394.6,1,454.33,213.27
238.87,1,511.93,383.93
253.8,1,374.33,200.47
110.87,1,372.2,406.33
146.07,29.8,372.2,217.53
408.47,349.8,511.93,511.93
1,397.8,370.07,511.93
1,440.47,370.07,511.93
392.47,1,451.13,211.13
1,1,370.07,438.33
350.87,1,406.33,168.47
343.4,65,404.2,182.33
199.4,1,374.33,242.07
323.13,364.73,370.07,450.07
466.07,155.67,511.93,211.13
343.4,65,404.2,183.4
188.73,205.8,337,263.4
325.27,321,511.93,511.93
246.33,1,511.93,237.8
230.33,207.93,511.93,511.93
213.27,29.8,372.2,242.07
350.87,349.8,406.33,511.93
321,1,511.93,232.47
284.73,1,511.93,262.33
301.8,280.47,412.73,350.87
134.33,115.13,271.93,159.93
433,1,511.93,216.47
355.13,1,405.27,184.47
141.8,206.87,511.93,399.93
150.33,1,511.93,399.93
300.73,280.47,511.93,353
110.87,99.133,342.33,382.87
1,1,370.07,449
1,1,385,451.13
188.73,180.2,463.93,263.4
126.87,76.733,305,127.93
451.13,463.93,511.93,511.93
296.47,101.27,344.47,191.93
188.73,187.67,463.93,263.4
110.87,129,206.87,319.93
449,401,511.93,511.93
146.07,1,442.6,257
237.8,239.93,311.4,285.8
305,255.93,511.93,303.93
239.93,203.67,385,273
408.47,323.13,511.93,511.93
75.667,350.87,401,511.93
188.73,116.2,463.93,317.8
449,466.07,511.93,511.93
283.67,228.2,398.87,279.4
449,463.93,511.93,511.93
284.73,204.73,392.47,262.33
325.27,347.67,511.93,511.93
207.93,97,360.47,321
456.47,406.33,511.93,471.4
392.47,6.3333,451.13,211.13
453.27,53.267,511.93,211.13
1,455.4,366.87,511.93
238.87,200.47,511.93,371.13
296.47,101.27,347.67,215.4
260.2,250.6,387.13,330.6
391.4,231.4,511.93,287.93
324.2,29.8,375.4,101.27
346.6,1,511.93,230.33
312.47,347.67,449,511.93
133.27,71.4,307.13,216.47
280.47,203.67,340.2,273
301.8,1,405.27,78.867
199.4,1,511.93,242.07
132.2,97,360.47,446.87
361.53,347.67,428.73,511.93
404.2,51.133,475.67,214.33
409.53,314.6,511.93,511.93
221.8,347.67,449,511.93
318.87,237.8,511.93,303.93
217.53,254.87,337,399.93
229.27,29.8,372.2,228.2
289,51.133,342.33,98.067
454.33,46.867,511.93,210.07
1,446.87,366.87,491.67
146.07,1,511.93,394.6
406.33,353,511.93,511.93
327.4,347.67,511.93,511.93
241,203.67,511.93,354.07
362.6,347.67,423.4,391.4
419.13,452.2,461.8,511.93
250.6,65,405.27,237.8
134.33,341.27,362.6,414.87
136.47,181.27,511.93,511.93
239.93,203.67,511.93,355.13
283.67,162.07,355.13,241
433,353,511.93,401
147.13,76.733,305,125.8
207.93,155.67,511.93,399.93
265.53,321,370.07,450.07
308.2,1,374.33,125.8
132.2,397.8,354.07,446.87
244.2,109.8,344.47,253.8
303.93,203.67,511.93,281.53
325.27,137.53,486.33,229.27
341.27,203.67,511.93,267.67
451.13,373.27,511.93,511.93
199.4,1,511.93,399.93
401,6.3333,451.13,210.07
301.8,1,405.27,101.27
167.4,1,385,253.8
355.13,187.67,472.47,235.67
190.87,1,403.13,257
241,203.67,511.93,353
379.67,348.73,426.6,394.6
36.2,1,370.07,434.07
167.4,15.933,371.13,126.87
150.33,1,394.6,376.47
276.2,101.27,344.47,207.93
1,4.2,140.73,440.47
260.2,276.2,511.93,360.47
419.13,452.2,509.8,511.93
187.67,243.13,276.2,375.4
323.13,338.07,428.73,511.93
110.87,110.87,270.87,319.93
241,205.8,484.2,279.4
260.2,203.67,511.93,371.13
265.53,124.73,386.07,244.2
239.93,1,511.93,355.13
295.4,280.47,447.93,353
295.4,314.6,511.93,511.93
269.8,120.47,404.2,241
110.87,1,385,451.13
285.8,284.73,334.87,332.73
353,1,405.27,212.2
440.47,1,511.93,210.07
1,427.67,370.07,511.93
358.33,15.933,402.07,151.4
406.33,380.73,511.93,511.93
394.6,1,511.93,214.33
394.6,1,458.6,213.27
268.73,97,344.47,239.93
130.07,395.67,354.07,446.87
194.07,99.133,342.33,351.93
404.2,238.87,511.93,298.6
209,59.667,363.67,239.93
194.07,118.33,277.27,216.47
1,6.3333,138.6,438.33
322.07,1,511.93,232.47
190.87,1,511.93,257
395.67,1,511.93,214.33
360.47,8.4667,405.27,183.4
1,350.87,401,511.93
439.4,1,494.87,126.87
283.67,206.87,511.93,360.47
305,1,374.33,72.467
241,202.6,511.93,360.47
471.4,356.2,511.93,417
374.33,347.67,423.4,391.4
146.07,35.133,366.87,217.53
86.333,353,401,511.93
362.6,347.67,428.73,511.93
271.93,293.27,335.93,348.73
269.8,120.47,393.53,241
282.6,203.67,407.4,278.33
289,1,347.67,63.933
441.53,1,511.93,210.07
410.6,353,511.93,511.93
1,1,150.33,440.47
1,453.27,350.87,511.93
132.2,210.07,351.93,446.87
407.4,353,511.93,511.93
188.73,111.93,463.93,317.8
394.6,1,436.2,213.27
394.6,1,454.33,212.2
190.87,41.533,404.2,249.53
141.8,254.87,337,399.93
242.07,155.67,511.93,399.93
270.87,200.47,511.93,353
241,202.6,391.4,263.4
188.73,210.07,295.4,329.53
1,453.27,366.87,511.93
289,65,405.27,225
295.4,203.67,511.93,349.8
194.07,115.13,277.27,201.53
341.27,202.6,511.93,266.6
188.73,180.2,463.93,317.8
418.07,1,511.93,214.33
167.4,1,374.33,238.87
1,420.2,371.13,486.33
330.6,347.67,423.4,391.4
343.4,262.33,511.93,310.33
217.53,261.27,337,399.93
296.47,101.27,349.8,215.4
1,454.33,159.93,511.93
327.4,350.87,370.07,449
239.93,203.67,340.2,351.93
390.33,309.27,500.2,350.87
369,389.27,425.53,490.6
362.6,391.4,408.47,511.93
1,1,177,438.33
353,175.93,486.33,230.33
325.27,1,511.93,229.27
451.13,26.6,511.93,103.4
402.07,237.8,511.93,303.93
387.13,1,511.93,219.67
1,446.87,365.8,511.93
133.27,71.4,307.13,118.33
167.4,15.933,371.13,238.87
133.27,1,347.67,123.67
325.27,323.13,511.93,511.93
1,427.67,370.07,491.67
1,370.07,354.07,470.33
312.47,350.87,401,477.8
143.93,253.8,365.8,449
294.33,267.67,511.93,354.07
355.13,88.467,404.2,153.53
341.27,118.33,393.53,211.13
130.07,1,385,451.13
445.8,365.8,511.93,511.93
348.73,1,511.93,230.33
254.87,254.87,307.13,301.8
414.87,353,511.93,475.67
308.2,29.8,372.2,125.8
242.07,254.87,307.13,376.47
362.6,379.67,428.73,511.93
450.07,406.33,511.93,511.93
1,453.27,191.93,511.93
327.4,347.67,449,511.93
453.27,53.267,511.93,210.07
1,457.53,366.87,511.93
207.93,181.27,335.93,308.2
285.8,236.73,415.93,279.4
239.93,203.67,511.93,354.07
319.93,1,511.93,214.33
283.67,1,511.93,241
257,347.67,449,511.93
1,427.67,370.07,477.8
318.87,1,374.33,65
346.6,1,398.87,100.2
238.87,200.47,511.93,383.93
136.47,370.07,354.07,446.87
399.93,239.93,511.93,307.13
187.67,258.07,266.6,370.07
190.87,41.533,404.2,257
456.47,404.2,511.93,471.4
326.33,65,394.6,183.4
438.33,1,511.93,214.33
260.2,280.47,334.87,332.73
399.93,238.87,511.93,298.6
450.07,1,511.93,211.13
97,349.8,382.87,486.33
241,109.8,511.93,263.4
229.27,29.8,372.2,191.93
331.67,203.67,511.93,266.6
209,1,393.53,239.93
241,174.87,511.93,263.4
325.27,339.13,461.8,511.93
1,420.2,371.13,490.6
150.33,49,344.47,118.33
161,395.67,354.07,446.87
414.87,349.8,511.93,511.93
241,187.67,511.93,263.4
261.27,109.8,344.47,236.73
250.6,1,405.27,237.8
177,243.13,276.2,375.4
255.93,130.07,322.07,239.93
322.07,1,511.93,229.27
243.13,252.73,303.93,297.53
318.87,39.4,376.47,129
1,458.6,349.8,511.93
133.27,1,393.53,239.93
230.33,207.93,511.93,450.07
110.87,110.87,284.73,382.87
284.73,196.2,392.47,262.33
277.27,253.8,334.87,317.8
209,59.667,363.67,238.87
132.2,71.4,360.47,446.87
362.6,391.4,428.73,511.93
318.87,57.533,369,141.8
271.93,203.67,511.93,371.13
241,205.8,338.07,263.4
250.6,253.8,302.87,321
265.53,124.73,361.53,244.2
355.13,73.533,404.2,182.33
361.53,203.67,511.93,266.6
301.8,1,405.27,79.933
394.6,6.3333,451.13,211.13
141.8,325.27,284.73,382.87
194.07,203.67,340.2,351.93
270.87,319.93,355.13,386.07
38.333,424.47,366.87,469.27
319.93,1,394.6,97
329.53,349.8,382.87,394.6
406.33,380.73,504.47,511.93
410.6,349.8,511.93,511.93
294.33,276.2,511.93,360.47
283.67,123.67,511.93,241
350.87,1,406.33,185.53
355.13,1,406.33,184.47
110.87,110.87,276.2,375.4
329.53,349.8,407.4,395.67
353,1,511.93,219.67
296.47,200.47,347.67,241
254.87,1,376.47,204.73
465,155.67,511.93,212.2
273,395.67,354.07,446.87
285.8,207.93,511.93,353
340.2,265.53,511.93,310.33
258.07,142.87,309.27,216.47
130.07,1,385,449
110.87,120.47,276.2,375.4
190.87,1,442.6,257
188.73,243.13,255.93,310.33
398.87,1,511.93,212.2
75.667,442.6,371.13,486.33
453.27,406.33,511.93,473.53
395.67,1,442.6,210.07
237.8,109.8,344.47,285.8
350.87,36.2,402.07,152.47
250.6,253.8,298.6,296.47
253.8,36.2,364.73,200.47
136.47,210.07,338.07,406.33
305,1,349.8,72.467
282.6,155.67,511.93,303.93
275.13,122.6,341.27,209
188.73,210.07,285.8,321
340.2,261.27,511.93,310.33
33,371.13,356.2,449
230.33,258.07,370.07,450.07
265.53,42.6,394.6,244.2
391.4,231.4,511.93,297.53
265.53,321,337,399.93
241,202.6,398.87,279.4
312.47,389.27,425.53,511.93
1,4.2,140.73,438.33
260.2,250.6,359.4,330.6
455.4,457.53,511.93,499.13
319.93,1,405.27,151.4
246.33,1,405.27,237.8
275.13,147.13,325.27,209
404.2,238.87,511.93,303.93
1,450.07,370.07,511.93
132.2,397.8,347.67,446.87
1,442.6,383.93,511.93
188.73,223.93,302.87,376.47
217.53,289,284.73,377.53
245.27,203.67,340.2,351.93
212.2,127.93,344.47,249.53
133.27,71.4,307.13,159.93
266.6,99.133,342.33,213.27
250.6,253.8,302.87,308.2
132.2,385,351.93,446.87
190.87,54.333,404.2,249.53
1,349.8,382.87,511.93
308.2,1,372.2,125.8
199.4,1,405.27,242.07
207.93,181.27,335.93,297.53
363.67,1,405.27,70.333
323.13,347.67,428.73,511.93
348.73,203.67,511.93,266.6
1,446.87,159.93,511.93
460.73,1,511.93,47.933
449,457.53,511.93,499.13
244.2,29.8,372.2,228.2
329.53,347.67,423.4,394.6
420.2,1,511.93,210.07
362.6,386.07,420.2,511.93
323.13,228.2,407.4,278.33
451.13,372.2,511.93,425.53
238.87,200.47,339.13,276.2
449,406.33,511.93,511.93
325.27,347.67,423.4,511.93
329.53,347.67,449,395.67
207.93,97,360.47,308.2
453.27,53.267,503.4,210.07
350.87,1,406.33,183.4
406.33,359.4,511.93,511.93
287.93,68.2,349.8,156.73
200.47,258.07,266.6,370.07
329.53,347.67,428.73,511.93
28.733,386.07,356.2,449
322.07,186.6,392.47,232.47
140.73,129,218.6,287.93
1,412.73,270.87,470.33
223.93,51.133,342.33,126.87
283.67,203.67,334.87,246.33
241,202.6,511.93,310.33
390.33,293.27,511.93,354.07
296.47,97,344.47,191.93
393.53,1,442.6,210.07
207.93,97,344.47,308.2
1,370.07,383.93,511.93
38.333,397.8,366.87,469.27
343.4,265.53,511.93,310.33
362.6,386.07,408.47,511.93
270.87,200.47,339.13,270.87
136.47,324.2,279.4,406.33
260.2,253.8,344.47,330.6
318.87,1,405.27,141.8
81,466.07,370.07,511.93
238.87,50.067,353,228.2
449,457.53,511.93,511.93
110.87,1,347.67,406.33
465,148.2,511.93,207.93
212.2,203.67,317.8,249.53
394.6,1,511.93,227.13
456.47,406.33,511.93,511.93
254.87,29.8,372.2,204.73
303.93,202.6,391.4,249.53
97,466.07,370.07,511.93
387.13,174.87,472.47,219.67
325.27,347.67,461.8,511.93
133.27,1,292.2,123.67
442.6,58.6,511.93,203.67
323.13,364.73,370.07,441.53
110.87,120.47,286.87,406.33
241,205.8,337,262.33
283.67,123.67,486.33,241
241,202.6,455.4,279.4
408.47,351.93,511.93,511.93
196.2,124.73,258.07,215.4
275.13,116.2,350.87,209
1,454.33,365.8,511.93
136.47,293.27,338.07,406.33
242.07,261.27,284.73,376.47
379.67,177,486.33,225
126.87,50.067,353,228.2
301.8,267.67,412.73,350.87
143.93,289,365.8,449
390.33,293.27,511.93,401
199.4,79.933,353,247.4
289,15.933,371.13,98.067
305,283.67,377.53,333.8
322.07,1,486.33,232.47
188.73,161,258.07,248.47
318.87,1,405.27,183.4
303.93,216.47,476.73,281.53
257,372.2,355.13,417
319.93,1,376.47,68.2
399.93,293.27,511.93,354.07
409.53,349.8,511.93,511.93
452.2,463.93,509.8,511.93
133.27,110.87,270.87,216.47
1,420.2,371.13,511.93
190.87,1,403.13,249.53
239.93,203.67,373.27,273
390.33,309.27,505.53,371.13
390.33,309.27,511.93,371.13
53.267,466.07,366.87,511.93
391.4,348.73,461.8,409.53
286.87,225,397.8,281.53
322.07,175.93,486.33,232.47
188.73,210.07,246.33,257
199.4,1,374.33,125.8
255.93,97,344.47,239.93
225,49,344.47,103.4
282.6,155.67,511.93,297.53
355.13,187.67,511.93,235.67
451.13,26.6,511.93,104.47
1,458.6,365.8,511.93
325.27,354.07,409.53,511.93
419.13,1,511.93,214.33
209,36.2,364.73,238.87
250.6,79.933,353,237.8
450.07,1,511.93,58.6
1,462.87,191.93,511.93
239.93,203.67,340.2,273
245.27,203.67,317.8,273
28.733,341.27,362.6,449
246.33,41.533,362.6,215.4
303.93,228.2,397.8,281.53
348.73,1,468.2,230.33
1,453.27,319.93,511.93
260.2,203.67,511.93,354.07
346.6,411.67,406.33,511.93
167.4,49,344.47,118.33
286.87,233.53,335.93,276.2
355.13,121.53,403.13,184.47
308.2,291.13,377.53,333.8
360.47,120.47,403.13,183.4
283.67,101.27,344.47,195.13
283.67,162.07,355.13,211.13
283.67,206.87,511.93,298.6
295.4,280.47,401,349.8
248.47,261.27,312.47,351.93
441.53,1,511.93,203.67
154.6,349.8,382.87,450.07
456.47,406.33,511.93,473.53
369,347.67,428.73,490.6
130.07,250.6,365.8,449
199.4,1,292.2,100.2
350.87,353,401,511.93
275.13,111.93,344.47,209
406.33,372.2,511.93,511.93
404.2,9.5333,475.67,214.33
248.47,261.27,340.2,351.93
241,215.4,335.93,262.33
167.4,1,385,249.53
253.8,39.4,364.73,200.47
361.53,347.67,451.13,511.93
238.87,230.33,303.93,297.53
348.73,118.33,393.53,206.87
130.07,253.8,365.8,449
207.93,207.93,303.93,297.53
225,1,347.67,101.27
399.93,261.27,511.93,307.13
459.67,28.733,511.93,103.4
451.13,462.87,511.93,511.93
293.27,401,350.87,446.87
285.8,293.27,343.4,340.2
450.07,1,511.93,53.267
207.93,217.53,302.87,308.2
317.8,349.8,382.87,441.53
290.07,159.93,341.27,206.87
92.733,461.8,370.07,511.93
230.33,258.07,302.87,344.47
348.73,137.53,486.33,218.6
297.53,97,344.47,179.13
238.87,50.067,346.6,219.67
92.733,446.87,370.07,492.73
401,347.67,449,411.67
453.27,407.4,511.93,473.53
451.13,370.07,511.93,457.53
450.07,1,511.93,157.8
346.6,427.67,406.33,511.93
348.73,178.07,468.2,230.33
442.6,58.6,486.33,203.67
341.27,216.47,476.73,267.67
325.27,347.67,449,395.67
361.53,347.67,428.73,490.6
333.8,217.53,484.2,278.33
210.07,121.53,271.93,211.13
348.73,186.6,468.2,230.33
350.87,353,395.67,449
355.13,1,405.27,47.933
394.6,1,445.8,213.27
199.4,1,299.67,100.2
289,136.47,361.53,212.2
73.533,471.4,365.8,511.93
376.47,347.67,424.47,391.4
188.73,210.07,255.93,310.33
1,460.73,319.93,511.93
439.4,42.6,511.93,203.67
355.13,1,405.27,182.33
407.4,393.53,475.67,511.93
261.27,147.13,325.27,236.73
271.93,291.13,377.53,348.73
1,457.53,349.8,511.93
286.87,225,350.87,276.2
92.733,353,401,511.93
318.87,39.4,376.47,141.8
318.87,8.4667,385,211.13
394.6,1,438.33,211.13
407.4,393.53,473.53,511.93
265.53,191.93,321,244.2
153.53,120.47,276.2,375.4
460.73,46.867,511.93,164.2
285.8,207.93,511.93,279.4
280.47,204.73,340.2,273
433,175.93,486.33,216.47
132.2,324.2,351.93,446.87
293.27,136.47,361.53,210.07
242.07,259.13,302.87,315.67
406.33,380.73,501.27,511.93
207.93,217.53,258.07,266.6
438.33,155.67,511.93,297.53
270.87,200.47,511.93,281.53
188.73,243.13,285.8,321
350.87,347.67,449,511.93
469.27,356.2,511.93,417
454.33,46.867,503.4,210.07
265.53,253.8,344.47,330.6
296.47,280.47,511.93,354.07
404.2,1,511.93,214.33
394.6,34.067,436.2,212.2
456.47,356.2,511.93,403.13
207.93,130.07,322.07,308.2
262.33,97,344.47,239.93
238.87,207.93,303.93,297.53
190.87,54.333,403.13,249.53
301.8,283.67,401,345.53
329.53,347.67,424.47,395.67
312.47,392.47,406.33,511.93
433,1,486.33,216.47
154.6,349.8,382.87,441.53
420.2,1,460.73,210.07
266.6,130.07,328.47,213.27
283.67,228.2,359.4,279.4
451.13,434.07,511.93,511.93
285.8,205.8,484.2,279.4
399.93,237.8,511.93,307.13
269.8,120.47,403.13,241
350.87,349.8,399.93,394.6
270.87,200.47,397.8,281.53
134.33,341.27,284.73,386.07
283.67,134.33,324.2,195.13
260.2,284.73,334.87,332.73
243.13,257,294.33,297.53
351.93,390.33,401,449
122.6,386.07,356.2,449
442.6,58.6,491.67,203.67
350.87,8.4667,405.27,183.4
346.6,1,398.87,94.867
268.73,181.27,335.93,239.93
353,172.73,486.33,225
312.47,392.47,401,477.8
353,137.53,486.33,218.6
341.27,206.87,511.93,266.6
285.8,290.07,362.6,340.2
329.53,350.87,385,395.67
376.47,175.93,486.33,230.33
353,1,394.6,97
462.87,1,511.93,56.467
285.8,236.73,351.93,279.4
348.73,186.6,392.47,230.33
390.33,293.27,511.93,371.13
414.87,261.27,511.93,307.13
471.4,153.53,511.93,214.33
398.87,1,445.8,212.2
318.87,39.4,376.47,127.93
466.07,161,511.93,211.13
275.13,116.2,343.4,209
353,1,405.27,207.93
319.93,1,376.47,97
282.6,203.67,334.87,246.33
293.27,124.73,361.53,210.07
318.87,8.4667,385,129
189.8,191.93,317.8,249.53
331.67,41.533,375.4,97
270.87,200.47,339.13,276.2
238.87,69.267,319.93,219.67
359.4,155.67,405.27,209
242.07,321,337,399.93
217.53,322.07,337,399.93
248.47,97,329.53,213.27
276.2,69.267,319.93,132.2
301.8,293.27,511.93,371.13
294.33,283.67,377.53,348.73
383.93,303.93,505.53,351.93
167.4,1,374.33,118.33
326.33,42.6,394.6,183.4
439.4,1,479.93,126.87
459.67,28.733,511.93,164.2
406.33,380.73,508.73,511.93
331.67,203.67,511.93,267.67
433,238.87,511.93,298.6
242.07,254.87,307.13,315.67
1,440.47,366.87,490.6
241,202.6,381.8,263.4
381.8,348.73,426.6,394.6
362.6,391.4,408.47,477.8
143.93,361.53,365.8,449
227.13,258.07,284.73,376.47
390.33,238.87,511.93,401
1,458.6,159.93,511.93
122.6,371.13,356.2,449
334.87,1,376.47,97
444.73,13.8,503.4,210.07
229.27,53.267,354.07,191.93
266.6,130.07,323.13,213.27
396.73,212.2,498.07,257
250.6,261.27,298.6,321
355.13,51.133,404.2,182.33
294.33,267.67,412.73,351.93
457.53,39.4,503.4,210.07
449,404.2,511.93,511.93
242.07,280.47,511.93,399.93
469.27,356.2,510.87,399.93
350.87,1,454.33,213.27
177,193,276.2,375.4
274.07,69.267,319.93,123.67
409.53,353,511.93,511.93
285.8,280.47,511.93,353
296.47,123.67,486.33,225
301.8,267.67,412.73,351.93
463.93,28.733,511.93,157.8
271.93,291.13,511.93,371.13
350.87,349.8,407.4,511.93
282.6,203.67,334.87,273
171.67,395.67,354.07,446.87
188.73,243.13,254.87,310.33
1,460.73,305,511.93
254.87,259.13,302.87,301.8
356.2,1,406.33,166.33
350.87,137.53,486.33,225
239.93,49,344.47,103.4
451.13,359.4,511.93,457.53
383.93,303.93,500.2,350.87
75.667,446.87,370.07,511.93
153.53,120.47,270.87,287.93
376.47,347.67,428.73,393.53
344.47,231.4,407.4,278.33
401,6.3333,442.6,209
91.667,442.6,383.93,511.93
348.73,207.93,511.93,266.6
260.2,250.6,511.93,354.07
454.33,110.87,503.4,210.07
463.93,28.733,511.93,153.53
465,148.2,506.6,210.07
244.2,74.6,353,228.2
452.2,457.53,511.93,499.13
361.53,347.67,428.73,420.2
207.93,217.53,294.33,297.53
440.47,1,503.4,210.07
463.93,28.733,511.93,104.47
150.33,1,376.47,376.47
399.93,293.27,511.93,350.87
229.27,50.067,346.6,132.2
463.93,1,511.93,52.2
434.07,353,482.07,393.53
302.87,159.93,347.67,215.4
178.07,1,292.2,102.33
434.07,353,511.93,424.47
246.33,1,308.2,97
246.33,46.867,355.13,215.4
213.27,53.267,354.07,242.07
406.33,353,508.73,511.93
358.33,1,405.27,151.4
260.2,250.6,397.8,330.6
295.4,280.47,389.27,333.8
463.93,28.733,511.93,100.2
1,446.87,366.87,490.6
212.2,8.4667,385,249.53
394.6,34.067,436.2,207.93
287.93,1,347.67,63.933
248.47,153.53,297.53,213.27
463.93,1,511.93,47.933
207.93,293.27,338.07,403.13
469.27,70.333,511.93,184.47
290.07,127.93,344.47,206.87
133.27,71.4,307.13,134.33
161,401,319.93,445.8
457.53,74.6,503.4,210.07
324.2,29.8,372.2,101.27
245.27,203.67,317.8,249.53
188.73,223.93,284.73,376.47
357.27,177,486.33,225
246.33,17,299.67,97
350.87,349.8,401,449
207.93,258.07,266.6,370.07
434.07,353,511.93,425.53
369,347.67,428.73,420.2
150.33,1,376.47,247.4
289,65,404.2,225
433,353,511.93,462.87
376.47,187.67,468.2,230.33
361.53,212.2,498.07,266.6
289,136.47,361.53,225
357.27,121.53,401,185.53
230.33,258.07,362.6,344.47
134.33,341.27,323.13,399.93
217.53,322.07,284.73,377.53
332.73,187.67,463.93,250.6
439.4,1,511.93,203.67
219.67,159.93,263.4,216.47
187.67,243.13,266.6,370.07
459.67,1,511.93,90.6
376.47,203.67,511.93,258.07
199.4,121.53,279.4,247.4
450.07,365.8,511.93,511.93
318.87,57.533,376.47,141.8
283.67,203.67,334.87,273
456.47,406.33,506.6,457.53
285.8,205.8,358.33,279.4
465,132.2,511.93,207.93
248.47,29.8,372.2,213.27
361.53,232.47,407.4,278.33
463.93,28.733,511.93,90.6
414.87,353,511.93,511.93
341.27,231.4,407.4,278.33
355.13,36.2,402.07,151.4
285.8,226.07,358.33,279.4
323.13,228.2,376.47,268.73
91.667,442.6,383.93,492.73
407.4,353,482.07,511.93
450.07,463.93,509.8,511.93
350.87,118.33,401,185.53
369,389.27,425.53,429.8
212.2,206.87,282.6,249.53
434.07,353,475.67,401
442.6,54.333,511.93,203.67
350.87,349.8,401,501.27
358.33,1,406.33,166.33
213.27,111.93,329.53,242.07
207.93,321,338.07,403.13
469.27,466.07,511.93,511.93
286.87,225,335.93,276.2
301.8,283.67,401,349.8
21.267,442.6,366.87,490.6
296.47,283.67,377.53,333.8
355.13,88.467,404.2,182.33
285.8,280.47,343.4,340.2
161,401,350.87,446.87
444.73,1,511.93,210.07
21.267,450.07,366.87,490.6
265.53,122.6,312.47,188.73
324.2,303.93,505.53,351.93
450.07,1,511.93,47.933
262.33,53.267,354.07,191.93
434.07,239.93,511.93,297.53
306.07,127.93,353,197.27
442.6,42.6,511.93,203.67
199.4,1,347.67,100.2
369,347.67,415.93,420.2
287.93,95.933,335.93,159.93
241,1,347.67,98.067
296.47,127.93,344.47,190.87
260.2,127.93,344.47,237.8
451.13,365.8,511.93,457.53
394.6,6.3333,438.33,211.13
276.2,50.067,346.6,132.2
433,353,511.93,417
263.4,133.27,315.67,209
254.87,287.93,295.4,329.53
414.87,396.73,467.13,475.67
350.87,353,396.73,511.93
150.33,26.6,367.93,125.8
305,1,347.67,47.933
296.47,280.47,401,345.53
194.07,118.33,277.27,166.33
350.87,137.53,394.6,196.2
414.87,387.13,467.13,511.93
454.33,365.8,510.87,462.87
343.4,65,394.6,183.4
318.87,57.533,369,129
150.33,1,376.47,125.8
203.67,124.73,258.07,216.47
248.47,293.27,312.47,351.93
438.33,237.8,511.93,297.53
217.53,325.27,284.73,377.53
419.13,237.8,511.93,303.93
461.8,28.733,511.93,103.4
188.73,121.53,271.93,248.47
153.53,129,218.6,287.93
242.07,325.27,337,399.93
230.33,258.07,271.93,344.47
396.73,212.2,499.13,257
262.33,29.8,372.2,191.93
210.07,121.53,271.93,162.07
390.33,293.27,511.93,351.93
349.8,124.73,394.6,183.4
238.87,258.07,302.87,302.87
282.6,203.67,499.13,278.33
401,6.3333,442.6,210.07
242.07,316.73,346.6,399.93
419.13,241,511.93,303.93
306.07,123.67,354.07,197.27
250.6,90.6,345.53,237.8
287.93,95.933,333.8,159.93
265.53,191.93,317.8,244.2
323.13,349.8,382.87,441.53
286.87,49,344.47,103.4
1,462.87,350.87,511.93
110.87,129,218.6,319.93
459.67,1,511.93,56.467
351.93,212.2,499.13,257
286.87,97,329.53,157.8
199.4,206.87,279.4,247.4
301.8,26.6,367.93,78.867
301.8,280.47,401,345.53
150.33,76.733,305,125.8
350.87,353,395.67,511.93
324.2,303.93,412.73,350.87
407.4,367.93,473.53,511.93
287.93,1,347.67,94.867
419.13,261.27,511.93,303.93
265.53,95.933,335.93,188.73
414.87,396.73,467.13,511.93
287.93,87.4,340.2,159.93
241,47.933,324.2,98.067
283.67,136.47,328.47,195.13
457.53,113,503.4,210.07
286.87,225,334.87,273
461.8,28.733,511.93,88.467
203.67,124.73,258.07,215.4
358.33,34.067,402.07,151.4
184.47,120.47,270.87,216.47
350.87,360.47,395.67,449
296.47,280.47,389.27,333.8
451.13,383.93,511.93,424.47
390.33,309.27,505.53,351.93
184.47,120.47,270.87,175.93
353,137.53,395.67,211.13
351.93,390.33,395.67,449
188.73,193,248.47,248.47
