1,1,341.27,511.93
265.53,340.2,322.07,395.67
107.67,201.53,148.2,297.53
252.73,1,341.27,250.6
260.2,283.67,341.27,359.4
38.333,1,127.93,65
1,340.2,341.27,511.93
190.87,180.2,341.27,343.4
1,308.2,137.53,511.93
117.27,129,341.27,511.93
115.13,1,341.27,191.93
115.13,1,204.73,45.8
206.87,77.8,270.87,168.47
205.8,63.933,273,168.47
280.47,342.33,341.27,422.33
66.067,143.93,125.8,313.53
231.4,242.07,341.27,343.4
254.87,125.8,341.27,214.33
181.27,129,341.27,274.07
44.733,1,206.87,131.13
115.13,1,206.87,89.533
215.4,1,341.27,290.07
1,1,126.87,390.33
1,20.2,190.87,511.93
1,1,341.27,419.13
193,1,341.27,367.93
178.07,1,341.27,323.13
42.6,1,341.27,511.93
183.4,350.87,341.27,511.93
38.333,1,206.87,126.87
106.6,350.87,253.8,511.93
1,342.33,341.27,511.93
275.13,465,341.27,511.93
106.6,1,341.27,234.6
1,369,165.27,511.93
247.4,1,341.27,249.53
106.6,30.867,282.6,393.53
1,358.33,89.533,492.73
174.87,353,341.27,511.93
24.467,140.73,126.87,338.07
194.07,129,273,180.2
1,290.07,341.27,511.93
247.4,1,341.27,187.67
7.4,407.4,60.733,450.07
297.53,394.6,341.27,441.53
1,404.2,141.8,511.93
171.67,1,341.27,409.53
1,358.33,101.27,511.93
76.733,250.6,124.73,312.47
1,8.4667,341.27,511.93
1,1,135.4,394.6
106.6,325.27,341.27,511.93
196.2,1,341.27,367.93
251.67,290.07,341.27,361.53
89.533,21.267,163.13,379.67
265.53,340.2,341.27,507.67
199.4,61.8,311.4,351.93
1,1,206.87,394.6
76.733,332.73,135.4,419.13
1,1,217.53,409.53
1,1,283.67,511.93
196.2,1,311.4,351.93
1,143.93,126.87,390.33
68.2,54.333,221.8,419.13
106.6,110.87,162.07,158.87
116.2,171.67,190.87,401
198.33,174.87,341.27,367.93
1,1,190.87,511.93
1,308.2,166.33,511.93
1,1,206.87,206.87
179.13,353,283.67,433
115.13,1,341.27,197.27
266.6,342.33,341.27,418.07
210.07,262.33,341.27,396.73
171.67,1,311.4,367.93
1,250.6,147.13,409.53
1,61.8,161,409.53
1,310.33,283.67,511.93
1,358.33,234.6,511.93
205.8,345.53,333.8,511.93
229.27,218.6,311.4,269.8
168.47,1,341.27,269.8
1,1,221.8,419.13
92.733,408.47,250.6,511.93
179.13,462.87,227.13,511.93
233.53,360.47,281.53,409.53
121.53,434.07,177,497
196.2,1,341.27,395.67
1,111.93,77.8,230.33
232.47,114.07,274.07,168.47
1,347.67,234.6,511.93
1,365.8,165.27,511.93
61.8,127.93,124.73,312.47
171.67,1,283.67,167.4
1,140.73,126.87,390.33
1,92.733,149.27,273
178.07,129,341.27,323.13
136.47,129,341.27,409.53
269.8,298.6,341.27,357.27
1,1,341.27,239.93
1,452.2,89.533,492.73
50.067,57.533,131.13,219.67
113,1,206.87,126.87
1,360.47,196.2,511.93
268.73,460.73,321,511.93
215.4,1,341.27,292.2
189.8,174.87,311.4,322.07
117.27,279.4,223.93,511.93
1,1,273,239.93
199.4,77.8,274.07,195.13
1,107.67,120.47,394.6
66.067,342.33,341.27,511.93
246.33,325.27,303.93,370.07
246.33,289,341.27,359.4
123.67,293.27,190.87,401
77.8,19.133,156.73,380.73
200.47,243.13,341.27,409.53
239.93,1,341.27,123.67
228.2,215.4,328.47,294.33
106.6,1,341.27,393.53
196.2,1,311.4,367.93
298.6,188.73,341.27,250.6
42.6,1,341.27,234.6
203.67,191.93,341.27,511.93
1,8.4667,179.13,511.93
1,308.2,341.27,511.93
24.467,360.47,196.2,511.93
105.53,260.2,190.87,403.13
1,1,341.27,401
168.47,1,341.27,511.93
181.27,129,341.27,409.53
1,111.93,126.87,390.33
1,308.2,137.53,472.47
206.87,257,341.27,395.67
203.67,220.73,252.73,321
268.73,325.27,341.27,511.93
226.07,28.733,274.07,71.4
228.2,215.4,341.27,325.27
231.4,243.13,341.27,409.53
207.93,1,341.27,175.93
261.27,1,341.27,180.2
247.4,1,341.27,196.2
1,204.73,137.53,390.33
1,211.13,166.33,511.93
254.87,119.4,341.27,250.6
207.93,197.27,311.4,274.07
122.6,137.53,175.93,305
38.333,1,143.93,98.067
220.73,302.87,278.33,351.93
1,1,137.53,390.33
214.33,290.07,341.27,362.6
136.47,168.47,309.27,387.13
196.2,1,341.27,269.8
1,358.33,136.47,511.93
209,271.93,341.27,367.93
1,125.8,71.4,258.07
2.0667,407.4,46.867,450.07
196.2,1,315.67,269.8
199.4,61.8,311.4,219.67
62.867,1,204.73,71.4
1,358.33,137.53,511.93
228.2,215.4,328.47,270.87
133.27,462.87,189.8,511.93
247.4,17,341.27,187.67
233.53,243.13,341.27,409.53
1,111.93,97,230.33
1,111.93,63.933,226.07
249.53,398.87,341.27,511.93
106.6,361.53,215.4,511.93
90.6,71.4,138.6,212.2
106.6,30.867,274.07,205.8
42.6,1,269.8,94.867
97,20.2,165.27,132.2
167.4,134.33,216.47,178.07
62.867,390.33,191.93,501.27
90.6,121.53,216.47,215.4
251.67,241,341.27,338.07
44.733,1,341.27,409.53
113,1,204.73,126.87
147.13,310.33,236.73,405.27
1,358.33,244.2,511.93
30.867,140.73,124.73,314.6
196.2,1,284.73,118.33
7.4,399.93,66.067,450.07
115.13,1,206.87,74.6
44.733,1,214.33,380.73
211.13,339.13,315.67,406.33
106.6,25.533,234.6,386.07
61.8,120.47,124.73,312.47
1,1,204.73,401
180.2,70.333,259.13,119.4
205.8,82.067,273,168.47
1,205.8,126.87,385
1,1,204.73,230.33
92.733,196.2,161,377.53
294.33,358.33,341.27,421.27
24.467,339.13,341.27,511.93
1,445.8,101.27,511.93
1,1,127.93,229.27
106.6,25.533,216.47,187.67
104.47,430.87,234.6,511.93
282.6,378.6,341.27,442.6
196.2,1,341.27,249.53
78.867,71.4,161,379.67
263.4,41.533,341.27,250.6
265.53,340.2,341.27,511.93
131.13,293.27,190.87,401
85.267,126.87,145,359.4
122.6,54.333,221.8,366.87
115.13,13.8,183.4,88.467
38.333,1,217.53,329.53
1,102.33,66.067,228.2
200.47,380.73,332.73,511.93
50.067,65,119.4,210.07
34.067,375.4,190.87,511.93
1,378.6,118.33,511.93
203.67,199.4,341.27,287.93
24.467,211.13,116.2,315.67
59.667,1,341.27,386.07
110.87,27.667,230.33,390.33
203.67,199.4,341.27,395.67
52.2,92.733,149.27,273
101.27,383.93,183.4,429.8
117.27,279.4,226.07,511.93
110.87,92.733,217.53,329.53
245.27,342.33,341.27,414.87
69.267,173.8,150.33,383.93
201.53,1,274.07,74.6
258.07,1,341.27,174.87
223.93,390.33,333.8,511.93
166.33,4.2,206.87,72.467
1,372.2,88.467,462.87
106.6,179.13,341.27,511.93
142.87,92.733,200.47,306.07
77.8,253.8,124.73,321
25.533,1,230.33,390.33
194.07,137.53,274.07,181.27
85.267,126.87,145,377.53
121.53,349.8,295.4,486.33
212.2,311.4,278.33,356.2
42.6,1,124.73,43.667
172.73,349.8,282.6,486.33
1,358.33,89.533,493.8
1,107.67,120.47,284.73
1,1,204.73,311.4
1,390.33,137.53,511.93
34.067,401,137.53,487.4
254.87,180.2,314.6,239.93
39.4,1,206.87,89.533
183.4,371.13,330.6,511.93
223.93,342.33,341.27,511.93
69.267,8.4667,179.13,383.93
239.93,1,341.27,250.6
1,1,127.93,390.33
258.07,24.467,341.27,204.73
271.93,247.4,341.27,292.2
24.467,361.53,222.87,511.93
38.333,277.27,137.53,387.13
106.6,30.867,274.07,209
24.467,360.47,196.2,442.6
147.13,1,341.27,234.6
212.2,63.933,274.07,135.4
189.8,174.87,341.27,323.13
1,196.2,161,409.53
1,197.27,73.533,295.4
95.933,173.8,150.33,383.93
261.27,17,341.27,180.2
190.87,266.6,254.87,322.07
65,135.4,120.47,284.73
68.2,71.4,190.87,419.13
201.53,1,274.07,182.33
228.2,215.4,312.47,266.6
201.53,125.8,315.67,219.67
195.13,177,311.4,367.93
66.067,350.87,341.27,511.93
198.33,174.87,311.4,367.93
76.733,253.8,190.87,419.13
201.53,177,311.4,219.67
201.53,82.067,341.27,269.8
25.533,1,341.27,390.33
65,143.93,125.8,313.53
294.33,194.07,341.27,250.6
201.53,177,276.2,219.67
1,92.733,149.27,305
245.27,242.07,341.27,343.4
261.27,241,341.27,292.2
117.27,279.4,341.27,511.93
107.67,207.93,148.2,297.53
68.2,253.8,190.87,419.13
257,1,341.27,249.53
1,450.07,72.467,511.93
1,1,129,206.87
59.667,71.4,161,379.67
188.73,381.8,243.13,433
206.87,77.8,270.87,133.27
1,358.33,183.4,511.93
24.467,370.07,146.07,419.13
201.53,177,341.27,269.8
137.53,179.13,341.27,393.53
121.53,342.33,341.27,511.93
211.13,342.33,315.67,406.33
87.4,71.4,162.07,297.53
281.53,398.87,341.27,511.93
33,347.67,190.87,511.93
67.133,20.2,190.87,401
239.93,290.07,341.27,362.6
137.53,311.4,189.8,386.07
286.87,41.533,341.27,250.6
24.467,361.53,227.13,511.93
41.533,1,273,110.87
7.4,407.4,66.067,450.07
92.733,158.87,142.87,347.67
233.53,289,341.27,409.53
24.467,369,146.07,511.93
25.533,21.267,230.33,390.33
166.33,39.4,214.33,79.933
59.667,25.533,234.6,386.07
201.53,119.4,341.27,269.8
110.87,92.733,209,309.27
62.867,378.6,244.2,507.67
44.733,1,204.73,71.4
168.47,56.467,219.67,173.8
1,1,119.4,206.87
1,111.93,125.8,313.53
147.13,129,273,188.73
1,390.33,101.27,511.93
41.533,1,215.4,74.6
116.2,417,234.6,511.93
1,308.2,146.07,511.93
207.93,217.53,284.73,274.07
142.87,158.87,198.33,287.93
209,257,341.27,367.93
262.33,17,316.73,180.2
44.733,1,206.87,88.467
1,345.53,333.8,511.93
249.53,457.53,341.27,511.93
27.667,462.87,70.333,506.6
59.667,369,146.07,415.93
194.07,69.267,302.87,172.73
50.067,65,119.4,219.67
122.6,54.333,205.8,174.87
115.13,34.067,209,183.4
61.8,214.33,116.2,311.4
1,460.73,61.8,511.93
279.4,435.13,333.8,511.93
17,462.87,101.27,511.93
110.87,130.07,162.07,174.87
241,257,341.27,332.73
33,360.47,191.93,438.33
142.87,27.667,200.47,73.533
1,61.8,149.27,305
196.2,1,280.47,73.533
106.6,50.067,168.47,158.87
210.07,353,270.87,396.73
13.8,167.4,66.067,227.13
44.733,1,214.33,79.933
1,445.8,101.27,502.33
33,347.67,234.6,511.93
249.53,439.4,341.27,511.93
142.87,158.87,221.8,366.87
198.33,1,341.27,367.93
189.8,129,341.27,323.13
104.47,401,234.6,511.93
206.87,61.8,273,168.47
172.73,349.8,295.4,486.33
265.53,340.2,341.27,422.33
203.67,191.93,341.27,299.67
244.2,243.13,341.27,324.2
104.47,393.53,234.6,511.93
268.73,435.13,333.8,511.93
76.733,250.6,132.2,312.47
77.8,253.8,190.87,403.13
210.07,345.53,330.6,511.93
1,370.07,146.07,511.93
198.33,174.87,311.4,351.93
1,420.2,55.4,472.47
190.87,182.33,341.27,343.4
122.6,54.333,216.47,305
196.2,1,274.07,73.533
61.8,19.133,165.27,380.73
92.733,158.87,138.6,345.53
1,378.6,97,511.93
147.13,120.47,341.27,234.6
269.8,82.067,313.53,127.93
183.4,339.13,341.27,511.93
106.6,361.53,222.87,511.93
136.47,177,309.27,387.13
263.4,251.67,341.27,294.33
90.6,121.53,179.13,210.07
168.47,1,341.27,191.93
69.267,255.93,126.87,338.07
42.6,461.8,97,511.93
250.6,376.47,341.27,511.93
252.73,241,341.27,325.27
168.47,1,291.13,173.8
111.93,21.267,163.13,136.47
244.2,243.13,341.27,297.53
1,358.33,68.2,451.13
124.73,54.333,216.47,179.13
268.73,443.67,341.27,511.93
33,412.73,104.47,488.47
93.8,186.6,149.27,379.67
223.93,468.2,267.67,511.93
265.53,340.2,341.27,414.87
77.8,332.73,135.4,409.53
1,402.07,101.27,511.93
203.67,191.93,341.27,396.73
287.93,41.533,341.27,250.6
198.33,90.6,305,191.93
239.93,1,322.07,123.67
258.07,72.467,312.47,130.07
1,167.4,137.53,390.33
205.8,345.53,330.6,511.93
106.6,25.533,216.47,164.2
265.53,340.2,341.27,441.53
263.4,248.47,341.27,294.33
248.47,385,331.67,491.67
38.333,1,119.4,63.933
150.33,159.93,215.4,202.6
198.33,174.87,311.4,219.67
51.133,401,137.53,487.4
252.73,1,341.27,116.2
233.53,339.13,331.67,409.53
92.733,310.33,283.67,511.93
1,308.2,137.53,444.73
1,57.533,131.13,239.93
52.2,127.93,93.8,273
33,369,190.87,511.93
77.8,19.133,165.27,380.73
175.93,462.87,227.13,511.93
25.533,120.47,124.73,312.47
258.07,1,341.27,165.27
104.47,417,234.6,511.93
142.87,462.87,189.8,506.6
195.13,177,309.27,367.93
194.07,137.53,273,180.2
172.73,344.47,331.67,511.93
207.93,218.6,260.2,274.07
13.8,61.8,113,206.87
24.467,369,196.2,442.6
62.867,390.33,110.87,453.27
1,205.8,126.87,390.33
233.53,325.27,303.93,409.53
71.4,250.6,124.73,311.4
166.33,1,225,75.667
220.73,18.067,274.07,118.33
172.73,340.2,341.27,511.93
77.8,8.4667,179.13,361.53
252.73,241,341.27,330.6
181.27,137.53,310.33,215.4
195.13,177,309.27,356.2
62.867,1,204.73,68.2
41.533,1,229.27,74.6
24.467,211.13,115.13,315.67
59.667,135.4,124.73,321
33,430.87,131.13,511.93
168.47,1,305,191.93
203.67,220.73,281.53,351.93
211.13,325.27,341.27,511.93
167.4,415.93,250.6,507.67
174.87,446.87,227.13,511.93
174.87,398.87,265.53,486.33
259.13,453.27,315.67,511.93
170.6,350.87,253.8,427.67
67.133,20.2,165.27,181.27
171.67,68.2,274.07,167.4
254.87,385,331.67,491.67
174.87,461.8,223.93,511.93
1,341.27,45.8,408.47
268.73,459.67,321,511.93
1,423.4,101.27,511.93
227.13,218.6,311.4,269.8
245.27,390.33,330.6,469.27
214.33,219.67,303.93,299.67
251.67,290.07,341.27,346.6
61.8,140.73,126.87,338.07
200.47,253.8,341.27,355.13
77.8,19.133,154.6,380.73
101.27,463.93,165.27,511.93
52.2,127.93,118.33,273
1,387.13,91.667,511.93
201.53,114.07,315.67,269.8
1,358.33,88.467,462.87
265.53,457.53,311.4,506.6
33,289,147.13,409.53
249.53,463.93,295.4,511.93
1,197.27,84.2,305
61.8,140.73,124.73,311.4
115.13,17,206.87,89.533
94.867,196.2,146.07,377.53
199.4,61.8,274.07,195.13
33,369,120.47,431.93
36.2,461.8,97,511.93
44.733,1,196.2,88.467
265.53,119.4,318.87,182.33
137.53,179.13,282.6,393.53
263.4,41.533,318.87,167.4
67.133,20.2,165.27,359.4
205.8,63.933,274.07,182.33
190.87,266.6,276.2,322.07
249.53,394.6,341.27,511.93
121.53,375.4,190.87,465
124.73,61.8,219.67,181.27
119.4,387.13,184.47,437.27
147.13,311.4,236.73,405.27
1,387.13,85.267,511.93
90.6,8.4667,179.13,215.4
1,358.33,61.8,451.13
273,253.8,341.27,355.13
136.47,179.13,233.53,387.13
66.067,398.87,127.93,472.47
42.6,1,195.13,43.667
195.13,193,260.2,274.07
105.53,207.93,161,377.53
87.4,71.4,138.6,199.4
266.6,194.07,311.4,243.13
24.467,193,68.2,239.93
1,111.93,66.067,230.33
65,135.4,124.73,321
249.53,241,341.27,286.87
245.27,290.07,341.27,343.4
270.87,247.4,341.27,287.93
92.733,408.47,244.2,511.93
269.8,243.13,341.27,297.53
265.53,125.8,312.47,172.73
90.6,34.067,233.53,398.87
258.07,390.33,330.6,469.27
215.4,219.67,303.93,292.2
209,271.93,278.33,351.93
136.47,279.4,223.93,465
228.2,218.6,303.93,266.6
196.2,31.933,269.8,94.867
131.13,261.27,190.87,401
209,257,341.27,395.67
239.93,1,322.07,56.467
38.333,1,127.93,98.067
92.733,158.87,143.93,347.67
99.133,8.4667,169.53,146.07
147.13,49,200.47,122.6
215.4,218.6,311.4,290.07
275.13,355.13,341.27,418.07
106.6,408.47,191.93,483.13
279.4,358.33,341.27,418.07
223.93,467.13,267.67,511.93
142.87,133.27,230.33,390.33
149.27,462.87,189.8,506.6
1,387.13,101.27,511.93
70.333,168.47,123.67,306.07
245.27,290.07,338.07,333.8
110.87,130.07,162.07,263.4
171.67,70.333,273,132.2
254.87,119.4,341.27,214.33
189.8,120.47,341.27,234.6
167.4,378.6,238.87,507.67
263.4,248.47,341.27,323.13
1,277.27,118.33,390.33
87.4,71.4,138.6,171.67
33,250.6,147.13,409.53
190.87,182.33,341.27,322.07
137.53,286.87,234.6,379.67
211.13,339.13,331.67,406.33
230.33,199.4,334.87,273
287.93,183.4,341.27,250.6
294.33,358.33,341.27,511.93
241,262.33,318.87,332.73
221.8,28.733,274.07,71.4
248.47,303.93,341.27,359.4
214.33,218.6,261.27,269.8
44.733,1,206.87,74.6
252.73,241,341.27,292.2
62.867,378.6,244.2,511.93
59.667,369,146.07,429.8
289,398.87,341.27,455.4
24.467,398.87,118.33,494.87
90.6,71.4,148.2,212.2
161,350.87,204.73,398.87
1,125.8,66.067,227.13
118.33,463.93,165.27,511.93
90.6,71.4,161,379.67
201.53,1,274.07,188.73
166.33,1,269.8,94.867
195.13,189.8,341.27,274.07
284.73,196.2,341.27,249.53
207.93,1,284.73,56.467
190.87,315.67,257,357.27
263.4,242.07,341.27,323.13
106.6,413.8,165.27,468.2
110.87,129,162.07,263.4
185.53,1,291.13,71.4
62.867,1,215.4,74.6
203.67,191.93,334.87,299.67
230.33,226.07,334.87,273
269.8,298.6,341.27,362.6
103.4,1,206.87,126.87
106.6,408.47,244.2,511.93
201.53,114.07,315.67,219.67
25.533,21.267,163.13,379.67
200.47,262.33,276.2,306.07
178.07,137.53,273,185.53
1,110.87,49,229.27
1,125.8,120.47,284.73
86.333,20.2,165.27,150.33
110.87,27.667,219.67,309.27
130.07,122.6,234.6,386.07
189.8,174.87,303.93,230.33
178.07,129,273,185.53
147.13,310.33,246.33,405.27
1,204.73,125.8,390.33
198.33,90.6,274.07,191.93
24.467,370.07,146.07,421.27
184.47,455.4,234.6,511.93
24.467,372.2,72.467,417
78.867,92.733,148.2,142.87
190.87,315.67,263.4,357.27
97,20.2,165.27,145
85.267,126.87,190.87,401
97,129,138.6,216.47
81,450.07,136.47,511.93
181.27,137.53,311.4,367.93
1,372.2,88.467,431.93
269.8,356.2,341.27,414.87
221.8,23.4,274.07,71.4
113,466.07,164.2,511.93
20.2,407.4,61.8,451.13
1,205.8,135.4,394.6
77.8,117.27,143.93,361.53
273,358.33,341.27,511.93
74.6,469.27,131.13,511.93
62.867,390.33,185.53,483.13
294.33,358.33,341.27,418.07
228.2,218.6,311.4,270.87
33,404.2,141.8,511.93
153.53,401,213.27,465
211.13,220.73,257,274.07
203.67,199.4,334.87,280.47
287.93,376.47,341.27,511.93
46.867,450.07,136.47,511.93
138.6,54.333,205.8,170.6
251.67,303.93,341.27,346.6
260.2,24.467,309.27,123.67
210.07,262.33,296.47,349.8
1,447.93,118.33,511.93
207.93,61.8,273,113
62.867,1,202.6,56.467
19.133,167.4,66.067,227.13
174.87,461.8,226.07,511.93
245.27,290.07,298.6,333.8
209,220.73,257,274.07
147.13,310.33,283.67,490.6
103.4,19.133,154.6,108.73
68.2,1,196.2,88.467
68.2,450.07,136.47,511.93
191.93,129,268.73,170.6
261.27,199.4,334.87,266.6
123.67,25.533,206.87,89.533
260.2,24.467,318.87,182.33
260.2,457.53,312.47,506.6
194.07,1,341.27,191.93
181.27,137.53,274.07,184.47
207.93,182.33,341.27,273
262.33,38.333,316.73,180.2
258.07,82.067,316.73,131.13
120.47,1,203.67,45.8
207.93,199.4,334.87,280.47
1,358.33,118.33,511.93
155.67,172.73,217.53,329.53
258.07,15.933,307.13,123.67
260.2,17,315.67,127.93
287.93,167.4,341.27,250.6
115.13,34.067,273,183.4
24.467,370.07,136.47,419.13
100.2,1,206.87,89.533
106.6,408.47,210.07,511.93
252.73,1,341.27,167.4
268.73,439.4,341.27,511.93
66.067,405.27,116.2,451.13
188.73,350.87,253.8,427.67
117.27,423.4,205.8,511.93
219.67,68.2,273,110.87
181.27,129,310.33,215.4
1,1,123.67,210.07
263.4,251.67,341.27,306.07
261.27,1,341.27,198.33
33,430.87,104.47,488.47
62.867,378.6,238.87,507.67
67.133,118.33,115.13,181.27
63.933,107.67,108.73,156.73
233.53,354.07,281.53,406.33
247.4,120.47,341.27,187.67
210.07,274.07,296.47,349.8
207.93,1,284.73,118.33
202.6,222.87,275.13,313.53
116.2,431.93,185.53,501.27
97,115.13,138.6,212.2
218.6,439.4,265.53,486.33
181.27,168.47,310.33,215.4
171.67,86.333,217.53,133.27
181.27,129,323.13,238.87
214.33,218.6,311.4,269.8
264.47,1,335.93,98.067
245.27,251.67,341.27,343.4
1,382.87,53.267,450.07
200.47,243.13,341.27,355.13
51.133,390.33,110.87,431.93
239.93,1,322.07,66.067
78.867,92.733,148.2,216.47
119.4,21.267,163.13,107.67
291.13,183.4,341.27,250.6
49,120.47,124.73,312.47
172.73,349.8,331.67,511.93
116.2,430.87,234.6,511.93
147.13,310.33,263.4,405.27
287.93,119.4,341.27,250.6
209,271.93,277.27,319.93
212.2,199.4,334.87,294.33
212.2,63.933,289,135.4
24.467,387.13,81,446.87
210.07,345.53,270.87,486.33
210.07,262.33,341.27,364.73
268.73,355.13,341.27,511.93
262.33,17,314.6,115.13
252.73,241,341.27,338.07
42.6,1,204.73,115.13
1,404.2,113,493.8
149.27,455.4,234.6,511.93
268.73,358.33,341.27,421.27
1,408.47,72.467,462.87
265.53,125.8,315.67,185.53
273,353,341.27,422.33
1,1,118.33,206.87
185.53,1,291.13,74.6
220.73,18.067,274.07,74.6
207.93,61.8,269.8,117.27
25.533,211.13,71.4,258.07
212.2,228.2,257,274.07
136.47,177,309.27,356.2
210.07,262.33,298.6,364.73
85.267,126.87,147.13,380.73
209,269.8,276.2,311.4
35.133,453.27,97,511.93
105.53,207.93,161,338.07
51.133,390.33,137.53,498.07
137.53,311.4,190.87,403.13
264.47,307.13,341.27,359.4
207.93,228.2,255.93,280.47
212.2,296.47,278.33,351.93
203.67,216.47,278.33,351.93
153.53,350.87,223.93,465
249.53,457.53,329.53,511.93
75.667,406.33,118.33,494.87
205.8,117.27,273,168.47
210.07,353,270.87,486.33
263.4,241,341.27,286.87
196.2,1,274.07,117.27
1,110.87,67.133,239.93
183.4,353,283.67,407.4
76.733,305,135.4,419.13
51.133,401,137.53,498.07
155.67,189.8,217.53,329.53
95.933,298.6,137.53,383.93
107.67,207.93,149.27,379.67
24.467,370.07,146.07,511.93
97,71.4,138.6,147.13
207.93,1,315.67,127.93
117.27,387.13,194.07,511.93
1,341.27,45.8,399.93
175.93,264.47,278.33,356.2
245.27,303.93,341.27,362.6
247.4,125.8,327.4,187.67
190.87,220.73,276.2,322.07
77.8,19.133,154.6,347.67
130.07,122.6,215.4,305
1,204.73,73.533,295.4
284.73,353,341.27,422.33
200.47,376.47,341.27,511.93
260.2,265.53,341.27,332.73
254.87,125.8,315.67,214.33
26.6,193,68.2,239.93
137.53,311.4,189.8,379.67
77.8,117.27,143.93,347.67
106.6,81,162.07,158.87
254.87,125.8,315.67,204.73
90.6,34.067,216.47,316.73
245.27,347.67,307.13,392.47
69.267,255.93,117.27,312.47
77.8,19.133,154.6,188.73
33,369,123.67,409.53
247.4,17,327.4,187.67
203.67,113,274.07,167.4
85.267,126.87,147.13,377.53
273,355.13,341.27,443.67
207.93,127.93,268.73,168.47
137.53,286.87,234.6,386.07
252.73,1,341.27,98.067
198.33,174.87,311.4,269.8
190.87,380.73,238.87,433
98.067,20.2,165.27,132.2
55.4,107.67,108.73,213.27
260.2,290.07,341.27,359.4
266.6,193,341.27,249.53
269.8,257,341.27,325.27
71.4,161,118.33,269.8
127.93,431.93,185.53,497
298.6,408.47,341.27,455.4
90.6,121.53,216.47,210.07
248.47,303.93,341.27,355.13
210.07,353,270.87,482.07
90.6,71.4,149.27,379.67
1,1,129,227.13
1,423.4,56.467,473.53
229.27,198.33,341.27,269.8
63.933,338.07,137.53,383.93
116.2,431.93,234.6,511.93
147.13,311.4,214.33,405.27
33,430.87,113,488.47
1,205.8,118.33,394.6
201.53,1,263.4,74.6
1,449,55.4,511.93
45.8,6.3333,127.93,131.13
258.07,15.933,318.87,167.4
84.2,92.733,149.27,188.73
174.87,353,253.8,476.73
196.2,1,312.47,130.07
206.87,116.2,268.73,168.47
209,271.93,278.33,367.93
85.267,126.87,143.93,347.67
233.53,339.13,341.27,409.53
55.4,107.67,108.73,196.2
122.6,54.333,205.8,187.67
203.67,191.93,254.87,299.67
33,430.87,118.33,488.47
233.53,177,341.27,239.93
33,412.73,131.13,511.93
1,460.73,54.333,502.33
220.73,17,315.67,127.93
221.8,28.733,274.07,69.267
25.533,211.13,66.067,257
266.6,182.33,341.27,249.53
45.8,6.3333,127.93,76.733
174.87,398.87,254.87,486.33
171.67,70.333,274.07,167.4
139.67,133.27,230.33,390.33
189.8,174.87,282.6,234.6
286.87,1,341.27,191.93
227.13,219.67,303.93,274.07
268.73,325.27,341.27,421.27
260.2,24.467,310.33,123.67
168.47,70.333,216.47,179.13
101.27,383.93,179.13,429.8
99.133,19.133,169.53,146.07
218.6,407.4,267.67,490.6
211.13,1,316.73,180.2
196.2,1,249.53,73.533
11.667,404.2,56.467,446.87
229.27,189.8,341.27,269.8
1,369,146.07,511.93
117.27,20.2,165.27,85.267
189.8,174.87,311.4,311.4
147.13,341.27,190.87,401
249.53,442.6,341.27,511.93
122.6,137.53,166.33,265.53
168.47,56.467,289,173.8
66.067,398.87,116.2,442.6
252.73,1,322.07,56.467
136.47,179.13,233.53,398.87
24.467,447.93,97,511.93
189.8,174.87,303.93,311.4
142.87,92.733,209,309.27
33,430.87,141.8,511.93
148.2,188.73,233.53,387.13
147.13,347.67,190.87,403.13
102.33,110.87,162.07,212.2
195.13,177,309.27,313.53
119.4,387.13,184.47,497
1,358.33,118.33,497
19.133,182.33,66.067,228.2
66.067,350.87,243.13,511.93
212.2,227.13,267.67,294.33
90.6,121.53,179.13,215.4
77.8,305,135.4,383.93
130.07,159.93,215.4,305
207.93,228.2,277.27,309.27
1,460.73,61.8,502.33
254.87,385,333.8,491.67
24.467,369,146.07,488.47
174.87,353,332.73,511.93
266.6,355.13,341.27,418.07
261.27,1,341.27,249.53
239.93,365.8,330.6,511.93
142.87,190.87,198.33,305
194.07,1,316.73,180.2
162.07,178.07,212.2,298.6
1,387.13,72.467,511.93
1,430.87,56.467,473.53
229.27,220.73,305,269.8
77.8,92.733,149.27,188.73
215.4,18.067,274.07,74.6
78.867,92.733,149.27,267.67
268.73,81,318.87,182.33
136.47,177,309.27,310.33
203.67,195.13,281.53,351.93
105.53,207.93,149.27,379.67
205.8,90.6,274.07,182.33
67.133,118.33,134.33,181.27
110.87,27.667,219.67,194.07
265.53,119.4,341.27,186.6
152.47,455.4,234.6,511.93
258.07,24.467,341.27,250.6
115.13,106.6,209,183.4
254.87,342.33,341.27,491.67
241,269.8,296.47,332.73
203.67,220.73,252.73,313.53
1,430.87,113,493.8
104.47,430.87,185.53,511.93
174.87,381.8,243.13,472.47
195.13,188.73,303.93,230.33
33,461.8,97,511.93
102.33,110.87,162.07,297.53
1,461.8,72.467,511.93
90.6,121.53,216.47,316.73
34.067,375.4,190.87,488.47
9.5333,407.4,60.733,450.07
106.6,361.53,215.4,500.2
214.33,1,263.4,71.4
42.6,445.8,85.267,497
138.6,54.333,216.47,179.13
171.67,17,274.07,167.4
106.6,25.533,216.47,158.87
1,398.87,118.33,497
105.53,260.2,161,379.67
147.13,158.87,195.13,202.6
228.2,221.8,303.93,266.6
57.533,6.3333,127.93,65
189.8,174.87,303.93,276.2
247.4,137.53,327.4,187.67
68.2,430.87,137.53,511.93
60.733,412.73,101.27,459.67
228.2,221.8,298.6,266.6
252.73,1,322.07,66.067
132.2,25.533,202.6,74.6
180.2,70.333,273,119.4
274.07,247.4,341.27,292.2
132.2,25.533,206.87,74.6
269.8,243.13,341.27,292.2
107.67,186.6,149.27,267.67
66.067,405.27,132.2,451.13
183.4,350.87,330.6,511.93
99.133,19.133,149.27,133.27
60.733,401,137.53,487.4
206.87,61.8,274.07,168.47
98.067,20.2,165.27,137.53
249.53,460.73,295.4,511.93
41.533,1,127.93,65
203.67,216.47,277.27,309.27
232.47,28.733,274.07,69.267
268.73,325.27,341.27,442.6
155.67,346.6,204.73,398.87
252.73,1,335.93,98.067
157.8,371.13,217.53,465
189.8,174.87,282.6,230.33
230.33,226.07,334.87,270.87
105.53,207.93,161,350.87
219.67,411.67,267.67,490.6
77.8,19.133,154.6,345.53
1,308.2,137.53,417
120.47,430.87,185.53,497
258.07,82.067,313.53,127.93
90.6,71.4,138.6,132.2
207.93,1,310.33,56.467
42.6,1,127.93,115.13
175.93,264.47,271.93,339.13
249.53,452.2,339.13,511.93
79.933,166.33,120.47,284.73
203.67,220.73,278.33,351.93
258.07,1,322.07,123.67
1,1,125.8,211.13
1,449,55.4,498.07
174.87,398.87,252.73,473.53
182.33,350.87,243.13,433
258.07,73.533,312.47,130.07
220.73,17,274.07,74.6
195.13,189.8,309.27,313.53
151.4,286.87,221.8,366.87
179.13,353,283.67,490.6
110.87,134.33,162.07,174.87
230.33,226.07,280.47,270.87
106.6,413.8,165.27,465
133.27,387.13,184.47,434.07
265.53,81,318.87,182.33
24.467,387.13,81,452.2
266.6,121.53,316.73,180.2
233.53,177,341.27,247.4
170.6,56.467,219.67,119.4
142.87,159.93,215.4,305
196.2,177,273,217.53
201.53,456.47,244.2,511.93
168.47,120.47,213.27,173.8
210.07,353,270.87,421.27
33,360.47,161,409.53
280.47,353,341.27,422.33
119.4,387.13,184.47,434.07
182.33,350.87,223.93,412.73
180.2,378.6,258.07,433
82.067,452.2,124.73,511.93
99.133,19.133,169.53,133.27
211.13,1,308.2,74.6
1,387.13,55.4,472.47
23.4,338.07,137.53,388.2
248.47,385,331.67,511.93
182.33,415.93,250.6,477.8
148.2,310.33,230.33,390.33
149.27,462.87,216.47,511.93
257,125.8,311.4,167.4
86.333,20.2,165.27,137.53
89.533,117.27,161,379.67
195.13,188.73,282.6,230.33
24.467,387.13,81,467.13
1,211.13,117.27,381.8
179.13,378.6,258.07,433
66.067,398.87,205.8,511.93
132.2,25.533,216.47,119.4
147.13,360.47,190.87,403.13
137.53,286.87,221.8,379.67
119.4,260.2,161,379.67
71.4,423.4,119.4,498.07
129,49,200.47,126.87
98.067,61.8,146.07,132.2
59.667,369,140.73,429.8
24.467,369,146.07,451.13
1,205.8,124.73,385
207.93,216.47,309.27,273
101.27,380.73,191.93,438.33
41.533,1,121.53,47.933
142.87,133.27,214.33,329.53
51.133,390.33,93.8,431.93
297.53,265.53,341.27,316.73
113,1,200.47,126.87
124.73,126.87,178.07,174.87
164.2,1,204.73,56.467
250.6,450.07,315.67,511.93
54.333,450.07,136.47,511.93
121.53,375.4,190.87,436.2
258.07,24.467,318.87,182.33
289,356.2,341.27,414.87
266.6,74.6,316.73,180.2
185.53,1,263.4,71.4
24.467,369,140.73,429.8
38.333,277.27,118.33,387.13
196.2,177,309.27,217.53
172.73,349.8,282.6,439.4
151.4,93.8,200.47,190.87
201.53,177,341.27,247.4
110.87,27.667,219.67,181.27
143.93,37.267,216.47,119.4
76.733,259.13,124.73,312.47
1,358.33,53.267,450.07
157.8,386.07,217.53,465
280.47,1,322.07,63.933
119.4,387.13,194.07,511.93
281.53,376.47,341.27,443.67
107.67,207.93,149.27,370.07
155.67,189.8,196.2,292.2
175.93,264.47,245.27,316.73
136.47,178.07,212.2,310.33
51.133,450.07,136.47,511.93
228.2,302.87,276.2,349.8
99.133,19.133,154.6,133.27
189.8,174.87,273,220.73
268.73,460.73,313.53,509.8
174.87,461.8,221.8,511.93
34.067,375.4,190.87,487.4
220.73,75.667,274.07,118.33
33,369,147.13,409.53
92.733,158.87,138.6,314.6
17,462.87,70.333,506.6
118.33,383.93,166.33,425.53
30.867,223.93,103.4,314.6
261.27,199.4,334.87,268.73
182.33,370.07,223.93,412.73
212.2,63.933,289,164.2
203.67,195.13,257,274.07
53.267,404.2,113,452.2
41.533,1,127.93,210.07
289,403.13,341.27,455.4
268.73,119.4,318.87,182.33
268.73,130.07,313.53,182.33
262.33,17,341.27,180.2
78.867,92.733,148.2,136.47
265.53,125.8,315.67,204.73
136.47,279.4,204.73,398.87
117.27,428.73,177,497
223.93,390.33,301.8,511.93
215.4,453.27,315.67,511.93
24.467,398.87,88.467,446.87
211.13,1,274.07,74.6
1,402.07,54.333,473.53
212.2,227.13,257,294.33
106.6,413.8,171.67,468.2
166.33,386.07,217.53,431.93
212.2,353,253.8,395.67
129,383.93,179.13,425.53
207.93,127.93,255.93,168.47
212.2,228.2,257,294.33
24.467,369,146.07,429.8
275.13,355.13,341.27,443.67
1,461.8,97,511.93
7.4,402.07,60.733,450.07
1,204.73,118.33,390.33
59.667,369,109.8,415.93
136.47,49,200.47,126.87
200.47,380.73,332.73,487.4
1,125.8,66.067,228.2
258.07,390.33,301.8,469.27
71.4,140.73,118.33,269.8
42.6,419.13,97,497
148.2,318.87,214.33,377.53
174.87,353,253.8,472.47
68.2,469.27,137.53,511.93
171.67,86.333,217.53,132.2
1,344.47,67.133,390.33
99.133,92.733,149.27,133.27
124.73,105.53,180.2,181.27
174.87,461.8,217.53,511.93
1,372.2,67.133,418.07
13.8,1,119.4,206.87
261.27,69.267,302.87,127.93
89.533,129,138.6,216.47
182.33,422.33,228.2,477.8
194.07,113,274.07,172.73
51.133,412.73,101.27,459.67
298.6,353,341.27,422.33
239.93,365.8,330.6,469.27
139.67,360.47,184.47,408.47
24.467,398.87,74.6,446.87
24.467,398.87,88.467,452.2
33,433,100.2,488.47
61.8,127.93,118.33,273
273,287.93,338.07,355.13
66.067,398.87,116.2,451.13
103.4,387.13,196.2,442.6
142.87,190.87,198.33,287.93
157.8,286.87,217.53,329.53
101.27,383.93,191.93,438.33
106.6,408.47,191.93,465
183.4,353,270.87,396.73
209,1,263.4,50.067
157.8,286.87,214.33,329.53
113,1,189.8,76.733
1,205.8,123.67,385
1,1,115.13,203.67
59.667,369,146.07,451.13
33,433,104.47,488.47
276.2,247.4,341.27,287.93
218.6,411.67,267.67,490.6
62.867,369,123.67,409.53
1,453.27,97,511.93
249.53,348.73,307.13,392.47
179.13,378.6,238.87,433
281.53,398.87,332.73,443.67
117.27,423.4,205.8,501.27
99.133,68.2,149.27,133.27
245.27,347.67,341.27,414.87
142.87,174.87,214.33,329.53
77.8,332.73,135.4,383.93
106.6,408.47,191.93,511.93
298.6,356.2,341.27,414.87
233.53,191.93,324.2,239.93
110.87,61.8,219.67,181.27
214.33,138.6,274.07,182.33
167.4,422.33,228.2,507.67
68.2,469.27,131.13,511.93
1,457.53,55.4,498.07
89.533,129,130.07,199.4
155.67,189.8,214.33,329.53
268.73,137.53,313.53,182.33
260.2,51.133,309.27,123.67
153.53,371.13,217.53,465
1,402.07,97,497
84.2,117.27,124.73,188.73
212.2,63.933,271.93,113
157.8,423.4,205.8,472.47
101.27,383.93,166.33,429.8
62.867,390.33,191.93,483.13
202.6,222.87,275.13,306.07
180.2,70.333,273,117.27
151.4,92.733,200.47,190.87
103.4,387.13,188.73,442.6
71.4,161,113,238.87
148.2,318.87,230.33,390.33
239.93,365.8,283.67,407.4
62.867,390.33,171.67,468.2
71.4,161,113,213.27
215.4,457.53,267.67,511.93
180.2,70.333,259.13,117.27
151.4,93.8,200.47,181.27
205.8,90.6,255.93,168.47
142.87,27.667,200.47,71.4
106.6,408.47,191.93,468.2
33,313.53,147.13,409.53
95.933,338.07,137.53,383.93
117.27,428.73,177,501.27
75.667,403.13,118.33,494.87
147.13,318.87,214.33,405.27
258.07,1,322.07,63.933
262.33,38.333,306.07,127.93
198.33,174.87,254.87,217.53
148.2,318.87,223.93,390.33
59.667,369,140.73,415.93
103.4,387.13,184.47,442.6
110.87,130.07,162.07,227.13
133.27,1,189.8,47.933
244.2,390.33,301.8,493.8
205.8,90.6,248.47,139.67
179.13,61.8,219.67,113
89.533,117.27,138.6,216.47
133.27,34.067,200.47,121.53
119.4,387.13,184.47,438.33
183.4,344.47,223.93,390.33
266.6,121.53,316.73,167.4
71.4,161,113,231.4
124.73,126.87,178.07,181.27
124.73,121.53,180.2,181.27
124.73,68.2,183.4,181.27
203.67,191.93,254.87,266.6
105.53,207.93,146.07,306.07
163.13,318.87,214.33,377.53
163.13,318.87,214.33,391.4
1,341.27,45.8,390.33
190.87,390.33,258.07,433
76.733,267.67,124.73,312.47
