94.867,1,383.93,511.93
88.467,1,383.93,511.93
1,1,383.93,511.93
313.53,1,369,459.67
78.867,1,383.93,511.93
1,1,210.07,511.93
43.667,1,205.8,309.27
88.467,159.93,141.8,252.73
1,1,184.47,232.47
94.867,1,157.8,110.87
110.87,142.87,171.67,309.27
77.8,1,383.93,511.93
61.8,1,383.93,511.93
149.27,1,205.8,52.2
252.73,259.13,351.93,511.93
110.87,142.87,171.67,203.67
87.4,132.2,302.87,511.93
77.8,133.27,302.87,490.6
244.2,1,314.6,227.13
231.4,1,334.87,511.93
250.6,1,383.93,511.93
217.53,39.4,282.6,146.07
263.4,358.33,353,511.93
220.73,401,273,476.73
78.867,1,302.87,219.67
263.4,1,345.53,501.27
250.6,1,351.93,511.93
1,1,212.2,511.93
212.2,1,325.27,147.13
173.8,111.93,235.67,175.93
211.13,417,266.6,473.53
206.87,77.8,306.07,472.47
206.87,143.93,326.33,511.93
109.8,1,303.93,154.6
1,284.73,212.2,511.93
1,1,305,511.93
120.47,147.13,334.87,511.93
244.2,1,362.6,511.93
262.33,447.93,307.13,498.07
206.87,138.6,311.4,364.73
206.87,1,383.93,511.93
1,1,325.27,511.93
78.867,1,306.07,154.6
88.467,133.27,312.47,489.53
231.4,1,327.4,511.93
58.6,111.93,235.67,457.53
204.73,148.2,312.47,473.53
205.8,138.6,302.87,476.73
220.73,1,383.93,511.93
244.2,1,383.93,511.93
1,1,205.8,511.93
1,245.27,212.2,511.93
61.8,138.6,325.27,511.93
85.267,141.8,152.47,246.33
262.33,1,317.8,278.33
206.87,138.6,274.07,420.2
206.87,354.07,263.4,473.53
263.4,282.6,303.93,376.47
205.8,146.07,293.27,253.8
252.73,1,327.4,330.6
263.4,168.47,315.67,364.73
149.27,1,205.8,45.8
335.93,1,383.93,511.93
299.67,1,345.53,501.27
94.867,1,205.8,152.47
264.47,1,383.93,511.93
1,2.0667,225,511.93
1,1,214.33,511.93
53.267,425.53,149.27,511.93
205.8,138.6,302.87,472.47
1,2.0667,225,489.53
113,142.87,195.13,303.93
313.53,1,383.93,511.93
1,1,136.47,511.93
81,1,205.8,102.33
100.2,1,214.33,146.07
61.8,180.2,137.53,301.8
54.333,300.73,172.73,511.93
206.87,315.67,262.33,472.47
97,1,205.8,70.333
120.47,153.53,219.67,489.53
1,2.0667,136.47,485.27
94.867,1,334.87,511.93
61.8,1,325.27,511.93
262.33,1,327.4,511.93
206.87,138.6,274.07,364.73
54.333,284.73,131.13,457.53
252.73,433,312.47,511.93
110.87,331.67,172.73,427.67
101.27,1,306.07,154.6
87.4,142.87,174.87,345.53
58.6,1,383.93,511.93
226.07,1,383.93,511.93
54.333,305,178.07,477.8
226.07,77.8,294.33,154.6
78.867,180.2,136.47,253.8
120.47,1,383.93,511.93
90.6,465,201.53,511.93
77.8,1,306.07,511.93
205.8,138.6,302.87,511.93
83.133,141.8,204.73,475.67
324.2,1,383.93,511.93
72.467,350.87,140.73,442.6
145,77.8,306.07,511.93
54.333,436.2,212.2,511.93
226.07,1,354.07,511.93
145,138.6,325.27,511.93
88.467,133.27,312.47,511.93
83.133,161,140.73,303.93
264.47,1,315.67,168.47
206.87,138.6,325.27,511.93
278.33,259.13,333.8,511.93
1,1,206.87,511.93
113,142.87,178.07,455.4
263.4,122.6,315.67,168.47
1,2.0667,123.67,485.27
88.467,159.93,134.33,203.67
40.467,141.8,225,489.53
252.73,1,344.47,452.2
327.4,419.13,383.93,511.93
43.667,1,305,309.27
94.867,1,305,158.87
120.47,153.53,201.53,473.53
225,74.6,278.33,117.27
1,1,136.47,485.27
72.467,463.93,201.53,511.93
58.6,1,306.07,511.93
262.33,1,383.93,511.93
110.87,359.4,169.53,422.33
69.267,279.4,172.73,447.93
116.2,146.07,225,489.53
77.8,1,298.6,146.07
54.333,301.8,151.4,511.93
114.07,110.87,205.8,152.47
196.2,133.27,302.87,490.6
77.8,141.8,204.73,475.67
130.07,38.333,235.67,218.6
217.53,39.4,285.8,147.13
145,1,383.93,511.93
249.53,401,295.4,473.53
262.33,1,327.4,446.87
54.333,279.4,201.53,511.93
206.87,138.6,274.07,353
105.53,97,184.47,147.13
98.067,1,172.73,98.067
95.933,346.6,182.33,458.6
206.87,138.6,274.07,414.87
95.933,390.33,156.73,458.6
231.4,415.93,312.47,475.67
94.867,411.67,157.8,457.53
264.47,159.93,311.4,262.33
250.6,1,327.4,278.33
58.6,141.8,152.47,305
1,321,87.4,511.93
230.33,1,354.07,511.93
212.2,430.87,275.13,511.93
299.67,1,353,501.27
264.47,1,314.6,76.733
61.8,142.87,205.8,491.67
77.8,1,282.6,146.07
319.93,1,383.93,511.93
198.33,79.933,314.6,253.8
231.4,415.93,312.47,511.93
312.47,1,383.93,511.93
53.267,433,212.2,511.93
278.33,309.27,334.87,511.93
198.33,207.93,262.33,489.53
81,91.667,184.47,232.47
327.4,1,383.93,511.93
211.13,313.53,325.27,511.93
94.867,79.933,314.6,473.53
95.933,285.8,205.8,491.67
269.8,362.6,313.53,429.8
278.33,461.8,325.27,511.93
262.33,1,317.8,446.87
289,1,337,260.2
1,1,206.87,485.27
87.4,142.87,205.8,491.67
61.8,244.2,133.27,301.8
237.8,147.13,326.33,374.33
121.53,200.47,173.8,309.27
283.67,443.67,334.87,511.93
98.067,1,306.07,147.13
226.07,420.2,296.47,511.93
84.2,41.533,166.33,91.667
83.133,159.93,141.8,252.73
61.8,279.4,172.73,447.93
1,245.27,130.07,511.93
206.87,77.8,306.07,476.73
40.467,141.8,195.13,339.13
206.87,77.8,294.33,347.67
145,426.6,199.4,481
43.667,142.87,187.67,309.27
1,1,141.8,511.93
278.33,354.07,333.8,463.93
264.47,1,327.4,261.27
87.4,132.2,213.27,475.67
230.33,415.93,299.67,511.93
252.73,1,337,330.6
258.07,137.53,305,179.13
140.73,1,305,158.87
207.93,362.6,262.33,511.93
230.33,1,383.93,511.93
229.27,146.07,287.93,253.8
100.2,1,305,147.13
61.8,425.53,149.27,511.93
210.07,418.07,262.33,472.47
95.933,406.33,205.8,491.67
179.13,167.4,251.67,511.93
65,1,150.33,91.667
330.6,1,383.93,511.93
111.93,333.8,169.53,408.47
140.73,1,305,253.8
205.8,155.67,291.13,473.53
54.333,279.4,212.2,511.93
264.47,1,346.6,453.27
252.73,1,303.93,56.467
263.4,265.53,323.13,374.33
264.47,1,327.4,329.53
262.33,1,314.6,227.13
24.467,321,87.4,475.67
198.33,134.33,302.87,511.93
252.73,1,362.6,511.93
299.67,230.33,345.53,501.27
1,284.73,201.53,511.93
114.07,359.4,169.53,402.07
88.467,1,312.47,511.93
212.2,325.27,323.13,417
269.8,123.67,314.6,168.47
1,1,325.27,232.47
265.53,170.6,324.2,261.27
205.8,138.6,274.07,414.87
100.2,1,325.27,221.8
179.13,1,334.87,511.93
77.8,1,306.07,154.6
218.6,177,273,218.6
283.67,339.13,328.47,454.33
87.4,132.2,213.27,345.53
72.467,453.27,201.53,511.93
54.333,284.73,134.33,457.53
263.4,265.53,313.53,363.67
157.8,148.2,200.47,424.47
342.33,1,383.93,254.87
141.8,1,280.47,114.07
205.8,180.2,291.13,445.8
94.867,111.93,235.67,457.53
211.13,471.4,251.67,511.93
198.33,158.87,273,221.8
299.67,430.87,354.07,510.87
157.8,141.8,204.73,423.4
327.4,361.53,383.93,511.93
88.467,142.87,199.4,457.53
54.333,284.73,172.73,457.53
40.467,141.8,135.4,339.13
259.13,461.8,319.93,511.93
206.87,354.07,275.13,473.53
72.467,79.933,135.4,151.4
152.47,148.2,200.47,474.6
263.4,79.933,314.6,227.13
88.467,142.87,199.4,473.53
1,1,150.33,92.733
142.87,427.67,183.4,475.67
88.467,435.13,178.07,477.8
226.07,339.13,354.07,511.93
94.867,142.87,201.53,309.27
263.4,104.47,327.4,511.93
1,1,150.33,151.4
67.133,433,114.07,488.47
87.4,141.8,201.53,198.33
120.47,346.6,182.33,454.33
101.27,1,289,154.6
313.53,265.53,356.2,459.67
78.867,1,302.87,167.4
58.6,436.2,212.2,511.93
145,141.8,251.67,511.93
252.73,265.53,325.27,511.93
94.867,79.933,314.6,309.27
102.33,279.4,172.73,431.93
252.73,232.47,325.27,511.93
280.47,1,327.4,330.6
205.8,155.67,291.13,417
205.8,138.6,302.87,414.87
116.2,260.2,174.87,457.53
1,1,172.73,98.067
278.33,457.53,325.27,511.93
284.73,187.67,326.33,278.33
263.4,394.6,328.47,497
54.333,418.07,178.07,477.8
211.13,122.6,265.53,164.2
341.27,1,383.93,364.73
130.07,65,212.2,146.07
154.6,153.53,201.53,425.53
111.93,301.8,169.53,408.47
40.467,141.8,138.6,339.13
100.2,1,306.07,147.13
263.4,398.87,353,511.93
120.47,415.93,183.4,475.67
145,399.93,190.87,473.53
207.93,282.6,325.27,511.93
157.8,132.2,213.27,181.27
263.4,282.6,323.13,403.13
282.6,403.13,324.2,465
132.2,200.47,173.8,303.93
1,1,184.47,151.4
121.53,142.87,173.8,309.27
263.4,398.87,354.07,511.93
145,334.87,200.47,473.53
85.267,95.933,143.93,151.4
262.33,79.933,303.93,135.4
81,91.667,184.47,147.13
110.87,142.87,187.67,309.27
212.2,439.4,261.27,511.93
264.47,168.47,310.33,267.67
130.07,38.333,235.67,219.67
40.467,227.13,135.4,339.13
205.8,147.13,334.87,511.93
264.47,137.53,324.2,261.27
77.8,1,306.07,155.67
263.4,104.47,327.4,418.07
145,169.53,262.33,489.53
217.53,39.4,294.33,167.4
258.07,443.67,334.87,511.93
205.8,155.67,273,218.6
140.73,30.867,221.8,146.07
137.53,1,206.87,65
263.4,358.33,354.07,511.93
252.73,428.73,312.47,511.93
155.67,38.333,235.67,218.6
43.667,148.2,111.93,262.33
205.8,147.13,326.33,445.8
230.33,425.53,296.47,511.93
88.467,142.87,201.53,473.53
324.2,419.13,383.93,511.93
113,142.87,178.07,417
263.4,398.87,319.93,497
145,454.33,211.13,511.93
1,1,206.87,151.4
158.87,146.07,201.53,428.73
145,169.53,200.47,473.53
262.33,1,316.73,135.4
264.47,1,327.4,418.07
116.2,142.87,170.6,310.33
264.47,1,314.6,99.133
212.2,1,296.47,60.733
137.53,1,205.8,101.27
149.27,1,205.8,69.267
250.6,10.6,315.67,147.13
157.8,141.8,217.53,511.93
245.27,282.6,325.27,418.07
342.33,1,383.93,365.8
61.8,180.2,136.47,301.8
222.87,145,306.07,431.93
294.33,456.47,353,511.93
262.33,81,303.93,126.87
134.33,142.87,174.87,207.93
120.47,345.53,190.87,473.53
158.87,111.93,235.67,185.53
87.4,142.87,177,415.93
62.867,358.33,120.47,446.87
139.67,422.33,183.4,475.67
95.933,241,205.8,491.67
43.667,148.2,119.4,266.6
110.87,379.67,154.6,431.93
161,1,214.33,119.4
211.13,471.4,254.87,511.93
212.2,313.53,325.27,447.93
341.27,1,383.93,150.33
134.33,142.87,174.87,202.6
213.27,2.0667,305,47.933
157.8,122.6,293.27,253.8
87.4,132.2,213.27,417
229.27,88.467,293.27,158.87
252.73,2.0667,303.93,56.467
269.8,126.87,314.6,227.13
262.33,1,316.73,227.13
169.53,81,211.13,145
95.933,346.6,205.8,491.67
83.133,142.87,178.07,417
83.133,141.8,204.73,452.2
196.2,133.27,305,183.4
211.13,471.4,252.73,511.93
130.07,65,201.53,120.47
211.13,417,263.4,473.53
319.93,363.67,383.93,511.93
280.47,461.8,353,511.93
230.33,425.53,278.33,511.93
85.267,392.47,126.87,436.2
206.87,161,274.07,347.67
120.47,387.13,190.87,473.53
95.933,390.33,205.8,491.67
263.4,170.6,306.07,264.47
265.53,50.067,312.47,140.73
61.8,433,212.2,511.93
215.4,361.53,291.13,417
212.2,309.27,334.87,511.93
273,443.67,334.87,511.93
94.867,1,205.8,117.27
330.6,261.27,373.27,460.73
110.87,142.87,201.53,309.27
72.467,463.93,212.2,511.93
212.2,415.93,312.47,511.93
263.4,1,327.4,511.93
54.333,279.4,172.73,511.93
145,454.33,254.87,511.93
157.8,141.8,251.67,511.93
278.33,354.07,333.8,498.07
54.333,392.47,126.87,501.27
215.4,326.33,291.13,417
120.47,200.47,199.4,473.53
127.93,142.87,178.07,417
145,387.13,190.87,473.53
158.87,153.53,201.53,425.53
77.8,209,127.93,253.8
207.93,362.6,264.47,511.93
58.6,141.8,152.47,277.27
120.47,334.87,200.47,475.67
146.07,153.53,201.53,425.53
161,67.133,210.07,119.4
58.6,451.13,149.27,511.93
110.87,359.4,169.53,402.07
1,284.73,172.73,511.93
1,284.73,163.13,511.93
253.8,360.47,302.87,419.13
141.8,1,282.6,146.07
262.33,1,326.33,278.33
221.8,177,273,217.53
274.07,279.4,322.07,355.13
342.33,1,383.93,258.07
206.87,225,260.2,423.4
262.33,1,317.8,445.8
206.87,285.8,258.07,354.07
252.73,259.13,333.8,511.93
78.867,1,303.93,154.6
142.87,1,205.8,52.2
229.27,82.067,294.33,154.6
263.4,358.33,328.47,497
179.13,1,302.87,76.733
110.87,300.73,172.73,431.93
195.13,133.27,312.47,489.53
270.87,1,327.4,261.27
119.4,465,159.93,506.6
82.067,302.87,151.4,395.67
155.67,38.333,229.27,218.6
65,358.33,120.47,446.87
94.867,1,157.8,117.27
204.73,360.47,290.07,473.53
94.867,142.87,178.07,457.53
229.27,92.733,293.27,158.87
206.87,250.6,258.07,354.07
116.2,142.87,199.4,457.53
229.27,79.933,293.27,158.87
262.33,79.933,314.6,227.13
263.4,282.6,323.13,413.8
29.8,321,87.4,471.4
263.4,283.67,303.93,363.67
116.2,169.53,187.67,309.27
250.6,1,326.33,278.33
252.73,1,313.53,126.87
337,365.8,383.93,511.93
212.2,430.87,275.13,473.53
81,145,145,185.53
205.8,315.67,291.13,445.8
145,332.73,199.4,473.53
93.8,301.8,163.13,393.53
78.867,27.667,210.07,132.2
154.6,1,305,77.8
72.467,305,172.73,442.6
113,389.27,157.8,452.2
69.267,379.67,155.67,447.93
164.2,153.53,219.67,489.53
93.8,301.8,172.73,436.2
196.2,1,325.27,221.8
253.8,360.47,296.47,419.13
278.33,309.27,325.27,502.33
263.4,1,354.07,511.93
149.27,1,190.87,52.2
259.13,339.13,354.07,511.93
341.27,1,383.93,365.8
72.467,345.53,140.73,442.6
205.8,148.2,290.07,423.4
283.67,259.13,325.27,445.8
342.33,1,383.93,210.07
69.267,379.67,126.87,447.93
210.07,412.73,262.33,472.47
99.133,305,172.73,436.2
270.87,174.87,324.2,261.27
264.47,283.67,323.13,374.33
113,389.27,173.8,452.2
40.467,141.8,91.667,247.4
264.47,147.13,326.33,289
110.87,309.27,172.73,427.67
207.93,180.2,271.93,258.07
280.47,444.73,353,511.93
126.87,260.2,174.87,457.53
330.6,356.2,373.27,460.73
262.33,1,317.8,363.67
95.933,406.33,156.73,458.6
110.87,142.87,154.6,203.67
218.6,39.4,293.27,158.87
149.27,1,190.87,45.8
72.467,403.13,120.47,446.87
69.267,392.47,126.87,447.93
299.67,414.87,345.53,501.27
263.4,282.6,308.2,403.13
87.4,142.87,167.4,200.47
110.87,305,172.73,427.67
154.6,1,214.33,77.8
210.07,410.6,262.33,472.47
263.4,261.27,322.07,357.27
261.27,174.87,302.87,339.13
196.2,133.27,267.67,175.93
262.33,1,313.53,126.87
264.47,283.67,325.27,418.07
278.33,354.07,324.2,445.8
137.53,1,220.73,168.47
77.8,41.533,173.8,145
72.467,363.67,140.73,442.6
206.87,259.13,258.07,354.07
207.93,177,290.07,414.87
284.73,461.8,325.27,511.93
264.47,49,315.67,168.47
259.13,398.87,354.07,511.93
263.4,47.933,323.13,109.8
263.4,412.73,325.27,511.93
209,362.6,262.33,472.47
54.333,345.53,120.47,457.53
205.8,148.2,267.67,221.8
58.6,436.2,149.27,511.93
179.13,1,302.87,167.4
263.4,143.93,326.33,357.27
88.467,177,141.8,252.73
299.67,81,362.6,463.93
341.27,248.47,383.93,365.8
212.2,1,302.87,147.13
338.07,1,383.93,444.73
264.47,1,314.6,63.933
213.27,20.2,277.27,66.067
223.93,77.8,294.33,167.4
87.4,141.8,152.47,215.4
154.6,1,305,158.87
87.4,142.87,173.8,309.27
341.27,248.47,383.93,455.4
72.467,418.07,178.07,477.8
162.07,146.07,225,489.53
227.13,74.6,293.27,158.87
205.8,138.6,302.87,420.2
263.4,1,327.4,445.8
269.8,107.67,315.67,168.47
263.4,155.67,314.6,264.47
261.27,171.67,311.4,332.73
142.87,1,294.33,154.6
262.33,1,313.53,79.933
263.4,365.8,306.07,431.93
341.27,1,383.93,366.87
29.8,141.8,135.4,471.4
169.53,81,212.2,145
121.53,143.93,173.8,309.27
157.8,141.8,222.87,511.93
206.87,180.2,283.67,356.2
116.2,142.87,166.33,243.13
77.8,41.533,184.47,145
206.87,77.8,294.33,472.47
70.333,284.73,163.13,385
54.333,301.8,151.4,501.27
40.467,210.07,138.6,339.13
123.67,199.4,175.93,417
140.73,30.867,211.13,116.2
87.4,143.93,145,198.33
327.4,418.07,383.93,511.93
101.27,132.2,213.27,345.53
210.07,418.07,261.27,472.47
262.33,1,314.6,190.87
95.933,180.2,137.53,284.73
100.2,1,220.73,168.47
205.8,315.67,263.4,445.8
82.067,301.8,151.4,395.67
205.8,138.6,274.07,420.2
207.93,362.6,262.33,457.53
102.33,300.73,172.73,431.93
252.73,1,327.4,511.93
78.867,27.667,210.07,140.73
111.93,353,167.4,408.47
285.8,52.2,326.33,126.87
179.13,1,285.8,76.733
341.27,157.8,383.93,365.8
245.27,282.6,302.87,363.67
88.467,145,145,203.67
77.8,1,207.93,145
145,200.47,199.4,473.53
29.8,141.8,136.47,471.4
140.73,30.867,293.27,158.87
264.47,171.67,311.4,262.33
110.87,331.67,172.73,402.07
141.8,68.2,210.07,114.07
225,79.933,273,122.6
179.13,1,220.73,146.07
154.6,1,277.27,77.8
205.8,157.8,273,218.6
205.8,157.8,257,218.6
206.87,317.8,262.33,420.2
113,142.87,195.13,309.27
109.8,1,294.33,154.6
161,1,207.93,62.867
206.87,143.93,326.33,357.27
83.133,141.8,204.73,417
213.27,1,277.27,66.067
116.2,142.87,166.33,302.87
53.267,284.73,172.73,511.93
261.27,218.6,302.87,332.73
90.6,453.27,201.53,511.93
263.4,282.6,313.53,363.67
117.27,301.8,163.13,385
58.6,209,134.33,277.27
250.6,1,327.4,445.8
82.067,379.67,126.87,436.2
100.2,65,147.13,107.67
101.27,142.87,174.87,345.53
83.133,193,140.73,303.93
95.933,180.2,136.47,259.13
211.13,122.6,273,177
252.73,10.6,303.93,56.467
65,358.33,109.8,413.8
159.93,1,237.8,100.2
206.87,177,290.07,423.4
324.2,248.47,383.93,511.93
264.47,49,312.47,140.73
81,145,145,232.47
204.73,360.47,290.07,472.47
206.87,347.67,262.33,472.47
155.67,111.93,213.27,181.27
145,71.4,187.67,111.93
282.6,403.13,325.27,511.93
313.53,255.93,356.2,459.67
231.4,415.93,306.07,475.67
132.2,207.93,173.8,302.87
207.93,360.47,302.87,511.93
157.8,134.33,223.93,175.93
164.2,111.93,235.67,175.93
263.4,1,325.27,138.6
142.87,1,285.8,114.07
263.4,398.87,312.47,445.8
309.27,461.8,351.93,502.33
109.8,65,212.2,146.07
183.4,1,305,77.8
207.93,365.8,263.4,445.8
339.13,1,383.93,418.07
154.6,1,214.33,146.07
87.4,142.87,154.6,198.33
207.93,365.8,263.4,473.53
196.2,133.27,267.67,236.73
283.67,447.93,334.87,511.93
262.33,62.867,306.07,126.87
206.87,315.67,255.93,414.87
262.33,1,306.07,50.067
264.47,155.67,314.6,267.67
274.07,1,314.6,41.533
218.6,327.4,262.33,414.87
207.93,363.67,263.4,445.8
1,1,150.33,91.667
299.67,414.87,345.53,465
110.87,346.6,172.73,402.07
100.2,65,152.47,118.33
339.13,1,383.93,258.07
263.4,265.53,315.67,364.73
149.27,1,206.87,69.267
204.73,360.47,312.47,473.53
94.867,62.867,150.33,117.27
323.13,361.53,383.93,511.93
250.6,10.6,312.47,108.73
212.2,362.6,291.13,417
263.4,168.47,317.8,364.73
158.87,111.93,235.67,175.93
212.2,77.8,294.33,217.53
257,1,297.53,65
145,415.93,190.87,473.53
70.333,284.73,131.13,372.2
237.8,218.6,323.13,374.33
162.07,354.07,210.07,490.6
159.93,25.533,200.47,71.4
211.13,403.13,325.27,511.93
263.4,412.73,325.27,476.73
206.87,250.6,260.2,423.4
87.4,141.8,152.47,245.27
264.47,283.67,306.07,360.47
78.867,27.667,195.13,132.2
116.2,142.87,175.93,457.53
121.53,142.87,174.87,345.53
327.4,365.8,383.93,511.93
162.07,310.33,217.53,511.93
79.933,363.67,140.73,442.6
264.47,155.67,325.27,289
284.73,215.4,326.33,257
263.4,168.47,324.2,374.33
205.8,155.67,283.67,363.67
263.4,168.47,324.2,364.73
142.87,1,285.8,146.07
1,399.93,87.4,511.93
54.333,436.2,123.67,501.27
299.67,261.27,348.73,463.93
110.87,305,172.73,422.33
159.93,1,214.33,100.2
195.13,133.27,267.67,489.53
101.27,65,157.8,117.27
157.8,141.8,204.73,303.93
323.13,1,383.93,511.93
158.87,153.53,201.53,424.47
226.07,77.8,266.6,140.73
94.867,62.867,147.13,110.87
159.93,25.533,210.07,100.2
263.4,264.47,323.13,372.2
81,145,145,217.53
283.67,259.13,325.27,331.67
223.93,77.8,294.33,154.6
337,418.07,383.93,511.93
283.67,211.13,325.27,289
95.933,180.2,136.47,244.2
207.93,177,290.07,264.47
299.67,255.93,362.6,463.93
257,1,305,65
169.53,30.867,221.8,146.07
198.33,134.33,287.93,253.8
213.27,2.0667,305,56.467
141.8,1,237.8,114.07
136.47,346.6,182.33,454.33
212.2,1,296.47,73.533
113,142.87,171.67,207.93
83.133,209,134.33,277.27
207.93,177,273,258.07
62.867,345.53,120.47,446.87
77.8,41.533,173.8,132.2
222.87,174.87,306.07,431.93
206.87,180.2,271.93,354.07
263.4,81,303.93,126.87
218.6,39.4,282.6,145
83.133,209,140.73,303.93
262.33,1,313.53,118.33
212.2,1,302.87,73.533
141.8,169.53,187.67,301.8
86.333,210.07,138.6,291.13
262.33,403.13,325.27,511.93
117.27,332.73,163.13,385
142.87,67.133,210.07,114.07
237.8,218.6,285.8,357.27
183.4,1,277.27,77.8
1,382.87,87.4,511.93
113,142.87,174.87,207.93
343.4,1,383.93,157.8
264.47,1,314.6,88.467
264.47,447.93,307.13,493.8
275.13,92.733,324.2,138.6
94.867,167.4,136.47,217.53
264.47,283.67,313.53,360.47
211.13,412.73,303.93,473.53
79.933,363.67,140.73,413.8
264.47,104.47,327.4,418.07
65,436.2,123.67,494.87
132.2,200.47,173.8,302.87
129,142.87,178.07,417
252.73,266.6,325.27,511.93
283.67,187.67,325.27,289
218.6,46.867,282.6,146.07
229.27,146.07,293.27,253.8
226.07,77.8,289,166.33
61.8,433,149.27,511.93
339.13,1,383.93,365.8
284.73,189.8,326.33,278.33
141.8,1,237.8,146.07
234.6,361.53,291.13,417
145,168.47,195.13,247.4
212.2,77.8,289,217.53
142.87,1,214.33,114.07
157.8,122.6,273,177
217.53,2.0667,302.87,47.933
196.2,133.27,305,221.8
283.67,211.13,324.2,289
278.33,354.07,333.8,511.93
110.87,300.73,172.73,404.2
263.4,264.47,303.93,363.67
95.933,295.4,163.13,385
265.53,50.067,312.47,108.73
206.87,180.2,283.67,363.67
100.2,1,305,146.07
40.467,141.8,118.33,247.4
266.6,47.933,323.13,109.8
330.6,361.53,383.93,511.93
173.8,111.93,229.27,171.67
264.47,36.2,313.53,88.467
263.4,430.87,319.93,497
216.47,157.8,263.4,211.13
137.53,65,210.07,168.47
217.53,39.4,289,154.6
216.47,1,282.6,146.07
250.6,10.6,297.53,65
102.33,302.87,151.4,395.67
207.93,323.13,255.93,414.87
211.13,412.73,303.93,511.93
211.13,417,261.27,473.53
206.87,161,274.07,414.87
206.87,177,290.07,414.87
149.27,1,204.73,69.267
100.2,65,158.87,107.67
198.33,134.33,265.53,175.93
264.47,430.87,307.13,476.73
116.2,199.4,175.93,457.53
65,1,150.33,151.4
231.4,427.67,306.07,475.67
225,74.6,280.47,122.6
218.6,326.33,271.93,366.87
77.8,70.333,140.73,113
97,1,157.8,70.333
113,202.6,178.07,417
137.53,65,210.07,119.4
253.8,217.53,302.87,359.4
264.47,265.53,323.13,374.33
262.33,447.93,307.13,499.13
218.6,46.867,282.6,147.13
222.87,174.87,302.87,414.87
341.27,259.13,383.93,364.73
343.4,1,383.93,258.07
222.87,325.27,302.87,365.8
147.13,1,207.93,73.533
196.2,133.27,267.67,183.4
222.87,177,273,217.53
140.73,30.867,211.13,145
250.6,1,306.07,50.067
87.4,141.8,152.47,203.67
341.27,141.8,383.93,366.87
211.13,417,278.33,473.53
339.13,1,383.93,254.87
223.93,77.8,266.6,142.87
249.53,363.67,291.13,414.87
283.67,265.53,325.27,331.67
141.8,1,289,154.6
215.4,326.33,271.93,414.87
206.87,219.67,271.93,332.73
212.2,138.6,263.4,217.53
206.87,219.67,252.73,315.67
342.33,1,383.93,157.8
264.47,1,314.6,62.867
140.73,1,214.33,146.07
262.33,79.933,316.73,135.4
226.07,77.8,289,154.6
126.87,380.73,174.87,457.53
263.4,155.67,322.07,357.27
211.13,363.67,261.27,423.4
116.2,199.4,175.93,417
223.93,74.6,280.47,147.13
284.73,215.4,326.33,278.33
81,150.33,136.47,217.53
206.87,180.2,271.93,332.73
225,74.6,280.47,126.87
330.6,363.67,383.93,511.93
152.47,354.07,200.47,474.6
262.33,1,313.53,68.2
132.2,168.47,195.13,303.93
212.2,362.6,255.93,417
129,142.87,170.6,243.13
126.87,390.33,169.53,457.53
140.73,66.067,210.07,119.4
215.4,337,263.4,414.87
337,419.13,383.93,511.93
263.4,47.933,324.2,138.6
207.93,177,290.07,360.47
226.07,430.87,278.33,473.53
162.07,310.33,210.07,490.6
222.87,305,290.07,414.87
61.8,455.4,149.27,511.93
85.267,95.933,135.4,151.4
226.07,77.8,266.6,123.67
275.13,175.93,324.2,261.27
67.133,433,114.07,481
65,425.53,114.07,497
158.87,114.07,210.07,168.47
213.27,2.0667,302.87,47.933
212.2,138.6,263.4,211.13
218.6,327.4,287.93,414.87
222.87,305,271.93,364.73
275.13,175.93,317.8,261.27
341.27,141.8,383.93,364.73
222.87,325.27,323.13,372.2
270.87,174.87,317.8,261.27
81,150.33,136.47,232.47
211.13,417,263.4,465
77.8,85.267,173.8,132.2
343.4,141.8,383.93,262.33
229.27,77.8,280.47,147.13
140.73,66.067,187.67,111.93
114.07,359.4,169.53,422.33
206.87,250.6,260.2,354.07
159.93,1,280.47,100.2
40.467,180.2,91.667,247.4
65,433,114.07,497
215.4,412.73,303.93,453.27
205.8,157.8,263.4,221.8
265.53,202.6,306.07,264.47
77.8,70.333,173.8,132.2
77.8,57.533,173.8,132.2
264.47,412.73,325.27,476.73
245.27,261.27,285.8,357.27
245.27,261.27,285.8,360.47
217.53,39.4,282.6,147.13
154.6,1,214.33,119.4
