47.933,147.13,126.87,241
1,1,383.93,511.93
1,180.2,126.87,489.53
233.53,1,372.2,79.933
318.87,1,383.93,299.67
238.87,449,383.93,511.93
89.533,26.6,383.93,511.93
73.533,1,383.93,511.93
105.53,1,383.93,511.93
238.87,56.467,355.13,492.73
73.533,52.2,207.93,241
98.067,52.2,213.27,455.4
44.733,1,260.2,506.6
228.2,26.6,363.67,506.6
90.6,1,383.93,511.93
65,1,234.6,187.67
70.333,26.6,363.67,506.6
73.533,26.6,355.13,505.53
1,1,234.6,511.93
177,26.6,245.27,344.47
311.4,1,383.93,511.93
98.067,133.27,182.33,241
1,338.07,52.2,488.47
45.8,93.8,126.87,241
232.47,1,372.2,267.67
70.333,1,383.93,511.93
268.73,56.467,349.8,179.13
242.07,1,383.93,399.93
90.6,52.2,243.13,490.6
230.33,1,375.4,374.33
241,198.33,357.27,488.47
310.33,1,383.93,511.93
141.8,52.2,206.87,152.47
162.07,1,383.93,511.93
232.47,1,383.93,511.93
1,235.67,194.07,511.93
249.53,189.8,383.93,511.93
1,1,243.13,511.93
249.53,402.07,373.27,511.93
73.533,52.2,207.93,319.93
238.87,55.4,363.67,489.53
1,1,260.2,511.93
121.53,301.8,199.4,434.07
52.2,1,383.93,511.93
1,1,234.6,216.47
232.47,55.4,363.67,488.47
321,1,383.93,168.47
332.73,413.8,383.93,511.93
121.53,355.13,199.4,434.07
229.27,26.6,383.93,506.6
1,63.933,66.067,219.67
1,1,187.67,290.07
321,1,383.93,88.467
282.6,451.13,380.73,507.67
1,174.87,91.667,396.73
106.6,1,260.2,506.6
229.27,26.6,355.13,505.53
1,1,197.27,511.93
1,140.73,213.27,511.93
97,85.267,156.73,154.6
229.27,26.6,302.87,506.6
162.07,1,277.27,505.53
249.53,451.13,380.73,511.93
108.73,1,383.93,511.93
1,241,177,511.93
106.6,435.13,187.67,487.4
1,75.667,63.933,219.67
235.67,1,297.53,62.867
106.6,231.4,221.8,489.53
163.13,1,383.93,493.8
248.47,340.2,373.27,511.93
189.8,26.6,245.27,158.87
1,238.87,110.87,489.53
242.07,98.067,311.4,190.87
299.67,1,372.2,79.933
1,140.73,203.67,511.93
111.93,255.93,200.47,434.07
44.733,49,207.93,312.47
255.93,132.2,346.6,205.8
312.47,1,383.93,407.4
1,338.07,47.933,482.07
1,174.87,91.667,488.47
105.53,309.27,383.93,511.93
238.87,194.07,355.13,488.47
1,1,234.6,135.4
162.07,1,234.6,54.333
90.6,174.87,243.13,490.6
311.4,154.6,372.2,207.93
311.4,1,383.93,204.73
236.73,1,383.93,511.93
70.333,52.2,207.93,312.47
121.53,233.53,196.2,349.8
1,180.2,248.47,511.93
1,241,248.47,511.93
35.133,241,81,307.13
233.53,1,358.33,205.8
152.47,271.93,206.87,407.4
317.8,197.27,374.33,302.87
1,1,234.6,241
231.4,254.87,276.2,381.8
98.067,52.2,207.93,319.93
241,198.33,357.27,454.33
311.4,1,383.93,299.67
331.67,90.6,383.93,212.2
1,21.267,104.47,216.47
305,189.8,383.93,511.93
143.93,54.333,187.67,142.87
108.73,305,373.27,511.93
29.8,206.87,91.667,252.73
257,262.33,314.6,346.6
241,155.67,370.07,488.47
106.6,343.4,205.8,487.4
233.53,1,370.07,63.933
90.6,26.6,383.93,511.93
242.07,72.467,346.6,179.13
159.93,1,383.93,504.47
238.87,339.13,383.93,511.93
244.2,155.67,335.93,372.2
257,265.53,313.53,357.27
335.93,162.07,383.93,203.67
333.8,190.87,383.93,511.93
1,235.67,181.27,511.93
118.33,228.2,235.67,489.53
108.73,408.47,248.47,511.93
1,63.933,94.867,283.67
53.267,19.133,161,108.73
1,1,189.8,187.67
70.333,52.2,242.07,489.53
257,357.27,322.07,460.73
1,249.53,53.267,396.73
152.47,228.2,213.27,455.4
319.93,1,383.93,167.4
1,19.133,111.93,135.4
311.4,1,383.93,300.73
162.07,1,372.2,79.933
89.533,44.733,241,487.4
103.4,306.07,213.27,485.27
246.33,252.73,316.73,299.67
222.87,26.6,283.67,510.87
238.87,82.067,322.07,158.87
103.4,257,213.27,485.27
1,75.667,126.87,405.27
244.2,281.53,383.93,493.8
244.2,166.33,375.4,374.33
29.8,57.533,187.67,290.07
270.87,189.8,383.93,506.6
45.8,54.333,187.67,241
193,1,260.2,506.6
230.33,1,383.93,511.93
249.53,470.33,298.6,511.93
105.53,449,243.13,511.93
242.07,56.467,346.6,179.13
164.2,1,234.6,53.267
322.07,340.2,372.2,398.87
39.4,8.4667,88.467,57.533
236.73,356.2,383.93,511.93
232.47,129,372.2,267.67
298.6,1,383.93,136.47
89.533,140.73,213.27,485.27
173.8,53.267,239.93,471.4
322.07,354.07,374.33,398.87
98.067,49,213.27,455.4
1,1,111.93,135.4
85.267,174.87,139.67,253.8
341.27,413.8,383.93,511.93
162.07,145,218.6,275.13
317.8,90.6,383.93,300.73
142.87,53.267,238.87,465
121.53,343.4,196.2,392.47
189.8,401,243.13,490.6
298.6,57.533,383.93,399.93
163.13,26.6,276.2,487.4
232.47,55.4,363.67,216.47
233.53,1,383.93,493.8
1,75.667,108.73,414.87
97,84.2,181.27,154.6
90.6,140.73,203.67,344.47
123.67,401,243.13,511.93
222.87,26.6,383.93,511.93
75.667,85.267,156.73,187.67
1,239.93,110.87,489.53
111.93,257,183.4,371.13
232.47,131.13,330.6,267.67
46.867,133.27,119.4,228.2
1,40.467,187.67,241
232.47,55.4,346.6,216.47
339.13,391.4,383.93,505.53
185.53,54.333,226.07,101.27
332.73,1,383.93,175.93
242.07,55.4,363.67,203.67
310.33,189.8,383.93,511.93
236.73,399.93,383.93,511.93
238.87,55.4,383.93,506.6
164.2,1,383.93,168.47
235.67,50.067,383.93,488.47
232.47,129,346.6,267.67
47.933,93.8,126.87,241
118.33,231.4,235.67,489.53
90.6,26.6,383.93,506.6
1,1,185.53,135.4
140.73,140.73,189.8,309.27
106.6,52.2,207.93,178.07
152.47,228.2,206.87,407.4
235.67,50.067,383.93,222.87
44.733,52.2,207.93,312.47
65,1,234.6,74.6
53.267,8.4667,161,108.73
26.6,239.93,105.53,389.27
242.07,59.667,359.4,175.93
1,63.933,248.47,511.93
298.6,198.33,383.93,399.93
31.933,75.667,126.87,228.2
162.07,1,383.93,295.4
228.2,26.6,302.87,506.6
45.8,49,213.27,455.4
115.13,196.2,172.73,319.93
52.2,463.93,219.67,511.93
339.13,391.4,383.93,501.27
120.47,52.2,207.93,178.07
123.67,309.27,383.93,511.93
295.4,340.2,374.33,398.87
52.2,430.87,248.47,511.93
70.333,52.2,207.93,314.6
300.73,1,370.07,54.333
229.27,1,270.87,504.47
117.27,54.333,226.07,341.27
236.73,166.33,383.93,511.93
332.73,294.33,383.93,511.93
332.73,1,383.93,197.27
244.2,166.33,333.8,295.4
71.4,54.333,187.67,200.47
44.733,146.07,150.33,238.87
334.87,322.07,383.93,362.6
312.47,1,383.93,446.87
244.2,210.07,335.93,372.2
1,238.87,177,511.93
236.73,454.33,371.13,511.93
317.8,1,383.93,295.4
238.87,132.2,355.13,489.53
1,63.933,78.867,274.07
238.87,470.33,298.6,511.93
334.87,189.8,383.93,419.13
253.8,339.13,343.4,450.07
70.333,141.8,171.67,310.33
242.07,55.4,346.6,190.87
68.2,179.13,126.87,227.13
159.93,1,270.87,504.47
52.2,383.93,383.93,511.93
270.87,401,373.27,455.4
139.67,97,181.27,147.13
1,375.4,52.2,488.47
242.07,1,372.2,179.13
162.07,53.267,239.93,472.47
238.87,56.467,346.6,205.8
109.8,44.733,241,487.4
134.33,219.67,203.67,344.47
114.07,31.933,183.4,75.667
74.6,26.6,123.67,98.067
162.07,195.13,238.87,465
322.07,301.8,383.93,399.93
71.4,85.267,187.67,200.47
342.33,90.6,383.93,175.93
159.93,52.2,207.93,153.53
244.2,209,318.87,285.8
260.2,399.93,310.33,450.07
242.07,1,375.4,374.33
257,402.07,369,460.73
340.2,390.33,383.93,511.93
245.27,166.33,374.33,454.33
153.53,234.6,195.13,324.2
301.8,1,356.2,54.333
329.53,1,383.93,407.4
158.87,53.267,239.93,472.47
85.267,174.87,172.73,314.6
1,1,383.93,187.67
85.267,174.87,171.67,314.6
312.47,253.8,373.27,355.13
1,235.67,197.27,511.93
152.47,339.13,193,379.67
136.47,393.53,199.4,436.2
261.27,394.6,334.87,453.27
75.667,31.933,197.27,187.67
162.07,1,371.13,85.267
342.33,189.8,383.93,405.27
177,194.07,241,478.87
322.07,339.13,374.33,398.87
235.67,50.067,358.33,222.87
244.2,198.33,383.93,493.8
270.87,287.93,314.6,346.6
70.333,52.2,207.93,310.33
45.8,168.47,139.67,254.87
317.8,131.13,383.93,290.07
242.07,1,372.2,175.93
120.47,54.333,182.33,116.2
248.47,449,373.27,511.93
151.4,306.07,213.27,455.4
121.53,343.4,199.4,434.07
53.267,8.4667,116.2,79.933
242.07,50.067,366.87,175.93
317.8,158.87,383.93,295.4
242.07,1,359.4,372.2
177,55.4,231.4,217.53
235.67,50.067,383.93,511.93
73.533,52.2,239.93,489.53
244.2,198.33,355.13,488.47
195.13,425.53,235.67,489.53
52.2,430.87,219.67,511.93
175.93,1,277.27,505.53
139.67,31.933,197.27,152.47
218.6,1,265.53,268.73
29.8,179.13,126.87,290.07
98.067,166.33,168.47,241
166.33,231.4,242.07,489.53
249.53,166.33,383.93,511.93
73.533,52.2,235.67,489.53
329.53,190.87,383.93,511.93
233.53,1,296.47,55.4
117.27,1,260.2,506.6
177,44.733,241,478.87
334.87,195.13,383.93,407.4
244.2,394.6,373.27,493.8
106.6,435.13,186.6,487.4
254.87,449,373.27,507.67
140.73,442.6,209,485.27
185.53,54.333,226.07,133.27
122.6,425.53,204.73,481
244.2,198.33,355.13,451.13
338.07,165.27,383.93,207.93
251.67,198.33,330.6,242.07
75.667,92.733,127.93,187.67
31.933,75.667,108.73,222.87
257,166.33,333.8,207.93
1,72.467,78.867,216.47
250.6,357.27,322.07,462.87
236.73,401,383.93,511.93
108.73,305,248.47,511.93
106.6,393.53,199.4,487.4
249.53,449,383.93,511.93
1,212.2,51.133,405.27
1,63.933,94.867,396.73
242.07,1,350.87,56.467
1,1,116.2,79.933
321,399.93,373.27,486.33
118.33,231.4,242.07,489.53
172.73,231.4,235.67,489.53
150.33,341.27,205.8,434.07
334.87,189.8,383.93,506.6
109.8,52.2,234.6,487.4
45.8,40.467,187.67,241
159.93,52.2,206.87,152.47
135.4,371.13,197.27,445.8
312.47,253.8,355.13,355.13
242.07,1,351.93,179.13
254.87,445.8,373.27,507.67
150.33,381.8,195.13,434.07
329.53,1,383.93,197.27
47.933,147.13,126.87,222.87
329.53,1,383.93,132.2
260.2,411.67,323.13,454.33
242.07,1,372.2,56.467
244.2,166.33,347.67,374.33
1,206.87,91.667,396.73
108.73,425.53,235.67,489.53
168.47,436.2,221.8,489.53
231.4,1,371.13,85.267
332.73,401,383.93,445.8
119.4,351.93,200.47,425.53
118.33,408.47,210.07,476.73
29.8,179.13,126.87,252.73
105.53,449,383.93,511.93
343.4,1,383.93,136.47
177,26.6,276.2,487.4
106.6,54.333,182.33,118.33
125.8,140.73,181.27,209
270.87,401,370.07,455.4
30.867,211.13,115.13,270.87
260.2,399.93,323.13,454.33
150.33,371.13,197.27,434.07
117.27,1,235.67,341.27
1,211.13,115.13,405.27
173.8,199.4,216.47,254.87
246.33,366.87,297.53,492.73
167.4,221.8,234.6,487.4
46.867,133.27,126.87,228.2
152.47,231.4,221.8,489.53
259.13,198.33,329.53,253.8
132.2,140.73,181.27,230.33
235.67,50.067,330.6,222.87
1,1,116.2,123.67
238.87,56.467,355.13,488.47
106.6,54.333,169.53,118.33
166.33,436.2,237.8,497
155.67,425.53,204.73,481
121.53,343.4,196.2,399.93
242.07,55.4,346.6,205.8
89.533,140.73,200.47,328.47
261.27,399.93,312.47,450.07
329.53,1,383.93,111.93
1,63.933,108.73,414.87
317.8,57.533,374.33,290.07
230.33,83.133,275.13,255.93
136.47,200.47,206.87,402.07
317.8,158.87,383.93,290.07
177,54.333,226.07,200.47
1,159.93,115.13,405.27
218.6,1,277.27,268.73
317.8,197.27,372.2,300.73
108.73,408.47,235.67,489.53
75.667,107.67,127.93,187.67
187.67,414.87,243.13,490.6
1,236.73,55.4,396.73
35.133,255.93,81,307.13
1,241,200.47,511.93
31.933,116.2,126.87,228.2
332.73,401,383.93,446.87
257,402.07,313.53,460.73
164.2,1,370.07,63.933
246.33,1,297.53,55.4
55.4,1,234.6,78.867
118.33,435.13,186.6,476.73
250.6,356.2,322.07,488.47
150.33,309.27,205.8,434.07
323.13,340.2,372.2,397.8
268.73,1,350.87,56.467
168.47,367.93,221.8,489.53
123.67,309.27,243.13,511.93
29.8,206.87,82.067,252.73
332.73,401,383.93,511.93
301.8,1,359.4,54.333
242.07,1,359.4,190.87
318.87,57.533,363.67,203.67
321,22.333,383.93,88.467
242.07,55.4,346.6,175.93
257,166.33,333.8,238.87
276.2,82.067,346.6,169.53
329.53,1,383.93,210.07
244.2,198.33,355.13,450.07
106.6,54.333,159.93,118.33
73.533,133.27,182.33,241
333.8,294.33,383.93,506.6
332.73,357.27,383.93,495.93
257,440.47,323.13,485.27
332.73,1,383.93,177
268.73,1,318.87,56.467
65,1,189.8,187.67
1,371.13,72.467,489.53
85.267,166.33,171.67,310.33
100.2,49,155.67,111.93
172.73,408.47,235.67,489.53
178.07,54.333,231.4,200.47
317.8,55.4,383.93,302.87
317.8,1,383.93,300.73
317.8,197.27,371.13,290.07
238.87,131.13,330.6,267.67
120.47,97,194.07,178.07
324.2,383.93,383.93,505.53
118.33,53.267,242.07,489.53
233.53,1,383.93,302.87
1,75.667,63.933,283.67
111.93,257,200.47,434.07
108.73,435.13,199.4,487.4
106.6,54.333,155.67,94.867
242.07,110.87,317.8,163.13
243.13,1,297.53,55.4
233.53,1,318.87,63.933
246.33,366.87,297.53,462.87
246.33,252.73,316.73,341.27
258.07,411.67,371.13,499.13
44.733,195.13,113,239.93
1,1,104.47,216.47
1,294.33,42.6,396.73
341.27,412.73,383.93,511.93
1,211.13,55.4,302.87
158.87,52.2,207.93,153.53
321,29.8,383.93,88.467
38.333,8.4667,116.2,79.933
15.933,206.87,82.067,266.6
74.6,146.07,150.33,209
236.73,469.27,325.27,511.93
194.07,442.6,243.13,490.6
162.07,153.53,239.93,472.47
1,254.87,51.133,347.67
1,1,185.53,78.867
298.6,1,383.93,175.93
317.8,177,374.33,290.07
162.07,1,300.73,62.867
317.8,161,372.2,206.87
248.47,445.8,373.27,511.93
311.4,93.8,372.2,207.93
229.27,26.6,283.67,510.87
257,399.93,323.13,487.4
334.87,189.8,383.93,398.87
55.4,1,234.6,108.73
71.4,106.6,174.87,200.47
238.87,83.133,315.67,205.8
47.933,93.8,94.867,159.93
90.6,174.87,164.2,253.8
169.53,153.53,239.93,472.47
244.2,155.67,330.6,295.4
299.67,197.27,371.13,317.8
26.6,239.93,110.87,389.27
312.47,253.8,372.2,355.13
1,206.87,82.067,396.73
162.07,1,297.53,62.867
123.67,465,243.13,511.93
343.4,1,383.93,167.4
75.667,107.67,136.47,187.67
175.93,1,277.27,268.73
332.73,357.27,383.93,457.53
333.8,294.33,383.93,511.93
258.07,340.2,355.13,451.13
159.93,52.2,206.87,150.33
333.8,294.33,383.93,391.4
244.2,198.33,347.67,374.33
238.87,82.067,325.27,205.8
116.2,140.73,181.27,282.6
199.4,194.07,239.93,471.4
332.73,287.93,383.93,511.93
131.13,386.07,243.13,490.6
76.733,42.6,123.67,98.067
124.73,343.4,196.2,392.47
230.33,83.133,325.27,255.93
121.53,305,199.4,434.07
236.73,357.27,383.93,511.93
74.6,26.6,161,108.73
1,375.4,47.933,482.07
159.93,52.2,239.93,471.4
173.8,194.07,228.2,360.47
90.6,174.87,206.87,402.07
198.33,438.33,248.47,511.93
108.73,435.13,373.27,511.93
242.07,198.33,357.27,454.33
257,198.33,329.53,257
89.533,211.13,142.87,279.4
257,262.33,312.47,313.53
311.4,154.6,351.93,204.73
131.13,436.2,237.8,497
177,145,218.6,198.33
246.33,198.33,333.8,421.27
236.73,408.47,383.93,511.93
167.4,95.933,214.33,215.4
251.67,166.33,371.13,317.8
159.93,52.2,234.6,275.13
52.2,463.93,383.93,511.93
233.53,1,358.33,86.333
114.07,244.2,155.67,323.13
131.13,52.2,189.8,142.87
159.93,52.2,226.07,275.13
100.2,73.533,177,126.87
332.73,1,383.93,82.067
168.47,436.2,211.13,486.33
246.33,1,296.47,54.333
120.47,78.867,194.07,178.07
189.8,150.33,276.2,487.4
340.2,131.13,383.93,200.47
259.13,198.33,329.53,244.2
114.07,257,183.4,356.2
134.33,219.67,180.2,324.2
169.53,234.6,234.6,487.4
175.93,54.333,226.07,237.8
1,375.4,53.267,489.53
231.4,1,297.53,85.267
281.53,297.53,333.8,394.6
318.87,1,383.93,197.27
275.13,281.53,383.93,397.8
21.267,8.4667,88.467,57.533
90.6,182.33,133.27,245.27
131.13,54.333,188.73,142.87
322.07,340.2,373.27,398.87
258.07,82.067,322.07,158.87
322.07,339.13,374.33,399.93
111.93,278.33,183.4,365.8
177,44.733,235.67,252.73
317.8,90.6,383.93,290.07
120.47,52.2,214.33,234.6
299.67,229.27,347.67,317.8
98.067,133.27,182.33,319.93
12.733,371.13,72.467,428.73
270.87,409.53,361.53,455.4
177,95.933,226.07,344.47
142.87,200.47,186.6,308.2
243.13,1,359.4,55.4
4.2,283.67,45.8,326.33
250.6,401,297.53,462.87
321,1,383.93,166.33
299.67,6.3333,351.93,55.4
31.933,116.2,91.667,185.53
162.07,1,235.67,118.33
233.53,1,330.6,86.333
136.47,274.07,200.47,328.47
231.4,1,356.2,85.267
244.2,209,319.93,295.4
103.4,380.73,209,485.27
312.47,253.8,374.33,355.13
236.73,449,373.27,511.93
242.07,85.267,315.67,190.87
137.53,309.27,183.4,356.2
321,5.2667,371.13,79.933
257,267.67,316.73,339.13
317.8,197.27,371.13,252.73
246.33,198.33,333.8,341.27
335.93,1,383.93,203.67
245.27,85.267,314.6,135.4
131.13,52.2,207.93,200.47
109.8,189.8,168.47,313.53
299.67,1,372.2,55.4
200.47,200.47,258.07,505.53
71.4,57.533,187.67,200.47
317.8,165.27,383.93,300.73
244.2,206.87,355.13,372.2
334.87,195.13,383.93,397.8
233.53,1,355.13,79.933
260.2,411.67,321,462.87
116.2,278.33,183.4,356.2
317.8,197.27,375.4,300.73
265.53,55.4,346.6,169.53
233.53,1,277.27,63.933
337,5.2667,381.8,45.8
71.4,85.267,174.87,200.47
131.13,52.2,207.93,235.67
31.933,116.2,91.667,201.53
136.47,140.73,200.47,328.47
299.67,1,351.93,55.4
125.8,200.47,168.47,298.6
242.07,55.4,346.6,204.73
131.13,401,243.13,490.6
242.07,55.4,346.6,191.93
242.07,50.067,348.73,190.87
244.2,198.33,355.13,372.2
199.4,251.67,239.93,471.4
333.8,1,380.73,66.067
206.87,1,260.2,506.6
245.27,72.467,346.6,179.13
45.8,131.13,88.467,181.27
111.93,257,183.4,365.8
318.87,162.07,383.93,302.87
337,1,383.93,167.4
166.33,414.87,209,477.8
245.27,83.133,315.67,158.87
317.8,177,371.13,290.07
45.8,131.13,88.467,222.87
1,242.07,53.267,396.73
178.07,149.27,218.6,200.47
302.87,1,372.2,54.333
285.8,449,373.27,507.67
238.87,451.13,383.93,511.93
317.8,57.533,383.93,290.07
251.67,198.33,333.8,303.93
6.3333,249.53,53.267,319.93
120.47,53.267,182.33,116.2
242.07,50.067,348.73,98.067
175.93,153.53,239.93,472.47
319.93,189.8,383.93,511.93
242.07,72.467,350.87,179.13
318.87,197.27,374.33,302.87
147.13,366.87,200.47,425.53
131.13,54.333,171.67,110.87
1,72.467,78.867,274.07
244.2,210.07,315.67,295.4
85.267,141.8,171.67,310.33
97,84.2,156.73,154.6
250.6,356.2,328.47,488.47
116.2,140.73,203.67,344.47
311.4,154.6,363.67,204.73
171.67,401,243.13,490.6
75.667,92.733,136.47,187.67
229.27,26.6,281.53,506.6
159.93,52.2,214.33,154.6
1,319.93,42.6,396.73
147.13,366.87,198.33,412.73
245.27,198.33,333.8,394.6
219.67,150.33,276.2,481
74.6,26.6,154.6,108.73
282.6,451.13,383.93,511.93
270.87,296.47,313.53,357.27
257,399.93,373.27,487.4
85.267,52.2,207.93,314.6
241,166.33,325.27,255.93
255.93,155.67,330.6,205.8
159.93,195.13,238.87,465
317.8,161,363.67,203.67
229.27,26.6,318.87,504.47
85.267,174.87,139.67,246.33
245.27,263.4,374.33,454.33
258.07,356.2,370.07,450.07
241,155.67,355.13,401
245.27,263.4,333.8,386.07
30.867,221.8,115.13,263.4
142.87,53.267,235.67,235.67
251.67,177,325.27,253.8
333.8,294.33,383.93,415.93
244.2,262.33,335.93,372.2
98.067,189.8,139.67,246.33
108.73,435.13,248.47,511.93
172.73,425.53,235.67,489.53
166.33,231.4,221.8,489.53
106.6,382.87,205.8,487.4
247.4,393.53,322.07,487.4
268.73,1,358.33,55.4
275.13,286.87,316.73,339.13
257,198.33,329.53,238.87
301.8,1,371.13,54.333
332.73,242.07,374.33,290.07
261.27,340.2,374.33,454.33
46.867,151.4,108.73,222.87
236.73,411.67,371.13,511.93
233.53,1,277.27,83.133
142.87,200.47,206.87,402.07
333.8,287.93,383.93,511.93
253.8,339.13,373.27,487.4
242.07,83.133,315.67,163.13
109.8,189.8,168.47,298.6
117.27,230.33,193,341.27
132.2,142.87,173.8,189.8
140.73,140.73,198.33,309.27
100.2,73.533,161,118.33
185.53,53.267,234.6,252.73
242.07,82.067,346.6,190.87
124.73,52.2,207.93,235.67
30.867,180.2,126.87,263.4
324.2,409.53,373.27,450.07
245.27,198.33,347.67,394.6
106.6,433,186.6,487.4
65,1,185.53,74.6
334.87,339.13,383.93,391.4
238.87,50.067,305,157.8
65,1,189.8,154.6
285.8,451.13,380.73,495.93
317.8,177,375.4,290.07
177,53.267,235.67,200.47
120.47,95.933,214.33,234.6
70.333,180.2,126.87,228.2
247.4,335.93,305,401
187.67,401,243.13,490.6
146.07,274.07,200.47,328.47
95.933,67.133,189.8,154.6
249.53,339.13,343.4,450.07
311.4,449,373.27,499.13
298.6,198.33,355.13,335.93
65,1,185.53,75.667
1,21.267,104.47,123.67
135.4,404.2,197.27,445.8
249.53,451.13,383.93,511.93
30.867,211.13,115.13,263.4
319.93,413.8,383.93,511.93
166.33,401,243.13,490.6
1,333.8,41.533,405.27
162.07,1,236.73,54.333
317.8,106.6,383.93,290.07
334.87,308.2,383.93,357.27
331.67,90.6,373.27,212.2
150.33,339.13,205.8,434.07
74.6,26.6,116.2,79.933
319.93,408.47,383.93,511.93
262.33,339.13,333.8,394.6
271.93,394.6,334.87,453.27
242.07,55.4,357.27,190.87
247.4,393.53,322.07,489.53
177,145,218.6,228.2
152.47,316.73,201.53,377.53
257,357.27,297.53,460.73
162.07,199.4,216.47,275.13
332.73,1,383.93,88.467
296.47,82.067,347.67,175.93
231.4,254.87,276.2,481
77.8,168.47,139.67,227.13
270.87,287.93,313.53,357.27
257,399.93,323.13,488.47
242.07,56.467,350.87,179.13
338.07,131.13,383.93,206.87
189.8,412.73,243.13,487.4
332.73,189.8,383.93,511.93
243.13,1,302.87,55.4
138.6,380.73,187.67,434.07
111.93,278.33,183.4,360.47
1,254.87,51.133,405.27
244.2,394.6,334.87,493.8
175.93,199.4,239.93,472.47
171.67,390.33,234.6,487.4
298.6,29.8,356.2,79.933
173.8,194.07,239.93,471.4
132.2,52.2,206.87,152.47
333.8,1,383.93,167.4
117.27,230.33,178.07,326.33
178.07,54.333,226.07,200.47
77.8,67.133,189.8,154.6
334.87,189.8,383.93,495.93
238.87,131.13,316.73,267.67
334.87,189.8,383.93,501.27
106.6,437.27,172.73,487.4
302.87,454.33,371.13,498.07
242.07,1,355.13,79.933
159.93,52.2,226.07,154.6
132.2,53.267,180.2,110.87
258.07,89.533,315.67,156.73
242.07,1,318.87,56.467
177,95.933,221.8,344.47
257,267.67,312.47,313.53
244.2,198.33,355.13,401
120.47,135.4,172.73,178.07
245.27,198.33,357.27,454.33
244.2,198.33,329.53,285.8
44.733,137.53,150.33,239.93
76.733,42.6,123.67,91.667
258.07,89.533,312.47,149.27
318.87,57.533,362.6,98.067
322.07,340.2,369,398.87
257,449,373.27,499.13
95.933,84.2,189.8,154.6
238.87,50.067,330.6,222.87
109.8,140.73,234.6,487.4
242.07,50.067,318.87,98.067
300.73,1,344.47,54.333
323.13,399.93,370.07,441.53
163.13,442.6,209,485.27
138.6,366.87,200.47,434.07
249.53,454.33,373.27,511.93
30.867,214.33,115.13,263.4
238.87,84.2,279.4,157.8
263.4,59.667,330.6,158.87
257,440.47,323.13,487.4
257,445.8,321,488.47
298.6,198.33,355.13,354.07
177,95.933,221.8,201.53
257,268.73,313.53,357.27
238.87,132.2,355.13,450.07
166.33,408.47,210.07,473.53
321,394.6,373.27,492.73
300.73,1,356.2,54.333
335.93,88.467,383.93,197.27
334.87,308.2,383.93,390.33
30.867,180.2,126.87,307.13
120.47,140.73,181.27,234.6
5.2667,254.87,51.133,319.93
261.27,377.53,357.27,454.33
257,366.87,297.53,460.73
334.87,325.27,383.93,398.87
244.2,252.73,355.13,401
261.27,295.4,312.47,355.13
333.8,294.33,383.93,346.6
190.87,53.267,234.6,252.73
257,366.87,308.2,460.73
136.47,199.4,206.87,402.07
131.13,54.333,181.27,109.8
31.933,116.2,108.73,222.87
310.33,454.33,373.27,499.13
334.87,189.8,383.93,390.33
1,211.13,55.4,414.87
246.33,350.87,370.07,488.47
189.8,253.8,243.13,487.4
172.73,54.333,226.07,316.73
35.133,238.87,81,307.13
1,402.07,53.267,489.53
241,131.13,289,178.07
241,155.67,339.13,255.93
322.07,339.13,375.4,398.87
139.67,31.933,189.8,147.13
332.73,401,383.93,457.53
339.13,383.93,383.93,505.53
5.2667,254.87,51.133,297.53
136.47,234.6,179.13,324.2
95.933,84.2,181.27,154.6
285.8,454.33,371.13,511.93
246.33,1,296.47,55.4
247.4,332.73,323.13,421.27
255.93,155.67,330.6,257
299.67,281.53,383.93,397.8
298.6,206.87,355.13,335.93
317.8,55.4,358.33,295.4
321,427.67,373.27,486.33
162.07,92.733,207.93,153.53
121.53,268.73,178.07,326.33
238.87,132.2,346.6,255.93
113,43.667,154.6,108.73
177,44.733,235.67,217.53
1,63.933,94.867,222.87
246.33,252.73,303.93,313.53
154.6,98.067,197.27,200.47
106.6,105.53,156.73,154.6
162.07,54.333,226.07,316.73
251.67,198.33,330.6,285.8
243.13,5.2667,297.53,55.4
121.53,355.13,196.2,399.93
255.93,454.33,371.13,511.93
260.2,377.53,357.27,454.33
177,53.267,234.6,252.73
142.87,200.47,186.6,275.13
285.8,454.33,371.13,507.67
335.93,95.933,383.93,197.27
343.4,411.67,383.93,501.27
166.33,423.4,242.07,489.53
172.73,199.4,219.67,316.73
242.07,85.267,311.4,190.87
257,402.07,297.53,460.73
268.73,1,318.87,55.4
316.73,340.2,374.33,397.8
4.2,269.8,45.8,326.33
317.8,197.27,370.07,290.07
4.2,249.53,53.267,326.33
1,72.467,63.933,216.47
318.87,197.27,374.33,245.27
322.07,409.53,373.27,486.33
257,211.13,314.6,257
154.6,94.867,207.93,200.47
322.07,308.2,383.93,399.93
162.07,1,235.67,54.333
339.13,401,383.93,501.27
44.733,146.07,150.33,239.93
242.07,110.87,310.33,163.13
239.93,1,318.87,55.4
318.87,162.07,383.93,245.27
275.13,82.067,346.6,179.13
116.2,174.87,164.2,253.8
241,131.13,325.27,205.8
1,63.933,94.867,159.93
235.67,1,296.47,55.4
245.27,85.267,315.67,156.73
159.93,52.2,207.93,172.73
67.133,180.2,126.87,263.4
120.47,142.87,173.8,234.6
142.87,54.333,231.4,235.67
109.8,140.73,181.27,313.53
49,133.27,119.4,200.47
146.07,274.07,191.93,324.2
251.67,198.33,330.6,253.8
322.07,340.2,374.33,398.87
251.67,198.33,330.6,238.87
124.73,133.27,182.33,235.67
49,133.27,91.667,185.53
329.53,28.733,383.93,111.93
166.33,367.93,221.8,489.53
134.33,219.67,180.2,308.2
245.27,263.4,333.8,394.6
323.13,344.47,374.33,397.8
46.867,171.67,114.07,228.2
55.4,1,185.53,78.867
257,394.6,334.87,488.47
85.267,174.87,145,277.27
120.47,163.13,168.47,234.6
245.27,83.133,306.07,148.2
235.67,50.067,349.8,222.87
241,177,325.27,255.93
274.07,110.87,315.67,156.73
251.67,166.33,333.8,285.8
253.8,356.2,370.07,450.07
323.13,340.2,373.27,397.8
321,29.8,379.67,81
334.87,308.2,383.93,397.8
242.07,59.667,347.67,175.93
111.93,257,183.4,395.67
321,399.93,373.27,492.73
242.07,82.067,346.6,175.93
238.87,158.87,281.53,222.87
253.8,365.8,343.4,450.07
49,93.8,94.867,159.93
258.07,89.533,312.47,142.87
177,55.4,226.07,217.53
241,131.13,319.93,189.8
189.8,44.733,235.67,92.733
245.27,233.53,333.8,394.6
258.07,411.67,371.13,491.67
334.87,308.2,383.93,362.6
89.533,211.13,146.07,280.47
98.067,174.87,139.67,246.33
89.533,173.8,146.07,280.47
267.67,56.467,349.8,179.13
162.07,1,234.6,53.267
134.33,133.27,182.33,235.67
299.67,290.07,374.33,372.2
299.67,290.07,375.4,397.8
257,136.47,319.93,189.8
271.93,97,315.67,158.87
74.6,168.47,139.67,209
318.87,197.27,374.33,290.07
140.73,425.53,209,485.27
251.67,198.33,310.33,253.8
177,138.6,217.53,201.53
111.93,257,183.4,360.47
169.53,390.33,234.6,487.4
268.73,1,344.47,55.4
316.73,340.2,361.53,395.67
241,155.67,339.13,347.67
193,443.67,234.6,487.4
70.333,180.2,126.87,246.33
138.6,380.73,209,485.27
252.73,233.53,309.27,285.8
242.07,83.133,310.33,163.13
85.267,174.87,171.67,298.6
219.67,150.33,266.6,302.87
258.07,59.667,330.6,158.87
316.73,339.13,375.4,397.8
248.47,356.2,370.07,488.47
189.8,55.4,231.4,152.47
258.07,356.2,353,450.07
250.6,163.13,325.27,205.8
296.47,82.067,346.6,175.93
53.267,19.133,116.2,79.933
306.07,229.27,347.67,317.8
1,212.2,43.667,296.47
299.67,219.67,347.67,317.8
248.47,366.87,322.07,488.47
257,287.93,313.53,341.27
296.47,59.667,347.67,175.93
177,138.6,221.8,201.53
284.73,394.6,353,449
238.87,59.667,330.6,222.87
162.07,199.4,219.67,316.73
140.73,199.4,189.8,309.27
257,445.8,322.07,488.47
85.267,146.07,150.33,202.6
12.733,371.13,72.467,447.93
241,85.267,315.67,178.07
238.87,50.067,279.4,157.8
258.07,356.2,318.87,450.07
316.73,290.07,374.33,354.07
241,155.67,339.13,292.2
258.07,356.2,323.13,421.27
238.87,51.133,279.4,157.8
244.2,252.73,303.93,313.53
247.4,297.53,333.8,401
258.07,59.667,330.6,163.13
177,199.4,223.93,316.73
241,98.067,289,178.07
323.13,344.47,373.27,397.8
258.07,356.2,318.87,421.27
261.27,398.87,317.8,450.07
61.8,151.4,108.73,202.6
284.73,394.6,334.87,447.93
171.67,443.67,234.6,487.4
4.2,284.73,45.8,326.33
20.2,371.13,72.467,425.53
258.07,92.733,306.07,142.87
335.93,163.13,379.67,203.67
241,85.267,289,178.07
278.33,1,318.87,55.4
247.4,290.07,355.13,401
244.2,252.73,303.93,343.4
1,212.2,43.667,302.87
263.4,82.067,322.07,158.87
177,111.93,226.07,217.53
251.67,198.33,310.33,238.87
