83.133,71.4,194.07,346.6
1,1,77.8,258.07
262.33,1,383.93,511.93
188.73,1,383.93,511.93
51.133,1,276.2,511.93
266.6,355.13,321,444.73
197.27,1,326.33,201.53
1,1,383.93,511.93
263.4,228.2,383.93,386.07
234.6,177,383.93,466.07
57.533,1,383.93,511.93
262.33,123.67,383.93,270.87
259.13,311.4,381.8,466.07
185.53,1,383.93,511.93
294.33,342.33,380.73,447.93
171.67,1,293.27,511.93
223.93,283.67,266.6,418.07
57.533,1,266.6,511.93
279.4,1,383.93,84.2
122.6,323.13,197.27,511.93
202.6,1,383.93,511.93
291.13,1,383.93,121.53
178.07,1,275.13,511.93
171.67,1,232.47,511.93
285.8,1,383.93,150.33
262.33,462.87,383.93,511.93
188.73,275.13,293.27,511.93
52.2,107.67,203.67,511.93
129,214.33,184.47,267.67
85.267,67.133,201.53,389.27
185.53,1,298.6,511.93
52.2,1,383.93,511.93
169.53,33,226.07,511.93
244.2,312.47,292.2,396.73
183.4,39.4,244.2,375.4
76.733,1,222.87,148.2
229.27,202.6,383.93,506.6
120.47,321,189.8,501.27
1,1,169.53,511.93
7.4,1,79.933,158.87
178.07,1,383.93,511.93
290.07,353,367.93,434.07
177,249.53,237.8,511.93
75.667,101.27,117.27,218.6
265.53,326.33,383.93,444.73
218.6,1,383.93,511.93
242.07,311.4,383.93,511.93
213.27,283.67,266.6,511.93
55.4,1,383.93,511.93
259.13,311.4,383.93,466.07
72.467,1,204.73,111.93
1,9.5333,138.6,511.93
140.73,1,197.27,94.867
85.267,49,287.93,397.8
276.2,1,329.53,56.467
264.47,312.47,327.4,365.8
270.87,123.67,375.4,179.13
264.47,253.8,383.93,356.2
1,1,237.8,511.93
7.4,1,79.933,201.53
201.53,1,257,178.07
264.47,353,383.93,511.93
120.47,321,218.6,511.93
273,1,326.33,66.067
55.4,1,237.8,511.93
197.27,103.4,244.2,179.13
254.87,1,338.07,123.67
84.2,303.93,148.2,439.4
85.267,49,200.47,397.8
188.73,167.4,293.27,511.93
52.2,1,257,511.93
57.533,294.33,218.6,511.93
57.533,1,244.2,511.93
294.33,273,383.93,324.2
55.4,1,222.87,511.93
278.33,121.53,383.93,248.47
1,1,138.6,511.93
328.47,162.07,373.27,241
248.47,77.8,334.87,234.6
275.13,267.67,328.47,338.07
52.2,279.4,104.47,413.8
141.8,1,200.47,92.733
57.533,302.87,148.2,437.27
159.93,1,217.53,94.867
259.13,1,383.93,153.53
1,1,257,511.93
262.33,123.67,377.53,242.07
276.2,251.67,383.93,339.13
229.27,1,355.13,308.2
232.47,1,383.93,511.93
286.87,349.8,365.8,436.2
308.2,1,383.93,82.067
55.4,345.53,103.4,396.73
266.6,402.07,378.6,466.07
130.07,1,203.67,95.933
229.27,1,341.27,308.2
286.87,230.33,337,271.93
177,265.53,237.8,511.93
77.8,1,222.87,148.2
278.33,354.07,364.73,444.73
242.07,306.07,293.27,472.47
76.733,8.4667,169.53,442.6
285.8,78.867,383.93,150.33
274.07,325.27,383.93,505.53
293.27,231.4,383.93,324.2
281.53,73.533,383.93,150.33
281.53,76.733,341.27,150.33
1,1,131.13,306.07
261.27,1,383.93,150.33
259.13,1,383.93,242.07
262.33,123.67,383.93,511.93
244.2,165.27,296.47,270.87
188.73,437.27,249.53,511.93
55.4,298.6,197.27,511.93
185.53,133.27,243.13,511.93
242.07,351.93,383.93,511.93
273,311.4,383.93,511.93
178.07,231.4,237.8,511.93
55.4,305,180.2,436.2
324.2,79.933,383.93,123.67
1,200.47,53.267,258.07
310.33,1,355.13,61.8
171.67,1,383.93,511.93
85.267,74.6,199.4,404.2
115.13,68.2,194.07,170.6
227.13,163.13,347.67,305
1,243.13,140.73,511.93
264.47,412.73,383.93,511.93
291.13,325.27,383.93,473.53
264.47,445.8,383.93,511.93
1,1,276.2,511.93
246.33,345.53,383.93,511.93
1,243.13,131.13,511.93
1,382.87,44.733,479.93
159.93,1,222.87,94.867
268.73,78.867,383.93,271.93
232.47,227.13,383.93,511.93
259.13,1,341.27,179.13
85.267,49,286.87,397.8
291.13,446.87,383.93,505.53
55.4,305,154.6,436.2
57.533,8.4667,169.53,511.93
1,1,58.6,258.07
275.13,267.67,383.93,338.07
264.47,164.2,328.47,302.87
159.93,1,218.6,94.867
270.87,121.53,315.67,179.13
243.13,234.6,324.2,511.93
313.53,325.27,383.93,429.8
1,231.4,138.6,511.93
161,223.93,222.87,511.93
314.6,349.8,365.8,396.73
262.33,123.67,383.93,337
228.2,305,283.67,470.33
264.47,50.067,383.93,302.87
52.2,201.53,222.87,511.93
286.87,209,383.93,270.87
305,1,383.93,72.467
122.6,323.13,194.07,511.93
145,155.67,189.8,220.73
76.733,1,241,244.2
199.4,1,383.93,335.93
193,315.67,250.6,511.93
229.27,202.6,276.2,366.87
299.67,1,383.93,243.13
276.2,269.8,328.47,332.73
275.13,251.67,383.93,338.07
211.13,1,269.8,147.13
171.67,1,347.67,511.93
55.4,302.87,162.07,511.93
195.13,249.53,237.8,460.73
188.73,177,383.93,511.93
132.2,74.6,191.93,155.67
51.133,231.4,134.33,447.93
75.667,1,257,511.93
72.467,1,222.87,111.93
113,153.53,197.27,267.67
285.8,345.53,366.87,419.13
311.4,1,383.93,121.53
281.53,269.8,328.47,317.8
76.733,1,215.4,175.93
57.533,294.33,171.67,511.93
188.73,261.27,269.8,511.93
55.4,302.87,194.07,511.93
283.67,166.33,329.53,242.07
233.53,39.4,289,183.4
251.67,1,341.27,193
218.6,230.33,383.93,511.93
1,1,165.27,511.93
259.13,1,383.93,150.33
294.33,338.07,380.73,447.93
333.8,1,381.8,60.733
197.27,1,347.67,305
232.47,227.13,324.2,511.93
222.87,88.467,287.93,201.53
271.93,1,383.93,242.07
52.2,1,241,511.93
188.73,435.13,249.53,511.93
251.67,312.47,380.73,511.93
170.6,164.2,228.2,451.13
78.867,78.867,137.53,309.27
85.267,154.6,139.67,257
41.533,1,132.2,103.4
171.67,164.2,228.2,511.93
1,9.5333,141.8,511.93
238.87,1,383.93,307.13
123.67,153.53,197.27,267.67
57.533,305,148.2,437.27
83.133,71.4,194.07,363.67
75.667,1,222.87,346.6
278.33,354.07,362.6,444.73
52.2,279.4,140.73,449
237.8,1,383.93,278.33
289,78.867,383.93,146.07
1,204.73,131.13,511.93
291.13,325.27,383.93,511.93
55.4,305,237.8,511.93
325.27,78.867,383.93,122.6
56.467,302.87,148.2,439.4
1,9.5333,132.2,275.13
215.4,213.27,260.2,314.6
1,1,132.2,275.13
290.07,353,378.6,446.87
72.467,1,222.87,295.4
259.13,311.4,383.93,506.6
203.67,167.4,285.8,277.27
234.6,207.93,276.2,278.33
1,1,140.73,511.93
1,1,244.2,511.93
338.07,1,383.93,59.667
229.27,1,383.93,324.2
245.27,153.53,294.33,278.33
237.8,1,334.87,269.8
76.733,1,235.67,274.07
280.47,1,383.93,84.2
45.8,1,131.13,65
282.6,1,383.93,324.2
175.93,1,244.2,375.4
264.47,231.4,383.93,356.2
342.33,1,383.93,57.533
132.2,334.87,218.6,511.93
57.533,164.2,266.6,511.93
161,107.67,203.67,511.93
281.53,161,373.27,244.2
178.07,1,222.87,511.93
258.07,312.47,380.73,467.13
298.6,231.4,383.93,277.27
138.6,1,218.6,94.867
218.6,230.33,327.4,511.93
57.533,241,154.6,436.2
141.8,74.6,200.47,156.73
188.73,264.47,250.6,511.93
185.53,133.27,276.2,511.93
55.4,302.87,148.2,439.4
129,249.53,266.6,511.93
85.267,65,152.47,148.2
230.33,91.667,296.47,308.2
275.13,134.33,376.47,270.87
1,1,71.4,258.07
86.333,305,148.2,437.27
280.47,209,383.93,270.87
219.67,1,377.53,242.07
280.47,353,365.8,439.4
296.47,1,383.93,73.533
121.53,74.6,195.13,155.67
136.47,325.27,190.87,449
289,353,383.93,466.07
134.33,1,257,386.07
246.33,355.13,322.07,511.93
75.667,397.8,140.73,511.93
72.467,1,194.07,347.67
275.13,325.27,383.93,505.53
286.87,230.33,328.47,270.87
109.8,253.8,181.27,341.27
238.87,122.6,283.67,182.33
234.6,271.93,383.93,466.07
83.133,71.4,203.67,363.67
297.53,225,383.93,270.87
259.13,1,301.8,100.2
307.13,82.067,383.93,149.27
259.13,1,335.93,132.2
72.467,1,222.87,156.73
85.267,68.2,201.53,345.53
293.27,1,382.87,62.867
264.47,1,383.93,307.13
106.6,228.2,191.93,404.2
47.933,39.4,117.27,86.333
218.6,283.67,266.6,473.53
185.53,1,381.8,511.93
229.27,1,383.93,506.6
71.4,305,154.6,436.2
76.733,1,222.87,317.8
314.6,349.8,365.8,440.47
180.2,1,232.47,178.07
229.27,1,341.27,206.87
266.6,445.8,308.2,511.93
245.27,153.53,294.33,244.2
51.133,1,197.27,511.93
314.6,278.33,383.93,324.2
57.533,303.93,148.2,439.4
120.47,321,191.93,449
275.13,267.67,324.2,338.07
315.67,280.47,383.93,325.27
72.467,78.867,117.27,207.93
178.07,1,257,511.93
122.6,147.13,163.13,236.73
79.933,107.67,120.47,207.93
129,1,171.67,61.8
258.07,1,383.93,271.93
277.27,1,317.8,53.267
193,264.47,250.6,511.93
204.73,121.53,302.87,278.33
291.13,325.27,383.93,507.67
321,354.07,367.93,438.33
75.667,1,222.87,218.6
142.87,242.07,196.2,349.8
332.73,1,383.93,65
177,241,222.87,511.93
188.73,261.27,383.93,511.93
85.267,92.733,199.4,397.8
276.2,251.67,383.93,332.73
217.53,312.47,381.8,511.93
201.53,1,298.6,343.4
76.733,79.933,132.2,175.93
324.2,81,383.93,123.67
115.13,114.07,190.87,170.6
1,372.2,51.133,511.93
262.33,123.67,383.93,446.87
1,1,163.13,511.93
169.53,1,226.07,511.93
246.33,311.4,383.93,506.6
264.47,45.8,383.93,150.33
121.53,49,200.47,302.87
76.733,1,235.67,178.07
76.733,57.533,142.87,175.93
204.73,121.53,311.4,278.33
270.87,123.67,329.53,242.07
41.533,1,169.53,103.4
246.33,355.13,363.67,511.93
328.47,166.33,373.27,241
204.73,129,286.87,278.33
257,403.13,299.67,484.2
177,350.87,230.33,511.93
270.87,50.067,383.93,179.13
266.6,445.8,317.8,511.93
51.133,307.13,140.73,438.33
278.33,354.07,366.87,437.27
72.467,1,244.2,375.4
265.53,177,311.4,317.8
85.267,68.2,194.07,347.67
74.6,1,181.27,103.4
273,353,367.93,437.27
57.533,8.4667,189.8,511.93
52.2,309.27,93.8,366.87
132.2,1,181.27,101.27
178.07,207.93,250.6,511.93
7.4,25.533,54.333,158.87
293.27,1,383.93,82.067
275.13,338.07,383.93,505.53
306.07,348.73,365.8,396.73
90.6,36.2,140.73,89.533
104.47,71.4,194.07,269.8
52.2,201.53,191.93,511.93
264.47,1,383.93,302.87
102.33,1,171.67,88.467
296.47,280.47,383.93,356.2
206.87,1,383.93,150.33
252.73,334.87,383.93,511.93
85.267,147.13,199.4,268.73
1,204.73,104.47,351.93
245.27,127.93,294.33,278.33
278.33,353,367.93,437.27
259.13,1,317.8,53.267
170.6,164.2,220.73,451.13
204.73,163.13,286.87,243.13
52.2,201.53,164.2,511.93
259.13,1,335.93,129
1,1,79.933,258.07
184.47,164.2,228.2,348.73
145,195.13,188.73,237.8
1,344.47,57.533,511.93
139.67,1,188.73,87.4
121.53,92.733,191.93,223.93
134.33,1,276.2,511.93
315.67,354.07,366.87,437.27
264.47,467.13,319.93,511.93
51.133,1,194.07,418.07
169.53,1,244.2,511.93
310.33,1,381.8,61.8
291.13,446.87,383.93,506.6
126.87,8.4667,169.53,65
46.867,1,165.27,53.267
53.267,145,95.933,204.73
145,306.07,191.93,347.67
282.6,161,326.33,244.2
324.2,79.933,383.93,122.6
275.13,325.27,383.93,511.93
275.13,269.8,383.93,333.8
188.73,261.27,243.13,511.93
76.733,79.933,142.87,175.93
85.267,147.13,181.27,341.27
120.47,321,190.87,449
1,417,44.733,511.93
315.67,278.33,383.93,324.2
52.2,201.53,190.87,449
57.533,241,162.07,511.93
273,1,326.33,84.2
164.2,1,215.4,58.6
57.533,241,266.6,511.93
51.133,364.73,103.4,409.53
178.07,212.2,250.6,511.93
290.07,353,365.8,439.4
284.73,276.2,383.93,337
285.8,79.933,334.87,131.13
57.533,1,218.6,511.93
140.73,1,222.87,94.867
142.87,242.07,196.2,386.07
85.267,94.867,198.33,404.2
12.733,54.333,71.4,244.2
259.13,312.47,381.8,466.07
215.4,253.8,260.2,314.6
242.07,321,383.93,511.93
139.67,1,200.47,93.8
286.87,338.07,381.8,466.07
134.33,107.67,203.67,511.93
76.733,87.4,146.07,175.93
257,228.2,383.93,466.07
281.53,36.2,355.13,123.67
302.87,346.6,367.93,434.07
299.67,163.13,373.27,243.13
281.53,73.533,355.13,150.33
281.53,77.8,334.87,131.13
76.733,1,178.07,175.93
280.47,353,367.93,439.4
229.27,303.93,276.2,366.87
124.73,325.27,189.8,451.13
83.133,145,185.53,346.6
281.53,1,383.93,121.53
115.13,1,168.47,74.6
52.2,201.53,155.67,449
120.47,321,189.8,451.13
314.6,349.8,365.8,434.07
285.8,78.867,383.93,146.07
76.733,1,222.87,196.2
305,67.133,383.93,122.6
171.67,249.53,237.8,511.93
185.53,230.33,237.8,511.93
332.73,9.5333,383.93,65
285.8,1,383.93,146.07
330.6,182.33,372.2,239.93
183.4,24.467,244.2,375.4
109.8,173.8,199.4,397.8
270.87,76.733,341.27,179.13
140.73,1,215.4,94.867
120.47,321,189.8,511.93
76.733,1,226.07,178.07
85.267,74.6,200.47,397.8
147.13,348.73,191.93,449
268.73,130.07,316.73,189.8
281.53,269.8,328.47,332.73
188.73,261.27,270.87,511.93
220.73,442.6,269.8,511.93
178.07,1,270.87,511.93
268.73,130.07,383.93,270.87
141.8,1,200.47,93.8
180.2,1,226.07,178.07
122.6,74.6,199.4,267.67
285.8,36.2,348.73,99.133
241,19.133,281.53,124.73
259.13,1,383.93,132.2
108.73,303.93,162.07,511.93
307.13,1,383.93,149.27
113,252.73,182.33,298.6
204.73,163.13,286.87,278.33
270.87,123.67,383.93,193
287.93,130.07,383.93,174.87
244.2,165.27,285.8,234.6
213.27,403.13,289,511.93
271.93,118.33,383.93,242.07
78.867,1,211.13,309.27
311.4,1,383.93,72.467
225,203.67,276.2,308.2
206.87,1,255.93,141.8
292.2,334.87,383.93,446.87
265.53,326.33,383.93,446.87
239.93,183.4,285.8,277.27
237.8,1,334.87,278.33
183.4,39.4,223.93,179.13
302.87,346.6,367.93,435.13
141.8,1,194.07,92.733
188.73,213.27,276.2,511.93
202.6,213.27,262.33,459.67
261.27,234.6,324.2,334.87
202.6,167.4,285.8,459.67
83.133,134.33,129,317.8
275.13,269.8,383.93,338.07
281.53,166.33,383.93,335.93
274.07,338.07,367.93,441.53
177,164.2,228.2,511.93
264.47,253.8,383.93,334.87
281.53,77.8,334.87,130.07
146.07,1,218.6,86.333
197.27,103.4,244.2,157.8
246.33,404.2,383.93,511.93
162.07,419.13,214.33,511.93
202.6,182.33,383.93,511.93
238.87,1,302.87,182.33
52.2,279.4,148.2,449
106.6,275.13,150.33,324.2
141.8,1,257,196.2
79.933,102.33,129,158.87
188.73,261.27,250.6,511.93
54.333,145,95.933,202.6
268.73,130.07,316.73,226.07
107.67,252.73,171.67,327.4
281.53,82.067,383.93,277.27
125.8,421.27,182.33,511.93
85.267,49,200.47,383.93
111.93,39.4,152.47,84.2
282.6,1,383.93,277.27
55.4,201.53,155.67,449
1,1,169.53,258.07
291.13,427.67,383.93,505.53
199.4,86.333,298.6,232.47
134.33,1,222.87,102.33
20.2,145,95.933,244.2
1,1,165.27,258.07
142.87,47.933,207.93,386.07
281.53,1,383.93,277.27
292.2,1,383.93,75.667
71.4,241,154.6,436.2
77.8,1,165.27,45.8
93.8,303.93,137.53,405.27
1,204.73,142.87,511.93
111.93,298.6,197.27,511.93
328.47,166.33,371.13,241
72.467,78.867,137.53,309.27
277.27,164.2,328.47,255.93
199.4,1,383.93,200.47
1,349.8,111.93,511.93
299.67,163.13,373.27,242.07
281.53,77.8,355.13,131.13
218.6,404.2,268.73,511.93
201.53,1,257,196.2
206.87,1,252.73,141.8
282.6,163.13,383.93,277.27
107.67,274.07,163.13,327.4
282.6,163.13,383.93,271.93
77.8,1,150.33,47.933
129,325.27,189.8,511.93
184.47,164.2,228.2,373.27
55.4,201.53,155.67,440.47
138.6,1,215.4,94.867
132.2,346.6,189.8,451.13
55.4,305,131.13,411.67
185.53,213.27,245.27,511.93
268.73,66.067,383.93,271.93
148.2,348.73,190.87,449
219.67,1,269.8,132.2
325.27,82.067,383.93,122.6
188.73,213.27,262.33,511.93
315.67,278.33,383.93,323.13
25.533,174.87,92.733,239.93
147.13,348.73,197.27,511.93
213.27,275.13,293.27,511.93
149.27,47.933,197.27,93.8
270.87,123.67,377.53,242.07
294.33,130.07,383.93,171.67
115.13,68.2,194.07,264.47
132.2,1,200.47,101.27
270.87,83.133,315.67,179.13
1,10.6,131.13,306.07
215.4,1,298.6,200.47
268.73,119.4,383.93,271.93
74.6,399.93,140.73,449
246.33,355.13,321,472.47
218.6,404.2,268.73,504.47
72.467,1,170.6,278.33
193,315.67,244.2,511.93
199.4,1,257,199.4
79.933,201.53,155.67,440.47
293.27,1,381.8,62.867
184.47,1,257,255.93
115.13,95.933,193,170.6
252.73,182.33,383.93,511.93
199.4,1,248.47,199.4
291.13,357.27,383.93,473.53
72.467,1,200.47,278.33
258.07,1,383.93,118.33
341.27,1,381.8,57.533
78.867,1,222.87,511.93
244.2,230.33,327.4,511.93
205.8,167.4,246.33,237.8
203.67,167.4,246.33,244.2
190.87,156.73,286.87,244.2
291.13,425.53,383.93,473.53
76.733,1,170.6,125.8
203.67,163.13,286.87,244.2
133.27,353,186.6,451.13
217.53,444.73,267.67,511.93
239.93,183.4,285.8,243.13
107.67,68.2,194.07,345.53
130.07,1,178.07,95.933
299.67,133.27,383.93,243.13
262.33,312.47,327.4,365.8
72.467,1,170.6,207.93
198.33,135.4,238.87,246.33
51.133,231.4,104.47,409.53
268.73,130.07,383.93,271.93
260.2,222.87,340.2,305
296.47,227.13,383.93,271.93
232.47,273,274.07,329.53
321,354.07,366.87,397.8
202.6,213.27,260.2,459.67
134.33,1,257,207.93
7.4,25.533,54.333,146.07
72.467,1,181.27,309.27
258.07,430.87,383.93,511.93
258.07,1,302.87,91.667
223.93,275.13,293.27,418.07
129,325.27,189.8,451.13
218.6,275.13,293.27,473.53
83.133,134.33,129,225
118.33,1,171.67,89.533
296.47,1,338.07,73.533
76.733,34.067,152.47,175.93
209,213.27,276.2,511.93
184.47,195.13,237.8,375.4
175.93,24.467,244.2,375.4
273,1,326.33,78.867
244.2,338.07,316.73,511.93
305,108.73,383.93,150.33
297.53,182.33,383.93,270.87
148.2,108.73,193,175.93
77.8,1,156.73,45.8
197.27,103.4,244.2,149.27
252.73,403.13,299.67,511.93
286.87,349.8,365.8,440.47
125.8,378.6,237.8,511.93
180.2,1,232.47,221.8
275.13,269.8,383.93,337
111.93,8.4667,169.53,84.2
296.47,172.73,383.93,253.8
232.47,227.13,337,511.93
141.8,327.4,191.93,404.2
65,378.6,140.73,438.33
290.07,353,365.8,434.07
243.13,373.27,308.2,511.93
316.73,279.4,383.93,324.2
228.2,305,274.07,363.67
285.8,1,383.93,99.133
289,330.6,383.93,466.07
56.467,302.87,162.07,511.93
71.4,305,137.53,411.67
199.4,86.333,383.93,335.93
307.13,1,381.8,62.867
275.13,134.33,383.93,335.93
85.267,92.733,191.93,327.4
141.8,326.33,191.93,389.27
129,325.27,189.8,441.53
206.87,1,257,141.8
222.87,1,298.6,201.53
1,118.33,117.27,275.13
310.33,325.27,383.93,426.6
280.47,161,383.93,270.87
199.4,1,248.47,180.2
237.8,19.133,281.53,269.8
274.07,338.07,365.8,441.53
310.33,325.27,383.93,453.27
151.4,294.33,191.93,360.47
251.67,312.47,381.8,511.93
257,355.13,321,466.07
285.8,78.867,335.93,129
92.733,344.47,148.2,439.4
277.27,1,317.8,47.933
285.8,67.133,383.93,146.07
278.33,267.67,324.2,338.07
141.8,1,197.27,92.733
237.8,1,308.2,269.8
142.87,74.6,195.13,127.93
262.33,462.87,316.73,511.93
134.33,1,194.07,91.667
121.53,49,200.47,232.47
310.33,1,383.93,82.067
291.13,325.27,383.93,481
154.6,1,222.87,98.067
278.33,355.13,363.67,434.07
85.267,139.67,183.4,347.67
264.47,267.67,311.4,334.87
71.4,305,131.13,411.67
76.733,78.867,130.07,125.8
218.6,466.07,270.87,511.93
293.27,231.4,383.93,277.27
243.13,227.13,324.2,511.93
83.133,154.6,185.53,363.67
72.467,86.333,117.27,152.47
249.53,440.47,316.73,511.93
258.07,1,383.93,84.2
85.267,67.133,201.53,345.53
227.13,201.53,347.67,305
107.67,250.6,183.4,342.33
229.27,1,289,206.87
163.13,107.67,203.67,345.53
122.6,147.13,199.4,236.73
303.93,347.67,365.8,417
1,145,95.933,275.13
285.8,355.13,363.67,434.07
180.2,1,222.87,178.07
203.67,167.4,246.33,237.8
244.2,234.6,324.2,396.73
1,373.27,43.667,486.33
298.6,231.4,383.93,271.93
259.13,1,302.87,91.667
199.4,1,383.93,243.13
258.07,414.87,308.2,507.67
199.4,86.333,298.6,308.2
197.27,1,289,201.53
285.8,166.33,383.93,277.27
184.47,45.8,241,244.2
274.07,338.07,383.93,505.53
324.2,353,367.93,397.8
1,161,70.333,275.13
199.4,1,270.87,206.87
213.27,445.8,270.87,511.93
109.8,355.13,162.07,511.93
76.733,79.933,132.2,148.2
257,223.93,383.93,466.07
141.8,326.33,191.93,386.07
121.53,95.933,190.87,155.67
264.47,253.8,327.4,365.8
259.13,1,301.8,53.267
186.6,164.2,228.2,348.73
230.33,165.27,296.47,308.2
78.867,1,211.13,332.73
117.27,8.4667,169.53,83.133
311.4,11.667,383.93,72.467
219.67,1,377.53,201.53
104.47,147.13,194.07,269.8
1,1,58.6,255.93
85.267,155.67,136.47,274.07
85.267,34.067,152.47,148.2
291.13,354.07,335.93,436.2
258.07,1,305,57.533
229.27,231.4,295.4,343.4
105.53,189.8,191.93,383.93
52.2,309.27,103.4,413.8
225,172.73,276.2,232.47
321,345.53,369,441.53
282.6,355.13,363.67,434.07
199.4,1,270.87,280.47
274.07,338.07,381.8,466.07
56.467,302.87,115.13,391.4
238.87,49,284.73,182.33
303.93,347.67,365.8,394.6
126.87,325.27,189.8,451.13
201.53,1,247.4,178.07
229.27,202.6,276.2,338.07
73.533,397.8,140.73,511.93
76.733,87.4,146.07,295.4
341.27,1,381.8,55.4
113,94.867,193,345.53
113,252.73,182.33,345.53
291.13,1,381.8,61.8
8.4667,433,111.93,511.93
141.8,1,222.87,98.067
85.267,124.73,191.93,383.93
217.53,231.4,276.2,511.93
184.47,1,257,244.2
188.73,213.27,383.93,511.93
270.87,50.067,315.67,179.13
74.6,1,171.67,103.4
86.333,305,133.27,394.6
79.933,201.53,164.2,511.93
229.27,251.67,276.2,338.07
258.07,1,307.13,61.8
341.27,1,383.93,56.467
125.8,425.53,172.73,511.93
183.4,39.4,223.93,231.4
93.8,329.53,137.53,405.27
113,68.2,194.07,345.53
206.87,1,338.07,141.8
251.67,373.27,308.2,507.67
106.6,228.2,185.53,342.33
301.8,78.867,383.93,123.67
254.87,39.4,309.27,102.33
123.67,159.93,189.8,264.47
289,412.73,383.93,466.07
254.87,163.13,311.4,253.8
270.87,123.67,372.2,188.73
201.53,1,298.6,178.07
273,311.4,382.87,365.8
177,350.87,237.8,511.93
215.4,211.13,260.2,314.6
265.53,338.07,370.07,444.73
280.47,338.07,365.8,417
76.733,87.4,140.73,175.93
142.87,1,218.6,92.733
227.13,201.53,347.67,279.4
222.87,39.4,298.6,201.53
260.2,230.33,327.4,365.8
244.2,373.27,308.2,511.93
293.27,221.8,383.93,277.27
291.13,342.33,380.73,447.93
238.87,91.667,283.67,182.33
76.733,87.4,141.8,175.93
282.6,161,373.27,244.2
33,10.6,131.13,158.87
77.8,1,222.87,95.933
159.93,1,215.4,94.867
85.267,147.13,163.13,268.73
215.4,86.333,279.4,232.47
289,338.07,383.93,466.07
140.73,1,217.53,94.867
170.6,419.13,214.33,511.93
85.267,65,134.33,148.2
79.933,103.4,122.6,158.87
244.2,338.07,293.27,466.07
311.4,1,383.93,82.067
34.067,9.5333,132.2,168.47
302.87,346.6,367.93,436.2
285.8,79.933,335.93,123.67
129,249.53,237.8,511.93
321,397.8,365.8,440.47
65,378.6,142.87,511.93
121.53,121.53,197.27,232.47
259.13,1,307.13,100.2
213.27,466.07,266.6,511.93
293.27,451.13,383.93,505.53
265.53,338.07,383.93,444.73
289,338.07,381.8,466.07
37.267,10.6,131.13,158.87
72.467,402.07,134.33,447.93
56.467,302.87,137.53,407.4
238.87,86.333,283.67,182.33
327.4,162.07,373.27,207.93
72.467,302.87,116.2,402.07
183.4,39.4,237.8,375.4
12.733,1,169.53,244.2
1,349.8,58.6,500.2
258.07,414.87,329.53,467.13
1,376.47,43.667,447.93
236.73,39.4,289,125.8
88.467,404.2,140.73,449
140.73,343.4,190.87,449
83.133,154.6,185.53,346.6
194.07,397.8,237.8,499.13
141.8,1,257,207.93
85.267,65,142.87,148.2
188.73,264.47,243.13,511.93
1,1,56.467,253.8
264.47,228.2,328.47,302.87
215.4,86.333,298.6,232.47
334.87,146.07,383.93,248.47
204.73,167.4,276.2,308.2
219.67,1,298.6,201.53
120.47,321,172.73,449
258.07,1,308.2,91.667
317.8,354.07,364.73,396.73
254.87,163.13,311.4,217.53
231.4,231.4,282.6,334.87
126.87,325.27,186.6,451.13
76.733,1,181.27,196.2
246.33,355.13,383.93,511.93
198.33,135.4,242.07,246.33
328.47,166.33,370.07,239.93
332.73,1,379.67,60.733
85.267,147.13,163.13,261.27
275.13,338.07,380.73,447.93
113,252.73,171.67,298.6
72.467,1,194.07,111.93
229.27,1,270.87,206.87
75.667,403.13,134.33,447.93
202.6,211.13,260.2,459.67
264.47,253.8,324.2,334.87
159.93,1,222.87,98.067
115.13,71.4,194.07,164.2
85.267,155.67,125.8,268.73
263.4,235.67,319.93,367.93
275.13,346.6,367.93,438.33
77.8,1,203.67,95.933
125.8,425.53,182.33,511.93
286.87,354.07,335.93,436.2
184.47,230.33,229.27,375.4
266.6,222.87,340.2,278.33
198.33,170.6,238.87,246.33
71.4,305,117.27,370.07
85.267,155.67,135.4,274.07
259.13,338.07,381.8,466.07
57.533,8.4667,169.53,442.6
302.87,73.533,355.13,123.67
85.267,124.73,147.13,274.07
115.13,117.27,188.73,170.6
264.47,467.13,317.8,511.93
122.6,323.13,188.73,511.93
184.47,230.33,237.8,375.4
264.47,311.4,327.4,365.8
275.13,269.8,328.47,333.8
258.07,338.07,380.73,467.13
264.47,450.07,322.07,511.93
248.47,88.467,298.6,234.6
185.53,230.33,226.07,511.93
258.07,1,302.87,47.933
123.67,153.53,197.27,232.47
265.53,177,311.4,230.33
76.733,87.4,129,158.87
79.933,166.33,159.93,442.6
245.27,153.53,285.8,234.6
85.267,147.13,191.93,404.2
305,1,379.67,61.8
106.6,275.13,164.2,327.4
234.6,271.93,365.8,420.2
263.4,303.93,370.07,389.27
55.4,345.53,142.87,511.93
76.733,72.467,140.73,121.53
37.267,72.467,102.33,158.87
285.8,78.867,335.93,123.67
20.2,161,70.333,244.2
83.133,305,123.67,394.6
197.27,67.133,252.73,201.53
148.2,378.6,237.8,499.13
228.2,307.13,271.93,363.67
220.73,466.07,266.6,511.93
206.87,1,269.8,141.8
85.267,155.67,130.07,261.27
270.87,123.67,377.53,188.73
243.13,357.27,308.2,511.93
279.4,1,383.93,78.867
275.13,269.8,328.47,325.27
78.867,305,148.2,437.27
54.333,1,165.27,45.8
270.87,88.467,315.67,179.13
76.733,72.467,139.67,121.53
328.47,166.33,373.27,239.93
85.267,124.73,147.13,285.8
268.73,130.07,383.93,183.4
215.4,113,279.4,183.4
104.47,294.33,171.67,511.93
52.2,231.4,104.47,399.93
279.4,11.667,383.93,78.867
85.267,154.6,139.67,261.27
77.8,1,169.53,47.933
129,325.27,171.67,441.53
53.267,145,95.933,227.13
148.2,378.6,196.2,451.13
281.53,123.67,383.93,277.27
307.13,107.67,383.93,149.27
315.67,279.4,383.93,324.2
227.13,213.27,276.2,308.2
302.87,156.73,373.27,207.93
122.6,74.6,195.13,267.67
185.53,213.27,251.67,511.93
215.4,91.667,279.4,232.47
281.53,161,383.93,277.27
193,451.13,249.53,511.93
222.87,39.4,287.93,201.53
265.53,338.07,370.07,389.27
328.47,164.2,373.27,241
217.53,231.4,271.93,511.93
312.47,294.33,383.93,337
188.73,266.6,243.13,511.93
252.73,403.13,362.6,511.93
94.867,159.93,136.47,274.07
261.27,234.6,311.4,334.87
233.53,1,289,183.4
291.13,427.67,382.87,473.53
285.8,134.33,375.4,179.13
122.6,156.73,189.8,267.67
315.67,278.33,383.93,322.07
229.27,231.4,293.27,343.4
278.33,267.67,324.2,331.67
197.27,133.27,252.73,201.53
292.2,338.07,383.93,446.87
143.93,331.67,191.93,386.07
45.8,10.6,131.13,86.333
281.53,269.8,383.93,335.93
228.2,231.4,271.93,363.67
37.267,39.4,117.27,158.87
215.4,1,284.73,200.47
287.93,166.33,329.53,242.07
25.533,145,95.933,239.93
296.47,123.67,383.93,171.67
338.07,1,381.8,57.533
305,1,383.93,61.8
85.267,159.93,139.67,257
266.6,201.53,347.67,278.33
309.27,182.33,372.2,243.13
285.8,79.933,334.87,123.67
222.87,113,274.07,201.53
188.73,315.67,243.13,511.93
205.8,213.27,262.33,312.47
292.2,166.33,374.33,243.13
132.2,92.733,191.93,155.67
264.47,234.6,311.4,334.87
298.6,346.6,367.93,436.2
289,276.2,383.93,337
275.13,353,316.73,433
239.93,163.13,286.87,243.13
185.53,133.27,243.13,449
339.13,1,383.93,59.667
99.133,375.4,148.2,437.27
287.93,130.07,383.93,183.4
198.33,133.27,243.13,246.33
89.533,78.867,130.07,125.8
185.53,230.33,226.07,449
107.67,68.2,201.53,345.53
303.93,345.53,369,386.07
159.93,1,211.13,94.867
76.733,8.4667,169.53,175.93
281.53,269.8,328.47,315.67
121.53,74.6,197.27,232.47
260.2,182.33,372.2,389.27
328.47,181.27,371.13,241
227.13,113,279.4,183.4
72.467,86.333,117.27,207.93
227.13,213.27,276.2,305
290.07,136.47,376.47,193
121.53,1,211.13,127.93
85.267,124.73,169.53,327.4
56.467,302.87,137.53,405.27
113,164.2,188.73,345.53
287.93,180.2,329.53,242.07
109.8,191.93,171.67,298.6
90.6,118.33,131.13,175.93
113,95.933,193,345.53
195.13,289,237.8,460.73
234.6,271.93,319.93,420.2
241,19.133,281.53,118.33
307.13,1,351.93,62.867
121.53,84.2,169.53,127.93
199.4,1,298.6,200.47
52.2,307.13,95.933,351.93
141.8,327.4,190.87,387.13
265.53,177,311.4,305
56.467,302.87,116.2,402.07
275.13,346.6,367.93,436.2
263.4,235.67,369,386.07
109.8,253.8,181.27,316.73
78.867,79.933,138.6,309.27
131.13,215.4,183.4,267.67
254.87,1,338.07,102.33
131.13,156.73,189.8,267.67
51.133,216.47,140.73,511.93
107.67,252.73,179.13,342.33
300.73,209,383.93,253.8
130.07,436.2,172.73,511.93
17,163.13,70.333,239.93
85.267,139.67,139.67,261.27
252.73,271.93,319.93,420.2
145,293.27,191.93,347.67
11.667,204.73,104.47,306.07
1,204.73,104.47,306.07
93.8,329.53,148.2,439.4
334.87,338.07,383.93,412.73
296.47,78.867,383.93,146.07
20.2,161,71.4,244.2
122.6,161,163.13,236.73
285.8,78.867,334.87,131.13
85.267,159.93,130.07,261.27
321,353,367.93,397.8
1,145,104.47,306.07
90.6,107.67,140.73,175.93
275.13,228.2,383.93,270.87
209,211.13,260.2,317.8
33,460.73,111.93,511.93
264.47,451.13,383.93,511.93
169.53,195.13,219.67,511.93
129,189.8,184.47,267.67
123.67,164.2,188.73,269.8
301.8,231.4,383.93,276.2
239.93,1,298.6,167.4
289,402.07,378.6,466.07
229.27,231.4,282.6,334.87
115.13,68.2,194.07,179.13
109.8,191.93,191.93,347.67
109.8,253.8,181.27,325.27
76.733,8.4667,169.53,121.53
146.07,1,198.33,86.333
1,373.27,43.667,447.93
109.8,173.8,199.4,347.67
12.733,54.333,70.333,244.2
260.2,222.87,370.07,389.27
243.13,201.53,347.67,279.4
117.27,74.6,195.13,155.67
102.33,36.2,149.27,91.667
65,397.8,140.73,438.33
45.8,10.6,131.13,65
76.733,36.2,149.27,125.8
78.867,79.933,137.53,309.27
321,345.53,369,397.8
146.07,378.6,189.8,451.13
298.6,132.2,377.53,207.93
201.53,1,298.6,249.53
227.13,1,284.73,183.4
108.73,303.93,155.67,455.4
227.13,1,284.73,194.07
223.93,283.67,266.6,398.87
105.53,274.07,169.53,327.4
206.87,1,298.6,200.47
122.6,323.13,172.73,511.93
145,306.07,191.93,383.93
123.67,164.2,188.73,264.47
263.4,275.13,370.07,389.27
132.2,346.6,214.33,511.93
138.6,1,194.07,91.667
146.07,1,194.07,86.333
264.47,467.13,383.93,511.93
121.53,121.53,190.87,223.93
145,159.93,189.8,220.73
41.533,38.333,104.47,103.4
105.53,274.07,191.93,383.93
293.27,1,335.93,62.867
105.53,274.07,181.27,327.4
54.333,1,156.73,45.8
205.8,213.27,262.33,473.53
257,402.07,378.6,466.07
90.6,124.73,147.13,198.33
109.8,189.8,184.47,298.6
108.73,305,154.6,436.2
133.27,342.33,186.6,451.13
292.2,397.8,378.6,446.87
107.67,250.6,183.4,347.67
275.13,348.73,316.73,433
142.87,74.6,195.13,175.93
321,1,381.8,61.8
227.13,1,284.73,200.47
85.267,74.6,199.4,268.73
291.13,338.07,380.73,447.93
293.27,166.33,372.2,243.13
65,397.8,142.87,511.93
251.67,414.87,308.2,507.67
124.73,419.13,171.67,511.93
83.133,305,123.67,388.2
270.87,123.67,376.47,193
147.13,147.13,199.4,235.67
180.2,332.73,221.8,511.93
177,332.73,221.8,511.93
188.73,437.27,247.4,511.93
109.8,378.6,162.07,511.93
77.8,1,194.07,91.667
41.533,1,131.13,103.4
147.13,156.73,189.8,235.67
78.867,355.13,148.2,437.27
291.13,346.6,367.93,436.2
51.133,343.4,103.4,418.07
78.867,1,150.33,47.933
257,338.07,383.93,466.07
285.8,83.133,331.67,123.67
294.33,345.53,370.07,389.27
215.4,91.667,279.4,183.4
51.133,216.47,104.47,418.07
199.4,1,243.13,141.8
151.4,312.47,191.93,360.47
252.73,271.93,303.93,371.13
285.8,231.4,383.93,277.27
1,382.87,43.667,446.87
122.6,323.13,172.73,453.27
1,372.2,51.133,479.93
85.267,79.933,132.2,148.2
85.267,94.867,191.93,404.2
204.73,167.4,281.53,239.93
298.6,130.07,383.93,180.2
298.6,132.2,377.53,182.33
293.27,166.33,374.33,243.13
121.53,94.867,167.4,152.47
225,172.73,281.53,232.47
227.13,45.8,284.73,183.4
233.53,113,274.07,183.4
121.53,107.67,190.87,223.93
270.87,123.67,311.4,188.73
311.4,10.6,383.93,72.467
109.8,191.93,181.27,298.6
100.2,159.93,183.4,267.67
85.267,124.73,191.93,404.2
7.4,25.533,56.467,201.53
51.133,309.27,103.4,418.07
198.33,202.6,238.87,246.33
188.73,329.53,243.13,511.93
12.733,103.4,70.333,244.2
100.2,147.13,199.4,267.67
193,451.13,247.4,511.93
99.133,371.13,148.2,437.27
85.267,139.67,139.67,257
72.467,56.467,148.2,111.93
145,189.8,188.73,237.8
4.2,433,111.93,511.93
287.93,77.8,334.87,121.53
109.8,253.8,171.67,303.93
275.13,134.33,329.53,270.87
147.13,156.73,189.8,233.53
1,25.533,56.467,255.93
133.27,353,189.8,451.13
285.8,134.33,329.53,251.67
291.13,354.07,334.87,436.2
104.47,294.33,159.93,442.6
285.8,79.933,334.87,120.47
1,382.87,51.133,479.93
28.733,145,95.933,234.6
239.93,1,281.53,118.33
85.267,139.67,131.13,247.4
280.47,355.13,321,439.4
7.4,25.533,53.267,146.07
109.8,253.8,181.27,342.33
51.133,343.4,98.067,405.27
188.73,344.47,229.27,511.93
122.6,161,184.47,236.73
115.13,117.27,179.13,170.6
53.267,145,104.47,227.13
65,397.8,142.87,468.2
34.067,145,95.933,227.13
33,204.73,104.47,351.93
136.47,68.2,194.07,123.67
306.07,348.73,365.8,391.4
188.73,329.53,232.47,511.93
142.87,95.933,190.87,155.67
287.93,180.2,329.53,251.67
299.67,163.13,358.33,242.07
85.267,155.67,130.07,268.73
52.2,227.13,104.47,351.93
10.6,466.07,77.8,511.93
72.467,56.467,132.2,109.8
138.6,218.6,184.47,264.47
307.13,1,383.93,82.067
109.8,253.8,171.67,316.73
312.47,10.6,383.93,71.4
204.73,167.4,248.47,239.93
302.87,346.6,367.93,396.73
201.53,60.733,247.4,178.07
33,204.73,81,251.67
53.267,216.47,104.47,324.2
324.2,166.33,373.27,242.07
53.267,105.53,114.07,227.13
72.467,302.87,115.13,391.4
122.6,161,184.47,237.8
12.733,103.4,60.733,180.2
1,349.8,58.6,433
11.667,204.73,81,260.2
146.07,378.6,186.6,451.13
1,382.87,51.133,446.87
8.4667,460.73,111.93,511.93
106.6,253.8,181.27,342.33
133.27,353,173.8,451.13
4.2,404.2,57.533,500.2
121.53,94.867,164.2,152.47
337,10.6,383.93,65
51.133,307.13,98.067,405.27
109.8,201.53,181.27,341.27
138.6,1,186.6,91.667
12.733,103.4,70.333,239.93
8.4667,466.07,77.8,511.93
77.8,1,156.73,47.933
121.53,94.867,190.87,155.67
147.13,156.73,187.67,206.87
233.53,113,279.4,183.4
140.73,280.47,181.27,342.33
140.73,280.47,181.27,325.27
1,1,55.4,246.33
1,200.47,53.267,255.93
