114.07,5.2667,220.73,280.47
93.8,1,383.93,511.93
263.4,1,383.93,241
173.8,82.067,258.07,156.73
116.2,1,383.93,511.93
21.267,1,383.93,511.93
214.33,82.067,258.07,125.8
1,1,383.93,511.93
1,2.0667,167.4,511.93
114.07,4.2,251.67,157.8
59.667,289,135.4,511.93
151.4,259.13,278.33,401
59.667,157.8,155.67,511.93
173.8,1,383.93,273
197.27,1,273,106.6
319.93,244.2,383.93,316.73
116.2,134.33,302.87,511.93
266.6,220.73,357.27,364.73
173.8,1,383.93,286.87
85.267,6.3333,149.27,487.4
159.93,1,383.93,511.93
159.93,262.33,383.93,511.93
1,1,261.27,511.93
1,1,271.93,511.93
230.33,1,383.93,275.13
110.87,252.73,303.93,511.93
110.87,230.33,383.93,511.93
266.6,214.33,364.73,459.67
1,1,302.87,511.93
110.87,186.6,303.93,511.93
1,1,167.4,511.93
199.4,1,383.93,511.93
173.8,1,383.93,511.93
300.73,1,383.93,154.6
159.93,326.33,275.13,511.93
179.13,184.47,383.93,511.93
198.33,102.33,327.4,275.13
190.87,230.33,383.93,511.93
262.33,1,334.87,84.2
94.867,5.2667,200.47,387.13
233.53,148.2,383.93,511.93
315.67,63.933,383.93,131.13
94.867,5.2667,210.07,75.667
167.4,344.47,258.07,482.07
213.27,254.87,319.93,458.6
191.93,102.33,332.73,395.67
21.267,1,302.87,223.93
81,5.2667,225,511.93
199.4,4.2,383.93,511.93
258.07,1,383.93,396.73
94.867,262.33,228.2,511.93
243.13,213.27,383.93,511.93
297.53,34.067,383.93,242.07
116.2,148.2,319.93,511.93
312.47,291.13,383.93,363.67
21.267,1,274.07,172.73
1,1,155.67,511.93
199.4,1,312.47,254.87
1,1,136.47,511.93
230.33,1,383.93,511.93
260.2,206.87,383.93,491.67
94.867,5.2667,303.93,511.93
93.8,5.2667,185.53,213.27
1,3.1333,225,511.93
1,1,261.27,327.4
303.93,244.2,383.93,391.4
159.93,326.33,383.93,511.93
323.13,321,369,386.07
235.67,419.13,383.93,511.93
243.13,1,383.93,511.93
190.87,254.87,319.93,462.87
260.2,429.8,342.33,491.67
308.2,104.47,383.93,238.87
317.8,137.53,383.93,396.73
94.867,11.667,232.47,511.93
223.93,423.4,266.6,511.93
274.07,253.8,319.93,377.53
1,2.0667,232.47,511.93
110.87,1,383.93,511.93
101.27,11.667,214.33,213.27
1,1,210.07,75.667
241,71.4,312.47,147.13
197.27,1,383.93,313.53
197.27,1,383.93,156.73
110.87,385,172.73,511.93
157.8,1,383.93,396.73
119.4,196.2,295.4,511.93
297.53,34.067,383.93,396.73
1,1,188.73,511.93
179.13,348.73,245.27,474.6
230.33,1,383.93,394.6
201.53,184.47,259.13,252.73
250.6,221.8,383.93,491.67
1,6.3333,110.87,511.93
191.93,1,383.93,395.67
124.73,4.2,239.93,156.73
93.8,3.1333,302.87,223.93
191.93,220.73,295.4,402.07
146.07,24.467,214.33,109.8
323.13,313.53,383.93,396.73
59.667,18.067,155.67,511.93
114.07,1,383.93,511.93
323.13,245.27,383.93,396.73
179.13,347.67,245.27,474.6
116.2,201.53,278.33,511.93
220.73,392.47,278.33,511.93
116.2,186.6,303.93,511.93
191.93,259.13,286.87,376.47
124.73,4.2,253.8,123.67
1,1,149.27,511.93
198.33,1,302.87,214.33
190.87,324.2,260.2,374.33
235.67,404.2,383.93,511.93
285.8,245.27,383.93,394.6
131.13,252.73,276.2,369
123.67,85.267,207.93,236.73
179.13,184.47,299.67,511.93
213.27,262.33,383.93,491.67
190.87,269.8,265.53,358.33
99.133,7.4,178.07,206.87
261.27,166.33,355.13,258.07
159.93,326.33,246.33,476.73
264.47,1,383.93,222.87
230.33,1,383.93,109.8
93.8,4.2,253.8,295.4
118.33,222.87,172.73,287.93
299.67,1,383.93,246.33
119.4,99.133,188.73,209
93.8,5.2667,207.93,236.73
260.2,214.33,383.93,491.67
157.8,1,310.33,258.07
1,3.1333,155.67,511.93
114.07,4.2,383.93,511.93
1,1,369,85.267
1,6.3333,167.4,511.93
118.33,148.2,301.8,401
117.27,134.33,213.27,280.47
317.8,33,383.93,127.93
151.4,269.8,278.33,401
99.133,7.4,188.73,280.47
55.4,151.4,161,509.8
186.6,105.53,264.47,219.67
191.93,220.73,295.4,511.93
132.2,269.8,278.33,401
1,1,270.87,511.93
220.73,392.47,306.07,511.93
327.4,419.13,378.6,489.53
283.67,163.13,327.4,235.67
99.133,7.4,186.6,167.4
207.93,242.07,295.4,402.07
117.27,134.33,302.87,511.93
123.67,151.4,207.93,283.67
1,1,161,511.93
235.67,253.8,383.93,511.93
230.33,1,360.47,145
191.93,285.8,263.4,358.33
241,77.8,302.87,202.6
1,3.1333,133.27,511.93
323.13,321,383.93,396.73
311.4,22.333,383.93,138.6
201.53,184.47,295.4,402.07
1,1,110.87,511.93
145,3.1333,302.87,223.93
303.93,244.2,383.93,394.6
264.47,72.467,345.53,222.87
162.07,353,275.13,511.93
1,2.0667,133.27,511.93
131.13,201.53,183.4,259.13
119.4,69.267,261.27,313.53
137.53,385,204.73,429.8
179.13,74.6,239.93,156.73
46.867,6.3333,120.47,219.67
124.73,5.2667,218.6,123.67
126.87,4.2,242.07,156.73
233.53,1,383.93,396.73
342.33,423.4,383.93,491.67
126.87,1,302.87,214.33
167.4,348.73,258.07,482.07
261.27,104.47,383.93,258.07
46.867,6.3333,134.33,509.8
341.27,245.27,383.93,316.73
251.67,1,383.93,396.73
233.53,148.2,298.6,390.33
99.133,7.4,261.27,327.4
232.47,102.33,327.4,275.13
317.8,146.07,383.93,396.73
84.2,5.2667,225,511.93
117.27,252.73,303.93,434.07
282.6,262.33,383.93,459.67
303.93,318.87,383.93,391.4
135.4,209,181.27,262.33
116.2,201.53,306.07,511.93
233.53,148.2,301.8,390.33
213.27,254.87,317.8,456.47
99.133,7.4,188.73,212.2
181.27,92.733,239.93,157.8
230.33,51.133,331.67,109.8
282.6,367.93,383.93,456.47
233.53,138.6,383.93,511.93
186.6,65,264.47,219.67
312.47,317.8,383.93,394.6
277.27,213.27,335.93,321
114.07,4.2,299.67,219.67
92.733,152.47,167.4,465
46.867,6.3333,161,509.8
138.6,382.87,207.93,500.2
194.07,430.87,247.4,511.93
303.93,312.47,383.93,391.4
213.27,325.27,302.87,466.07
118.33,218.6,239.93,355.13
118.33,218.6,172.73,287.93
93.8,4.2,199.4,51.133
46.867,6.3333,120.47,149.27
232.47,1,383.93,491.67
84.2,5.2667,220.73,280.47
118.33,87.4,200.47,293.27
124.73,86.333,168.47,159.93
279.4,230.33,325.27,278.33
118.33,151.4,262.33,355.13
282.6,370.07,325.27,451.13
261.27,405.27,317.8,456.47
94.867,5.2667,178.07,206.87
131.13,262.33,207.93,491.67
298.6,309.27,383.93,388.2
269.8,1,344.47,145
55.4,229.27,134.33,509.8
313.53,321,383.93,394.6
276.2,34.067,344.47,85.267
119.4,446.87,228.2,511.93
227.13,341.27,303.93,434.07
114.07,4.2,253.8,295.4
93.8,5.2667,306.07,511.93
271.93,1,344.47,92.733
175.93,346.6,259.13,511.93
198.33,102.33,302.87,200.47
206.87,1,275.13,106.6
191.93,309.27,260.2,360.47
308.2,33,383.93,313.53
243.13,369,383.93,511.93
227.13,77.8,302.87,202.6
206.87,1,275.13,84.2
328.47,423.4,383.93,491.67
198.33,222.87,244.2,318.87
251.67,1,383.93,145
191.93,209,276.2,374.33
209,207.93,260.2,253.8
318.87,409.53,383.93,491.67
175.93,346.6,280.47,494.87
262.33,206.87,303.93,258.07
300.73,337,383.93,415.93
137.53,10.6,210.07,63.933
157.8,36.2,225,129
118.33,151.4,278.33,401
220.73,358.33,319.93,511.93
297.53,105.53,345.53,216.47
206.87,197.27,295.4,402.07
119.4,223.93,225,511.93
303.93,1,383.93,161
173.8,59.667,327.4,269.8
250.6,367.93,383.93,491.67
308.2,152.47,362.6,238.87
124.73,86.333,168.47,140.73
126.87,5.2667,219.67,122.6
303.93,318.87,383.93,396.73
227.13,435.13,287.93,511.93
315.67,140.73,383.93,316.73
335.93,321,383.93,392.47
271.93,366.87,383.93,445.8
99.133,338.07,142.87,511.93
236.73,450.07,383.93,511.93
303.93,140.73,383.93,396.73
212.2,171.67,299.67,258.07
116.2,346.6,319.93,511.93
252.73,206.87,383.93,491.67
233.53,148.2,298.6,219.67
260.2,404.2,383.93,492.73
116.2,382.87,229.27,511.93
131.13,4.2,238.87,155.67
116.2,196.2,295.4,511.93
266.6,401,383.93,492.73
308.2,175.93,349.8,225
151.4,321,198.33,401
235.67,467.13,383.93,511.93
258.07,1,383.93,258.07
120.47,223.93,212.2,394.6
93.8,4.2,295.4,511.93
218.6,435.13,287.93,511.93
181.27,350.87,245.27,474.6
218.6,408.47,287.93,511.93
140.73,328.47,221.8,511.93
283.67,1,383.93,222.87
340.2,318.87,383.93,389.27
279.4,90.6,345.53,222.87
277.27,117.27,326.33,194.07
99.133,7.4,186.6,280.47
298.6,318.87,383.93,371.13
223.93,443.67,266.6,491.67
284.73,221.8,383.93,388.2
126.87,1,315.67,223.93
93.8,4.2,209,212.2
261.27,381.8,317.8,456.47
199.4,4.2,357.27,364.73
145,34.067,225,129
317.8,394.6,383.93,445.8
229.27,148.2,301.8,390.33
126.87,1,302.87,223.93
145,25.533,233.53,129
227.13,298.6,303.93,434.07
262.33,1,334.87,72.467
175.93,346.6,319.93,511.93
297.53,34.067,383.93,226.07
263.4,100.2,312.47,145
332.73,318.87,383.93,391.4
266.6,419.13,364.73,492.73
179.13,91.667,238.87,155.67
59.667,289,100.2,347.67
246.33,216.47,296.47,271.93
119.4,69.267,261.27,327.4
199.4,1,383.93,491.67
116.2,1,315.67,511.93
167.4,346.6,280.47,494.87
150.33,243.13,239.93,344.47
101.27,11.667,185.53,213.27
232.47,350.87,295.4,402.07
308.2,31.933,383.93,241
317.8,57.533,383.93,127.93
300.73,1,383.93,241
124.73,1,347.67,83.133
269.8,220.73,327.4,365.8
213.27,325.27,342.33,491.67
99.133,29.8,148.2,167.4
327.4,420.2,378.6,490.6
209,207.93,262.33,273
300.73,1,383.93,238.87
55.4,229.27,98.067,335.93
186.6,116.2,264.47,223.93
58.6,6.3333,120.47,362.6
232.47,117.27,327.4,269.8
151.4,321,198.33,376.47
197.27,1,275.13,156.73
92.733,151.4,161,487.4
114.07,4.2,299.67,223.93
312.47,245.27,383.93,394.6
283.67,156.73,327.4,235.67
267.67,1,383.93,70.333
235.67,467.13,287.93,511.93
262.33,206.87,357.27,313.53
84.2,5.2667,188.73,213.27
194.07,4.2,253.8,68.2
235.67,274.07,278.33,365.8
297.53,1,383.93,216.47
211.13,4.2,310.33,123.67
297.53,318.87,357.27,359.4
271.93,369,383.93,445.8
337,1,383.93,58.6
259.13,1,383.93,246.33
233.53,148.2,298.6,331.67
232.47,1,383.93,241
55.4,51.133,134.33,509.8
191.93,259.13,295.4,402.07
331.67,1,383.93,82.067
308.2,33,383.93,241
271.93,6.3333,315.67,70.333
343.4,2.0667,383.93,56.467
207.93,254.87,319.93,458.6
206.87,199.4,251.67,283.67
167.4,346.6,306.07,511.93
297.53,1,383.93,226.07
179.13,353,246.33,465
127.93,312.47,174.87,353
151.4,281.53,213.27,401
341.27,245.27,383.93,311.4
233.53,1,383.93,241
263.4,1,360.47,145
227.13,7.4,273,68.2
283.67,1,383.93,241
268.73,425.53,350.87,491.67
136.47,211.13,181.27,262.33
179.13,184.47,295.4,511.93
81,257,167.4,509.8
308.2,175.93,359.4,238.87
124.73,1,347.67,85.267
75.667,2.0667,124.73,52.2
186.6,77.8,302.87,223.93
136.47,186.6,207.93,265.53
251.67,1,315.67,70.333
161,307.13,213.27,401
300.73,1,383.93,161
179.13,287.93,265.53,511.93
263.4,1,383.93,70.333
46.867,6.3333,167.4,509.8
311.4,152.47,383.93,313.53
327.4,419.13,383.93,491.67
213.27,262.33,292.2,424.47
198.33,356.2,245.27,455.4
173.8,59.667,327.4,273
124.73,1,369,85.267
275.13,1,338.07,72.467
186.6,3.1333,302.87,223.93
241,408.47,286.87,490.6
235.67,460.73,383.93,511.93
282.6,367.93,383.93,459.67
231.4,269.8,278.33,365.8
199.4,81,310.33,258.07
191.93,252.73,276.2,374.33
162.07,353,203.67,426.6
267.67,367.93,383.93,511.93
297.53,247.4,357.27,359.4
246.33,391.4,302.87,483.13
215.4,259.13,276.2,330.6
119.4,385,225,511.93
230.33,1,383.93,491.67
322.07,426.6,378.6,491.67
94.867,334.87,142.87,511.93
206.87,1,273,69.267
310.33,125.8,353,219.67
269.8,220.73,347.67,459.67
191.93,214.33,332.73,395.67
59.667,157.8,155.67,472.47
312.47,89.533,383.93,179.13
181.27,347.67,259.13,474.6
194.07,430.87,247.4,494.87
110.87,328.47,287.93,511.93
197.27,3.1333,280.47,87.4
303.93,312.47,383.93,396.73
267.67,230.33,383.93,511.93
209,207.93,260.2,252.73
119.4,137.53,261.27,313.53
150.33,266.6,203.67,314.6
266.6,214.33,347.67,459.67
220.73,366.87,319.93,511.93
199.4,131.13,260.2,202.6
271.93,1,360.47,85.267
198.33,242.07,295.4,402.07
117.27,252.73,276.2,369
220.73,435.13,268.73,511.93
179.13,347.67,280.47,494.87
191.93,222.87,319.93,377.53
197.27,4.2,251.67,75.667
117.27,134.33,295.4,511.93
207.93,88.467,258.07,156.73
235.67,102.33,327.4,275.13
207.93,242.07,275.13,323.13
323.13,355.13,383.93,396.73
241,427.67,286.87,490.6
149.27,430.87,191.93,475.67
233.53,148.2,357.27,390.33
263.4,1,383.93,225
179.13,353,275.13,511.93
319.93,33,366.87,84.2
300.73,290.07,358.33,363.67
194.07,4.2,239.93,59.667
178.07,339.13,258.07,474.6
92.733,151.4,139.67,335.93
131.13,201.53,229.27,325.27
233.53,138.6,301.8,232.47
59.667,157.8,120.47,347.67
200.47,185.53,254.87,239.93
123.67,69.267,207.93,236.73
157.8,4.2,270.87,114.07
260.2,404.2,319.93,473.53
124.73,1,331.67,70.333
117.27,134.33,225,511.93
267.67,1,347.67,83.133
266.6,412.73,383.93,492.73
81,330.6,134.33,509.8
264.47,353,383.93,473.53
299.67,1,383.93,241
153.53,26.6,214.33,109.8
114.07,4.2,239.93,157.8
227.13,11.667,273,74.6
173.8,59.667,312.47,194.07
230.33,1,383.93,242.07
179.13,69.267,239.93,156.73
300.73,300.73,345.53,363.67
131.13,5.2667,225,129
31.933,2.0667,124.73,362.6
233.53,139.67,301.8,219.67
179.13,74.6,238.87,156.73
150.33,243.13,206.87,302.87
159.93,326.33,203.67,447.93
119.4,137.53,217.53,313.53
297.53,1,383.93,242.07
101.27,30.867,150.33,167.4
123.67,151.4,207.93,236.73
181.27,111.93,242.07,156.73
205.8,107.67,287.93,209
198.33,222.87,252.73,318.87
271.93,213.27,357.27,392.47
271.93,369,328.47,445.8
281.53,86.333,322.07,134.33
209,207.93,262.33,267.67
303.93,239.93,383.93,394.6
119.4,243.13,217.53,313.53
46.867,6.3333,91.667,66.067
335.93,321,383.93,394.6
194.07,358.33,280.47,494.87
179.13,74.6,238.87,155.67
308.2,33,383.93,238.87
114.07,134.33,213.27,280.47
267.67,410.6,383.93,511.93
119.4,115.13,165.27,185.53
271.93,1,360.47,75.667
207.93,242.07,284.73,340.2
120.47,47.933,186.6,136.47
55.4,216.47,98.067,330.6
269.8,1,334.87,85.267
217.53,259.13,286.87,376.47
212.2,347.67,259.13,434.07
262.33,1,383.93,222.87
118.33,222.87,164.2,355.13
250.6,429.8,342.33,491.67
266.6,214.33,383.93,459.67
269.8,1,383.93,145
191.93,209,292.2,424.47
99.133,7.4,164.2,205.8
299.67,213.27,355.13,258.07
222.87,252.73,274.07,309.27
161,307.13,213.27,361.53
263.4,8.4667,327.4,70.333
93.8,4.2,209,61.8
321,367.93,383.93,415.93
211.13,4.2,357.27,364.73
151.4,281.53,198.33,401
282.6,353,383.93,456.47
126.87,5.2667,220.73,170.6
119.4,386.07,225,511.93
219.67,308.2,278.33,361.53
276.2,1,325.27,72.467
94.867,5.2667,210.07,63.933
227.13,341.27,280.47,390.33
131.13,201.53,206.87,283.67
297.53,1,383.93,241
178.07,319.93,258.07,474.6
312.47,34.067,383.93,131.13
342.33,439.4,383.93,491.67
145,34.067,221.8,108.73
119.4,446.87,221.8,511.93
308.2,33,383.93,226.07
258.07,104.47,383.93,258.07
124.73,4.2,239.93,172.73
331.67,318.87,383.93,391.4
118.33,218.6,164.2,355.13
220.73,424.47,268.73,511.93
181.27,348.73,258.07,482.07
235.67,115.13,290.07,165.27
297.53,318.87,357.27,364.73
212.2,141.8,282.6,258.07
271.93,213.27,357.27,364.73
266.6,214.33,332.73,395.67
220.73,394.6,319.93,511.93
260.2,419.13,365.8,491.67
1,1,134.33,511.93
118.33,222.87,164.2,335.93
201.53,197.27,244.2,285.8
232.47,350.87,295.4,399.93
131.13,262.33,207.93,354.07
315.67,148.2,370.07,270.87
217.53,259.13,269.8,323.13
262.33,1,339.13,84.2
216.47,131.13,260.2,188.73
266.6,419.13,383.93,492.73
263.4,1,323.13,70.333
277.27,213.27,357.27,364.73
251.67,254.87,294.33,377.53
246.33,408.47,286.87,481
197.27,4.2,273,68.2
264.47,1,339.13,99.133
271.93,8.4667,315.67,70.333
114.07,4.2,233.53,129
222.87,7.4,270.87,69.267
140.73,449,221.8,511.93
201.53,196.2,254.87,239.93
323.13,239.93,383.93,396.73
114.07,193,196.2,329.53
263.4,1,383.93,82.067
220.73,444.73,268.73,511.93
135.4,196.2,206.87,277.27
277.27,213.27,357.27,392.47
264.47,1,334.87,92.733
175.93,346.6,259.13,474.6
1,1,125.8,152.47
145,137.53,201.53,213.27
145,34.067,239.93,157.8
327.4,420.2,378.6,489.53
311.4,222.87,361.53,269.8
323.13,318.87,383.93,396.73
126.87,5.2667,242.07,156.73
261.27,345.53,303.93,417
233.53,148.2,383.93,445.8
93.8,5.2667,167.4,205.8
127.93,312.47,174.87,362.6
140.73,354.07,221.8,511.93
300.73,262.33,383.93,371.13
1,3.1333,134.33,511.93
220.73,394.6,306.07,511.93
298.6,31.933,383.93,241
122.6,121.53,177,212.2
101.27,11.667,232.47,329.53
298.6,221.8,383.93,316.73
198.33,102.33,302.87,201.53
198.33,287.93,263.4,354.07
131.13,201.53,183.4,283.67
300.73,290.07,383.93,371.13
191.93,219.67,276.2,374.33
312.47,86.333,383.93,154.6
235.67,398.87,383.93,511.93
152.47,298.6,213.27,447.93
210.07,222.87,252.73,283.67
257,253.8,331.67,391.4
155.67,449,205.8,508.73
98.067,262.33,228.2,511.93
264.47,1,334.87,99.133
114.07,91.667,201.53,295.4
271.93,1,360.47,92.733
322.07,321,382.87,364.73
321,409.53,383.93,491.67
232.47,78.867,327.4,275.13
206.87,1,273,106.6
207.93,242.07,275.13,300.73
250.6,417,342.33,491.67
244.2,366.87,287.93,447.93
137.53,385,204.73,489.53
131.13,201.53,278.33,401
137.53,385,204.73,487.4
114.07,87.4,200.47,387.13
117.27,134.33,213.27,394.6
46.867,6.3333,115.13,189.8
263.4,6.3333,331.67,70.333
257,1,383.93,241
213.27,4.2,273,68.2
217.53,259.13,275.13,323.13
150.33,243.13,217.53,313.53
205.8,59.667,312.47,194.07
322.07,422.33,383.93,491.67
116.2,386.07,172.73,511.93
264.47,394.6,306.07,473.53
266.6,214.33,331.67,365.8
274.07,1,344.47,85.267
166.33,11.667,210.07,63.933
99.133,7.4,164.2,174.87
92.733,151.4,139.67,310.33
162.07,353,203.67,447.93
157.8,1,274.07,114.07
315.67,140.73,370.07,270.87
297.53,367.93,340.2,409.53
150.33,243.13,217.53,305
145,34.067,233.53,129
114.07,125.8,232.47,329.53
279.4,230.33,344.47,339.13
269.8,220.73,345.53,365.8
271.93,1,338.07,72.467
223.93,443.67,266.6,511.93
161,269.8,278.33,401
31.933,2.0667,124.73,154.6
198.33,1,287.93,214.33
312.47,63.933,383.93,131.13
319.93,245.27,383.93,316.73
312.47,63.933,383.93,157.8
197.27,1,273,156.73
197.27,5.2667,251.67,75.667
191.93,252.73,276.2,358.33
235.67,353,383.93,511.93
266.6,369,383.93,492.73
262.33,206.87,357.27,343.4
182.33,423.4,275.13,511.93
117.27,275.13,170.6,369
271.93,1,344.47,75.667
136.47,206.87,201.53,255.93
297.53,99.133,341.27,202.6
159.93,5.2667,220.73,170.6
198.33,1,287.93,200.47
123.67,131.13,207.93,236.73
233.53,148.2,359.4,390.33
317.8,146.07,383.93,317.8
278.33,1,383.93,82.067
181.27,113,239.93,157.8
214.33,423.4,262.33,509.8
223.93,446.87,266.6,491.67
178.07,356.2,258.07,474.6
264.47,1,383.93,241
308.2,154.6,349.8,226.07
110.87,385,204.73,511.93
46.867,6.3333,133.27,330.6
167.4,411.67,228.2,482.07
269.8,220.73,331.67,365.8
122.6,61.8,180.2,111.93
269.8,220.73,345.53,395.67
212.2,114.07,283.67,258.07
271.93,213.27,328.47,264.47
171.67,259.13,229.27,325.27
213.27,381.8,259.13,424.47
159.93,347.67,203.67,447.93
190.87,269.8,278.33,374.33
225,350.87,277.27,398.87
295.4,57.533,383.93,172.73
226.07,10.6,280.47,87.4
123.67,151.4,262.33,283.67
197.27,4.2,270.87,114.07
31.933,2.0667,124.73,57.533
191.93,257,279.4,360.47
116.2,193,196.2,266.6
191.93,253.8,319.93,377.53
99.133,37.267,164.2,174.87
302.87,401,349.8,458.6
326.33,104.47,383.93,239.93
114.07,91.667,220.73,295.4
200.47,185.53,243.13,230.33
150.33,5.2667,219.67,122.6
131.13,4.2,239.93,155.67
212.2,348.73,259.13,431.93
119.4,430.87,225,511.93
179.13,353,245.27,465
99.133,7.4,188.73,213.27
99.133,7.4,167.4,205.8
294.33,332.73,355.13,386.07
98.067,307.13,161,487.4
140.73,377.53,194.07,504.47
198.33,108.73,287.93,200.47
167.4,411.67,233.53,511.93
117.27,121.53,185.53,280.47
181.27,348.73,245.27,474.6
317.8,410.6,364.73,491.67
261.27,170.6,301.8,232.47
124.73,4.2,239.93,155.67
117.27,275.13,180.2,387.13
101.27,7.4,150.33,167.4
323.13,321,383.93,387.13
313.53,321,383.93,389.27
102.33,69.267,150.33,146.07
315.67,140.73,383.93,270.87
201.53,184.47,252.73,239.93
312.47,34.067,383.93,110.87
198.33,305,250.6,354.07
110.87,385,233.53,511.93
191.93,252.73,274.07,358.33
198.33,295.4,263.4,354.07
312.47,33,383.93,179.13
126.87,5.2667,196.2,89.533
181.27,356.2,258.07,474.6
213.27,348.73,278.33,434.07
297.53,120.47,345.53,167.4
312.47,33,383.93,154.6
261.27,175.93,301.8,232.47
164.2,298.6,213.27,385
116.2,186.6,268.73,511.93
233.53,325.27,295.4,402.07
278.33,1,333.8,44.733
119.4,434.07,228.2,511.93
300.73,262.33,383.93,383.93
190.87,113,239.93,157.8
222.87,7.4,280.47,87.4
119.4,107.67,177,209
124.73,4.2,331.67,70.333
110.87,385,287.93,511.93
145,34.067,233.53,108.73
131.13,211.13,183.4,259.13
271.93,1,325.27,72.467
179.13,356.2,245.27,462.87
140.73,328.47,229.27,511.93
263.4,1,312.47,70.333
198.33,102.33,302.87,253.8
191.93,259.13,276.2,360.47
212.2,81,310.33,258.07
310.33,234.6,357.27,312.47
131.13,262.33,213.27,491.67
131.13,4.2,234.6,129
239.93,1,347.67,83.133
182.33,435.13,268.73,498.07
262.33,142.87,327.4,269.8
328.47,439.4,383.93,491.67
190.87,287.93,263.4,359.4
167.4,411.67,228.2,498.07
211.13,60.733,257,114.07
118.33,173.8,168.47,293.27
278.33,1,383.93,53.267
262.33,6.3333,334.87,72.467
312.47,34.067,383.93,157.8
312.47,314.6,383.93,394.6
259.13,391.4,302.87,466.07
116.2,186.6,217.53,511.93
206.87,1,275.13,117.27
315.67,63.933,383.93,157.8
297.53,1,383.93,222.87
284.73,167.4,327.4,235.67
297.53,34.067,383.93,182.33
317.8,33,383.93,102.33
186.6,7.4,299.67,219.67
323.13,321,383.93,386.07
269.8,102.33,312.47,145
199.4,356.2,245.27,459.67
279.4,230.33,357.27,365.8
102.33,7.4,165.27,174.87
55.4,51.133,100.2,330.6
134.33,131.13,188.73,178.07
282.6,367.93,374.33,456.47
180.2,273,239.93,344.47
114.07,88.467,242.07,295.4
182.33,446.87,266.6,511.93
99.133,7.4,171.67,206.87
197.27,4.2,244.2,67.133
99.133,7.4,188.73,209
213.27,364.73,259.13,424.47
201.53,196.2,254.87,253.8
213.27,358.33,280.47,424.47
149.27,125.8,232.47,281.53
181.27,348.73,246.33,482.07
148.2,449,221.8,511.93
173.8,91.667,243.13,156.73
257,257,319.93,387.13
190.87,285.8,265.53,358.33
338.07,105.53,383.93,183.4
134.33,99.133,188.73,178.07
337,1,383.93,55.4
262.33,206.87,326.33,269.8
150.33,442.6,207.93,500.2
315.67,148.2,359.4,270.87
285.8,333.8,332.73,395.67
233.53,138.6,301.8,219.67
123.67,162.07,207.93,236.73
263.4,407.4,311.4,454.33
119.4,69.267,207.93,236.73
98.067,277.27,149.27,463.93
316.73,1,380.73,140.73
138.6,328.47,189.8,398.87
282.6,381.8,374.33,456.47
212.2,115.13,283.67,258.07
295.4,67.133,383.93,154.6
101.27,7.4,186.6,167.4
210.07,59.667,312.47,109.8
237.8,360.47,280.47,402.07
119.4,107.67,177,185.53
213.27,325.27,295.4,463.93
93.8,4.2,209,51.133
333.8,318.87,383.93,391.4
278.33,1,383.93,55.4
277.27,1,325.27,47.933
300.73,68.2,383.93,154.6
1,1,97,154.6
213.27,7.4,273,68.2
55.4,151.4,133.27,330.6
191.93,209,303.93,434.07
209,219.67,261.27,283.67
239.93,81,310.33,131.13
280.47,238.87,332.73,286.87
114.07,193,156.73,295.4
119.4,461.8,190.87,511.93
102.33,54.333,165.27,174.87
266.6,214.33,309.27,258.07
131.13,252.73,274.07,369
197.27,3.1333,280.47,108.73
263.4,1,332.73,70.333
297.53,89.533,355.13,226.07
190.87,356.2,248.47,462.87
261.27,345.53,303.93,434.07
116.2,193,179.13,241
191.93,295.4,247.4,358.33
155.67,449,221.8,511.93
215.4,305,273,349.8
120.47,47.933,171.67,92.733
31.933,4.2,97,154.6
343.4,1,383.93,56.467
212.2,141.8,282.6,216.47
263.4,90.6,312.47,145
284.73,57.533,383.93,225
257,139.67,301.8,219.67
190.87,356.2,245.27,462.87
257,257,331.67,387.13
99.133,7.4,180.2,167.4
190.87,356.2,246.33,462.87
200.47,377.53,245.27,461.8
190.87,269.8,265.53,374.33
151.4,306.07,198.33,401
206.87,13.8,257,114.07
262.33,206.87,357.27,312.47
337,22.333,383.93,62.867
269.8,86.333,322.07,145
206.87,430.87,252.73,483.13
152.47,298.6,213.27,433
149.27,125.8,211.13,281.53
152.47,385,194.07,449
117.27,97,185.53,280.47
274.07,1,338.07,72.467
179.13,353,246.33,476.73
159.93,5.2667,219.67,122.6
251.67,254.87,294.33,391.4
261.27,183.4,301.8,232.47
282.6,403.13,374.33,456.47
319.93,86.333,383.93,127.93
205.8,285.8,265.53,330.6
308.2,132.2,383.93,238.87
300.73,321,383.93,371.13
140.73,366.87,194.07,504.47
198.33,357.27,245.27,455.4
132.2,280.47,174.87,362.6
182.33,111.93,238.87,155.67
211.13,4.2,270.87,114.07
98.067,262.33,213.27,491.67
241,77.8,299.67,193
205.8,1,312.47,254.87
327.4,422.33,383.93,491.67
322.07,419.13,383.93,491.67
293.27,1,383.93,61.8
232.47,358.33,295.4,402.07
241,298.6,292.2,377.53
227.13,7.4,273,74.6
119.4,444.73,225,511.93
282.6,381.8,347.67,459.67
190.87,285.8,260.2,374.33
114.07,87.4,200.47,293.27
193,446.87,266.6,511.93
260.2,367.93,383.93,491.67
99.133,7.4,150.33,167.4
235.67,115.13,283.67,156.73
261.27,102.33,302.87,147.13
131.13,4.2,209,46.867
315.67,222.87,357.27,270.87
186.6,116.2,264.47,219.67
258.07,345.53,303.93,434.07
317.8,367.93,383.93,415.93
114.07,4.2,209,46.867
99.133,7.4,165.27,206.87
335.93,86.333,383.93,145
213.27,381.8,259.13,434.07
149.27,385,194.07,449
312.47,89.533,383.93,175.93
114.07,111.93,201.53,295.4
266.6,220.73,355.13,321
233.53,146.07,281.53,199.4
210.07,7.4,273,106.6
194.07,4.2,253.8,59.667
263.4,1,383.93,71.4
168.47,264.47,217.53,327.4
131.13,201.53,206.87,259.13
119.4,461.8,225,511.93
266.6,422.33,383.93,492.73
246.33,216.47,296.47,331.67
294.33,366.87,383.93,415.93
317.8,78.867,383.93,127.93
205.8,107.67,287.93,194.07
179.13,356.2,265.53,511.93
200.47,350.87,245.27,461.8
268.73,367.93,356.2,491.67
239.93,81,310.33,123.67
282.6,370.07,325.27,428.73
279.4,230.33,357.27,386.07
269.8,1,325.27,72.467
282.6,367.93,383.93,451.13
149.27,125.8,201.53,218.6
317.8,410.6,383.93,491.67
150.33,278.33,213.27,361.53
205.8,103.4,299.67,194.07
278.33,1,333.8,70.333
311.4,222.87,361.53,313.53
136.47,186.6,217.53,383.93
149.27,139.67,199.4,218.6
312.47,33,383.93,174.87
114.07,139.67,199.4,295.4
116.2,382.87,207.93,511.93
260.2,364.73,365.8,491.67
191.93,252.73,263.4,358.33
271.93,8.4667,315.67,49
193,389.27,269.8,511.93
58.6,155.67,134.33,511.93
205.8,7.4,287.93,209
246.33,216.47,296.47,294.33
302.87,131.13,359.4,234.6
260.2,405.27,311.4,454.33
284.73,156.73,329.53,225
119.4,262.33,266.6,511.93
312.47,89.533,383.93,154.6
227.13,325.27,295.4,402.07
102.33,69.267,150.33,116.2
298.6,248.47,342.33,313.53
212.2,4.2,273,68.2
181.27,377.53,245.27,474.6
341.27,245.27,383.93,314.6
343.4,33,383.93,82.067
212.2,1,273,68.2
101.27,11.667,185.53,174.87
119.4,262.33,228.2,511.93
331.67,33,383.93,82.067
279.4,90.6,322.07,134.33
277.27,213.27,345.53,321
235.67,121.53,327.4,275.13
151.4,26.6,214.33,109.8
202.6,285.8,265.53,351.93
303.93,22.333,383.93,138.6
277.27,258.07,319.93,387.13
193,423.4,266.6,511.93
206.87,197.27,253.8,283.67
297.53,89.533,355.13,222.87
281.53,120.47,345.53,222.87
309.27,88.467,365.8,154.6
297.53,247.4,357.27,364.73
140.73,449,189.8,504.47
136.47,206.87,201.53,265.53
124.73,280.47,170.6,369
300.73,318.87,345.53,363.67
191.93,295.4,263.4,358.33
282.6,364.73,333.8,454.33
335.93,102.33,383.93,145
235.67,25.533,280.47,87.4
198.33,356.2,246.33,459.67
297.53,1,338.07,47.933
205.8,3.1333,287.93,254.87
92.733,157.8,155.67,472.47
110.87,463.93,164.2,511.93
118.33,218.6,172.73,303.93
261.27,166.33,301.8,232.47
198.33,287.93,250.6,354.07
297.53,99.133,341.27,222.87
303.93,22.333,383.93,161
213.27,379.67,259.13,431.93
284.73,129,329.53,225
137.53,10.6,199.4,61.8
136.47,186.6,211.13,291.13
116.2,366.87,194.07,511.93
173.8,91.667,218.6,148.2
205.8,1,287.93,254.87
217.53,242.07,269.8,297.53
181.27,348.73,246.33,471.4
246.33,216.47,296.47,313.53
262.33,206.87,383.93,415.93
213.27,348.73,317.8,456.47
179.13,356.2,246.33,462.87
263.4,7.4,334.87,47.933
282.6,370.07,325.27,454.33
150.33,243.13,207.93,305
226.07,7.4,273,74.6
139.67,382.87,193,483.13
233.53,148.2,298.6,271.93
182.33,457.53,223.93,498.07
308.2,175.93,356.2,238.87
332.73,1,383.93,55.4
81,306.07,167.4,509.8
335.93,321,383.93,393.53
297.53,120.47,345.53,195.13
257,253.8,331.67,387.13
297.53,34.067,383.93,169.53
198.33,375.4,245.27,455.4
117.27,121.53,177,280.47
139.67,382.87,207.93,500.2
193,446.87,249.53,511.93
241,59.667,312.47,147.13
295.4,67.133,383.93,172.73
277.27,213.27,328.47,264.47
136.47,211.13,179.13,255.93
232.47,142.87,327.4,269.8
213.27,348.73,259.13,434.07
219.67,308.2,277.27,361.53
206.87,22.333,249.53,69.267
246.33,216.47,296.47,297.53
198.33,299.67,250.6,354.07
194.07,379.67,259.13,494.87
205.8,285.8,253.8,330.6
135.4,196.2,295.4,402.07
206.87,197.27,251.67,283.67
131.13,201.53,206.87,285.8
179.13,91.667,220.73,155.67
171.67,273,229.27,325.27
213.27,389.27,269.8,463.93
84.2,5.2667,125.8,152.47
212.2,347.67,259.13,431.93
263.4,8.4667,312.47,70.333
110.87,385,165.27,511.93
316.73,86.333,383.93,154.6
136.47,137.53,207.93,265.53
298.6,221.8,383.93,388.2
119.4,446.87,202.6,511.93
295.4,321,357.27,365.8
343.4,34.067,383.93,82.067
181.27,430.87,252.73,493.8
137.53,465,207.93,511.93
298.6,221.8,358.33,316.73
277.27,258.07,317.8,387.13
309.27,86.333,383.93,154.6
179.13,356.2,258.07,462.87
341.27,82.067,383.93,131.13
98.067,277.27,155.67,472.47
228.2,327.4,295.4,402.07
241,71.4,312.47,137.53
232.47,332.73,295.4,402.07
92.733,159.93,149.27,487.4
298.6,318.87,383.93,388.2
266.6,220.73,357.27,337
124.73,5.2667,214.33,109.8
55.4,244.2,98.067,330.6
136.47,186.6,207.93,276.2
282.6,367.93,383.93,428.73
316.73,34.067,380.73,140.73
116.2,193,156.73,295.4
312.47,82.067,383.93,131.13
312.47,22.333,383.93,130.07
235.67,81,310.33,193
340.2,321,383.93,389.27
222.87,3.1333,280.47,87.4
136.47,186.6,217.53,361.53
124.73,4.2,219.67,59.667
263.4,8.4667,323.13,50.067
180.2,273,239.93,330.6
332.73,1,383.93,53.267
222.87,7.4,299.67,193
197.27,4.2,331.67,70.333
232.47,147.13,282.6,254.87
269.8,1,334.87,72.467
262.33,206.87,326.33,258.07
207.93,242.07,269.8,300.73
171.67,4.2,219.67,59.667
226.07,10.6,299.67,193
266.6,222.87,326.33,269.8
58.6,307.13,134.33,511.93
214.33,423.4,265.53,511.93
179.13,356.2,258.07,493.8
114.07,193,169.53,295.4
312.47,22.333,383.93,110.87
206.87,219.67,251.67,283.67
218.6,435.13,259.13,490.6
311.4,1,383.93,140.73
149.27,125.8,206.87,279.4
298.6,318.87,377.53,363.67
218.6,435.13,268.73,490.6
227.13,11.667,273,61.8
331.67,100.2,380.73,140.73
263.4,6.3333,334.87,47.933
211.13,4.2,310.33,258.07
135.4,89.533,186.6,159.93
131.13,262.33,206.87,354.07
119.4,446.87,191.93,511.93
131.13,280.47,213.27,369
302.87,413.8,349.8,458.6
241,262.33,292.2,377.53
200.47,356.2,245.27,459.67
300.73,337,359.4,386.07
137.53,382.87,207.93,511.93
312.47,22.333,383.93,138.6
235.67,115.13,301.8,193
205.8,7.4,287.93,254.87
335.93,322.07,383.93,392.47
313.53,337,359.4,386.07
131.13,280.47,182.33,335.93
148.2,137.53,200.47,215.4
232.47,171.67,282.6,254.87
58.6,307.13,105.53,362.6
257,139.67,301.8,214.33
235.67,279.4,276.2,332.73
115.13,99.133,171.67,213.27
181.27,356.2,246.33,471.4
120.47,47.933,166.33,89.533
262.33,6.3333,334.87,50.067
135.4,196.2,251.67,281.53
191.93,295.4,273,358.33
211.13,13.8,254.87,88.467
317.8,410.6,380.73,491.67
122.6,245.27,172.73,287.93
281.53,99.133,345.53,222.87
131.13,280.47,213.27,361.53
180.2,273,229.27,316.73
99.133,7.4,165.27,182.33
246.33,186.6,298.6,271.93
303.93,403.13,365.8,451.13
131.13,262.33,213.27,447.93
227.13,7.4,273,61.8
200.47,378.6,245.27,459.67
118.33,89.533,200.47,293.27
223.93,446.87,266.6,511.93
210.07,7.4,273,114.07
148.2,137.53,200.47,213.27
312.47,34.067,372.2,110.87
92.733,152.47,133.27,311.4
310.33,221.8,357.27,293.27
310.33,221.8,357.27,312.47
131.13,5.2667,210.07,63.933
235.67,81,310.33,200.47
223.93,446.87,265.53,511.93
136.47,211.13,180.2,255.93
46.867,6.3333,92.733,59.667
164.2,243.13,206.87,285.8
167.4,411.67,228.2,497
298.6,248.47,358.33,316.73
101.27,69.267,150.33,167.4
326.33,105.53,383.93,239.93
298.6,318.87,345.53,363.67
217.53,242.07,275.13,297.53
92.733,159.93,149.27,463.93
118.33,133.27,200.47,293.27
274.07,142.87,327.4,235.67
222.87,267.67,274.07,309.27
136.47,206.87,179.13,265.53
102.33,306.07,167.4,465
313.53,341.27,359.4,386.07
136.47,206.87,180.2,255.93
136.47,186.6,217.53,327.4
118.33,173.8,175.93,293.27
228.2,242.07,275.13,287.93
200.47,356.2,245.27,461.8
232.47,358.33,295.4,399.93
193,430.87,252.73,493.8
161,306.07,213.27,361.53
213.27,348.73,277.27,434.07
232.47,327.4,295.4,402.07
46.867,6.3333,91.667,59.667
58.6,159.93,118.33,362.6
316.73,34.067,372.2,93.8
148.2,164.2,200.47,213.27
235.67,115.13,296.47,193
199.4,131.13,260.2,223.93
308.2,220.73,357.27,312.47
190.87,356.2,246.33,459.67
281.53,120.47,345.53,195.13
215.4,298.6,284.73,340.2
326.33,153.53,376.47,239.93
207.93,242.07,269.8,323.13
198.33,242.07,269.8,374.33
158.87,148.2,201.53,213.27
198.33,242.07,269.8,354.07
294.33,367.93,356.2,415.93
215.4,258.07,284.73,340.2
311.4,1,380.73,140.73
116.2,193,196.2,241
266.6,220.73,355.13,312.47
118.33,133.27,175.93,293.27
212.2,131.13,282.6,258.07
299.67,220.73,355.13,312.47
135.4,196.2,211.13,281.53
166.33,196.2,206.87,277.27
199.4,131.13,260.2,219.67
282.6,370.07,383.93,428.73
340.2,340.2,383.93,389.27
316.73,34.067,372.2,101.27
182.33,138.6,232.47,223.93
213.27,360.47,280.47,424.47
122.6,47.933,171.67,92.733
115.13,107.67,171.67,213.27
167.4,411.67,207.93,469.27
152.47,385,194.07,433
122.6,121.53,177,206.87
148.2,148.2,201.53,213.27
211.13,13.8,257,114.07
181.27,356.2,245.27,474.6
157.8,36.2,212.2,108.73
94.867,257,149.27,463.93
277.27,1,325.27,69.267
212.2,171.67,282.6,216.47
55.4,151.4,100.2,330.6
294.33,367.93,356.2,445.8
150.33,196.2,206.87,279.4
152.47,385,194.07,447.93
122.6,47.933,166.33,89.533
212.2,171.67,257,216.47
124.73,119.4,165.27,174.87
136.47,206.87,179.13,255.93
31.933,4.2,91.667,57.533
252.73,191.93,299.67,258.07
206.87,4.2,270.87,114.07
190.87,356.2,237.8,459.67
279.4,230.33,325.27,339.13
212.2,70.333,257,114.07
102.33,54.333,150.33,146.07
190.87,356.2,232.47,401
