68.2,1,284.73,246.33
104.47,1,383.93,511.93
210.07,1,383.93,181.27
1,1,383.93,511.93
118.33,213.27,276.2,511.93
104.47,195.13,261.27,391.4
130.07,258.07,187.67,347.67
171.67,157.8,383.93,511.93
294.33,58.6,383.93,181.27
67.133,1,383.93,511.93
179.13,214.33,230.33,282.6
106.6,27.667,203.67,245.27
107.67,1,383.93,511.93
154.6,255.93,250.6,397.8
102.33,1,311.4,275.13
43.667,140.73,84.2,245.27
219.67,152.47,383.93,511.93
67.133,34.067,197.27,188.73
164.2,389.27,380.73,511.93
104.47,1,383.93,282.6
119.4,222.87,277.27,419.13
67.133,1,383.93,371.13
102.33,1,383.93,511.93
243.13,412.73,340.2,511.93
107.67,1,262.33,282.6
105.53,1,383.93,511.93
1,303.93,93.8,511.93
68.2,1,284.73,391.4
107.67,1,369,297.53
1,1,137.53,341.27
115.13,252.73,232.47,344.47
169.53,137.53,383.93,371.13
115.13,252.73,232.47,391.4
68.2,1,383.93,511.93
236.73,1,383.93,372.2
44.733,1,148.2,511.93
107.67,1,262.33,239.93
44.733,130.07,136.47,342.33
213.27,423.4,253.8,481
121.53,214.33,247.4,397.8
105.53,149.27,383.93,511.93
195.13,191.93,322.07,404.2
127.93,372.2,229.27,511.93
91.667,255.93,229.27,511.93
217.53,1,383.93,244.2
107.67,312.47,261.27,511.93
211.13,1,383.93,511.93
1,203.67,105.53,495.93
105.53,334.87,230.33,511.93
186.6,152.47,383.93,511.93
124.73,1,262.33,275.13
215.4,51.133,267.67,100.2
43.667,1,155.67,511.93
67.133,1,383.93,234.6
68.2,1,383.93,391.4
161,341.27,340.2,511.93
1,1,148.2,511.93
44.733,1,148.2,482.07
216.47,412.73,282.6,511.93
108.73,198.33,188.73,401
1,1,229.27,511.93
105.53,330.6,383.93,511.93
102.33,1,383.93,282.6
43.667,1,158.87,511.93
301.8,92.733,383.93,181.27
1,1,139.67,511.93
195.13,152.47,383.93,511.93
106.6,1,257,282.6
179.13,349.8,354.07,511.93
267.67,353,340.2,440.47
102.33,1,275.13,190.87
90.6,454.33,137.53,511.93
102.33,1,383.93,275.13
45.8,161,143.93,511.93
205.8,1,383.93,190.87
125.8,222.87,277.27,398.87
105.53,334.87,340.2,511.93
127.93,66.067,311.4,275.13
259.13,330.6,383.93,511.93
243.13,261.27,383.93,511.93
118.33,214.33,274.07,511.93
334.87,420.2,383.93,511.93
1,1,89.533,511.93
107.67,248.47,356.2,511.93
313.53,308.2,358.33,373.27
1,303.93,90.6,511.93
179.13,411.67,295.4,511.93
274.07,54.333,383.93,153.53
1,234.6,73.533,450.07
43.667,1,137.53,242.07
106.6,152.47,383.93,511.93
161,376.47,260.2,511.93
106.6,198.33,188.73,415.93
338.07,149.27,383.93,242.07
205.8,411.67,279.4,511.93
218.6,1,383.93,244.2
114.07,82.067,383.93,371.13
259.13,150.33,349.8,278.33
1,203.67,229.27,511.93
106.6,261.27,383.93,511.93
266.6,150.33,349.8,235.67
1,1,148.2,298.6
301.8,88.467,383.93,169.53
104.47,51.133,228.2,282.6
105.53,339.13,229.27,511.93
44.733,169.53,107.67,443.67
219.67,377.53,276.2,441.53
108.73,258.07,187.67,401
275.13,337,383.93,511.93
43.667,1,140.73,511.93
164.2,389.27,379.67,511.93
105.53,153.53,299.67,511.93
43.667,1,148.2,245.27
169.53,137.53,313.53,307.13
50.067,241,99.133,443.67
44.733,130.07,140.73,511.93
154.6,255.93,232.47,397.8
239.93,1,383.93,153.53
114.07,82.067,268.73,371.13
305,287.93,346.6,329.53
43.667,1,148.2,511.93
1,203.67,105.53,417
107.67,312.47,234.6,479.93
45.8,169.53,110.87,467.13
308.2,265.53,356.2,329.53
246.33,458.6,299.67,511.93
61.8,156.73,136.47,342.33
161,376.47,282.6,511.93
231.4,66.067,316.73,178.07
106.6,171.67,274.07,511.93
108.73,342.33,173.8,454.33
1,1,140.73,511.93
156.73,120.47,228.2,217.53
293.27,265.53,356.2,341.27
325.27,1,383.93,155.67
229.27,140.73,281.53,236.73
164.2,389.27,244.2,463.93
145,27.667,203.67,121.53
104.47,1,300.73,282.6
121.53,82.067,265.53,428.73
287.93,151.4,383.93,371.13
258.07,459.67,344.47,511.93
106.6,1,185.53,76.733
274.07,1,383.93,348.73
105.53,274.07,229.27,511.93
273,1,345.53,173.8
40.467,1,140.73,511.93
107.67,312.47,244.2,479.93
58.6,1,148.2,161
273,36.2,366.87,180.2
205.8,411.67,328.47,511.93
295.4,1,383.93,190.87
114.07,82.067,271.93,371.13
318.87,65,383.93,143.93
1,303.93,185.53,511.93
219.67,253.8,264.47,305
183.4,349.8,296.47,429.8
1,1,137.53,511.93
282.6,151.4,383.93,253.8
195.13,191.93,324.2,404.2
253.8,276.2,341.27,431.93
107.67,51.133,154.6,131.13
307.13,1,383.93,81
1,246.33,139.67,511.93
106.6,312.47,380.73,511.93
1,234.6,93.8,511.93
228.2,1,302.87,210.07
204.73,294.33,268.73,371.13
46.867,181.27,94.867,246.33
121.53,214.33,247.4,428.73
43.667,1,137.53,348.73
205.8,307.13,383.93,511.93
169.53,173.8,211.13,221.8
107.67,335.93,234.6,479.93
119.4,454.33,194.07,511.93
195.13,181.27,324.2,404.2
171.67,159.93,354.07,511.93
172.73,67.133,218.6,124.73
50.067,169.53,107.67,443.67
105.53,274.07,318.87,511.93
115.13,212.2,250.6,511.93
1,203.67,185.53,511.93
68.2,27.667,203.67,245.27
142.87,34.067,197.27,106.6
161,376.47,340.2,511.93
109.8,125.8,154.6,262.33
220.73,92.733,284.73,210.07
204.73,294.33,263.4,371.13
122.6,409.53,185.53,486.33
289,265.53,374.33,372.2
228.2,1,374.33,372.2
312.47,370.07,383.93,511.93
104.47,51.133,228.2,157.8
186.6,392.47,286.87,469.27
107.67,1,262.33,297.53
43.667,1,137.53,511.93
1,1,59.667,298.6
132.2,195.13,261.27,356.2
107.67,51.133,158.87,170.6
275.13,405.27,376.47,511.93
243.13,412.73,339.13,511.93
294.33,204.73,383.93,371.13
108.73,198.33,188.73,415.93
141.8,167.4,228.2,282.6
130.07,258.07,188.73,347.67
213.27,412.73,282.6,511.93
108.73,152.47,383.93,511.93
47.933,252.73,90.6,495.93
300.73,157.8,383.93,511.93
65,161,143.93,511.93
274.07,322.07,341.27,431.93
219.67,377.53,276.2,429.8
161,376.47,244.2,479.93
244.2,1,298.6,106.6
135.4,229.27,228.2,294.33
104.47,1,257,282.6
314.6,420.2,383.93,511.93
274.07,1,383.93,340.2
309.27,157.8,383.93,511.93
254.87,458.6,299.67,511.93
165.27,1,246.33,63.933
270.87,1,383.93,92.733
169.53,137.53,294.33,307.13
196.2,51.133,284.73,246.33
150.33,387.13,201.53,511.93
1,1,60.733,298.6
1,234.6,93.8,495.93
325.27,1,383.93,107.67
1,223.93,105.53,417
206.87,202.6,278.33,285.8
1,1,158.87,511.93
337,314.6,383.93,418.07
58.6,324.2,125.8,463.93
230.33,165.27,348.73,308.2
238.87,1,376.47,278.33
1,1,93.8,511.93
259.13,47.933,376.47,278.33
106.6,1,179.13,76.733
105.53,334.87,282.6,511.93
67.133,51.133,135.4,188.73
1,1,90.6,511.93
236.73,242.07,383.93,372.2
244.2,255.93,322.07,388.2
108.73,342.33,230.33,511.93
187.67,1,383.93,234.6
187.67,55.4,284.73,202.6
195.13,191.93,322.07,387.13
135.4,215.4,198.33,259.13
67.133,1,254.87,188.73
332.73,157.8,383.93,405.27
109.8,125.8,157.8,274.07
106.6,171.67,188.73,415.93
236.73,244.2,281.53,316.73
218.6,151.4,300.73,209
109.8,72.467,167.4,274.07
238.87,1,345.53,173.8
259.13,233.53,316.73,278.33
274.07,47.933,358.33,180.2
121.53,82.067,247.4,428.73
104.47,1,374.33,372.2
141.8,155.67,228.2,275.13
270.87,1,383.93,107.67
105.53,1,254.87,98.067
106.6,1,257,221.8
115.13,153.53,261.27,511.93
245.27,248.47,308.2,376.47
301.8,88.467,383.93,190.87
108.73,342.33,201.53,511.93
145,1,284.73,246.33
122.6,411.67,185.53,500.2
309.27,222.87,376.47,373.27
294.33,47.933,376.47,180.2
115.13,212.2,250.6,397.8
107.67,1,262.33,275.13
187.67,42.6,284.73,202.6
157.8,297.53,215.4,388.2
44.733,169.53,107.67,326.33
108.73,171.67,278.33,511.93
1,1,61.8,298.6
1,1,62.867,298.6
210.07,1,313.53,97
296.47,132.2,348.73,180.2
313.53,308.2,358.33,361.53
1,246.33,89.533,511.93
167.4,174.87,220.73,221.8
309.27,157.8,383.93,405.27
90.6,407.4,185.53,511.93
338.07,157.8,383.93,242.07
150.33,102.33,220.73,221.8
205.8,1,383.93,511.93
210.07,1,280.47,46.867
91.667,274.07,156.73,493.8
124.73,329.53,265.53,428.73
150.33,1,257,221.8
121.53,253.8,207.93,357.27
229.27,1,369,246.33
236.73,242.07,290.07,369
278.33,419.13,349.8,511.93
1,1,61.8,328.47
207.93,392.47,279.4,462.87
106.6,73.533,161,193
287.93,151.4,383.93,301.8
324.2,1,383.93,332.73
105.53,334.87,299.67,511.93
109.8,72.467,228.2,282.6
179.13,411.67,297.53,511.93
150.33,387.13,201.53,468.2
107.67,326.33,234.6,479.93
207.93,392.47,286.87,462.87
205.8,411.67,354.07,511.93
44.733,60.733,119.4,227.13
47.933,210.07,105.53,421.27
295.4,1,383.93,62.867
107.67,247.4,356.2,511.93
109.8,125.8,152.47,206.87
106.6,1,284.73,246.33
230.33,181.27,295.4,244.2
1,303.93,88.467,511.93
108.73,198.33,187.67,401
197.27,342.33,250.6,383.93
196.2,137.53,260.2,239.93
228.2,1,305,356.2
121.53,285.8,207.93,373.27
46.867,203.67,105.53,442.6
205.8,308.2,383.93,511.93
127.93,57.533,218.6,124.73
234.6,165.27,284.73,246.33
63.933,342.33,185.53,511.93
58.6,237.8,140.73,511.93
108.73,370.07,167.4,426.6
259.13,237.8,316.73,278.33
63.933,338.07,140.73,511.93
152.47,90.6,199.4,225
334.87,54.333,383.93,104.47
239.93,276.2,310.33,376.47
289,243.13,374.33,372.2
230.33,159.93,348.73,431.93
289,243.13,383.93,364.73
179.13,214.33,261.27,306.07
104.47,1,262.33,282.6
43.667,27.667,137.53,511.93
259.13,330.6,341.27,436.2
107.67,312.47,253.8,511.93
171.67,204.73,277.27,377.53
274.07,150.33,328.47,228.2
168.47,57.533,211.13,118.33
50.067,302.87,99.133,443.67
106.6,27.667,203.67,193
259.13,330.6,307.13,377.53
321,71.4,366.87,130.07
295.4,1,345.53,73.533
269.8,88.467,383.93,234.6
115.13,234.6,250.6,397.8
124.73,1,300.73,217.53
107.67,34.067,197.27,225
47.933,340.2,89.533,511.93
197.27,248.47,356.2,511.93
106.6,312.47,207.93,511.93
105.53,334.87,173.8,454.33
114.07,82.067,199.4,259.13
186.6,392.47,344.47,511.93
164.2,389.27,291.13,511.93
116.2,100.2,158.87,225
108.73,362.6,207.93,511.93
171.67,159.93,348.73,431.93
300.73,449,351.93,501.27
213.27,437.27,260.2,511.93
107.67,312.47,246.33,479.93
244.2,33,296.47,97
235.67,33,332.73,166.33
310.33,261.27,383.93,429.8
156.73,120.47,300.73,217.53
247.4,1,298.6,98.067
108.73,198.33,278.33,511.93
234.6,1,298.6,98.067
236.73,248.47,356.2,376.47
124.73,1,275.13,162.07
205.8,1,298.6,137.53
162.07,329.53,247.4,397.8
236.73,242.07,383.93,369
219.67,335.93,341.27,446.87
195.13,367.93,296.47,441.53
47.933,252.73,103.4,467.13
195.13,281.53,261.27,377.53
107.67,51.133,158.87,262.33
169.53,137.53,281.53,251.67
250.6,1,313.53,61.8
140.73,181.27,198.33,259.13
1,207.93,49,328.47
186.6,392.47,286.87,490.6
279.4,25.533,337,81
228.2,1,366.87,356.2
325.27,1,383.93,105.53
296.47,265.53,366.87,364.73
108.73,258.07,188.73,401
211.13,85.267,383.93,511.93
136.47,454.33,194.07,511.93
125.8,255.93,229.27,511.93
138.6,1,262.33,239.93
1,234.6,60.733,358.33
213.27,94.867,294.33,305
234.6,248.47,356.2,418.07
275.13,471.4,339.13,511.93
106.6,312.47,265.53,511.93
58.6,324.2,140.73,511.93
274.07,37.267,369,180.2
121.53,1,383.93,511.93
206.87,213.27,276.2,285.8
135.4,212.2,228.2,297.53
43.667,49,113,242.07
305,265.53,357.27,329.53
186.6,417,234.6,469.27
65,161,143.93,343.4
43.667,1,139.67,511.93
179.13,214.33,261.27,356.2
51.133,51.133,140.73,511.93
179.13,349.8,296.47,455.4
236.73,244.2,281.53,356.2
188.73,42.6,262.33,147.13
198.33,69.267,257,135.4
163.13,428.73,203.67,476.73
120.47,407.4,173.8,471.4
124.73,347.67,181.27,390.33
282.6,151.4,383.93,301.8
140.73,238.87,181.27,282.6
228.2,255.93,322.07,388.2
152.47,57.533,218.6,124.73
68.2,60.733,119.4,178.07
102.33,52.2,167.4,190.87
210.07,1,383.93,108.73
303.93,282.6,366.87,348.73
277.27,1,345.53,78.867
244.2,1,298.6,119.4
151.4,1,246.33,89.533
206.87,191.93,278.33,285.8
179.13,153.53,261.27,356.2
251.67,307.13,307.13,377.53
135.4,82.067,198.33,259.13
61.8,156.73,136.47,482.07
205.8,1,354.07,180.2
261.27,459.67,344.47,511.93
283.67,97,358.33,146.07
91.667,274.07,141.8,424.47
108.73,370.07,173.8,454.33
195.13,191.93,278.33,317.8
46.867,210.07,105.53,442.6
108.73,198.33,276.2,511.93
52.2,338.07,139.67,511.93
121.53,212.2,268.73,371.13
309.27,222.87,376.47,332.73
273,36.2,366.87,188.73
196.2,137.53,284.73,246.33
187.67,55.4,274.07,147.13
50.067,366.87,92.733,495.93
145,1,254.87,221.8
274.07,47.933,358.33,158.87
106.6,1,257,245.27
303.93,282.6,366.87,371.13
278.33,260.2,383.93,511.93
229.27,37.267,369,246.33
268.73,149.27,383.93,511.93
145,98.067,220.73,221.8
291.13,215.4,355.13,257
295.4,1,383.93,116.2
296.47,243.13,383.93,364.73
244.2,255.93,322.07,387.13
213.27,455.4,287.93,511.93
141.8,167.4,228.2,275.13
119.4,454.33,207.93,511.93
296.47,92.733,383.93,181.27
262.33,337,383.93,511.93
125.8,257,277.27,398.87
1,303.93,89.533,511.93
274.07,150.33,355.13,302.87
289,265.53,366.87,361.53
234.6,202.6,278.33,246.33
156.73,326.33,225,386.07
308.2,66.067,351.93,106.6
45.8,169.53,105.53,249.53
218.6,33,383.93,209
268.73,218.6,383.93,511.93
301.8,92.733,383.93,169.53
108.73,362.6,185.53,442.6
219.67,361.53,279.4,404.2
228.2,94.867,284.73,210.07
251.67,307.13,307.13,409.53
243.13,286.87,307.13,409.53
269.8,88.467,383.93,227.13
274.07,150.33,349.8,228.2
230.33,159.93,348.73,308.2
213.27,450.07,287.93,511.93
338.07,157.8,383.93,275.13
230.33,202.6,278.33,244.2
44.733,60.733,136.47,482.07
231.4,33,354.07,180.2
215.4,51.133,284.73,210.07
150.33,167.4,220.73,221.8
150.33,154.6,220.73,221.8
277.27,1,383.93,108.73
267.67,353,356.2,440.47
330.6,151.4,383.93,253.8
294.33,58.6,354.07,111.93
205.8,1,278.33,56.467
230.33,191.93,278.33,244.2
136.47,454.33,191.93,511.93
291.13,215.4,343.4,301.8
1,246.33,83.133,367.93
183.4,350.87,276.2,429.8
115.13,214.33,250.6,397.8
77.8,76.733,121.53,188.73
201.53,165.27,348.73,277.27
186.6,392.47,237.8,469.27
274.07,108.73,383.93,348.73
43.667,27.667,136.47,354.07
104.47,252.73,232.47,391.4
178.07,1,254.87,157.8
156.73,421.27,201.53,468.2
66.067,169.53,107.67,252.73
195.13,204.73,277.27,377.53
121.53,34.067,197.27,107.67
158.87,326.33,225,377.53
188.73,65,251.67,147.13
65,339.13,140.73,511.93
118.33,401,185.53,486.33
151.4,1,254.87,89.533
181.27,341.27,268.73,446.87
228.2,1,307.13,356.2
124.73,326.33,225,391.4
294.33,303.93,345.53,354.07
164.2,389.27,291.13,479.93
268.73,218.6,383.93,332.73
296.47,132.2,338.07,180.2
47.933,223.93,105.53,417
121.53,253.8,268.73,371.13
294.33,71.4,366.87,180.2
253.8,285.8,310.33,376.47
121.53,253.8,264.47,357.27
122.6,409.53,253.8,511.93
273,36.2,338.07,173.8
259.13,286.87,307.13,376.47
268.73,165.27,348.73,283.67
291.13,1,383.93,62.867
50.067,417,90.6,495.93
234.6,369,283.67,418.07
51.133,169.53,110.87,316.73
210.07,1,313.53,61.8
243.13,276.2,314.6,409.53
207.93,433,260.2,511.93
1,212.2,55.4,309.27
125.8,255.93,215.4,380.73
201.53,165.27,340.2,277.27
105.53,51.133,218.6,131.13
43.667,1,137.53,341.27
315.67,134.33,364.73,180.2
124.73,1,262.33,159.93
63.933,338.07,131.13,482.07
181.27,341.27,284.73,446.87
51.133,226.07,102.33,316.73
228.2,1,302.87,246.33
91.667,274.07,145,493.8
274.07,206.87,355.13,340.2
157.8,255.93,226.07,398.87
102.33,52.2,162.07,190.87
149.27,265.53,207.93,340.2
106.6,33,150.33,76.733
244.2,227.13,294.33,284.73
195.13,257,252.73,377.53
156.73,114.07,300.73,217.53
1,246.33,50.067,357.27
325.27,33,383.93,105.53
249.53,170.6,291.13,246.33
47.933,275.13,100.2,421.27
207.93,392.47,253.8,442.6
59.667,1,148.2,79.933
201.53,396.73,244.2,440.47
1,1,59.667,309.27
131.13,88.467,205.8,235.67
296.47,265.53,383.93,364.73
151.4,1,246.33,76.733
205.8,411.67,269.8,511.93
58.6,60.733,116.2,229.27
246.33,1,302.87,61.8
230.33,175.93,292.2,222.87
1,1,61.8,309.27
141.8,120.47,228.2,275.13
122.6,253.8,247.4,397.8
195.13,394.6,253.8,441.53
216.47,248.47,356.2,511.93
264.47,33,332.73,166.33
269.8,214.33,340.2,277.27
132.2,195.13,205.8,282.6
278.33,33,332.73,90.6
187.67,42.6,383.93,234.6
59.667,342.33,127.93,477.8
277.27,1,383.93,181.27
246.33,175.93,292.2,235.67
51.133,319.93,103.4,421.27
238.87,175.93,292.2,244.2
295.4,1,383.93,104.47
308.2,47.933,351.93,106.6
310.33,358.33,373.27,412.73
236.73,242.07,281.53,356.2
250.6,227.13,294.33,284.73
204.73,287.93,268.73,371.13
314.6,347.67,383.93,511.93
319.93,218.6,383.93,347.67
279.4,25.533,333.8,81
244.2,1,313.53,97
119.4,409.53,253.8,511.93
170.6,149.27,383.93,511.93
274.07,47.933,369,180.2
132.2,195.13,205.8,259.13
229.27,140.73,299.67,246.33
229.27,124.73,281.53,210.07
121.53,27.667,203.67,121.53
52.2,334.87,100.2,417
157.8,284.73,221.8,392.47
316.73,218.6,383.93,348.73
194.07,342.33,253.8,391.4
209,297.53,249.53,356.2
239.93,1,298.6,106.6
195.13,377.53,278.33,441.53
157.8,297.53,215.4,398.87
53.267,324.2,103.4,421.27
206.87,377.53,276.2,441.53
238.87,1,302.87,94.867
125.8,255.93,226.07,398.87
246.33,1,302.87,94.867
283.67,89.533,383.93,172.73
121.53,265.53,207.93,357.27
119.4,387.13,201.53,511.93
59.667,342.33,137.53,511.93
275.13,308.2,383.93,511.93
63.933,146.07,136.47,354.07
179.13,238.87,228.2,294.33
154.6,234.6,250.6,397.8
245.27,273,307.13,376.47
184.47,27.667,233.53,89.533
104.47,51.133,218.6,131.13
324.2,151.4,383.93,332.73
170.6,159.93,348.73,377.53
195.13,257,274.07,377.53
230.33,165.27,348.73,283.67
170.6,255.93,215.4,340.2
253.8,286.87,307.13,409.53
243.13,276.2,356.2,446.87
161,376.47,244.2,469.27
274.07,150.33,383.93,301.8
162.07,1,254.87,66.067
186.6,202.6,243.13,255.93
47.933,169.53,110.87,467.13
114.07,100.2,158.87,225
301.8,125.8,383.93,167.4
239.93,276.2,318.87,376.47
130.07,447.93,185.53,500.2
161,376.47,211.13,459.67
121.53,315.67,175.93,373.27
278.33,33,341.27,90.6
51.133,319.93,103.4,467.13
315.67,121.53,365.8,180.2
179.13,153.53,261.27,306.07
131.13,377.53,173.8,454.33
246.33,153.53,299.67,246.33
125.8,257,187.67,380.73
246.33,175.93,292.2,222.87
204.73,294.33,258.07,351.93
170.6,165.27,348.73,377.53
169.53,137.53,281.53,232.47
132.2,195.13,189.8,259.13
152.47,1,262.33,239.93
51.133,213.27,110.87,316.73
141.8,227.13,197.27,297.53
254.87,286.87,307.13,376.47
253.8,298.6,310.33,376.47
122.6,387.13,233.53,511.93
161,376.47,244.2,459.67
235.67,33,383.93,190.87
122.6,409.53,167.4,478.87
274.07,47.933,351.93,158.87
216.47,409.53,274.07,463.93
217.53,361.53,265.53,407.4
51.133,51.133,127.93,316.73
273,36.2,365.8,180.2
154.6,255.93,232.47,329.53
181.27,342.33,250.6,397.8
65,390.33,130.07,479.93
138.6,1,188.73,45.8
245.27,273,308.2,376.47
308.2,265.53,356.2,341.27
231.4,66.067,348.73,180.2
51.133,319.93,103.4,438.33
241,92.733,284.73,133.27
172.73,329.53,223.93,397.8
310.33,261.27,383.93,511.93
157.8,284.73,243.13,392.47
239.93,1,333.8,106.6
294.33,100.2,365.8,180.2
294.33,100.2,338.07,141.8
205.8,335.93,341.27,446.87
274.07,47.933,364.73,180.2
260.2,353,356.2,446.87
246.33,170.6,299.67,246.33
154.6,60.733,197.27,106.6
179.13,367.93,297.53,511.93
47.933,275.13,91.667,354.07
236.73,170.6,305,356.2
274.07,154.6,362.6,227.13
47.933,210.07,105.53,316.73
295.4,1,383.93,105.53
278.33,419.13,347.67,511.93
228.2,94.867,284.73,161
286.87,337,383.93,481
269.8,89.533,383.93,227.13
58.6,169.53,107.67,302.87
278.33,423.4,321,506.6
283.67,97,358.33,158.87
294.33,47.933,366.87,180.2
307.13,308.2,361.53,364.73
179.13,214.33,258.07,284.73
187.67,62.867,250.6,157.8
187.67,450.07,287.93,511.93
141.8,234.6,197.27,297.53
135.4,229.27,228.2,297.53
50.067,302.87,99.133,420.2
332.73,260.2,383.93,405.27
234.6,1,278.33,56.467
169.53,137.53,281.53,236.73
257,449,299.67,509.8
65,146.07,136.47,341.27
188.73,55.4,262.33,137.53
245.27,248.47,356.2,376.47
269.8,154.6,362.6,227.13
261.27,458.6,354.07,511.93
218.6,1,383.93,209
55.4,324.2,103.4,397.8
107.67,335.93,173.8,454.33
324.2,108.73,383.93,348.73
108.73,342.33,170.6,440.47
50.067,218.6,107.67,443.67
286.87,394.6,383.93,481
122.6,387.13,201.53,500.2
279.4,25.533,325.27,73.533
65,161,137.53,343.4
179.13,388.2,253.8,455.4
338.07,204.73,383.93,282.6
47.933,210.07,105.53,442.6
279.4,206.87,355.13,302.87
267.67,25.533,337,85.267
262.33,276.2,321,341.27
65,339.13,130.07,479.93
186.6,202.6,294.33,307.13
308.2,265.53,356.2,339.13
138.6,1,179.13,45.8
195.13,257,264.47,377.53
220.73,92.733,284.73,135.4
216.47,466.07,259.13,511.93
314.6,347.67,383.93,481
43.667,45.8,95.933,245.27
193,137.53,281.53,232.47
186.6,238.87,228.2,294.33
106.6,73.533,161,166.33
165.27,1,254.87,63.933
179.13,276.2,318.87,511.93
65,339.13,125.8,463.93
179.13,362.6,297.53,511.93
116.2,1,185.53,71.4
105.53,33,155.67,98.067
341.27,1,383.93,59.667
243.13,412.73,316.73,471.4
159.93,382.87,234.6,479.93
58.6,107.67,113,229.27
178.07,1,254.87,66.067
262.33,218.6,383.93,511.93
152.47,90.6,199.4,212.2
261.27,458.6,316.73,511.93
246.33,1,302.87,122.6
60.733,1,137.53,66.067
307.13,4.2,377.53,81
142.87,27.667,203.67,121.53
234.6,1,298.6,137.53
151.4,454.33,194.07,511.93
187.67,62.867,235.67,157.8
310.33,424.47,376.47,481
243.13,276.2,307.13,409.53
278.33,33,354.07,111.93
125.8,257,243.13,398.87
305,265.53,361.53,364.73
65,393.53,106.6,463.93
234.6,7.4,290.07,137.53
135.4,209,198.33,259.13
305,265.53,366.87,361.53
314.6,71.4,366.87,141.8
141.8,238.87,185.53,297.53
59.667,326.33,137.53,511.93
182.33,459.67,233.53,511.93
302.87,173.8,348.73,227.13
205.8,411.67,295.4,511.93
140.73,82.067,198.33,259.13
267.67,319.93,340.2,440.47
249.53,289,290.07,343.4
301.8,85.267,383.93,167.4
296.47,132.2,348.73,187.67
67.133,76.733,121.53,188.73
265.53,335.93,341.27,436.2
264.47,66.067,316.73,166.33
107.67,51.133,218.6,262.33
165.27,1,262.33,147.13
1,212.2,55.4,305
217.53,227.13,258.07,284.73
137.53,88.467,228.2,282.6
211.13,297.53,263.4,371.13
162.07,1,257,157.8
51.133,242.07,102.33,316.73
63.933,342.33,127.93,477.8
195.13,388.2,253.8,441.53
108.73,362.6,203.67,471.4
278.33,33,354.07,108.73
47.933,275.13,100.2,396.73
303.93,204.73,383.93,371.13
275.13,420.2,339.13,511.93
115.13,252.73,159.93,344.47
177,386.07,244.2,439.4
201.53,204.73,276.2,276.2
312.47,260.2,383.93,511.93
268.73,165.27,348.73,277.27
107.67,34.067,197.27,132.2
333.8,1,383.93,62.867
315.67,125.8,383.93,167.4
302.87,424.47,376.47,481
228.2,123.67,283.67,202.6
91.667,274.07,141.8,417
167.4,1,246.33,76.733
58.6,76.733,113,233.53
121.53,285.8,180.2,373.27
124.73,329.53,263.4,428.73
334.87,42.6,383.93,104.47
184.47,234.6,227.13,294.33
186.6,202.6,294.33,284.73
43.667,27.667,116.2,242.07
139.67,1,185.53,45.8
303.93,282.6,366.87,343.4
150.33,151.4,220.73,221.8
132.2,377.53,173.8,454.33
105.53,1,188.73,98.067
314.6,437.27,383.93,511.93
1,245.27,49,328.47
341.27,85.267,383.93,143.93
328.47,28.733,377.53,81
167.4,1,246.33,63.933
167.4,154.6,220.73,221.8
186.6,165.27,294.33,307.13
275.13,347.67,383.93,511.93
268.73,165.27,340.2,277.27
140.73,215.4,205.8,282.6
274.07,54.333,327.4,153.53
87.4,174.87,130.07,257
213.27,466.07,259.13,511.93
43.667,13.8,95.933,245.27
324.2,108.73,383.93,266.6
129,453.27,185.53,511.93
211.13,94.867,313.53,371.13
211.13,94.867,294.33,371.13
278.33,423.4,341.27,511.93
50.067,302.87,99.133,396.73
140.73,82.067,199.4,259.13
47.933,210.07,105.53,439.4
268.73,254.87,321,315.67
187.67,62.867,257,157.8
315.67,125.8,383.93,172.73
170.6,246.33,274.07,377.53
307.13,308.2,349.8,364.73
188.73,68.2,233.53,116.2
337,218.6,383.93,347.67
81,453.27,140.73,511.93
253.8,326.33,302.87,376.47
324.2,151.4,383.93,266.6
67.133,51.133,121.53,188.73
262.33,85.267,383.93,511.93
246.33,170.6,291.13,246.33
195.13,281.53,252.73,377.53
188.73,55.4,274.07,147.13
60.733,1,130.07,66.067
119.4,457.53,207.93,511.93
305,265.53,366.87,364.73
52.2,326.33,99.133,420.2
43.667,49,116.2,242.07
213.27,154.6,258.07,284.73
145,181.27,198.33,259.13
206.87,227.13,261.27,306.07
315.67,265.53,356.2,329.53
68.2,60.733,119.4,152.47
275.13,405.27,379.67,511.93
319.93,218.6,383.93,348.73
239.93,1,298.6,119.4
273,36.2,338.07,161
297.53,1,383.93,92.733
164.2,389.27,244.2,469.27
158.87,326.33,225,397.8
52.2,334.87,100.2,396.73
90.6,453.27,185.53,511.93
295.4,154.6,362.6,214.33
297.53,1,383.93,81
145,214.33,189.8,259.13
235.67,20.2,290.07,137.53
213.27,154.6,257,232.47
78.867,161,127.93,263.4
65,237.8,137.53,343.4
132.2,195.13,177,253.8
278.33,33,341.27,108.73
105.53,51.133,154.6,131.13
47.933,223.93,105.53,316.73
213.27,153.53,260.2,239.93
195.13,377.53,276.2,441.53
109.8,125.8,154.6,206.87
262.33,150.33,383.93,511.93
119.4,457.53,182.33,511.93
294.33,100.2,364.73,180.2
122.6,409.53,218.6,511.93
228.2,116.2,271.93,161
275.13,471.4,318.87,511.93
201.53,204.73,276.2,302.87
228.2,94.867,284.73,202.6
146.07,238.87,228.2,294.33
52.2,326.33,99.133,396.73
245.27,286.87,307.13,376.47
186.6,202.6,291.13,284.73
218.6,132.2,300.73,209
125.8,257,243.13,392.47
198.33,69.267,250.6,121.53
107.67,82.067,158.87,166.33
257,423.4,328.47,484.2
290.07,173.8,348.73,227.13
249.53,289,290.07,341.27
135.4,212.2,198.33,259.13
234.6,20.2,290.07,137.53
121.53,34.067,197.27,106.6
152.47,90.6,226.07,239.93
53.267,1,148.2,79.933
125.8,326.33,167.4,380.73
310.33,298.6,383.93,429.8
159.93,102.33,204.73,162.07
201.53,204.73,277.27,302.87
216.47,466.07,269.8,511.93
165.27,1,254.87,70.333
289,66.067,338.07,127.93
213.27,158.87,254.87,200.47
47.933,223.93,105.53,354.07
183.4,350.87,243.13,392.47
268.73,165.27,331.67,231.4
124.73,1,188.73,69.267
188.73,68.2,250.6,147.13
303.93,283.67,366.87,343.4
77.8,51.133,121.53,188.73
225,257,274.07,302.87
120.47,72.467,167.4,170.6
158.87,308.2,207.93,358.33
65,161,136.47,343.4
312.47,30.867,383.93,104.47
274.07,47.933,358.33,171.67
87.4,161,130.07,257
262.33,421.27,305,494.87
130.07,253.8,207.93,358.33
216.47,409.53,261.27,463.93
58.6,76.733,113,229.27
173.8,253.8,264.47,323.13
259.13,325.27,303.93,376.47
44.733,130.07,119.4,227.13
164.2,389.27,291.13,469.27
90.6,440.47,140.73,511.93
141.8,244.2,185.53,297.53
152.47,90.6,199.4,203.67
315.67,283.67,366.87,343.4
213.27,94.867,294.33,284.73
236.73,140.73,281.53,202.6
268.73,165.27,348.73,231.4
173.8,154.6,214.33,213.27
119.4,457.53,191.93,511.93
278.33,423.4,321,484.2
156.73,125.8,228.2,217.53
243.13,123.67,283.67,202.6
219.67,341.27,268.73,446.87
107.67,51.133,158.87,206.87
310.33,337,373.27,434.07
325.27,1,383.93,81
51.133,213.27,107.67,283.67
168.47,393.53,229.27,463.93
286.87,405.27,376.47,481
335.93,420.2,383.93,511.93
247.4,20.2,290.07,98.067
309.27,218.6,383.93,332.73
170.6,246.33,229.27,340.2
201.53,200.47,276.2,276.2
282.6,155.67,350.87,217.53
278.33,423.4,328.47,484.2
173.8,248.47,215.4,309.27
164.2,389.27,234.6,479.93
151.4,420.2,203.67,471.4
107.67,82.067,158.87,225
181.27,281.53,231.4,323.13
213.27,158.87,254.87,232.47
108.73,370.07,167.4,442.6
270.87,25.533,315.67,79.933
341.27,298.6,383.93,361.53
220.73,227.13,276.2,276.2
338.07,204.73,383.93,281.53
213.27,154.6,294.33,284.73
87.4,161,127.93,257
283.67,97,383.93,172.73
217.53,361.53,265.53,428.73
278.33,423.4,347.67,511.93
211.13,294.33,258.07,351.93
228.2,94.867,284.73,162.07
307.13,5.2667,377.53,81
239.93,1,298.6,62.867
169.53,164.2,212.2,221.8
164.2,389.27,226.07,451.13
188.73,55.4,262.33,147.13
43.667,49,107.67,242.07
308.2,47.933,351.93,130.07
124.73,407.4,173.8,471.4
152.47,90.6,204.73,225
164.2,389.27,229.27,463.93
310.33,358.33,383.93,429.8
253.8,322.07,341.27,431.93
313.53,260.2,383.93,385
287.93,215.4,355.13,301.8
287.93,215.4,343.4,301.8
310.33,424.47,361.53,481
122.6,253.8,180.2,344.47
274.07,154.6,362.6,217.53
121.53,322.07,172.73,373.27
201.53,374.33,249.53,428.73
283.67,97,344.47,146.07
295.4,1,383.93,49
332.73,260.2,383.93,385
164.2,389.27,274.07,469.27
188.73,68.2,250.6,116.2
163.13,429.8,203.67,471.4
52.2,338.07,100.2,396.73
43.667,45.8,89.533,245.27
77.8,137.53,121.53,188.73
309.27,257,376.47,332.73
173.8,214.33,243.13,309.27
163.13,429.8,203.67,476.73
122.6,409.53,203.67,486.33
157.8,284.73,221.8,388.2
121.53,253.8,247.4,397.8
173.8,235.67,243.13,309.27
325.27,4.2,377.53,81
301.8,52.2,383.93,190.87
90.6,444.73,140.73,511.93
295.4,1,374.33,62.867
295.4,1,374.33,49
295.4,154.6,350.87,214.33
201.53,374.33,263.4,428.73
137.53,88.467,205.8,232.47
188.73,55.4,253.8,116.2
249.53,204.73,291.13,246.33
275.13,458.6,322.07,511.93
130.07,257,187.67,346.6
275.13,471.4,322.07,511.93
65,237.8,136.47,343.4
216.47,466.07,259.13,510.87
175.93,329.53,223.93,377.53
51.133,213.27,110.87,283.67
149.27,278.33,207.93,340.2
58.6,339.13,125.8,463.93
188.73,68.2,250.6,131.13
173.8,275.13,231.4,323.13
243.13,140.73,283.67,202.6
149.27,34.067,197.27,106.6
181.27,1,246.33,56.467
292.2,424.47,361.53,481
168.47,389.27,244.2,463.93
315.67,283.67,356.2,329.53
239.93,1,298.6,55.4
295.4,155.67,350.87,214.33
55.4,324.2,103.4,421.27
145,215.4,198.33,259.13
274.07,54.333,351.93,153.53
67.133,51.133,127.93,263.4
154.6,429.8,203.67,471.4
315.67,125.8,376.47,167.4
107.67,82.067,158.87,132.2
286.87,405.27,361.53,481
142.87,60.733,197.27,106.6
81,137.53,121.53,188.73
191.93,389.27,244.2,440.47
213.27,158.87,281.53,232.47
124.73,329.53,253.8,397.8
107.67,65,165.27,132.2
219.67,204.73,291.13,284.73
291.13,215.4,343.4,257
159.93,297.53,207.93,340.2
330.6,151.4,383.93,239.93
122.6,253.8,207.93,358.33
291.13,215.4,355.13,301.8
135.4,445.8,185.53,486.33
310.33,358.33,369,412.73
188.73,55.4,253.8,147.13
178.07,1,246.33,56.467
51.133,242.07,102.33,283.67
172.73,329.53,253.8,397.8
267.67,353,325.27,431.93
172.73,329.53,247.4,397.8
275.13,54.333,327.4,120.47
65,273,125.8,343.4
79.933,51.133,121.53,188.73
65,339.13,114.07,463.93
79.933,76.733,121.53,188.73
164.2,393.53,226.07,451.13
335.93,437.27,383.93,511.93
130.07,253.8,180.2,327.4
