7.4,1,290.07,511.93
37.267,1,280.47,511.93
114.07,398.87,206.87,511.93
199.4,248.47,303.93,467.13
275.13,284.73,340.2,511.93
114.07,93.8,300.73,511.93
1,1,383.93,511.93
122.6,71.4,259.13,201.53
248.47,1,383.93,260.2
17,1,345.53,511.93
1,1,268.73,125.8
113,71.4,264.47,511.93
230.33,284.73,383.93,511.93
328.47,168.47,383.93,462.87
183.4,78.867,274.07,285.8
314.6,168.47,383.93,511.93
110.87,1,383.93,511.93
1,1,165.27,511.93
1,1,268.73,254.87
203.67,87.4,344.47,511.93
113,71.4,263.4,511.93
126.87,195.13,204.73,347.67
263.4,1,383.93,511.93
37.267,1,383.93,511.93
17,1,141.8,90.6
155.67,258.07,212.2,461.8
214.33,115.13,319.93,470.33
1,20.2,165.27,511.93
17,1,383.93,511.93
1,1,307.13,511.93
113,57.533,280.47,495.93
49,57.533,307.13,511.93
291.13,164.2,358.33,511.93
203.67,284.73,383.93,511.93
148.2,277.27,227.13,478.87
238.87,1,383.93,257
1,33,204.73,511.93
90.6,77.8,290.07,511.93
264.47,1,383.93,511.93
113,146.07,263.4,511.93
143.93,1,268.73,89.533
117.27,195.13,207.93,452.2
17,1,265.53,122.6
1,1,266.6,152.47
47.933,209,183.4,429.8
1,1,217.53,511.93
114.07,1,383.93,511.93
153.53,225,235.67,310.33
7.4,1,383.93,511.93
1,1,268.73,511.93
203.67,1,383.93,511.93
110.87,65,279.4,511.93
181.27,1,383.93,511.93
1,1,265.53,511.93
38.333,79.933,204.73,429.8
1,1,203.67,511.93
113,1,342.33,511.93
113,75.667,154.6,132.2
181.27,248.47,383.93,511.93
7.4,1,279.4,166.33
114.07,77.8,290.07,511.93
1,33,263.4,511.93
129,93.8,300.73,346.6
314.6,302.87,383.93,511.93
153.53,254.87,202.6,310.33
232.47,115.13,274.07,163.13
1,1,293.27,156.73
1,1,265.53,173.8
138.6,275.13,228.2,495.93
1,37.267,197.27,511.93
1,1,266.6,511.93
1,1,205.8,511.93
183.4,78.867,280.47,374.33
257,1,383.93,481
327.4,311.4,370.07,395.67
109.8,332.73,155.67,511.93
17,1,265.53,147.13
258.07,139.67,340.2,470.33
147.13,254.87,202.6,310.33
140.73,1,238.87,98.067
219.67,1,383.93,511.93
232.47,1,345.53,315.67
110.87,209,279.4,511.93
186.6,1,342.33,470.33
66.067,1,268.73,107.67
47.933,71.4,263.4,511.93
129,69.267,274.07,465
178.07,305,282.6,467.13
163.13,344.47,245.27,511.93
132.2,292.2,282.6,511.93
66.067,1,268.73,95.933
238.87,1,345.53,511.93
186.6,436.2,257,486.33
203.67,87.4,340.2,489.53
119.4,425.53,203.67,511.93
314.6,187.67,383.93,511.93
7.4,1,202.6,166.33
17,1,342.33,511.93
24.467,1,101.27,70.333
264.47,1,383.93,408.47
111.93,1,345.53,511.93
1,1,169.53,511.93
238.87,1,383.93,141.8
226.07,1,383.93,430.87
46.867,362.6,125.8,456.47
47.933,254.87,202.6,511.93
263.4,1,383.93,301.8
90.6,342.33,145,500.2
113,275.13,228.2,511.93
113,78.867,280.47,511.93
174.87,57.533,280.47,374.33
155.67,277.27,198.33,345.53
213.27,1,383.93,511.93
46.867,82.067,203.67,511.93
114.07,194.07,228.2,511.93
1,1,135.4,511.93
155.67,300.73,211.13,375.4
1,1,293.27,511.93
119.4,344.47,307.13,511.93
121.53,1,214.33,61.8
219.67,1,289,89.533
248.47,1,383.93,511.93
1,1,204.73,511.93
138.6,1,195.13,42.6
111.93,69.267,307.13,511.93
202.6,175.93,267.67,313.53
183.4,431.93,277.27,511.93
148.2,78.867,205.8,254.87
232.47,1,383.93,408.47
145,83.133,204.73,230.33
5.2667,1,168.47,156.73
41.533,57.533,103.4,124.73
257,101.27,339.13,327.4
67.133,1,168.47,156.73
186.6,38.333,252.73,89.533
290.07,164.2,344.47,424.47
271.93,1,383.93,511.93
326.33,314.6,382.87,451.13
55.4,67.133,100.2,118.33
232.47,100.2,315.67,250.6
242.07,1,313.53,318.87
290.07,151.4,345.53,511.93
271.93,1,383.93,430.87
232.47,347.67,282.6,413.8
257,1,383.93,79.933
264.47,19.133,383.93,408.47
55.4,15.933,189.8,147.13
113,195.13,228.2,495.93
17,1,265.53,151.4
213.27,355.13,298.6,488.47
203.67,115.13,383.93,511.93
119.4,457.53,203.67,511.93
325.27,187.67,379.67,454.33
222.87,280.47,265.53,343.4
38.333,73.533,204.73,429.8
45.8,84.2,197.27,511.93
100.2,1,155.67,73.533
1,1,145,125.8
1,33,169.53,511.93
47.933,63.933,217.53,433
213.27,347.67,282.6,454.33
289,225,331.67,273
49,317.8,146.07,511.93
213.27,1,358.33,511.93
248.47,1,383.93,430.87
122.6,71.4,259.13,287.93
40.467,60.733,182.33,151.4
257,1,383.93,141.8
242.07,102.33,342.33,302.87
242.07,1,345.53,511.93
187.67,1,266.6,152.47
175.93,322.07,279.4,442.6
219.67,1,276.2,89.533
126.87,78.867,280.47,511.93
203.67,139.67,340.2,489.53
266.6,227.13,319.93,370.07
183.4,445.8,257,511.93
242.07,1,326.33,390.33
76.733,56.467,133.27,125.8
126.87,195.13,207.93,484.2
263.4,1,383.93,161
117.27,285.8,157.8,382.87
238.87,91.667,317.8,250.6
238.87,1,383.93,511.93
7.4,1,189.8,124.73
1,37.267,135.4,511.93
73.533,209,183.4,381.8
129,254.87,202.6,340.2
111.93,399.93,184.47,511.93
182.33,60.733,244.2,102.33
137.53,372.2,182.33,454.33
271.93,1,383.93,257
171.67,277.27,227.13,319.93
105.53,15.933,189.8,118.33
47.933,63.933,217.53,511.93
113,71.4,340.2,511.93
135.4,258.07,228.2,511.93
207.93,342.33,251.67,386.07
133.27,322.07,279.4,511.93
220.73,1,264.47,47.933
37.267,1,145,125.8
241,164.2,358.33,511.93
183.4,135.4,262.33,285.8
40.467,60.733,220.73,151.4
126.87,366.87,173.8,452.2
230.33,99.133,273,163.13
181.27,430.87,245.27,511.93
41.533,57.533,98.067,105.53
318.87,287.93,383.93,511.93
257,101.27,344.47,327.4
5.2667,1,188.73,173.8
327.4,31.933,383.93,141.8
199.4,196.2,315.67,467.13
258.07,141.8,383.93,511.93
111.93,63.933,217.53,229.27
7.4,8.4667,127.93,104.47
17,1,265.53,119.4
264.47,108.73,315.67,157.8
1,1,137.53,173.8
163.13,237.8,280.47,511.93
259.13,198.33,302.87,315.67
238.87,26.6,293.27,100.2
318.87,435.13,383.93,511.93
125.8,209,183.4,344.47
140.73,1,293.27,130.07
316.73,299.67,358.33,467.13
111.93,291.13,307.13,511.93
138.6,1,265.53,83.133
126.87,195.13,207.93,452.2
55.4,15.933,189.8,119.4
114.07,258.07,282.6,511.93
242.07,139.67,338.07,359.4
242.07,101.27,313.53,308.2
140.73,1,221.8,69.267
49,317.8,307.13,511.93
49,317.8,129,377.53
242.07,1,291.13,130.07
37.267,1,268.73,131.13
252.73,102.33,342.33,302.87
114.07,258.07,228.2,511.93
60.733,1,279.4,103.4
186.6,38.333,250.6,84.2
137.53,195.13,204.73,306.07
316.73,318.87,383.93,511.93
214.33,134.33,319.93,470.33
1,1,62.867,98.067
178.07,305,281.53,467.13
266.6,130.07,326.33,390.33
318.87,314.6,383.93,511.93
290.07,284.73,340.2,476.73
316.73,187.67,383.93,511.93
143.93,1,226.07,68.2
47.933,289,141.8,429.8
258.07,199.4,315.67,377.53
166.33,161,216.47,274.07
49,317.8,155.67,511.93
159.93,60.733,244.2,102.33
37.267,1,101.27,89.533
5.2667,1,205.8,254.87
232.47,1,293.27,130.07
185.53,93.8,300.73,322.07
238.87,147.13,307.13,250.6
181.27,284.73,340.2,511.93
37.267,1,114.07,113
163.13,78.867,280.47,511.93
123.67,60.733,188.73,122.6
133.27,298.6,229.27,465
157.8,65,263.4,375.4
275.13,284.73,383.93,511.93
296.47,161,383.93,511.93
129,161,216.47,346.6
5.2667,18.067,57.533,89.533
258.07,199.4,315.67,271.93
163.13,344.47,257,511.93
290.07,162.07,345.53,511.93
157.8,69.267,263.4,375.4
177,69.267,263.4,330.6
321,244.2,379.67,434.07
41.533,44.733,133.27,125.8
158.87,275.13,228.2,375.4
186.6,248.47,293.27,467.13
66.067,71.4,159.93,139.67
42.6,78.867,205.8,254.87
157.8,77.8,290.07,511.93
90.6,75.667,154.6,119.4
133.27,209,235.67,323.13
7.4,1,101.27,110.87
258.07,141.8,346.6,377.53
165.27,225,235.67,290.07
202.6,175.93,283.67,322.07
238.87,1,290.07,78.867
46.867,303.93,157.8,511.93
232.47,1,293.27,171.67
258.07,141.8,326.33,417
327.4,161,383.93,430.87
171.67,419.13,257,511.93
199.4,1,342.33,467.13
129,269.8,189.8,387.13
203.67,295.4,280.47,374.33
263.4,1,383.93,173.8
111.93,63.933,202.6,147.13
232.47,114.07,274.07,163.13
17,1,265.53,104.47
292.2,403.13,342.33,511.93
7.4,8.4667,93.8,104.47
111.93,63.933,217.53,206.87
49,317.8,129,433
219.67,253.8,383.93,511.93
188.73,11.667,265.53,102.33
341.27,437.27,382.87,502.33
47.933,254.87,202.6,433
197.27,60.733,244.2,102.33
238.87,1,317.8,250.6
313.53,1,383.93,73.533
126.87,264.47,189.8,440.47
231.4,385,325.27,511.93
321,46.867,383.93,481
51.133,1,265.53,89.533
178.07,292.2,282.6,467.13
111.93,414.87,184.47,511.93
181.27,248.47,293.27,511.93
170.6,8.4667,221.8,91.667
158.87,298.6,216.47,375.4
37.267,1,145,131.13
182.33,1,266.6,152.47
186.6,38.333,235.67,84.2
219.67,347.67,325.27,511.93
190.87,69.267,263.4,211.13
324.2,56.467,383.93,105.53
76.733,46.867,189.8,124.73
226.07,1,365.8,165.27
76.733,56.467,145,125.8
66.067,1,188.73,107.67
257,1,383.93,327.4
175.93,430.87,222.87,477.8
220.73,1,266.6,47.933
332.73,145,383.93,310.33
274.07,337,318.87,425.53
111.93,302.87,195.13,511.93
259.13,391.4,325.27,489.53
94.867,82.067,203.67,312.47
113,275.13,228.2,495.93
17,1,265.53,101.27
142.87,307.13,282.6,501.27
7.4,1,93.8,110.87
241,385,325.27,511.93
165.27,1,244.2,68.2
111.93,209,235.67,511.93
242.07,74.6,313.53,318.87
242.07,1,289,82.067
135.4,179.13,193,287.93
90.6,1,146.07,53.267
314.6,413.8,383.93,511.93
292.2,253.8,344.47,421.27
154.6,1,244.2,68.2
148.2,84.2,205.8,254.87
83.133,1,195.13,81
126.87,258.07,228.2,511.93
88.467,12.733,188.73,107.67
291.13,164.2,346.6,511.93
232.47,1,342.33,315.67
179.13,366.87,307.13,511.93
191.93,71.4,259.13,201.53
130.07,82.067,201.53,287.93
126.87,259.13,207.93,452.2
7.4,8.4667,109.8,104.47
199.4,1,342.33,470.33
177,171.67,260.2,309.27
5.2667,1,293.27,156.73
204.73,322.07,250.6,377.53
259.13,198.33,315.67,315.67
76.733,29.8,133.27,124.73
238.87,1,337,417
252.73,102.33,342.33,315.67
242.07,102.33,342.33,315.67
274.07,335.93,319.93,470.33
226.07,1,365.8,359.4
342.33,86.333,383.93,131.13
199.4,102.33,342.33,467.13
296.47,139.67,338.07,248.47
238.87,1,293.27,129
321,46.867,383.93,434.07
290.07,162.07,340.2,511.93
148.2,275.13,228.2,478.87
60.733,1,214.33,77.8
232.47,1,290.07,79.933
31.933,1,75.667,61.8
119.4,408.47,203.67,511.93
17,1,195.13,119.4
306.07,253.8,348.73,421.27
290.07,284.73,383.93,511.93
125.8,212.2,183.4,344.47
76.733,56.467,174.87,124.73
228.2,307.13,282.6,369
232.47,1,283.67,79.933
68.2,29.8,133.27,124.73
17,1,189.8,119.4
72.467,1,184.47,95.933
242.07,1,283.67,78.867
137.53,194.07,203.67,310.33
5.2667,1,101.27,100.2
318.87,428.73,383.93,511.93
210.07,347.67,298.6,489.53
307.13,168.47,383.93,511.93
152.47,431.93,277.27,511.93
139.67,254.87,202.6,310.33
129,264.47,189.8,346.6
203.67,11.667,265.53,83.133
148.2,407.4,197.27,485.27
328.47,161,379.67,407.4
118.33,294.33,282.6,501.27
254.87,91.667,317.8,250.6
290.07,164.2,344.47,421.27
291.13,203.67,346.6,358.33
177,277.27,228.2,356.2
191.93,71.4,264.47,201.53
213.27,1,337,488.47
38.333,79.933,204.73,230.33
55.4,15.933,244.2,147.13
132.2,431.93,277.27,511.93
186.6,1,268.73,89.533
126.87,259.13,207.93,484.2
111.93,209,279.4,511.93
258.07,199.4,315.67,417
137.53,194.07,201.53,301.8
199.4,248.47,293.27,467.13
137.53,194.07,203.67,301.8
122.6,73.533,202.6,145
134.33,161,193,327.4
157.8,311.4,281.53,511.93
41.533,44.733,145,125.8
110.87,62.867,202.6,166.33
258.07,141.8,346.6,511.93
185.53,77.8,290.07,313.53
342.33,94.867,383.93,173.8
252.73,62.867,293.27,130.07
119.4,344.47,257,511.93
182.33,1,241,45.8
232.47,87.4,315.67,250.6
231.4,164.2,344.47,511.93
76.733,56.467,159.93,124.73
119.4,438.33,196.2,511.93
258.07,141.8,337,417
31.933,1,77.8,90.6
47.933,179.13,193,433
137.53,205.8,200.47,301.8
51.133,1,265.53,101.27
145,83.133,202.6,230.33
228.2,134.33,293.27,402.07
232.47,347.67,282.6,437.27
323.13,433,372.2,502.33
90.6,1,155.67,79.933
126.87,222.87,207.93,452.2
188.73,11.667,265.53,83.133
263.4,17,363.67,161
118.33,291.13,282.6,501.27
238.87,1,293.27,100.2
279.4,104.47,363.67,165.27
135.4,258.07,207.93,418.07
149.27,431.93,277.27,511.93
181.27,371.13,317.8,511.93
97,82.067,203.67,312.47
109.8,337,157.8,511.93
5.2667,1,101.27,104.47
213.27,358.33,307.13,511.93
273,14.867,383.93,201.53
188.73,136.47,247.4,242.07
323.13,318.87,382.87,502.33
135.4,216.47,175.93,287.93
202.6,237.8,280.47,374.33
46.867,303.93,147.13,511.93
153.53,225,235.67,312.47
273,1,383.93,222.87
214.33,134.33,293.27,402.07
155.67,298.6,216.47,376.47
247.4,70.333,291.13,130.07
66.067,94.867,148.2,139.67
151.4,1,221.8,91.667
125.8,302.87,195.13,445.8
313.53,1,383.93,59.667
7.4,8.4667,54.333,72.467
126.87,194.07,203.67,440.47
183.4,322.07,250.6,425.53
219.67,15.933,276.2,89.533
66.067,1,146.07,53.267
254.87,101.27,309.27,235.67
140.73,1,238.87,84.2
67.133,1,168.47,138.6
119.4,275.13,228.2,511.93
177,277.27,228.2,343.4
118.33,331.67,167.4,484.2
1,1,214.33,147.13
79.933,62.867,182.33,151.4
219.67,355.13,260.2,418.07
281.53,1,383.93,126.87
283.67,1,383.93,125.8
238.87,26.6,284.73,78.867
232.47,33,280.47,79.933
239.93,305,281.53,370.07
204.73,353,279.4,442.6
135.4,258.07,228.2,461.8
329.53,46.867,383.93,173.8
326.33,380.73,382.87,466.07
41.533,56.467,133.27,125.8
221.8,1,268.73,68.2
259.13,213.27,315.67,315.67
38.333,73.533,202.6,429.8
148.2,407.4,197.27,468.2
260.2,91.667,317.8,194.07
155.67,258.07,212.2,375.4
203.67,311.4,253.8,365.8
228.2,227.13,293.27,373.27
275.13,350.87,328.47,511.93
158.87,275.13,228.2,418.07
115.13,73.533,202.6,230.33
295.4,10.6,364.73,76.733
189.8,43.667,238.87,84.2
271.93,22.333,383.93,257
37.267,1,86.333,77.8
51.133,1,195.13,81
38.333,73.533,202.6,381.8
5.2667,1,62.867,98.067
42.6,82.067,166.33,173.8
1,1,57.533,89.533
242.07,1,289,130.07
309.27,116.2,354.07,165.27
252.73,59.667,295.4,111.93
133.27,407.4,257,511.93
100.2,117.27,166.33,173.8
118.33,307.13,282.6,501.27
151.4,161,193,253.8
254.87,196.2,315.67,315.67
274.07,335.93,318.87,425.53
119.4,425.53,196.2,511.93
135.4,258.07,228.2,418.07
109.8,332.73,155.67,433
67.133,12.733,109.8,104.47
130.07,222.87,188.73,319.93
60.733,1,279.4,91.667
203.67,342.33,298.6,489.53
129,69.267,263.4,465
252.73,59.667,363.67,165.27
142.87,322.07,250.6,501.27
45.8,84.2,197.27,312.47
292.2,284.73,344.47,511.93
113,15.933,189.8,118.33
131.13,60.733,188.73,107.67
325.27,199.4,379.67,454.33
318.87,453.27,383.93,511.93
90.6,337,157.8,511.93
37.267,1,86.333,104.47
135.4,258.07,212.2,461.8
203.67,366.87,305,511.93
334.87,215.4,378.6,359.4
203.67,366.87,307.13,511.93
140.73,1,293.27,139.67
327.4,46.867,383.93,310.33
130.07,264.47,189.8,333.8
233.53,99.133,274.07,139.67
328.47,207.93,378.6,330.6
111.93,366.87,307.13,511.93
155.67,277.27,198.33,354.07
281.53,1,383.93,173.8
40.467,62.867,182.33,151.4
146.07,62.867,203.67,147.13
202.6,237.8,271.93,365.8
140.73,1,238.87,101.27
185.53,93.8,300.73,267.67
97,374.33,147.13,511.93
203.67,305,281.53,371.13
342.33,86.333,383.93,130.07
133.27,209,235.67,312.47
242.07,147.13,307.13,250.6
119.4,426.6,196.2,511.93
283.67,1,383.93,126.87
115.13,123.67,164.2,169.53
318.87,318.87,383.93,511.93
72.467,1,184.47,79.933
219.67,1,293.27,130.07
158.87,82.067,203.67,183.4
327.4,31.933,383.93,125.8
127.93,84.2,197.27,183.4
242.07,101.27,309.27,308.2
306.07,335.93,348.73,421.27
275.13,350.87,328.47,476.73
325.27,428.73,371.13,501.27
51.133,1,114.07,70.333
342.33,94.867,383.93,138.6
130.07,222.87,207.93,348.73
183.4,78.867,262.33,285.8
129,161,193,346.6
137.53,194.07,200.47,301.8
79.933,62.867,202.6,166.33
17,1,265.53,90.6
266.6,227.13,319.93,390.33
227.13,295.4,280.47,374.33
138.6,1,195.13,54.333
87.4,1,158.87,77.8
67.133,52.2,127.93,124.73
151.4,8.4667,214.33,61.8
164.2,322.07,250.6,501.27
314.6,161,383.93,511.93
37.267,1,86.333,65
283.67,1,383.93,121.53
111.93,73.533,202.6,147.13
226.07,1,365.8,86.333
1,1,127.93,104.47
100.2,60.733,188.73,173.8
330.6,199.4,379.67,415.93
38.333,73.533,202.6,230.33
60.733,1,158.87,77.8
151.4,82.067,203.67,253.8
292.2,253.8,344.47,317.8
129,69.267,263.4,387.13
202.6,249.53,243.13,313.53
164.2,322.07,250.6,445.8
154.6,1,265.53,102.33
316.73,415.93,383.93,511.93
219.67,347.67,291.13,489.53
258.07,225,310.33,316.73
5.2667,1,115.13,150.33
328.47,161,383.93,308.2
155.67,275.13,228.2,418.07
230.33,371.13,317.8,511.93
228.2,307.13,293.27,373.27
244.2,371.13,305,449
133.27,407.4,222.87,491.67
5.2667,1,101.27,70.333
38.333,79.933,137.53,173.8
133.27,407.4,203.67,453.27
190.87,123.67,254.87,219.67
342.33,86.333,383.93,141.8
129,209,215.4,387.13
247.4,62.867,293.27,130.07
232.47,347.67,291.13,489.53
161,254.87,202.6,306.07
203.67,347.67,298.6,489.53
72.467,1,268.73,95.933
17,1,141.8,119.4
157.8,295.4,281.53,511.93
66.067,1,155.67,53.267
186.6,1,268.73,92.733
113,1,168.47,81
121.53,62.867,202.6,114.07
61.8,12.733,109.8,104.47
260.2,91.667,317.8,250.6
5.2667,18.067,137.53,173.8
239.93,316.73,281.53,370.07
148.2,438.33,196.2,511.93
111.93,15.933,189.8,118.33
79.933,62.867,182.33,122.6
148.2,457.53,201.53,511.93
273,1,383.93,260.2
331.67,207.93,378.6,330.6
334.87,215.4,378.6,308.2
45.8,84.2,137.53,199.4
157.8,311.4,243.13,445.8
242.07,101.27,313.53,318.87
254.87,196.2,315.67,341.27
149.27,360.47,191.93,445.8
314.6,27.667,366.87,79.933
119.4,457.53,201.53,511.93
275.13,253.8,383.93,511.93
46.867,303.93,135.4,378.6
88.467,43.667,132.2,88.467
327.4,46.867,383.93,173.8
130.07,82.067,201.53,229.27
291.13,141.8,346.6,358.33
55.4,67.133,100.2,111.93
97,98.067,179.13,312.47
135.4,326.33,182.33,454.33
60.733,1,264.47,91.667
325.27,339.13,381.8,502.33
246.33,225,319.93,359.4
309.27,116.2,383.93,201.53
119.4,426.6,159.93,511.93
60.733,1,214.33,147.13
143.93,1,268.73,92.733
219.67,1,279.4,89.533
31.933,1,75.667,42.6
155.67,277.27,228.2,399.93
148.2,277.27,227.13,470.33
138.6,1,244.2,68.2
177,171.67,260.2,330.6
189.8,39.4,238.87,84.2
41.533,57.533,117.27,125.8
67.133,52.2,127.93,138.6
163.13,1,221.8,69.267
222.87,99.133,273,163.13
228.2,134.33,293.27,373.27
290.07,284.73,342.33,511.93
118.33,331.67,159.93,484.2
334.87,67.133,383.93,173.8
153.53,373.27,195.13,435.13
73.533,212.2,183.4,381.8
257,101.27,309.27,194.07
290.07,284.73,340.2,421.27
126.87,414.87,183.4,511.93
148.2,360.47,191.93,470.33
273,1,383.93,202.6
202.6,175.93,267.67,322.07
213.27,358.33,298.6,488.47
133.27,209,215.4,312.47
143.93,1,250.6,84.2
55.4,67.133,124.73,119.4
57.533,72.467,114.07,113
328.47,168.47,378.6,330.6
230.33,423.4,307.13,511.93
257,1,329.53,46.867
90.6,342.33,131.13,433
90.6,342.33,131.13,386.07
282.6,1,365.8,75.667
244.2,1,285.8,58.6
258.07,225,310.33,417
152.47,73.533,202.6,123.67
155.67,277.27,227.13,376.47
137.53,226.07,183.4,301.8
238.87,26.6,293.27,129
292.2,164.2,344.47,421.27
295.4,141.8,337,245.27
141.8,226.07,189.8,310.33
263.4,147.13,307.13,250.6
340.2,292.2,381.8,409.53
145,83.133,200.47,230.33
183.4,450.07,243.13,511.93
141.8,226.07,183.4,294.33
17,1,74.6,52.2
153.53,258.07,207.93,354.07
179.13,435.13,267.67,511.93
161,1,265.53,89.533
331.67,161,383.93,227.13
113,75.667,154.6,118.33
121.53,12.733,184.47,79.933
333.8,145,383.93,301.8
143.93,407.4,197.27,511.93
185.53,136.47,247.4,267.67
126.87,337,174.87,452.2
45.8,84.2,108.73,151.4
47.933,289,138.6,429.8
129,302.87,170.6,362.6
55.4,21.267,101.27,89.533
186.6,441.53,237.8,486.33
158.87,298.6,216.47,376.47
308.2,10.6,364.73,76.733
187.67,36.2,233.53,103.4
290.07,284.73,340.2,511.93
332.73,199.4,379.67,398.87
292.2,459.67,332.73,511.93
116.2,15.933,168.47,81
155.67,258.07,212.2,418.07
171.67,275.13,212.2,321
197.27,69.267,263.4,155.67
290.07,284.73,340.2,461.8
148.2,438.33,196.2,478.87
291.13,164.2,346.6,423.4
202.6,237.8,280.47,370.07
181.27,430.87,238.87,511.93
47.933,289,139.67,433
244.2,366.87,305,449
313.53,1,383.93,79.933
226.07,1,268.73,47.933
88.467,12.733,184.47,88.467
67.133,62.867,182.33,151.4
1,1,52.2,99.133
242.07,139.67,338.07,250.6
175.93,430.87,222.87,491.67
238.87,134.33,293.27,235.67
339.13,67.133,383.93,126.87
296.47,380.73,383.93,511.93
332.73,199.4,376.47,310.33
328.47,197.27,378.6,359.4
113,1,195.13,81
242.07,1,283.67,82.067
260.2,247.4,303.93,377.53
321,244.2,378.6,434.07
213.27,347.67,298.6,489.53
7.4,1,93.8,104.47
151.4,1,226.07,51.133
185.53,93.8,247.4,267.67
161,1,221.8,69.267
79.933,94.867,148.2,139.67
66.067,1,158.87,77.8
165.27,225,215.4,273
76.733,71.4,159.93,124.73
332.73,161,383.93,202.6
260.2,91.667,317.8,165.27
158.87,286.87,227.13,375.4
97,130.07,137.53,174.87
295.4,141.8,341.27,245.27
250.6,225,310.33,316.73
100.2,98.067,166.33,173.8
222.87,99.133,300.73,163.13
111.93,75.667,154.6,151.4
315.67,380.73,383.93,511.93
42.6,82.067,115.13,150.33
238.87,149.27,283.67,218.6
324.2,1,383.93,430.87
188.73,77.8,251.67,242.07
318.87,433,383.93,511.93
55.4,12.733,109.8,104.47
157.8,171.67,260.2,375.4
187.67,43.667,233.53,103.4
115.13,83.133,202.6,230.33
188.73,403.13,238.87,467.13
111.93,75.667,154.6,156.73
66.067,62.867,203.67,147.13
133.27,298.6,229.27,453.27
273,22.333,338.07,73.533
328.47,168.47,378.6,391.4
242.07,101.27,309.27,235.67
257,101.27,339.13,278.33
219.67,40.467,276.2,89.533
227.13,295.4,280.47,370.07
83.133,1,168.47,81
189.8,38.333,238.87,84.2
202.6,175.93,262.33,322.07
79.933,75.667,154.6,122.6
263.4,179.13,306.07,250.6
163.13,356.2,245.27,511.93
221.8,175.93,262.33,322.07
331.67,168.47,378.6,330.6
282.6,1,383.93,73.533
249.53,227.13,291.13,317.8
127.93,212.2,183.4,330.6
232.47,373.27,277.27,413.8
67.133,76.733,121.53,124.73
275.13,253.8,348.73,473.53
7.4,8.4667,67.133,104.47
254.87,100.2,315.67,250.6
143.93,1,268.73,84.2
292.2,1,383.93,121.53
219.67,1,266.6,61.8
263.4,17,383.93,173.8
325.27,445.8,374.33,502.33
297.53,162.07,339.13,327.4
76.733,56.467,127.93,124.73
321,244.2,378.6,358.33
334.87,207.93,378.6,330.6
152.47,459.67,200.47,500.2
124.73,83.133,204.73,230.33
291.13,203.67,346.6,423.4
148.2,407.4,197.27,511.93
157.8,311.4,281.53,445.8
308.2,87.4,363.67,146.07
119.4,134.33,179.13,312.47
226.07,1,285.8,86.333
109.8,337,157.8,440.47
137.53,222.87,188.73,306.07
283.67,1,383.93,59.667
202.6,237.8,271.93,322.07
171.67,258.07,212.2,321
186.6,15.933,265.53,89.533
148.2,84.2,205.8,230.33
258.07,199.4,315.67,316.73
315.67,380.73,382.87,502.33
134.33,264.47,189.8,327.4
46.867,303.93,135.4,456.47
327.4,161,383.93,409.53
183.4,322.07,279.4,442.6
5.2667,9.5333,62.867,98.067
45.8,84.2,197.27,199.4
241,363.67,310.33,511.93
90.6,1,184.47,79.933
258.07,139.67,340.2,417
238.87,316.73,282.6,369
257,101.27,309.27,161
217.53,431.93,277.27,511.93
110.87,62.867,202.6,139.67
241,363.67,325.27,511.93
309.27,116.2,383.93,177
241,385,307.13,511.93
134.33,60.733,188.73,107.67
175.93,69.267,263.4,219.67
244.2,363.67,298.6,489.53
337,318.87,382.87,446.87
157.8,298.6,229.27,375.4
141.8,251.67,189.8,310.33
179.13,366.87,305,511.93
130.07,259.13,207.93,383.93
111.93,414.87,159.93,511.93
171.67,436.2,257,511.93
134.33,226.07,189.8,327.4
259.13,385,325.27,489.53
202.6,185.53,261.27,313.53
334.87,67.133,383.93,157.8
207.93,344.47,251.67,386.07
199.4,78.867,258.07,154.6
290.07,284.73,340.2,462.87
130.07,259.13,207.93,348.73
186.6,239.93,235.67,290.07
203.67,435.13,267.67,506.6
259.13,391.4,306.07,477.8
79.933,75.667,154.6,119.4
204.73,355.13,279.4,442.6
151.4,1,229.27,91.667
332.73,248.47,378.6,358.33
308.2,86.333,363.67,146.07
97,130.07,179.13,312.47
125.8,302.87,170.6,445.8
316.73,453.27,383.93,511.93
129,269.8,189.8,362.6
185.53,77.8,267.67,313.53
299.67,139.67,340.2,186.6
242.07,1,289,46.867
71.4,52.2,115.13,97
241,454.33,310.33,511.93
175.93,422.33,222.87,491.67
175.93,123.67,254.87,219.67
100.2,1,158.87,77.8
316.73,449,383.93,511.93
204.73,307.13,282.6,442.6
314.6,339.13,383.93,511.93
334.87,109.8,383.93,157.8
250.6,225,319.93,359.4
186.6,249.53,235.67,290.07
111.93,414.87,157.8,511.93
135.4,258.07,207.93,409.53
277.27,59.667,383.93,201.53
264.47,104.47,363.67,165.27
241,227.13,291.13,317.8
183.4,363.67,239.93,425.53
226.07,42.6,275.13,86.333
5.2667,1,52.2,99.133
328.47,161,378.6,359.4
254.87,108.73,315.67,250.6
283.67,1,383.93,146.07
133.27,373.27,195.13,453.27
187.67,36.2,251.67,152.47
252.73,59.667,294.33,102.33
228.2,316.73,282.6,369
178.07,360.47,260.2,467.13
67.133,30.867,109.8,104.47
121.53,8.4667,214.33,61.8
67.133,52.2,121.53,124.73
202.6,227.13,246.33,313.53
203.67,435.13,267.67,511.93
292.2,219.67,344.47,421.27
338.07,28.733,383.93,121.53
151.4,1,264.47,91.667
189.8,15.933,265.53,89.533
164.2,322.07,250.6,491.67
133.27,209,194.07,312.47
171.67,441.53,237.8,501.27
273,1,383.93,201.53
133.27,407.4,222.87,477.8
188.73,403.13,260.2,467.13
342.33,437.27,382.87,488.47
327.4,292.2,381.8,409.53
277.27,59.667,345.53,114.07
230.33,15.933,273,56.467
338.07,28.733,383.93,79.933
332.73,199.4,376.47,247.4
121.53,11.667,168.47,53.267
328.47,1,383.93,46.867
268.73,252.73,310.33,316.73
296.47,465,377.53,511.93
277.27,59.667,345.53,134.33
24.467,1,74.6,51.133
189.8,29.8,236.73,74.6
67.133,52.2,115.13,97
183.4,419.13,257,511.93
178.07,311.4,243.13,442.6
213.27,408.47,260.2,454.33
313.53,1,383.93,126.87
73.533,303.93,135.4,369
5.2667,9.5333,52.2,99.133
335.93,390.33,381.8,447.93
324.2,1,383.93,105.53
324.2,1,383.93,177
140.73,1,221.8,54.333
273,22.333,365.8,76.733
86.333,303.93,135.4,367.93
237.8,1,285.8,58.6
298.6,253.8,344.47,317.8
219.67,15.933,265.53,89.533
185.53,77.8,251.67,267.67
316.73,27.667,365.8,76.733
331.67,197.27,378.6,359.4
178.07,360.47,220.73,442.6
94.867,130.07,137.53,199.4
269.8,1,365.8,76.733
264.47,108.73,315.67,250.6
282.6,1,338.07,53.267
328.47,215.4,378.6,308.2
163.13,1,221.8,54.333
190.87,123.67,254.87,211.13
282.6,61.8,345.53,114.07
51.133,1,101.27,70.333
135.4,340.2,175.93,387.13
178.07,375.4,220.73,442.6
315.67,426.6,374.33,502.33
170.6,8.4667,214.33,60.733
252.73,59.667,345.53,114.07
273,14.867,338.07,73.533
241,437.27,310.33,511.93
182.33,311.4,243.13,442.6
293.27,289,340.2,421.27
326.33,380.73,381.8,447.93
335.93,339.13,381.8,447.93
308.2,87.4,363.67,137.53
244.2,369,291.13,489.53
186.6,311.4,243.13,393.53
202.6,259.13,243.13,313.53
