142.66,117.99,459.4,273.17
36.812,137.88,160.96,259.65
1,1,482.48,382.2
11.346,1,512.72,382.2
8.9583,117.99,406.08,270.79
1,190.41,469.75,382.2
1,1,512.72,382.2
8.9583,122.76,406.08,270.79
39.2,124.35,349.57,265.22
1,1,422.79,382.2
1,1,426.77,172.1
11.346,117.99,459.4,273.17
1,1,201.55,262.03
188.02,132.31,250.1,264.42
469.75,250.89,512.72,382.2
1,1,444.28,382.2
39.2,92.521,512.72,273.17
36.812,117.99,410.06,265.22
398.92,1,512.72,382.2
12.142,117.99,435.52,270.79
428.36,1,512.72,168.92
32.833,229.4,469.75,382.2
8.9583,110.03,412.45,266.81
340.02,1,512.72,382.2
447.46,1,512.72,382.2
281.13,192,352.76,264.42
12.142,117.99,410.06,265.22
460.2,176.88,512.72,249.3
1,121.97,480.09,382.2
12.142,117.99,426.77,266.01
1,1,469.75,382.2
11.346,92.521,512.72,273.17
36.812,117.99,426.77,265.22
258.05,92.521,512.72,273.17
1,98.092,459.4,273.17
239.75,124.35,309.78,263.62
1,190.41,313.76,382.2
1,1,492.82,382.2
398.12,1,512.72,168.12
1,188.82,480.09,382.2
12.142,1,512.72,382.2
1,117.99,406.08,382.2
391.75,279.54,439.5,344.8
1,1,413.24,240.55
347.19,1,512.72,382.2
1,1,439.5,382.2
408.47,1,512.72,382.2
1,1,435.52,270.79
400.51,264.42,481.68,382.2
421.2,264.42,481.68,320.13
433.14,28.854,512.72,138.68
154.6,129.13,258.85,264.42
12.142,153.8,98.887,246.91
403.69,1,512.72,382.2
376.63,264.42,482.48,382.2
1,1,429.95,257.26
36.812,136.29,195.98,262.83
440.3,325.7,512.72,382.2
43.975,165.74,250.1,264.42
392.55,1,512.72,382.2
433.14,1,512.72,152.21
36.812,124.35,352.76,264.42
1,1,459.4,273.17
36.812,120.37,410.06,265.22
8.9583,1,512.72,382.2
1,200.75,363.9,382.2
1,188.82,439.5,382.2
36.812,121.97,353.55,264.42
376.63,1,512.72,382.2
1,186.43,482.48,382.2
1,1,436.32,382.2
60.687,214.28,406.08,270.79
425.97,1,489.64,116.4
432.34,28.058,512.72,140.27
1,1,201.55,173.7
1,186.43,444.28,382.2
446.67,1,488.85,115.6
11.346,98.092,459.4,273.17
352.76,139.47,407.67,258.05
1,1,429.95,268.4
419.61,246.12,512.72,382.2
429.95,1,512.72,231.79
12.142,117.99,426.77,265.22
197.57,190.41,241.34,242.14
245.32,70.237,405.28,129.92
147.43,1,431.55,136.29
410.06,110.03,500.78,269.99
147.43,1,425.97,127.54
347.98,119.58,404.49,262.83
398.92,304.21,468.95,382.2
11.346,92.521,512.72,382.2
241.34,128.33,293.87,174.49
1,1,492.82,262.03
440.3,246.12,512.72,382.2
142.66,129.13,292.27,246.91
411.65,129.13,512.72,284.32
276.36,133.9,354.35,265.22
1,1,201.55,171.31
447.46,1,488.85,115.6
463.38,1,512.72,149.82
468.95,39.2,512.72,83.767
410.06,118.78,480.09,188.82
145.84,156.98,353.55,266.01
369.47,117.99,421.2,219.06
413.24,162.55,485.66,284.32
398.12,1,512.72,382.2
36.017,1,431.55,160.17
1,186.43,409.26,382.2
8.9583,123.56,350.37,265.22
340.02,262.83,482.48,382.2
415.63,187.22,497.6,264.42
1,1,431.55,262.03
402.9,1,512.72,382.2
433.14,28.058,512.72,138.68
247.71,124.35,352.76,264.42
355.15,117.99,459.4,273.17
347.98,119.58,401.3,262.83
410.06,93.317,512.72,269.99
463.38,1,512.72,143.45
151.41,124.35,352.76,264.42
423.59,1,483.27,121.17
36.017,121.97,353.55,264.42
242.93,157.78,288.3,202.35
347.19,89.337,444.28,265.22
1,154.6,94.112,262.03
465.77,234.18,512.72,382.2
11.346,135.5,199.16,262.83
39.996,116.4,412.45,266.01
8.9583,123.56,406.08,270.79
392.55,1,512.72,263.62
410.06,1,512.72,382.2
453.83,141.86,512.72,382.2
12.142,129.13,311.38,266.01
145.84,140.27,353.55,266.81
340.02,262.83,480.09,382.2
419.61,285.11,471.34,350.37
459.4,174.49,512.72,382.2
258.05,124.35,353.55,266.01
1,110.03,110.03,257.26
340.02,1,500.78,382.2
376.63,265.22,480.09,382.2
447.46,1,512.72,139.47
469.75,312.17,512.72,382.2
355.15,181.65,407.67,250.1
460.2,206.32,512.72,382.2
213.49,124.35,346.39,260.44
402.9,1,512.72,153
39.2,124.35,346.39,265.22
429.95,185.63,512.72,263.62
340.02,1,500.78,269.99
356.74,1,438.71,123.56
416.42,1,512.72,382.2
428.36,1,488.85,120.37
147.43,1,425.97,136.29
472.13,312.17,512.72,382.2
407.67,110.03,502.37,188.82
400.51,250.89,512.72,382.2
1,1,429.95,172.1
415.63,188.82,503.97,264.42
247.71,124.35,351.17,262.03
129.13,1,413.24,136.29
408.47,89.337,498.4,265.22
34.425,1,83.767,42.383
437.12,234.18,512.72,382.2
392.55,1,484.07,121.17
360.72,1,512.72,382.2
415.63,187.22,497.6,266.01
39.996,116.4,412.45,266.81
301.82,164.15,349.57,261.24
1,200.75,436.32,382.2
472.13,250.89,512.72,382.2
166.53,157.78,208.71,247.71
100.48,254.87,436.32,303.42
36.812,117.99,414.04,265.22
355.15,118.78,409.26,266.81
199.16,156.98,245.32,250.1
411.65,154.6,512.72,382.2
402.9,264.42,481.68,382.2
222.24,117.99,435.52,270.79
355.15,117.99,417.22,266.81
460.2,189.61,512.72,382.2
467.36,1,512.72,143.45
12.142,129.13,301.82,262.03
411.65,156.19,512.72,382.2
423.59,1,512.72,153
152.21,1,413.24,125.95
453.83,168.12,512.72,220.65
147.43,1,492.82,136.29
407.67,92.521,512.72,263.62
409.26,265.22,480.09,380.61
103.66,214.28,156.19,257.26
36.812,136.29,208.71,262.83
36.812,137.88,158.57,259.65
244.52,153,294.66,262.03
355.15,223.04,459.4,273.17
408.47,89.337,512.72,265.22
414.83,265.22,480.09,382.2
470.54,251.69,512.72,359.12
468.95,1,512.72,114.01
408.47,89.337,503.97,265.22
398.92,264.42,488.85,382.2
247.71,124.35,344,262.03
340.02,121.17,402.1,255.67
469.75,44.771,512.72,139.47
151.41,129.13,258.85,264.42
242.93,120.37,410.06,265.22
39.996,121.17,405.28,266.01
117.19,98.092,398.92,228.61
1,188.82,408.47,382.2
308.99,121.97,353.55,218.26
441.1,160.17,512.72,355.15
142.66,124.35,353.55,266.81
8.9583,135.5,299.44,265.22
141.86,136.29,201.55,262.03
469.75,1,512.72,55.912
1,1,201.55,268.4
250.1,127.54,344,262.03
347.19,120.37,404.49,265.22
1,110.03,111.62,257.26
11.346,143.45,119.58,248.5
411.65,156.19,484.07,212.69
465.77,307.4,512.72,372.65
246.91,265.22,408.47,382.2
469.75,53.525,512.72,143.45
357.53,184.84,407.67,250.1
400.51,272.38,468.95,382.2
429.16,236.57,512.72,382.2
405.28,1,512.72,382.2
345.6,117.99,421.2,219.06
11.346,98.092,398.92,248.5
43.975,149.02,299.44,265.22
350.37,117.99,421.2,219.06
424.38,1,512.72,249.3
414.04,188.82,512.72,263.62
414.83,264.42,481.68,320.13
23.283,157.78,101.27,248.5
347.98,117.99,459.4,273.17
356.74,1,492.82,123.56
36.812,123.56,350.37,264.42
1,1,431.55,273.17
347.19,89.337,512.72,284.32
460.2,203.14,512.72,382.2
191.2,123.56,350.37,264.42
347.98,92.521,512.72,273.17
460.2,285.11,512.72,382.2
398.12,1,512.72,172.9
398.92,264.42,480.09,382.2
293.87,124.35,347.19,203.14
117.19,98.092,398.92,143.45
402.9,264.42,486.46,382.2
172.1,131.52,236.57,245.32
469.75,236.57,512.72,382.2
1,1,190.41,171.31
457.01,1,512.72,153
411.65,154.6,480.09,243.73
246.91,289.09,288.3,349.57
350.37,120.37,404.49,228.61
43.975,135.5,199.16,262.83
460.2,190.41,512.72,237.36
151.41,1,422.79,135.5
354.35,262.03,480.09,382.2
402.9,308.99,451.44,382.2
198.37,200.75,254.87,264.42
103.66,137.88,172.1,262.03
432.34,24.079,512.72,168.92
107.64,163.35,160.96,262.03
414.04,188.82,507.15,263.62
433.14,1,512.72,138.68
301.82,168.92,354.35,265.22
259.65,143.45,353.55,266.01
198.37,167.33,239.75,237.36
53.525,137.88,189.61,262.03
8.9583,160.17,52.729,242.14
418.02,188.82,503.97,261.24
43.975,165.74,295.46,265.22
405.28,163.35,459.4,273.17
407.67,1,512.72,263.62
102.87,136.29,197.57,202.35
470.54,251.69,512.72,382.2
121.97,199.16,188.82,262.03
43.975,180.06,94.112,246.91
12.142,131.52,243.73,246.91
48.75,131.52,243.73,199.96
213.49,129.13,292.27,246.91
429.95,59.096,512.72,168.92
246.91,263.62,469.75,382.2
355.15,148.23,403.69,241.34
447.46,39.996,512.72,139.47
153,92.521,356.74,136.29
433.14,158.57,512.72,233.38
55.117,110.82,112.42,154.6
121.97,199.16,189.61,262.03
1,190.41,439.5,382.2
415.63,220.65,497.6,262.83
347.98,119.58,402.1,262.83
65.462,195.18,311.38,266.01
100.48,254.87,482.48,382.2
433.14,158.57,512.72,237.36
356.74,180.06,406.08,250.89
408.47,88.542,480.09,262.03
408.47,89.337,483.27,265.22
11.346,124.35,299.44,248.5
103.66,137.88,158.57,185.63
241.34,117.99,435.52,270.79
65.462,139.47,113.21,245.32
88.542,246.12,480.09,382.2
241.34,124.35,352.76,264.42
36.812,139.47,113.21,247.71
151.41,156.19,192,231.79
355.15,139.47,407.67,258.05
8.9583,136.29,197.57,242.14
425.18,1,482.48,121.17
239.75,125.15,301.03,263.62
429.95,188.82,507.15,263.62
1,1,201.55,264.42
1,1,201.55,172.1
39.996,143.45,124.35,261.24
429.95,1,484.07,116.4
250.1,127.54,350.37,262.03
121.97,199.16,175.29,262.03
351.96,140.27,406.88,259.65
340.02,258.05,492.82,382.2
398.12,1,488.85,122.76
8.9583,141.07,111.62,242.14
414.83,319.33,470.54,382.2
36.812,124.35,312.97,264.42
340.02,110.03,500.78,269.99
410.06,110.03,500.78,188.82
36.812,153,102.07,247.71
36.017,1,413.24,160.17
429.95,1,512.72,249.3
398.92,292.27,461.79,382.2
8.9583,154.6,52.729,195.18
246.91,153,301.82,262.03
428.36,1,512.72,120.37
1,157.78,358.33,296.25
90.133,249.3,358.33,296.25
347.19,89.337,512.72,382.2
1,1,422.79,172.1
467.36,1,512.72,129.13
418.02,188.82,481.68,255.67
39.2,143.45,119.58,226.22
116.4,138.68,160.96,229.4
469.75,282.72,512.72,355.15
347.19,120.37,410.06,265.22
100.48,254.87,444.28,382.2
376.63,89.337,512.72,382.2
47.158,110.03,110.03,159.37
98.092,137.88,156.98,255.67
43.975,177.67,92.521,246.91
411.65,129.13,498.4,172.9
415.63,265.22,480.09,379.02
1,157.78,363.9,382.2
186.43,131.52,243.73,204.73
351.17,158.57,407.67,259.65
68.646,129.13,301.82,262.03
36.017,18.508,201.55,160.17
436.32,1,492.82,114.8
68.646,138.68,160.96,260.44
153.8,135.5,199.16,225.42
1,171.31,91.725,264.42
1,1,190.41,273.17
467.36,20.1,512.72,129.13
356.74,1,431.55,123.56
443.48,74.217,488.85,118.78
241.34,128.33,293.07,184.04
198.37,169.72,239.75,237.36
250.1,144.25,295.46,249.3
58.3,137.88,149.82,182.45
436.32,1,487.25,115.6
460.2,174.49,512.72,382.2
160.96,202.35,202.35,257.26
407.67,110.03,488.05,188.82
405.28,69.442,485.66,129.92
467.36,1,512.72,149.82
68.646,174.49,137.09,259.65
134.7,94.908,401.3,136.29
468.95,1,512.72,91.725
235.77,126.74,286.7,242.93
472.13,250.89,512.72,347.98
301.03,121.17,405.28,266.01
462.58,262.83,512.72,355.15
100.48,254.87,436.32,382.2
302.62,127.54,346.39,245.32
191.2,126.74,286.7,242.93
292.27,124.35,346.39,264.42
418.02,185.63,484.87,255.67
88.542,246.12,376.63,296.25
104.46,149.82,148.23,231
193.59,145.84,295.46,265.22
432.34,24.079,512.72,225.42
340.02,116.4,405.28,255.67
404.49,265.22,480.09,380.61
402.1,89.337,444.28,264.42
355.15,118.78,406.88,241.34
351.96,139.47,410.06,262.83
355.15,117.99,409.26,266.81
151.41,167.33,238.16,257.26
460.2,227.81,512.72,382.2
443.48,46.362,512.72,118.78
445.87,1,488.85,114.01
154.6,131.52,236.57,257.26
415.63,188.82,497.6,262.83
414.04,185.63,512.72,382.2
467.36,24.079,512.72,143.45
415.63,162.55,472.13,229.4
355.94,117.99,407.67,261.24
244.52,117.99,414.04,265.22
36.812,153.8,98.887,246.91
407.67,272.38,464.17,357.53
244.52,133.9,354.35,265.22
244.52,121.17,373.45,265.22
246.91,262.03,439.5,382.2
198.37,182.45,238.95,231
188.02,126.74,294.66,264.42
8.9583,110.03,198.37,242.14
12.142,140.27,110.82,242.14
436.32,68.646,485.66,114.8
142.66,124.35,347.19,260.44
375.84,262.03,439.5,382.2
193.59,161.76,237.36,218.26
447.46,1,491.23,114.01
23.283,124.35,299.44,248.5
151.41,182.45,238.16,257.26
453.83,168.12,512.72,382.2
193.59,145.84,299.44,265.22
198.37,182.45,239.75,237.36
376.63,89.337,512.72,265.22
129.13,184.04,191.2,262.03
352.76,139.47,408.47,260.44
460.2,190.41,512.72,249.3
297.05,163.35,349.57,261.24
419.61,285.11,471.34,330.47
103.66,214.28,172.1,262.03
410.06,93.317,512.72,382.2
43.975,164.94,124.35,261.24
142.66,131.52,243.73,227.02
414.83,319.33,470.54,374.25
356.74,176.88,406.08,250.89
241.34,125.15,301.03,226.22
11.346,157.78,55.912,242.14
433.14,1,512.72,153.8
415.63,188.82,500.78,262.03
367.08,117.99,409.26,249.3
358.33,180.86,408.47,260.44
8.9583,110.03,118.78,242.14
1,156.98,98.887,257.26
101.27,164.94,142.66,231.79
419.61,285.11,471.34,336.05
351.96,139.47,408.47,260.44
145.84,147.43,190.41,224.63
240.55,128.33,293.07,263.62
44.771,131.52,243.73,199.96
53.525,137.88,189.61,262.83
195.98,202.35,299.44,265.22
410.06,88.542,451.44,156.19
301.03,214.28,353.55,266.01
78.196,176.88,139.47,262.83
301.82,194.39,350.37,245.32
145.84,165.74,353.55,266.01
291.48,124.35,346.39,260.44
103.66,172.9,156.19,257.26
199.16,158.57,245.32,250.1
446.67,1,489.64,115.6
410.06,220.65,452.24,269.99
298.64,127.54,349.57,252.48
407.67,92.521,512.72,228.61
445.07,12.142,485.66,114.8
409.26,301.82,470.54,379.02
409.26,264.42,482.48,380.61
145.84,156.98,353.55,266.81
192.8,158.57,238.16,215.88
413.24,168.92,472.13,246.12
415.63,210.3,500.78,262.03
411.65,160.17,512.72,228.61
250.1,133.9,308.99,264.42
421.2,188.82,490.44,262.03
354.35,262.03,414.83,355.15
86.95,18.508,201.55,152.21
301.82,149.82,350.37,245.32
414.04,249.3,486.46,333.66
128.33,136.29,195.98,187.22
347.98,117.99,417.22,266.81
468.95,19.304,512.72,91.725
470.54,307.4,512.72,355.15
347.98,119.58,406.08,264.42
398.92,187.22,497.6,382.2
301.82,164.94,347.19,245.32
436.32,1,491.23,114.8
410.06,110.03,500.78,242.14
36.812,153,106.05,245.32
36.812,137.88,189.61,262.83
191.2,124.35,346.39,264.42
408.47,88.542,467.36,195.18
354.35,262.03,439.5,382.2
301.82,164.15,347.19,245.32
151.41,1,422.79,123.56
429.95,1,512.72,228.61
23.283,135.5,199.16,248.5
429.95,188.82,512.72,263.62
358.33,146.64,402.1,207.12
400.51,265.22,480.09,382.2
193.59,145.84,247.71,256.46
470.54,219.85,512.72,382.2
36.812,137.09,199.96,259.65
36.812,137.88,156.19,259.65
405.28,184.84,459.4,273.17
408.47,89.337,472.93,264.42
291.48,124.35,347.19,260.44
36.017,18.508,201.55,152.21
53.525,137.88,172.1,262.03
463.38,1,512.72,138.68
410.06,93.317,512.72,188.82
241.34,125.15,301.03,174.49
36.812,129.13,254.87,261.24
429.95,286.7,472.13,333.66
347.98,119.58,402.1,264.42
293.87,117.99,421.2,219.06
145.84,129.13,254.87,261.24
36.812,126.74,293.07,264.42
428.36,46.362,512.72,120.37
434.73,185.63,491.23,228.61
410.06,58.3,503.97,156.19
145.84,147.43,244.52,260.44
98.092,173.7,139.47,233.38
242.93,165.74,283.52,214.28
414.04,185.63,486.46,333.66
199.16,156.98,245.32,247.71
142.66,136.29,197.57,227.02
460.2,190.41,512.72,233.38
36.812,136.29,169.72,259.65
428.36,1,492.82,120.37
249.3,153,291.48,228.61
401.3,299.44,442.69,363.9
453.03,93.317,512.72,168.92
39.2,137.88,156.98,226.22
411.65,156.19,502.37,262.03
414.83,264.42,481.68,330.47
354.35,262.03,470.54,382.2
43.975,164.94,191.2,262.83
347.98,70.237,401.3,121.17
302.62,127.54,344,193.59
411.65,156.19,512.72,370.27
436.32,224.63,512.72,281.93
301.82,167.33,350.37,245.32
36.812,154.6,88.542,230.2
471.34,234.18,512.72,340.02
148.23,167.33,244.52,260.44
340.02,116.4,412.45,264.42
118.78,141.07,168.12,232.59
1,154.6,52.729,241.34
241.34,117.99,421.2,219.06
429.16,250.89,512.72,382.2
151.41,149.02,192,231.79
68.646,172.1,155.39,259.65
36.812,126.74,293.07,263.62
411.65,156.19,484.07,262.03
246.91,153,291.48,228.61
438.71,1,484.07,94.112
470.54,234.97,512.72,382.2
129.13,1,429.95,136.29
195.98,224.63,299.44,265.22
102.87,136.29,197.57,212.69
55.117,110.82,113.21,157.78
145.84,129.13,301.82,262.03
433.14,158.57,512.72,229.4
429.16,261.24,492.82,382.2
32.833,229.4,361.51,297.05
97.296,137.88,158.57,259.65
247.71,157.78,304.21,246.91
151.41,143.45,194.39,231.79
469.75,53.525,512.72,129.13
92.521,249.3,376.63,296.25
436.32,1,488.85,115.6
422,320.92,470.54,379.02
467.36,24.079,512.72,129.13
97.296,137.88,158.57,233.38
436.32,229.4,512.72,281.93
193.59,145.84,240.55,240.55
39.2,124.35,346.39,260.44
408.47,20.896,512.72,382.2
250.1,168.92,304.21,246.91
249.3,224.63,300.23,265.22
398.92,264.42,468.95,382.2
156.98,165.74,353.55,266.01
39.996,124.35,346.39,264.42
410.06,156.98,496.8,269.99
440.3,1,491.23,114.01
459.4,211.1,512.72,382.2
152.21,131.52,243.73,204.73
410.06,153,477.7,269.99
413.24,162.55,512.72,284.32
1,111.62,112.42,240.55
467.36,49.546,512.72,143.45
107.64,163.35,195.98,262.83
301.03,163.35,349.57,261.24
302.62,127.54,344,181.65
435.52,1,488.85,115.6
259.65,124.35,353.55,266.01
98.092,137.88,156.98,225.42
436.32,227.81,512.72,281.93
1,1,201.55,240.55
48.75,137.88,149.82,199.96
354.35,263.62,439.5,324.9
156.98,165.74,250.1,264.42
301.82,168.92,349.57,254.87
415.63,220.65,497.6,262.03
432.34,24.079,512.72,140.27
422,286.7,472.13,333.66
415.63,210.3,485.66,258.05
112.42,136.29,177.67,202.35
340.02,121.17,405.28,255.67
301.82,185.63,347.98,254.87
407.67,92.521,512.72,188.82
1,145.05,53.525,234.97
43.975,137.88,191.2,262.83
53.525,139.47,113.21,245.32
192.8,167.33,236.57,215.88
467.36,24.079,512.72,104.46
112.42,136.29,195.98,187.22
304.21,140.27,346.39,203.14
43.975,165.74,262.03,265.22
11.346,143.45,119.58,242.14
129.13,94.908,401.3,136.29
244.52,121.17,408.47,265.22
36.812,153,102.07,230.2
468.95,4.9792,512.72,139.47
433.14,160.17,512.72,229.4
53.525,139.47,113.21,246.91
242.93,165.74,283.52,226.22
410.06,180.06,452.24,269.99
358.33,160.96,402.1,207.12
128.33,136.29,169.72,187.22
362.31,117.99,407.67,261.24
154.6,135.5,199.16,219.85
355.94,148.23,402.1,208.71
356.74,140.27,406.08,250.89
350.37,120.37,400.51,227.81
43.975,176.88,191.2,262.83
415.63,200.75,500.78,262.03
359.92,208.71,404.49,262.03
36.812,153.8,85.358,245.32
440.3,332.07,512.72,382.2
199.96,129.13,258.85,264.42
410.06,93.317,512.72,266.01
468.95,1,512.72,139.47
8.9583,135.5,199.16,242.14
99.683,210.3,151.41,255.67
413.24,210.3,485.66,284.32
470.54,227.81,512.72,382.2
43.975,149.02,208.71,262.83
462.58,285.11,512.72,355.15
436.32,12.142,487.25,115.6
464.17,160.96,512.72,225.42
445.07,160.96,512.72,228.61
129.13,70.237,405.28,136.29
425.18,1,488.85,120.37
367.08,118.78,412.45,264.42
241.34,117.99,421.2,265.22
248.5,176.08,289.09,216.67
418.02,217.47,503.97,261.24
36.812,126.74,254.87,261.24
103.66,141.07,172.1,262.03
402.9,264.42,482.48,382.2
191.2,132.31,234.18,204.73
356.74,116.4,402.9,190.41
415.63,187.22,497.6,262.83
347.98,119.58,404.49,264.42
199.16,158.57,245.32,247.71
198.37,129.13,258.85,264.42
433.14,160.17,512.72,228.61
376.63,301.82,418.81,382.2
360.72,184.84,407.67,250.1
1,157.78,91.725,264.42
422,320.92,470.54,382.2
356.74,140.27,406.88,250.89
164.15,165.74,250.1,264.42
301.82,164.94,343.21,215.08
36.812,137.09,195.98,259.65
469.75,32.037,512.72,139.47
472.13,250.89,512.72,362.31
43.975,176.88,139.47,262.83
429.95,93.317,512.72,228.61
398.92,286.7,468.95,382.2
144.25,137.09,195.98,258.85
56.708,111.62,112.42,153
129.13,149.02,191.2,262.83
438.71,1,482.48,115.6
413.24,210.3,485.66,265.22
68.646,172.1,160.17,260.44
468.95,4.1833,512.72,91.725
301.82,149.82,351.17,254.87
262.03,289.09,305.01,349.57
242.93,127.54,350.37,262.03
42.383,153.8,98.887,206.32
340.02,262.83,436.32,382.2
39.996,143.45,139.47,261.24
465.77,234.18,512.72,372.65
415.63,264.42,482.48,379.02
459.4,335.25,512.72,382.2
129.13,165.74,250.1,264.42
36.812,129.13,258.85,264.42
192.8,129.13,258.85,264.42
141.86,131.52,222.24,262.03
469.75,53.525,512.72,104.46
414.04,168.92,512.72,382.2
441.1,195.18,512.72,355.15
43.975,178.47,124.35,261.24
429.95,188.82,507.15,246.91
97.296,149.02,195.98,262.83
39.996,143.45,195.98,262.83
101.27,174.49,145.05,234.18
363.1,210.3,405.28,262.03
142.66,124.35,346.39,260.44
247.71,127.54,350.37,262.03
247.71,157.78,289.89,216.67
440.3,246.12,512.72,355.15
355.15,139.47,405.28,192
375.84,301.82,470.54,382.2
355.15,139.47,407.67,250.1
86.95,22.487,201.55,152.21
245.32,224.63,353.55,266.01
168.12,131.52,222.24,245.32
462.58,246.12,512.72,355.15
298.64,127.54,347.19,252.48
36.812,153,88.542,230.2
416.42,265.22,480.09,333.66
102.87,136.29,197.57,206.32
354.35,262.03,439.5,355.15
110.82,136.29,197.57,202.35
447.46,1,512.72,145.05
43.975,184.04,93.317,246.91
449.05,1,491.23,70.237
188.02,126.74,290.68,264.42
437.12,224.63,512.72,382.2
101.27,174.49,141.86,224.63
68.646,174.49,155.39,259.65
415.63,210.3,500.78,258.05
355.15,139.47,403.69,191.2
432.34,20.896,512.72,225.42
414.83,264.42,481.68,382.2
36.812,124.35,302.62,264.42
415.63,220.65,489.64,262.03
301.82,164.15,343.21,215.08
249.3,224.63,353.55,266.01
141.86,129.13,258.85,264.42
191.2,132.31,242.93,226.22
98.092,171.31,141.07,225.42
277.15,262.03,434.73,382.2
411.65,156.19,512.72,355.15
1,169.72,98.887,257.26
355.15,181.65,400.51,227.02
392.55,1,438.71,117.99
298.64,127.54,346.39,245.32
213.49,129.13,258.85,264.42
402.9,301.82,452.24,382.2
356.74,140.27,403.69,181.65
407.67,110.03,491.23,188.82
14.529,136.29,197.57,242.14
445.87,1,488.85,114.8
101.27,174.49,145.05,232.59
351.96,140.27,435.52,270.79
43.975,171.31,141.07,262.83
302.62,137.09,346.39,243.73
246.91,153,296.25,252.48
411.65,160.96,480.09,243.73
392.55,1,441.89,121.17
101.27,174.49,141.86,219.85
302.62,164.15,343.21,222.24
459.4,211.1,512.72,345.6
101.27,174.49,156.19,254.87
129.13,211.1,191.2,262.83
241.34,128.33,293.07,174.49
9.7542,110.03,110.03,184.84
402.9,265.22,480.09,382.2
53.525,139.47,139.47,245.32
48.75,131.52,240.55,199.96
247.71,167.33,289.09,216.67
405.28,223.04,459.4,273.17
410.06,118.78,512.72,188.82
199.96,206.32,258.85,264.42
429.95,69.442,485.66,129.92
39.996,116.4,405.28,266.01
188.02,132.31,234.18,247.71
347.19,120.37,403.69,265.22
239.75,123.56,350.37,263.62
106.05,149.82,148.23,231
278.75,124.35,346.39,264.42
409.26,301.82,470.54,382.2
354.35,263.62,434.73,324.9
410.85,308.99,469.75,382.2
468.95,28.058,512.72,91.725
188.02,126.74,269.2,264.42
151.41,167.33,244.52,260.44
129.13,215.88,191.2,262.83
43.975,180.06,95.704,246.91
459.4,223.83,512.72,345.6
151.41,1,429.95,135.5
413.24,168.92,483.27,265.22
153,94.908,401.3,135.5
44.771,184.04,92.521,246.91
356.74,146.64,405.28,262.03
347.98,1,431.55,122.76
246.91,262.03,434.73,382.2
356.74,116.4,402.9,180.06
32.833,232.59,113.21,273.17
469.75,28.854,512.72,78.196
429.95,221.45,507.15,263.62
409.26,264.42,466.56,324.9
472.13,339.23,512.72,382.2
410.06,58.3,512.72,168.12
145.84,147.43,189.61,224.63
12.142,153,63.871,242.14
246.91,124.35,346.39,264.42
462.58,285.11,512.72,382.2
445.07,93.317,512.72,228.61
398.92,273.17,468.95,382.2
97.296,184.04,156.98,262.03
302.62,164.15,346.39,245.32
144.25,136.29,197.57,202.35
354.35,263.62,415.63,324.9
408.47,20.896,512.72,262.03
410.06,156.98,452.24,269.99
12.142,167.33,52.729,242.14
247.71,157.78,289.89,207.92
250.1,168.92,304.21,262.03
246.91,153,291.48,246.12
198.37,200.75,242.14,244.52
36.812,153,88.542,247.71
145.84,147.43,188.02,224.63
411.65,156.19,484.07,258.05
246.91,153,294.66,262.03
413.24,163.35,480.09,243.73
14.529,143.45,118.78,242.14
198.37,129.13,254.87,261.24
415.63,162.55,472.13,217.47
97.296,149.02,191.2,262.83
301.82,168.92,347.98,254.87
201.55,133.9,242.93,215.88
467.36,1,512.72,50.342
293.87,124.35,344,193.59
463.38,9.7542,512.72,138.68
153.8,157.78,199.96,257.26
356.74,210.3,405.28,262.03
472.13,319.33,512.72,382.2
39.996,126.74,294.66,264.42
410.06,153,452.24,269.99
468.95,28.058,512.72,83.767
241.34,124.35,302.62,184.04
36.812,154.6,88.542,247.71
347.98,70.237,405.28,121.97
301.82,185.63,346.39,234.18
145.84,162.55,188.02,224.63
43.975,177.67,124.35,261.24
418.02,200.75,503.97,261.24
246.91,153,301.82,260.44
36.812,202.35,92.521,246.91
191.2,126.74,292.27,242.93
247.71,124.35,344,246.91
199.96,206.32,254.87,264.42
47.158,110.03,118.78,159.37
160.96,182.45,238.16,257.26
172.1,131.52,222.24,245.32
43.975,149.02,195.98,262.83
301.82,199.96,350.37,245.32
463.38,28.854,512.72,129.13
248.5,167.33,289.09,216.67
302.62,137.09,346.39,245.32
359.12,146.64,402.1,207.12
350.37,120.37,400.51,228.61
422,265.22,480.09,333.66
409.26,301.82,465.77,351.17
97.296,184.04,147.43,262.03
340.02,121.17,399.71,266.01
443.48,1,488.85,114.8
445.07,160.96,512.72,214.28
449.05,39.996,508.74,139.47
193.59,145.84,247.71,254.87
436.32,12.142,485.66,115.6
469.75,246.12,512.72,355.15
33.629,1,98.887,52.729
244.52,133.9,308.99,264.42
415.63,163.35,472.13,217.47
199.16,133.9,242.93,226.22
1,145.05,53.525,240.55
304.21,127.54,347.19,203.14
447.46,39.996,508.74,139.47
408.47,88.542,467.36,262.03
195.98,224.63,264.42,265.22
441.1,195.18,512.72,253.28
408.47,88.542,451.44,161.76
1,170.51,52.729,241.34
246.91,153,291.48,235.77
81.379,194.39,137.09,259.65
36.812,153,106.05,246.91
94.112,256.46,301.82,297.05
398.12,1,438.71,122.76
418.02,188.82,503.97,264.42
391.75,279.54,439.5,382.2
32.833,229.4,99.683,273.17
191.2,202.35,238.16,260.44
249.3,153,294.66,262.03
398.92,292.27,468.95,382.2
129.13,215.88,195.98,262.83
414.83,322.52,457.81,374.25
97.296,184.04,140.27,242.93
301.82,168.12,346.39,252.48
36.017,56.708,103.66,107.64
470.54,308.99,512.72,359.12
355.94,146.64,405.28,262.03
356.74,180.06,401.3,221.45
463.38,28.854,512.72,138.68
36.812,202.35,92.521,245.32
201.55,133.9,242.93,181.65
121.97,149.02,191.2,262.83
340.02,121.17,405.28,266.01
301.82,168.12,346.39,242.93
129.13,90.929,355.15,136.29
465.77,331.27,512.72,372.65
16.917,191.2,113.21,273.17
1,153,44.771,208.71
422,332.07,470.54,379.02
398.92,332.07,468.95,382.2
36.812,137.09,238.16,260.44
277.15,262.03,408.47,382.2
356.74,197.57,405.28,262.03
354.35,263.62,469.75,382.2
246.12,216.67,294.66,260.44
340.02,268.4,413.24,382.2
413.24,160.96,480.09,243.73
70.237,18.508,201.55,152.21
418.02,188.82,467.36,252.48
408.47,88.542,467.36,258.05
43.975,184.04,92.521,246.91
471.34,234.18,512.72,336.05
410.06,110.03,485.66,188.82
356.74,180.06,406.08,241.34
375.84,308.99,469.75,382.2
111.62,136.29,177.67,202.35
391.75,295.46,433.93,344.8
340.02,121.17,401.3,266.01
44.771,184.04,93.317,246.91
347.98,70.237,405.28,121.17
469.75,282.72,512.72,340.02
410.06,58.3,498.4,156.19
42.383,153.8,85.358,206.32
37.608,1,98.887,52.729
305.8,200.75,347.98,254.87
96.5,194.39,137.09,259.65
56.708,22.487,201.55,153
56.708,18.508,201.55,153
398.92,332.07,440.3,382.2
1,1,190.41,208.71
188.02,132.31,236.57,247.71
36.017,18.508,201.55,153
96.5,137.88,156.19,259.65
32.833,229.4,186.43,280.34
447.46,60.687,488.85,115.6
408.47,292.27,461.79,339.23
45.567,111.62,112.42,160.17
1,145.05,53.525,208.71
394.14,308.99,469.75,382.2
348.78,262.83,436.32,382.2
356.74,161.76,402.9,221.45
340.02,121.17,399.71,255.67
39.996,143.45,118.78,219.06
1,145.05,44.771,208.71
302.62,193.59,346.39,243.73
301.82,185.63,346.39,242.93
359.12,160.96,402.1,207.12
356.74,161.76,402.9,207.92
256.46,289.09,312.17,344
78.992,178.47,124.35,261.24
361.51,184.84,406.08,241.34
32.833,232.59,99.683,273.17
408.47,88.542,451.44,195.18
298.64,127.54,347.19,179.27
406.88,308.99,469.75,382.2
354.35,263.62,439.5,344.8
246.91,289.09,305.01,349.57
301.82,197.57,346.39,242.93
1,153,53.525,234.97
277.15,265.22,408.47,382.2
