1,1,512.2,384.2
1,109.8,389.8,294.6
1,249.8,512.2,384.2
1,89.8,369,257
1,15.4,60.2,79.4
315.4,1,512.2,293.8
386.6,34.6,512.2,384.2
269.8,34.6,512.2,275.4
11.4,142.6,170.6,270.6
337.8,1,512.2,384.2
269.8,92.2,512.2,275.4
271.4,61.8,512.2,384.2
397,92.2,512.2,272.2
1,49,380.2,123.4
372.2,247.4,512.2,384.2
11.4,123.4,319.4,271.4
1,90.6,389.8,384.2
268.2,269.8,372.2,384.2
11.4,109,356.2,270.6
249.8,154.6,356.2,269
13.8,121,337,270.6
288.2,1,512.2,293.8
208.2,128.2,309,202.6
14.6,127.4,325,270.6
1,1,512.2,123.4
1,121.8,327.4,281.8
13.8,126.6,317,266.6
1,52.2,381,289.8
13,121,332.2,270.6
1,103.4,408.2,384.2
373.8,247.4,512.2,384.2
1,1,512.2,293.8
341,109,440.2,255.4
15.4,142.6,147.4,249.8
251.4,47.4,464.2,89
1,93.8,368.2,384.2
1,90.6,369,281.8
11.4,107.4,356.2,270.6
1,1,502.6,205
1,1,512.2,281.8
340.2,89.8,512.2,312.2
121,1,512.2,127.4
1,1,512.2,134.6
360.2,1,512.2,271.4
288.2,85.8,444.2,293.8
361,291.4,406.6,384.2
1,34.6,512.2,281.8
15.4,142.6,147.4,258.6
1,109.8,389.8,384.2
459.4,322.6,512.2,384.2
1,61.8,512.2,384.2
102.6,121.8,327.4,268.2
373.8,255.4,512.2,384.2
381,255.4,512.2,384.2
53,5,489,69.8
1,209,381,384.2
1,1,506.6,120.2
11.4,187.4,166.6,269
288.2,107.4,408.2,293.8
15.4,127.4,325,270.6
13,121.8,341.8,271.4
1,209,273.8,384.2
1,109.8,345,270.6
241,253.8,390.6,384.2
1,89.8,369,384.2
13.8,126.6,337,270.6
248.2,135.4,296.2,222.6
1,166.6,273.8,384.2
337.8,105.8,481.8,289.8
1,1,512.2,109.8
162.6,126.6,301.8,213
251.4,121,329,256.2
310.6,34.6,512.2,384.2
1,61,128.2,132.2
155.4,127.4,301,249.8
81.8,201,133.8,263.4
377,257.8,512.2,384.2
372.2,61.8,512.2,384.2
402.6,282.6,464.2,384.2
1,1,512.2,121.8
1,249.8,280.2,384.2
113.8,142.6,158.6,219.4
15.4,127.4,325,259.4
425,59.4,478.6,113.8
1,1,512.2,121
113.8,109,356.2,269
1,98.6,337,384.2
264.2,208.2,321,255.4
223.4,257,388.2,384.2
160.2,138.6,247.4,221
1,1,506.6,78.6
404.2,265,476.2,312.2
113,200.2,181.8,252.2
288.2,1,512.2,384.2
172.2,262.6,381,384.2
160.2,125,307.4,256.2
11.4,107.4,381,289.8
1,52.2,369,280.2
69,144.2,125,187.4
1,1,506.6,121
269.8,109.8,373,271.4
360.2,5.8,512.2,271.4
281,1,512.2,293.8
271.4,89.8,512.2,312.2
111.4,145,160.2,220.2
187.4,1,502.6,54.6
11.4,123.4,321.8,271.4
223.4,1,512.2,384.2
15.4,123.4,319.4,261.8
15.4,142.6,215.4,270.6
34.6,144.2,160.2,256.2
1,175.4,240.2,281.8
340.2,105.8,481.8,289.8
340.2,5,512.2,289.8
1,1,506.6,89
166.6,225,300.2,267.4
1,142.6,215.4,270.6
34.6,164.2,101.8,253.8
11.4,111.4,321.8,271.4
113.8,137,204.2,245.8
157.8,225,293,267.4
108.2,142.6,202.6,243.4
20.2,187.4,170.6,270.6
402.6,307.4,442.6,384.2
248.2,223.4,315.4,265
137,61.8,512.2,384.2
185,77.8,464.2,127.4
249.8,123.4,319.4,237.8
1,1,332.2,134.6
271.4,61.8,512.2,312.2
373,264.2,512.2,384.2
360.2,111.4,512.2,271.4
127.4,241.8,381,289.8
1,1,489,123.4
271.4,109,372.2,271.4
1,90.6,369,197.8
67.4,144.2,133,187.4
158.6,164.2,212.2,231.4
1,264.2,224.2,384.2
181.8,189.8,285.8,256.2
15.4,142.6,153,249.8
421,317.8,473,358.6
453,34.6,512.2,101.8
1,103.4,332.2,328.2
34.6,144.2,160.2,253.8
315.4,77,460.2,293.8
169.8,169,341.8,271.4
1,1,392.2,50.6
13.8,173,112.2,267.4
13.8,179.4,63.4,248.2
1,49,328.2,105.8
433.8,1,512.2,263.4
251.4,109.8,345,261
137,88.2,467.4,384.2
71.4,145,145,230.6
11.4,187.4,70.6,258.6
370.6,61.8,512.2,136.2
1,253.8,512.2,384.2
313.8,103.4,467.4,286.6
16.2,189,69,257
1,1,512.2,120.2
153.8,191.4,198.6,231.4
163.4,271.4,277,384.2
1,253.8,408.2,384.2
153.8,128.2,315.4,249.8
15.4,127.4,317.8,259.4
315.4,109.8,405.8,293.8
359.4,105.8,481.8,270.6
340.2,5,512.2,384.2
115.4,190.6,160.2,245.8
158.6,164.2,247.4,243.4
337.8,105.8,512.2,384.2
433.8,61.8,492.2,176.2
13,126.6,317,268.2
386.6,77.8,488.2,249.8
1,253.8,273.8,384.2
270.6,257.8,512.2,384.2
193.8,1,502.6,54.6
1,15.4,380.2,123.4
372.2,168.2,432.2,238.6
372.2,255.4,512.2,384.2
184.2,5,489,57.8
359.4,61.8,492.2,176.2
360.2,89,512.2,271.4
386.6,282.6,464.2,384.2
34.6,144.2,176.2,256.2
298.6,107.4,408.2,293.8
379.4,255.4,512.2,384.2
374.6,280.2,512.2,384.2
172.2,5,512.2,384.2
417,311.4,512.2,384.2
113.8,137,293,267.4
370.6,62.6,512.2,136.2
434.6,101,482.6,173
397,56.2,512.2,189
189,225,293,266.6
397,34.6,512.2,275.4
13.8,126.6,317,257.8
372.2,64.2,512.2,384.2
255.4,176.2,301.8,220.2
16.2,221.8,166.6,266.6
1,33,257,98.6
1,33,368.2,205
158.6,223.4,389.8,294.6
331.4,253.8,408.2,384.2
373.8,257.8,512.2,384.2
108.2,126.6,317,258.6
153.8,191.4,196.2,231.4
1,209,73,273
251.4,109,370.6,268.2
81,169,337,270.6
337.8,102.6,468.2,262.6
1,253.8,277,384.2
21.8,198.6,65.8,244.2
373,261,512.2,384.2
373,255.4,512.2,384.2
313.8,109,365,260.2
268.2,269.8,361.8,384.2
313.8,109,425.8,286.6
33,49,465,118.6
432.2,113.8,485.8,216.2
259.4,184.2,315.4,241
255.4,110.6,345,261
154.6,157,196.2,198.6
426.6,273,512.2,365
383.4,264.2,512.2,384.2
372.2,62.6,512.2,136.2
1,40.2,396.2,105.8
11.4,142.6,153.8,258.6
1,90.6,369,384.2
1,1,482.6,50.6
370.6,61.8,512.2,384.2
13,149,112.2,268.2
1,90.6,369,264.2
102.6,129,205,243.4
1,1,512.2,118.6
1,1,502.6,111.4
193.8,1,506.6,57.8
1,98.6,224.2,384.2
417,311.4,477.8,384.2
1,52.2,369,201.8
1,97.8,273.8,384.2
41,144.2,134.6,221.8
432.2,89.8,512.2,263.4
13,165.8,65.8,256.2
425,64.2,512.2,250.6
157.8,225,293,266.6
288.2,1,512.2,127.4
124.2,200.2,181.8,252.2
223.4,259.4,381,384.2
1,141.8,240.2,281.8
310.6,113,373,268.2
221.8,262.6,381,384.2
201.8,109,344.2,202.6
113.8,142.6,160.2,245.8
159.4,253.8,390.6,384.2
402.6,317.8,479.4,384.2
141.8,93.8,368.2,139.4
118.6,190.6,160.2,245.8
421.8,318.6,505.8,384.2
431.4,273,512.2,353.8
93,131.4,213.8,270.6
331.4,256.2,380.2,384.2
1,38.6,197,78.6
400.2,260.2,512.2,356.2
275.4,169,317,241.8
424.2,64.2,512.2,275.4
151.4,137.8,247.4,251.4
184.2,13.8,337.8,58.6
93,145,160.2,239.4
397,41.8,512.2,275.4
377,1,512.2,58.6
446.6,293.8,496.2,365
1,1,489,109.8
111.4,126.6,314.6,236.2
378.6,1,512.2,189
367.4,239.4,425.8,286.6
162.6,126.6,314.6,215.4
402.6,322.6,442.6,384.2
265.8,176.2,306.6,219.4
1,166.6,50.6,257
433.8,61.8,512.2,176.2
15.4,141.8,161,253
288.2,85.8,512.2,293.8
51.4,145,145,253
267.4,253.8,408.2,384.2
426.6,247.4,512.2,384.2
158.6,223.4,315.4,267.4
229,5,512.2,384.2
421,314.6,471.4,356.2
14.6,198.6,65.8,256.2
229,83.4,445.8,384.2
13,131.4,213.8,270.6
14.6,198.6,58.6,256.2
14.6,198.6,65.8,248.2
25.8,205,65.8,256.2
73,204.2,121.8,258.6
1,1,203.4,109.8
113,165.8,258.6,258.6
187.4,1,506.6,59.4
1,1,411.4,50.6
166.6,225,317,267.4
421,314.6,473.8,357
178.6,256.2,389.8,384.2
108.2,129,205,243.4
137,88.2,378.6,134.6
1,264.2,277,384.2
14.6,144.2,149.8,271.4
1,216.2,224.2,384.2
108.2,191.4,258.6,258.6
223.4,263.4,369,384.2
163.4,88.2,378.6,134.6
1,1,502.6,127.4
184.2,15.4,337.8,57
93,169,137,239.4
187.4,1,506.6,89
341.8,109.8,391.4,221.8
113.8,137,278.6,256.2
229.8,256.2,389.8,384.2
337.8,92.2,512.2,275.4
388.2,307.4,446.6,384.2
421,314.6,464.2,356.2
160.2,93.8,368.2,134.6
268.2,137,345,260.2
268.2,133.8,317.8,240.2
11.4,186.6,317,271.4
297,34.6,512.2,101.8
459.4,340.2,512.2,384.2
189.8,77.8,464.2,127.4
402.6,311.4,479.4,384.2
379.4,255.4,464.2,300.2
321.8,205.8,373,268.2
169.8,121.8,327.4,267.4
274.6,169,317,241.8
417,293,512.2,384.2
113,200.2,203.4,258.6
114.6,130.6,251.4,221
310.6,109.8,388.2,283.4
153.8,186.6,260.2,249.8
388.2,307.4,442.6,384.2
93,216.2,181.8,270.6
297,34.6,512.2,176.2
331.4,256.2,389.8,358.6
356.2,1,489,44.2
1,61,115.4,120.2
307.4,109.8,373,271.4
359.4,79.4,492.2,176.2
162.6,126.6,301.8,251.4
164.2,126.6,317,256.2
137,88.2,467.4,286.6
164.2,126.6,304.2,175.4
386.6,280.2,442.6,384.2
252.2,169,317,256.2
270.6,262.6,381,384.2
467.4,1,512.2,65
64.2,33,257,85
161.8,157,205,242.6
151.4,137.8,278.6,256.2
421,317.8,474.6,358.6
49.8,164.2,101.8,253.8
375.4,34.6,512.2,384.2
1,15.4,203.4,79.4
309,271.4,364.2,384.2
385.8,280.2,512.2,384.2
310.6,113,360.2,224.2
1,98.6,208.2,248.2
21.8,125,251.4,175.4
359.4,105.8,451.4,261
1,89.8,369,201.8
189,225,251.4,266.6
469,5.8,512.2,262.6
429.8,62.6,492.2,132.2
275.4,265,369,384.2
229,83.4,445.8,268.2
71.4,145,153,230.6
422.6,64.2,512.2,275.4
1,1,502.6,89
259.4,184.2,305,226.6
391.4,135.4,459.4,199.4
16.2,177,215.4,270.6
251.4,137,328.2,226.6
252.2,121.8,327.4,256.2
1,1,412.2,78.6
341,109,468.2,262.6
205,109,344.2,202.6
425,79.4,492.2,173
249.8,123.4,319.4,241.8
229.8,244.2,389.8,384.2
22.6,93.8,368.2,139.4
1,34.6,477,109.8
125,271.4,277,384.2
41,126.6,317,268.2
261,109.8,348.2,268.2
1,39.4,176.2,109.8
15.4,128.2,309,261.8
288.2,172.2,356.2,269
33,49.8,464.2,123.4
13,121.8,327.4,268.2
373.8,282.6,443.4,369
41,141.8,131.4,268.2
14.6,141.8,149.8,271.4
310.6,102.6,468.2,384.2
210.6,128.2,264.2,245.8
1,175.4,61.8,257.8
169,121,332.2,266.6
1,98.6,208.2,203.4
229.8,236.2,389.8,294.6
1,165.8,334.6,280.2
114.6,109.8,345,261
1,52.2,362.6,120.2
163.4,90.6,348.2,134.6
390.6,135.4,433.8,181.8
315.4,91.4,405.8,293.8
436.2,206.6,481.8,275.4
255.4,123.4,319.4,231.4
469,89,512.2,262.6
261,202.6,325,259.4
1,209,228.2,281
298.6,107.4,405.8,293.8
394.6,260.2,481,313.8
165,262.6,361.8,384.2
185,59.4,478.6,127.4
178.6,253.8,408.2,384.2
1,166.6,80.2,265.8
310.6,102.6,468.2,354.6
359.4,109.8,419.4,261
73,200.2,121.8,258.6
469.8,273,512.2,318.6
386.6,59.4,504.2,274.6
337,262.6,381,384.2
151.4,128.2,309,256.2
313.8,110.6,361,260.2
102.6,129,258.6,268.2
189.8,49,465,93.8
201,208.2,258.6,256.2
392.2,64.2,512.2,275.4
313.8,109,358.6,200.2
1,175.4,61.8,264.2
394.6,260.2,512.2,313.8
1,65,136.2,120.2
399.4,197,481,250.6
77.8,204.2,121.8,258.6
340.2,109.8,385.8,255.4
1,50.6,332.2,134.6
157.8,225,317,267.4
388.2,293,512.2,384.2
252.2,190.6,293.8,256.2
315.4,107.4,405.8,293.8
251.4,121,332.2,257
153.8,128.2,273,249.8
1,1,512.2,58.6
116.2,161.8,202.6,236.2
255.4,110.6,342.6,240.2
33,47.4,464.2,100.2
1,45,176.2,109.8
1,40.2,396.2,109.8
116.2,220.2,166.6,262.6
152.2,157,202.6,236.2
154.6,157,196.2,208.2
41,144.2,131.4,255.4
397,5.8,512.2,262.6
17,49,465,111.4
1,1,411.4,41.8
337.8,105.8,481.8,271.4
158.6,164.2,278.6,256.2
386.6,282.6,512.2,384.2
333.8,257,388.2,353.8
221.8,264.2,381,384.2
20.2,204.2,170.6,270.6
262.6,109,344.2,174.6
49,81,380.2,123.4
446.6,273,512.2,365
162.6,126.6,314.6,233.8
448.2,322.6,512.2,384.2
402.6,307.4,442.6,376.2
41,144.2,131.4,221.8
341.8,103.4,467.4,258.6
1,216.2,166.6,328.2
337.8,109,451.4,255.4
13.8,126.6,317,256.2
372.2,168.2,467.4,255.4
161.8,141.8,247.4,221
289,271.4,361.8,384.2
1,1,502.6,118.6
254.6,123.4,319.4,231.4
13,165.8,65.8,248.2
341,102.6,468.2,262.6
198.6,185.8,258.6,256.2
386.6,5,512.2,274.6
277,121,322.6,162.6
251.4,137,328.2,255.4
397,139.4,512.2,272.2
184.2,1,512.2,58.6
33,5,489,123.4
372.2,62.6,512.2,132.2
161.8,141.8,247.4,203.4
46.6,192.2,149.8,271.4
386.6,55.4,512.2,274.6
361,257.8,512.2,384.2
361,294.6,406.6,384.2
41,144.2,131.4,268.2
178.6,257.8,361.8,384.2
155.4,162.6,197.8,226.6
393.8,280.2,442.6,376.2
1,61,160.2,205
11.4,142.6,147.4,258.6
114.6,128.2,315.4,249.8
49.8,141.8,164.2,252.2
208.2,128.2,267.4,202.6
397,139.4,484.2,250.6
1,93,208.2,134.6
468.2,322.6,512.2,384.2
396.2,77.8,488.2,249.8
1,97.8,201.8,205
1,65,143.4,120.2
13,165.8,57,223.4
218.6,128.2,267.4,202.6
433.8,1,512.2,176.2
113,165.8,258.6,268.2
154.6,157,196.2,205.8
64.2,33,393.8,89
16.2,177,69,257
425,65,482.6,176.2
340.2,109.8,459.4,255.4
15.4,128.2,309,256.2
68.2,87.4,368.2,149.8
258.6,169,317,256.2
187.4,1,506.6,57.8
1,38.6,197,97
321,262.6,390.6,384.2
340.2,116.2,441.8,289.8
149.8,165,196.2,221.8
310.6,109.8,433.8,354.6
205.8,125,303.4,212.2
93,153,155.4,237
449,1,506.6,42.6
397,197,466.6,250.6
386.6,260.2,512.2,384.2
374.6,263.4,512.2,384.2
254.6,189,310.6,241.8
15.4,162.6,89.8,249.8
249,35.4,477,89
426.6,306.6,488.2,352.2
251.4,178.6,317,256.2
328.2,77,460.2,119.4
1,33,257,78.6
288.2,49.8,464.2,121.8
313.8,109,361,260.2
341,116.2,417.8,289.8
201.8,109,356.2,269
13,149,112.2,267.4
337.8,109.8,405.8,293.8
11.4,187.4,278.6,271.4
337,268.2,380.2,384.2
267.4,256.2,389.8,384.2
297,38.6,468.2,82.6
457,263.4,512.2,318.6
1,209,189,281
375.4,206.6,482.6,275.4
337.8,109,482.6,275.4
390.6,135.4,447.4,181.8
115.4,156.2,156.2,221
379.4,255.4,464.2,330.6
378.6,1,512.2,76.2
274.6,188.2,317,230.6
116.2,221.8,162.6,261.8
425,41.8,512.2,176.2
115.4,194.6,168.2,261.8
255.4,109,344.2,174.6
370.6,133,418.6,189.8
337,262.6,381,305.8
381,79.4,492.2,173
165,253.8,390.6,384.2
373.8,249,477.8,369
181.8,185.8,307.4,256.2
288.2,227.4,356.2,269
367.4,217,481.8,268.2
116.2,220.2,168.2,261.8
64.2,1,502.6,89
1,103.4,183.4,328.2
249.8,123.4,319.4,240.2
328.2,77,460.2,123.4
251.4,117,328.2,201.8
170.6,164.2,247.4,230.6
453,89.8,512.2,263.4
400.2,260.2,481,313.8
33,49,465,110.6
13.8,179.4,102.6,266.6
418.6,306.6,488.2,352.2
461,180.2,503.4,261.8
20.2,204.2,62.6,252.2
189.8,77.8,464.2,119.4
1,33,368.2,149.8
13,149,82.6,207.4
15.4,166.6,57.8,225.8
201,209.8,258.6,256.2
252.2,188.2,298.6,256.2
13.8,179.4,59.4,223.4
465.8,55.4,512.2,101.8
439.4,205.8,480.2,249.8
166.6,225,293,267.4
257,202.6,325,259.4
162.6,126.6,265.8,213
205.8,125,303.4,222.6
174.6,169,337,266.6
381,79.4,492.2,176.2
1,101.8,160.2,205
338.6,256.2,389.8,384.2
151.4,128.2,278.6,256.2
465.8,273,512.2,318.6
282.6,259.4,381,384.2
280.2,260.2,380.2,384.2
98.6,13.8,337.8,63.4
158.6,186.6,202.6,231.4
160.2,139.4,247.4,221
92.2,161,132.2,207.4
13,165.8,57,226.6
1,1,489,63.4
288.2,181,356.2,269
307.4,113,373,271.4
204.2,169,337,266.6
1,103.4,183.4,248.2
271.4,136.2,345.8,271.4
161.8,176.2,307.4,256.2
157.8,186.6,317,267.4
113,200.2,205.8,258.6
33,49.8,464.2,101
15.4,142.6,158.6,249.8
273,262.6,313.8,384.2
386.6,59.4,488.2,249.8
252.2,129,317,256.2
341,116.2,441.8,289.8
30.6,56.2,170.6,100.2
392.2,105.8,481,249.8
215.4,128.2,267.4,202.6
73,201,215.4,270.6
166.6,225,251.4,266.6
205,128.2,309,202.6
378.6,1,512.2,113.8
431.4,281.8,483.4,353.8
121.8,190.6,166.6,259.4
80.2,267.4,166.6,328.2
425,79.4,482.6,173
1,1,203.4,69.8
71.4,152.2,153,246.6
397,61.8,489.8,197.8
189,225,262.6,266.6
205.8,169.8,247.4,217.8
14.6,192.2,149.8,271.4
402.6,337,442.6,384.2
313.8,109,357,193.8
149.8,165,194.6,221.8
1,188.2,61.8,257.8
181.8,185.8,288.2,256.2
152.2,161.8,202.6,236.2
89.8,201,133.8,263.4
395.4,1,512.2,101
433,34.6,512.2,101.8
267.4,260.2,380.2,384.2
116.2,220.2,157.8,261.8
340.2,109.8,496.2,312.2
374.6,261.8,433.8,336.2
49,188.2,123.4,266.6
429.8,86.6,479.4,132.2
465.8,247.4,512.2,288.2
33,52.2,362.6,110.6
11.4,187.4,67.4,257.8
310.6,113,388.2,283.4
64.2,43.4,257,85
161,271.4,277,384.2
397,61.8,489.8,189
166.6,225,293,266.6
261,109,370.6,268.2
41,144.2,134.6,255.4
1,253.8,381,384.2
252.2,121,327.4,162.6
1,35.4,197,120.2
415.4,139.4,468.2,189
159.4,253.8,408.2,384.2
152.2,150.6,207.4,256.2
341.8,109.8,385.8,255.4
113,200.2,198.6,252.2
251.4,117,328.2,189.8
396.2,77.8,481,249.8
20.2,187.4,62.6,252.2
149.8,137,204.2,181.8
182.6,164.2,225,243.4
184.2,13.8,337.8,57
93,160.2,204.2,270.6
141.8,208.2,258.6,258.6
400.2,260.2,512.2,353.8
49.8,164.2,92.2,238.6
81.8,201,148.2,263.4
212.2,126.6,266.6,175.4
151.4,137.8,244.2,251.4
372.2,64.2,512.2,275.4
51.4,141.8,161,253
434.6,119.4,477,160.2
397,165,491.4,275.4
434.6,133.8,476.2,174.6
200.2,127.4,301,249.8
1,15.4,60.2,74.6
16.2,164.2,262.6,270.6
436.2,169,491.4,275.4
425.8,50.6,476.2,101
359.4,90.6,435.4,147.4
108.2,126.6,314.6,258.6
41,141.8,134.6,268.2
159.4,253.8,388.2,300.2
381,229.8,481.8,271.4
108.2,142.6,164.2,243.4
121,1,489,60.2
249.8,145.8,301.8,197.8
1,15.4,125,79.4
13.8,173,102.6,266.6
205,183.4,278.6,256.2
405,268.2,476.2,312.2
15.4,142.6,158.6,252.2
153.8,191.4,201,244.2
341.8,108.2,447.4,258.6
212.2,125,303.4,212.2
114.6,208.2,258.6,258.6
255.4,176.2,301.8,225.8
268.2,160.2,317.8,214.6
161.8,162.6,205,242.6
198.6,165.8,258.6,256.2
402.6,317.8,474.6,384.2
268.2,137,345,261
256.2,129,314.6,173.8
181.8,176.2,307.4,256.2
37.8,221.8,166.6,266.6
51.4,145,145,249.8
73,220.2,215.4,270.6
1,216.2,93.8,277.8
457.8,317,504.2,377.8
254.6,123.4,319.4,237.8
436.2,173,484.2,241
33,49,465,98.6
373.8,249,477.8,384.2
305,1,489,44.2
341.8,109.8,391.4,255.4
448.2,1,512.2,74.6
166.6,225,262.6,266.6
433.8,119.4,481.8,176.2
14.6,198.6,58.6,248.2
425,64.2,512.2,253
431.4,277.8,496.2,353.8
1,1,481.8,50.6
402.6,322.6,442.6,376.2
436.2,206.6,482.6,275.4
453,41.8,512.2,120.2
271.4,109,358.6,271.4
1,103.4,160.2,177
272.2,154.6,331.4,247.4
160.2,125,303.4,222.6
337.8,109,440.2,255.4
436.2,209,481,250.6
71.4,152.2,155.4,246.6
69,144.2,160.2,245.8
337.8,109.8,378.6,265
272.2,154.6,356.2,269
252.2,189,298.6,256.2
165,271.4,277,384.2
262.6,123.4,319.4,231.4
272.2,163.4,323.4,231.4
1,44.2,391.4,109.8
71.4,152.2,153,243.4
255.4,109.8,345,261
281,202.6,325,256.2
434.6,119.4,481.8,176.2
15.4,166.6,59.4,246.6
253.8,145.8,301.8,197.8
373.8,302.6,443.4,369
262.6,123.4,317,174.6
129,3.4,489,60.2
270.6,265,369,384.2
249,49,465,89
363.4,77.8,464.2,119.4
241,3.4,489,60.2
349,239.4,425.8,286.6
204.2,224.2,337,266.6
34.6,162.6,89.8,249.8
310.6,272.2,364.2,384.2
251.4,137,329,256.2
421,311.4,477.8,384.2
199.4,183.4,278.6,256.2
429.8,62.6,512.2,132.2
93,162.6,204.2,270.6
93,153,155.4,245.8
161.8,141.8,247.4,187.4
152.2,165,206.6,259.4
373.8,313.8,415.4,369
66.6,142.6,153,230.6
188.2,35.4,468.2,89
257.8,223.4,315.4,264.2
386.6,280.2,500.2,384.2
187.4,1,502.6,89
93,216.2,178.6,270.6
378.6,35.4,477,76.2
415.4,139.4,484.2,241
310.6,122.6,373,268.2
93,145,160.2,245.8
266.6,253.8,388.2,300.2
289,270.6,361.8,384.2
1,209,80.2,273
432.2,180.2,504.2,274.6
181.8,189.8,288.2,256.2
1,61,120.2,132.2
377,1,506.6,42.6
1,153,65,213
397,165,469.8,250.6
402.6,317.8,464.2,384.2
116.2,221,166.6,262.6
310.6,122.6,350.6,268.2
148.2,209.8,258.6,258.6
259.4,184.2,315.4,240.2
466.6,247.4,512.2,288.2
461,85,512.2,263.4
214.6,128.2,267.4,202.6
20.2,185.8,62.6,252.2
153.8,191.4,206.6,259.4
16.2,191.4,69,257
370.6,120.2,437,238.6
77.8,200.2,121.8,258.6
392.2,105.8,457,174.6
1,103.4,183.4,178.6
272.2,163.4,319.4,231.4
349,109.8,391.4,221.8
16.2,177,105,267.4
424.2,317,505.8,384.2
426.6,247.4,512.2,365
321,262.6,383.4,384.2
221.8,264.2,311.4,384.2
425,79.4,482.6,176.2
201,208.2,250.6,256.2
152.2,162.6,204.2,256.2
421,317.8,466.6,358.6
155.4,138.6,229.8,197
349,240.2,417.8,289.8
370.6,146.6,467.4,255.4
163.4,90.6,332.2,134.6
188.2,48.2,465,89
461,173.8,503.4,261.8
453,41.8,512.2,101.8
396.2,108.2,457,161.8
93,169,337,270.6
148.2,208.2,258.6,258.6
182.6,164.2,247.4,243.4
448.2,340.2,512.2,384.2
1,103.4,160.2,205
1,103.4,160.2,178.6
160.2,141.8,247.4,221
170.6,164.2,212.2,210.6
151.4,137,278.6,256.2
182.6,186.6,231.4,249.8
396.2,108.2,481,249.8
64.2,33,400.2,89
133.8,81,380.2,123.4
1,38.6,197,120.2
24.2,188.2,123.4,266.6
272.2,163.4,331.4,247.4
385.8,280.2,500.2,384.2
288.2,49.8,464.2,127.4
89,161,132.2,230.6
268.2,169,317.8,214.6
223.4,128.2,266.6,202.6
390.6,197,481,250.6
1,153,65,248.2
269.8,137,328.2,226.6
170.6,164.2,211.4,210.6
449,5,512.2,76.2
402.6,294.6,464.2,384.2
268.2,269.8,408.2,384.2
153.8,184.2,206.6,259.4
108.2,165,155.4,243.4
337.8,109,419.4,261
207.4,128.2,268.2,245.8
374.6,261.8,433.8,354.6
250.6,176.2,315.4,241
252.2,121,324.2,162.6
425,1,512.2,74.6
163.4,89,378.6,134.6
336.2,253.8,388.2,300.2
178.6,257.8,308.2,384.2
182.6,169,337,266.6
341.8,108.2,467.4,258.6
203.4,169,337,266.6
267.4,260.2,361.8,384.2
135.4,208.2,258.6,258.6
453,41.8,512.2,93.8
193.8,1,506.6,59.4
30.6,50.6,328.2,100.2
1,90.6,332.2,134.6
155.4,127.4,317.8,249.8
413.8,273,457,313.8
1,65,99.4,120.2
373.8,302.6,432.2,369
341.8,109.8,399.4,258.6
331.4,256.2,389.8,353
367.4,197,496.2,312.2
268.2,154.6,317.8,210.6
449,17,495.4,76.2
255.4,110.6,339.4,153.8
221.8,264.2,309.8,384.2
337,262.6,380.2,384.2
386.6,280.2,496.2,384.2
337.8,109,465.8,261
331.4,253.8,389.8,384.2
413.8,273,481,313.8
210.6,208.2,258.6,251.4
436.2,169,484.2,275.4
68.2,188.2,116.2,253.8
1,103.4,183.4,203.4
396.2,169,481,249.8
381,105.8,481.8,271.4
275.4,169,328.2,226.6
16.2,221.8,262.6,270.6
268.2,149,317.8,240.2
421.8,317,505.8,384.2
155.4,128.2,273,243.4
36.2,1,192.2,45
402.6,322.6,442.6,368.2
1,233,72.2,276.2
469.8,89.8,512.2,263.4
432.2,83.4,485.8,250.6
264.2,208.2,321,248.2
201,190.6,268.2,251.4
251.4,137,317,256.2
396.2,169,481,244.2
255.4,110.6,339.4,159.4
395.4,41,512.2,101
1,45,396.2,105.8
212.2,126.6,266.6,212.2
255.4,169,317,256.2
201,209.8,250.6,256.2
396.2,135.4,481,249.8
402.6,317.8,442.6,384.2
395.4,50.6,476.2,101
165,263.4,277,384.2
33,56.2,328.2,101
49.8,126.6,317,256.2
69.8,186.6,114.6,249
1,49,91.4,109.8
71.4,154.6,153,243.4
68.2,93.8,368.2,149.8
268.2,262.6,361.8,384.2
395.4,6.6,512.2,101
200.2,128.2,268.2,249.8
46.6,192.2,101,268.2
116.2,126.6,314.6,236.2
213,213,258.6,257.8
181.8,189.8,268.2,251.4
425,317,505.8,384.2
289,189,345,260.2
445.8,135.4,485.8,216.2
1,44.2,391.4,93.8
418.6,306.6,496.2,363.4
67.4,144.2,125,187.4
71.4,157,153,207.4
111.4,149.8,155.4,220.2
13.8,166.6,63.4,248.2
467.4,6.6,512.2,65
449,1,512.2,79.4
268.2,154.6,345,260.2
268.2,137,317.8,240.2
1,77,106.6,120.2
155.4,138.6,218.6,197
434.6,119.4,477,174.6
431.4,311.4,475.4,353.8
30.6,44.2,391.4,93.8
386.6,280.2,442.6,376.2
65.8,265,166.6,328.2
288.2,72.2,380.2,121.8
425,83.4,485.8,250.6
71.4,161,132.2,207.4
116.2,221,163.4,261.8
159.4,126.6,317,256.2
162.6,126.6,314.6,213
432.2,113.8,485.8,250.6
116.2,221,157.8,261.8
89.8,201,133.8,248.2
461,85,503.4,261.8
471.4,6.6,512.2,65
133.8,50.6,328.2,95.4
401,135.4,459.4,199.4
277,271.4,364.2,384.2
13.8,166.6,61.8,233
152.2,162.6,197.8,226.6
374.6,313.8,415.4,369
367.4,197,481.8,268.2
152.2,127.4,317.8,259.4
1,49,312.2,105.8
1,216.2,76.2,276.2
71.4,145,145,205
207.4,128.2,264.2,245.8
37.8,221.8,162.6,266.6
163.4,93,328.2,134.6
164.2,126.6,304.2,251.4
401,135.4,456.2,199.4
181.8,189.8,238.6,251.4
341.8,109.8,447.4,258.6
154.6,173.8,207.4,256.2
1,11.4,337.8,63.4
321,265.8,380.2,384.2
432.2,113.8,485.8,196.2
241,8.2,413,60.2
449,322.6,512.2,380.2
152.2,164.2,207.4,256.2
392.2,105.8,457,200.2
182.6,186.6,260.2,249.8
273,262.6,361.8,384.2
336.2,265,381,384.2
218.6,190.6,268.2,251.4
401,135.4,447.4,199.4
449,1,512.2,76.2
405,272.2,476.2,312.2
69,152.2,155.4,246.6
372.2,168.2,437,238.6
268.2,160.2,317.8,240.2
200.2,195.4,253,249.8
405,257,496.2,312.2
405,268.2,496.2,312.2
370.6,120.2,459.4,238.6
277,265,381,384.2
80.2,267.4,166.6,316.2
72.2,145,145,187.4
1,38.6,197,79.4
93,153,155.4,252.2
223.4,128.2,273,243.4
1,1,86.6,46.6
417,197,481,250.6
396.2,108.2,457,174.6
30.6,56.2,160.2,100.2
114.6,149.8,155.4,220.2
345.8,109.8,385.8,255.4
341.8,109.8,405.8,258.6
309,265,381,384.2
1,1,192.2,46.6
268.2,169,317.8,210.6
370.6,168.2,467.4,255.4
356.2,3.4,489,44.2
1,45.8,91.4,109.8
268.2,160.2,317.8,210.6
336.2,257,388.2,300.2
201,196.2,249,251.4
153.8,191.4,198.6,241.8
359.4,105.8,433,261
258.6,208.2,317,256.2
129,11.4,337.8,57
133.8,50.6,273,95.4
445.8,135.4,485.8,196.2
398.6,121,445,174.6
1,216.2,72.2,276.2
344.2,109.8,391.4,221.8
71.4,157,153,243.4
433.8,89.8,480.2,176.2
345.8,109.8,385.8,221.8
275.4,137,315.4,206.6
210.6,191.4,260.2,245.8
49.8,153,155.4,252.2
353,3.4,489,53.8
356.2,4.2,489,44.2
223.4,128.2,264.2,202.6
426.6,306.6,475.4,349
432.2,98.6,485.8,250.6
114.6,171.4,155.4,220.2
164.2,126.6,304.2,212.2
1,233,76.2,276.2
370.6,120.2,432.2,189.8
164.2,126.6,266.6,175.4
336.2,257,380.2,300.2
