195.13,1,341.27,114.07
1,1,341.27,511.93
120.47,65,341.27,511.93
101.27,159.93,214.33,500.2
1,1,303.93,511.93
51.133,1,341.27,511.93
163.13,299.67,212.2,417
1,1,193,511.93
1,284.73,291.13,511.93
101.27,1,341.27,511.93
12.733,1,341.27,511.93
49,306.07,146.07,433
1,363.67,150.33,511.93
1,358.33,127.93,511.93
101.27,93.8,306.07,511.93
1,1,194.07,511.93
265.53,45.8,341.27,511.93
267.67,1,341.27,511.93
265.53,59.667,341.27,511.93
1,358.33,110.87,511.93
74.6,159.93,225,500.2
90.6,282.6,215.4,417
49,284.73,233.53,433
1,1,211.13,355.13
178.07,1,246.33,148.2
166.33,443.67,291.13,511.93
74.6,1,341.27,511.93
51.133,1,341.27,306.07
46.867,89.533,194.07,322.07
226.07,410.6,276.2,457.53
178.07,1,318.87,130.07
29.8,391.4,168.47,511.93
51.133,1,341.27,278.33
155.67,1,294.33,418.07
171.67,428.73,282.6,483.13
73.533,1,341.27,511.93
73.533,284.73,261.27,511.93
241,45.8,341.27,511.93
1,1,189.8,359.4
119.4,72.467,341.27,511.93
134.33,1,232.47,172.73
196.2,1,295.4,70.333
85.267,381.8,166.33,437.27
234.6,328.47,278.33,436.2
11.667,316.73,105.53,422.33
139.67,72.467,214.33,186.6
203.67,135.4,286.87,321
248.47,220.73,291.13,283.67
155.67,1,341.27,511.93
51.133,1,316.73,345.53
202.6,115.13,324.2,479.93
186.6,1,341.27,275.13
49,284.73,303.93,511.93
51.133,1,316.73,175.93
210.07,203.67,285.8,354.07
154.6,93.8,306.07,511.93
27.667,322.07,102.33,380.73
140.73,248.47,194.07,303.93
1,1,316.73,511.93
139.67,1,341.27,511.93
218.6,220.73,341.27,511.93
1,358.33,150.33,511.93
1,1,228.2,511.93
267.67,59.667,341.27,247.4
165.27,58.6,315.67,345.53
50.067,1,341.27,511.93
1,1,110.87,212.2
73.533,284.73,260.2,511.93
1,1,189.8,511.93
1,308.2,168.47,511.93
146.07,72.467,200.47,149.27
283.67,447.93,330.6,511.93
12.733,282.6,313.53,511.93
150.33,1,296.47,308.2
237.8,275.13,285.8,326.33
113,1,248.47,167.4
278.33,219.67,323.13,511.93
212.2,1,341.27,125.8
283.67,30.867,341.27,511.93
1,1,190.87,511.93
186.6,1,341.27,140.73
23.4,157.8,85.267,239.93
1,284.73,303.93,511.93
150.33,1,341.27,511.93
90.6,305,156.73,401
46.867,89.533,193,322.07
29.8,316.73,105.53,358.33
1,1,316.73,359.4
202.6,30.867,341.27,511.93
202.6,115.13,286.87,479.93
154.6,359.4,306.07,511.93
119.4,87.4,341.27,511.93
101.27,299.67,211.13,500.2
214.33,459.67,301.8,511.93
155.67,1,246.33,306.07
250.6,92.733,341.27,511.93
29.8,389.27,127.93,511.93
235.67,264.47,281.53,316.73
30.867,142.87,194.07,322.07
51.133,1,232.47,172.73
211.13,338.07,282.6,479.93
50.067,1,124.73,66.067
1,329.53,127.93,511.93
25.533,189.8,136.47,321
1,1,189.8,311.4
202.6,93.8,290.07,312.47
163.13,381.8,279.4,511.93
1,363.67,61.8,511.93
1,1,190.87,311.4
244.2,235.67,287.93,312.47
104.47,159.93,214.33,372.2
99.133,298.6,303.93,511.93
206.87,324.2,278.33,436.2
1,131.13,157.8,321
1,358.33,61.8,511.93
250.6,220.73,341.27,511.93
113,461.8,165.27,511.93
51.133,1,341.27,167.4
107.67,1,228.2,204.73
170.6,81,214.33,148.2
238.87,30.867,340.2,275.13
29.8,391.4,150.33,511.93
214.33,93.8,290.07,276.2
73.533,284.73,276.2,511.93
210.07,354.07,261.27,399.93
1,284.73,199.4,452.2
1,1,119.4,511.93
202.6,120.47,283.67,234.6
79.933,113,180.2,189.8
156.73,72.467,214.33,183.4
211.13,339.13,282.6,479.93
12.733,305,164.2,450.07
218.6,1,341.27,511.93
169.53,295.4,233.53,347.67
279.4,58.6,341.27,511.93
1,1,190.87,365.8
135.4,282.6,215.4,407.4
12.733,65,341.27,511.93
1,351.93,61.8,511.93
211.13,339.13,264.47,434.07
108.73,24.467,179.13,108.73
135.4,127.93,285.8,443.67
284.73,409.53,330.6,511.93
51.133,1,232.47,306.07
1,126.87,65,209
145,26.6,201.53,92.733
279.4,58.6,341.27,334.87
163.13,77.8,214.33,167.4
119.4,284.73,308.2,511.93
1,126.87,136.47,321
199.4,422.33,285.8,489.53
175.93,127.93,281.53,443.67
135.4,65,297.53,443.67
282.6,58.6,341.27,274.07
1,351.93,163.13,511.93
212.2,365.8,303.93,511.93
202.6,58.6,308.2,269.8
163.13,447.93,229.27,511.93
72.467,308.2,146.07,434.07
223.93,268.73,282.6,418.07
51.133,1,341.27,305
120.47,358.33,313.53,511.93
1,293.27,88.467,511.93
99.133,315.67,291.13,511.93
227.13,85.267,294.33,245.27
221.8,324.2,278.33,436.2
156.73,59.667,219.67,175.93
15.933,323.13,129,422.33
119.4,87.4,308.2,511.93
174.87,267.67,285.8,474.6
99.133,402.07,199.4,501.27
154.6,305,306.07,511.93
172.73,315.67,223.93,408.47
214.33,127.93,281.53,237.8
15.933,361.53,92.733,422.33
156.73,298.6,303.93,511.93
174.87,267.67,283.67,417
1,126.87,136.47,511.93
163.13,445.8,306.07,511.93
83.133,111.93,216.47,302.87
83.133,111.93,216.47,308.2
154.6,363.67,306.07,511.93
11.667,214.33,136.47,422.33
9.5333,131.13,66.067,239.93
163.13,445.8,282.6,511.93
1,1,63.933,58.6
81,72.467,207.93,182.33
1,126.87,136.47,359.4
282.6,413.8,329.53,511.93
50.067,1,190.87,162.07
139.67,1,341.27,186.6
227.13,5.2667,309.27,71.4
218.6,1,341.27,114.07
184.47,295.4,233.53,347.67
217.53,5.2667,309.27,97
29.8,425.53,85.267,511.93
154.6,55.4,306.07,511.93
211.13,361.53,263.4,430.87
202.6,120.47,285.8,479.93
108.73,1,295.4,204.73
195.13,1,341.27,511.93
206.87,365.8,303.93,511.93
11.667,308.2,135.4,422.33
135.4,282.6,215.4,414.87
12.733,282.6,181.27,450.07
283.67,38.333,341.27,221.8
11.667,305,164.2,460.73
173.8,1,285.8,308.2
227.13,1,341.27,125.8
1,164.2,130.07,511.93
173.8,1,296.47,308.2
83.133,106.6,140.73,162.07
173.8,1,246.33,148.2
235.67,206.87,282.6,269.8
1,316.73,101.27,422.33
214.33,55.4,318.87,130.07
252.73,470.33,306.07,511.93
214.33,93.8,290.07,312.47
66.067,214.33,136.47,323.13
174.87,93.8,290.07,474.6
298.6,1,341.27,114.07
227.13,9.5333,298.6,71.4
162.07,135.4,216.47,305
202.6,113,278.33,297.53
202.6,88.467,294.33,321
221.8,381.8,279.4,436.2
35.133,425.53,110.87,511.93
278.33,59.667,341.27,511.93
67.133,308.2,135.4,370.07
1,164.2,104.47,359.4
230.33,35.133,298.6,90.6
219.67,365.8,303.93,511.93
230.33,1,335.93,114.07
218.6,443.67,280.47,511.93
202.6,85.267,294.33,418.07
81,72.467,172.73,161
120.47,378.6,301.8,511.93
168.47,1,280.47,150.33
50.067,1,211.13,102.33
202.6,85.267,294.33,321
238.87,135.4,285.8,245.27
11.667,323.13,129,422.33
51.133,1,252.73,167.4
286.87,1,335.93,87.4
238.87,88.467,294.33,245.27
86.333,1,280.47,175.93
119.4,364.73,285.8,511.93
267.67,277.27,341.27,511.93
139.67,10.6,231.4,186.6
202.6,120.47,283.67,214.33
248.47,211.13,324.2,471.4
227.13,410.6,274.07,453.27
185.53,327.4,278.33,459.67
107.67,1,198.33,133.27
30.867,1,211.13,322.07
178.07,1,341.27,130.07
211.13,370.07,264.47,434.07
1,1,110.87,338.07
113,99.133,216.47,305
222.87,381.8,268.73,435.13
231.4,125.8,284.73,245.27
44.733,457.53,119.4,511.93
119.4,364.73,308.2,511.93
202.6,88.467,292.2,321
218.6,1,335.93,92.733
1,126.87,163.13,511.93
163.13,315.67,278.33,459.67
79.933,113,187.67,236.73
296.47,293.27,341.27,511.93
168.47,1,248.47,123.67
273,413.8,341.27,511.93
74.6,159.93,222.87,500.2
25.533,189.8,111.93,278.33
278.33,219.67,341.27,511.93
210.07,241,259.13,354.07
283.67,234.6,341.27,511.93
266.6,30.867,310.33,78.867
73.533,306.07,161,454.33
99.133,396.73,291.13,511.93
47.933,207.93,142.87,321
1,126.87,78.867,233.53
245.27,65,297.53,107.67
183.4,241,259.13,387.13
121.53,299.67,211.13,443.67
50.067,1,228.2,204.73
267.67,81,341.27,221.8
120.47,366.87,313.53,511.93
242.07,436.2,282.6,481
222.87,414.87,265.53,459.67
147.13,282.6,215.4,329.53
1,5.2667,60.733,59.667
132.2,403.13,227.13,511.93
214.33,418.07,285.8,505.53
123.67,57.533,173.8,108.73
119.4,434.07,227.13,511.93
50.067,1,211.13,182.33
141.8,1,213.27,86.333
83.133,119.4,139.67,162.07
218.6,443.67,277.27,506.6
180.2,421.27,223.93,472.47
163.13,363.67,279.4,511.93
146.07,72.467,214.33,186.6
219.67,331.67,263.4,421.27
1,305,165.27,511.93
284.73,397.8,341.27,511.93
236.73,120.47,291.13,316.73
150.33,1,341.27,308.2
227.13,104.47,294.33,200.47
171.67,455.4,313.53,511.93
156.73,298.6,223.93,367.93
227.13,122.6,277.27,175.93
202.6,55.4,300.73,266.6
83.133,58.6,315.67,345.53
79.933,113,216.47,305
1,1,189.8,303.93
227.13,122.6,277.27,169.53
27.667,381.8,130.07,511.93
136.47,101.27,190.87,156.73
1,329.53,50.067,401
74.6,159.93,214.33,500.2
138.6,111.93,216.47,302.87
186.6,19.133,308.2,133.27
117.27,410.6,203.67,500.2
230.33,1,335.93,98.067
251.67,223.93,324.2,471.4
178.07,456.47,301.8,511.93
265.53,59.667,341.27,247.4
1,305,189.8,511.93
113,97,232.47,167.4
241,87.4,292.2,139.67
143.93,71.4,232.47,172.73
230.33,127.93,281.53,227.13
1,131.13,157.8,359.4
108.73,1,231.4,204.73
283.67,1,341.27,335.93
174.87,177,269.8,408.47
251.67,223.93,341.27,511.93
213.27,326.33,263.4,390.33
175.93,326.33,263.4,409.53
196.2,1,341.27,114.07
257,1,315.67,42.6
50.067,1,295.4,204.73
134.33,1,213.27,86.333
26.6,331.67,84.2,414.87
231.4,35.133,308.2,107.67
120.47,366.87,262.33,511.93
50.067,1,190.87,92.733
11.667,323.13,130.07,422.33
1,329.53,92.733,422.33
1,329.53,165.27,511.93
105.53,1,156.73,55.4
246.33,148.2,291.13,245.27
248.47,447.93,330.6,511.93
12.733,282.6,215.4,450.07
73.533,306.07,148.2,450.07
248.47,220.73,302.87,291.13
83.133,65,154.6,162.07
267.67,212.2,341.27,511.93
119.4,434.07,203.67,484.2
244.2,235.67,287.93,316.73
1,131.13,142.87,321
231.4,143.93,284.73,245.27
248.47,428.73,303.93,511.93
11.667,293.27,88.467,414.87
230.33,1,341.27,114.07
1,363.67,51.133,511.93
105.53,284.73,244.2,511.93
187.67,177,269.8,347.67
241,65,297.53,139.67
296.47,105.53,341.27,511.93
1,204.73,110.87,488.47
74.6,371.13,158.87,453.27
187.67,267.67,283.67,417
267.67,277.27,340.2,494.87
11.667,316.73,101.27,380.73
168.47,142.87,209,183.4
111.93,449,168.47,511.93
120.47,417,203.67,511.93
1,308.2,146.07,434.07
51.133,1,171.67,114.07
28.733,391.4,127.93,511.93
1,1,60.733,59.667
99.133,402.07,228.2,501.27
196.2,1,332.73,75.667
1,358.33,60.733,511.93
1,358.33,168.47,511.93
151.4,20.2,199.4,92.733
99.133,321,228.2,501.27
195.13,1,295.4,72.467
232.47,306.07,282.6,418.07
1,124.73,136.47,365.8
202.6,55.4,295.4,237.8
283.67,30.867,340.2,234.6
227.13,104.47,296.47,200.47
209,326.33,303.93,436.2
1,293.27,182.33,511.93
227.13,1,341.27,114.07
74.6,55.4,306.07,511.93
136.47,81,207.93,182.33
126.87,424.47,203.67,500.2
168.47,1,216.47,55.4
113,1,252.73,167.4
227.13,87.4,292.2,139.67
175.93,87.4,292.2,459.67
1,153.53,60.733,215.4
29.8,425.53,95.933,511.93
156.73,59.667,202.6,143.93
1,406.33,61.8,511.93
248.47,184.47,315.67,297.53
51.133,1,133.27,129
101.27,410.6,203.67,500.2
223.93,305,284.73,459.67
1,124.73,108.73,255.93
151.4,22.333,232.47,152.47
1,152.47,56.467,317.8
202.6,120.47,285.8,354.07
236.73,220.73,325.27,463.93
156.73,298.6,214.33,342.33
283.67,30.867,341.27,234.6
1,363.67,110.87,511.93
76.733,111.93,193,301.8
178.07,1,258.07,123.67
86.333,1,232.47,175.93
138.6,135.4,216.47,305
113,72.467,220.73,204.73
121.53,1,213.27,93.8
214.33,1,316.73,109.8
171.67,456.47,301.8,511.93
236.73,327.4,302.87,451.13
209,313.53,303.93,436.2
51.133,1,280.47,175.93
186.6,26.6,248.47,123.67
119.4,461.8,165.27,511.93
120.47,402.07,218.6,511.93
230.33,1,311.4,98.067
165.27,184.47,315.67,345.53
210.07,379.67,259.13,427.67
1,123.67,63.933,197.27
209,326.33,275.13,407.4
194.07,267.67,269.8,347.67
121.53,378.6,173.8,430.87
1,1,110.87,355.13
227.13,88.467,292.2,131.13
199.4,363.67,242.07,414.87
231.4,143.93,280.47,195.13
238.87,203.67,283.67,269.8
248.47,211.13,323.13,291.13
12.733,316.73,141.8,450.07
202.6,88.467,292.2,214.33
51.133,1,182.33,118.33
25.533,364.73,141.8,450.07
105.53,323.13,146.07,402.07
171.67,402.07,262.33,483.13
1,215.4,136.47,365.8
74.6,441.53,127.93,511.93
229.27,120.47,291.13,316.73
84.2,119.4,140.73,162.07
199.4,363.67,268.73,435.13
125.8,284.73,233.53,409.53
120.47,223.93,341.27,511.93
1,204.73,41.533,250.6
233.53,305,284.73,450.07
234.6,120.47,283.67,216.47
156.73,59.667,198.33,143.93
151.4,1,341.27,221.8
30.867,220.73,108.73,312.47
104.47,159.93,214.33,500.2
1,124.73,108.73,365.8
136.47,81,198.33,182.33
11.667,124.73,56.467,167.4
178.07,1,248.47,123.67
1,134.33,60.733,215.4
229.27,30.867,341.27,275.13
267.67,277.27,324.2,465
214.33,1,316.73,97
141.8,409.53,182.33,452.2
86.333,1,202.6,143.93
283.67,86.333,325.27,234.6
218.6,443.67,277.27,511.93
175.93,127.93,285.8,443.67
1,205.8,43.667,299.67
238.87,108.73,294.33,245.27
227.13,122.6,278.33,200.47
276.2,220.73,341.27,511.93
283.67,58.6,339.13,221.8
50.067,1,198.33,102.33
174.87,329.53,263.4,408.47
72.467,308.2,135.4,370.07
219.67,1,341.27,274.07
230.33,127.93,281.53,217.53
267.67,59.667,341.27,221.8
214.33,469.27,284.73,511.93
51.133,1,126.87,94.867
219.67,365.8,263.4,428.73
1,408.47,60.733,511.93
1,204.73,61.8,488.47
143.93,97,232.47,167.4
231.4,267.67,286.87,418.07
156.73,59.667,219.67,182.33
190.87,220.73,341.27,511.93
195.13,1,282.6,69.267
84.2,106.6,140.73,162.07
231.4,143.93,280.47,201.53
113,99.133,221.8,306.07
202.6,113,278.33,204.73
156.73,298.6,303.93,436.2
241,65,297.53,217.53
12.733,316.73,102.33,380.73
121.53,1,167.4,63.933
1,124.73,127.93,511.93
253.8,466.07,308.2,511.93
171.67,366.87,262.33,483.13
138.6,125.8,180.2,186.6
72.467,305,164.2,450.07
286.87,1,341.27,187.67
35.133,325.27,107.67,419.13
9.5333,386.07,61.8,511.93
1,136.47,73.533,255.93
298.6,341.27,341.27,482.07
44.733,445.8,125.8,511.93
263.4,249.53,324.2,471.4
186.6,1,341.27,133.27
1,152.47,157.8,359.4
228.2,1,341.27,114.07
79.933,1,149.27,55.4
158.87,414.87,200.47,468.2
223.93,10.6,295.4,72.467
166.33,365.8,303.93,511.93
46.867,398.87,114.07,444.73
126.87,437.27,183.4,500.2
154.6,403.13,242.07,472.47
206.87,324.2,278.33,442.6
1,131.13,66.067,239.93
276.2,220.73,318.87,449
202.6,55.4,295.4,245.27
175.93,177,259.13,443.67
214.33,170.6,268.73,276.2
1,329.53,150.33,511.93
210.07,379.67,268.73,435.13
126.87,1,184.47,60.733
151.4,1,231.4,131.13
214.33,460.73,277.27,511.93
66.067,214.33,135.4,323.13
40.467,437.27,119.4,511.93
190.87,85.267,341.27,511.93
229.27,163.13,278.33,211.13
230.33,120.47,283.67,227.13
175.93,241,259.13,443.67
113,99.133,221.8,305
111.93,359.4,153.53,409.53
12.733,316.73,108.73,394.6
90.6,261.27,136.47,323.13
230.33,1,311.4,90.6
138.6,141.8,180.2,189.8
13.8,120.47,74.6,191.93
72.467,305,163.13,450.07
123.67,38.333,173.8,108.73
121.53,1,248.47,123.67
25.533,364.73,133.27,437.27
299.67,312.47,341.27,484.2
1,117.27,74.6,355.13
153.53,135.4,209,186.6
72.467,337,148.2,450.07
242.07,396.73,282.6,479.93
1,351.93,130.07,511.93
27.667,316.73,101.27,380.73
1,123.67,157.8,359.4
219.67,1,331.67,92.733
119.4,434.07,203.67,491.67
99.133,430.87,203.67,484.2
1,204.73,119.4,511.93
79.933,113,151.4,162.07
282.6,58.6,341.27,270.87
202.6,120.47,283.67,189.8
100.2,207.93,155.67,295.4
214.33,74.6,285.8,150.33
12.733,316.73,101.27,380.73
120.47,402.07,301.8,511.93
156.73,59.667,198.33,127.93
282.6,58.6,341.27,221.8
291.13,1,335.93,85.267
210.07,228.2,260.2,345.53
66.067,213.27,136.47,321
107.67,39.4,191.93,140.73
44.733,457.53,110.87,511.93
40.467,438.33,95.933,479.93
222.87,6.3333,305,54.333
214.33,125.8,284.73,276.2
1,358.33,51.133,505.53
135.4,316.73,181.27,407.4
154.6,363.67,279.4,511.93
85.267,325.27,177,443.67
210.07,241,285.8,354.07
66.067,260.2,136.47,321
238.87,131.13,285.8,245.27
178.07,456.47,223.93,511.93
241,218.6,286.87,311.4
39.4,371.13,107.67,415.93
1,358.33,61.8,507.67
28.733,334.87,84.2,407.4
133.27,282.6,215.4,417
51.133,316.73,101.27,380.73
175.93,87.4,292.2,409.53
155.67,392.47,285.8,489.53
50.067,1,125.8,66.067
1,293.27,127.93,511.93
218.6,91.667,285.8,133.27
1,1,193,305
81,68.2,207.93,182.33
266.6,35.133,308.2,78.867
85.267,381.8,168.47,443.67
27.667,381.8,163.13,511.93
15.933,361.53,92.733,411.67
136.47,77.8,228.2,204.73
278.33,213.27,341.27,511.93
238.87,177,284.73,245.27
12.733,322.07,102.33,380.73
186.6,125.8,260.2,345.53
1,131.13,155.67,321
107.67,62.867,172.73,133.27
203.67,135.4,285.8,319.93
72.467,305,164.2,460.73
107.67,74.6,191.93,140.73
66.067,207.93,142.87,321
195.13,1,282.6,70.333
186.6,26.6,308.2,133.27
78.867,390.33,123.67,434.07
118.33,470.33,172.73,511.93
78.867,247.4,136.47,322.07
90.6,305,164.2,450.07
123.67,24.467,179.13,142.87
283.67,1,341.27,221.8
23.4,162.07,88.467,312.47
178.07,1,222.87,75.667
231.4,35.133,308.2,125.8
171.67,428.73,301.8,511.93
171.67,455.4,301.8,511.93
219.67,1,322.07,92.733
175.93,333.8,225,409.53
12.733,367.93,168.47,511.93
202.6,120.47,283.67,253.8
161,72.467,214.33,148.2
51.133,1,222.87,278.33
113,99.133,174.87,186.6
238.87,30.867,341.27,275.13
163.13,315.67,223.93,417
93.8,113,140.73,154.6
154.6,363.67,268.73,472.47
25.533,316.73,110.87,422.33
236.73,125.8,284.73,245.27
232.47,184.47,315.67,340.2
18.067,323.13,75.667,374.33
249.53,35.133,298.6,76.733
223.93,267.67,286.87,418.07
248.47,220.73,322.07,291.13
155.67,122.6,227.13,306.07
27.667,329.53,93.8,380.73
30.867,142.87,193,322.07
235.67,206.87,279.4,269.8
95.933,102.33,140.73,154.6
186.6,87.4,292.2,345.53
91.667,284.73,199.4,399.93
185.53,334.87,263.4,431.93
155.67,122.6,215.4,303.93
73.533,284.73,244.2,511.93
203.67,135.4,286.87,319.93
161,20.2,211.13,86.333
174.87,55.4,300.73,408.47
282.6,46.867,341.27,274.07
223.93,85.267,294.33,418.07
187.67,267.67,281.53,347.67
74.6,358.33,158.87,453.27
74.6,371.13,146.07,453.27
138.6,111.93,182.33,187.67
121.53,321,163.13,409.53
218.6,1,311.4,72.467
173.8,403.13,228.2,472.47
124.73,321,165.27,429.8
121.53,1,199.4,93.8
124.73,321,186.6,468.2
187.67,267.67,282.6,347.67
227.13,364.73,285.8,474.6
86.333,1,198.33,87.4
25.533,305,164.2,450.07
150.33,456.47,291.13,511.93
156.73,135.4,209,183.4
120.47,378.6,313.53,511.93
106.6,1,167.4,67.133
283.67,220.73,325.27,463.93
236.73,327.4,282.6,436.2
299.67,312.47,341.27,511.93
222.87,327.4,278.33,459.67
165.27,211.13,260.2,345.53
227.13,87.4,292.2,245.27
283.67,30.867,340.2,275.13
230.33,275.13,285.8,341.27
76.733,142.87,193,301.8
214.33,1,316.73,55.4
35.133,425.53,82.067,476.73
133.27,299.67,189.8,417
1,1,110.87,312.47
284.73,1,331.67,87.4
223.93,12.733,294.33,70.333
239.93,461.8,306.07,511.93
35.133,325.27,177,443.67
202.6,129,278.33,253.8
83.133,111.93,139.67,162.07
202.6,55.4,300.73,245.27
113,99.133,215.4,167.4
239.93,470.33,306.07,511.93
1,117.27,60.733,215.4
66.067,207.93,157.8,321
196.2,1,332.73,97
58.6,8.4667,114.07,94.867
136.47,77.8,228.2,198.33
227.13,11.667,295.4,56.467
121.53,378.6,184.47,468.2
276.2,220.73,318.87,445.8
214.33,177,268.73,276.2
1,316.73,105.53,401
121.53,316.73,184.47,443.67
296.47,1,341.27,114.07
108.73,1,220.73,204.73
156.73,59.667,222.87,250.6
50.067,1,190.87,66.067
35.133,329.53,86.333,380.73
121.53,378.6,182.33,452.2
291.13,100.2,341.27,218.6
218.6,1,335.93,87.4
147.13,282.6,199.4,329.53
299.67,454.33,341.27,511.93
263.4,223.93,324.2,471.4
74.6,214.33,135.4,323.13
121.53,316.73,165.27,437.27
1,124.73,73.533,255.93
11.667,323.13,69.267,374.33
51.133,1,126.87,65
278.33,277.27,324.2,445.8
211.13,378.6,278.33,436.2
50.067,1,149.27,102.33
11.667,323.13,75.667,374.33
243.13,278.33,293.27,325.27
219.67,305,283.67,417
225,305,284.73,459.67
298.6,10.6,341.27,114.07
230.33,127.93,281.53,203.67
1,363.67,60.733,511.93
120.47,378.6,203.67,511.93
11.667,338.07,60.733,405.27
23.4,162.07,65,250.6
7.4,242.07,59.667,317.8
135.4,316.73,182.33,452.2
202.6,58.6,308.2,234.6
51.133,1,222.87,250.6
1,329.53,43.667,423.4
235.67,206.87,279.4,255.93
246.33,267.67,286.87,311.4
108.73,65,154.6,106.6
138.6,125.8,181.27,187.67
143.93,97,232.47,172.73
151.4,1,299.67,152.47
1,191.93,108.73,365.8
83.133,24.467,179.13,162.07
231.4,35.133,308.2,97
139.67,150.33,216.47,278.33
282.6,213.27,341.27,493.8
136.47,101.27,190.87,141.8
150.33,453.27,291.13,511.93
154.6,403.13,213.27,452.2
1,193,43.667,250.6
179.13,450.07,221.8,504.47
81,72.467,172.73,158.87
15.933,327.4,129,422.33
72.467,323.13,146.07,433
93.8,72.467,172.73,158.87
27.667,316.73,105.53,358.33
138.6,111.93,191.93,186.6
25.533,327.4,133.27,437.27
219.67,456.47,282.6,511.93
91.667,284.73,199.4,452.2
183.4,75.667,232.47,125.8
230.33,5.2667,309.27,98.067
163.13,427.67,242.07,511.93
196.2,1,237.8,70.333
147.13,299.67,211.13,413.8
1,136.47,108.73,365.8
230.33,1,311.4,72.467
166.33,450.07,227.13,511.93
12.733,356.2,60.733,405.27
168.47,1,269.8,123.67
217.53,1,332.73,75.667
235.67,184.47,315.67,316.73
50.067,1,156.73,81
11.667,316.73,110.87,422.33
91.667,310.33,140.73,379.67
186.6,26.6,285.8,133.27
175.93,366.87,237.8,409.53
283.67,58.6,340.2,234.6
180.2,420.2,242.07,472.47
207.93,469.27,284.73,511.93
230.33,120.47,283.67,217.53
229.27,139.67,279.4,214.33
227.13,85.267,294.33,268.73
282.6,213.27,341.27,511.93
143.93,101.27,215.4,167.4
53.267,463.93,111.93,511.93
44.733,191.93,108.73,243.13
166.33,450.07,225,507.67
100.2,358.33,146.07,407.4
200.47,28.733,248.47,123.67
136.47,101.27,190.87,182.33
35.133,325.27,108.73,419.13
166.33,443.67,280.47,511.93
51.133,1,213.27,133.27
230.33,127.93,281.53,205.8
223.93,10.6,295.4,70.333
283.67,30.867,325.27,234.6
243.13,278.33,297.53,325.27
236.73,120.47,291.13,297.53
227.13,122.6,277.27,200.47
243.13,418.07,285.8,474.6
225,87.4,292.2,133.27
133.27,316.73,181.27,407.4
1,231.4,97,359.4
138.6,284.73,215.4,414.87
1,215.4,108.73,365.8
226.07,418.07,303.93,511.93
236.73,1,322.07,78.867
124.73,102.33,216.47,278.33
211.13,361.53,263.4,410.6
107.67,1,211.13,133.27
163.13,77.8,228.2,167.4
214.33,305,306.07,511.93
219.67,460.73,277.27,511.93
66.067,213.27,157.8,321
46.867,111.93,193,322.07
49,306.07,139.67,389.27
242.07,436.2,282.6,479.93
286.87,105.53,328.47,187.67
175.93,366.87,237.8,443.67
165.27,296.47,260.2,345.53
25.533,189.8,78.867,233.53
146.07,100.2,200.47,186.6
72.467,305,161,450.07
105.53,284.73,233.53,409.53
166.33,450.07,221.8,507.67
282.6,59.667,341.27,221.8
50.067,1,136.47,66.067
180.2,421.27,228.2,472.47
257,184.47,311.4,247.4
91.667,310.33,140.73,388.2
218.6,445.8,277.27,506.6
202.6,113,243.13,237.8
278.33,223.93,324.2,471.4
99.133,427.67,203.67,484.2
26.6,316.73,110.87,414.87
122.6,1,198.33,41.533
203.67,173.8,257,319.93
150.33,284.73,215.4,328.47
13.8,120.47,57.533,162.07
209,361.53,259.13,407.4
145,26.6,199.4,93.8
163.13,445.8,264.47,511.93
266.6,1,322.07,78.867
168.47,1,269.8,150.33
209,326.33,275.13,435.13
217.53,5.2667,309.27,75.667
66.067,243.13,136.47,323.13
187.67,267.67,269.8,347.67
120.47,417,168.47,484.2
236.73,120.47,283.67,161
151.4,10.6,231.4,131.13
95.933,65,154.6,154.6
86.333,1,198.33,55.4
218.6,340.2,263.4,390.33
155.67,122.6,214.33,190.87
151.4,22.333,201.53,92.733
263.4,283.67,309.27,471.4
1,316.73,177,443.67
291.13,81,341.27,218.6
235.67,58.6,308.2,125.8
123.67,38.333,173.8,142.87
93.8,72.467,172.73,154.6
108.73,1,190.87,108.73
28.733,316.73,105.53,407.4
132.2,346.6,227.13,511.93
132.2,403.13,223.93,479.93
145,20.2,199.4,93.8
25.533,316.73,110.87,414.87
51.133,404.2,114.07,444.73
173.8,97,232.47,152.47
84.2,370.07,130.07,415.93
229.27,461.8,273,503.4
107.67,1,232.47,175.93
102.33,321,164.2,450.07
219.67,305,283.67,423.4
1,126.87,65,205.8
113,466.07,182.33,511.93
230.33,1,322.07,98.067
1,358.33,46.867,488.47
113,99.133,156.73,141.8
253.8,467.13,301.8,511.93
1,9.5333,63.933,58.6
234.6,120.47,283.67,205.8
172.73,171.67,216.47,302.87
86.333,1,201.53,92.733
86.333,1,167.4,67.133
147.13,325.27,214.33,409.53
206.87,37.267,248.47,123.67
35.133,325.27,93.8,373.27
131.13,284.73,199.4,329.53
282.6,307.13,341.27,493.8
146.07,72.467,214.33,149.27
134.33,1,179.13,71.4
145,444.73,203.67,511.93
105.53,284.73,210.07,402.07
12.733,331.67,84.2,414.87
29.8,391.4,127.93,486.33
230.33,5.2667,309.27,72.467
119.4,434.07,164.2,484.2
227.13,10.6,295.4,54.333
214.33,55.4,295.4,125.8
156.73,299.67,210.07,342.33
147.13,282.6,215.4,387.13
90.6,261.27,135.4,323.13
1,5.2667,54.333,59.667
155.67,424.47,203.67,493.8
231.4,157.8,279.4,214.33
150.33,436.2,291.13,511.93
83.133,65,154.6,154.6
145,26.6,199.4,92.733
90.6,243.13,136.47,323.13
138.6,111.93,181.27,187.67
214.33,55.4,295.4,113
73.533,306.07,139.67,415.93
297.53,413.8,341.27,511.93
156.73,299.67,210.07,392.47
175.93,396.73,250.6,482.07
74.6,388.2,134.33,453.27
165.27,122.6,214.33,167.4
211.13,378.6,264.47,434.07
202.6,120.47,283.67,233.53
117.27,299.67,211.13,500.2
214.33,74.6,274.07,150.33
253.8,466.07,306.07,511.93
89.533,327.4,146.07,407.4
174.87,329.53,227.13,408.47
229.27,461.8,289,503.4
185.53,334.87,263.4,430.87
138.6,111.93,188.73,188.73
1,205.8,43.667,301.8
284.73,58.6,341.27,162.07
238.87,85.267,294.33,245.27
102.33,378.6,152.47,450.07
243.13,364.73,285.8,474.6
241,267.67,286.87,311.4
214.33,445.8,264.47,505.53
1,204.73,61.8,425.53
146.07,284.73,215.4,390.33
219.67,331.67,263.4,372.2
218.6,428.73,308.2,511.93
291.13,81,341.27,219.67
231.4,35.133,308.2,95.933
2.0667,359.4,43.667,453.27
27.667,329.53,86.333,380.73
133.27,316.73,184.47,417
172.73,317.8,223.93,408.47
156.73,72.467,220.73,204.73
47.933,222.87,104.47,266.6
72.467,308.2,146.07,407.4
171.67,428.73,262.33,483.13
173.8,1,285.8,150.33
151.4,1,258.07,152.47
30.867,197.27,156.73,322.07
37.267,337,79.933,414.87
196.2,1,341.27,221.8
217.53,33,308.2,97
107.67,39.4,191.93,141.8
93.8,1,156.73,55.4
209,327.4,275.13,407.4
291.13,100.2,341.27,219.67
236.73,220.73,341.27,511.93
68.2,306.07,139.67,348.73
165.27,77.8,214.33,167.4
161,72.467,214.33,183.4
234.6,120.47,283.67,196.2
117.27,314.6,203.67,500.2
1,152.47,56.467,301.8
34.067,158.87,74.6,250.6
37.267,455.4,85.267,511.93
55.4,463.93,111.93,511.93
223.93,24.467,270.87,70.333
183.4,329.53,227.13,370.07
199.4,422.33,273,489.53
173.8,60.733,231.4,120.47
50.067,1,156.73,66.067
125.8,284.73,210.07,329.53
233.53,35.133,308.2,97
92.733,314.6,146.07,399.93
73.533,306.07,158.87,450.07
94.867,111.93,139.67,154.6
102.33,36.2,146.07,81
238.87,165.27,284.73,245.27
219.67,460.73,301.8,511.93
167.4,298.6,212.2,342.33
135.4,282.6,199.4,407.4
23.4,143.93,88.467,312.47
230.33,120.47,283.67,216.47
291.13,81,341.27,130.07
253.8,459.67,301.8,511.93
286.87,82.067,341.27,270.87
155.67,346.6,204.73,433
210.07,287.93,259.13,354.07
298.6,341.27,341.27,494.87
159.93,98.067,219.67,175.93
91.667,305,161,403.13
73.533,306.07,161,450.07
282.6,81,341.27,221.8
273,305,341.27,511.93
284.73,409.53,341.27,511.93
202.6,142.87,264.47,233.53
39.4,371.13,93.8,414.87
79.933,1,190.87,55.4
150.33,20.2,211.13,86.333
286.87,449,330.6,511.93
99.133,323.13,146.07,403.13
173.8,1,285.8,157.8
185.53,334.87,237.8,407.4
175.93,396.73,220.73,451.13
97,113,151.4,158.87
276.2,277.27,316.73,445.8
282.6,123.67,327.4,221.8
155.67,77.8,228.2,182.33
180.2,420.2,222.87,472.47
119.4,39.4,170.6,99.133
230.33,461.8,277.27,511.93
223.93,18.067,280.47,70.333
236.73,326.33,302.87,451.13
121.53,14.867,179.13,84.2
203.67,173.8,251.67,319.93
137.53,24.467,183.4,87.4
146.07,100.2,200.47,149.27
99.133,426.6,203.67,484.2
194.07,337,237.8,407.4
113,100.2,200.47,186.6
28.733,425.53,125.8,511.93
234.6,120.47,283.67,213.27
186.6,150.33,251.67,308.2
267.67,277.27,324.2,462.87
231.4,35.133,308.2,79.933
119.4,434.07,167.4,479.93
1,1,56.467,52.2
1,358.33,49,460.73
136.47,81,198.33,141.8
23.4,189.8,66.067,239.93
209,150.33,251.67,308.2
156.73,298.6,212.2,342.33
45.8,329.53,86.333,380.73
132.2,346.6,242.07,511.93
138.6,111.93,191.93,179.13
1,11.667,54.333,58.6
282.6,413.8,328.47,511.93
1,205.8,43.667,317.8
146.07,100.2,200.47,156.73
276.2,220.73,341.27,494.87
121.53,14.867,167.4,63.933
138.6,125.8,180.2,187.67
132.2,346.6,244.2,511.93
93.8,1,198.33,55.4
1,205.8,43.667,258.07
239.93,165.27,284.73,245.27
132.2,434.07,199.4,479.93
259.13,470.33,306.07,511.93
200.47,28.733,258.07,123.67
214.33,418.07,306.07,511.93
159.93,75.667,232.47,175.93
218.6,443.67,308.2,511.93
230.33,5.2667,309.27,90.6
30.867,197.27,137.53,312.47
229.27,172.73,279.4,216.47
129,24.467,179.13,77.8
1,117.27,51.133,169.53
282.6,307.13,324.2,428.73
107.67,39.4,232.47,175.93
196.2,1,257,63.933
202.6,43.667,246.33,148.2
257,184.47,306.07,245.27
1,219.67,108.73,365.8
150.33,461.8,291.13,511.93
37.267,359.4,107.67,415.93
146.07,81,198.33,137.53
119.4,434.07,199.4,501.27
205.8,228.2,251.67,316.73
108.73,57.533,173.8,108.73
1,152.47,104.47,359.4
173.8,1,231.4,120.47
1,120.47,74.6,191.93
46.867,214.33,108.73,303.93
123.67,1,198.33,76.733
194.07,177,269.8,347.67
138.6,111.93,216.47,278.33
119.4,392.47,285.8,511.93
125.8,284.73,233.53,347.67
221.8,327.4,278.33,436.2
10.6,290.07,61.8,355.13
243.13,418.07,285.8,463.93
46.867,214.33,136.47,322.07
74.6,388.2,123.67,434.07
1,222.87,104.47,359.4
50.067,1,149.27,66.067
49,316.73,110.87,375.4
89.533,402.07,148.2,450.07
1,142.87,56.467,216.47
1,242.07,61.8,425.53
221.8,328.47,278.33,436.2
11.667,293.27,88.467,374.33
1,124.73,56.467,167.4
121.53,14.867,167.4,67.133
65,197.27,137.53,294.33
30.867,232.47,88.467,312.47
28.733,316.73,105.53,365.8
151.4,22.333,232.47,125.8
294.33,82.067,341.27,221.8
99.133,396.73,250.6,484.2
84.2,115.13,140.73,161
257,468.2,308.2,511.93
51.133,1,213.27,114.07
66.067,213.27,134.33,321
136.47,101.27,212.2,190.87
236.73,120.47,283.67,167.4
269.8,1,315.67,42.6
218.6,445.8,261.27,494.87
218.6,445.8,277.27,511.93
27.667,323.13,75.667,374.33
78.867,247.4,156.73,322.07
51.133,1,167.4,67.133
92.733,328.47,140.73,399.93
251.67,1,315.67,42.6
249.53,7.4,309.27,50.067
146.07,92.733,198.33,137.53
203.67,62.867,246.33,131.13
218.6,445.8,308.2,511.93
147.13,333.8,214.33,409.53
284.73,73.533,341.27,162.07
155.67,405.27,285.8,489.53
134.33,1,184.47,60.733
11.667,340.2,85.267,422.33
284.73,115.13,325.27,162.07
123.67,1,198.33,87.4
140.73,24.467,183.4,87.4
156.73,299.67,212.2,392.47
150.33,284.73,215.4,325.27
91.667,310.33,140.73,372.2
123.67,24.467,172.73,76.733
236.73,127.93,281.53,196.2
257,184.47,315.67,271.93
106.6,1,153.53,44.733
94.867,111.93,139.67,159.93
186.6,75.667,232.47,149.27
246.33,148.2,291.13,297.53
46.867,220.73,108.73,303.93
1,152.47,85.267,317.8
219.67,331.67,263.4,390.33
230.33,35.133,298.6,76.733
40.467,445.8,119.4,511.93
183.4,70.333,231.4,120.47
165.27,228.2,260.2,345.53
46.867,325.27,93.8,373.27
29.8,391.4,127.93,511.93
8.4667,242.07,61.8,355.13
238.87,138.6,285.8,245.27
219.67,339.13,263.4,390.33
126.87,1,201.53,92.733
84.2,111.93,140.73,161
282.6,82.067,341.27,270.87
99.133,358.33,146.07,403.13
1,153.53,56.467,216.47
37.267,359.4,107.67,419.13
199.4,422.33,250.6,489.53
110.87,14.867,167.4,67.133
286.87,92.733,339.13,187.67
170.6,92.733,214.33,148.2
177,405.27,217.53,451.13
199.4,422.33,250.6,488.47
1,152.47,56.467,216.47
169.53,295.4,233.53,409.53
23.4,153.53,66.067,239.93
50.067,1,156.73,55.4
220.73,172.73,279.4,234.6
49,306.07,139.67,375.4
229.27,458.6,277.27,506.6
66.067,259.13,106.6,321
1,1,52.2,51.133
66.067,213.27,111.93,321
101.27,323.13,145,377.53
1,117.27,74.6,250.6
1,193,43.667,297.53
231.4,287.93,282.6,418.07
229.27,461.8,291.13,503.4
202.6,43.667,246.33,131.13
1,295.4,61.8,511.93
145,453.27,199.4,501.27
107.67,62.867,172.73,114.07
84.2,119.4,139.67,159.93
2.0667,139.67,63.933,197.27
266.6,5.2667,309.27,75.667
13.8,120.47,57.533,163.13
294.33,58.6,339.13,121.53
95.933,119.4,139.67,159.93
298.6,49,339.13,114.07
66.067,259.13,134.33,321
136.47,101.27,212.2,198.33
173.8,43.667,231.4,120.47
186.6,75.667,232.47,161
229.27,461.8,291.13,511.93
38.333,325.27,93.8,373.27
170.6,77.8,214.33,148.2
283.67,247.4,325.27,463.93
101.27,323.13,145,373.27
26.6,331.67,79.933,414.87
99.133,402.07,148.2,450.07
111.93,72.467,172.73,133.27
57.533,316.73,110.87,367.93
1,193,61.8,355.13
100.2,207.93,142.87,295.4
91.667,284.73,199.4,371.13
206.87,40.467,248.47,123.67
199.4,422.33,282.6,489.53
73.533,306.07,139.67,370.07
266.6,35.133,308.2,75.667
67.133,12.733,125.8,66.067
257,184.47,315.67,247.4
11.667,414.87,58.6,508.73
37.267,361.53,79.933,414.87
91.667,305,161,388.2
102.33,22.333,149.27,102.33
91.667,310.33,136.47,371.13
227.13,11.667,294.33,54.333
12.733,339.13,60.733,405.27
175.93,396.73,217.53,451.13
91.667,271.93,136.47,316.73
266.6,31.933,309.27,75.667
72.467,338.07,124.73,433
11.667,323.13,69.267,364.73
209,125.8,260.2,345.53
102.33,22.333,149.27,81
107.67,39.4,171.67,114.07
28.733,425.53,111.93,511.93
165.27,123.67,209,167.4
11.667,339.13,60.733,405.27
125.8,284.73,210.07,325.27
1,117.27,57.533,169.53
8.4667,290.07,61.8,355.13
85.267,398.87,148.2,450.07
26.6,331.67,84.2,407.4
99.133,404.2,148.2,450.07
28.733,425.53,77.8,508.73
1,295.4,43.667,453.27
191.93,75.667,232.47,125.8
7.4,242.07,61.8,355.13
93.8,306.07,139.67,346.6
107.67,62.867,172.73,106.6
132.2,421.27,223.93,479.93
44.733,445.8,119.4,511.93
