73.533,259.13,200.47,388.2
1,1,297.53,511.93
113,174.87,175.93,225
1,1,383.93,511.93
30.867,149.27,299.67,511.93
35.133,113,312.47,329.53
30.867,265.53,292.2,511.93
30.867,1,298.6,511.93
1,1,312.47,328.47
1,60.733,84.2,321
110.87,10.6,159.93,53.267
59.667,264.47,297.53,511.93
40.467,1,220.73,58.6
1,60.733,300.73,511.93
206.87,125.8,312.47,329.53
167.4,178.07,220.73,258.07
30.867,330.6,290.07,511.93
33,113,221.8,239.93
33,116.2,223.93,239.93
46.867,117.27,300.73,511.93
1,1,298.6,511.93
1,1,295.4,511.93
55.4,11.667,225,167.4
30.867,174.87,301.8,511.93
73.533,265.53,200.47,388.2
1,1,229.27,362.6
33,1,228.2,239.93
30.867,113,383.93,511.93
1,1,290.07,167.4
30.867,119.4,295.4,511.93
1,1,299.67,511.93
40.467,1,289,60.733
1,1,301.8,511.93
70.333,174.87,136.47,237.8
39.4,457.53,82.067,511.93
87.4,326.33,164.2,389.27
63.933,174.87,142.87,239.93
33,1,295.4,266.6
30.867,259.13,297.53,511.93
60.733,186.6,101.27,305
1,1,290.07,511.93
65,122.6,312.47,328.47
205.8,1,383.93,216.47
31.933,117.27,300.73,511.93
1,142.87,110.87,511.93
59.667,149.27,299.67,511.93
30.867,177,292.2,511.93
75.667,269.8,189.8,389.27
30.867,113,312.47,511.93
30.867,269.8,295.4,511.93
319.93,270.87,383.93,511.93
40.467,1,290.07,65
30.867,390.33,233.53,511.93
33,113,228.2,254.87
33,395.67,180.2,511.93
30.867,1,297.53,511.93
1,25.533,82.067,327.4
1,1,300.73,511.93
1,1,312.47,511.93
35.133,445.8,82.067,506.6
191.93,1,383.93,511.93
69.267,117.27,222.87,205.8
314.6,469.27,374.33,511.93
33,146.07,136.47,239.93
98.067,175.93,221.8,322.07
40.467,1,289,54.333
6.3333,61.8,46.867,156.73
201.53,1,383.93,511.93
246.33,9.5333,286.87,118.33
217.53,335.93,290.07,454.33
290.07,202.6,383.93,277.27
1,142.87,230.33,511.93
1,1,289,325.27
330.6,97,375.4,216.47
106.6,119.4,222.87,205.8
51.133,129,109.8,196.2
50.067,402.07,179.13,511.93
185.53,335.93,292.2,463.93
121.53,262.33,197.27,322.07
82.067,113,222.87,205.8
30.867,1,301.8,511.93
152.47,1,383.93,217.53
82.067,329.53,230.33,474.6
77.8,267.67,300.73,389.27
46.867,119.4,295.4,511.93
73.533,265.53,174.87,388.2
114.07,327.4,180.2,388.2
205.8,1,383.93,511.93
152.47,1,383.93,511.93
1,1,289,511.93
55.4,327.4,292.2,511.93
73.533,265.53,140.73,386.07
1,142.87,121.53,511.93
38.333,115.13,108.73,184.47
149.27,324.2,301.8,489.53
46.867,117.27,280.47,328.47
110.87,113,221.8,169.53
136.47,266.6,200.47,322.07
114.07,326.33,180.2,388.2
151.4,329.53,226.07,439.4
1,1,289,248.47
49,189.8,111.93,241
33,113,230.33,266.6
46.867,121.53,169.53,229.27
31.933,267.67,300.73,511.93
30.867,335.93,233.53,511.93
110.87,10.6,156.73,53.267
138.6,122.6,312.47,328.47
33,113,298.6,327.4
120.47,325.27,174.87,376.47
1,1,58.6,146.07
30.867,255.93,297.53,511.93
149.27,324.2,291.13,451.13
193,1,383.93,511.93
205.8,1,383.93,215.4
8.4667,85.267,222.87,248.47
31.933,327.4,292.2,511.93
1,1,383.93,234.6
46.867,129,109.8,191.93
1,1,136.47,362.6
123.67,3.1333,260.2,168.47
1,59.667,136.47,327.4
251.67,179.13,383.93,511.93
71.4,218.6,136.47,299.67
40.467,1,216.47,59.667
61.8,1,289,54.333
251.67,414.87,292.2,462.87
83.133,267.67,175.93,364.73
69.267,292.2,292.2,511.93
1,142.87,98.067,412.73
1,1,290.07,362.6
141.8,332.73,235.67,449
261.27,179.13,355.13,511.93
30.867,264.47,297.53,511.93
121.53,175.93,229.27,325.27
201.53,1,383.93,218.6
1,25.533,110.87,511.93
259.13,142.87,312.47,231.4
30.867,1,299.67,511.93
188.73,185.53,230.33,282.6
191.93,1,383.93,327.4
135.4,335.93,233.53,451.13
69.267,111.93,222.87,205.8
100.2,347.67,149.27,389.27
25.533,110.87,222.87,248.47
73.533,276.2,180.2,388.2
78.867,315.67,124.73,370.07
1,60.733,118.33,324.2
77.8,280.47,133.27,321
1,1,61.8,146.07
136.47,178.07,229.27,324.2
207.93,8.4667,279.4,110.87
114.07,329.53,180.2,388.2
241,178.07,286.87,260.2
1,1,289,164.2
92.733,277.27,174.87,385
33,1,279.4,254.87
33,129,158.87,239.93
117.27,327.4,235.67,444.73
65,175.93,222.87,322.07
261.27,179.13,383.93,511.93
30.867,375.4,233.53,511.93
191.93,11.667,302.87,327.4
92.733,355.13,151.4,436.2
217.53,335.93,281.53,410.6
92.733,264.47,297.53,451.13
152.47,228.2,229.27,324.2
68.2,38.333,216.47,168.47
193,139.67,317.8,328.47
110.87,113,221.8,167.4
167.4,175.93,230.33,266.6
33,113,223.93,239.93
113,174.87,220.73,223.93
312.47,14.867,353,63.933
33,146.07,98.067,209
70.333,267.67,175.93,389.27
49,184.47,136.47,299.67
33,146.07,220.73,239.93
1,1,229.27,325.27
35.133,120.47,138.6,241
46.867,119.4,279.4,329.53
30.867,409.53,121.53,511.93
55.4,327.4,235.67,461.8
98.067,395.67,161,441.53
186.6,175.93,228.2,252.73
73.533,265.53,140.73,383.93
1,1,118.33,324.2
46.867,129,108.73,189.8
198.33,8.4667,286.87,168.47
134.33,279.4,200.47,322.07
40.467,1,279.4,167.4
1,143.93,98.067,412.73
73.533,265.53,167.4,388.2
44.733,129,138.6,241
141.8,327.4,235.67,444.73
70.333,267.67,300.73,389.27
122.6,10.6,216.47,57.533
98.067,175.93,229.27,325.27
193,1,317.8,328.47
40.467,1,295.4,58.6
71.4,175.93,229.27,325.27
40.467,1,260.2,168.47
49,1,216.47,59.667
290.07,188.73,383.93,511.93
136.47,177,229.27,324.2
285.8,181.27,383.93,511.93
296.47,1,383.93,218.6
92.733,277.27,174.87,369
123.67,268.73,164.2,323.13
1,142.87,235.67,511.93
1,1,222.87,167.4
73.533,276.2,174.87,385
114.07,9.5333,228.2,167.4
167.4,177,222.87,228.2
285.8,105.53,383.93,511.93
114.07,8.4667,279.4,167.4
342.33,268.73,383.93,511.93
30.867,333.8,245.27,511.93
307.13,212.2,383.93,277.27
30.867,324.2,301.8,511.93
210.07,8.4667,280.47,168.47
33,1,298.6,327.4
95.933,392.47,283.67,511.93
30.867,401,151.4,511.93
120.47,325.27,174.87,371.13
30.867,388.2,164.2,511.93
246.33,1,383.93,215.4
258.07,179.13,355.13,511.93
61.8,10.6,225,168.47
117.27,327.4,174.87,420.2
166.33,392.47,231.4,441.53
101.27,175.93,220.73,223.93
121.53,259.13,200.47,322.07
289,191.93,383.93,280.47
285.8,181.27,383.93,318.87
1,143.93,99.133,511.93
69.267,121.53,222.87,186.6
31.933,115.13,118.33,324.2
1,25.533,51.133,168.47
193,1,383.93,328.47
37.267,120.47,108.73,193
76.733,269.8,189.8,389.27
33,136.47,136.47,239.93
40.467,1,295.4,167.4
119.4,11.667,182.33,57.533
71.4,125.8,312.47,329.53
43.667,440.47,100.2,511.93
252.73,1,330.6,170.6
61.8,13.8,225,168.47
245.27,1,383.93,217.53
135.4,330.6,230.33,437.27
70.333,267.67,294.33,389.27
216.47,181.27,383.93,511.93
35.133,113,222.87,241
108.73,392.47,283.67,511.93
69.267,324.2,301.8,511.93
60.733,174.87,136.47,245.27
119.4,115.13,172.73,157.8
1,142.87,99.133,511.93
15.933,1,91.667,136.47
232.47,407.4,289,454.33
61.8,1,218.6,47.933
82.067,355.13,151.4,474.6
173.8,334.87,290.07,454.33
35.133,440.47,99.133,506.6
1,243.13,99.133,511.93
152.47,178.07,229.27,324.2
37.267,118.33,109.8,193
259.13,125.8,299.67,179.13
55.4,9.5333,225,168.47
1,1,136.47,327.4
46.867,119.4,295.4,389.27
39.4,438.33,101.27,511.93
35.133,421.27,115.13,506.6
31.933,450.07,78.867,511.93
33,116.2,228.2,252.73
54.333,330.6,290.07,511.93
127.93,393.53,201.53,511.93
73.533,276.2,133.27,321
164.2,8.4667,279.4,167.4
91.667,326.33,150.33,389.27
169.53,332.73,226.07,436.2
42.6,115.13,108.73,171.67
37.267,129,108.73,193
20.2,1,108.73,150.33
147.13,327.4,235.67,444.73
117.27,115.13,177,164.2
92.733,361.53,138.6,427.67
83.133,295.4,135.4,383.93
15.933,1,290.07,168.47
122.6,10.6,228.2,163.13
40.467,1,145,55.4
55.4,359.4,121.53,461.8
40.467,1,290.07,168.47
100.2,344.47,164.2,389.27
79.933,297.53,189.8,351.93
211.13,334.87,290.07,454.33
66.067,393.53,201.53,511.93
257,178.07,383.93,511.93
1,60.733,99.133,511.93
185.53,125.8,312.47,329.53
30.867,447.93,77.8,511.93
38.333,127.93,136.47,245.27
251.67,125.8,319.93,330.6
108.73,423.4,211.13,478.87
149.27,324.2,291.13,407.4
73.533,276.2,133.27,370.07
265.53,257,353,511.93
164.2,334.87,290.07,462.87
35.133,139.67,89.533,180.2
25.533,110.87,136.47,245.27
50.067,334.87,282.6,511.93
54.333,129,114.07,174.87
141.8,388.2,235.67,449
210.07,8.4667,286.87,168.47
30.867,395.67,180.2,511.93
73.533,268.73,180.2,388.2
86.333,395.67,161,450.07
76.733,269.8,295.4,389.27
1,1,61.8,156.73
54.333,116.2,113,175.93
332.73,259.13,383.93,511.93
193,169.53,298.6,327.4
44.733,120.47,138.6,241
97,333.8,140.73,380.73
121.53,175.93,221.8,223.93
72.467,269.8,295.4,389.27
77.8,267.67,175.93,389.27
20.2,1,289,168.47
46.867,117.27,222.87,237.8
73.533,268.73,174.87,385
242.07,177,383.93,511.93
164.2,54.333,225,168.47
56.467,130.07,298.6,327.4
251.67,125.8,351.93,511.93
257,178.07,351.93,511.93
85.267,395.67,161,471.4
61.8,116.2,113,162.07
49,184.47,94.867,233.53
73.533,174.87,297.53,388.2
33,114.07,175.93,239.93
213.27,1,383.93,217.53
55.4,1,290.07,65
151.4,330.6,226.07,444.73
251.67,179.13,351.93,511.93
50.067,267.67,300.73,511.93
54.333,113,223.93,212.2
40.467,1,290.07,55.4
209,169.53,280.47,328.47
59.667,399.93,292.2,511.93
66.067,393.53,279.4,511.93
284.73,1,383.93,234.6
206.87,133.27,279.4,329.53
33,113,228.2,252.73
40.467,1,289,168.47
165.27,54.333,225,168.47
293.27,209,383.93,511.93
97,174.87,297.53,364.73
46.867,129,138.6,241
314.6,212.2,383.93,511.93
30.867,292.2,292.2,511.93
30.867,409.53,113,501.27
40.467,1,215.4,59.667
61.8,116.2,113,167.4
33,169.53,142.87,239.93
220.73,122.6,383.93,511.93
92.733,264.47,229.27,369
210.07,334.87,282.6,454.33
95.933,334.87,290.07,511.93
156.73,391.4,231.4,445.8
33,120.47,158.87,239.93
107.67,11.667,159.93,59.667
1,59.667,82.067,327.4
270.87,181.27,355.13,511.93
314.6,202.6,383.93,511.93
57.533,1,290.07,55.4
106.6,121.53,152.47,186.6
31.933,440.47,100.2,511.93
210.07,1,383.93,218.6
198.33,1,383.93,234.6
89.533,433,174.87,511.93
298.6,293.27,345.53,396.73
206.87,127.93,279.4,329.53
169.53,332.73,231.4,436.2
76.733,188.73,120.47,239.93
35.133,120.47,98.067,180.2
167.4,175.93,230.33,252.73
185.53,228.2,230.33,300.73
164.2,29.8,228.2,167.4
31.933,171.67,118.33,305
54.333,1,220.73,49
108.73,392.47,211.13,511.93
289,209,383.93,280.47
54.333,330.6,230.33,462.87
25.533,110.87,136.47,248.47
219.67,123.67,302.87,172.73
254.87,1,383.93,215.4
263.4,278.33,351.93,511.93
72.467,269.8,189.8,389.27
185.53,180.2,230.33,300.73
156.73,391.4,199.4,441.53
225,122.6,312.47,231.4
40.467,1,216.47,58.6
284.73,1,383.93,68.2
212.2,169.53,279.4,275.13
135.4,390.33,233.53,451.13
89.533,460.73,155.67,511.93
210.07,335.93,282.6,452.2
254.87,8.4667,361.53,169.53
40.467,1,126.87,58.6
265.53,289,351.93,511.93
105.53,390.33,233.53,451.13
42.6,8.4667,152.47,60.733
39.4,427.67,121.53,511.93
255.93,178.07,355.13,511.93
33,120.47,175.93,239.93
1,1,91.667,146.07
103.4,10.6,156.73,55.4
88.467,268.73,139.67,321
167.4,174.87,232.47,276.2
174.87,296.47,297.53,339.13
290.07,188.73,383.93,395.67
147.13,327.4,226.07,441.53
291.13,191.93,383.93,245.27
337,1,383.93,53.267
84.2,174.87,138.6,229.27
104.47,388.2,164.2,436.2
98.067,342.33,150.33,389.27
225,122.6,267.67,169.53
56.467,130.07,197.27,214.33
167.4,175.93,228.2,252.73
113,175.93,220.73,223.93
110.87,113,221.8,168.47
59.667,1,150.33,54.333
233.53,9.5333,286.87,118.33
35.133,454.33,77.8,506.6
205.8,1,383.93,219.67
107.67,428.73,151.4,481
67.133,15.933,222.87,167.4
281.53,337,351.93,511.93
38.333,129,109.8,196.2
119.4,15.933,199.4,75.667
33,116.2,136.47,239.93
55.4,11.667,225,168.47
97,326.33,180.2,388.2
1,60.733,92.733,353
46.867,166.33,138.6,229.27
213.27,1,383.93,215.4
62.867,10.6,216.47,59.667
333.8,259.13,383.93,511.93
66.067,335.93,292.2,511.93
278.33,257,345.53,431.93
43.667,129,108.73,191.93
30.867,388.2,231.4,511.93
114.07,325.27,174.87,388.2
30.867,409.53,146.07,511.93
233.53,181.27,359.4,511.93
121.53,178.07,229.27,325.27
205.8,1,383.93,234.6
62.867,359.4,121.53,457.53
56.467,113,221.8,196.2
165.27,455.4,279.4,511.93
106.6,401,151.4,459.67
77.8,280.47,121.53,325.27
135.4,330.6,230.33,443.67
33,411.67,146.07,511.93
255.93,178.07,383.93,511.93
107.67,402.07,179.13,477.8
133.27,178.07,220.73,322.07
127.93,462.87,198.33,511.93
101.27,1,159.93,53.267
123.67,268.73,200.47,323.13
82.067,113,212.2,168.47
92.733,355.13,138.6,427.67
156.73,411.67,274.07,511.93
333.8,259.13,383.93,361.53
223.93,139.67,299.67,199.4
42.6,1,289,60.733
164.2,379.67,252.73,462.87
213.27,11.667,264.47,167.4
46.867,129,138.6,229.27
152.47,239.93,229.27,324.2
63.933,174.87,133.27,239.93
205.8,8.4667,271.93,159.93
87.4,174.87,167.4,218.6
60.733,186.6,118.33,305
42.6,8.4667,121.53,60.733
87.4,326.33,140.73,382.87
77.8,268.73,140.73,383.93
121.53,259.13,200.47,323.13
79.933,269.8,189.8,351.93
77.8,267.67,175.93,382.87
117.27,115.13,172.73,157.8
56.467,10.6,228.2,196.2
121.53,115.13,212.2,168.47
40.467,1,228.2,196.2
106.6,119.4,169.53,205.8
55.4,409.53,113,460.73
198.33,1,330.6,170.6
57.533,113,223.93,212.2
251.67,179.13,298.6,270.87
106.6,121.53,169.53,186.6
76.733,174.87,136.47,239.93
257,178.07,319.93,330.6
163.13,456.47,271.93,511.93
89.533,175.93,222.87,322.07
105.53,390.33,181.27,442.6
88.467,174.87,133.27,218.6
77.8,311.4,124.73,370.07
61.8,114.07,109.8,162.07
259.13,125.8,312.47,205.8
215.4,127.93,261.27,169.53
83.133,174.87,167.4,237.8
1,1,218.6,164.2
135.4,390.33,181.27,442.6
42.6,115.13,108.73,170.6
77.8,267.67,294.33,389.27
60.733,429.8,139.67,511.93
73.533,276.2,120.47,316.73
104.47,388.2,164.2,439.4
185.53,181.27,230.33,282.6
187.67,174.87,232.47,276.2
270.87,152.47,383.93,511.93
251.67,178.07,319.93,330.6
209,241,257,326.33
60.733,334.87,290.07,511.93
1,25.533,46.867,156.73
75.667,269.8,189.8,378.6
76.733,269.8,189.8,364.73
152.47,271.93,297.53,451.13
114.07,327.4,174.87,388.2
270.87,181.27,359.4,511.93
209,241,262.33,325.27
62.867,113,221.8,169.53
298.6,132.2,346.6,207.93
30.867,409.53,146.07,501.27
46.867,119.4,231.4,243.13
163.13,456.47,283.67,511.93
108.73,423.4,173.8,477.8
73.533,265.53,164.2,386.07
292.2,211.13,348.73,276.2
252.73,1,330.6,166.33
92.733,278.33,133.27,321
1,1,58.6,168.47
39.4,439.4,89.533,511.93
54.333,1,220.73,53.267
212.2,207.93,252.73,270.87
76.733,273,130.07,331.67
66.067,402.07,179.13,511.93
58.6,1,289,54.333
89.533,267.67,175.93,351.93
148.2,261.27,229.27,325.27
61.8,118.33,109.8,162.07
1,1,218.6,511.93
266.6,337,351.93,511.93
314.6,281.53,383.93,511.93
213.27,11.667,254.87,167.4
37.267,118.33,133.27,239.93
191.93,149.27,299.67,327.4
204.73,1,295.4,167.4
88.467,326.33,149.27,389.27
283.67,337,351.93,511.93
314.6,379.67,374.33,511.93
75.667,269.8,189.8,362.6
300.73,14.867,361.53,110.87
204.73,8.4667,260.2,94.867
251.67,179.13,353,511.93
137.53,168.47,231.4,243.13
95.933,423.4,187.67,511.93
1,1,108.73,150.33
123.67,3.1333,260.2,94.867
46.867,121.53,222.87,237.8
284.73,1,383.93,85.267
102.33,10.6,156.73,53.267
97,333.8,138.6,380.73
135.4,330.6,226.07,436.2
333.8,268.73,383.93,511.93
217.53,335.93,290.07,424.47
107.67,13.8,150.33,54.333
62.867,114.07,115.13,154.6
210.07,8.4667,330.6,168.47
101.27,121.53,168.47,205.8
343.4,191.93,383.93,245.27
33,118.33,175.93,239.93
121.53,175.93,220.73,223.93
113,175.93,175.93,225
74.6,10.6,156.73,55.4
216.47,214.33,297.53,339.13
88.467,174.87,136.47,220.73
212.2,333.8,254.87,417
33,118.33,133.27,239.93
107.67,428.73,151.4,477.8
266.6,257,353,511.93
223.93,114.07,299.67,233.53
40.467,1,159.93,59.667
212.2,127.93,279.4,275.13
97,344.47,139.67,385
79.933,174.87,136.47,229.27
67.133,11.667,225,167.4
35.133,411.67,133.27,506.6
40.467,1,182.33,58.6
147.13,327.4,226.07,444.73
138.6,169.53,280.47,328.47
135.4,329.53,230.33,443.67
68.2,9.5333,218.6,164.2
119.4,111.93,191.93,168.47
107.67,111.93,222.87,168.47
134.33,266.6,200.47,322.07
77.8,278.33,133.27,347.67
163.13,451.13,283.67,511.93
55.4,409.53,121.53,485.27
123.67,268.73,166.33,323.13
152.47,329.53,226.07,439.4
49,174.87,133.27,239.93
53.267,411.67,137.53,511.93
102.33,411.67,146.07,454.33
216.47,114.07,383.93,511.93
285.8,181.27,356.2,276.2
121.53,259.13,168.47,302.87
76.733,174.87,120.47,239.93
290.07,205.8,348.73,274.07
296.47,82.067,339.13,157.8
31.933,115.13,118.33,305
163.13,334.87,290.07,511.93
31.933,401,145,511.93
37.267,120.47,79.933,193
42.6,8.4667,129,60.733
233.53,412.73,287.93,454.33
206.87,169.53,279.4,325.27
51.133,129,109.8,191.93
53.267,411.67,146.07,511.93
254.87,8.4667,330.6,169.53
46.867,166.33,134.33,213.27
9.5333,67.133,51.133,168.47
33,129,142.87,239.93
99.133,178.07,220.73,322.07
133.27,178.07,229.27,325.27
152.47,239.93,225,323.13
152.47,149.27,299.67,451.13
246.33,1,383.93,217.53
213.27,11.667,277.27,167.4
57.533,126.87,223.93,212.2
38.333,127.93,109.8,196.2
220.73,122.6,312.47,263.4
35.133,442.6,87.4,506.6
156.73,391.4,235.67,449
69.267,117.27,168.47,205.8
134.33,264.47,178.07,322.07
130.07,266.6,200.47,322.07
73.533,265.53,130.07,326.33
216.47,181.27,359.4,511.93
236.73,28.733,277.27,118.33
340.2,297.53,383.93,511.93
201.53,169.53,280.47,328.47
30.867,445.8,82.067,511.93
43.667,442.6,97,511.93
109.8,11.667,159.93,59.667
60.733,392.47,187.67,511.93
168.47,443.67,292.2,511.93
54.333,361.53,138.6,462.87
134.33,458.6,174.87,511.93
285.8,1,383.93,218.6
285.8,181.27,383.93,302.87
70.333,283.67,110.87,325.27
204.73,1,295.4,170.6
266.6,168.47,312.47,231.4
167.4,178.07,220.73,228.2
60.733,456.47,116.2,511.93
65,225,118.33,305
95.933,392.47,187.67,511.93
73.533,276.2,124.73,370.07
206.87,169.53,279.4,329.53
156.73,391.4,231.4,449
213.27,11.667,302.87,172.73
87.4,267.67,175.93,389.27
152.47,264.47,229.27,324.2
273,205.8,348.73,330.6
205.8,8.4667,383.93,216.47
74.6,11.667,125.8,54.333
92.733,280.47,133.27,321
293.27,209,383.93,280.47
63.933,174.87,133.27,218.6
220.73,122.6,267.67,169.53
67.133,11.667,222.87,167.4
167.4,175.93,230.33,254.87
55.4,24.467,149.27,65
296.47,1,383.93,234.6
206.87,193,261.27,325.27
46.867,166.33,134.33,229.27
285.8,181.27,383.93,279.4
210.07,335.93,275.13,452.2
119.4,9.5333,218.6,75.667
158.87,349.8,230.33,443.67
53.267,439.4,110.87,511.93
79.933,269.8,189.8,364.73
76.733,195.13,120.47,239.93
61.8,129,114.07,174.87
127.93,302.87,189.8,351.93
282.6,150.33,383.93,280.47
69.267,405.27,292.2,511.93
284.73,1,383.93,135.4
30.867,439.4,89.533,511.93
77.8,268.73,139.67,383.93
97,174.87,232.47,364.73
83.133,295.4,167.4,388.2
77.8,280.47,126.87,325.27
257,178.07,319.93,426.6
73.533,265.53,139.67,326.33
213.27,11.667,260.2,167.4
205.8,8.4667,271.93,142.87
210.07,335.93,268.73,387.13
107.67,111.93,162.07,157.8
49,174.87,133.27,229.27
33,395.67,161,511.93
186.6,181.27,230.33,282.6
289,206.87,343.4,280.47
117.27,327.4,235.67,449
55.4,1,200.47,65
61.8,24.467,225,168.47
60.733,411.67,139.67,511.93
30.867,447.93,81,511.93
156.73,411.67,267.67,511.93
43.667,129,99.133,175.93
91.667,178.07,142.87,225
89.533,282.6,175.93,351.93
129,15.933,207.93,75.667
164.2,31.933,223.93,167.4
289,152.47,383.93,331.67
205.8,35.133,253.8,168.47
285.8,181.27,370.07,279.4
71.4,218.6,197.27,322.07
88.467,174.87,133.27,223.93
108.73,392.47,211.13,478.87
79.933,174.87,133.27,229.27
69.267,121.53,168.47,186.6
1,1,214.33,511.93
53.267,388.2,164.2,511.93
255.93,139.67,317.8,215.4
210.07,334.87,282.6,452.2
51.133,141.8,109.8,185.53
77.8,267.67,175.93,370.07
156.73,334.87,282.6,511.93
230.33,335.93,301.8,489.53
89.533,286.87,149.27,342.33
33,146.07,120.47,239.93
46.867,119.4,169.53,229.27
68.2,38.333,225,168.47
69.267,121.53,222.87,237.8
230.33,385,283.67,451.13
92.733,401,145,471.4
204.73,1,295.4,43.667
341.27,335.93,383.93,511.93
333.8,264.47,383.93,511.93
212.2,169.53,279.4,250.6
120.47,325.27,164.2,371.13
106.6,121.53,169.53,213.27
84.2,188.73,138.6,229.27
30.867,449,116.2,511.93
119.4,13.8,207.93,75.667
59.667,129,108.73,169.53
108.73,423.4,173.8,511.93
295.4,82.067,383.93,234.6
83.133,267.67,175.93,370.07
61.8,1,289,47.933
289,152.47,383.93,511.93
104.47,395.67,161,436.2
79.933,297.53,135.4,345.53
31.933,450.07,82.067,511.93
141.8,393.53,187.67,461.8
92.733,412.73,145,471.4
110.87,113,178.07,158.87
151.4,391.4,195.13,444.73
101.27,1,200.47,53.267
43.667,129,99.133,191.93
138.6,391.4,200.47,443.67
225,123.67,302.87,172.73
62.867,11.667,159.93,59.667
83.133,268.73,139.67,383.93
158.87,393.53,200.47,443.67
107.67,402.07,164.2,481
300.73,35.133,361.53,110.87
55.4,379.67,95.933,461.8
292.2,211.13,383.93,277.27
285.8,269.8,329.53,327.4
91.667,401,151.4,459.67
319.93,212.2,383.93,361.53
284.73,1,383.93,51.133
92.733,425.53,136.47,471.4
89.533,267.67,175.93,364.73
167.4,177,223.93,250.6
54.333,129,108.73,178.07
60.733,458.6,115.13,511.93
205.8,8.4667,330.6,169.53
110.87,10.6,156.73,55.4
105.53,302.87,175.93,354.07
205.8,8.4667,271.93,119.4
223.93,139.67,299.67,233.53
227.13,335.93,282.6,452.2
105.53,175.93,221.8,233.53
343.4,191.93,383.93,242.07
55.4,1,104.47,53.267
238.87,412.73,289,454.33
151.4,330.6,235.67,449
87.4,174.87,167.4,217.53
273,242.07,334.87,330.6
47.933,8.4667,121.53,60.733
241,178.07,286.87,328.47
151.4,391.4,195.13,441.53
341.27,298.6,383.93,511.93
98.067,175.93,221.8,228.2
97,292.2,291.13,451.13
97,239.93,225,364.73
97,292.2,173.8,364.73
55.4,1,156.73,65
62.867,114.07,109.8,154.6
67.133,11.667,115.13,54.333
342.33,212.2,383.93,264.47
120.47,1,218.6,47.933
278.33,257,353,511.93
59.667,129,108.73,175.93
74.6,11.667,115.13,54.333
216.47,214.33,297.53,409.53
223.93,114.07,383.93,280.47
95.933,423.4,173.8,511.93
296.47,14.867,383.93,216.47
173.8,379.67,252.73,454.33
56.467,130.07,197.27,196.2
209,193,277.27,328.47
206.87,234.6,271.93,329.53
217.53,335.93,281.53,413.8
95.933,267.67,138.6,313.53
212.2,169.53,280.47,270.87
193,456.47,271.93,511.93
254.87,8.4667,383.93,216.47
156.73,391.4,199.4,444.73
341.27,415.93,383.93,511.93
151.4,330.6,235.67,444.73
290.07,205.8,383.93,277.27
258.07,179.13,308.2,275.13
230.33,380.73,282.6,434.07
154.6,330.6,226.07,439.4
206.87,193,262.33,325.27
67.133,11.667,152.47,54.333
105.53,302.87,175.93,364.73
89.533,286.87,175.93,351.93
91.667,269.8,137.53,318.87
87.4,326.33,140.73,380.73
89.533,286.87,175.93,364.73
92.733,412.73,145,459.67
49,189.8,90.6,233.53
332.73,259.13,383.93,361.53
89.533,292.2,149.27,342.33
98.067,13.8,150.33,54.333
107.67,402.07,164.2,477.8
137.53,393.53,201.53,469.27
341.27,297.53,383.93,511.93
95.933,460.73,155.67,511.93
241,139.67,317.8,328.47
46.867,129,108.73,191.93
99.133,213.27,139.67,281.53
60.733,174.87,136.47,237.8
211.13,246.33,271.93,329.53
95.933,433,174.87,511.93
295.4,82.067,375.4,216.47
319.93,212.2,383.93,277.27
252.73,8.4667,330.6,166.33
209,241,260.2,326.33
163.13,451.13,271.93,511.93
319.93,270.87,363.67,361.53
292.2,211.13,348.73,274.07
95.933,433,164.2,511.93
106.6,121.53,167.4,205.8
217.53,335.93,289,454.33
46.867,129,114.07,191.93
205.8,8.4667,286.87,159.93
93.8,11.667,152.47,54.333
66.067,402.07,164.2,511.93
115.13,269.8,164.2,321
51.133,129,109.8,185.53
307.13,216.47,383.93,279.4
285.8,181.27,356.2,274.07
250.6,335.93,292.2,409.53
229.27,378.6,290.07,424.47
89.533,178.07,222.87,322.07
290.07,205.8,342.33,255.93
89.533,411.67,137.53,470.33
289,152.47,383.93,280.47
212.2,335.93,268.73,387.13
212.2,169.53,280.47,250.6
121.53,262.33,168.47,312.47
230.33,404.2,283.67,451.13
60.733,458.6,109.8,511.93
133.27,178.07,222.87,322.07
83.133,295.4,123.67,361.53
251.67,179.13,298.6,328.47
294.33,289,345.53,458.6
54.333,413.8,101.27,462.87
69.267,121.53,168.47,205.8
45.8,1,111.93,55.4
106.6,121.53,169.53,205.8
213.27,9.5333,259.13,75.667
127.93,462.87,174.87,511.93
241,177,287.93,233.53
335.93,259.13,383.93,346.6
220.73,122.6,312.47,231.4
119.4,15.933,207.93,75.667
300.73,14.867,383.93,135.4
265.53,289,345.53,458.6
45.8,1,145,55.4
209,169.53,280.47,325.27
151.4,329.53,226.07,441.53
137.53,393.53,187.67,469.27
338.07,268.73,383.93,511.93
278.33,257,345.53,458.6
295.4,82.067,346.6,207.93
54.333,402.07,179.13,511.93
139.67,462.87,198.33,511.93
83.133,174.87,136.47,237.8
230.33,385,291.13,451.13
225,246.33,271.93,329.53
101.27,155.67,167.4,205.8
66.067,467.13,114.07,511.93
251.67,179.13,348.73,330.6
149.27,324.2,291.13,436.2
121.53,115.13,212.2,167.4
181.27,443.67,292.2,511.93
295.4,82.067,339.13,169.53
206.87,234.6,261.27,325.27
230.33,385,301.8,489.53
270.87,278.33,351.93,511.93
89.533,411.67,146.07,470.33
165.27,455.4,266.6,511.93
101.27,130.07,197.27,196.2
251.67,179.13,298.6,263.4
290.07,211.13,348.73,274.07
168.47,458.6,271.93,511.93
299.67,266.6,359.4,438.33
1,142.87,63.933,297.53
299.67,266.6,359.4,331.67
330.6,45.8,383.93,216.47
215.4,29.8,264.47,142.87
105.53,286.87,175.93,364.73
292.2,211.13,348.73,268.73
259.13,412.73,301.8,489.53
87.4,174.87,136.47,217.53
255.93,139.67,299.67,199.4
213.27,9.5333,286.87,118.33
233.53,380.73,275.13,452.2
107.67,402.07,163.13,477.8
201.53,457.53,279.4,511.93
59.667,129,108.73,174.87
290.07,209,383.93,280.47
69.267,405.27,183.4,511.93
205.8,8.4667,286.87,168.47
89.533,175.93,167.4,217.53
209,241,257,325.27
281.53,337,353,511.93
209,8.4667,286.87,118.33
298.6,289,345.53,396.73
227.13,335.93,282.6,434.07
282.6,257,345.53,396.73
251.67,179.13,308.2,275.13
89.533,220.73,178.07,322.07
165.27,455.4,267.67,511.93
29.8,258.07,73.533,349.8
209,8.4667,271.93,75.667
165.27,455.4,238.87,511.93
129,15.933,199.4,75.667
158.87,177,221.8,218.6
341.27,425.53,383.93,511.93
117.27,365.8,157.8,420.2
282.6,257,329.53,327.4
99.133,220.73,139.67,281.53
109.8,121.53,168.47,165.27
339.13,45.8,383.93,135.4
227.13,335.93,268.73,387.13
295.4,132.2,346.6,207.93
339.13,23.4,383.93,135.4
217.53,169.53,280.47,220.73
307.13,233.53,359.4,277.27
66.067,467.13,109.8,511.93
278.33,257,345.53,396.73
20.2,1,89.533,131.13
342.33,212.2,383.93,267.67
339.13,45.8,383.93,121.53
105.53,302.87,149.27,354.07
209,241,260.2,325.27
165.27,455.4,221.8,503.4
89.533,220.73,139.67,281.53
307.13,233.53,367.93,277.27
201.53,457.53,266.6,511.93
258.07,179.13,298.6,260.2
201.53,457.53,266.6,504.47
285.8,269.8,334.87,330.6
284.73,1,366.87,51.133
296.47,45.8,383.93,216.47
68.2,38.333,216.47,164.2
