1,1,190.87,511.93
1,1,341.27,511.93
113,255.93,217.53,511.93
139.67,1,276.2,511.93
245.27,1,341.27,511.93
1,4.2,191.93,511.93
1,1,282.6,511.93
139.67,1,282.6,511.93
210.07,369,266.6,511.93
133.27,1,341.27,274.07
110.87,1,341.27,511.93
110.87,1,273,511.93
169.53,146.07,266.6,511.93
249.53,1,341.27,511.93
1,1,194.07,511.93
110.87,1,276.2,511.93
108.73,255.93,217.53,511.93
157.8,185.53,266.6,511.93
1,3.1333,194.07,511.93
252.73,1,341.27,511.93
108.73,1,341.27,511.93
1,1,292.2,511.93
108.73,1,310.33,511.93
1,1,292.2,142.87
1,1,191.93,511.93
139.67,1,271.93,218.6
1,1,193,511.93
1,3.1333,190.87,511.93
155.67,408.47,198.33,462.87
110.87,92.733,280.47,511.93
136.47,1,310.33,262.33
181.27,184.47,266.6,511.93
261.27,2.0667,341.27,511.93
1,1,200.47,511.93
162.07,76.733,205.8,146.07
157.8,91.667,266.6,511.93
226.07,73.533,269.8,421.27
138.6,1,194.07,107.67
139.67,1,341.27,511.93
133.27,1,341.27,511.93
185.53,185.53,266.6,511.93
162.07,1,282.6,111.93
1,1,194.07,107.67
157.8,281.53,239.93,511.93
108.73,231.4,200.47,511.93
162.07,93.8,262.33,511.93
1,1,215.4,113
108.73,231.4,239.93,511.93
209,366.87,266.6,511.93
158.87,213.27,203.67,259.13
140.73,10.6,188.73,70.333
108.73,308.2,170.6,388.2
198.33,84.2,265.53,221.8
162.07,91.667,266.6,511.93
161,70.333,235.67,223.93
139.67,1,282.6,259.13
173.8,1,341.27,183.4
292.2,1,341.27,511.93
245.27,327.4,291.13,511.93
179.13,183.4,271.93,511.93
1,1,174.87,77.8
133.27,1,265.53,274.07
162.07,198.33,220.73,259.13
1,1,282.6,259.13
158.87,281.53,239.93,511.93
140.73,3.1333,205.8,107.67
158.87,316.73,239.93,511.93
188.73,184.47,257,330.6
1,4.2,190.87,511.93
169.53,93.8,262.33,511.93
113,255.93,197.27,335.93
188.73,248.47,245.27,380.73
110.87,201.53,204.73,511.93
162.07,84.2,258.07,259.13
108.73,183.4,271.93,511.93
157.8,402.07,201.53,481
161,70.333,266.6,511.93
189.8,181.27,266.6,511.93
110.87,243.13,241,511.93
226.07,1,341.27,511.93
242.07,1,341.27,511.93
162.07,198.33,221.8,259.13
110.87,243.13,200.47,413.8
294.33,1,341.27,511.93
1,4.2,194.07,511.93
1,3.1333,193,511.93
157.8,308.2,241,511.93
154.6,316.73,239.93,511.93
113,255.93,217.53,417
136.47,10.6,221.8,255.93
136.47,9.5333,193,255.93
166.33,442.6,223.93,511.93
162.07,91.667,235.67,182.33
173.8,1,310.33,181.27
226.07,73.533,289,511.93
169.53,365.8,266.6,511.93
187.67,290.07,241,355.13
142.87,54.333,194.07,107.67
262.33,2.0667,341.27,511.93
133.27,1,205.8,132.2
249.53,209,291.13,511.93
146.07,1,196.2,44.733
161,70.333,227.13,147.13
139.67,1,282.6,221.8
108.73,255.93,200.47,415.93
190.87,185.53,257,274.07
295.4,129,341.27,494.87
110.87,213.27,201.53,420.2
187.67,1,261.27,60.733
110.87,177,287.93,511.93
164.2,209,220.73,250.6
153.53,308.2,239.93,511.93
158.87,92.733,259.13,276.2
187.67,145,258.07,221.8
139.67,33,191.93,94.867
157.8,91.667,271.93,511.93
243.13,328.47,287.93,511.93
110.87,201.53,202.6,449
167.4,135.4,265.53,253.8
179.13,184.47,266.6,511.93
185.53,185.53,260.2,511.93
206.87,366.87,266.6,511.93
244.2,1,341.27,511.93
190.87,181.27,266.6,511.93
243.13,1,341.27,511.93
179.13,183.4,259.13,382.87
249.53,47.933,292.2,511.93
181.27,143.93,265.53,246.33
136.47,9.5333,221.8,262.33
140.73,1,273,511.93
181.27,92.733,246.33,197.27
108.73,231.4,200.47,415.93
187.67,281.53,239.93,356.2
108.73,308.2,170.6,358.33
140.73,1,273,253.8
111.93,255.93,200.47,415.93
110.87,243.13,200.47,420.2
108.73,310.33,170.6,387.13
157.8,319.93,242.07,511.93
218.6,93.8,259.13,218.6
157.8,395.67,230.33,511.93
130.07,243.13,196.2,332.73
154.6,308.2,239.93,511.93
177,248.47,260.2,511.93
154.6,306.07,241,511.93
140.73,1,310.33,146.07
158.87,319.93,239.93,511.93
220.73,177,287.93,511.93
157.8,308.2,217.53,511.93
140.73,1,310.33,114.07
110.87,243.13,196.2,412.73
162.07,187.67,221.8,262.33
108.73,146.07,266.6,511.93
185.53,248.47,260.2,511.93
153.53,402.07,201.53,481
188.73,210.07,266.6,511.93
110.87,281.53,170.6,388.2
110.87,213.27,201.53,462.87
157.8,70.333,276.2,511.93
139.67,33,184.47,74.6
162.07,204.73,211.13,259.13
175.93,92.733,246.33,204.73
164.2,203.67,221.8,250.6
139.67,1,194.07,107.67
151.4,92.733,259.13,290.07
173.8,1,341.27,181.27
147.13,1,310.33,197.27
1,1,193,188.73
154.6,84.2,258.07,259.13
149.27,282.6,207.93,358.33
191.93,1,253.8,52.2
179.13,183.4,266.6,511.93
140.73,1,310.33,511.93
113,255.93,217.53,376.47
115.13,177,287.93,511.93
195.13,1,282.6,43.667
154.6,451.13,207.93,511.93
190.87,185.53,259.13,337
145,54.333,193,172.73
173.8,91.667,235.67,182.33
189.8,181.27,280.47,511.93
164.2,92.733,259.13,276.2
172.73,209,220.73,250.6
136.47,1,191.93,97
267.67,1,341.27,170.6
108.73,255.93,207.93,417
156.73,78.867,265.53,274.07
162.07,207.93,203.67,259.13
197.27,1,253.8,60.733
166.33,443.67,207.93,491.67
153.53,372.2,201.53,481
203.67,84.2,265.53,221.8
136.47,10.6,221.8,262.33
293.27,132.2,341.27,511.93
140.73,2.0667,187.67,71.4
179.13,184.47,259.13,511.93
157.8,70.333,266.6,511.93
159.93,329.53,241,511.93
177,346.6,230.33,433
158.87,92.733,259.13,290.07
139.67,1,282.6,110.87
162.07,1,268.73,110.87
157.8,370.07,212.2,511.93
129,313.53,197.27,390.33
156.73,248.47,260.2,511.93
191.93,183.4,259.13,275.13
181.27,203.67,221.8,246.33
242.07,73.533,289,511.93
245.27,1,292.2,511.93
115.13,201.53,202.6,449
259.13,1,310.33,75.667
162.07,69.267,205.8,164.2
113,255.93,207.93,417
162.07,93.8,266.6,511.93
159.93,421.27,241,511.93
110.87,273,173.8,383.93
146.07,1,292.2,101.27
169.53,365.8,260.2,511.93
145,54.333,193,188.73
115.13,246.33,260.2,511.93
155.67,308.2,217.53,511.93
290.07,1,341.27,511.93
153.53,313.53,212.2,511.93
211.13,369,266.6,511.93
163.13,203.67,221.8,250.6
226.07,73.533,287.93,511.93
203.67,84.2,253.8,172.73
161,173.8,209,255.93
157.8,310.33,217.53,511.93
294.33,107.67,341.27,325.27
211.13,317.8,259.13,511.93
172.73,84.2,258.07,221.8
294.33,161,341.27,511.93
211.13,362.6,254.87,442.6
292.2,1,341.27,168.47
110.87,276.2,173.8,383.93
171.67,452.2,241,511.93
295.4,1,341.27,173.8
294.33,122.6,341.27,511.93
136.47,41.533,193,255.93
110.87,276.2,173.8,344.47
151.4,92.733,280.47,511.93
142.87,1,273,117.27
158.87,205.8,203.67,259.13
173.8,1,257,117.27
172.73,147.13,215.4,223.93
111.93,255.93,195.13,330.6
161,1,253.8,101.27
230.33,1,310.33,75.667
137.53,326.33,197.27,390.33
156.73,408.47,241,511.93
220.73,177,268.73,337
167.4,92.733,265.53,253.8
108.73,308.2,170.6,387.13
159.93,408.47,241,511.93
140.73,9.5333,187.67,77.8
158.87,343.4,232.47,511.93
185.53,404.2,260.2,511.93
187.67,306.07,241,382.87
157.8,290.07,242.07,511.93
115.13,246.33,196.2,332.73
169.53,364.73,266.6,511.93
197.27,1,251.67,43.667
110.87,273,170.6,388.2
218.6,369,259.13,467.13
206.87,369,266.6,511.93
137.53,329.53,199.4,417
294.33,132.2,341.27,511.93
245.27,1,294.33,511.93
146.07,1,292.2,142.87
161,1,271.93,101.27
1,1,191.93,97
211.13,366.87,254.87,442.6
245.27,1,310.33,511.93
292.2,4.2,341.27,511.93
129,313.53,187.67,390.33
187.67,84.2,258.07,221.8
211.13,369,259.13,502.33
1,1,153.53,59.667
212.2,445.8,254.87,511.93
110.87,276.2,173.8,332.73
293.27,1,341.27,511.93
115.13,246.33,213.27,390.33
165.27,187.67,221.8,249.53
111.93,255.93,197.27,390.33
173.8,91.667,226.07,171.67
162.07,171.67,221.8,262.33
136.47,41.533,191.93,133.27
212.2,181.27,258.07,387.13
110.87,281.53,170.6,339.13
162.07,198.33,203.67,259.13
171.67,452.2,222.87,511.93
188.73,145,262.33,409.53
226.07,221.8,269.8,421.27
155.67,411.67,204.73,511.93
157.8,306.07,241,511.93
232.47,181.27,276.2,465
164.2,198.33,227.13,276.2
137.53,308.2,197.27,390.33
145,60.733,193,130.07
295.4,2.0667,341.27,170.6
108.73,255.93,195.13,341.27
243.13,1,310.33,178.07
133.27,3.1333,205.8,132.2
187.67,145,228.2,196.2
218.6,386.07,259.13,468.2
165.27,199.4,207.93,249.53
179.13,250.6,247.4,382.87
110.87,213.27,200.47,420.2
158.87,343.4,222.87,467.13
190.87,181.27,258.07,387.13
162.07,53.267,205.8,146.07
199.4,210.07,254.87,330.6
164.2,145,227.13,276.2
153.53,406.33,198.33,511.93
181.27,92.733,246.33,181.27
108.73,231.4,197.27,390.33
139.67,1,282.6,111.93
110.87,243.13,196.2,420.2
181.27,135.4,265.53,225
133.27,3.1333,193,188.73
115.13,246.33,202.6,418.07
173.8,428.73,221.8,479.93
252.73,1,293.27,511.93
206.87,414.87,266.6,511.93
294.33,199.4,341.27,325.27
137.53,326.33,197.27,388.2
162.07,91.667,235.67,196.2
219.67,468.2,266.6,511.93
216.47,468.2,266.6,511.93
113,255.93,207.93,358.33
140.73,1,273,117.27
177,248.47,245.27,431.93
137.53,322.07,200.47,418.07
190.87,268.73,235.67,310.33
298.6,303.93,341.27,511.93
138.6,255.93,196.2,335.93
166.33,442.6,220.73,501.27
157.8,421.27,210.07,511.93
180.2,93.8,246.33,197.27
169.53,145,262.33,511.93
188.73,146.07,262.33,409.53
158.87,319.93,222.87,467.13
162.07,93.8,202.6,150.33
162.07,91.667,235.67,201.53
161,70.333,228.2,223.93
157.8,310.33,230.33,511.93
108.73,310.33,170.6,358.33
156.73,109.8,202.6,168.47
244.2,2.0667,294.33,511.93
147.13,1,270.87,197.27
150.33,329.53,199.4,417
161,70.333,227.13,223.93
191.93,183.4,257,258.07
145,60.733,205.8,107.67
245.27,328.47,287.93,511.93
147.13,1,310.33,114.07
158.87,343.4,239.93,511.93
140.73,3.1333,187.67,77.8
113,255.93,196.2,335.93
166.33,343.4,222.87,467.13
110.87,281.53,170.6,383.93
211.13,408.47,254.87,502.33
173.8,187.67,221.8,249.53
161,1,268.73,101.27
245.27,273,289,511.93
245.27,1,301.8,294.33
185.53,422.33,260.2,511.93
219.67,469.27,266.6,511.93
159.93,308.2,241,511.93
110.87,258.07,196.2,420.2
164.2,93.8,259.13,276.2
131.13,255.93,195.13,330.6
245.27,1,294.33,219.67
136.47,41.533,221.8,255.93
145,54.333,193,168.47
110.87,260.2,170.6,388.2
188.73,184.47,257,319.93
136.47,1,191.93,94.867
147.13,1,270.87,114.07
188.73,210.07,257,330.6
140.73,9.5333,187.67,71.4
166.33,442.6,220.73,511.93
218.6,369,259.13,468.2
179.13,248.47,245.27,380.73
140.73,3.1333,205.8,132.2
293.27,2.0667,341.27,511.93
157.8,319.93,230.33,511.93
149.27,268.73,215.4,358.33
158.87,316.73,239.93,467.13
175.93,92.733,235.67,204.73
191.93,1,259.13,52.2
115.13,246.33,200.47,418.07
180.2,76.733,246.33,197.27
139.67,1,186.6,70.333
129,326.33,197.27,390.33
190.87,95.933,235.67,204.73
149.27,268.73,217.53,376.47
188.73,210.07,257,319.93
294.33,159.93,341.27,325.27
165.27,171.67,221.8,249.53
164.2,198.33,227.13,250.6
115.13,246.33,196.2,390.33
139.67,1,182.33,60.733
173.8,91.667,217.53,140.73
295.4,19.133,341.27,168.47
145,60.733,193,168.47
162.07,202.6,202.6,262.33
164.2,204.73,211.13,250.6
188.73,184.47,259.13,511.93
180.2,465,222.87,511.93
142.87,1,194.07,107.67
191.93,1,254.87,52.2
188.73,251.67,245.27,380.73
139.67,29.8,191.93,94.867
108.73,231.4,195.13,341.27
131.13,255.93,186.6,297.53
190.87,93.8,235.67,204.73
137.53,309.27,200.47,418.07
161,1,271.93,142.87
173.8,1,259.13,117.27
164.2,203.67,220.73,250.6
222.87,51.133,268.73,100.2
115.13,201.53,202.6,418.07
211.13,362.6,255.93,442.6
251.67,1,310.33,178.07
185.53,404.2,260.2,475.67
161,199.4,202.6,255.93
188.73,210.07,257,287.93
191.93,123.67,235.67,182.33
161,1,271.93,114.07
146.07,1,292.2,60.733
244.2,2.0667,293.27,178.07
203.67,84.2,258.07,221.8
201.53,47.933,268.73,142.87
173.8,171.67,221.8,225
161,1,271.93,218.6
140.73,276.2,190.87,332.73
149.27,308.2,189.8,358.33
153.53,406.33,198.33,462.87
251.67,1,292.2,511.93
295.4,253.8,341.27,337
206.87,414.87,255.93,509.8
178.07,343.4,222.87,467.13
162.07,1,282.6,110.87
156.73,109.8,265.53,274.07
162.07,69.267,205.8,150.33
134.33,259.13,196.2,307.13
201.53,47.933,268.73,122.6
188.73,250.6,243.13,319.93
188.73,250.6,247.4,382.87
142.87,1,270.87,117.27
190.87,454.33,232.47,511.93
185.53,422.33,260.2,493.8
230.33,1,283.67,59.667
161,70.333,215.4,147.13
110.87,281.53,170.6,332.73
157.8,395.67,230.33,479.93
136.47,255.93,195.13,330.6
199.4,210.07,249.53,287.93
199.4,185.53,257,274.07
245.27,1,294.33,181.27
212.2,181.27,258.07,287.93
182.33,343.4,222.87,467.13
267.67,3.1333,341.27,170.6
170.6,310.33,213.27,413.8
173.8,2.0667,257,117.27
146.07,1,186.6,70.333
207.93,414.87,255.93,509.8
181.27,200.47,266.6,511.93
207.93,414.87,255.93,494.87
218.6,163.13,259.13,218.6
177,329.53,221.8,431.93
181.27,143.93,232.47,246.33
195.13,1,260.2,43.667
187.67,1,251.67,43.667
199.4,210.07,257,258.07
181.27,143.93,265.53,274.07
145,60.733,193,107.67
181.27,145,265.53,225
177,319.93,230.33,433
187.67,1,292.2,60.733
186.6,106.6,246.33,181.27
142.87,270.87,195.13,330.6
212.2,445.8,254.87,493.8
292.2,1,341.27,88.467
139.67,1,187.67,74.6
188.73,248.47,245.27,404.2
133.27,273,196.2,332.73
295.4,19.133,341.27,173.8
157.8,395.67,230.33,459.67
290.07,3.1333,341.27,170.6
181.27,156.73,232.47,225
135.4,246.33,196.2,330.6
161,92.733,209,147.13
201.53,37.267,268.73,142.87
173.8,1,259.13,181.27
292.2,291.13,341.27,511.93
181.27,156.73,232.47,205.8
267.67,1,310.33,151.4
185.53,366.87,260.2,511.93
157.8,421.27,223.93,511.93
181.27,156.73,232.47,246.33
211.13,366.87,254.87,426.6
110.87,243.13,196.2,387.13
196.2,316.73,241,382.87
142.87,1,257,117.27
166.33,443.67,220.73,501.27
129,343.4,174.87,390.33
179.13,251.67,245.27,380.73
292.2,1,341.27,325.27
188.73,210.07,257,420.2
185.53,422.33,260.2,475.67
177,353,230.33,433
133.27,246.33,196.2,332.73
124.73,258.07,190.87,332.73
244.2,2.0667,294.33,298.6
199.4,219.67,257,274.07
110.87,258.07,190.87,342.33
137.53,361.53,196.2,412.73
145,273,196.2,330.6
191.93,1,251.67,43.667
199.4,210.07,257,330.6
173.8,395.67,230.33,457.53
182.33,185.53,226.07,246.33
169.53,429.8,241,511.93
129,313.53,196.2,420.2
299.67,253.8,341.27,325.27
295.4,122.6,341.27,494.87
150.33,322.07,200.47,418.07
110.87,243.13,196.2,332.73
201.53,47.933,268.73,100.2
130.07,280.47,174.87,332.73
295.4,5.2667,341.27,170.6
134.33,243.13,196.2,307.13
161,2.0667,247.4,101.27
295.4,253.8,341.27,494.87
298.6,129,341.27,314.6
298.6,315.67,341.27,511.93
