158.87,308.2,212.2,353
195.13,1,383.93,511.93
1,1,222.87,511.93
213.27,393.53,317.8,511.93
1,1,383.93,511.93
66.067,1,383.93,511.93
106.6,1,223.93,351.93
107.67,1,383.93,511.93
107.67,1,243.13,387.13
145,103.4,219.67,247.4
183.4,1,383.93,511.93
197.27,1,383.93,246.33
107.67,105.53,218.6,488.47
66.067,157.8,383.93,511.93
227.13,1,356.2,346.6
253.8,188.73,383.93,511.93
188.73,1,383.93,511.93
216.47,1,310.33,246.33
1,188.73,383.93,511.93
1,1,215.4,511.93
307.13,79.933,383.93,285.8
187.67,255.93,335.93,511.93
334.87,175.93,383.93,278.33
254.87,188.73,335.93,410.6
66.067,382.87,210.07,511.93
195.13,1,361.53,511.93
193,180.2,383.93,437.27
145,1,383.93,311.4
186.6,1,383.93,511.93
199.4,312.47,311.4,419.13
173.8,1,243.13,387.13
295.4,315.67,383.93,475.67
195.13,201.53,334.87,511.93
279.4,180.2,383.93,511.93
1,1,207.93,511.93
143.93,1,383.93,295.4
300.73,315.67,383.93,484.2
216.47,265.53,312.47,398.87
107.67,207.93,213.27,350.87
251.67,1,350.87,104.47
198.33,375.4,245.27,425.53
228.2,337,296.47,437.27
309.27,33,383.93,282.6
1,1,233.53,511.93
286.87,1,383.93,282.6
107.67,159.93,213.27,350.87
188.73,1,366.87,511.93
255.93,1,383.93,103.4
248.47,57.533,298.6,120.47
249.53,1,383.93,344.47
248.47,44.733,354.07,159.93
277.27,25.533,383.93,511.93
199.4,318.87,312.47,441.53
186.6,1,365.8,511.93
290.07,148.2,330.6,205.8
275.13,25.533,383.93,337
1,1,219.67,511.93
252.73,1,383.93,285.8
1,1,219.67,506.6
216.47,394.6,277.27,511.93
107.67,162.07,213.27,257
215.4,109.8,257,296.47
261.27,430.87,332.73,511.93
212.2,1,274.07,226.07
188.73,1,366.87,260.2
248.47,1,383.93,337
183.4,79.933,383.93,295.4
180.2,265.53,308.2,437.27
199.4,1,332.73,511.93
99.133,1,215.4,470.33
227.13,157.8,305,346.6
1,1,223.93,511.93
197.27,205.8,298.6,286.87
275.13,1,383.93,332.73
1,1,215.4,506.6
243.13,114.07,312.47,207.93
173.8,1,243.13,360.47
180.2,188.73,383.93,511.93
186.6,265.53,229.27,437.27
199.4,340.2,255.93,419.13
255.93,1,383.93,97
213.27,318.87,265.53,390.33
279.4,180.2,383.93,344.47
1,382.87,218.6,511.93
66.067,382.87,203.67,511.93
307.13,79.933,381.8,221.8
218.6,395.67,332.73,511.93
210.07,1,383.93,293.27
247.4,30.867,383.93,293.27
213.27,391.4,332.73,511.93
107.67,154.6,220.73,356.2
1,382.87,327.4,511.93
241,280.47,291.13,343.4
293.27,315.67,383.93,511.93
270.87,430.87,329.53,511.93
279.4,180.2,331.67,344.47
279.4,180.2,383.93,475.67
289,1,383.93,283.67
334.87,33,383.93,282.6
143.93,1,219.67,187.67
210.07,259.13,292.2,344.47
146.07,211.13,213.27,265.53
212.2,1,264.47,105.53
247.4,74.6,360.47,190.87
277.27,148.2,330.6,213.27
241,395.67,327.4,511.93
186.6,87.4,247.4,437.27
210.07,259.13,276.2,334.87
258.07,111.93,312.47,201.53
252.73,1,383.93,294.33
207.93,1,383.93,350.87
248.47,111.93,291.13,185.53
107.67,157.8,219.67,348.73
294.33,328.47,335.93,404.2
294.33,270.87,383.93,511.93
107.67,3.1333,223.93,356.2
294.33,155.67,383.93,511.93
1,1,218.6,511.93
107.67,1,219.67,351.93
211.13,1,327.4,511.93
106.6,1,219.67,351.93
258.07,385,366.87,511.93
195.13,328.47,329.53,408.47
216.47,265.53,312.47,409.53
207.93,191.93,300.73,346.6
221.8,1,312.47,201.53
312.47,106.6,383.93,278.33
217.53,1,383.93,252.73
195.13,201.53,329.53,511.93
107.67,105.53,229.27,511.93
236.73,332.73,311.4,411.67
107.67,200.47,213.27,350.87
237.8,248.47,286.87,345.53
273,430.87,329.53,511.93
254.87,180.2,367.93,344.47
145,1,287.93,311.4
207.93,62.867,331.67,350.87
216.47,265.53,331.67,511.93
252.73,1,383.93,286.87
211.13,1,365.8,511.93
207.93,201.53,300.73,390.33
212.2,1,311.4,204.73
213.27,1,383.93,246.33
66.067,354.07,218.6,511.93
108.73,226.07,213.27,350.87
254.87,188.73,383.93,511.93
66.067,316.73,383.93,511.93
275.13,403.13,340.2,466.07
99.133,1,207.93,470.33
261.27,89.533,330.6,138.6
216.47,265.53,363.67,511.93
306.07,262.33,383.93,326.33
107.67,161,213.27,351.93
141.8,306.07,211.13,350.87
251.67,1,383.93,151.4
293.27,158.87,383.93,511.93
276.2,1,383.93,511.93
187.67,255.93,332.73,511.93
300.73,449,365.8,511.93
195.13,337,251.67,391.4
298.6,445.8,359.4,511.93
195.13,328.47,329.53,511.93
188.73,1,366.87,284.73
186.6,265.53,308.2,437.27
334.87,26.6,383.93,283.67
213.27,393.53,281.53,511.93
173.8,154.6,215.4,253.8
247.4,74.6,360.47,267.67
248.47,37.267,298.6,120.47
248.47,203.67,300.73,244.2
186.6,190.87,274.07,296.47
183.4,222.87,274.07,286.87
255.93,389.27,329.53,493.8
298.6,270.87,383.93,479.93
227.13,111.93,312.47,346.6
107.67,1,233.53,511.93
195.13,97,312.47,441.53
267.67,1,383.93,332.73
207.93,127.93,300.73,346.6
210.07,1,383.93,226.07
258.07,1,321,95.933
267.67,127.93,312.47,182.33
307.13,262.33,383.93,326.33
249.53,1,383.93,286.87
195.13,338.07,242.07,387.13
286.87,1,383.93,286.87
245.27,201.53,287.93,250.6
140.73,162.07,210.07,203.67
107.67,159.93,215.4,350.87
265.53,158.87,311.4,267.67
186.6,190.87,287.93,311.4
195.13,97,329.53,511.93
131.13,162.07,174.87,220.73
1,1,203.67,506.6
298.6,319.93,383.93,450.07
241,427.67,331.67,511.93
199.4,312.47,311.4,441.53
183.4,1,363.67,511.93
107.67,211.13,213.27,348.73
295.4,158.87,383.93,511.93
276.2,1,383.93,332.73
107.67,156.73,214.33,377.53
326.33,1,383.93,97
247.4,74.6,290.07,185.53
107.67,156.73,214.33,355.13
107.67,157.8,383.93,437.27
220.73,337,312.47,398.87
248.47,79.933,383.93,285.8
294.33,337,383.93,449
300.73,262.33,383.93,511.93
321,1,364.73,69.267
337,1,383.93,90.6
251.67,1,311.4,63.933
249.53,89.533,363.67,168.47
270.87,107.67,360.47,190.87
253.8,397.8,365.8,511.93
335.93,33,383.93,177
187.67,1,383.93,511.93
173.8,195.13,215.4,253.8
183.4,189.8,298.6,420.2
298.6,445.8,365.8,511.93
243.13,114.07,312.47,205.8
199.4,1,361.53,511.93
267.67,1,383.93,511.93
107.67,105.53,218.6,511.93
252.73,35.133,295.4,81
199.4,332.73,311.4,419.13
294.33,322.07,383.93,449
292.2,180.2,383.93,328.47
294.33,270.87,383.93,479.93
193,244.2,315.67,437.27
234.6,257,291.13,343.4
183.4,1,310.33,420.2
213.27,318.87,308.2,397.8
227.13,232.47,299.67,330.6
199.4,1,383.93,511.93
207.93,191.93,278.33,312.47
325.27,33,383.93,285.8
199.4,330.6,267.67,441.53
145,87.4,287.93,311.4
227.13,37.267,356.2,346.6
198.33,244.2,315.67,437.27
199.4,1,312.47,441.53
188.73,1,295.4,260.2
302.87,106.6,383.93,287.93
187.67,1,233.53,242.07
247.4,74.6,383.93,287.93
333.8,9.5333,383.93,97
183.4,196.2,286.87,295.4
131.13,159.93,202.6,220.73
312.47,142.87,354.07,212.2
210.07,1,306.07,226.07
274.07,119.4,330.6,251.67
248.47,86.333,354.07,159.93
107.67,162.07,215.4,350.87
114.07,200.47,198.33,241
275.13,89.533,373.27,138.6
237.8,62.867,331.67,216.47
220.73,1,270.87,193
318.87,1,377.53,90.6
199.4,127.93,311.4,441.53
248.47,89.533,360.47,251.67
289,1,383.93,98.067
107.67,258.07,210.07,310.33
254.87,188.73,331.67,344.47
247.4,30.867,383.93,287.93
226.07,244.2,315.67,344.47
214.33,255.93,292.2,382.87
254.87,1,295.4,67.133
143.93,1,383.93,246.33
293.27,315.67,383.93,484.2
235.67,1,366.87,226.07
187.67,355.13,235.67,511.93
227.13,248.47,278.33,315.67
308.2,1,383.93,90.6
150.33,265.53,229.27,334.87
263.4,1,309.27,47.933
210.07,201.53,300.73,390.33
286.87,1,383.93,98.067
255.93,1,321,103.4
114.07,199.4,213.27,241
326.33,1,383.93,91.667
107.67,154.6,215.4,350.87
209,1,253.8,260.2
306.07,449,361.53,511.93
335.93,17,383.93,94.867
225,60.733,306.07,226.07
1,382.87,203.67,511.93
186.6,89.533,247.4,286.87
248.47,71.4,356.2,123.67
248.47,37.267,356.2,129
107.67,161,213.27,348.73
213.27,285.8,267.67,390.33
275.13,403.13,361.53,511.93
99.133,1,219.67,470.33
334.87,106.6,383.93,278.33
213.27,269.8,308.2,397.8
145,89.533,246.33,252.73
276.2,146.07,383.93,511.93
258.07,316.73,383.93,511.93
247.4,74.6,327.4,162.07
289,33,383.93,282.6
275.13,89.533,383.93,287.93
324.2,1,383.93,91.667
212.2,1,312.47,410.6
300.73,315.67,383.93,511.93
252.73,31.933,303.93,81
212.2,1,306.07,226.07
200.47,339.13,242.07,387.13
343.4,231.4,383.93,278.33
207.93,62.867,331.67,318.87
294.33,316.73,383.93,475.67
241,431.93,331.67,511.93
321,1,383.93,90.6
209,1,295.4,260.2
338.07,17,383.93,90.6
195.13,1,356.2,511.93
337,10.6,383.93,97
319.93,262.33,383.93,305
107.67,254.87,210.07,355.13
293.27,262.33,383.93,511.93
258.07,111.93,312.47,183.4
243.13,231.4,299.67,318.87
143.93,22.333,222.87,200.47
316.73,435.13,383.93,475.67
66.067,354.07,210.07,511.93
221.8,1,291.13,185.53
334.87,145,383.93,282.6
298.6,445.8,363.67,511.93
286.87,1,335.93,97
106.6,262.33,154.6,311.4
254.87,180.2,331.67,344.47
270.87,431.93,325.27,511.93
308.2,1,367.93,90.6
317.8,116.2,359.4,174.87
249.53,89.533,327.4,168.47
294.33,319.93,383.93,511.93
207.93,201.53,305,390.33
220.73,1,269.8,193
324.2,106.6,380.73,221.8
183.4,90.6,298.6,420.2
275.13,389.27,329.53,459.67
183.4,189.8,298.6,295.4
143.93,88.467,210.07,187.67
216.47,394.6,331.67,511.93
235.67,201.53,287.93,250.6
143.93,130.07,199.4,187.67
262.33,125.8,306.07,190.87
275.13,89.533,373.27,133.27
248.47,62.867,331.67,159.93
235.67,111.93,312.47,226.07
215.4,109.8,255.93,296.47
325.27,106.6,383.93,285.8
199.4,330.6,332.73,511.93
207.93,62.867,353,350.87
143.93,22.333,221.8,200.47
107.67,156.73,214.33,255.93
241,269.8,291.13,343.4
263.4,89.533,330.6,138.6
183.4,205.8,286.87,295.4
309.27,107.67,360.47,155.67
246.33,244.2,315.67,344.47
148.2,130.07,199.4,187.67
195.13,1,329.53,511.93
107.67,162.07,213.27,350.87
186.6,89.533,247.4,437.27
210.07,259.13,292.2,390.33
293.27,262.33,383.93,484.2
274.07,33,383.93,285.8
279.4,445.8,327.4,489.53
199.4,377.53,255.93,468.2
316.73,1,383.93,92.733
248.47,1,383.93,159.93
107.67,207.93,212.2,267.67
261.27,129,306.07,196.2
309.27,107.67,360.47,163.13
308.2,1,367.93,89.533
107.67,258.07,210.07,355.13
108.73,254.87,212.2,350.87
145,87.4,246.33,252.73
123.67,386.07,327.4,511.93
253.8,397.8,341.27,504.47
234.6,159.93,298.6,343.4
199.4,377.53,255.93,441.53
143.93,35.133,221.8,200.47
207.93,227.13,252.73,271.93
317.8,1,383.93,97
107.67,157.8,219.67,393.53
274.07,118.33,333.8,251.67
186.6,209,268.73,296.47
200.47,89.533,246.33,252.73
275.13,403.13,340.2,511.93
270.87,445.8,327.4,511.93
198.33,375.4,245.27,418.07
270.87,437.27,311.4,511.93
183.4,205.8,298.6,295.4
248.47,1,383.93,103.4
213.27,285.8,308.2,397.8
243.13,66.067,303.93,215.4
255.93,425.53,329.53,511.93
305,33,383.93,282.6
197.27,227.13,247.4,286.87
218.6,395.67,264.47,511.93
212.2,1,264.47,226.07
255.93,1,308.2,67.133
248.47,37.267,356.2,123.67
213.27,66.067,306.07,246.33
295.4,262.33,383.93,475.67
197.27,1,296.47,193
186.6,190.87,274.07,311.4
271.93,97,366.87,155.67
301.8,262.33,383.93,511.93
270.87,427.67,329.53,511.93
213.27,318.87,312.47,410.6
150.33,265.53,219.67,334.87
1,1,202.6,505.53
252.73,35.133,294.33,81
187.67,1,229.27,242.07
197.27,1,270.87,193
251.67,1,311.4,60.733
1,462.87,161,511.93
212.2,1,269.8,204.73
25.533,462.87,161,511.93
155.67,159.93,213.27,219.67
276.2,146.07,332.73,332.73
252.73,35.133,293.27,79.933
300.73,315.67,383.93,445.8
318.87,1,361.53,90.6
318.87,1,383.93,90.6
255.93,1,383.93,177
298.6,319.93,383.93,511.93
207.93,202.6,299.67,318.87
255.93,1,310.33,63.933
316.73,1,364.73,92.733
187.67,330.6,332.73,511.93
199.4,97,312.47,441.53
246.33,245.27,315.67,344.47
330.6,435.13,383.93,475.67
275.13,152.47,332.73,331.67
276.2,328.47,335.93,410.6
1,1,202.6,506.6
227.13,201.53,300.73,275.13
139.67,306.07,211.13,350.87
211.13,269.8,308.2,430.87
274.07,118.33,331.67,251.67
266.6,1,308.2,76.733
258.07,385,363.67,511.93
213.27,318.87,268.73,390.33
332.73,25.533,383.93,284.73
186.6,265.53,229.27,420.2
251.67,1,350.87,98.067
173.8,1,223.93,360.47
341.27,1,383.93,67.133
274.07,148.2,330.6,251.67
258.07,114.07,312.47,182.33
66.067,382.87,331.67,511.93
207.93,191.93,285.8,334.87
220.73,346.6,266.6,397.8
262.33,125.8,306.07,191.93
297.53,180.2,383.93,310.33
107.67,258.07,213.27,350.87
254.87,188.73,383.93,410.6
334.87,145,383.93,285.8
311.4,229.27,383.93,310.33
214.33,255.93,324.2,495.93
261.27,89.533,373.27,138.6
213.27,109.8,312.47,410.6
199.4,339.13,242.07,388.2
253.8,50.067,299.67,102.33
278.33,152.47,332.73,331.67
239.93,425.53,329.53,511.93
246.33,269.8,286.87,333.8
221.8,1,309.27,185.53
239.93,428.73,289,511.93
213.27,285.8,312.47,410.6
334.87,206.87,383.93,278.33
241,427.67,327.4,511.93
258.07,114.07,306.07,155.67
234.6,241,291.13,343.4
252.73,125.8,312.47,183.4
217.53,1,261.27,252.73
107.67,201.53,213.27,257
243.13,127.93,298.6,250.6
252.73,30.867,302.87,81
249.53,328.47,329.53,408.47
301.8,262.33,383.93,374.33
252.73,35.133,303.93,81
248.47,62.867,331.67,123.67
316.73,1,383.93,90.6
213.27,66.067,303.93,246.33
107.67,217.53,212.2,348.73
274.07,389.27,329.53,459.67
294.33,328.47,341.27,465
215.4,213.27,274.07,277.27
241,269.8,286.87,333.8
295.4,262.33,383.93,511.93
227.13,201.53,300.73,345.53
227.13,201.53,305,346.6
213.27,66.067,319.93,246.33
255.93,1,334.87,97
286.87,1,355.13,98.067
139.67,161,201.53,207.93
295.4,319.93,383.93,475.67
107.67,158.87,214.33,253.8
199.4,308.2,311.4,441.53
324.2,434.07,383.93,479.93
248.47,395.67,292.2,500.2
246.33,277.27,286.87,333.8
260.2,428.73,317.8,511.93
235.67,1,312.47,226.07
114.07,161,213.27,241
277.27,445.8,327.4,503.4
207.93,227.13,299.67,318.87
325.27,106.6,380.73,221.8
248.47,198.33,311.4,251.67
334.87,210.07,383.93,278.33
119.4,279.4,211.13,350.87
298.6,309.27,383.93,479.93
235.67,159.93,298.6,250.6
248.47,1,308.2,120.47
257,341.27,312.47,393.53
307.13,79.933,380.73,221.8
223.93,278.33,276.2,334.87
211.13,389.27,327.4,511.93
248.47,86.333,335.93,129
275.13,152.47,332.73,337
274.07,345.53,319.93,403.13
330.6,435.13,383.93,511.93
308.2,449,361.53,511.93
270.87,446.87,317.8,511.93
249.53,89.533,327.4,132.2
298.6,466.07,363.67,511.93
334.87,106.6,383.93,247.4
197.27,1,238.87,71.4
158.87,308.2,212.2,393.53
107.67,254.87,212.2,298.6
325.27,143.93,383.93,285.8
286.87,1,350.87,98.067
241,429.8,331.67,511.93
216.47,125.8,273,246.33
248.47,71.4,298.6,120.47
268.73,124.73,312.47,183.4
187.67,355.13,264.47,511.93
334.87,92.733,383.93,282.6
309.27,270.87,383.93,349.8
244.2,66.067,286.87,132.2
215.4,209,255.93,296.47
248.47,207.93,305,251.67
107.67,158.87,218.6,488.47
309.27,107.67,360.47,165.27
212.2,244.2,315.67,344.47
207.93,191.93,278.33,330.6
294.33,337,383.93,456.47
252.73,13.8,303.93,81
332.73,49,383.93,284.73
258.07,114.07,312.47,201.53
335.93,33,383.93,151.4
340.2,309.27,383.93,349.8
302.87,319.93,383.93,511.93
280.47,433,331.67,489.53
270.87,115.13,319.93,168.47
259.13,332.73,324.2,459.67
215.4,209,268.73,296.47
241,445.8,327.4,511.93
338.07,1,383.93,90.6
243.13,157.8,285.8,205.8
250.6,321,324.2,495.93
235.67,125.8,312.47,226.07
225,60.733,269.8,226.07
227.13,201.53,300.73,330.6
214.33,259.13,260.2,324.2
335.93,145,383.93,190.87
213.27,318.87,312.47,408.47
236.73,282.6,292.2,382.87
186.6,222.87,241,286.87
294.33,316.73,383.93,456.47
316.73,1,367.93,89.533
270.87,404.2,332.73,511.93
214.33,97,270.87,324.2
220.73,337,308.2,397.8
308.2,17,383.93,98.067
239.93,395.67,281.53,511.93
265.53,158.87,306.07,267.67
334.87,145,383.93,278.33
213.27,393.53,329.53,511.93
307.13,79.933,383.93,278.33
335.93,106.6,383.93,190.87
212.2,1,253.8,226.07
249.53,329.53,312.47,408.47
324.2,1,383.93,90.6
138.6,159.93,202.6,202.6
294.33,397.8,341.27,465
248.47,1,291.13,103.4
270.87,437.27,325.27,511.93
325.27,433,383.93,511.93
107.67,211.13,214.33,253.8
312.47,445.8,363.67,511.93
248.47,9.5333,383.93,159.93
123.67,398.87,218.6,511.93
212.2,244.2,315.67,437.27
211.13,389.27,252.73,511.93
123.67,394.6,331.67,511.93
197.27,89.533,247.4,286.87
214.33,97,260.2,324.2
107.67,217.53,212.2,298.6
276.2,404.2,332.73,494.87
247.4,201.53,300.73,244.2
289,1,334.87,97
212.2,1,290.07,204.73
143.93,69.267,218.6,187.67
266.6,1,308.2,65
277.27,152.47,332.73,331.67
209,1,253.8,242.07
268.73,126.87,312.47,183.4
301.8,303.93,383.93,374.33
258.07,385,308.2,439.4
207.93,227.13,259.13,312.47
244.2,66.067,303.93,162.07
278.33,146.07,332.73,332.73
183.4,222.87,286.87,295.4
270.87,115.13,327.4,190.87
215.4,235.67,260.2,277.27
252.73,428.73,317.8,511.93
253.8,427.67,321,504.47
313.53,262.33,383.93,303.93
183.4,222.87,286.87,286.87
261.27,332.73,324.2,450.07
218.6,391.4,332.73,511.93
334.87,52.2,383.93,283.67
248.47,74.6,331.67,123.67
220.73,1,310.33,193
227.13,232.47,299.67,315.67
261.27,404.2,332.73,511.93
319.93,262.33,383.93,302.87
216.47,396.73,327.4,511.93
253.8,114.07,312.47,190.87
308.2,52.2,383.93,283.67
289,156.73,330.6,221.8
166.33,157.8,214.33,202.6
247.4,74.6,290.07,191.93
302.87,319.93,383.93,475.67
266.6,1,308.2,53.267
274.07,316.73,383.93,511.93
302.87,323.13,383.93,445.8
298.6,116.2,359.4,174.87
216.47,395.67,327.4,511.93
214.33,97,262.33,324.2
114.07,157.8,219.67,242.07
107.67,162.07,215.4,257
193,339.13,242.07,388.2
124.73,260.2,212.2,311.4
252.73,1,355.13,98.067
298.6,461.8,359.4,511.93
241,399.93,332.73,511.93
279.4,180.2,330.6,344.47
300.73,316.73,383.93,445.8
255.93,1,309.27,63.933
261.27,431.93,331.67,511.93
107.67,158.87,214.33,289
236.73,394.6,277.27,477.8
294.33,316.73,383.93,511.93
267.67,278.33,309.27,350.87
236.73,341.27,296.47,398.87
199.4,340.2,267.67,419.13
258.07,1,306.07,63.933
237.8,114.07,312.47,216.47
277.27,97,360.47,331.67
325.27,433,383.93,484.2
145,157.8,214.33,219.67
107.67,211.13,213.27,311.4
107.67,258.07,213.27,298.6
247.4,74.6,290.07,162.07
277.27,25.533,383.93,331.67
337,1,377.53,71.4
314.6,262.33,383.93,302.87
294.33,405.27,363.67,511.93
253.8,114.07,312.47,182.33
235.67,157.8,286.87,226.07
294.33,318.87,383.93,475.67
227.13,238.87,282.6,315.67
197.27,213.27,274.07,286.87
319.93,1,367.93,89.533
244.2,66.067,303.93,201.53
107.67,258.07,218.6,488.47
335.93,106.6,383.93,247.4
302.87,319.93,383.93,445.8
210.07,259.13,260.2,334.87
334.87,182.33,383.93,278.33
107.67,201.53,214.33,253.8
227.13,203.67,300.73,275.13
276.2,430.87,332.73,511.93
214.33,255.93,262.33,333.8
252.73,430.87,332.73,511.93
243.13,127.93,286.87,231.4
140.73,300.73,200.47,355.13
290.07,156.73,330.6,221.8
253.8,37.267,302.87,102.33
243.13,157.8,286.87,205.8
271.93,89.533,360.47,165.27
316.73,1,367.93,54.333
199.4,330.6,267.67,419.13
199.4,330.6,276.2,511.93
298.6,25.533,383.93,284.73
335.93,17,383.93,91.667
107.67,258.07,207.93,310.33
220.73,323.13,312.47,398.87
299.67,318.87,364.73,359.4
259.13,321,324.2,459.67
302.87,318.87,364.73,359.4
290.07,156.73,330.6,212.2
220.73,337,312.47,393.53
108.73,254.87,212.2,311.4
316.73,435.13,383.93,511.93
289,1,343.4,98.067
124.73,211.13,213.27,311.4
123.67,394.6,277.27,511.93
340.2,354.07,383.93,395.67
244.2,66.067,303.93,138.6
243.13,157.8,286.87,231.4
286.87,1,327.4,97
298.6,97,360.47,174.87
271.93,89.533,360.47,149.27
199.4,340.2,265.53,394.6
279.4,431.93,331.67,511.93
215.4,244.2,255.93,296.47
335.93,106.6,379.67,190.87
228.2,337,296.47,398.87
290.07,148.2,330.6,221.8
301.8,303.93,383.93,351.93
107.67,258.07,213.27,311.4
197.27,205.8,274.07,286.87
334.87,178.07,383.93,278.33
324.2,433,383.93,511.93
121.53,158.87,212.2,234.6
290.07,148.2,330.6,190.87
199.4,333.8,261.27,419.13
162.07,88.467,210.07,169.53
214.33,255.93,259.13,333.8
107.67,258.07,207.93,311.4
299.67,316.73,383.93,359.4
324.2,434.07,383.93,511.93
295.4,326.33,338.07,450.07
140.73,301.8,198.33,348.73
271.93,89.533,360.47,213.27
298.6,319.93,383.93,479.93
263.4,89.533,327.4,138.6
123.67,386.07,218.6,511.93
107.67,212.2,214.33,253.8
124.73,275.13,212.2,348.73
207.93,191.93,259.13,312.47
166.33,159.93,211.13,202.6
294.33,319.93,383.93,475.67
199.4,340.2,265.53,419.13
140.73,156.73,212.2,205.8
337,7.4,383.93,91.667
197.27,227.13,241,286.87
253.8,114.07,306.07,161
309.27,107.67,360.47,149.27
146.07,211.13,213.27,253.8
107.67,207.93,212.2,253.8
276.2,404.2,332.73,460.73
243.13,234.6,283.67,278.33
107.67,156.73,214.33,253.8
312.47,445.8,355.13,500.2
271.93,427.67,331.67,489.53
243.13,234.6,283.67,318.87
140.73,158.87,212.2,205.8
106.6,262.33,150.33,305
199.4,340.2,255.93,394.6
325.27,106.6,380.73,190.87
261.27,332.73,311.4,411.67
220.73,337,266.6,388.2
139.67,161,210.07,207.93
324.2,434.07,383.93,475.67
236.73,282.6,282.6,334.87
294.33,322.07,383.93,475.67
319.93,1,361.53,90.6
107.67,217.53,182.33,284.73
140.73,308.2,198.33,348.73
1,1,201.53,505.53
