1,1,301.8,511.93
104.47,147.13,210.07,252.73
1,91.667,301.8,511.93
1,1,301.8,447.93
92.733,426.6,212.2,511.93
118.33,435.13,162.07,488.47
153.53,308.2,301.8,511.93
1,1,301.8,498.07
1,357.27,218.6,511.93
115.13,104.47,301.8,498.07
1,347.67,109.8,511.93
117.27,147.13,215.4,246.33
95.933,55.4,301.8,117.27
161,103.4,301.8,450.07
1,316.73,301.8,511.93
1,315.67,205.8,489.53
1,357.27,301.8,511.93
118.33,243.13,218.6,312.47
117.27,406.33,301.8,495.93
30.867,103.4,219.67,446.87
206.87,295.4,301.8,447.93
1,1,301.8,107.67
104.47,147.13,219.67,311.4
220.73,234.6,281.53,301.8
1,348.73,301.8,511.93
159.93,436.2,301.8,490.6
1,95.933,301.8,447.93
66.067,264.47,216.47,443.67
159.93,104.47,301.8,498.07
1,91.667,218.6,489.53
159.93,437.27,218.6,481
257,122.6,301.8,437.27
1,349.8,301.8,511.93
104.47,147.13,228.2,311.4
1,1,301.8,117.27
1,1,301.8,146.07
1,361.53,301.8,511.93
95.933,1,301.8,447.93
104.47,174.87,180.2,315.67
1,103.4,301.8,511.93
182.33,438.33,301.8,497
1,1,301.8,129
10.6,8.4667,65,84.2
81,316.73,147.13,402.07
1,1,228.2,456.47
139.67,435.13,183.4,489.53
1,314.6,218.6,511.93
1,1,301.8,136.47
117.27,148.2,218.6,342.33
235.67,350.87,283.67,408.47
117.27,104.47,301.8,498.07
126.87,264.47,215.4,334.87
132.2,1,301.8,92.733
161,263.4,244.2,378.6
1,359.4,71.4,511.93
1,104.47,301.8,511.93
8.4667,470.33,50.067,511.93
161,99.133,301.8,447.93
1,357.27,61.8,456.47
177,21.267,242.07,87.4
201.53,1,277.27,62.867
235.67,333.8,280.47,435.13
69.267,99.133,301.8,511.93
202.6,174.87,271.93,262.33
1,92.733,228.2,444.73
1,91.667,216.47,511.93
115.13,204.73,221.8,284.73
257,105.53,301.8,437.27
99.133,104.47,203.67,399.93
1,1,301.8,245.27
88.467,99.133,284.73,290.07
1,91.667,189.8,446.87
1,52.2,178.07,95.933
10.6,1,178.07,85.267
1,91.667,187.67,247.4
157.8,103.4,301.8,450.07
95.933,1,301.8,107.67
1,99.133,301.8,447.93
7.4,446.87,85.267,497
1,347.67,124.73,511.93
154.6,333.8,301.8,511.93
1,1,131.13,114.07
1,91.667,55.4,247.4
1,264.47,301.8,511.93
1,91.667,218.6,511.93
31.933,1,301.8,447.93
95.933,82.067,301.8,129
161,220.73,294.33,452.2
1,382.87,95.933,511.93
166.33,360.47,242.07,422.33
1,95.933,206.87,444.73
161,104.47,301.8,498.07
1,1,59.667,85.267
25.533,1,193,86.333
196.2,444.73,301.8,495.93
69.267,99.133,284.73,434.07
95.933,1,301.8,122.6
4.2,357.27,61.8,426.6
1,1,178.07,95.933
180.2,72.467,243.13,129
1,91.667,219.67,459.67
66.067,101.27,301.8,447.93
201.53,182.33,279.4,396.73
186.6,101.27,301.8,447.93
1,358.33,94.867,511.93
102.33,307.13,187.67,438.33
161,180.2,294.33,399.93
104.47,103.4,301.8,511.93
1,1,73.533,246.33
74.6,354.07,301.8,497
1,91.667,203.67,434.07
211.13,119.4,269.8,200.47
146.07,239.93,301.8,447.93
115.13,105.53,221.8,369
153.53,457.53,301.8,511.93
159.93,1,204.73,78.867
196.2,2.0667,271.93,90.6
200.47,104.47,289,258.07
104.47,99.133,301.8,447.93
204.73,253.8,279.4,406.33
104.47,236.73,219.67,311.4
204.73,253.8,261.27,358.33
50.067,446.87,117.27,488.47
201.53,446.87,301.8,497
1,105.53,228.2,456.47
1,91.667,189.8,443.67
104.47,177,166.33,286.87
1,94.867,84.2,246.33
187.67,99.133,301.8,350.87
1,95.933,189.8,446.87
115.13,147.13,221.8,337
95.933,315.67,193,478.87
115.13,213.27,210.07,255.93
1,347.67,90.6,446.87
153.53,105.53,301.8,511.93
1,347.67,62.867,440.47
148.2,105.53,205.8,149.27
206.87,392.47,289,450.07
20.2,369,167.4,488.47
1,91.667,189.8,459.67
253.8,18.067,301.8,107.67
210.07,332.73,279.4,410.6
196.2,427.67,301.8,498.07
132.2,1,279.4,87.4
188.73,17,229.27,66.067
90.6,390.33,165.27,489.53
1,1,301.8,246.33
261.27,122.6,301.8,437.27
1,254.87,206.87,456.47
1,92.733,206.87,444.73
1,357.27,62.867,511.93
1,1,301.8,133.27
115.13,147.13,214.33,313.53
1,357.27,117.27,511.93
237.8,1,301.8,57.533
107.67,435.13,162.07,489.53
7.4,434.07,301.8,511.93
95.933,346.6,193,478.87
104.47,103.4,289,369
95.933,3.1333,301.8,129
25.533,421.27,216.47,511.93
1,91.667,188.73,443.67
1,52.2,177,117.27
118.33,254.87,194.07,312.47
188.73,17,230.33,73.533
1,89.533,79.933,245.27
148.2,196.2,214.33,245.27
172.73,305,289,442.6
101.27,1,191.93,85.267
66.067,300.73,216.47,437.27
132.2,103.4,219.67,146.07
117.27,203.67,239.93,369
200.47,250.6,253.8,310.33
74.6,434.07,301.8,497
104.47,105.53,228.2,365.8
10.6,1,191.93,85.267
1,91.667,85.267,247.4
169.53,29.8,301.8,146.07
23.4,1,301.8,122.6
1,1,188.73,246.33
1,1,72.467,114.07
161,280.47,228.2,389.27
20.2,369,230.33,488.47
211.13,105.53,301.8,199.4
200.47,104.47,289,201.53
207.93,37.267,280.47,90.6
1,1,199.4,441.53
156.73,1,301.8,97
14.867,1,188.73,85.267
146.07,280.47,252.73,422.33
1,91.667,84.2,246.33
2.0667,409.53,135.4,456.47
207.93,333.8,281.53,435.13
196.2,1,271.93,90.6
215.4,130.07,285.8,182.33
149.27,1,284.73,91.667
5.2667,1,301.8,92.733
187.67,99.133,267.67,180.2
74.6,411.67,301.8,497
1,95.933,55.4,247.4
143.93,387.13,188.73,439.4
4.2,357.27,60.733,456.47
1,95.933,55.4,166.33
84.2,314.6,205.8,443.67
253.8,18.067,301.8,92.733
26.6,1,188.73,94.867
68.2,357.27,180.2,454.33
1,333.8,219.67,511.93
111.93,346.6,159.93,396.73
187.67,99.133,285.8,271.93
1,94.867,84.2,148.2
161,1,284.73,91.667
115.13,105.53,218.6,334.87
104.47,105.53,210.07,252.73
81,254.87,167.4,402.07
253.8,1,301.8,91.667
102.33,307.13,146.07,394.6
1,1,72.467,84.2
1,1,73.533,85.267
1,52.2,301.8,133.27
88.467,99.133,209,218.6
120.47,249.53,239.93,338.07
146.07,99.133,301.8,447.93
259.13,105.53,301.8,181.27
66.067,147.13,228.2,443.67
215.4,119.4,286.87,200.47
95.933,315.67,206.87,478.87
156.73,1,284.73,91.667
1,95.933,189.8,443.67
5.2667,356.2,205.8,511.93
1,347.67,301.8,511.93
117.27,148.2,218.6,283.67
201.53,1,271.93,62.867
113,398.87,246.33,461.8
261.27,18.067,301.8,107.67
6.3333,378.6,124.73,511.93
153.53,296.47,301.8,511.93
231.4,185.53,292.2,290.07
188.73,37.267,257,90.6
98.067,471.4,206.87,511.93
122.6,411.67,296.47,489.53
95.933,72.467,301.8,129
104.47,103.4,219.67,315.67
1,1,191.93,114.07
212.2,332.73,279.4,410.6
215.4,130.07,285.8,189.8
92.733,459.67,301.8,508.73
1,357.27,60.733,456.47
132.2,103.4,289,258.07
117.27,148.2,218.6,316.73
1,1,186.6,114.07
103.4,181.27,214.33,290.07
115.13,103.4,289,369
191.93,104.47,284.73,252.73
161,105.53,301.8,450.07
188.73,119.4,301.8,447.93
259.13,105.53,301.8,152.47
6.3333,418.07,93.8,494.87
148.2,1,301.8,97
26.6,1,188.73,86.333
74.6,410.6,167.4,488.47
66.067,300.73,216.47,443.67
115.13,213.27,228.2,365.8
25.533,421.27,141.8,491.67
161,227.13,290.07,442.6
1,1,61.8,114.07
1,422.33,50.067,511.93
104.47,105.53,202.6,286.87
5.2667,333.8,219.67,511.93
161,308.2,243.13,380.73
82.067,357.27,206.87,456.47
1,361.53,94.867,468.2
153.53,436.2,301.8,511.93
117.27,150.33,211.13,247.4
110.87,430.87,180.2,476.73
132.2,1,282.6,90.6
22.333,418.07,93.8,469.27
122.6,411.67,246.33,489.53
182.33,454.33,301.8,497
111.93,315.67,201.53,442.6
20.2,375.4,62.867,440.47
1,95.933,188.73,443.67
231.4,185.53,281.53,275.13
95.933,70.333,301.8,122.6
161,219.67,290.07,388.2
1,333.8,301.8,511.93
115.13,105.53,215.4,255.93
231.4,122.6,301.8,363.67
137.53,300.73,216.47,388.2
1,357.27,135.4,511.93
5.2667,357.27,183.4,511.93
231.4,212.2,276.2,275.13
115.13,105.53,228.2,334.87
130.07,403.13,180.2,478.87
68.2,316.73,246.33,461.8
33,430.87,206.87,511.93
20.2,378.6,63.933,445.8
119.4,174.87,210.07,237.8
115.13,204.73,221.8,369
115.13,253.8,180.2,315.67
159.93,367.93,220.73,440.47
149.27,1,191.93,65
220.73,405.27,269.8,445.8
178.07,207.93,294.33,445.8
104.47,103.4,219.67,286.87
30.867,293.27,169.53,446.87
1,315.67,206.87,511.93
12.733,23.4,55.4,84.2
87.4,354.07,233.53,456.47
69.267,182.33,279.4,434.07
68.2,435.13,183.4,511.93
5.2667,375.4,62.867,440.47
166.33,296.47,283.67,452.2
5.2667,357.27,61.8,445.8
161,227.13,290.07,389.27
1,94.867,79.933,245.27
116.2,148.2,195.13,238.87
23.4,1,188.73,113
201.53,447.93,301.8,497
1,446.87,101.27,511.93
6.3333,357.27,61.8,405.27
161,1,280.47,90.6
161,220.73,294.33,380.73
68.2,380.73,111.93,445.8
159.93,427.67,212.2,481
68.2,357.27,246.33,461.8
29.8,55.4,301.8,117.27
119.4,150.33,210.07,237.8
1,315.67,216.47,511.93
104.47,177,180.2,315.67
2.0667,357.27,135.4,460.73
203.67,103.4,286.87,259.13
149.27,1,191.93,43.667
188.73,6.3333,230.33,73.533
38.333,458.6,301.8,511.93
115.13,213.27,228.2,334.87
104.47,148.2,219.67,311.4
127.93,434.07,180.2,475.67
1,348.73,94.867,511.93
202.6,119.4,289,201.53
26.6,1,188.73,85.267
1,91.667,205.8,489.53
84.2,356.2,143.93,412.73
104.47,147.13,203.67,252.73
25.533,371.13,66.067,417
1,358.33,52.2,458.6
7.4,446.87,84.2,495.93
161,207.93,294.33,445.8
182.33,453.27,298.6,494.87
132.2,1,228.2,87.4
68.2,254.87,206.87,456.47
115.13,147.13,203.67,255.93
166.33,217.53,228.2,316.73
247.4,4.2,301.8,92.733
199.4,104.47,284.73,205.8
177,21.267,246.33,68.2
161,333.8,301.8,446.87
147.13,148.2,195.13,205.8
235.67,344.47,281.53,435.13
188.73,3.1333,230.33,85.267
68.2,315.67,201.53,489.53
88.467,99.133,284.73,252.73
74.6,446.87,207.93,490.6
254.87,105.53,301.8,437.27
122.6,349.8,296.47,489.53
1,92.733,79.933,245.27
132.2,1,280.47,90.6
156.73,1,301.8,91.667
1,1,165.27,246.33
203.67,119.4,271.93,259.13
153.53,150.33,210.07,217.53
5.2667,348.73,61.8,424.47
183.4,180.2,268.73,327.4
38.333,1,188.73,83.133
187.67,99.133,301.8,306.07
115.13,387.13,205.8,443.67
235.67,350.87,283.67,443.67
1,357.27,61.8,460.73
25.533,421.27,142.87,491.67
210.07,103.4,301.8,181.27
148.2,105.53,205.8,177
132.2,38.333,205.8,87.4
1,52.2,177,93.8
202.6,104.47,289,258.07
186.6,436.2,301.8,497
102.33,356.2,143.93,412.73
190.87,406.33,246.33,455.4
117.27,148.2,215.4,254.87
1,1,47.933,59.667
115.13,253.8,163.13,305
149.27,267.67,215.4,316.73
4.2,357.27,63.933,445.8
5.2667,442.6,116.2,511.93
161,219.67,290.07,450.07
20.2,264.47,230.33,488.47
118.33,385,207.93,444.73
202.6,104.47,289,201.53
1,382.87,108.73,511.93
1,358.33,71.4,511.93
1,99.133,199.4,441.53
187.67,99.133,285.8,218.6
38.333,447.93,301.8,511.93
161,300.73,216.47,388.2
150.33,217.53,228.2,263.4
130.07,434.07,230.33,485.27
117.27,182.33,279.4,396.73
161,234.6,281.53,380.73
261.27,122.6,301.8,363.67
40.467,409.53,183.4,511.93
1,357.27,124.73,511.93
1,1,47.933,114.07
1,52.2,301.8,117.27
117.27,200.47,210.07,246.33
1,427.67,71.4,511.93
50.067,430.87,206.87,511.93
161,332.73,281.53,438.33
203.67,103.4,301.8,259.13
215.4,115.13,285.8,200.47
84.2,356.2,205.8,443.67
127.93,434.07,180.2,479.93
125.8,434.07,200.47,482.07
178.07,305,280.47,442.6
220.73,405.27,301.8,446.87
186.6,333.8,301.8,497
116.2,154.6,185.53,238.87
175.93,372.2,253.8,452.2
149.27,1,301.8,97
172.73,332.73,280.47,421.27
186.6,429.8,301.8,497
147.13,354.07,233.53,421.27
178.07,263.4,244.2,378.6
1,347.67,63.933,406.33
117.27,406.33,207.93,447.93
171.67,257,219.67,312.47
143.93,357.27,205.8,443.67
161,1,260.2,82.067
154.6,436.2,301.8,511.93
1,52.2,50.067,119.4
5.2667,356.2,219.67,511.93
93.8,316.73,147.13,393.53
126.87,264.47,215.4,316.73
159.93,436.2,219.67,486.33
115.13,147.13,221.8,313.53
110.87,357.27,180.2,436.2
1,347.67,62.867,418.07
1,92.733,165.27,246.33
82.067,1,193,85.267
130.07,434.07,230.33,482.07
132.2,1,260.2,90.6
122.6,411.67,301.8,459.67
68.2,315.67,205.8,489.53
1,1,59.667,84.2
235.67,333.8,280.47,429.8
116.2,156.73,183.4,238.87
66.067,264.47,215.4,444.73
22.333,378.6,63.933,430.87
50.067,430.87,180.2,489.53
5.2667,442.6,78.867,492.73
149.27,280.47,193,334.87
1,347.67,87.4,450.07
221.8,111.93,264.47,186.6
203.67,180.2,294.33,306.07
115.13,223.93,218.6,365.8
95.933,18.067,301.8,122.6
20.2,427.67,94.867,488.47
233.53,323.13,277.27,406.33
40.467,409.53,135.4,456.47
95.933,390.33,141.8,489.53
1,388.2,95.933,511.93
204.73,239.93,301.8,447.93
1,358.33,301.8,511.93
149.27,1,191.93,54.333
261.27,105.53,301.8,437.27
203.67,172.73,281.53,259.13
161,220.73,301.8,498.07
1,357.27,61.8,511.93
1,431.93,276.2,511.93
161,263.4,244.2,388.2
2.0667,406.33,135.4,460.73
153.53,104.47,209,218.6
143.93,447.93,301.8,497
115.13,105.53,218.6,312.47
81,316.73,154.6,402.07
122.6,147.13,214.33,235.67
220.73,339.13,263.4,396.73
5.2667,443.67,69.267,497
77.8,373.27,118.33,415.93
122.6,397.8,296.47,489.53
1,52.2,50.067,93.8
250.6,1,301.8,47.933
5.2667,8.4667,57.533,72.467
258.07,1,301.8,92.733
135.4,392.47,187.67,438.33
92.733,427.67,216.47,511.93
178.07,282.6,279.4,445.8
33,430.87,218.6,511.93
120.47,217.53,221.8,284.73
1,442.6,116.2,511.93
1,52.2,177,95.933
5.2667,1,178.07,85.267
231.4,105.53,301.8,156.73
161,1,284.73,90.6
172.73,332.73,281.53,438.33
230.33,347.67,280.47,442.6
68.2,388.2,111.93,445.8
228.2,249.53,279.4,306.07
143.93,377.53,205.8,443.67
200.47,296.47,283.67,443.67
220.73,282.6,263.4,396.73
166.33,371.13,253.8,452.2
115.13,357.27,205.8,443.67
1,1,73.533,119.4
104.47,236.73,167.4,311.4
1,357.27,90.6,511.93
118.33,249.53,218.6,311.4
115.13,254.87,165.27,310.33
200.47,436.2,301.8,497
136.47,263.4,221.8,369
25.533,1,193,85.267
163.13,1,301.8,97
166.33,346.6,244.2,422.33
1,1,59.667,59.667
161,253.8,261.27,389.27
169.53,29.8,301.8,136.47
159.93,436.2,206.87,486.33
130.07,434.07,198.33,482.07
118.33,354.07,233.53,444.73
234.6,319.93,283.67,443.67
254.87,1,301.8,92.733
5.2667,8.4667,163.13,85.267
200.47,436.2,290.07,497
247.4,1,301.8,92.733
206.87,351.93,252.73,413.8
95.933,55.4,301.8,105.53
196.2,445.8,285.8,495.93
196.2,319.93,301.8,498.07
1,20.2,46.867,85.267
172.73,305,280.47,442.6
247.4,105.53,301.8,450.07
169.53,269.8,218.6,338.07
102.33,307.13,187.67,440.47
107.67,426.6,212.2,511.93
186.6,333.8,301.8,498.07
121.53,435.13,188.73,489.53
1,357.27,212.2,511.93
161,263.4,266.6,399.93
5.2667,357.27,61.8,412.73
172.73,332.73,279.4,421.27
202.6,37.267,280.47,97
139.67,435.13,188.73,489.53
114.07,315.67,156.73,373.27
147.13,354.07,215.4,421.27
1,357.27,53.267,424.47
117.27,253.8,194.07,313.53
116.2,173.8,171.67,238.87
1,1,61.8,58.6
171.67,308.2,220.73,378.6
149.27,267.67,215.4,334.87
82.067,21.267,175.93,85.267
1,358.33,71.4,497
169.53,182.33,279.4,396.73
66.067,307.13,187.67,440.47
125.8,434.07,215.4,482.07
103.4,181.27,169.53,282.6
186.6,3.1333,230.33,87.4
132.2,21.267,228.2,87.4
136.47,293.27,183.4,369
207.93,344.47,281.53,435.13
1,388.2,78.867,495.93
117.27,200.47,215.4,247.4
169.53,172.73,259.13,338.07
166.33,346.6,253.8,452.2
87.4,369,153.53,456.47
161,339.13,301.8,446.87
74.6,446.87,143.93,488.47
104.47,200.47,219.67,311.4
68.2,446.87,117.27,488.47
171.67,308.2,243.13,378.6
1,95.933,55.4,173.8
20.2,357.27,60.733,409.53
125.8,434.07,180.2,479.93
153.53,147.13,215.4,226.07
206.87,297.53,290.07,450.07
212.2,2.0667,271.93,62.867
171.67,308.2,243.13,362.6
115.13,147.13,214.33,254.87
172.73,354.07,215.4,421.27
248.47,1,301.8,92.733
236.73,353,277.27,406.33
115.13,247.4,219.67,311.4
5.2667,348.73,61.8,417
206.87,47.933,280.47,97
137.53,307.13,180.2,373.27
69.267,104.47,203.67,434.07
68.2,438.33,133.27,488.47
188.73,3.1333,230.33,73.533
5.2667,442.6,78.867,495.93
2.0667,409.53,135.4,460.73
200.47,296.47,279.4,407.4
122.6,367.93,206.87,442.6
169.53,29.8,243.13,136.47
106.6,410.6,153.53,451.13
1,388.2,95.933,495.93
177,217.53,228.2,284.73
196.2,444.73,301.8,498.07
149.27,217.53,221.8,284.73
1,15.933,44.733,77.8
223.93,405.27,269.8,445.8
218.6,1,301.8,91.667
234.6,296.47,279.4,377.53
188.73,119.4,290.07,362.6
116.2,147.13,203.67,238.87
200.47,103.4,301.8,259.13
115.13,254.87,179.13,365.8
234.6,319.93,279.4,377.53
6.3333,357.27,61.8,412.73
103.4,181.27,214.33,282.6
161,104.47,294.33,445.8
260.2,105.53,301.8,299.67
186.6,101.27,301.8,193
1,1,47.933,58.6
218.6,1,301.8,92.733
1,406.33,301.8,511.93
213.27,187.67,271.93,262.33
196.2,444.73,301.8,497
207.93,407.4,252.73,447.93
210.07,103.4,286.87,200.47
169.53,29.8,243.13,129
68.2,438.33,167.4,511.93
26.6,1,177,85.267
189.8,263.4,266.6,347.67
132.2,1,218.6,87.4
122.6,385,187.67,438.33
1,359.4,109.8,511.93
201.53,454.33,295.4,495.93
188.73,6.3333,230.33,85.267
190.87,436.2,252.73,476.73
1,443.67,47.933,511.93
115.13,204.73,219.67,261.27
206.87,382.87,281.53,447.93
95.933,369,145,410.6
68.2,430.87,183.4,511.93
124.73,283.67,175.93,369
92.733,471.4,188.73,511.93
161,329.53,216.47,399.93
199.4,108.73,285.8,218.6
155.67,217.53,228.2,334.87
5.2667,365.8,61.8,439.4
161,280.47,216.47,389.27
11.667,361.53,52.2,402.07
115.13,254.87,167.4,311.4
233.53,305,279.4,406.33
148.2,280.47,252.73,421.27
74.6,446.87,167.4,488.47
1,1,59.667,77.8
100.2,431.93,196.2,488.47
200.47,436.2,296.47,497
68.2,357.27,206.87,456.47
180.2,72.467,301.8,129
122.6,411.67,258.07,489.53
95.933,471.4,206.87,511.93
5.2667,442.6,78.867,497
137.53,357.27,180.2,436.2
133.27,426.6,180.2,478.87
111.93,346.6,159.93,393.53
196.2,1,282.6,90.6
92.733,466.07,216.47,511.93
2.0667,388.2,78.867,495.93
66.067,307.13,146.07,437.27
1,52.2,50.067,246.33
2.0667,388.2,43.667,449
2.0667,410.6,126.87,456.47
245.27,207.93,294.33,323.13
171.67,221.8,228.2,312.47
1,462.87,50.067,511.93
207.93,37.267,301.8,104.47
66.067,307.13,207.93,444.73
1,1,44.733,77.8
212.2,1,271.93,62.867
122.6,375.4,206.87,442.6
7.4,434.07,196.2,497
161,263.4,266.6,380.73
171.67,263.4,266.6,362.6
206.87,4.2,282.6,97
148.2,351.93,252.73,421.27
235.67,333.8,281.53,435.13
200.47,436.2,252.73,490.6
202.6,172.73,259.13,281.53
98.067,471.4,183.4,511.93
216.47,104.47,268.73,148.2
132.2,1,271.93,90.6
260.2,105.53,301.8,437.27
169.53,250.6,253.8,378.6
115.13,105.53,205.8,255.93
254.87,297.53,301.8,437.27
110.87,357.27,173.8,410.6
69.267,314.6,137.53,434.07
87.4,369,145,456.47
237.8,234.6,281.53,301.8
74.6,410.6,153.53,488.47
25.533,378.6,66.067,424.47
169.53,82.067,243.13,129
24.467,431.93,196.2,497
214.33,442.6,301.8,495.93
228.2,227.13,290.07,306.07
161,227.13,290.07,447.93
6.3333,361.53,52.2,407.4
66.067,373.27,118.33,437.27
218.6,10.6,269.8,61.8
215.4,146.07,265.53,186.6
251.67,442.6,301.8,495.93
102.33,337,145,393.53
206.87,297.53,301.8,447.93
122.6,271.93,175.93,369
147.13,105.53,202.6,180.2
220.73,130.07,285.8,178.07
153.53,104.47,206.87,198.33
74.6,434.07,207.93,490.6
1,454.33,50.067,511.93
120.47,249.53,239.93,369
117.27,150.33,218.6,312.47
14.867,348.73,61.8,417
187.67,99.133,301.8,271.93
72.467,445.8,117.27,489.53
206.87,332.73,281.53,447.93
2.0667,361.53,52.2,417
190.87,436.2,301.8,497
125.8,434.07,197.27,482.07
40.467,410.6,126.87,456.47
163.13,1,280.47,97
202.6,105.53,301.8,306.07
165.27,398.87,206.87,443.67
31.933,426.6,93.8,469.27
163.13,21.267,242.07,87.4
1,1,47.933,84.2
159.93,436.2,285.8,482.07
6.3333,378.6,93.8,494.87
26.6,1,178.07,84.2
135.4,392.47,182.33,435.13
8.4667,357.27,53.267,409.53
202.6,177,281.53,306.07
102.33,307.13,156.73,394.6
113,406.33,207.93,451.13
50.067,435.13,167.4,489.53
13.8,8.4667,65,57.533
210.07,103.4,260.2,165.27
159.93,1,260.2,78.867
14.867,8.4667,57.533,50.067
147.13,105.53,214.33,223.93
1,357.27,62.867,505.53
82.067,357.27,173.8,456.47
235.67,350.87,283.67,418.07
26.6,1,180.2,85.267
1,94.867,79.933,145
196.2,445.8,265.53,490.6
221.8,111.93,264.47,205.8
30.867,307.13,145,446.87
171.67,217.53,228.2,312.47
107.67,435.13,188.73,511.93
118.33,385,187.67,440.47
225,220.73,294.33,306.07
200.47,346.6,244.2,407.4
174.87,387.13,220.73,440.47
90.6,390.33,141.8,489.53
72.467,434.07,196.2,488.47
201.53,316.73,263.4,396.73
247.4,291.13,301.8,450.07
206.87,1,282.6,97
14.867,8.4667,57.533,57.533
27.667,1,178.07,85.267
221.8,104.47,268.73,148.2
235.67,350.87,283.67,438.33
5.2667,443.67,71.4,497
1,361.53,52.2,445.8
115.13,387.13,188.73,440.47
188.73,104.47,284.73,222.87
110.87,357.27,173.8,431.93
253.8,239.93,301.8,437.27
132.2,26.6,213.27,87.4
20.2,410.6,167.4,488.47
65,445.8,117.27,489.53
178.07,324.2,280.47,442.6
1,4.2,47.933,114.07
153.53,155.67,215.4,226.07
132.2,19.133,218.6,87.4
253.8,239.93,298.6,381.8
215.4,130.07,285.8,200.47
237.8,11.667,280.47,57.533
102.33,307.13,146.07,374.33
191.93,105.53,284.73,205.8
1,1,47.933,85.267
225,234.6,281.53,303.93
237.8,234.6,281.53,294.33
203.67,172.73,271.93,259.13
7.4,434.07,301.8,497
234.6,454.33,295.4,495.93
188.73,104.47,284.73,205.8
171.67,309.27,217.53,362.6
234.6,454.33,295.4,494.87
99.133,181.27,175.93,399.93
115.13,204.73,210.07,254.87
261.27,122.6,301.8,306.07
260.2,105.53,301.8,152.47
1,94.867,84.2,166.33
244.2,104.47,301.8,152.47
68.2,380.73,165.27,489.53
143.93,387.13,205.8,443.67
196.2,445.8,301.8,495.93
1,443.67,71.4,511.93
117.27,196.2,178.07,238.87
220.73,105.53,301.8,178.07
204.73,111.93,264.47,205.8
202.6,182.33,252.73,226.07
177,1,246.33,68.2
111.93,403.13,180.2,478.87
1,359.4,52.2,445.8
191.93,104.47,284.73,205.8
149.27,12.733,199.4,75.667
195.13,360.47,239.93,422.33
122.6,375.4,170.6,419.13
206.87,1,301.8,97
95.933,346.6,180.2,478.87
202.6,182.33,278.33,303.93
202.6,172.73,259.13,260.2
104.47,185.53,169.53,252.73
241,350.87,283.67,403.13
255.93,1,301.8,91.667
202.6,1,260.2,61.8
202.6,174.87,271.93,271.93
122.6,411.67,246.33,459.67
1,347.67,66.067,417
102.33,306.07,167.4,393.53
14.867,3.1333,72.467,50.067
201.53,454.33,301.8,497
95.933,76.733,278.33,122.6
177,217.53,228.2,279.4
213.27,187.67,271.93,235.67
202.6,182.33,252.73,247.4
102.33,307.13,156.73,374.33
117.27,225,230.33,276.2
188.73,219.67,290.07,362.6
20.2,427.67,94.867,468.2
1,358.33,52.2,430.87
11.667,361.53,52.2,407.4
200.47,346.6,244.2,387.13
1,1,46.867,85.267
50.067,435.13,162.07,489.53
1,446.87,47.933,511.93
253.8,4.2,301.8,92.733
14.867,5.2667,72.467,84.2
215.4,119.4,269.8,200.47
6.3333,359.4,52.2,407.4
95.933,346.6,159.93,429.8
1,357.27,76.733,511.93
191.93,141.8,242.07,184.47
190.87,406.33,246.33,461.8
92.733,471.4,194.07,511.93
149.27,263.4,221.8,327.4
200.47,263.4,244.2,310.33
113,398.87,207.93,451.13
151.4,147.13,214.33,223.93
235.67,333.8,280.47,428.73
120.47,217.53,219.67,261.27
202.6,105.53,284.73,205.8
163.13,21.267,280.47,97
148.2,1,188.73,81
200.47,436.2,252.73,476.73
1,357.27,53.267,505.53
82.067,389.27,124.73,454.33
58.6,445.8,117.27,489.53
202.6,442.6,301.8,495.93
102.33,316.73,147.13,393.53
211.13,105.53,301.8,187.67
111.93,315.67,170.6,421.27
1,431.93,196.2,511.93
203.67,180.2,268.73,264.47
1,1,47.933,55.4
95.933,76.733,301.8,122.6
201.53,300.73,279.4,396.73
215.4,108.73,285.8,218.6
220.73,405.27,301.8,445.8
68.2,380.73,116.2,451.13
203.67,180.2,268.73,268.73
72.467,421.27,126.87,465
230.33,382.87,281.53,438.33
122.6,375.4,170.6,421.27
220.73,234.6,281.53,334.87
191.93,130.07,251.67,184.47
180.2,82.067,243.13,129
215.4,115.13,285.8,218.6
159.93,150.33,203.67,197.27
178.07,351.93,252.73,413.8
257,291.13,301.8,437.27
203.67,180.2,271.93,259.13
158.87,387.13,204.73,442.6
161,313.53,216.47,389.27
232.47,119.4,289,201.53
132.2,26.6,257,90.6
14.867,20.2,55.4,84.2
99.133,271.93,175.93,399.93
6.3333,357.27,61.8,397.8
178.07,324.2,262.33,413.8
202.6,177,279.4,306.07
72.467,421.27,133.27,465
158.87,387.13,206.87,442.6
206.87,4.2,280.47,97
204.73,253.8,279.4,447.93
178.07,323.13,280.47,442.6
235.67,344.47,281.53,429.8
171.67,309.27,217.53,378.6
166.33,371.13,220.73,444.73
195.13,360.47,242.07,422.33
72.467,421.27,135.4,465
117.27,148.2,206.87,238.87
90.6,390.33,151.4,489.53
171.67,308.2,220.73,362.6
190.87,436.2,301.8,492.73
110.87,357.27,173.8,429.8
202.6,177,246.33,237.8
117.27,223.93,218.6,311.4
117.27,406.33,246.33,455.4
202.6,127.93,251.67,190.87
149.27,1,251.67,88.467
118.33,254.87,186.6,311.4
95.933,362.6,142.87,429.8
7.4,1,59.667,46.867
232.47,451.13,281.53,492.73
113,431.93,196.2,488.47
153.53,104.47,203.67,186.6
225,248.47,278.33,303.93
68.2,389.27,124.73,454.33
113,431.93,153.53,472.47
132.2,19.133,202.6,87.4
99.133,283.67,175.93,399.93
175.93,405.27,253.8,452.2
1,95.933,55.4,193
7.4,446.87,85.267,495.93
161,339.13,226.07,444.73
234.6,332.73,278.33,377.53
159.93,19.133,201.53,78.867
26.6,1,157.8,84.2
207.93,382.87,276.2,447.93
117.27,203.67,230.33,276.2
82.067,391.4,124.73,454.33
202.6,182.33,259.13,260.2
133.27,403.13,180.2,478.87
146.07,392.47,206.87,443.67
178.07,340.2,269.8,445.8
213.27,185.53,279.4,306.07
101.27,42.6,175.93,85.267
221.8,305,279.4,406.33
149.27,254.87,239.93,338.07
235.67,344.47,281.53,418.07
234.6,300.73,279.4,356.2
204.73,105.53,284.73,205.8
153.53,174.87,210.07,217.53
206.87,206.87,257,260.2
188.73,225,230.33,276.2
68.2,380.73,116.2,445.8
159.93,1,204.73,49
202.6,104.47,284.73,205.8
177,21.267,242.07,63.933
204.73,109.8,264.47,205.8
7.4,1,47.933,46.867
102.33,330.6,145,393.53
218.6,10.6,260.2,61.8
1,1,47.933,53.267
202.6,177,271.93,262.33
218.6,10.6,259.13,61.8
149.27,279.4,198.33,338.07
102.33,254.87,167.4,393.53
178.07,340.2,244.2,409.53
7.4,1,51.133,46.867
169.53,309.27,212.2,360.47
157.8,148.2,206.87,198.33
230.33,353,277.27,442.6
38.333,1,177,83.133
1,434.07,71.4,511.93
1,1,47.933,43.667
172.73,351.93,252.73,421.27
161,309.27,216.47,389.27
149.27,1,246.33,88.467
207.93,405.27,262.33,447.93
188.73,281.53,244.2,347.67
72.467,421.27,117.27,465
201.53,316.73,243.13,360.47
82.067,21.267,163.13,85.267
211.13,146.07,265.53,187.67
201.53,441.53,301.8,492.73
254.87,105.53,301.8,217.53
95.933,435.13,141.8,489.53
188.73,250.6,253.8,347.67
228.2,249.53,275.13,299.67
177,1,246.33,88.467
220.73,219.67,275.13,299.67
82.067,389.27,124.73,456.47
198.33,263.4,244.2,321
221.8,105.53,284.73,205.8
115.13,254.87,155.67,297.53
228.2,247.4,290.07,306.07
220.73,282.6,279.4,396.73
230.33,347.67,278.33,442.6
232.47,451.13,290.07,497
213.27,185.53,275.13,299.67
221.8,282.6,263.4,380.73
38.333,1,157.8,84.2
124.73,306.07,179.13,365.8
169.53,309.27,212.2,378.6
221.8,134.33,263.4,186.6
195.13,351.93,252.73,413.8
124.73,306.07,167.4,365.8
111.93,315.67,159.93,396.73
225,252.73,278.33,303.93
202.6,76.733,278.33,122.6
202.6,182.33,257,260.2
200.47,263.4,253.8,310.33
115.13,181.27,169.53,233.53
