1,1,383.93,511.93
1,1,383.93,149.27
185.53,1,383.93,511.93
1,101.27,383.93,511.93
276.2,53.267,316.73,95.933
1,106.6,241,511.93
189.8,1,383.93,148.2
1,106.6,191.93,501.27
215.4,406.33,383.93,511.93
1,106.6,241,501.27
1,106.6,191.93,505.53
194.07,1,275.13,194.07
194.07,1,275.13,197.27
1,1,263.4,511.93
1,335.93,251.67,511.93
287.93,328.47,371.13,440.47
210.07,1,383.93,511.93
1,1,383.93,276.2
194.07,431.93,270.87,478.87
1,345.53,210.07,511.93
88.467,335.93,251.67,511.93
1,104.47,151.4,364.73
47.933,186.6,213.27,471.4
1,1,250.6,132.2
241,234.6,293.27,316.73
1,151.4,383.93,511.93
1,106.6,185.53,493.8
93.8,79.933,186.6,220.73
110.87,166.33,179.13,217.53
47.933,1,383.93,488.47
167.4,1,212.2,54.333
1,1,383.93,297.53
146.07,1,340.2,380.73
1,1,340.2,511.93
223.93,1,383.93,511.93
185.53,1,383.93,297.53
1,17,123.67,124.73
45.8,28.733,151.4,109.8
266.6,105.53,323.13,215.4
1,171.67,44.733,250.6
93.8,74.6,355.13,276.2
169.53,1,344.47,488.47
11.667,300.73,189.8,492.73
265.53,1,345.53,77.8
119.4,101.27,383.93,511.93
254.87,301.8,311.4,350.87
270.87,1,383.93,300.73
146.07,252.73,242.07,318.87
10.6,52.2,84.2,126.87
1,106.6,188.73,495.93
182.33,369,270.87,511.93
1,1,154.6,60.733
185.53,447.93,244.2,511.93
298.6,159.93,383.93,449
1,1,248.47,125.8
1,1,226.07,233.53
1,21.267,84.2,131.13
250.6,1,383.93,451.13
1,345.53,194.07,511.93
295.4,1,383.93,123.67
1,1,309.27,511.93
265.53,1,383.93,511.93
9.5333,59.667,84.2,124.73
58.6,171.67,270.87,511.93
170.6,1,340.2,474.6
51.133,151.4,383.93,489.53
1,104.47,210.07,511.93
10.6,300.73,189.8,492.73
58.6,233.53,235.67,433
84.2,85.267,212.2,234.6
10.6,374.33,54.333,414.87
169.53,239.93,241,303.93
58.6,186.6,213.27,427.67
143.93,1,251.67,107.67
24.467,435.13,101.27,501.27
1,1,233.53,194.07
273,426.6,337,511.93
164.2,1,383.93,511.93
177,1,258.07,75.667
58.6,1,383.93,511.93
283.67,151.4,383.93,451.13
1,1,212.2,195.13
1,233.53,317.8,511.93
76.733,335.93,218.6,433
1,212.2,340.2,511.93
1,325.27,251.67,511.93
1,346.6,383.93,511.93
216.47,406.33,383.93,511.93
124.73,1,211.13,138.6
177,343.4,245.27,436.2
1,258.07,52.2,415.93
47.933,186.6,218.6,471.4
291.13,254.87,383.93,438.33
225,1,279.4,115.13
267.67,313.53,340.2,369
84.2,1,303.93,282.6
212.2,74.6,355.13,276.2
223.93,328.47,383.93,511.93
1,340.2,383.93,511.93
106.6,383.93,148.2,428.73
180.2,427.67,220.73,472.47
318.87,159.93,383.93,449
51.133,266.6,206.87,326.33
275.13,105.53,323.13,215.4
187.67,1,326.33,314.6
1,1,154.6,61.8
1,462.87,53.267,511.93
1,1,251.67,170.6
88.467,335.93,183.4,426.6
298.6,88.467,364.73,317.8
199.4,1,251.67,107.67
1,1,233.53,131.13
8.4667,435.13,129,511.93
51.133,212.2,340.2,428.73
157.8,328.47,317.8,511.93
76.733,306.07,241,476.73
187.67,1,350.87,314.6
51.133,275.13,143.93,324.2
1,1,174.87,68.2
1,1,251.67,132.2
292.2,1,350.87,72.467
1,1,233.53,195.13
123.67,335.93,183.4,426.6
287.93,228.2,383.93,451.13
193,238.87,245.27,342.33
51.133,167.4,241,476.73
83.133,158.87,230.33,273
1,1,303.93,282.6
273,1,333.8,77.8
266.6,53.267,362.6,215.4
1,1,340.2,380.73
190.87,1,307.13,236.73
1,104.47,76.733,364.73
78.867,313.53,189.8,431.93
170.6,1,324.2,318.87
94.867,319.93,189.8,427.67
183.4,467.13,236.73,511.93
210.07,1,383.93,369
40.467,15.933,122.6,107.67
86.333,3.1333,154.6,59.667
1,104.47,189.8,492.73
11.667,53.267,84.2,132.2
1,340.2,191.93,511.93
233.53,115.13,289,179.13
1,222.87,185.53,493.8
1,1,258.07,149.27
265.53,1,383.93,317.8
183.4,370.07,269.8,511.93
51.133,212.2,295.4,317.8
303.93,406.33,383.93,511.93
84.2,57.533,222.87,234.6
1,1,250.6,125.8
193,235.67,280.47,361.53
58.6,233.53,188.73,330.6
275.13,84.2,383.93,317.8
227.13,382.87,273,457.53
1,47.933,84.2,132.2
1,453.27,126.87,511.93
25.533,106.6,151.4,298.6
318.87,230.33,383.93,451.13
185.53,1,233.53,77.8
76.733,382.87,263.4,489.53
309.27,303.93,371.13,440.47
280.47,120.47,332.73,317.8
1,10.6,122.6,122.6
1,434.07,191.93,511.93
212.2,1,298.6,236.73
58.6,186.6,213.27,471.4
122.6,296.47,340.2,428.73
119.4,167.4,316.73,511.93
58.6,186.6,206.87,427.67
122.6,296.47,226.07,438.33
298.6,460.73,365.8,511.93
279.4,369,383.93,511.93
6.3333,56.467,84.2,131.13
1,358.33,191.93,511.93
1,106.6,188.73,501.27
217.53,84.2,340.2,380.73
88.467,275.13,150.33,315.67
77.8,1,309.27,511.93
51.133,1,309.27,511.93
1,1,248.47,123.67
74.6,468.2,184.47,511.93
195.13,136.47,263.4,184.47
314.6,397.8,383.93,511.93
282.6,83.133,326.33,153.53
93.8,79.933,264.47,233.53
89.533,89.533,142.87,149.27
175.93,310.33,298.6,474.6
1,1,233.53,511.93
297.53,1,383.93,280.47
1,435.13,125.8,511.93
188.73,300.73,340.2,361.53
77.8,313.53,209,458.6
317.8,88.467,364.73,273
223.93,159.93,383.93,511.93
212.2,94.867,298.6,236.73
223.93,414.87,383.93,511.93
217.53,147.13,307.13,370.07
187.67,1,350.87,361.53
287.93,159.93,383.93,449
311.4,298.6,363.67,425.53
238.87,49,287.93,120.47
187.67,1,324.2,318.87
215.4,101.27,383.93,511.93
122.6,1,309.27,511.93
277.27,101.27,318.87,143.93
146.07,1,275.13,318.87
95.933,1,233.53,110.87
143.93,1,209,104.47
1,1,174.87,91.667
203.67,8.4667,263.4,141.8
194.07,123.67,259.13,184.47
84.2,57.533,222.87,262.33
1,106.6,151.4,300.73
140.73,167.4,300.73,318.87
246.33,83.133,326.33,314.6
289,127.93,383.93,451.13
79.933,79.933,263.4,214.33
276.2,228.2,383.93,451.13
214.33,25.533,287.93,276.2
88.467,261.27,175.93,310.33
217.53,141.8,307.13,380.73
1,306.07,191.93,511.93
90.6,467.13,248.47,511.93
276.2,330.6,317.8,447.93
30.867,55.4,84.2,126.87
196.2,167.4,284.73,237.8
274.07,1,383.93,511.93
1,328.47,317.8,511.93
273,1,350.87,77.8
28.733,63.933,84.2,132.2
212.2,94.867,287.93,174.87
166.33,123.67,264.47,195.13
289,1,383.93,317.8
287.93,449,365.8,511.93
1,1,210.07,123.67
185.53,1,319.93,270.87
36.2,468.2,124.73,511.93
223.93,106.6,267.67,148.2
150.33,318.87,226.07,426.6
1,1,248.47,233.53
139.67,1,251.67,107.67
298.6,159.93,383.93,440.47
164.2,1,226.07,65
51.133,175.93,206.87,335.93
194.07,123.67,263.4,184.47
157.8,344.47,269.8,511.93
1,283.67,191.93,511.93
1,1,190.87,124.73
254.87,301.8,340.2,361.53
76.733,178.07,178.07,341.27
287.93,1,383.93,300.73
1,283.67,42.6,343.4
139.67,67.133,183.4,162.07
1,12.733,126.87,123.67
86.333,71.4,212.2,233.53
1,1,205.8,125.8
194.07,380.73,274.07,478.87
1,217.53,70.333,364.73
214.33,301.8,296.47,354.07
287.93,101.27,383.93,455.4
170.6,167.4,261.27,277.27
1,104.47,194.07,511.93
87.4,52.2,188.73,158.87
151.4,402.07,209,471.4
286.87,439.4,372.2,511.93
163.13,167.4,300.73,303.93
223.93,462.87,267.67,511.93
266.6,105.53,329.53,215.4
274.07,1,383.93,313.53
211.13,1,303.93,282.6
84.2,85.267,254.87,249.53
1,405.27,129,511.93
1,104.47,191.93,505.53
150.33,212.2,206.87,277.27
217.53,83.133,344.47,313.53
51.133,158.87,303.93,489.53
287.93,101.27,369,311.4
83.133,158.87,186.6,236.73
77.8,311.4,209,458.6
86.333,67.133,183.4,174.87
194.07,316.73,316.73,509.8
86.333,189.8,151.4,234.6
215.4,465,263.4,511.93
51.133,167.4,230.33,335.93
149.27,145,260.2,282.6
188.73,1,275.13,197.27
180.2,371.13,383.93,511.93
223.93,347.67,284.73,511.93
206.87,329.53,257,374.33
1,145,65,251.67
185.53,235.67,280.47,511.93
301.8,1,383.93,297.53
1,1,212.2,194.07
77.8,469.27,161,511.93
195.13,371.13,285.8,511.93
8.4667,435.13,191.93,511.93
300.73,74.6,355.13,133.27
229.27,115.13,303.93,236.73
119.4,162.07,198.33,230.33
10.6,178.07,189.8,492.73
1,1,263.4,214.33
77.8,325.27,150.33,415.93
223.93,347.67,293.27,511.93
211.13,301.8,340.2,415.93
119.4,306.07,316.73,511.93
1,283.67,56.467,415.93
265.53,308.2,340.2,361.53
215.4,453.27,333.8,511.93
283.67,151.4,370.07,410.6
273,1,315.67,77.8
214.33,11.667,298.6,236.73
194.07,239.93,241,280.47
250.6,67.133,330.6,142.87
1,1,226.07,169.53
185.53,235.67,383.93,511.93
95.933,1,201.53,110.87
293.27,151.4,370.07,410.6
289,254.87,383.93,438.33
1,442.6,101.27,511.93
51.133,266.6,179.13,326.33
187.67,1,298.6,236.73
295.4,1,383.93,280.47
187.67,123.67,264.47,170.6
1,1,214.33,194.07
1,12.733,126.87,126.87
217.53,91.667,318.87,215.4
1,18.067,84.2,124.73
210.07,299.67,340.2,369
291.13,415.93,353,476.73
1,10.6,122.6,131.13
275.13,159.93,383.93,511.93
211.13,219.67,300.73,282.6
265.53,1,362.6,124.73
194.07,129,263.4,184.47
86.333,193,170.6,236.73
23.4,56.467,84.2,123.67
76.733,306.07,219.67,433
84.2,168.47,182.33,234.6
250.6,67.133,308.2,123.67
265.53,1,362.6,215.4
190.87,165.27,242.07,275.13
87.4,52.2,221.8,195.13
276.2,135.4,323.13,193
289,298.6,373.27,438.33
195.13,1,249.53,102.33
2.0667,47.933,84.2,132.2
40.467,1,173.8,107.67
297.53,254.87,383.93,438.33
76.733,158.87,303.93,489.53
250.6,1,383.93,187.67
143.93,29.8,194.07,104.47
122.6,296.47,340.2,426.6
1,183.4,49,244.2
86.333,109.8,186.6,214.33
190.87,1,307.13,308.2
166.33,122.6,264.47,233.53
185.53,123.67,263.4,197.27
294.33,205.8,334.87,314.6
58.6,233.53,251.67,433
1,1,250.6,262.33
146.07,1,226.07,79.933
119.4,452.2,191.93,505.53
51.133,212.2,305,330.6
153.53,369,270.87,511.93
66.067,467.13,154.6,511.93
172.73,167.4,221.8,273
8.4667,435.13,184.47,511.93
209,235.67,255.93,294.33
266.6,1,362.6,124.73
214.33,10.6,324.2,318.87
306.07,1,383.93,121.53
87.4,83.133,159.93,149.27
123.67,380.73,179.13,422.33
297.53,1,383.93,123.67
84.2,85.267,254.87,234.6
212.2,104.47,316.73,207.93
125.8,9.5333,168.47,79.933
147.13,85.267,212.2,162.07
297.53,82.067,339.13,133.27
220.73,322.07,383.93,511.93
59.667,17,100.2,107.67
1,18.067,70.333,124.73
76.733,382.87,174.87,428.73
1,306.07,41.533,351.93
1,435.13,210.07,511.93
190.87,1,309.27,308.2
139.67,212.2,295.4,315.67
149.27,186.6,206.87,260.2
56.467,468.2,182.33,511.93
1,358.33,194.07,511.93
20.2,374.33,69.267,453.27
187.67,1,258.07,75.667
1,340.2,129,511.93
10.6,52.2,84.2,131.13
156.73,369,270.87,511.93
318.87,182.33,383.93,449
1,1,211.13,149.27
185.53,1,324.2,270.87
258.07,235.67,309.27,279.4
216.47,1,383.93,511.93
273,406.33,383.93,511.93
40.467,1,212.2,110.87
205.8,6.3333,250.6,54.333
88.467,385,129,425.53
195.13,1,249.53,103.4
312.47,151.4,366.87,330.6
94.867,382.87,145,427.67
1,1,212.2,131.13
108.73,1,226.07,104.47
30.867,41.533,84.2,126.87
321,182.33,383.93,348.73
146.07,252.73,206.87,318.87
148.2,313.53,189.8,431.93
58.6,186.6,209,427.67
289,84.2,383.93,317.8
230.33,322.07,305,509.8
214.33,155.67,262.33,236.73
231.4,101.27,318.87,215.4
217.53,257,276.2,310.33
270.87,1,383.93,451.13
294.33,1,345.53,73.533
217.53,257,281.53,316.73
51.133,233.53,251.67,433
293.27,151.4,366.87,410.6
217.53,171.67,300.73,299.67
151.4,23.4,201.53,110.87
220.73,1,279.4,115.13
212.2,104.47,316.73,276.2
1,106.6,151.4,299.67
292.2,1,383.93,297.53
298.6,101.27,375.4,300.73
122.6,296.47,273,438.33
1,435.13,126.87,511.93
122.6,217.53,293.27,511.93
275.13,1,383.93,317.8
89.533,85.267,206.87,195.13
79.933,79.933,203.67,194.07
79.933,79.933,263.4,194.07
87.4,52.2,198.33,174.87
79.933,89.533,263.4,194.07
309.27,230.33,383.93,440.47
86.333,131.13,146.07,205.8
305,1,383.93,187.67
229.27,108.73,287.93,234.6
146.07,402.07,209,471.4
250.6,1,383.93,297.53
298.6,88.467,364.73,313.53
215.4,465,269.8,511.93
51.133,266.6,179.13,317.8
1,270.87,50.067,375.4
194.07,316.73,274.07,478.87
76.733,381.8,263.4,489.53
217.53,257,284.73,358.33
228.2,49,287.93,120.47
275.13,133.27,318.87,179.13
223.93,198.33,264.47,274.07
268.73,174.87,332.73,313.53
306.07,462.87,372.2,511.93
166.33,122.6,264.47,231.4
125.8,9.5333,190.87,79.933
163.13,93.8,254.87,234.6
190.87,229.27,303.93,466.07
228.2,1,287.93,120.47
217.53,83.133,344.47,394.6
140.73,274.07,297.53,318.87
185.53,11.667,298.6,270.87
286.87,120.47,332.73,317.8
185.53,129,263.4,193
122.6,296.47,245.27,438.33
1,258.07,52.2,375.4
265.53,313.53,340.2,358.33
298.6,414.87,374.33,468.2
223.93,455.4,275.13,511.93
20.2,374.33,62.867,453.27
275.13,132.2,323.13,207.93
275.13,328.47,383.93,511.93
94.867,186.6,206.87,427.67
166.33,1,214.33,54.333
318.87,159.93,363.67,366.87
137.53,127.93,178.07,189.8
193,241,245.27,310.33
215.4,439.4,372.2,511.93
291.13,151.4,383.93,438.33
276.2,293.27,383.93,511.93
220.73,322.07,303.93,466.07
1,12.733,147.13,123.67
244.2,328.47,299.67,509.8
40.467,10.6,122.6,107.67
230.33,322.07,305,424.47
94.867,28.733,151.4,113
266.6,165.27,326.33,247.4
169.53,1,300.73,488.47
212.2,366.87,263.4,443.67
150.33,212.2,222.87,282.6
150.33,93.8,195.13,171.67
229.27,387.13,276.2,466.07
340.2,83.133,383.93,260.2
335.93,83.133,383.93,280.47
190.87,167.4,246.33,280.47
31.933,59.667,84.2,123.67
151.4,8.4667,212.2,110.87
318.87,140.73,383.93,348.73
86.333,98.067,142.87,151.4
246.33,165.27,326.33,314.6
149.27,230.33,199.4,316.73
229.27,348.73,303.93,453.27
58.6,275.13,137.53,317.8
51.133,275.13,143.93,326.33
330.6,230.33,383.93,451.13
275.13,397.8,383.93,511.93
51.133,275.13,150.33,317.8
125.8,1,201.53,89.533
203.67,8.4667,245.27,139.67
113,209,178.07,281.53
204.73,103.4,307.13,236.73
40.467,468.2,124.73,511.93
1,17,152.47,126.87
197.27,447.93,244.2,489.53
193,236.73,280.47,357.27
321,140.73,383.93,348.73
165.27,122.6,264.47,233.53
150.33,217.53,206.87,277.27
212.2,366.87,263.4,451.13
33,453.27,104.47,511.93
197.27,440.47,263.4,489.53
86.333,52.2,221.8,233.53
217.53,1,344.47,394.6
133.27,306.07,205.8,359.4
95.933,27.667,163.13,104.47
180.2,371.13,305,511.93
169.53,1,383.93,488.47
207.93,302.87,254.87,343.4
321,1,383.93,108.73
83.133,175.93,181.27,228.2
317.8,17,383.93,123.67
1,462.87,45.8,511.93
1,345.53,191.93,511.93
275.13,450.07,348.73,511.93
276.2,53.267,362.6,107.67
79.933,89.533,179.13,171.67
210.07,285.8,340.2,369
31.933,59.667,84.2,126.87
110.87,158.87,182.33,233.53
181.27,390.33,251.67,488.47
97,171.67,186.6,220.73
6.3333,41.533,84.2,131.13
230.33,322.07,316.73,509.8
219.67,422.33,269.8,470.33
125.8,1,206.87,138.6
141.8,369,270.87,511.93
124.73,1,206.87,138.6
83.133,175.93,206.87,316.73
294.33,127.93,366.87,330.6
1,346.6,191.93,511.93
164.2,1,340.2,474.6
125.8,1,201.53,110.87
257,348.73,299.67,509.8
181.27,332.73,293.27,511.93
31.933,63.933,84.2,132.2
150.33,212.2,295.4,311.4
187.67,8.4667,233.53,151.4
1,434.07,125.8,511.93
181.27,410.6,251.67,488.47
252.73,348.73,303.93,453.27
1,435.13,104.47,511.93
264.47,174.87,324.2,221.8
215.4,462.87,262.33,511.93
220.73,322.07,337,466.07
276.2,1,316.73,95.933
254.87,285.8,340.2,394.6
305,83.133,383.93,280.47
1,12.733,151.4,132.2
51.133,275.13,143.93,325.27
202.6,344.47,245.27,445.8
149.27,217.53,218.6,273
301.8,1,383.93,121.53
289,254.87,383.93,451.13
286.87,415.93,353,476.73
187.67,123.67,264.47,197.27
205.8,6.3333,250.6,79.933
219.67,223.93,300.73,282.6
99.133,275.13,166.33,335.93
287.93,101.27,375.4,300.73
185.53,447.93,245.27,511.93
276.2,174.87,324.2,215.4
202.6,236.73,280.47,386.07
193,235.67,280.47,357.27
205.8,299.67,285.8,389.27
286.87,439.4,344.47,486.33
142.87,338.07,219.67,402.07
34.067,39.4,98.067,123.67
86.333,71.4,221.8,233.53
231.4,329.53,276.2,394.6
142.87,217.53,276.2,347.67
318.87,182.33,363.67,331.67
166.33,123.67,263.4,195.13
74.6,25.533,152.47,72.467
276.2,140.73,383.93,511.93
99.133,210.07,303.93,466.07
276.2,174.87,326.33,234.6
1,340.2,44.733,427.67
213.27,236.73,280.47,357.27
51.133,234.6,177,317.8
253.8,181.27,297.53,276.2
280.47,105.53,332.73,317.8
276.2,53.267,362.6,118.33
200.47,1,258.07,75.667
207.93,13.8,248.47,103.4
266.6,178.07,324.2,241
1,145,62.867,251.67
1,1,248.47,131.13
180.2,463.93,248.47,511.93
291.13,241,383.93,455.4
82.067,79.933,206.87,195.13
177,36.2,300.73,488.47
105.53,26.6,147.13,69.267
24.467,435.13,124.73,511.93
162.07,302.87,235.67,398.87
5.2667,350.87,56.467,415.93
1,346.6,45.8,462.87
258.07,362.6,298.6,474.6
1,345.53,52.2,511.93
191.93,129,248.47,234.6
204.73,278.33,285.8,389.27
86.333,127.93,179.13,233.53
83.133,175.93,157.8,236.73
335.93,193,376.47,348.73
189.8,167.4,235.67,232.47
1,12.733,151.4,124.73
276.2,53.267,362.6,100.2
246.33,229.27,300.73,314.6
294.33,151.4,366.87,330.6
265.53,1,333.8,77.8
76.733,185.53,206.87,424.47
94.867,275.13,150.33,315.67
286.87,439.4,355.13,511.93
1,434.07,182.33,511.93
1,434.07,101.27,511.93
150.33,318.87,245.27,426.6
86.333,67.133,213.27,193
193,370.07,238.87,468.2
180.2,463.93,244.2,511.93
76.733,178.07,189.8,431.93
88.467,335.93,251.67,488.47
207.93,1,274.07,103.4
305,90.6,366.87,187.67
246.33,229.27,296.47,290.07
170.6,1,340.2,361.53
159.93,206.87,206.87,261.27
1,453.27,104.47,497
135.4,381.8,218.6,433
1,17,152.47,149.27
196.2,370.07,238.87,457.53
312.47,84.2,383.93,273
217.53,147.13,307.13,380.73
217.53,257,295.4,370.07
206.87,300.73,339.13,354.07
130.07,79.933,186.6,214.33
88.467,318.87,189.8,427.67
226.07,348.73,303.93,466.07
273,414.87,383.93,511.93
298.6,230.33,383.93,440.47
283.67,151.4,383.93,438.33
1,340.2,56.467,415.93
221.8,301.8,311.4,369
76.733,171.67,270.87,511.93
265.53,313.53,312.47,361.53
66.067,453.27,194.07,511.93
1,6.3333,152.47,149.27
79.933,89.533,203.67,194.07
124.73,236.73,206.87,353
231.4,167.4,297.53,236.73
273,414.87,374.33,511.93
76.733,185.53,250.6,424.47
123.67,382.87,174.87,428.73
268.73,142.87,344.47,313.53
166.33,122.6,264.47,195.13
82.067,89.533,142.87,149.27
139.67,270.87,257,315.67
187.67,123.67,264.47,184.47
298.6,84.2,383.93,317.8
211.13,115.13,303.93,282.6
78.867,342.33,166.33,428.73
83.133,171.67,186.6,220.73
180.2,371.13,285.8,511.93
258.07,203.67,340.2,355.13
275.13,105.53,323.13,207.93
335.93,37.267,383.93,297.53
1,21.267,46.867,122.6
137.53,108.73,212.2,189.8
293.27,1,350.87,70.333
151.4,23.4,212.2,110.87
166.33,85.267,212.2,133.27
136.47,88.467,179.13,142.87
287.93,230.33,383.93,451.13
23.4,445.8,74.6,487.4
155.67,401,251.67,488.47
246.33,228.2,300.73,282.6
84.2,91.667,182.33,234.6
266.6,53.267,362.6,124.73
86.333,57.533,222.87,193
87.4,52.2,206.87,195.13
225,1,277.27,115.13
182.33,373.27,233.53,428.73
183.4,447.93,226.07,488.47
66.067,275.13,166.33,335.93
217.53,236.73,280.47,357.27
59.667,17,107.67,107.67
88.467,178.07,178.07,341.27
1,5.2667,122.6,131.13
11.667,437.27,79.933,492.73
184.47,36.2,283.67,168.47
132.2,234.6,177,307.13
88.467,335.93,183.4,427.67
211.13,301.8,290.07,415.93
86.333,57.533,213.27,193
146.07,380.73,209,471.4
298.6,1,383.93,122.6
290.07,441.53,366.87,511.93
312.47,84.2,383.93,285.8
1,375.4,45.8,460.73
188.73,300.73,339.13,354.07
294.33,1,383.93,278.33
77.8,335.93,150.33,415.93
1,8.4667,184.47,123.67
76.733,210.07,303.93,489.53
70.333,275.13,166.33,335.93
305,37.267,383.93,297.53
142.87,338.07,245.27,435.13
183.4,467.13,248.47,511.93
86.333,91.667,163.13,172.73
51.133,264.47,166.33,335.93
235.67,1,284.73,121.53
287.93,119.4,333.8,311.4
175.93,167.4,235.67,269.8
86.333,143.93,200.47,234.6
183.4,347.67,293.27,511.93
189.8,1,287.93,145
194.07,1,275.13,140.73
70.333,275.13,137.53,317.8
325.27,1,370.07,79.933
301.8,303.93,362.6,427.67
342.33,243.13,383.93,439.4
287.93,303.93,362.6,435.13
152.47,46.867,211.13,106.6
76.733,276.2,136.47,324.2
1,435.13,191.93,511.93
1,306.07,44.733,411.67
267.67,15.933,315.67,131.13
212.2,366.87,263.4,478.87
214.33,25.533,300.73,316.73
122.6,296.47,245.27,426.6
273,453.27,333.8,511.93
122.6,296.47,226.07,422.33
202.6,344.47,263.4,476.73
185.53,414.87,383.93,511.93
185.53,344.47,263.4,511.93
77.8,313.53,189.8,427.67
165.27,93.8,263.4,194.07
140.73,233.53,188.73,310.33
51.133,223.93,177,317.8
79.933,89.533,173.8,170.6
163.13,108.73,213.27,193
79.933,359.4,189.8,424.47
1,453.27,104.47,511.93
232.47,1,279.4,115.13
250.6,67.133,330.6,123.67
76.733,443.67,129,485.27
89.533,79.933,206.87,195.13
59.667,1,211.13,138.6
94.867,294.33,235.67,427.67
223.93,1,284.73,121.53
89.533,85.267,199.4,172.73
17,442.6,101.27,511.93
89.533,81,206.87,195.13
204.73,103.4,254.87,182.33
1,104.47,61.8,251.67
211.13,115.13,297.53,236.73
174.87,335.93,226.07,426.6
95.933,27.667,163.13,94.867
182.33,310.33,298.6,474.6
315.67,97,364.73,152.47
220.73,322.07,261.27,402.07
58.6,233.53,235.67,427.67
151.4,23.4,201.53,89.533
84.2,168.47,151.4,234.6
124.73,85.267,199.4,172.73
287.93,460.73,365.8,511.93
294.33,151.4,366.87,366.87
188.73,300.73,340.2,354.07
225,1,277.27,84.2
163.13,108.73,248.47,234.6
147.13,85.267,212.2,142.87
143.93,1,205.8,104.47
11.667,389.27,76.733,492.73
229.27,115.13,303.93,181.27
318.87,159.93,363.67,331.67
119.4,306.07,228.2,511.93
86.333,98.067,155.67,172.73
274.07,104.47,319.93,179.13
1,258.07,50.067,375.4
186.6,410.6,244.2,488.47
223.93,147.13,307.13,274.07
175.93,457.53,222.87,511.93
188.73,300.73,306.07,361.53
164.2,306.07,228.2,511.93
89.533,85.267,199.4,186.6
196.2,167.4,260.2,237.8
211.13,380.73,267.67,445.8
172.73,167.4,230.33,273
66.067,467.13,175.93,511.93
33,59.667,84.2,123.67
262.33,138.6,307.13,207.93
82.067,1,212.2,195.13
275.13,105.53,332.73,317.8
177,278.33,285.8,488.47
298.6,328.47,371.13,440.47
298.6,449,365.8,511.93
169.53,36.2,300.73,488.47
241,246.33,300.73,299.67
201.53,197.27,246.33,269.8
274.07,1,358.33,119.4
245.27,347.67,293.27,488.47
235.67,1,279.4,102.33
181.27,332.73,267.67,488.47
314.6,10.6,359.4,82.067
82.067,46.867,211.13,195.13
122.6,296.47,237.8,347.67
188.73,300.73,296.47,361.53
203.67,7.4,248.47,89.533
99.133,210.07,245.27,435.13
305,89.533,364.73,180.2
56.467,453.27,107.67,511.93
214.33,10.6,300.73,318.87
214.33,10.6,300.73,316.73
122.6,296.47,169.53,344.47
10.6,374.33,79.933,492.73
223.93,455.4,274.07,511.93
294.33,1,383.93,279.4
84.2,143.93,200.47,234.6
207.93,302.87,254.87,361.53
219.67,223.93,283.67,267.67
282.6,83.133,326.33,124.73
28.733,7.4,70.333,61.8
79.933,185.53,206.87,424.47
203.67,27.667,245.27,139.67
335.93,342.33,383.93,451.13
166.33,1,221.8,54.333
265.53,308.2,332.73,361.53
149.27,230.33,205.8,343.4
146.07,145,260.2,318.87
58.6,17,123.67,107.67
93.8,171.67,186.6,220.73
1,14.867,62.867,122.6
276.2,178.07,324.2,241
1,442.6,182.33,511.93
118.33,27.667,163.13,69.267
298.6,83.133,383.93,313.53
122.6,217.53,276.2,438.33
317.8,17,383.93,122.6
150.33,212.2,276.2,310.33
190.87,236.73,280.47,410.6
165.27,93.8,207.93,194.07
274.07,83.133,326.33,179.13
248.47,84.2,324.2,215.4
317.8,88.467,364.73,183.4
86.333,109.8,133.27,174.87
241,171.67,300.73,299.67
316.73,303.93,363.67,422.33
1,18.067,84.2,131.13
1,1,122.6,61.8
86.333,162.07,200.47,234.6
1,106.6,189.8,492.73
231.4,328.47,317.8,509.8
216.47,462.87,271.93,511.93
291.13,329.53,350.87,455.4
229.27,115.13,289,181.27
1,405.27,124.73,511.93
267.67,15.933,315.67,121.53
84.2,168.47,157.8,214.33
294.33,151.4,349.8,314.6
79.933,89.533,195.13,171.67
221.8,301.8,340.2,369
97,106.6,142.87,151.4
233.53,167.4,284.73,236.73
214.33,1,324.2,318.87
1,12.733,46.867,123.67
76.733,382.87,195.13,476.73
212.2,369,263.4,443.67
146.07,252.73,230.33,318.87
54.333,17,123.67,107.67
185.53,86.333,263.4,197.27
193,236.73,280.47,386.07
229.27,108.73,287.93,174.87
33,455.4,104.47,495.93
267.67,317.8,311.4,369
334.87,1,383.93,108.73
1,17,152.47,124.73
253.8,453.27,333.8,511.93
132.2,180.2,206.87,316.73
283.67,328.47,337,410.6
231.4,328.47,299.67,509.8
124.73,85.267,193,171.67
151.4,424.47,209,471.4
153.53,55.4,210.07,104.47
1,340.2,44.733,411.67
191.93,1,275.13,197.27
318.87,151.4,361.53,330.6
246.33,229.27,300.73,290.07
258.07,203.67,309.27,279.4
162.07,308.2,218.6,398.87
181.27,409.53,251.67,488.47
133.27,306.07,219.67,407.4
162.07,308.2,235.67,398.87
84.2,58.6,159.93,169.53
74.6,468.2,124.73,511.93
229.27,348.73,303.93,466.07
194.07,36.2,275.13,122.6
110.87,71.4,212.2,233.53
86.333,193,151.4,236.73
130.07,143.93,198.33,230.33
1,453.27,107.67,511.93
177,278.33,285.8,436.2
267.67,1,383.93,148.2
181.27,410.6,244.2,488.47
162.07,343.4,205.8,398.87
47.933,9.5333,190.87,107.67
149.27,85.267,193,138.6
99.133,210.07,205.8,343.4
180.2,408.47,220.73,472.47
314.6,1,383.93,108.73
230.33,469.27,270.87,511.93
42.6,1,190.87,107.67
86.333,67.133,195.13,174.87
275.13,105.53,318.87,166.33
58.6,262.33,153.53,321
221.8,301.8,290.07,415.93
10.6,13.8,54.333,68.2
315.67,293.27,383.93,451.13
11.667,389.27,79.933,492.73
223.93,246.33,300.73,311.4
1,22.333,53.267,78.867
221.8,301.8,311.4,350.87
1,18.067,46.867,122.6
1,106.6,151.4,364.73
266.6,165.27,326.33,241
232.47,1,274.07,67.133
190.87,236.73,303.93,466.07
311.4,414.87,383.93,511.93
1,1,205.8,124.73
194.07,36.2,283.67,122.6
5.2667,350.87,45.8,392.47
257,158.87,298.6,234.6
276.2,390.33,383.93,511.93
214.33,155.67,298.6,236.73
265.53,152.47,307.13,207.93
77.8,318.87,189.8,427.67
86.333,180.2,151.4,236.73
211.13,219.67,259.13,275.13
231.4,147.13,307.13,235.67
94.867,28.733,151.4,99.133
298.6,101.27,375.4,265.53
340.2,17,383.93,122.6
51.133,266.6,179.13,322.07
340.2,87.4,383.93,148.2
279.4,43.667,358.33,119.4
184.47,425.53,244.2,467.13
231.4,101.27,318.87,182.33
216.47,462.87,270.87,511.93
86.333,127.93,182.33,233.53
214.33,86.333,293.27,236.73
76.733,284.73,136.47,327.4
211.13,236.73,280.47,374.33
124.73,282.6,168.47,343.4
185.53,123.67,263.4,193
185.53,1,298.6,270.87
185.53,11.667,298.6,236.73
213.27,236.73,280.47,374.33
330.6,346.6,383.93,451.13
58.6,233.53,188.73,321
203.67,13.8,251.67,107.67
94.867,25.533,152.47,98.067
193,370.07,269.8,511.93
1,12.733,54.333,124.73
276.2,135.4,323.13,207.93
89.533,158.87,151.4,233.53
1,145,65,292.2
140.73,278.33,297.53,318.87
99.133,277.27,166.33,335.93
24.467,435.13,129,511.93
184.47,36.2,300.73,311.4
277.27,105.53,318.87,166.33
95.933,25.533,152.47,98.067
10.6,57.533,84.2,126.87
326.33,444.73,383.93,511.93
130.07,85.267,212.2,230.33
219.67,223.93,300.73,308.2
174.87,333.8,219.67,407.4
34.067,18.067,126.87,123.67
266.6,174.87,326.33,241
315.67,303.93,362.6,418.07
342.33,241,383.93,439.4
315.67,329.53,371.13,418.07
306.07,1,381.8,121.53
204.73,93.8,254.87,182.33
318.87,243.13,359.4,331.67
83.133,175.93,181.27,236.73
193,238.87,247.4,282.6
110.87,127.93,179.13,217.53
86.333,136.47,146.07,205.8
157.8,344.47,252.73,471.4
164.2,1,205.8,91.667
228.2,301.8,290.07,415.93
1,465,61.8,508.73
83.133,306.07,219.67,407.4
125.8,23.4,201.53,89.533
1,375.4,45.8,462.87
300.73,36.2,383.93,278.33
318.87,182.33,363.67,347.67
217.53,236.73,260.2,297.53
66.067,468.2,161,511.93
102.33,25.533,152.47,98.067
193,260.2,245.27,342.33
127.93,141.8,186.6,214.33
1,345.53,42.6,427.67
274.07,1,383.93,122.6
295.4,73.533,358.33,119.4
309.27,337,371.13,440.47
170.6,130.07,213.27,193
334.87,1,383.93,65
311.4,414.87,374.33,468.2
88.467,209,178.07,341.27
229.27,348.73,276.2,466.07
184.47,421.27,241,467.13
137.53,8.4667,184.47,74.6
223.93,1,277.27,106.6
204.73,103.4,297.53,236.73
132.2,180.2,206.87,261.27
1,1,111.93,61.8
58.6,275.13,143.93,324.2
276.2,167.4,324.2,207.93
314.6,1,381.8,85.267
231.4,162.07,297.53,236.73
334.87,1,381.8,85.267
108.73,8.4667,210.07,104.47
51.133,275.13,166.33,335.93
184.47,36.2,284.73,274.07
207.93,314.6,276.2,394.6
66.067,453.27,107.67,511.93
151.4,1,205.8,91.667
214.33,171.67,262.33,236.73
292.2,174.87,332.73,313.53
194.07,86.333,250.6,139.67
334.87,1,381.8,65
86.333,159.93,133.27,205.8
163.13,108.73,213.27,158.87
312.47,88.467,364.73,273
76.733,381.8,218.6,433
265.53,313.53,340.2,361.53
174.87,338.07,219.67,402.07
275.13,430.87,348.73,511.93
193,370.07,248.47,468.2
193,410.6,244.2,481
231.4,101.27,318.87,206.87
1,284.73,76.733,364.73
142.87,338.07,245.27,433
17,445.8,101.27,504.47
325.27,36.2,383.93,278.33
294.33,151.4,361.53,330.6
312.47,303.93,362.6,424.47
108.73,27.667,163.13,94.867
315.67,329.53,362.6,418.07
88.467,380.73,179.13,426.6
223.93,222.87,291.13,270.87
246.33,229.27,298.6,314.6
122.6,296.47,204.73,344.47
216.47,171.67,261.27,236.73
248.47,84.2,340.2,355.13
88.467,385,146.07,426.6
130.07,143.93,190.87,220.73
279.4,390.33,383.93,511.93
297.53,74.6,355.13,133.27
216.47,469.27,270.87,511.93
217.53,101.27,318.87,215.4
213.27,286.87,280.47,357.27
84.2,168.47,141.8,214.33
166.33,1,209,54.333
225,1,277.27,68.2
86.333,180.2,170.6,236.73
28.733,57.533,84.2,132.2
303.93,406.33,374.33,453.27
186.6,410.6,251.67,488.47
40.467,15.933,99.133,107.67
217.53,83.133,344.47,215.4
218.6,171.67,261.27,230.33
1,18.067,53.267,78.867
47.933,17,100.2,107.67
105.53,325.27,150.33,387.13
62.867,28.733,113,73.533
191.93,159.93,248.47,234.6
259.13,329.53,305,412.73
83.133,348.73,150.33,401
238.87,49,287.93,110.87
231.4,115.13,297.53,236.73
117.27,89.533,173.8,168.47
45.8,18.067,151.4,113
175.93,167.4,230.33,301.8
79.933,89.533,173.8,168.47
195.13,136.47,259.13,184.47
290.07,435.13,366.87,511.93
169.53,166.33,219.67,277.27
323.13,101.27,369,311.4
340.2,83.133,383.93,214.33
84.2,1,226.07,169.53
196.2,167.4,249.53,237.8
122.6,294.33,169.53,356.2
315.67,334.87,362.6,418.07
127.93,158.87,186.6,204.73
94.867,382.87,158.87,427.67
174.87,335.93,226.07,422.33
60.733,18.067,125.8,73.533
257,348.73,299.67,466.07
83.133,342.33,161,401
330.6,369,383.93,451.13
274.07,406.33,383.93,511.93
206.87,312.47,285.8,389.27
231.4,312.47,273,374.33
142.87,217.53,276.2,310.33
229.27,387.13,276.2,452.2
82.067,26.6,211.13,195.13
1,104.47,50.067,153.53
142.87,217.53,206.87,292.2
87.4,83.133,141.8,149.27
248.47,101.27,324.2,215.4
42.6,9.5333,190.87,107.67
321,82.067,383.93,148.2
180.2,370.07,269.8,511.93
86.333,162.07,198.33,234.6
76.733,185.53,270.87,511.93
294.33,1,345.53,88.467
301.8,303.93,367.93,434.07
206.87,300.73,282.6,343.4
298.6,1,383.93,70.333
1,13.8,84.2,124.73
106.6,275.13,150.33,315.67
190.87,103.4,307.13,236.73
189.8,278.33,237.8,347.67
33,455.4,104.47,511.93
108.73,47.933,161,94.867
194.07,197.27,246.33,280.47
94.867,357.27,179.13,427.67
137.53,162.07,198.33,230.33
1,306.07,50.067,375.4
94.867,89.533,173.8,168.47
95.933,1,173.8,94.867
122.6,294.33,189.8,427.67
258.07,354.07,303.93,453.27
214.33,11.667,293.27,236.73
223.93,257,280.47,311.4
1,12.733,46.867,102.33
230.33,369,276.2,424.47
20.2,389.27,62.867,453.27
56.467,468.2,191.93,511.93
1,221.8,51.133,292.2
150.33,93.8,195.13,151.4
89.533,158.87,148.2,212.2
99.133,230.33,205.8,343.4
330.6,369,374.33,438.33
66.067,467.13,194.07,511.93
86.333,98.067,129,151.4
119.4,452.2,187.67,504.47
223.93,106.6,281.53,148.2
169.53,166.33,247.4,282.6
115.13,91.667,163.13,151.4
76.733,383.93,135.4,426.6
194.07,435.13,274.07,478.87
140.73,283.67,250.6,330.6
193,260.2,245.27,310.33
221.8,301.8,311.4,361.53
180.2,385,245.27,433
251.67,301.8,296.47,354.07
125.8,9.5333,206.87,138.6
60.733,18.067,126.87,81
23.4,437.27,79.933,492.73
231.4,301.8,290.07,374.33
291.13,282.6,363.67,455.4
1,18.067,43.667,78.867
175.93,373.27,225,511.93
175.93,237.8,219.67,301.8
330.6,369,383.93,438.33
84.2,58.6,161,169.53
175.93,167.4,235.67,273
117.27,89.533,179.13,171.67
306.07,462.87,355.13,511.93
166.33,147.13,206.87,195.13
279.4,293.27,383.93,511.93
86.333,91.667,163.13,151.4
137.53,143.93,180.2,189.8
34.067,39.4,74.6,90.6
189.8,440.47,263.4,489.53
248.47,119.4,289,159.93
1,465,53.267,507.67
93.8,177,155.67,220.73
163.13,167.4,246.33,303.93
1,345.53,44.733,427.67
149.27,46.867,206.87,138.6
177,343.4,245.27,409.53
1,21.267,46.867,76.733
177,344.47,245.27,409.53
24.467,435.13,101.27,511.93
33,453.27,104.47,495.93
195.13,459.67,269.8,511.93
294.33,247.4,334.87,312.47
246.33,229.27,300.73,282.6
76.733,287.93,136.47,330.6
187.67,123.67,263.4,184.47
175.93,167.4,261.27,273
51.133,266.6,164.2,317.8
108.73,25.533,152.47,98.067
205.8,312.47,285.8,389.27
321,1,383.93,148.2
273,439.4,318.87,511.93
311.4,414.87,383.93,493.8
194.07,123.67,263.4,167.4
180.2,414.87,220.73,472.47
89.533,92.733,134.33,149.27
139.67,67.133,183.4,174.87
311.4,254.87,383.93,425.53
47.933,453.27,194.07,511.93
152.47,46.867,211.13,94.867
1,435.13,52.2,497
276.2,101.27,324.2,215.4
47.933,17,116.2,107.67
139.67,67.133,183.4,142.87
175.93,167.4,221.8,301.8
216.47,49,287.93,126.87
175.93,201.53,221.8,273
1,12.733,46.867,68.2
137.53,162.07,190.87,220.73
1,453.27,194.07,511.93
11.667,17,54.333,68.2
254.87,285.8,340.2,361.53
45.8,18.067,113,109.8
149.27,217.53,206.87,273
89.533,92.733,132.2,149.27
156.73,420.2,244.2,472.47
207.93,329.53,276.2,394.6
70.333,275.13,132.2,321
136.47,88.467,212.2,189.8
214.33,399.93,267.67,444.73
162.07,319.93,205.8,398.87
142.87,217.53,222.87,292.2
244.2,328.47,293.27,488.47
267.67,15.933,335.93,131.13
94.867,233.53,205.8,427.67
152.47,46.867,206.87,94.867
335.93,83.133,383.93,273
145,411.67,241,476.73
148.2,46.867,211.13,106.6
122.6,294.33,174.87,381.8
88.467,1,154.6,60.733
295.4,71.4,358.33,119.4
153.53,1,210.07,104.47
186.6,444.73,243.13,488.47
94.867,380.73,158.87,427.67
305,83.133,383.93,273
164.2,306.07,228.2,423.4
166.33,129,206.87,195.13
245.27,222.87,291.13,270.87
149.27,145,260.2,273
311.4,298.6,373.27,425.53
1,449,194.07,511.93
58.6,262.33,169.53,321
132.2,203.67,206.87,261.27
143.93,301.8,237.8,347.67
189.8,33,235.67,145
315.67,88.467,364.73,152.47
163.13,108.73,213.27,206.87
87.4,61.8,163.13,143.93
311.4,97,364.73,180.2
189.8,303.93,237.8,347.67
295.4,43.667,358.33,119.4
148.2,39.4,194.07,104.47
214.33,108.73,287.93,236.73
193,236.73,243.13,282.6
143.93,301.8,204.73,343.4
298.6,101.27,375.4,273
1,29.8,43.667,78.867
145,411.67,195.13,476.73
155.67,268.73,199.4,316.73
1,145,76.733,364.73
335.93,193,383.93,348.73
340.2,37.267,383.93,278.33
246.33,229.27,290.07,278.33
1,18.067,53.267,100.2
123.67,380.73,179.13,426.6
23.4,79.933,84.2,123.67
122.6,294.33,235.67,427.67
70.333,186.6,206.87,427.67
290.07,444.73,383.93,511.93
163.13,108.73,212.2,158.87
1,18.067,53.267,124.73
267.67,68.2,315.67,121.53
78.867,376.47,125.8,421.27
184.47,36.2,300.73,325.27
84.2,58.6,159.93,149.27
217.53,257,284.73,370.07
189.8,7.4,248.47,145
210.07,462.87,269.8,511.93
301.8,303.93,363.67,434.07
79.933,89.533,125.8,151.4
89.533,127.93,179.13,233.53
102.33,89.533,142.87,142.87
175.93,167.4,221.8,273
335.93,182.33,383.93,348.73
20.2,389.27,76.733,470.33
45.8,28.733,113,109.8
1,217.53,51.133,292.2
94.867,380.73,157.8,427.67
291.13,390.33,374.33,459.67
188.73,300.73,296.47,354.07
258.07,216.47,309.27,279.4
204.73,124.73,262.33,168.47
23.4,437.27,79.933,487.4
149.27,217.53,206.87,260.2
286.87,430.87,347.67,472.47
199.4,1,248.47,67.133
79.933,379.67,156.73,424.47
180.2,1,226.07,50.067
1,287.93,70.333,364.73
204.73,103.4,254.87,177
174.87,346.6,219.67,422.33
184.47,36.2,284.73,237.8
286.87,409.53,353,476.73
30.867,59.667,84.2,126.87
206.87,300.73,296.47,354.07
146.07,278.33,206.87,318.87
145,335.93,189.8,427.67
79.933,347.67,200.47,424.47
241,234.6,300.73,316.73
311.4,1,383.93,123.67
258.07,203.67,309.27,308.2
189.8,344.47,252.73,399.93
309.27,282.6,363.67,387.13
312.47,1,383.93,70.333
1,145,61.8,251.67
184.47,36.2,283.67,145
140.73,233.53,188.73,309.27
132.2,185.53,193,245.27
206.87,312.47,267.67,382.87
311.4,390.33,374.33,449
110.87,88.467,212.2,233.53
211.13,399.93,267.67,445.8
125.8,9.5333,183.4,79.933
108.73,9.5333,190.87,98.067
258.07,235.67,300.73,279.4
119.4,342.33,161,392.47
81,38.333,122.6,94.867
197.27,124.73,262.33,194.07
79.933,383.93,135.4,424.47
230.33,322.07,276.2,424.47
163.13,167.4,246.33,280.47
94.867,262.33,205.8,427.67
204.73,124.73,254.87,168.47
135.4,85.267,193,171.67
87.4,61.8,133.27,143.93
58.6,17,107.67,107.67
33,57.533,84.2,126.87
285.8,298.6,340.2,355.13
258.07,402.07,299.67,466.07
87.4,52.2,198.33,170.6
87.4,52.2,184.47,143.93
141.8,171.67,186.6,214.33
214.33,25.533,287.93,202.6
231.4,362.6,298.6,474.6
92.733,83.133,141.8,137.53
149.27,217.53,206.87,262.33
183.4,370.07,238.87,488.47
1,442.6,101.27,504.47
66.067,467.13,163.13,511.93
194.07,53.267,275.13,140.73
223.93,257,281.53,316.73
321,12.733,383.93,148.2
277.27,101.27,319.93,178.07
294.33,235.67,334.87,314.6
122.6,296.47,205.8,356.2
235.67,11.667,279.4,102.33
110.87,158.87,179.13,217.53
182.33,369,259.13,428.73
89.533,92.733,132.2,142.87
104.47,262.33,153.53,308.2
194.07,53.267,275.13,139.67
87.4,52.2,194.07,158.87
301.8,254.87,383.93,434.07
175.93,408.47,222.87,511.93
319.93,429.8,383.93,511.93
214.33,49,287.93,141.8
273,453.27,318.87,511.93
76.733,281.53,136.47,324.2
223.93,105.53,316.73,149.27
233.53,167.4,277.27,236.73
122.6,296.47,169.53,356.2
60.733,18.067,147.13,99.133
276.2,101.27,324.2,207.93
265.53,105.53,316.73,149.27
212.2,104.47,316.73,149.27
296.47,436.2,350.87,476.73
195.13,1,249.53,69.267
108.73,46.867,168.47,99.133
28.733,1,111.93,61.8
164.2,46.867,206.87,94.867
11.667,446.87,71.4,492.73
325.27,101.27,369,253.8
190.87,278.33,285.8,389.27
156.73,420.2,220.73,472.47
149.27,88.467,193,138.6
113,209,171.67,261.27
56.467,468.2,161,511.93
157.8,344.47,252.73,413.8
214.33,49,287.93,202.6
187.67,123.67,263.4,167.4
279.4,435.13,366.87,511.93
341.27,369,382.87,458.6
194.07,436.2,243.13,478.87
87.4,83.133,141.8,143.93
139.67,52.2,184.47,100.2
164.2,347.67,218.6,408.47
315.67,406.33,383.93,511.93
76.733,275.13,143.93,324.2
311.4,88.467,364.73,180.2
1,221.8,47.933,292.2
301.8,254.87,373.27,434.07
182.33,369,270.87,502.33
290.07,441.53,347.67,497
149.27,145,218.6,273
17,442.6,101.27,504.47
10.6,57.533,74.6,126.87
164.2,347.67,228.2,423.4
289,415.93,353,476.73
122.6,294.33,174.87,356.2
194.07,399.93,270.87,502.33
230.33,329.53,276.2,424.47
78.867,342.33,166.33,423.4
326.33,444.73,366.87,511.93
187.67,123.67,264.47,181.27
79.933,236.73,206.87,424.47
319.93,429.8,373.27,473.53
1,204.73,51.133,292.2
1,471.4,45.8,511.93
244.2,347.67,293.27,488.47
114.07,46.867,168.47,99.133
5.2667,27.667,46.867,68.2
132.2,185.53,193,267.67
1,12.733,44.733,102.33
195.13,459.67,263.4,511.93
257,246.33,300.73,289
274.07,426.6,317.8,485.27
88.467,261.27,175.93,341.27
122.6,262.33,205.8,356.2
162.07,311.4,206.87,353
194.07,69.267,261.27,122.6
108.73,46.867,210.07,104.47
40.467,451.13,101.27,511.93
17,445.8,65,504.47
34.067,18.067,147.13,99.133
169.53,188.73,213.27,303.93
306.07,89.533,364.73,180.2
202.6,310.33,276.2,394.6
177,344.47,252.73,413.8
231.4,135.4,307.13,182.33
140.73,283.67,194.07,330.6
335.93,263.4,376.47,348.73
10.6,57.533,73.533,126.87
124.73,236.73,175.93,343.4
291.13,415.93,353,459.67
301.8,329.53,350.87,434.07
17,445.8,101.27,511.93
66.067,469.27,161,511.93
226.07,431.93,270.87,472.47
177,344.47,219.67,409.53
298.6,101.27,375.4,220.73
66.067,467.13,107.67,511.93
194.07,399.93,270.87,478.87
149.27,85.267,193,171.67
39.4,63.933,84.2,126.87
153.53,55.4,204.73,104.47
279.4,444.73,383.93,511.93
11.667,446.87,71.4,487.4
89.533,159.93,133.27,205.8
148.2,313.53,189.8,365.8
292.2,439.4,355.13,511.93
1,310.33,49,364.73
182.33,382.87,233.53,428.73
1,110.87,44.733,153.53
291.13,390.33,383.93,511.93
182.33,310.33,276.2,408.47
296.47,435.13,350.87,476.73
119.4,342.33,166.33,423.4
33,57.533,73.533,126.87
23.4,445.8,71.4,487.4
196.2,183.4,249.53,237.8
62.867,28.733,126.87,81
309.27,282.6,349.8,330.6
149.27,85.267,193,133.27
175.93,225,220.73,269.8
326.33,101.27,375.4,187.67
119.4,342.33,161,391.4
195.13,1,248.47,65
325.27,36.2,379.67,88.467
60.733,18.067,113,73.533
