1,1,210.07,229.27
1,1,318.87,511.93
125.8,1,220.73,282.6
1,301.8,214.33,497
217.53,26.6,300.73,511.93
22.333,1,293.27,282.6
38.333,266.6,113,397.8
93.8,353,182.33,422.33
1,1,292.2,248.47
199.4,1,318.87,511.93
135.4,1,318.87,511.93
163.13,1,292.2,248.47
131.13,1,318.87,511.93
234.6,42.6,302.87,511.93
1,42.6,210.07,229.27
1,251.67,222.87,511.93
222.87,1,318.87,511.93
1,322.07,104.47,492.73
1,1,292.2,250.6
217.53,104.47,271.93,511.93
255.93,34.067,300.73,284.73
22.333,41.533,205.8,229.27
34.067,113,172.73,229.27
1,1,206.87,404.2
10.6,442.6,70.333,497
1,60.733,87.4,404.2
27.667,199.4,214.33,467.13
1,1,292.2,282.6
217.53,166.33,270.87,511.93
22.333,70.333,172.73,229.27
194.07,1,318.87,511.93
1,394.6,196.2,511.93
1,1,206.87,159.93
130.07,1,318.87,511.93
155.67,1,220.73,123.67
1,1,222.87,511.93
1,290.07,54.333,333.8
1,60.733,83.133,172.73
35.133,199.4,206.87,411.67
1,77.8,104.47,497
1,203.67,215.4,511.93
218.6,110.87,260.2,292.2
1,1,205.8,229.27
1,1,113,127.93
131.13,126.87,222.87,511.93
137.53,329.53,203.67,436.2
125.8,1,220.73,248.47
247.4,1,318.87,261.27
22.333,1,318.87,511.93
85.267,222.87,205.8,311.4
1,1,292.2,511.93
99.133,43.667,196.2,143.93
141.8,329.53,203.67,436.2
222.87,42.6,302.87,511.93
37.267,232.47,138.6,291.13
264.47,1,318.87,511.93
93.8,379.67,156.73,431.93
223.93,34.067,303.93,511.93
264.47,166.33,313.53,511.93
56.467,115.13,172.73,214.33
36.2,377.53,104.47,467.13
1,1,220.73,281.53
1,77.8,74.6,404.2
1,322.07,104.47,497
129,35.133,206.87,107.67
1,301.8,214.33,511.93
1,365.8,121.53,511.93
234.6,253.8,280.47,511.93
137.53,203.67,222.87,511.93
130.07,111.93,237.8,300.73
154.6,1,293.27,173.8
93.8,377.53,201.53,436.2
1,301.8,141.8,497
223.93,253.8,280.47,511.93
1,290.07,54.333,357.27
1,69.267,81,159.93
130.07,195.13,204.73,282.6
113,43.667,196.2,196.2
1,111.93,205.8,338.07
155.67,1,293.27,173.8
56.467,222.87,204.73,338.07
22.333,1,293.27,244.2
118.33,302.87,214.33,511.93
234.6,313.53,281.53,511.93
263.4,1,318.87,511.93
1,111.93,222.87,511.93
137.53,346.6,201.53,434.07
1,120.47,222.87,511.93
1,77.8,62.867,215.4
1,1,126.87,134.33
133.27,323.13,203.67,436.2
220.73,1,282.6,102.33
113,88.467,174.87,132.2
38.333,311.4,99.133,397.8
38.333,266.6,171.67,411.67
1,77.8,213.27,511.93
1,127.93,85.267,404.2
1,329.53,203.67,511.93
217.53,104.47,281.53,511.93
1,1,109.8,97
1,199.4,222.87,511.93
1,1,113,159.93
1,1,215.4,511.93
131.13,115.13,258.07,511.93
1,379.67,213.27,511.93
113,42.6,196.2,135.4
1,70.333,84.2,202.6
1,298.6,43.667,357.27
1,199.4,213.27,511.93
185.53,1,292.2,210.07
37.267,440.47,77.8,481
131.13,126.87,205.8,281.53
1,120.47,104.47,497
1,127.93,73.533,404.2
1,298.6,73.533,404.2
93.8,379.67,201.53,436.2
121.53,118.33,197.27,197.27
35.133,199.4,214.33,467.13
223.93,1,318.87,511.93
255.93,34.067,300.73,291.13
58.6,333.8,146.07,411.67
159.93,1,220.73,123.67
70.333,1,126.87,134.33
220.73,1,293.27,173.8
135.4,196.2,205.8,303.93
1,60.733,83.133,404.2
220.73,1,289,133.27
230.33,79.933,292.2,173.8
108.73,406.33,194.07,511.93
222.87,138.6,270.87,299.67
1,292.2,55.4,357.27
1,1,206.87,149.27
1,120.47,62.867,215.4
146.07,215.4,204.73,282.6
130.07,77.8,261.27,511.93
217.53,110.87,261.27,292.2
159.93,310.33,214.33,469.27
217.53,238.87,270.87,511.93
1,185.53,74.6,404.2
67.133,113,172.73,195.13
35.133,203.67,215.4,411.67
163.13,1,220.73,168.47
163.13,1,292.2,210.07
1,394.6,213.27,511.93
1,1,220.73,282.6
125.8,118.33,196.2,196.2
20.2,406.33,97,497
264.47,180.2,313.53,511.93
34.067,115.13,172.73,229.27
93.8,379.67,195.13,436.2
26.6,390.33,121.53,511.93
226.07,104.47,273,165.27
174.87,251.67,222.87,511.93
36.2,202.6,146.07,298.6
247.4,1,318.87,511.93
1,1,205.8,134.33
1,390.33,194.07,511.93
36.2,199.4,146.07,299.67
35.133,199.4,171.67,411.67
1,127.93,87.4,404.2
226.07,34.067,300.73,292.2
9.5333,394.6,118.33,511.93
163.13,1,282.6,168.47
125.8,1,220.73,281.53
245.27,1,289,77.8
220.73,1,274.07,101.27
217.53,115.13,258.07,511.93
1,111.93,205.8,404.2
58.6,310.33,214.33,469.27
212.2,77.8,261.27,511.93
22.333,111.93,172.73,244.2
135.4,196.2,204.73,282.6
22.333,70.333,84.2,202.6
72.467,286.87,183.4,338.07
58.6,333.8,177,411.67
275.13,1,318.87,284.73
131.13,329.53,203.67,436.2
141.8,329.53,203.67,435.13
94.867,222.87,204.73,335.93
1,1,74.6,93.8
227.13,139.67,267.67,302.87
220.73,1,292.2,173.8
244.2,28.733,289,81
223.93,34.067,300.73,511.93
1,297.53,55.4,357.27
141.8,302.87,214.33,511.93
163.13,44.733,219.67,123.67
260.2,1,302.87,292.2
260.2,42.6,302.87,292.2
19.133,69.267,81,134.33
12.733,322.07,104.47,492.73
217.53,245.27,270.87,511.93
226.07,34.067,300.73,302.87
1,292.2,104.47,497
185.53,72.467,237.8,210.07
108.73,1,205.8,126.87
131.13,126.87,205.8,259.13
37.267,406.33,97,456.47
1,1,206.87,127.93
263.4,163.13,318.87,511.93
107.67,406.33,194.07,511.93
227.13,139.67,267.67,254.87
217.53,77.8,261.27,511.93
234.6,1,302.87,292.2
39.4,266.6,111.93,316.73
1,390.33,118.33,511.93
155.67,1,220.73,136.47
194.07,1,302.87,511.93
1,311.4,105.53,485.27
218.6,110.87,261.27,292.2
226.07,26.6,300.73,292.2
138.6,308.2,214.33,467.13
15.933,379.67,105.53,485.27
72.467,113,114.07,178.07
170.6,203.67,222.87,511.93
1,302.87,214.33,511.93
33,173.8,154.6,244.2
227.13,34.067,300.73,292.2
1,379.67,97,497
117.27,406.33,213.27,511.93
226.07,104.47,273,302.87
41.533,1,113,127.93
36.2,203.67,99.133,281.53
58.6,333.8,171.67,411.67
199.4,72.467,286.87,161
231.4,1,293.27,173.8
218.6,77.8,261.27,283.67
263.4,163.13,313.53,511.93
148.2,43.667,196.2,135.4
22.333,111.93,186.6,230.33
159.93,302.87,214.33,511.93
125.8,148.2,205.8,281.53
85.267,235.67,138.6,298.6
67.133,113,118.33,195.13
9.5333,394.6,119.4,511.93
1,120.47,74.6,404.2
1,322.07,104.47,485.27
12.733,392.47,70.333,492.73
234.6,297.53,281.53,511.93
35.133,257,177,338.07
161,435.13,213.27,511.93
85.267,235.67,164.2,301.8
185.53,111.93,237.8,300.73
194.07,1,302.87,326.33
35.133,257,171.67,411.67
105.53,222.87,204.73,301.8
138.6,323.13,203.67,436.2
35.133,199.4,204.73,338.07
199.4,1,286.87,161
1,111.93,186.6,230.33
67.133,111.93,172.73,195.13
163.13,13.8,220.73,123.67
194.07,1,289,326.33
1,185.53,85.267,316.73
233.53,34.067,300.73,284.73
133.27,353,182.33,422.33
90.6,1,206.87,143.93
234.6,313.53,280.47,511.93
154.6,228.2,204.73,282.6
125.8,161,205.8,281.53
163.13,1,220.73,123.67
133.27,185.53,204.73,281.53
58.6,303.93,206.87,411.67
155.67,228.2,204.73,282.6
1,127.93,85.267,316.73
245.27,1,285.8,77.8
34.067,42.6,210.07,229.27
52.2,311.4,99.133,397.8
217.53,138.6,270.87,511.93
37.267,232.47,140.73,297.53
1,405.27,53.267,511.93
1,69.267,81,152.47
90.6,41.533,205.8,149.27
98.067,42.6,196.2,145
1,180.2,85.267,316.73
36.2,199.4,205.8,338.07
27.667,114.07,84.2,202.6
118.33,406.33,194.07,511.93
138.6,305,203.67,406.33
220.73,1,283.67,75.667
35.133,203.67,99.133,290.07
170.6,203.67,216.47,467.13
36.2,202.6,146.07,299.67
70.333,1,205.8,134.33
108.73,1,206.87,126.87
1,254.87,73.533,404.2
22.333,43.667,196.2,244.2
15.933,311.4,105.53,485.27
125.8,126.87,205.8,281.53
163.13,51.133,210.07,97
38.333,199.4,148.2,244.2
218.6,77.8,261.27,292.2
1,385,55.4,485.27
194.07,115.13,237.8,326.33
263.4,180.2,318.87,511.93
1,292.2,104.47,485.27
35.133,257,92.733,332.73
1,298.6,55.4,357.27
217.53,237.8,268.73,511.93
138.6,323.13,199.4,406.33
94.867,114.07,172.73,186.6
12.733,377.53,104.47,492.73
98.067,222.87,204.73,335.93
113,41.533,205.8,135.4
35.133,203.67,215.4,338.07
227.13,138.6,270.87,299.67
161,308.2,214.33,467.13
37.267,232.47,140.73,291.13
1,311.4,105.53,497
199.4,1,286.87,326.33
233.53,79.933,292.2,173.8
222.87,237.8,268.73,433
1,397.8,77.8,497
161,41.533,205.8,82.067
70.333,1,154.6,134.33
131.13,149.27,205.8,259.13
1,254.87,55.4,309.27
175.93,203.67,216.47,467.13
235.67,161,279.4,342.33
35.133,257,92.733,328.47
37.267,199.4,148.2,291.13
37.267,199.4,204.73,310.33
244.2,26.6,289,81
245.27,1,293.27,77.8
130.07,126.87,200.47,258.07
263.4,180.2,313.53,511.93
1,394.6,119.4,511.93
22.333,157.8,69.267,215.4
237.8,161,279.4,342.33
239.93,313.53,280.47,511.93
1,379.67,55.4,485.27
1,282.6,56.467,357.27
66.067,235.67,138.6,298.6
98.067,42.6,210.07,145
233.53,34.067,300.73,292.2
90.6,1,206.87,126.87
133.27,126.87,200.47,174.87
72.467,222.87,205.8,338.07
138.6,323.13,203.67,406.33
163.13,303.93,206.87,349.8
238.87,1,293.27,92.733
197.27,71.4,237.8,136.47
114.07,406.33,196.2,511.93
85.267,222.87,215.4,311.4
36.2,202.6,146.07,281.53
1,394.6,118.33,511.93
163.13,8.4667,220.73,123.67
38.333,266.6,92.733,328.47
105.53,222.87,204.73,335.93
163.13,44.733,219.67,97
264.47,180.2,318.87,511.93
201.53,1,287.93,137.53
38.333,266.6,113,338.07
245.27,26.6,289,77.8
37.267,199.4,138.6,291.13
58.6,325.27,171.67,411.67
72.467,325.27,171.67,411.67
117.27,406.33,196.2,511.93
33,113,154.6,230.33
1,390.33,121.53,511.93
113,43.667,196.2,135.4
194.07,1,287.93,326.33
138.6,303.93,206.87,406.33
22.333,111.93,172.73,215.4
38.333,199.4,129,244.2
161,326.33,214.33,467.13
221.8,43.667,274.07,101.27
1,185.53,55.4,309.27
235.67,42.6,302.87,342.33
37.267,263.4,87.4,326.33
28.733,406.33,97,481
38.333,266.6,85.267,316.73
56.467,113,118.33,195.13
105.53,222.87,204.73,310.33
105.53,222.87,205.8,335.93
231.4,81,293.27,173.8
135.4,195.13,204.73,282.6
234.6,253.8,280.47,433
218.6,110.87,261.27,283.67
134.33,185.53,205.8,281.53
221.8,30.867,282.6,102.33
166.33,308.2,206.87,349.8
73.533,333.8,171.67,411.67
1,322.07,73.533,485.27
34.067,113,185.53,229.27
248.47,29.8,289,76.733
33,173.8,154.6,230.33
130.07,126.87,205.8,281.53
1,297.53,43.667,357.27
141.8,329.53,203.67,422.33
20.2,442.6,77.8,497
227.13,78.867,286.87,133.27
37.267,199.4,148.2,297.53
113,42.6,196.2,132.2
12.733,322.07,73.533,485.27
35.133,203.67,177,338.07
218.6,139.67,259.13,292.2
238.87,30.867,287.93,92.733
231.4,82.067,293.27,173.8
132.2,126.87,200.47,175.93
38.333,266.6,92.733,332.73
125.8,118.33,197.27,197.27
1,69.267,83.133,138.6
19.133,69.267,75.667,124.73
1,1,132.2,127.93
73.533,333.8,131.13,395.67
36.2,356.2,98.067,453.27
1,127.93,60.733,212.2
245.27,28.733,285.8,77.8
227.13,138.6,270.87,254.87
227.13,28.733,289,133.27
26.6,442.6,70.333,492.73
37.267,379.67,105.53,456.47
111.93,338.07,171.67,411.67
1,60.733,83.133,138.6
22.333,111.93,154.6,230.33
56.467,265.53,177,338.07
35.133,365.8,94.867,452.2
201.53,77.8,287.93,137.53
36.2,203.67,99.133,290.07
22.333,113,154.6,230.33
130.07,149.27,197.27,258.07
217.53,252.73,264.47,511.93
90.6,1,171.67,125.8
11.667,298.6,73.533,398.87
36.2,237.8,99.133,281.53
1,185.53,73.533,404.2
94.867,114.07,186.6,186.6
58.6,333.8,131.13,395.67
59.667,173.8,154.6,222.87
42.6,1,113,127.93
26.6,390.33,118.33,511.93
22.333,114.07,84.2,215.4
28.733,440.47,77.8,481
72.467,113,118.33,178.07
35.133,365.8,105.53,452.2
141.8,346.6,200.47,435.13
77.8,202.6,146.07,244.2
72.467,286.87,177,338.07
90.6,1,132.2,125.8
113,338.07,171.67,394.6
113,43.667,196.2,132.2
85.267,222.87,204.73,301.8
1,81,52.2,134.33
139.67,118.33,196.2,162.07
244.2,37.267,289,81
33,173.8,154.6,233.53
67.133,113,114.07,195.13
19.133,69.267,75.667,134.33
52.2,326.33,99.133,397.8
5.2667,470.33,53.267,511.93
235.67,82.067,293.27,173.8
141.8,346.6,200.47,414.87
1,185.53,55.4,268.73
72.467,286.87,168.47,333.8
148.2,43.667,196.2,125.8
1,1,74.6,87.4
