1,1,512.2,384.2
289,315.4,347.4,384.2
210.6,1,512.2,313.8
296.2,141.8,512.2,307.4
149,1,512.2,384.2
1,1,360.2,384.2
230.6,52.2,297.8,99.4
95.4,135.4,347.4,281
231.4,91.4,354.6,209
374.6,127.4,512.2,257
129,267.4,192.2,384.2
412.2,132.2,493,201
177.8,135.4,374.6,384.2
1,1,221,384.2
97,337,144.2,384.2
385.8,1,512.2,205.8
16.2,1,187.4,160.2
81,1,360.2,264.2
176.2,1,512.2,384.2
1,273,144.2,384.2
160.2,1,367.4,243.4
108.2,1,512.2,253
134.6,1,361.8,384.2
192.2,1,512.2,307.4
1,1,161,376.2
127.4,256.2,193,349
17.8,1,198.6,257
153,1,512.2,305
160.2,1,333,190.6
221.8,141.8,265,221
177.8,135.4,512.2,384.2
214.6,1,512.2,384.2
344.2,1,512.2,205.8
209.8,208.2,512.2,384.2
192.2,1,343.4,203.4
1,81,48.2,176.2
209.8,1,512.2,384.2
128.2,178.6,174.6,220.2
1,149,512.2,384.2
225,46.6,343.4,98.6
209,264.2,294.6,384.2
101,175.4,221,384.2
224.2,139.4,308.2,217
289,305,353,384.2
172.2,261.8,512.2,384.2
171.4,149,512.2,305
365,296.2,512.2,384.2
328.2,225.8,512.2,305.8
209.8,261.8,292.2,384.2
233.8,149,512.2,384.2
384.2,33.8,470.6,183.4
1,1,219.4,384.2
160.2,1,512.2,384.2
1,195.4,295.4,384.2
16.2,1,161.8,160.2
1,1,198.6,384.2
218.6,1,482.6,93.8
345.8,259.4,424.2,305.8
296.2,12.2,479.4,224.2
171.4,149,512.2,288.2
270.6,174.6,512.2,384.2
183.4,55.4,241.8,129
381,91.4,512.2,202.6
449.8,1,512.2,176.2
160.2,1,246.6,217
160.2,1,512.2,305.8
95.4,1,355.4,281
177.8,1,512.2,384.2
186.6,263.4,512.2,384.2
270.6,281.8,512.2,384.2
1,81,80.2,178.6
97,1,219.4,384.2
267.4,199.4,317.8,276.2
217,1,343.4,150.6
295.4,173.8,449,228.2
250.6,1,512.2,202.6
266.6,214.6,374.6,384.2
381,14.6,456.2,173.8
18.6,1,185,138.6
415.4,61.8,470.6,164.2
237,1,512.2,224.2
200.2,203.4,297.8,281.8
284.2,13.8,489,257
101,1,240.2,253.8
219.4,138.6,277,213
309,14.6,479.4,201.8
1,273,143.4,384.2
113,277,159.4,368.2
17.8,1,197.8,257
1,32.2,79.4,170.6
221,121,294.6,217
174.6,1,360.2,227.4
241,188.2,347.4,281
343.4,1,512.2,203.4
321,226.6,512.2,297
1,161,113,245.8
220.2,65,357,209
365.8,296.2,498.6,384.2
171.4,5,357,235.4
103.4,49.8,272.2,210.6
1,1,355.4,384.2
1,224.2,219.4,384.2
268.2,289.8,315.4,376.2
289.8,1,512.2,305.8
214.6,139.4,512.2,384.2
103.4,1,355.4,210.6
134.6,1,512.2,384.2
95.4,123.4,347.4,281
153,173.8,201.8,249.8
176.2,112.2,401,384.2
317.8,15.4,452.2,201
287.4,31.4,362.6,221
321,129.8,512.2,313.8
321,174.6,452.2,257
321,235.4,385,288.2
89,137,221,270.6
160.2,1,367.4,223.4
306.6,30.6,347.4,76.2
344.2,14.6,477.8,201.8
1,1,240.2,384.2
281.8,208.2,512.2,384.2
243.4,12.2,470.6,225
153,1,357,253
189,266.6,232.2,384.2
167.4,198.6,218.6,384.2
1,271.4,113,369
210.6,1,466.6,224.2
65.8,65.8,159.4,142.6
193,129,452.2,288.2
149,251.4,512.2,384.2
172.2,261.8,294.6,384.2
296.2,204.2,512.2,307.4
398.6,9,449.8,70.6
148.2,253,202.6,348.2
209.8,218.6,347.4,384.2
209.8,213,279.4,268.2
1,1,196.2,384.2
1,271.4,113,384.2
235.4,49.8,297.8,98.6
192.2,1,461,203.4
1,81.8,47.4,239.4
193,177.8,293,281.8
101,175.4,221,306.6
372.2,15.4,421,183.4
295.4,15.4,479.4,228.2
174.6,227.4,218.6,384.2
353.8,292.2,512.2,384.2
412.2,152.2,484.2,209
449.8,6.6,512.2,176.2
417,132.2,493,201
1,161,208.2,384.2
413,127.4,512.2,230.6
289.8,141,512.2,305.8
461.8,18.6,512.2,160.2
341.8,1,512.2,203.4
102.6,175.4,192.2,244.2
81,129,209,253.8
258.6,105.8,325,212.2
160.2,1,361.8,384.2
260.2,183.4,379.4,253
414.6,204.2,479.4,256.2
361,44.2,407.4,176.2
352.2,19.4,397,202.6
81,121,347.4,264.2
102.6,225.8,209.8,270.6
413.8,127.4,508.2,175.4
233.8,264.2,512.2,384.2
95.4,181.8,255.4,254.6
337,139.4,479.4,257
177.8,194.6,297.8,281
296.2,103.4,354.6,209
192.2,1,512.2,209
243.4,105.8,328.2,212.2
243.4,105.8,325,212.2
113,280.2,192.2,384.2
345.8,259.4,494.6,313.8
225.8,61.8,352.2,205.8
214.6,261,330.6,384.2
98.6,224.2,203.4,288.2
209.8,218.6,351.4,384.2
289.8,224.2,512.2,305
409.8,297.8,496.2,353
113,280.2,186.6,384.2
295.4,13,479.4,228.2
449.8,18.6,512.2,144.2
260.2,1,512.2,253
453.8,101,503.4,149.8
400.2,67.4,447.4,168.2
225,10.6,344.2,81.8
1,1,185,245.8
138.6,132.2,196.2,199.4
243.4,1,512.2,225
17.8,1,194.6,140.2
1,33,80.2,170.6
158.6,1,344.2,162.6
453.8,15.4,512.2,160.2
413.8,127.4,512.2,230.6
209.8,139.4,290.6,268.2
1,225.8,218.6,384.2
282.6,303.4,328.2,384.2
141.8,1,362.6,235.4
221.8,138.6,277,221
219.4,69,342.6,151.4
449.8,1,497,73.8
1,161,128.2,243.4
208.2,261,294.6,384.2
219.4,20.2,306.6,60.2
345,15.4,417.8,202.6
381,1,512.2,173.8
295.4,14.6,480.2,257
1,80.2,64.2,178.6
191.4,1,241.8,198.6
193,193,265.8,273.8
160.2,1,361.8,205.8
407.4,129.8,512.2,256.2
171.4,195.4,295.4,288.2
1,1,193,288.2
348.2,15.4,452.2,201
432.2,149.8,500.2,189.8
102.6,175.4,193,245.8
209,1,343.4,153
218.6,1,512.2,240.2
179.4,65.8,272.2,384.2
1,161,198.6,384.2
167.4,1,225.8,249.8
215.4,140.2,277.8,208.2
449.8,1,512.2,107.4
16.2,1,193,160.2
287.4,306.6,350.6,384.2
295.4,13,479.4,231.4
1,225,160.2,384.2
108.2,1,362.6,249.8
412.2,141.8,512.2,213.8
350.6,15.4,453.8,203.4
167.4,57,217.8,249.8
321,209,512.2,297
242.6,77.8,287.4,117.8
177,59.4,320.2,209
365.8,296.2,512.2,384.2
414.6,13,455.4,94.6
89,1,197.8,257
471.4,121,512.2,202.6
407.4,141.8,512.2,256.2
1,1,218.6,384.2
17.8,1,185,139.4
345.8,259.4,426.6,313.8
177,1,219.4,193
345.8,259.4,512.2,313.8
65.8,66.6,144.2,178.6
268.2,199.4,317.8,276.2
283.4,292.2,512.2,384.2
1,273,196.2,384.2
209.8,218.6,257,335.4
17.8,1,197.8,220.2
218.6,1,512.2,257
218.6,1,512.2,144.2
65.8,65.8,159.4,160.2
445,1,512.2,177
321,129.8,512.2,297
108.2,74.6,204.2,249.8
103.4,129.8,226.6,210.6
300.2,13,475.4,240.2
192.2,55.4,241.8,112.2
1,161,218.6,384.2
412.2,165.8,480.2,209
417.8,185,481.8,231.4
102.6,225.8,152.2,270.6
167.4,1,240.2,249.8
295.4,13,493,231.4
264.2,277.8,437.8,384.2
179.4,249,232.2,384.2
101,107.4,194.6,253.8
33.8,181.8,96.2,239.4
269,32.2,345,75.4
221,138.6,277,213
65.8,65.8,161.8,160.2
267.4,213.8,401,384.2
217.8,44.2,343.4,150.6
281,223.4,382.6,279.4
1,33.8,80.2,192.2
412.2,141.8,512.2,224.2
284.2,17,362.6,221
347.4,1,512.2,224.2
202.6,1,343.4,203.4
400.2,67.4,449.8,170.6
191.4,50.6,241.8,198.6
192.2,1,512.2,203.4
186.6,263.4,288.2,384.2
243.4,15.4,470.6,225
233.8,263.4,278.6,384.2
217.8,69,266.6,128.2
65.8,65,161.8,160.2
267.4,188.2,347.4,276.2
89,137,192.2,245.8
186.6,263.4,393,384.2
281.8,215.4,384.2,305
283.4,303.4,401,384.2
81,161,127.4,209
210.6,69,298.6,150.6
187.4,261.8,292.2,384.2
102.6,175.4,193,217.8
281,174.6,512.2,305.8
179.4,249,235.4,384.2
312.2,49.8,355.4,201
158.6,1,355.4,202.6
1,32.2,144.2,288.2
171.4,1,512.2,305
346.6,15.4,453.8,203.4
281.8,209,512.2,305
197,1,361.8,205.8
312.2,49.8,352.2,195.4
1,1,193.8,223.4
225,28.2,296.2,81.8
273.8,139.4,512.2,317
101,209,173,253.8
282.6,303.4,393,384.2
165,143.4,209,217
346.6,173,425.8,224.2
172.2,261.8,437.8,384.2
1,271.4,144.2,384.2
235.4,44.2,343.4,107.4
369,204.2,512.2,288.2
231.4,153.8,272.2,200.2
169,56.2,246.6,217
95.4,139.4,290.6,268.2
89,137,221,267.4
1,1,184.2,181
456.2,297.8,512.2,352.2
186.6,265.8,240.2,384.2
209,1,343.4,159.4
81,169,172.2,253.8
16.2,1,161,81
1,176.2,160.2,369
1,225.8,196.2,384.2
276.2,123.4,319.4,203.4
385.8,35.4,436.2,169
209,49.8,305,153
65.8,65,161,143.4
364.2,293.8,500.2,384.2
97,195.4,295.4,384.2
169,60.2,211.4,217
221,139.4,291.4,217
297.8,103.4,341.8,207.4
266.6,289.8,374.6,384.2
218.6,5,357,201.8
296.2,14.6,479.4,224.2
250.6,1,362.6,95.4
270.6,294.6,321.8,384.2
222.6,1,341,69.8
167.4,81.8,208.2,249.8
1,290.6,63.4,351.4
381,13.8,477.8,173.8
299.4,232.2,368.2,296.2
174.6,1,282.6,119.4
347.4,1,512.2,173.8
176.2,186.6,291.4,280.2
185.8,1,237.8,95.4
421,13,477,164.2
213,1,345,165.8
260.2,91.4,512.2,253
103.4,145,145.8,210.6
234.6,264.2,278.6,365.8
449.8,1,512.2,144.2
220.2,45,357,201.8
160.2,56.2,246.6,217
179.4,65.8,327.4,384.2
440.2,1,512.2,160.2
231.4,133.8,317.8,217.8
65.8,65.8,143.4,142.6
341.8,174.6,450.6,233.8
388.2,1,461,70.6
425.8,61.8,470.6,164.2
1,33.8,79.4,170.6
307.4,31.4,356.2,103.4
1,1,197.8,376.2
281.8,208.2,512.2,305
209.8,65.8,264.2,153
348.2,15.4,433,201
243.4,1,512.2,384.2
381,14.6,477.8,173.8
103.4,55.4,241.8,210.6
433,204.2,512.2,256.2
230.6,1,482.6,93.8
1,129,47.4,176.2
107.4,233,202.6,332.2
225.8,84.2,296.2,140.2
233.8,264.2,278.6,384.2
398.6,1,501.8,70.6
296.2,173,425.8,224.2
1,1,144.2,192.2
216.2,1,367.4,197.8
160.2,1,452.2,288.2
273.8,209,512.2,298.6
65.8,65.8,143.4,167.4
188.2,1,252.2,69
225.8,84.2,296.2,145
369,209,512.2,288.2
1,176.2,160.2,336.2
438.6,292.2,512.2,384.2
233.8,264.2,294.6,384.2
214.6,49.8,297.8,109
225.8,77.8,341,197.8
113,267.4,219.4,384.2
296.2,15.4,470.6,225
246.6,214.6,327.4,384.2
449.8,1,512.2,177
343.4,1,512.2,173.8
1,337.8,144.2,384.2
212.2,65,260.2,107.4
214.6,261,512.2,384.2
1,129,64.2,178.6
260.2,173.8,449,253
1,33,80.2,181
101,169.8,174.6,253.8
141.8,111.4,197,185.8
384.2,90.6,436.2,184.2
289.8,304.2,353,384.2
102.6,225.8,191.4,270.6
101,161,155.4,217
345,19.4,397,202.6
270.6,204.2,323.4,253
250.6,1,454.6,53
172.2,249,235.4,384.2
349.8,19.4,397,202.6
384.2,232.2,512.2,289.8
102.6,225.8,193,349
233.8,264.2,437.8,384.2
65.8,65.8,144.2,142.6
1,1,172.2,168.2
314.6,305,393,364.2
97,1,219.4,250.6
300.2,272.2,512.2,317
260.2,57.8,344.2,128.2
364.2,293.8,512.2,384.2
129,304.2,177.8,384.2
179.4,266.6,232.2,384.2
305,31.4,361.8,202.6
141.8,1,241.8,235.4
212.2,49.8,305,107.4
176.2,112.2,512.2,384.2
1,32.2,81,171.4
17.8,1,184.2,138.6
98.6,224.2,219.4,384.2
289.8,304.2,347.4,384.2
16.2,1,112.2,64.2
109.8,169.8,191.4,240.2
217.8,69,298.6,150.6
177,21.8,360.2,209
289,309.8,353,384.2
333.8,1,461,70.6
97,169.8,191.4,249
346.6,15.4,479.4,203.4
277.8,149,512.2,305
213,69,288.2,151.4
103.4,145,181,210.6
449.8,1,512.2,98.6
211.4,1,341,69.8
353.8,296.2,512.2,384.2
160.2,1,262.6,190.6
283.4,303.4,417.8,384.2
174.6,1,360.2,209
211.4,1,343.4,80.2
134.6,253,202.6,348.2
284.2,1,466.6,41.8
344.2,1,512.2,177
224.2,137.8,322.6,221
241,281,294.6,384.2
145.8,45.8,190.6,144.2
65.8,66.6,142.6,167.4
1,177,48.2,240.2
213,1,362.6,209
1,128.2,48.2,176.2
193,177.8,265.8,273
1,175.4,221,384.2
334.6,309,393,364.2
1,225.8,208.2,384.2
1,273,112.2,384.2
320.2,235.4,385,288.2
449.8,11.4,512.2,166.6
1,273,160.2,384.2
363.4,292.2,512.2,384.2
348.2,15.4,453.8,201.8
193.8,61.8,241.8,112.2
210.6,69,342.6,192.2
1,137,221,384.2
465,147.4,512.2,198.6
1,82.6,46.6,145
97,132.2,196.2,250.6
284.2,13.8,489,221
89,175.4,192.2,245.8
273.8,209,512.2,317
213.8,1,345,82.6
176.2,112.2,294.6,280.2
216.2,1,367.4,198.6
417,78.6,458.6,165.8
1,257.8,200.2,384.2
365.8,307.4,469.8,384.2
210.6,1,512.2,224.2
427.4,65,477.8,164.2
197,25,249.8,195.4
171.4,1,241.8,235.4
1,1,185,138.6
321,200.2,512.2,297
425,141.8,512.2,213.8
1,225,128.2,331.4
179.4,266.6,234.6,384.2
153,1,273.8,249.8
237,49.8,360.2,202.6
1,1,194.6,251.4
267.4,289.8,401,384.2
216.2,1,349,197.8
216.2,1,367.4,223.4
233.8,263.4,288.2,384.2
193,193,265.8,273
1,161,200.2,384.2
287.4,288.2,512.2,384.2
213,49.8,297.8,165.8
231.4,263.4,294.6,384.2
216.2,1,349,101
237,1,407.4,215.4
221,140.2,272.2,203.4
214.6,261,281,384.2
282.6,303.4,392.2,384.2
195.4,1,257.8,90.6
97,220.2,184.2,267.4
415.4,33.8,477.8,164.2
172.2,266.6,215.4,384.2
388.2,1,501.8,70.6
282.6,293.8,512.2,384.2
101,209,172.2,253.8
1,129,47.4,175.4
227.4,1,282.6,51.4
1,81,48.2,152.2
231.4,91.4,303.4,200.2
231.4,241,289,288.2
353,43.4,408.2,202.6
1,33.8,80.2,171.4
284.2,317,350.6,384.2
1,161,127.4,245.8
1,1,144.2,288.2
370.6,194.6,488.2,261
1,33.8,80.2,170.6
200.2,203.4,327.4,384.2
171.4,5,357,253
343.4,1,454.6,53
344.2,21,407.4,201.8
270.6,1,361.8,77
211.4,1,466.6,81.8
296.2,176.2,380.2,225
344.2,13.8,489,201.8
347.4,1,404.2,71.4
361,44.2,401,176.2
296.2,15.4,452.2,225
113,267.4,192.2,384.2
167.4,198.6,218.6,273
254.6,214.6,327.4,377.8
413,52.2,479.4,173.8
17,1,112.2,64.2
266.6,292.2,512.2,384.2
186.6,263.4,295.4,384.2
98.6,233,198.6,384.2
65.8,66.6,143.4,168.2
267.4,199.4,347.4,276.2
224.2,137.8,322.6,217
461.8,11.4,512.2,160.2
1,33.8,81,171.4
210.6,49.8,360.2,224.2
172.2,264.2,294.6,384.2
269,289.8,374.6,384.2
193.8,1,250.6,99.4
417,141,493,201
128.2,169,174.6,220.2
218.6,33.8,265.8,82.6
347.4,1,482.6,93.8
321,232.2,512.2,297
97,284.2,144.2,384.2
1,160.2,47.4,239.4
337,232.2,512.2,297
95.4,177.8,255.4,254.6
177,55.4,320.2,209
215.4,139.4,290.6,225
1,1,193.8,208.2
241,135.4,347.4,281
214.6,49.8,297.8,165.8
341.8,172.2,452.2,254.6
221.8,141.8,265,197
384.2,52.2,470.6,183.4
216.2,1,349,81.8
260.2,141.8,317.8,217.8
1,81.8,127.4,245.8
103.4,145,188.2,210.6
345.8,259.4,495.4,313.8
381,91.4,437,183.4
139.4,301,200.2,384.2
426.6,78.6,479.4,166.6
186.6,267.4,232.2,384.2
105,257.8,160.2,336.2
103.4,157.8,171.4,210.6
213,1,357,209
103.4,226.6,197.8,344.2
235.4,135.4,290.6,200.2
102.6,175.4,221,306.6
153,74.6,204.2,249.8
1,225.8,144.2,384.2
173.8,121,347.4,264.2
345,15.4,480.2,202.6
260.2,173.8,477.8,253
449.8,62.6,512.2,131.4
295.4,104.2,452.2,257
260.2,196.2,362.6,253
171.4,65.8,261.8,235.4
355.4,189,488.2,261
1,137,185.8,251.4
190.6,267.4,232.2,384.2
416.2,52.2,477.8,163.4
289,309.8,347.4,384.2
1,1,65,65.8
384.2,79.4,458.6,183.4
221,138.6,277,202.6
449.8,62.6,493,131.4
108.2,216.2,221,267.4
273.8,215.4,355.4,297.8
97,284.2,191.4,384.2
289,297.8,512.2,384.2
273.8,215.4,385,298.6
224.2,139.4,275.4,217
268.2,214.6,358.6,297.8
346.6,21.8,408.2,193
218.6,5,345,82.6
451.4,97.8,512.2,152.2
261.8,21.8,345.8,68.2
219.4,138.6,281.8,213
213.8,1,345,89.8
233.8,1,333,51.4
135.4,275.4,192.2,349
421,33,477,164.2
305,100.2,355.4,202.6
103.4,226.6,197.8,304.2
167.4,173.8,209,217
219.4,20.2,316.2,60.2
350.6,15.4,433,201
1,81.8,47.4,152.2
183.4,55.4,241.8,161
179.4,141.8,272.2,384.2
257.8,21.8,353.8,159.4
384.2,90.6,442.6,183.4
341.8,172.2,452.2,253.8
153,153.8,201.8,249.8
366.6,227.4,432.2,271.4
365.8,192.2,438.6,240.2
230.6,1,327.4,62.6
209,1,343.4,203.4
234.6,69,342.6,109
1,1,144.2,191.4
337,139.4,479.4,271.4
254.6,1,361.8,93
225.8,84.2,297.8,140.2
253,281.8,294.6,384.2
289.8,213.8,512.2,305
167.4,57,225.8,249.8
407.4,127.4,512.2,230.6
176.2,112.2,294.6,335.4
193.8,1,273.8,99.4
232.2,53,341.8,101
405.8,90.6,449,163.4
237,1,398.6,103.4
193,141.8,271.4,276.2
210.6,69,342.6,159.4
221,138.6,286.6,217
420.2,141.8,496.2,221
221,141.8,264.2,197
331.4,305,469.8,384.2
240.2,214.6,327.4,384.2
344.2,305,401,384.2
171.4,188.2,228.2,235.4
213,59.4,320.2,151.4
231.4,263.4,278.6,384.2
289.8,242.6,512.2,305.8
18.6,1,193.8,138.6
210.6,69,342.6,224.2
1,80.2,49,160.2
189,249,232.2,384.2
213,93,288.2,151.4
1,81.8,128.2,288.2
144.2,132.2,196.2,199.4
257.8,21.8,360.2,202.6
233.8,265,275.4,384.2
305,14.6,480.2,202.6
213.8,1,312.2,49
348.2,14.6,453.8,201.8
284.2,17,361.8,103.4
266.6,305,401.8,384.2
287.4,306.6,353,384.2
420.2,141.8,512.2,221
212.2,64.2,305,107.4
171.4,65.8,238.6,235.4
213,59.4,320.2,209
257.8,61.8,352.2,205.8
217.8,82.6,266.6,150.6
109.8,169.8,172.2,240.2
354.6,273,512.2,313.8
299.4,232.2,343.4,288.2
1,1,64.2,63.4
472.2,58.6,512.2,173.8
1,273,64.2,384.2
97,108.2,196.2,250.6
101,149.8,192.2,217
262.6,105.8,325,206.6
225,1,361.8,93
374.6,15.4,455.4,168.2
195.4,1,241.8,90.6
1,66.6,143.4,245.8
213.8,1,273.8,45
337,172.2,449.8,257
440.2,1,512.2,152.2
81,129,195.4,253.8
1,33.8,143.4,245.8
425.8,86.6,470.6,164.2
176.2,121.8,294.6,280.2
225,46.6,341.8,98.6
97,132.2,196.2,249
312.2,49.8,355.4,195.4
449.8,6.6,512.2,166.6
395.4,190.6,449,248.2
17,1,193,144.2
353.8,1,465,63.4
209,1,344.2,153
320.2,237,480.2,307.4
350.6,15.4,479.4,203.4
209.8,261.8,280.2,384.2
109.8,203.4,172.2,250.6
347.4,1,501.8,71.4
417,141.8,512.2,255.4
127.4,256.2,193,301.8
17.8,337,128.2,384.2
1,32.2,144.2,178.6
221,140.2,272.2,200.2
225,27.4,344.2,81.8
1,290.6,104.2,384.2
268.2,214.6,317.8,276.2
188.2,1,246.6,91.4
413,1,512.2,173.8
158.6,1,241.8,162.6
1,280.2,192.2,384.2
231.4,261,294.6,384.2
188.2,1,236.2,91.4
89,1,197.8,220.2
449.8,1,512.2,202.6
426.6,52.2,479.4,166.6
230.6,52.2,341.8,101
406.6,93,449,183.4
102.6,175.4,192.2,245
275.4,96.2,319.4,209
420.2,147.4,484.2,221
225,28.2,344.2,81.8
107.4,215.4,208.2,332.2
365,292.2,512.2,384.2
215.4,135.4,290.6,208.2
144.2,132.2,193.8,177.8
18.6,1,193,153.8
246.6,214.6,327.4,377.8
153,42.6,211.4,249.8
297.8,103.4,353,207.4
217.8,82.6,298.6,150.6
16.2,1,193.8,160.2
112.2,282.6,196.2,384.2
1,179.4,107.4,240.2
364.2,297.8,512.2,384.2
184.2,1,262.6,190.6
216.2,1,326.6,50.6
225,1,349,81.8
193.8,1,241,99.4
173.8,267.4,219.4,384.2
235.4,65,342.6,107.4
211.4,1,316.2,60.2
269,32.2,345,74.6
321,225.8,392.2,280.2
295.4,105,379.4,215.4
268.2,213.8,384.2,305
235.4,135.4,290.6,204.2
449.8,1,512.2,166.6
242.6,77.8,287.4,121.8
1,161,192.2,384.2
308.2,49.8,353.8,125
193,129,382.6,288.2
1,176.2,47.4,239.4
185.8,1,229,65
257.8,82.6,337,126.6
225,46.6,297.8,98.6
328.2,141,512.2,304.2
176.2,267.4,219.4,384.2
267.4,223.4,382.6,288.2
257.8,21.8,349.8,126.6
177,61.8,235.4,207.4
101,132.2,193.8,253.8
317.8,79.4,360.2,202.6
217.8,82.6,266.6,128.2
362.6,296.2,504.2,384.2
197,1,240.2,95.4
1,32.2,80.2,170.6
17.8,337,144.2,384.2
220.2,65,357,201.8
295.4,21,407.4,215.4
214.6,56.2,297.8,109
433,292.2,512.2,384.2
381,205,448.2,256.2
427.4,51.4,477.8,164.2
369,229,512.2,288.2
97,284.2,144.2,336.2
102.6,175.4,221,304.2
317.8,176.2,380.2,225
365,297.8,498.6,384.2
210.6,57.8,344.2,150.6
281.8,213.8,354.6,287.4
251.4,1,341,64.2
400.2,1,501.8,44.2
97,220.2,193,301.8
353.8,1,465,48.2
1,33.8,79.4,169.8
444.2,58.6,503.4,153.8
209,57.8,344.2,153
337,139.4,449.8,257
287.4,306.6,371.4,384.2
352.2,21,397,191.4
176.2,186.6,289.8,266.6
295.4,103.4,449,228.2
177.8,135.4,297.8,281
89,198.6,153,245.8
145.8,45.8,190.6,153.8
216.2,106.6,265,165.8
1,1,143.4,192.2
320.2,237,385,288.2
169,60.2,246.6,217
108.2,229.8,192.2,301.8
417,288.2,512.2,384.2
423.4,121,512.2,202.6
345,14.6,480.2,202.6
65,339.4,143.4,384.2
317.8,31.4,363.4,102.6
296.2,237,480.2,307.4
230.6,1,350.6,62.6
98.6,233,160.2,368.2
171.4,188.2,213,235.4
213,59.4,288.2,151.4
211.4,1,316.2,71.4
172.2,266.6,213.8,384.2
321,174.6,452.2,231.4
218.6,5,345,75.4
446.6,296.2,512.2,384.2
449.8,18.6,512.2,131.4
209.8,213,293.8,268.2
453.8,15.4,512.2,166.6
167.4,85,208.2,249.8
81,169,134.6,225
260.2,196.2,362.6,243.4
225.8,84.2,297.8,197.8
229.8,261.8,280.2,373
268.2,105.8,325,206.6
425,147.4,512.2,213.8
231.4,133.8,288.2,200.2
1,271.4,127.4,384.2
95.4,181.8,206.6,254.6
307.4,31.4,348.2,89
449.8,1,512.2,173.8
410.6,292.2,512.2,384.2
1,177,47.4,239.4
1,271.4,113,352.2
440.2,1,512.2,113
268.2,213.8,354.6,288.2
158.6,1,203.4,162.6
1,161,144.2,384.2
432.2,1,512.2,205.8
425.8,177.8,480.2,230.6
1,81,79.4,192.2
449.8,1,512.2,117.8
211.4,1,341,81.8
221,140.2,286.6,217
248.2,1,307.4,49.8
97,195.4,295.4,301.8
197,25,352.2,205.8
177.8,194.6,293.8,281
1,161,128.2,240.2
320.2,235.4,385,290.6
33.8,305,94.6,349
167.4,208.2,218.6,273
449.8,11.4,512.2,160.2
1,269,160.2,384.2
145.8,132.2,193.8,197
218.6,5,297.8,55.4
231.4,241,351.4,332.2
229.8,265,280.2,384.2
341.8,176.2,450.6,233.8
287.4,296.2,504.2,384.2
217.8,20.2,343.4,150.6
190.6,266.6,232.2,384.2
266.6,317,350.6,384.2
344.2,14.6,489,201.8
193,141.8,272.2,276.2
216.2,117.8,265,165.8
425.8,133.8,512.2,230.6
1,1,194.6,181
248.2,1,305.8,49.8
429.8,52.2,477.8,157
200.2,203.4,297.8,384.2
98.6,233,160.2,288.2
1,81.8,47.4,175.4
284.2,309.8,352.2,384.2
384.2,106.6,437.8,183.4
269,289.8,351.4,384.2
177,61.8,219.4,193
461.8,18.6,512.2,117.8
408.2,67.4,449.8,170.6
337,174.6,427.4,224.2
460.2,101,503.4,149.8
435.4,33,477,86.6
139.4,132.2,193.8,197
200.2,209.8,283.4,281.8
362.6,292.2,512.2,384.2
412.2,141.8,500.2,209
289,309.8,368.2,384.2
401,225.8,512.2,272.2
211.4,1,252.2,42.6
173.8,189.8,347.4,264.2
129,304.2,191.4,384.2
145.8,132.2,193.8,177.8
398.6,149.8,500.2,249.8
1,1,159.4,223.4
185.8,1,282.6,95.4
233.8,261,278.6,320.2
330.6,305,374.6,384.2
102.6,175.4,221,265.8
165,143.4,209,239.4
18.6,1,193,138.6
193,177.8,382.6,288.2
300.2,104.2,452.2,240.2
176.2,195.4,218.6,244.2
101,209.8,169.8,253
217,1,282.6,51.4
215.4,140.2,262.6,208.2
1,177,107.4,240.2
165,173.8,209,217
308.2,49.8,360.2,202.6
235.4,56.2,297.8,98.6
398.6,141,500.2,249.8
171.4,65.8,229,235.4
384.2,61.8,470.6,183.4
233.8,1,307.4,49.8
273.8,215.4,358.6,297.8
101,209.8,172.2,253.8
241,281,330.6,384.2
197,1,240.2,107.4
405.8,13,475.4,164.2
218.6,5,313,74.6
385.8,19.4,453.8,183.4
431.4,1,512.2,205.8
101,169,174.6,253.8
95.4,181.8,172.2,250.6
221,140.2,275.4,217
346.6,174.6,425.8,224.2
412.2,141.8,512.2,209
297.8,103.4,341.8,205.8
108.2,229.8,193,304.2
420.2,152.2,484.2,221
135.4,225.8,208.2,288.2
101,209.8,144.2,253
109.8,169.8,172.2,223.4
219.4,41.8,265.8,82.6
209,199.4,257,257
1,1,144.2,208.2
281.8,215.4,354.6,287.4
1,161,128.2,331.4
413,52.2,505,173.8
239.4,261.8,279.4,317.8
177,81.8,235.4,207.4
176.2,138.6,291.4,280.2
407.4,32.2,465,129.8
350.6,22.6,393,189
297.8,14.6,479.4,207.4
193,198.6,265.8,273
103.4,224.2,203.4,288.2
415.4,33.8,470.6,164.2
238.6,270.6,278.6,320.2
270.6,209,347.4,264.2
97,225.8,208.2,384.2
108.2,229.8,192.2,304.2
384.2,44.2,424.2,183.4
408.2,67.4,458.6,170.6
1,225,160.2,336.2
184.2,1,252.2,69
296.2,173.8,380.2,225
309,24.2,361.8,77
1,343.4,96.2,384.2
353.8,190.6,449,257
16.2,1,64.2,63.4
214.6,261,278.6,384.2
200.2,207.4,293,281.8
305,31.4,356.2,202.6
81,161,127.4,223.4
177.8,195.4,255.4,244.2
138.6,280.2,186.6,328.2
1,1,159.4,192.2
1,161,160.2,369
281.8,215.4,351.4,287.4
309,31.4,363.4,102.6
261.8,21.8,349.8,89
471.4,41,512.2,105
364.2,306.6,500.2,384.2
400.2,56.2,458.6,172.2
370.6,189,512.2,261
348.2,173.8,449,228.2
413,19.4,466.6,160.2
233.8,317,295.4,384.2
1,1,172.2,181
402.6,1,465,48.2
407.4,77.8,480.2,175.4
167.4,57,212.2,249.8
261.8,21.8,349.8,85.8
103.4,226.6,197.8,288.2
33,297,160.2,376.2
415.4,33.8,479.4,164.2
225,28.2,305.8,81.8
328.2,165.8,512.2,304.2
374.6,15.4,436.2,167.4
217,177.8,271.4,230.6
341.8,176.2,452.2,253.8
270.6,281.8,393,384.2
1,137,185.8,245.8
97,233,193,384.2
328.2,189,512.2,304.2
193,193,266.6,276.2
167.4,81.8,212.2,249.8
409.8,293.8,496.2,353
101,225,147.4,270.6
337,174.6,452.2,231.4
64.2,298.6,104.2,369
1,269,64.2,384.2
450.6,1,497,73.8
1,81.8,47.4,151.4
1,129,64.2,192.2
277.8,149,512.2,283.4
165,129.8,226.6,199.4
309,14.6,453.8,201.8
399.4,41.8,453.8,168.2
352.2,19.4,408.2,202.6
344.2,209,512.2,291.4
353.8,1,482.6,83.4
107.4,233,202.6,274.6
273.8,214.6,358.6,297.8
169,57.8,246.6,217
313,235.4,385,290.6
261.8,83.4,337,125.8
101,204.2,173,253.8
350.6,22.6,407.4,189
1,177,63.4,240.2
121,282.6,196.2,384.2
425.8,177.8,512.2,230.6
341.8,174.6,512.2,261
184.2,1,262.6,73.8
113,65,161.8,143.4
300.2,104.2,340.2,207.4
471.4,41,512.2,96.2
1,81,64.2,192.2
350.6,24.2,393,189
352.2,177.8,447.4,229.8
420.2,171.4,480.2,221
107.4,233,202.6,300.2
98.6,233,148.2,292.2
105,129,195.4,207.4
345,13,475.4,202.6
139.4,129,195.4,197
1,343.4,64.2,384.2
129,304.2,198.6,384.2
353.8,192.2,438.6,257
428.2,300.2,512.2,384.2
232.2,49,341.8,101
353,89.8,393.8,202.6
225.8,77.8,337,145
453.8,15.4,512.2,113
281,223.4,368.2,305
173.8,189.8,283.4,260.2
184.2,1,262.6,69
239.4,261.8,280.2,317.8
1,81,48.2,162.6
177.8,194.6,293.8,268.2
215.4,139.4,289.8,208.2
81,161,128.2,208.2
321,237,385,288.2
261.8,83.4,337,128.2
176.2,195.4,289.8,266.6
385.8,19.4,453.8,169
257.8,118.6,301.8,197.8
281,223.4,382.6,305
209,199.4,283.4,256.2
281.8,215.4,432.2,305
1,271.4,127.4,369
265,269,351.4,332.2
1,161,127.4,351.4
236.2,241,289,288.2
98.6,233,193,292.2
209,199.4,283.4,266.6
431.4,58.6,503.4,165.8
365.8,190.6,449,240.2
424.2,209,512.2,257
221,28.2,262.6,68.2
330.6,305,401.8,384.2
461.8,18.6,512.2,96.2
105,145,145.8,207.4
1,1,143.4,168.2
440.2,133.8,512.2,187.4
381,13.8,456.2,173.8
400.2,51.4,477.8,172.2
337,173,452.2,240.2
293,248.2,384.2,305
229.8,261.8,280.2,384.2
200.2,205,293,281.8
200.2,207.4,283.4,281.8
444.2,80.2,503.4,153.8
189,1,229,65
385.8,19.4,451.4,169
289,309.8,366.6,384.2
169.8,192.2,221,265.8
384.2,139.4,437.8,183.4
65.8,65.8,144.2,178.6
293,260.2,384.2,305
219.4,94.6,286.6,151.4
113,65.8,161,143.4
453.8,1,512.2,113
233.8,317,292.2,384.2
350.6,15.4,453.8,201
279.4,289.8,330.6,357
352.2,21,397,193
378.6,14.6,421.8,142.6
345.8,259.4,486.6,313.8
450.6,1,512.2,177
409.8,297.8,512.2,384.2
209.8,221.8,257,335.4
269,289.8,330.6,384.2
427.4,109,475.4,164.2
410.6,296.2,512.2,352.2
225.8,121,294.6,161.8
415.4,52.2,470.6,164.2
233.8,263.4,275.4,384.2
273.8,215.4,385,297.8
173.8,200.2,218.6,260.2
177.8,195.4,293.8,268.2
243.4,77.8,341,122.6
1,32.2,80.2,171.4
49.8,161,119.4,225
217,141.8,271.4,230.6
1,129.8,47.4,175.4
197,1,237.8,95.4
209,199.4,257,266.6
431.4,176.2,480.2,221
222.6,1,341,64.2
257.8,81,341,197.8
1,273,79.4,384.2
405.8,90.6,475.4,164.2
112.2,137,185.8,206.6
295.4,105,339.4,207.4
89,337,143.4,384.2
341.8,174.6,488.2,233.8
348.2,15.4,453.8,201
267.4,289.8,351.4,384.2
81,161,127.4,232.2
385.8,19.4,466.6,169
1,149.8,47.4,239.4
176.2,186.6,289.8,280.2
433,204.2,479.4,256.2
216.2,25.8,262.6,68.2
235.4,140.2,277.8,197
1,1,184.2,168.2
219.4,94.6,271.4,151.4
1,179.4,144.2,336.2
328.2,176.2,380.2,225
108.2,224.2,183.4,267.4
1,137,192.2,251.4
295.4,104.2,340.2,211.4
65,65.8,144.2,178.6
384.2,90.6,437.8,183.4
254.6,1,361.8,77
193,198.6,265.8,273.8
465,151.4,512.2,199.4
281,91.4,336.2,134.6
398.6,185,481.8,249.8
289.8,321,347.4,384.2
453.8,15.4,512.2,145
355.4,189,512.2,261
1,225,127.4,288.2
381.8,15.4,433,162.6
281,81,341,134.6
369,232.2,512.2,288.2
145.8,129,195.4,197
1,271.4,127.4,352.2
237,263.4,278.6,305
219.4,93,288.2,151.4
1,161,128.2,288.2
384.2,90.6,426.6,183.4
18.6,1,193,144.2
331.4,309.8,377,384.2
17,1,193.8,144.2
65,65.8,143.4,168.2
1,176.2,107.4,240.2
352.2,177,452.2,229.8
49.8,161,94.6,225
331.4,292.2,512.2,384.2
33.8,161,128.2,239.4
300.2,104.2,380.2,213.8
235.4,263.4,278.6,365
337,174.6,449,240.2
363.4,296.2,512.2,384.2
352.2,21,395.4,191.4
267.4,289.8,321.8,384.2
1,81,80.2,181
277,96.2,318.6,195.4
410.6,296.2,512.2,384.2
355.4,189,452.2,253.8
270.6,201.8,347.4,264.2
214.6,265,264.2,384.2
188.2,1,252.2,61.8
352.2,19.4,397,193
89,337,144.2,384.2
384.2,139.4,426.6,183.4
1,225.8,127.4,351.4
345,19.4,408.2,202.6
392.2,190.6,449,249
33,297,160.2,384.2
209,199.4,289.8,266.6
261.8,21.8,349.8,68.2
209.8,213,279.4,261
381.8,15.4,433,183.4
1,81.8,48.2,176.2
1,290.6,94.6,367.4
281,223.4,512.2,305.8
204.2,189.8,283.4,256.2
1,80.2,79.4,178.6
209.8,261.8,347.4,384.2
108.2,192.2,221,267.4
436.2,77.8,480.2,160.2
353,44.2,397,202.6
401,225.8,512.2,271.4
289.8,242.6,368.2,305
352.2,177.8,449,240.2
415.4,65,455.4,164.2
286.6,289.8,351.4,332.2
321,219.4,432.2,280.2
1,34.6,78.6,169
400.2,51.4,477.8,170.6
345,15.4,455.4,202.6
1,179.4,113,266.6
33,297,94.6,367.4
270.6,199.4,347.4,264.2
66.6,67.4,143.4,166.6
384.2,111.4,426.6,183.4
240.2,209.8,283.4,256.2
407.4,13,465,129.8
49.8,161,128.2,225
33.8,305,99.4,367.4
173.8,216.2,221,265.8
1,225,113,266.6
235.4,265,279.4,384.2
103.4,157.8,145,210.6
98.6,233,193,306.6
328.2,225.8,512.2,304.2
464.2,58.6,512.2,177
98.6,233,160.2,304.2
65,339.4,145.8,384.2
1,193,47.4,239.4
113,304.2,177.8,384.2
432.2,149.8,504.2,205.8
160.2,301,200.2,384.2
1,179.4,160.2,336.2
97,257.8,200.2,384.2
381.8,13,475.4,183.4
331.4,305,401.8,384.2
81,161.8,126.6,208.2
1,81,64.2,191.4
1,32.2,80.2,191.4
135.4,241,208.2,288.2
352.2,177,452.2,231.4
281.8,215.4,368.2,296.2
97,257.8,160.2,336.2
446.6,296.2,495.4,360.2
417.8,185,488.2,231.4
1,81,79.4,191.4
374.6,15.4,453.8,168.2
352.2,19.4,395.4,191.4
97,257.8,192.2,336.2
17.8,337.8,144.2,384.2
270.6,1,349,44.2
1,161,153,245.8
41,273,127.4,351.4
270.6,303.4,315.4,384.2
401,209,512.2,272.2
400.2,19.4,451.4,168.2
233.8,289.8,347.4,384.2
381.8,15.4,433,167.4
304.2,304.2,353,384.2
1,1,64.2,64.2
281,223.4,358.6,279.4
268.2,289.8,347.4,384.2
1,290.6,104.2,369
1,225.8,127.4,288.2
446.6,296.2,498.6,384.2
270.6,213.8,318.6,264.2
1,32.2,144.2,191.4
221,140.2,271.4,195.4
221,140.2,272.2,215.4
1,128.2,47.4,175.4
229.8,265,279.4,384.2
57,273,127.4,351.4
446.6,296.2,495.4,352.2
1,129,64.2,191.4
413,41.8,453.8,159.4
300.2,104.2,340.2,208.2
461.8,18.6,512.2,105
384.2,243.4,506.6,287.4
17.8,337.8,128.2,384.2
33,297,104.2,369
418.6,77.8,480.2,164.2
1,129.8,46.6,175.4
299.4,232.2,368.2,289.8
353,117.8,393.8,202.6
1,225.8,144.2,336.2
381.8,15.4,436.2,167.4
300.2,105,340.2,207.4
66.6,67.4,142.6,166.6
17,1,65.8,48.2
384.2,232.2,512.2,287.4
383.4,192.2,438.6,240.2
360.2,177.8,447.4,226.6
65.8,66.6,126.6,167.4
176.2,200.2,218.6,244.2
