1,15.933,268.73,361.53
1,1,72.467,89.533
15.933,24.467,259.13,343.4
1,1,287.93,511.93
140.73,225,201.53,274.07
134.33,293.27,246.33,511.93
1,36.2,142.87,511.93
15.933,15.933,287.93,511.93
15.933,15.933,262.33,296.47
1,37.267,209,296.47
1,1,287.93,339.13
1,26.6,152.47,300.73
1,24.467,200.47,280.47
135.4,257,205.8,337
179.13,19.133,287.93,511.93
1,1,287.93,296.47
36.2,15.933,276.2,349.8
156.73,15.933,268.73,361.53
130.07,17,287.93,511.93
90.6,25.533,184.47,177
109.8,199.4,193,275.13
100.2,227.13,147.13,296.47
151.4,17,264.47,361.53
1,19.133,287.93,511.93
121.53,164.2,254.87,511.93
90.6,15.933,268.73,361.53
15.933,70.333,147.13,300.73
111.93,226.07,246.33,511.93
15.933,19.133,287.93,511.93
17,35.133,97,231.4
1,1,287.93,170.6
17,19.133,287.93,511.93
52.2,162.07,209,296.47
44.733,28.733,122.6,172.73
1,1,287.93,361.53
66.067,51.133,264.47,349.8
60.733,147.13,109.8,205.8
129,59.667,177,126.87
44.733,19.133,274.07,323.13
98.067,196.2,142.87,270.87
17,24.467,209,339.13
1,26.6,152.47,257
241,19.133,287.93,511.93
55.4,189.8,122.6,257
17,115.13,81,203.67
115.13,227.13,249.53,511.93
115.13,227.13,183.4,511.93
140.73,157.8,189.8,202.6
163.13,292.2,247.4,511.93
143.93,79.933,252.73,361.53
1,1,287.93,280.47
168.47,15.933,268.73,161
1,36.2,154.6,511.93
156.73,242.07,244.2,308.2
49,1,287.93,88.467
90.6,24.467,184.47,177
103.4,195.13,154.6,511.93
116.2,227.13,177,343.4
17,15.933,287.93,511.93
115.13,15.933,287.93,511.93
161,221.8,241,349.8
1,1,108.73,170.6
1,37.267,159.93,511.93
17,115.13,132.2,270.87
126.87,310.33,242.07,511.93
30.867,24.467,209,213.27
237.8,19.133,287.93,511.93
1,194.07,246.33,511.93
81,57.533,196.2,323.13
55.4,201.53,98.067,257
124.73,311.4,183.4,511.93
241,31.933,287.93,511.93
36.2,24.467,259.13,343.4
1,182.33,148.2,511.93
44.733,19.133,287.93,511.93
124.73,249.53,249.53,511.93
228.2,20.2,278.33,511.93
1,156.73,154.6,511.93
17,197.27,139.67,300.73
111.93,25.533,259.13,107.67
44.733,19.133,255.93,114.07
53.267,67.133,178.07,274.07
130.07,312.47,244.2,511.93
179.13,27.667,257,104.47
87.4,51.133,259.13,343.4
17,115.13,70.333,200.47
1,37.267,60.733,245.27
159.93,339.13,239.93,511.93
90.6,24.467,211.13,294.33
1,37.267,140.73,511.93
130.07,369,171.67,511.93
151.4,19.133,287.93,511.93
17,35.133,159.93,387.13
109.8,199.4,193,273
17,35.133,120.47,232.47
198.33,342.33,243.13,511.93
93.8,138.6,196.2,323.13
27.667,136.47,70.333,200.47
1,38.333,154.6,511.93
21.267,196.2,148.2,387.13
159.93,339.13,237.8,469.27
109.8,193,248.47,280.47
115.13,277.27,159.93,431.93
121.53,312.47,244.2,511.93
1,1,287.93,56.467
17,83.133,106.6,255.93
1,1,287.93,52.2
199.4,259.13,244.2,308.2
15.933,113,209,296.47
21.267,196.2,159.93,387.13
1,1,97,92.733
17,15.933,276.2,349.8
17,197.27,76.733,249.53
174.87,19.133,274.07,220.73
120.47,19.133,287.93,511.93
36.2,24.467,255.93,203.67
13.8,156.73,154.6,511.93
15.933,56.467,125.8,265.53
233.53,30.867,287.93,511.93
124.73,311.4,243.13,511.93
17,115.13,68.2,189.8
115.13,30.867,287.93,511.93
76.733,85.267,195.13,290.07
15.933,84.2,147.13,300.73
45.8,72.467,93.8,150.33
179.13,27.667,262.33,212.2
125.8,20.2,287.93,511.93
207.93,164.2,254.87,353
156.73,133.27,257,361.53
130.07,268.73,244.2,511.93
225,20.2,287.93,511.93
130.07,17,264.47,511.93
171.67,27.667,259.13,161
87.4,24.467,186.6,163.13
1,111.93,66.067,231.4
17,35.133,159.93,405.27
130.07,322.07,171.67,511.93
171.67,259.13,242.07,321
1,1,287.93,63.933
156.73,242.07,244.2,361.53
58.6,33,100.2,94.867
121.53,19.133,287.93,511.93
36.2,15.933,276.2,181.27
55.4,199.4,122.6,257
1,33,60.733,178.07
52.2,57.533,196.2,323.13
125.8,293.27,244.2,511.93
85.267,99.133,145,266.6
183.4,90.6,244.2,131.13
109.8,193,195.13,280.47
233.53,15.933,287.93,511.93
146.07,17,264.47,361.53
109.8,1,233.53,44.733
19.133,196.2,60.733,245.27
60.733,147.13,109.8,213.27
52.2,174.87,132.2,270.87
233.53,60.733,277.27,511.93
183.4,79.933,244.2,131.13
233.53,31.933,277.27,511.93
151.4,19.133,274.07,391.4
1,1,287.93,84.2
120.47,293.27,246.33,511.93
174.87,26.6,261.27,258.07
109.8,51.133,259.13,280.47
17,115.13,196.2,339.13
15.933,1,287.93,41.533
1,1,287.93,178.07
35.133,15.933,262.33,274.07
106.6,38.333,157.8,88.467
31.933,67.133,188.73,233.53
87.4,24.467,184.47,163.13
130.07,26.6,261.27,361.53
130.07,312.47,243.13,511.93
167.4,24.467,209,76.733
130.07,223.93,201.53,296.47
1,38.333,69.267,247.4
66.067,85.267,195.13,290.07
183.4,79.933,252.73,292.2
31.933,83.133,99.133,233.53
1,38.333,143.93,511.93
1,36.2,148.2,511.93
1,182.33,142.87,511.93
225,66.067,279.4,511.93
241,15.933,287.93,63.933
52.2,138.6,196.2,339.13
179.13,51.133,264.47,185.53
72.467,156.73,154.6,511.93
132.2,226.07,246.33,511.93
1,36.2,60.733,204.73
133.27,312.47,183.4,511.93
133.27,351.93,173.8,511.93
101.27,67.133,178.07,274.07
52.2,184.47,147.13,296.47
36.2,21.267,259.13,142.87
159.93,347.67,211.13,511.93
1,41.533,148.2,511.93
90.6,24.467,234.6,294.33
36.2,34.067,86.333,91.667
1,41.533,142.87,511.93
126.87,26.6,261.27,511.93
138.6,59.667,184.47,162.07
39.4,218.6,139.67,300.73
1,1,287.93,62.867
30.867,28.733,122.6,213.27
171.67,27.667,259.13,203.67
129,310.33,242.07,511.93
130.07,268.73,209,511.93
151.4,258.07,238.87,391.4
1,194.07,140.73,511.93
125.8,79.933,252.73,511.93
87.4,25.533,243.13,84.2
104.47,57.533,190.87,232.47
1,1,287.93,41.533
152.47,306.07,206.87,383.93
159.93,340.2,241,511.93
52.2,158.87,209,296.47
171.67,17,264.47,203.67
167.4,339.13,215.4,511.93
36.2,33,132.2,203.67
104.47,57.533,184.47,163.13
1,84.2,81,227.13
141.8,221.8,241,349.8
62.867,147.13,108.73,203.67
126.87,20.2,287.93,511.93
140.73,145,200.47,202.6
151.4,264.47,245.27,361.53
19.133,204.73,60.733,245.27
159.93,340.2,239.93,511.93
55.4,196.2,122.6,257
139.67,115.13,189.8,181.27
134.33,302.87,241,511.93
115.13,249.53,249.53,511.93
36.2,26.6,117.27,115.13
17,83.133,147.13,300.73
109.8,62.867,248.47,280.47
52.2,232.47,159.93,339.13
115.13,279.4,171.67,511.93
1,161,61.8,243.13
36.2,33,132.2,257
87.4,25.533,184.47,163.13
60.733,147.13,108.73,210.07
140.73,117.27,253.8,245.27
17,35.133,109.8,231.4
151.4,204.73,248.47,361.53
167.4,24.467,255.93,101.27
238.87,19.133,287.93,511.93
17,83.133,97,203.67
1,151.4,69.267,247.4
168.47,28.733,264.47,158.87
168.47,15.933,268.73,158.87
174.87,24.467,255.93,101.27
115.13,86.333,184.47,162.07
52.2,232.47,148.2,387.13
163.13,244.2,249.53,511.93
148.2,316.73,206.87,511.93
1,111.93,81,249.53
39.4,218.6,147.13,300.73
151.4,79.933,252.73,361.53
174.87,51.133,259.13,186.6
87.4,24.467,200.47,280.47
36.2,33,140.73,257
87.4,26.6,157.8,72.467
36.2,15.933,276.2,142.87
125.8,322.07,241,511.93
191.93,195.13,247.4,292.2
49,1,287.93,162.07
134.33,59.667,184.47,162.07
228.2,20.2,287.93,511.93
26.6,135.4,147.13,300.73
87.4,24.467,255.93,104.47
133.27,335.93,175.93,511.93
1,33,140.73,257
1,41.533,61.8,178.07
116.2,227.13,183.4,511.93
15.933,111.93,66.067,231.4
203.67,164.2,254.87,353
146.07,186.6,249.53,245.27
143.93,167.4,189.8,207.93
103.4,51.133,259.13,343.4
151.4,164.2,254.87,361.53
151.4,258.07,238.87,383.93
60.733,184.47,122.6,257
171.67,17,263.4,203.67
151.4,79.933,252.73,391.4
134.33,268.73,175.93,506.6
1,171.67,52.2,227.13
36.2,26.6,154.6,115.13
129,322.07,239.93,511.93
132.2,226.07,246.33,346.6
1,36.2,61.8,243.13
1,30.867,61.8,85.267
109.8,179.13,193,275.13
68.2,245.27,154.6,405.27
170.6,335.93,244.2,511.93
115.13,85.267,184.47,186.6
87.4,24.467,209,163.13
111.93,21.267,259.13,114.07
168.47,259.13,244.2,308.2
179.13,26.6,262.33,258.07
15.933,83.133,97,202.6
151.4,264.47,204.73,327.4
151.4,258.07,207.93,337
151.4,259.13,245.27,342.33
232.47,20.2,287.93,511.93
183.4,89.533,247.4,258.07
241,15.933,287.93,62.867
15.933,113,78.867,241
1,37.267,188.73,245.27
181.27,340.2,239.93,511.93
141.8,252.73,245.27,343.4
194.07,260.2,238.87,343.4
87.4,24.467,255.93,135.4
111.93,277.27,171.67,511.93
36.2,33,100.2,94.867
36.2,26.6,152.47,257
198.33,335.93,244.2,511.93
191.93,149.27,249.53,203.67
151.4,264.47,245.27,342.33
193,198.33,244.2,261.27
148.2,316.73,239.93,511.93
90.6,24.467,186.6,181.27
180.2,298.6,245.27,361.53
179.13,27.667,257,101.27
140.73,155.67,253.8,245.27
184.47,114.07,252.73,204.73
55.4,147.13,106.6,255.93
129,331.67,171.67,511.93
134.33,335.93,175.93,506.6
179.13,26.6,262.33,289
36.2,34.067,132.2,203.67
103.4,139.67,200.47,280.47
15.933,83.133,109.8,229.27
207.93,41.533,262.33,203.67
197.27,226.07,245.27,344.47
1,30.867,61.8,178.07
189.8,174.87,247.4,292.2
171.67,27.667,255.93,92.733
130.07,174.87,190.87,232.47
174.87,51.133,259.13,184.47
194.07,195.13,247.4,260.2
132.2,149.27,181.27,203.67
122.6,37.267,177,126.87
53.267,83.133,97,172.73
17,115.13,71.4,172.73
189.8,157.8,255.93,204.73
51.133,83.133,97,170.6
175.93,19.133,239.93,59.667
109.8,51.133,259.13,343.4
163.13,335.93,244.2,511.93
101.27,150.33,196.2,273
122.6,37.267,187.67,162.07
151.4,322.07,239.93,511.93
44.733,19.133,274.07,220.73
15.933,83.133,97,229.27
55.4,187.67,122.6,257
36.2,21.267,259.13,115.13
1,1,287.93,89.533
59.667,1,287.93,62.867
115.13,302.87,171.67,511.93
54.333,83.133,99.133,198.33
151.4,258.07,238.87,361.53
1,115.13,68.2,227.13
141.8,259.13,245.27,342.33
35.133,15.933,262.33,92.733
55.4,147.13,122.6,257
125.8,322.07,175.93,511.93
111.93,24.467,259.13,107.67
130.07,312.47,222.87,511.93
55.4,86.333,152.47,257
151.4,258.07,207.93,383.93
197.27,143.93,248.47,204.73
179.13,67.133,244.2,141.8
141.8,252.73,245.27,342.33
191.93,143.93,253.8,203.67
163.13,339.13,212.2,511.93
87.4,24.467,255.93,84.2
198.33,365.8,238.87,511.93
198.33,381.8,238.87,511.93
171.67,28.733,264.47,158.87
1,38.333,59.667,178.07
163.13,326.33,237.8,511.93
54.333,84.2,97,170.6
1,1,287.93,45.8
197.27,51.133,246.33,95.933
174.87,51.133,259.13,161
130.07,312.47,209,511.93
103.4,195.13,147.13,300.73
191.93,195.13,247.4,264.47
179.13,61.8,244.2,132.2
111.93,25.533,172.73,77.8
151.4,225,196.2,273
34.067,115.13,81,203.67
109.8,162.07,209,296.47
131.13,69.267,179.13,123.67
66.067,199.4,122.6,257
164.2,260.2,222.87,361.53
1,165.27,60.733,245.27
36.2,26.6,117.27,170.6
134.33,322.07,175.93,511.93
141.8,59.667,184.47,162.07
161,267.67,204.73,326.33
114.07,62.867,184.47,229.27
183.4,89.533,244.2,174.87
15.933,56.467,147.13,296.47
1,115.13,81,227.13
15.933,56.467,109.8,229.27
174.87,19.133,255.93,161
44.733,25.533,173.8,114.07
115.13,86.333,184.47,177
61.8,86.333,108.73,170.6
164.2,280.47,207.93,337
15.933,1,72.467,89.533
17,115.13,71.4,166.33
15.933,134.33,60.733,200.47
87.4,24.467,243.13,84.2
156.73,242.07,244.2,349.8
122.6,37.267,184.47,162.07
30.867,135.4,74.6,201.53
140.73,155.67,253.8,209
207.93,220.73,249.53,269.8
186.6,186.6,249.53,245.27
182.33,17,263.4,66.067
15.933,113,71.4,202.6
145,122.6,201.53,264.47
30.867,135.4,109.8,213.27
179.13,27.667,262.33,258.07
109.8,193,157.8,275.13
125.8,322.07,239.93,511.93
109.8,162.07,209,257
44.733,28.733,101.27,114.07
17,83.133,97,231.4
159.93,312.47,209,511.93
141.8,220.73,249.53,343.4
87.4,24.467,209,91.667
145,162.07,190.87,232.47
174.87,60.733,237.8,258.07
1,36.2,49,85.267
183.4,79.933,252.73,204.73
130.07,122.6,201.53,264.47
134.33,289,175.93,506.6
13.8,191.93,131.13,279.4
60.733,200.47,122.6,257
198.33,340.2,239.93,511.93
62.867,147.13,106.6,203.67
17,115.13,71.4,231.4
148.2,187.67,195.13,262.33
155.67,1,287.93,76.733
168.47,15.933,264.47,158.87
15.933,84.2,97,200.47
134.33,322.07,175.93,491.67
157.8,235.67,243.13,361.53
17,197.27,68.2,248.47
93.8,67.133,148.2,206.87
53.267,83.133,122.6,172.73
79.933,204.73,121.53,252.73
134.33,84.2,186.6,135.4
17,115.13,68.2,200.47
49,24.467,204.73,88.467
66.067,158.87,142.87,270.87
26.6,135.4,122.6,257
126.87,153.53,178.07,274.07
197.27,24.467,262.33,91.667
113,153.53,190.87,232.47
193,198.33,248.47,308.2
174.87,56.467,242.07,101.27
103.4,139.67,200.47,229.27
93.8,67.133,148.2,200.47
87.4,24.467,209,87.4
49,29.8,101.27,87.4
59.667,28.733,100.2,84.2
20.2,164.2,132.2,270.87
76.733,86.333,124.73,182.33
115.13,277.27,171.67,511.93
115.13,308.2,159.93,511.93
60.733,147.13,106.6,203.67
60.733,42.6,101.27,87.4
139.67,179.13,184.47,219.67
159.93,339.13,236.73,440.47
193,204.73,248.47,263.4
163.13,326.33,215.4,511.93
54.333,83.133,97,170.6
15.933,122.6,71.4,202.6
34.067,135.4,81,203.67
76.733,86.333,152.47,235.67
109.8,174.87,178.07,257
21.267,196.2,125.8,265.53
85.267,67.133,188.73,214.33
157.8,292.2,205.8,337
171.67,28.733,259.13,121.53
36.2,26.6,117.27,198.33
101.27,150.33,190.87,232.47
126.87,153.53,178.07,229.27
185.53,140.73,234.6,258.07
1,41.533,61.8,223.93
15.933,134.33,67.133,202.6
35.133,15.933,239.93,92.733
232.47,66.067,279.4,511.93
183.4,89.533,246.33,258.07
135.4,226.07,246.33,346.6
132.2,149.27,181.27,199.4
139.67,51.133,264.47,349.8
133.27,345.53,173.8,511.93
171.67,204.73,248.47,321
62.867,161,106.6,202.6
170.6,1,259.13,59.667
15.933,113,78.867,202.6
130.07,314.6,175.93,511.93
124.73,311.4,237.8,511.93
76.733,86.333,152.47,229.27
163.13,366.87,211.13,511.93
76.733,86.333,125.8,199.4
170.6,342.33,243.13,511.93
15.933,111.93,66.067,200.47
159.93,347.67,200.47,511.93
199.4,252.73,243.13,321
198.33,440.47,239.93,511.93
13.8,191.93,69.267,247.4
191.93,149.27,253.8,203.67
156.73,242.07,244.2,360.47
209,41.533,262.33,91.667
135.4,199.4,193,273
1,38.333,60.733,245.27
123.67,139.67,200.47,229.27
20.2,164.2,91.667,255.93
62.867,147.13,106.6,202.6
174.87,342.33,243.13,511.93
109.8,162.07,193,257
201.53,222.87,246.33,292.2
114.07,62.867,184.47,163.13
167.4,19.133,255.93,101.27
31.933,83.133,92.733,223.93
15.933,116.2,70.333,200.47
174.87,19.133,255.93,101.27
200.47,41.533,262.33,212.2
194.07,195.13,246.33,239.93
130.07,122.6,247.4,361.53
15.933,135.4,67.133,202.6
87.4,26.6,157.8,87.4
87.4,25.533,172.73,84.2
140.73,223.93,201.53,274.07
70.333,204.73,121.53,252.73
58.6,33,100.2,86.333
197.27,139.67,252.73,204.73
189.8,155.67,253.8,209
109.8,145,211.13,294.33
145,187.67,195.13,262.33
151.4,322.07,236.73,511.93
194.07,150.33,246.33,239.93
76.733,86.333,147.13,229.27
159.93,312.47,222.87,511.93
130.07,314.6,171.67,511.93
171.67,33,243.13,92.733
173.8,340.2,239.93,511.93
124.73,311.4,175.93,511.93
207.93,101.27,255.93,203.67
151.4,322.07,206.87,511.93
197.27,235.67,239.93,334.87
85.267,67.133,178.07,274.07
123.67,139.67,182.33,229.27
111.93,25.533,259.13,77.8
81,98.067,196.2,323.13
49,24.467,172.73,88.467
35.133,15.933,262.33,104.47
207.93,70.333,261.27,162.07
113,153.53,185.53,206.87
193,204.73,248.47,292.2
171.67,28.733,259.13,73.533
170.6,1,287.93,59.667
139.67,157.8,255.93,349.8
26.6,135.4,81,249.53
130.07,382.87,170.6,511.93
44.733,26.6,157.8,114.07
241,15.933,282.6,63.933
76.733,86.333,125.8,182.33
140.73,202.6,195.13,280.47
159.93,258.07,205.8,337
53.267,83.133,93.8,161
193,133.27,257,261.27
81,98.067,122.6,171.67
188.73,79.933,244.2,121.53
193,139.67,252.73,261.27
171.67,33,243.13,82.067
129,46.867,177,126.87
65,26.6,154.6,115.13
174.87,51.133,259.13,181.27
90.6,25.533,172.73,100.2
183.4,298.6,245.27,342.33
130.07,122.6,181.27,163.13
141.8,157.8,255.93,349.8
145,24.467,209,83.133
21.267,196.2,61.8,243.13
183.4,79.933,252.73,206.87
86.333,24.467,157.8,85.267
109.8,199.4,195.13,290.07
132.2,149.27,188.73,214.33
151.4,322.07,232.47,511.93
100.2,67.133,142.87,158.87
159.93,339.13,236.73,469.27
52.2,191.93,125.8,265.53
134.33,330.6,175.93,491.67
1,151.4,52.2,227.13
60.733,148.2,109.8,214.33
141.8,198.33,248.47,349.8
66.067,196.2,142.87,270.87
93.8,136.47,148.2,200.47
135.4,226.07,245.27,344.47
61.8,215.4,122.6,257
184.47,51.133,264.47,181.27
138.6,215.4,196.2,273
52.2,191.93,147.13,296.47
49,1,156.73,54.333
49,15.933,239.93,88.467
109.8,199.4,195.13,275.13
177,157.8,255.93,206.87
194.07,195.13,246.33,247.4
207.93,70.333,261.27,175.93
164.2,260.2,238.87,361.53
145,187.67,201.53,264.47
1,182.33,143.93,511.93
115.13,86.333,184.47,186.6
157.8,235.67,239.93,361.53
54.333,83.133,99.133,193
93.8,138.6,173.8,323.13
52.2,232.47,139.67,305
201.53,292.2,247.4,511.93
145,187.67,190.87,232.47
197.27,34.067,262.33,91.667
60.733,200.47,121.53,252.73
179.13,51.133,264.47,181.27
202.6,245.27,243.13,292.2
15.933,83.133,93.8,202.6
164.2,260.2,222.87,337
1,38.333,60.733,179.13
207.93,41.533,262.33,212.2
157.8,235.67,239.93,340.2
130.07,223.93,201.53,274.07
126.87,153.53,190.87,232.47
131.13,69.267,177,113
148.2,316.73,206.87,425.53
28.733,198.33,125.8,265.53
167.4,326.33,215.4,511.93
101.27,67.133,142.87,158.87
197.27,41.533,262.33,91.667
20.2,115.13,70.333,156.73
135.4,257,206.87,337
1,36.2,60.733,178.07
151.4,322.07,217.53,511.93
111.93,24.467,259.13,114.07
159.93,339.13,205.8,440.47
49,1,157.8,88.467
93.8,67.133,188.73,214.33
184.47,51.133,264.47,161
73.533,67.133,178.07,274.07
181.27,340.2,239.93,478.87
179.13,60.733,261.27,203.67
90.6,27.667,163.13,100.2
79.933,191.93,121.53,252.73
184.47,51.133,264.47,158.87
179.13,67.133,261.27,203.67
130.07,314.6,170.6,511.93
197.27,235.67,239.93,340.2
93.8,162.07,145,266.6
15.933,1,97,92.733
201.53,258.07,243.13,344.47
130.07,122.6,243.13,361.53
93.8,157.8,145,266.6
167.4,339.13,212.2,511.93
111.93,25.533,172.73,94.867
53.267,136.47,122.6,257
185.53,140.73,237.8,258.07
189.8,163.13,242.07,204.73
93.8,67.133,166.33,206.87
193,198.33,244.2,308.2
145,162.07,193,232.47
55.4,196.2,114.07,255.93
126.87,153.53,178.07,257
207.93,101.27,255.93,162.07
196.2,150.33,238.87,204.73
61.8,191.93,122.6,257
130.07,174.87,178.07,229.27
132.2,138.6,181.27,199.4
130.07,223.93,201.53,294.33
179.13,67.133,244.2,131.13
201.53,226.07,245.27,271.93
130.07,122.6,188.73,214.33
76.733,85.267,184.47,229.27
67.133,245.27,139.67,300.73
196.2,158.87,249.53,203.67
188.73,62.867,244.2,121.53
179.13,61.8,244.2,120.47
207.93,57.533,261.27,203.67
135.4,235.67,243.13,361.53
130.07,174.87,178.07,257
90.6,27.667,154.6,74.6
207.93,101.27,255.93,175.93
161,267.67,241,349.8
179.13,26.6,261.27,203.67
1,38.333,60.733,178.07
194.07,195.13,246.33,260.2
17,134.33,68.2,189.8
148.2,187.67,190.87,232.47
196.2,70.333,261.27,203.67
188.73,79.933,244.2,120.47
115.13,60.733,163.13,107.67
65,26.6,117.27,115.13
197.27,235.67,243.13,344.47
130.07,123.67,181.27,199.4
179.13,60.733,237.8,101.27
185.53,140.73,234.6,203.67
74.6,199.4,122.6,257
86.333,24.467,157.8,88.467
76.733,86.333,146.07,210.07
109.8,202.6,157.8,275.13
183.4,89.533,246.33,239.93
183.4,306.07,241,349.8
106.6,38.333,157.8,85.267
49,24.467,157.8,88.467
183.4,89.533,244.2,139.67
183.4,90.6,244.2,139.67
