37.267,182.33,299.67,395.67
1,1,383.93,511.93
275.13,1,383.93,441.53
131.13,373.27,301.8,447.93
173.8,343.4,307.13,511.93
13.8,1,303.93,373.27
1,1,310.33,511.93
1,1,309.27,511.93
36.2,235.67,287.93,401
13.8,1,310.33,511.93
1,1,157.8,511.93
12.733,229.27,79.933,287.93
104.47,1,383.93,511.93
24.467,1,168.47,358.33
9.5333,1,301.8,401
8.4667,95.933,79.933,281.53
130.07,335.93,332.73,511.93
1,1,310.33,273
203.67,335.93,307.13,511.93
1,1,305,220.73
273,1,383.93,511.93
37.267,154.6,124.73,321
1,1,300.73,511.93
1,36.2,153.53,511.93
227.13,1,383.93,511.93
118.33,1,383.93,511.93
18.067,1,340.2,511.93
104.47,221.8,327.4,511.93
13.8,236.73,262.33,378.6
228.2,31.933,301.8,146.07
8.4667,91.667,100.2,287.93
151.4,321,287.93,397.8
1,1,168.47,511.93
57.533,1,301.8,188.73
36.2,235.67,283.67,401
24.467,1,300.73,373.27
125.8,1,383.93,511.93
12.733,1,130.07,213.27
24.467,1,300.73,321
330.6,1,383.93,435.13
1,1,165.27,511.93
95.933,1,227.13,97
18.067,1,340.2,395.67
67.133,1,213.27,152.47
30.867,187.67,94.867,241
138.6,319.93,281.53,373.27
203.67,445.8,298.6,511.93
217.53,226.07,308.2,511.93
212.2,108.73,277.27,153.53
45.8,246.33,244.2,344.47
234.6,1,383.93,441.53
275.13,1,383.93,511.93
18.067,1,285.8,203.67
1,1,340.2,511.93
1,2.0667,153.53,511.93
135.4,1,383.93,511.93
101.27,1,383.93,511.93
9.5333,1,310.33,511.93
107.67,246.33,267.67,325.27
157.8,369,228.2,431.93
273,49,372.2,372.2
95.933,1,296.47,122.6
13.8,245.27,105.53,296.47
58.6,1,301.8,188.73
17,1,134.33,203.67
31.933,124.73,106.6,255.93
203.67,436.2,300.73,511.93
13.8,1,310.33,373.27
38.333,226.07,303.93,373.27
19.133,1,300.73,373.27
104.47,182.33,153.53,247.4
14.867,174.87,106.6,297.53
165.27,1,223.93,41.533
101.27,1,367.93,511.93
1,36.2,165.27,511.93
104.47,1,161,69.267
135.4,92.733,278.33,182.33
129,318.87,287.93,511.93
1,1,134.33,213.27
132.2,321,287.93,511.93
101.27,234.6,307.13,511.93
204.73,47.933,276.2,90.6
61.8,50.067,276.2,220.73
113,1,383.93,511.93
101.27,315.67,184.47,511.93
139.67,1,383.93,511.93
106.6,1,383.93,511.93
121.53,234.6,299.67,380.73
127.93,180.2,178.07,246.33
104.47,1,367.93,289
129,321,287.93,511.93
173.8,426.6,299.67,511.93
127.93,129,306.07,289
12.733,1,63.933,131.13
42.6,1,95.933,59.667
8.4667,91.667,134.33,365.8
170.6,91.667,265.53,153.53
103.4,280.47,307.13,511.93
23.4,124.73,141.8,383.93
9.5333,1,310.33,346.6
130.07,415.93,171.67,494.87
107.67,246.33,271.93,331.67
203.67,436.2,299.67,511.93
106.6,315.67,332.73,511.93
8.4667,124.73,141.8,383.93
252.73,155.67,306.07,259.13
135.4,1,310.33,182.33
273,130.07,370.07,372.2
113,129,306.07,289
27.667,271.93,119.4,329.53
127.93,133.27,302.87,289
104.47,1,302.87,178.07
12.733,155.67,100.2,287.93
106.6,315.67,383.93,511.93
301.8,346.6,383.93,511.93
43.667,236.73,136.47,344.47
92.733,1,305,68.2
104.47,1,196.2,159.93
1,1,153.53,511.93
99.133,242.07,299.67,373.27
107.67,229.27,303.93,346.6
129,226.07,308.2,511.93
305,1,373.27,99.133
8.4667,163.13,106.6,297.53
158.87,354.07,228.2,419.13
113,1,383.93,441.53
57.533,1,310.33,188.73
155.67,429.8,299.67,511.93
332.73,1,383.93,292.2
130.07,415.93,171.67,476.73
235.67,1,340.2,133.27
127.93,373.27,302.87,511.93
13.8,1,310.33,249.53
175.93,420.2,238.87,511.93
37.267,249.53,116.2,318.87
132.2,374.33,246.33,511.93
12.733,91.667,88.467,287.93
104.47,1,367.93,178.07
1,1,309.27,259.13
165.27,1,301.8,146.07
173.8,417,299.67,511.93
28.733,278.33,113,329.53
159.93,377.53,301.8,511.93
42.6,1,131.13,189.8
313.53,1,383.93,511.93
36.2,282.6,134.33,370.07
227.13,130.07,370.07,372.2
132.2,374.33,300.73,511.93
343.4,1,383.93,359.4
135.4,92.733,278.33,181.27
104.47,1,301.8,183.4
153.53,335.93,307.13,511.93
324.2,1,383.93,511.93
95.933,1,169.53,69.267
8.4667,173.8,76.733,279.4
75.667,94.867,122.6,147.13
313.53,1,370.07,69.267
333.8,390.33,383.93,511.93
231.4,133.27,302.87,190.87
24.467,1,146.07,205.8
107.67,229.27,309.27,511.93
14.867,174.87,82.067,246.33
24.467,99.133,76.733,195.13
67.133,1,146.07,180.2
8.4667,95.933,99.133,281.53
42.6,1,130.07,205.8
121.53,1,302.87,51.133
58.6,1,146.07,188.73
98.067,235.67,268.73,297.53
165.27,345.53,234.6,441.53
328.47,403.13,383.93,511.93
1,1,310.33,213.27
95.933,1,301.8,181.27
37.267,242.07,111.93,319.93
330.6,56.467,383.93,435.13
92.733,1,161,68.2
103.4,280.47,309.27,511.93
250.6,201.53,292.2,289
130.07,321,287.93,511.93
75.667,178.07,229.27,249.53
124.73,79.933,169.53,163.13
330.6,292.2,383.93,435.13
57.533,1,156.73,188.73
118.33,106.6,309.27,259.13
95.933,1,301.8,183.4
9.5333,1,130.07,285.8
15.933,190.87,90.6,278.33
13.8,1,146.07,296.47
59.667,181.27,127.93,328.47
138.6,318.87,303.93,373.27
103.4,311.4,163.13,378.6
92.733,1,161,59.667
104.47,1,300.73,170.6
8.4667,91.667,88.467,287.93
106.6,315.67,184.47,511.93
106.6,315.67,307.13,511.93
324.2,372.2,383.93,511.93
164.2,91.667,271.93,164.2
61.8,50.067,106.6,95.933
52.2,182.33,154.6,281.53
14.867,190.87,90.6,279.4
14.867,91.667,278.33,273
60.733,1,300.73,180.2
301.8,346.6,344.47,511.93
250.6,188.73,298.6,289
19.133,1,168.47,358.33
1,1,169.53,213.27
36.2,226.07,308.2,511.93
135.4,98.067,263.4,146.07
157.8,284.73,283.67,343.4
129,177,179.13,234.6
227.13,1,373.27,403.13
1,1,305,152.47
145,157.8,274.07,245.27
38.333,242.07,269.8,344.47
14.867,174.87,90.6,297.53
95.933,1,259.13,102.33
1,1,164.2,511.93
115.13,246.33,262.33,378.6
202.6,38.333,276.2,89.533
167.4,91.667,246.33,151.4
28.733,229.27,90.6,278.33
24.467,1,88.467,167.4
27.667,271.93,134.33,365.8
125.8,178.07,308.2,511.93
8.4667,174.87,79.933,281.53
30.867,187.67,94.867,245.27
99.133,247.4,168.47,358.33
151.4,321,287.93,419.13
127.93,180.2,178.07,230.33
227.13,130.07,370.07,403.13
230.33,31.933,301.8,87.4
24.467,95.933,76.733,195.13
30.867,154.6,168.47,358.33
1,1,156.73,511.93
124.73,91.667,194.07,159.93
9.5333,69.267,85.267,285.8
130.07,399.93,175.93,458.6
129,27.667,170.6,71.4
13.8,174.87,97,249.53
9.5333,1,131.13,346.6
12.733,1,131.13,213.27
61.8,50.067,106.6,199.4
61.8,300.73,141.8,383.93
15.933,190.87,69.267,245.27
153.53,345.53,284.73,433
129,106.6,309.27,259.13
58.6,1,184.47,188.73
13.8,229.27,309.27,511.93
9.5333,69.267,85.267,296.47
30.867,154.6,116.2,318.87
129,177,264.47,234.6
25.533,1,130.07,202.6
165.27,345.53,229.27,415.93
13.8,236.73,280.47,380.73
23.4,281.53,72.467,360.47
52.2,182.33,141.8,281.53
209,108.73,273,152.47
164.2,90.6,271.93,164.2
173.8,343.4,309.27,511.93
83.133,107.67,131.13,189.8
153.53,306.07,235.67,356.2
11.667,243.13,58.6,296.47
12.733,91.667,134.33,365.8
25.533,1,95.933,93.8
23.4,124.73,127.93,360.47
98.067,235.67,283.67,343.4
131.13,439.4,171.67,494.87
234.6,1,367.93,139.67
103.4,311.4,175.93,393.53
152.47,226.07,292.2,327.4
118.33,106.6,309.27,334.87
153.53,376.47,300.73,511.93
173.8,226.07,308.2,511.93
131.13,349.8,179.13,458.6
190.87,39.4,243.13,93.8
14.867,199.4,68.2,249.53
106.6,315.67,172.73,405.27
131.13,343.4,309.27,511.93
119.4,1,194.07,158.87
17,1,109.8,213.27
13.8,236.73,262.33,380.73
9.5333,1,287.93,401
132.2,374.33,302.87,511.93
47.933,29.8,106.6,190.87
177,6.3333,282.6,54.333
31.933,177,106.6,251.67
125.8,178.07,229.27,245.27
166.33,1,294.33,94.867
115.13,257,209,401
189.8,1,289,44.733
313.53,1,383.93,492.73
203.67,425.53,299.67,511.93
314.6,371.13,383.93,511.93
131.13,373.27,301.8,511.93
153.53,376.47,301.8,511.93
9.5333,69.267,85.267,346.6
341.27,1,383.93,321
135.4,335.93,332.73,511.93
131.13,345.53,287.93,511.93
252.73,143.93,306.07,259.13
92.733,1,305,95.933
14.867,174.87,100.2,246.33
101.27,315.67,307.13,511.93
99.133,247.4,285.8,373.27
234.6,1,365.8,139.67
107.67,246.33,299.67,377.53
135.4,335.93,308.2,511.93
57.533,1,186.6,188.73
42.6,1,93.8,149.27
328.47,417,383.93,511.93
61.8,316.73,140.73,383.93
145,133.27,302.87,246.33
333.8,397.8,383.93,511.93
14.867,174.87,90.6,268.73
136.47,335.93,308.2,433
12.733,174.87,82.067,287.93
45.8,246.33,211.13,344.47
152.47,426.6,299.67,511.93
173.8,322.07,308.2,511.93
58.6,71.4,130.07,185.53
252.73,129,306.07,190.87
145,170.6,274.07,245.27
318.87,375.4,383.93,511.93
24.467,93.8,73.533,166.33
18.067,1,340.2,203.67
135.4,332.73,327.4,511.93
104.47,1,302.87,70.333
135.4,374.33,301.8,511.93
37.267,248.47,111.93,319.93
134.33,98.067,263.4,163.13
24.467,91.667,73.533,166.33
127.93,170.6,274.07,246.33
8.4667,174.87,90.6,279.4
38.333,226.07,292.2,344.47
259.13,106.6,309.27,163.13
24.467,1,75.667,106.6
98.067,235.67,250.6,297.53
129,177,198.33,250.6
104.47,1,310.33,164.2
118.33,203.67,294.33,334.87
53.267,1,95.933,47.933
130.07,226.07,308.2,511.93
12.733,243.13,69.267,287.93
141.8,291.13,259.13,373.27
67.133,59.667,107.67,104.47
1,1,131.13,152.47
65,184.47,142.87,257
12.733,130.07,134.33,365.8
14.867,155.67,100.2,246.33
250.6,201.53,292.2,246.33
130.07,369,302.87,511.93
34.067,81,88.467,167.4
124.73,90.6,274.07,175.93
132.2,91.667,278.33,197.27
127.93,133.27,302.87,246.33
99.133,242.07,285.8,373.27
102.33,257,209,401
107.67,229.27,270.87,289
199.4,322.07,308.2,511.93
132.2,369,302.87,511.93
164.2,1,310.33,164.2
173.8,443.67,297.53,511.93
149.27,155.67,273,246.33
235.67,1,373.27,162.07
91.667,111.93,183.4,184.47
127.93,170.6,178.07,246.33
118.33,177,198.33,250.6
24.467,91.667,88.467,189.8
225,332.73,308.2,427.67
58.6,1,169.53,188.73
130.07,415.93,171.67,511.93
13.8,175.93,97,249.53
137.53,182.33,198.33,250.6
11.667,243.13,66.067,296.47
9.5333,1,154.6,296.47
12.733,1,106.6,213.27
118.33,155.67,273,250.6
14.867,163.13,106.6,297.53
177,31.933,301.8,94.867
12.733,130.07,100.2,287.93
121.53,234.6,294.33,335.93
171.67,180.2,264.47,230.33
12.733,174.87,86.333,287.93
131.13,349.8,179.13,511.93
53.267,81,106.6,213.27
203.67,47.933,277.27,88.467
145,157.8,274.07,246.33
37.267,155.67,91.667,197.27
13.8,174.87,79.933,245.27
170.6,91.667,271.93,153.53
83.133,107.67,130.07,185.53
42.6,1,114.07,151.4
83.133,108.73,134.33,206.87
43.667,242.07,136.47,344.47
76.733,1,186.6,188.73
305,1,367.93,74.6
104.47,1,274.07,170.6
76.733,247.4,132.2,315.67
169.53,180.2,264.47,234.6
129,267.67,279.4,331.67
13.8,184.47,146.07,296.47
228.2,35.133,293.27,146.07
24.467,95.933,75.667,168.47
106.6,315.67,172.73,428.73
177,39.4,243.13,94.867
42.6,1,109.8,107.67
23.4,181.27,127.93,360.47
135.4,88.467,278.33,182.33
25.533,1,66.067,81
231.4,34.067,292.2,91.667
83.133,108.73,134.33,203.67
330.6,56.467,383.93,492.73
173.8,440.47,238.87,511.93
95.933,1,268.73,97
137.53,189.8,198.33,250.6
137.53,203.67,294.33,334.87
8.4667,190.87,90.6,279.4
67.133,1,169.53,180.2
24.467,1,153.53,321
135.4,374.33,199.4,450.07
14.867,175.93,99.133,249.53
28.733,278.33,125.8,351.93
133.27,346.6,300.73,450.07
50.067,1,95.933,59.667
174.87,90.6,274.07,151.4
204.73,37.267,278.33,91.667
177,1,296.47,54.333
133.27,405.27,184.47,511.93
313.53,1,373.27,99.133
102.33,257,287.93,401
131.13,373.27,302.87,511.93
159.93,1,259.13,102.33
24.467,91.667,74.6,161
37.267,134.33,91.667,197.27
99.133,227.13,299.67,373.27
140.73,94.867,262.33,157.8
13.8,236.73,136.47,351.93
45.8,130.07,88.467,189.8
126.87,34.067,292.2,95.933
69.267,79.933,130.07,205.8
113,141.8,279.4,190.87
225,1,340.2,133.27
163.13,353,287.93,419.13
154.6,317.8,237.8,380.73
91.667,61.8,183.4,184.47
203.67,373.27,299.67,491.67
234.6,335.93,308.2,425.53
135.4,374.33,185.53,450.07
203.67,420.2,300.73,511.93
37.267,124.73,91.667,197.27
230.33,34.067,292.2,91.667
24.467,1,95.933,167.4
130.07,415.93,175.93,458.6
17,1,134.33,213.27
135.4,101.27,186.6,145
99.133,247.4,151.4,329.53
225,22.333,305,87.4
238.87,335.93,308.2,403.13
61.8,300.73,134.33,346.6
133.27,413.8,184.47,511.93
31.933,177,97,239.93
212.2,1,340.2,150.33
252.73,106.6,309.27,259.13
104.47,221.8,181.27,396.73
202.6,47.933,276.2,89.533
104.47,1,204.73,159.93
132.2,374.33,246.33,495.93
103.4,280.47,175.93,393.53
121.53,1,227.13,41.533
163.13,345.53,269.8,447.93
143.93,237.8,282.6,356.2
127.93,170.6,298.6,289
230.33,1,310.33,83.133
136.47,335.93,308.2,511.93
145,108.73,277.27,181.27
163.13,370.07,248.47,447.93
36.2,242.07,209,401
104.47,1,273,163.13
61.8,50.067,146.07,220.73
177,34.067,279.4,94.867
165.27,332.73,327.4,511.93
95.933,1,259.13,122.6
173.8,443.67,298.6,511.93
154.6,1,305,50.067
124.73,31.933,196.2,159.93
177,37.267,268.73,94.867
153.53,367.93,232.47,433
204.73,49,263.4,90.6
189.8,1,300.73,44.733
104.47,221.8,282.6,396.73
225,332.73,299.67,427.67
67.133,1,146.07,205.8
248.47,376.47,301.8,511.93
71.4,1,146.07,188.73
122.6,9.5333,276.2,173.8
91.667,141.8,135.4,185.53
19.133,246.33,87.4,297.53
153.53,99.133,194.07,145
252.73,143.93,306.07,257
103.4,280.47,282.6,393.53
166.33,1,310.33,94.867
171.67,376.47,298.6,447.93
57.533,1,169.53,188.73
42.6,1,109.8,190.87
103.4,280.47,218.6,393.53
127.93,180.2,170.6,230.33
61.8,50.067,182.33,220.73
182.33,101.27,254.87,146.07
127.93,300.73,168.47,358.33
13.8,175.93,229.27,249.53
173.8,429.8,299.67,511.93
136.47,98.067,205.8,146.07
215.4,436.2,299.67,511.93
159.93,355.13,225,399.93
74.6,75.667,122.6,147.13
219.67,247.4,303.93,346.6
131.13,374.33,183.4,443.67
104.47,1,165.27,70.333
51.133,81,100.2,199.4
235.67,1,372.2,162.07
11.667,182.33,154.6,296.47
124.73,90.6,274.07,178.07
14.867,190.87,90.6,278.33
129,188.73,179.13,234.6
204.73,35.133,279.4,91.667
173.8,373.27,299.67,511.93
151.4,319.93,220.73,373.27
207.93,353,265.53,397.8
126.87,39.4,254.87,95.933
175.93,404.2,300.73,511.93
131.13,141.8,279.4,186.6
91.667,141.8,146.07,220.73
250.6,376.47,302.87,511.93
229.27,335.93,307.13,511.93
37.267,249.53,114.07,318.87
36.2,242.07,134.33,370.07
25.533,1,131.13,152.47
83.133,108.73,130.07,185.53
143.93,237.8,269.8,310.33
19.133,246.33,83.133,297.53
45.8,242.07,269.8,344.47
147.13,87.4,276.2,178.07
165.27,1,294.33,51.133
141.8,284.73,279.4,331.67
13.8,245.27,70.333,299.67
19.133,174.87,82.067,241
43.667,260.2,127.93,333.8
113,147.13,275.13,246.33
99.133,247.4,161,358.33
157.8,345.53,287.93,451.13
36.2,257,287.93,401
104.47,1,273,146.07
49,1,92.733,55.4
104.47,1,302.87,95.933
62.867,76.733,105.53,185.53
104.47,1,169.53,69.267
237.8,335.93,307.13,511.93
219.67,247.4,292.2,327.4
163.13,353,287.93,430.87
67.133,1,183.4,180.2
88.467,316.73,140.73,383.93
25.533,1,100.2,199.4
43.667,280.47,127.93,333.8
111.93,31.933,165.27,75.667
14.867,182.33,99.133,249.53
141.8,284.73,299.67,380.73
56.467,45.8,110.87,151.4
12.733,239.93,69.267,287.93
212.2,226.07,276.2,273
313.53,19.133,370.07,61.8
124.73,92.733,216.47,171.67
136.47,100.2,182.33,141.8
17,266.6,125.8,367.93
138.6,319.93,282.6,377.53
212.2,107.67,273,150.33
173.8,98.067,263.4,146.07
53.267,71.4,106.6,213.27
171.67,376.47,300.73,447.93
286.87,49,372.2,162.07
13.8,245.27,58.6,296.47
177,1,300.73,54.333
149.27,155.67,273,199.4
104.47,1,169.53,41.533
153.53,345.53,300.73,433
133.27,355.13,300.73,450.07
1,1,49,84.2
134.33,31.933,301.8,181.27
13.8,245.27,125.8,351.93
138.6,319.93,280.47,377.53
99.133,182.33,168.47,358.33
122.6,39.4,276.2,146.07
154.6,317.8,231.4,373.27
146.07,157.8,274.07,230.33
177,39.4,276.2,146.07
37.267,274.07,114.07,318.87
204.73,47.933,278.33,91.667
150.33,9.5333,274.07,65
121.53,1,174.87,41.533
125.8,178.07,225,245.27
177,20.2,283.67,94.867
69.267,87.4,130.07,202.6
174.87,39.4,273,146.07
212.2,253.8,299.67,346.6
37.267,81,88.467,167.4
180.2,234.6,269.8,291.13
69.267,84.2,130.07,205.8
75.667,182.33,141.8,249.53
17,1,130.07,202.6
53.267,81,100.2,199.4
133.27,335.93,307.13,511.93
12.733,1,62.867,92.733
328.47,401,383.93,511.93
313.53,1,370.07,61.8
133.27,355.13,300.73,444.73
217.53,226.07,289,328.47
104.47,1,194.07,158.87
60.733,1,183.4,180.2
234.6,380.73,300.73,431.93
168.47,1,302.87,51.133
115.13,268.73,181.27,325.27
124.73,246.33,218.6,300.73
133.27,101.27,182.33,177
62.867,154.6,113,259.13
173.8,376.47,301.8,511.93
45.8,235.67,250.6,315.67
17,1,106.6,213.27
135.4,374.33,199.4,511.93
43.667,242.07,127.93,342.33
153.53,335.93,308.2,433
31.933,187.67,97,239.93
113,178.07,225,246.33
13.8,184.47,142.87,296.47
130.07,177,198.33,250.6
135.4,147.13,275.13,197.27
157.8,345.53,269.8,451.13
177,41.533,245.27,94.867
121.53,242.07,225,309.27
234.6,380.73,300.73,425.53
122.6,40.467,196.2,120.47
225,372.2,280.47,427.67
154.6,319.93,220.73,373.27
153.53,355.13,237.8,433
107.67,246.33,282.6,377.53
71.4,193,142.87,249.53
343.4,1,383.93,200.47
74.6,79.933,121.53,152.47
91.667,51.133,183.4,184.47
165.27,1,294.33,44.733
42.6,1,89.533,129
15.933,174.87,90.6,245.27
126.87,40.467,189.8,95.933
159.93,1,227.13,97
121.53,234.6,269.8,309.27
182.33,108.73,273,175.93
199.4,376.47,300.73,511.93
15.933,174.87,90.6,268.73
175.93,443.67,238.87,511.93
235.67,376.47,297.53,426.6
85.267,193,156.73,249.53
178.07,465,235.67,511.93
141.8,285.8,259.13,373.27
132.2,188.73,179.13,234.6
19.133,276.2,63.933,346.6
174.87,90.6,274.07,175.93
61.8,50.067,122.6,199.4
159.93,404.2,300.73,511.93
252.73,155.67,306.07,233.53
71.4,1,131.13,152.47
228.2,47.933,293.27,146.07
153.53,374.33,229.27,433
83.133,108.73,130.07,202.6
151.4,318.87,285.8,373.27
173.8,417,298.6,511.93
235.67,322.07,308.2,511.93
104.47,1,189.8,95.933
165.27,332.73,308.2,441.53
129,267.67,281.53,331.67
72.467,247.4,136.47,344.47
115.13,246.33,218.6,378.6
15.933,174.87,79.933,242.07
324.2,372.2,375.4,511.93
177,39.4,254.87,95.933
193,443.67,297.53,511.93
146.07,170.6,274.07,230.33
313.53,1,363.67,51.133
229.27,372.2,300.73,459.67
14.867,182.33,156.73,249.53
154.6,317.8,299.67,380.73
228.2,31.933,301.8,91.667
115.13,246.33,259.13,378.6
133.27,355.13,237.8,444.73
115.13,268.73,168.47,325.27
31.933,187.67,105.53,239.93
135.4,98.067,275.13,181.27
163.13,345.53,265.53,447.93
104.47,1,268.73,183.4
326.33,375.4,383.93,511.93
151.4,104.47,274.07,170.6
140.73,87.4,276.2,178.07
212.2,92.733,278.33,153.53
325.27,375.4,383.93,511.93
171.67,180.2,264.47,245.27
163.13,370.07,228.2,419.13
111.93,312.47,155.67,395.67
275.13,54.333,383.93,441.53
153.53,367.93,238.87,511.93
207.93,246.33,269.8,291.13
332.73,52.2,373.27,99.133
145,31.933,301.8,181.27
124.73,91.667,194.07,158.87
25.533,1,95.933,127.93
122.6,39.4,276.2,157.8
15.933,174.87,82.067,245.27
129,270.87,279.4,331.67
163.13,345.53,248.47,447.93
252.73,143.93,306.07,247.4
177,1,310.33,94.867
37.267,274.07,124.73,321
37.267,182.33,155.67,395.67
182.33,87.4,276.2,146.07
147.13,91.667,278.33,178.07
131.13,349.8,179.13,443.67
67.133,56.467,109.8,107.67
42.6,1,110.87,151.4
106.6,51.133,182.33,177
216.47,436.2,299.67,511.93
104.47,1,292.2,170.6
45.8,247.4,126.87,315.67
341.27,56.467,383.93,321
328.47,401,375.4,511.93
30.867,154.6,113,259.13
67.133,1,277.27,185.53
328.47,417,375.4,511.93
75.667,182.33,154.6,249.53
59.667,269.8,111.93,316.73
137.53,205.8,184.47,250.6
8.4667,183.4,55.4,279.4
149.27,155.67,273,245.27
31.933,187.67,106.6,255.93
229.27,404.2,299.67,459.67
204.73,31.933,301.8,90.6
124.73,92.733,183.4,171.67
126.87,84.2,182.33,177
131.13,374.33,179.13,443.67
225,31.933,301.8,87.4
124.73,92.733,205.8,171.67
34.067,78.867,88.467,167.4
104.47,1,147.13,57.533
138.6,312.47,282.6,377.53
47.933,1,93.8,54.333
143.93,40.467,228.2,95.933
145,92.733,278.33,181.27
37.267,155.67,84.2,197.27
225,1,305,87.4
115.13,263.4,181.27,378.6
37.267,1,107.67,203.67
328.47,399.93,383.93,511.93
136.47,100.2,274.07,170.6
76.733,1,156.73,188.73
115.13,246.33,267.67,325.27
14.867,198.33,68.2,249.53
250.6,376.47,301.8,511.93
166.33,376.47,234.6,441.53
141.8,306.07,227.13,373.27
111.93,31.933,196.2,159.93
111.93,1,169.53,69.267
71.4,1,213.27,152.47
204.73,47.933,276.2,88.467
158.87,369,228.2,419.13
227.13,252.73,294.33,334.87
66.067,206.87,106.6,255.93
13.8,198.33,67.133,249.53
18.067,1,107.67,203.67
18.067,1,100.2,199.4
209,104.47,274.07,152.47
23.4,281.53,69.267,360.47
163.13,353,287.93,424.47
212.2,253.8,294.33,335.93
37.267,269.8,106.6,317.8
163.13,343.4,307.13,511.93
15.933,197.27,69.267,245.27
98.067,235.67,210.07,297.53
175.93,404.2,267.67,511.93
124.73,91.667,180.2,159.93
216.47,289,282.6,335.93
231.4,34.067,292.2,82.067
43.667,242.07,127.93,333.8
168.47,31.933,292.2,91.667
91.667,141.8,146.07,185.53
170.6,291.13,259.13,343.4
67.133,1,285.8,185.53
29.8,175.93,97,245.27
122.6,39.4,276.2,173.8
43.667,279.4,127.93,333.8
124.73,91.667,173.8,158.87
226.07,332.73,299.67,381.8
259.13,111.93,303.93,163.13
153.53,306.07,220.73,346.6
37.267,154.6,153.53,321
104.47,1,213.27,76.733
131.13,374.33,177,443.67
216.47,445.8,279.4,486.33
129,257,281.53,331.67
330.6,188.73,383.93,435.13
244.2,343.4,307.13,511.93
129,257,225,309.27
177,404.2,267.67,478.87
71.4,184.47,142.87,249.53
104.47,1,227.13,95.933
269.8,1,310.33,57.533
51.133,274.07,114.07,318.87
23.4,264.47,83.133,360.47
99.133,247.4,140.73,329.53
143.93,40.467,196.2,95.933
177,440.47,238.87,483.13
37.267,279.4,111.93,319.93
177,440.47,238.87,511.93
138.6,319.93,179.13,396.73
165.27,376.47,229.27,431.93
59.667,279.4,124.73,321
135.4,444.73,177,511.93
235.67,376.47,298.6,438.33
126.87,315.67,172.73,405.27
157.8,345.53,269.8,447.93
14.867,182.33,276.2,273
255.93,143.93,306.07,247.4
17,1,58.6,81
163.13,370.07,246.33,419.13
67.133,1,276.2,185.53
42.6,1,95.933,77.8
59.667,247.4,136.47,344.47
42.6,1,93.8,168.47
90.6,93.8,131.13,179.13
234.6,376.47,300.73,425.53
154.6,319.93,220.73,369
159.93,39.4,227.13,97
177,376.47,248.47,511.93
203.67,39.4,277.27,88.467
138.6,319.93,179.13,377.53
61.8,50.067,106.6,164.2
136.47,1,189.8,95.933
12.733,243.13,57.533,287.93
45.8,242.07,244.2,344.47
45.8,247.4,136.47,344.47
184.47,237.8,294.33,334.87
50.067,13.8,92.733,139.67
37.267,274.07,116.2,318.87
115.13,263.4,181.27,309.27
59.667,248.47,111.93,316.73
104.47,1,223.93,158.87
129,257,209,301.8
141.8,318.87,227.13,373.27
52.2,154.6,113,280.47
235.67,373.27,301.8,426.6
235.67,376.47,301.8,426.6
231.4,372.2,300.73,428.73
168.47,41.533,228.2,94.867
131.13,374.33,300.73,447.93
177,35.133,279.4,94.867
50.067,13.8,93.8,149.27
155.67,101.27,196.2,151.4
234.6,117.27,278.33,178.07
37.267,243.13,155.67,395.67
197.27,87.4,276.2,146.07
124.73,39.4,194.07,159.93
91.667,58.6,183.4,184.47
107.67,229.27,250.6,271.93
85.267,193,142.87,249.53
119.4,1,169.53,41.533
13.8,245.27,58.6,299.67
200.47,90.6,273,146.07
56.467,49,107.67,203.67
332.73,388.2,383.93,511.93
99.133,247.4,155.67,395.67
341.27,188.73,383.93,321
137.53,203.67,271.93,250.6
174.87,90.6,273,146.07
17,1,61.8,92.733
203.67,429.8,299.67,491.67
104.47,1,254.87,158.87
225,18.067,305,87.4
332.73,399.93,383.93,511.93
138.6,319.93,259.13,373.27
254.87,31.933,301.8,82.067
104.47,1,268.73,158.87
19.133,250.6,83.133,297.53
111.93,33,165.27,75.667
216.47,436.2,299.67,486.33
42.6,1,97,155.67
47.933,29.8,97,155.67
341.27,216.47,383.93,321
111.93,268.73,179.13,396.73
47.933,29.8,102.33,190.87
177,420.2,231.4,478.87
153.53,353,229.27,433
211.13,91.667,278.33,178.07
195.13,354.07,284.73,427.67
225,31.933,301.8,82.067
119.4,1,193,97
27.667,271.93,70.333,317.8
67.133,1,213.27,185.53
165.27,369,229.27,415.93
174.87,345.53,226.07,399.93
115.13,268.73,179.13,396.73
13.8,245.27,57.533,296.47
180.2,41.533,228.2,94.867
155.67,101.27,262.33,157.8
253.8,454.33,298.6,499.13
113,216.47,276.2,273
103.4,311.4,163.13,393.53
151.4,319.93,259.13,373.27
136.47,229.27,250.6,271.93
17,1,58.6,90.6
343.4,1,383.93,171.67
51.133,81,91.667,186.6
204.73,47.933,275.13,88.467
104.47,221.8,181.27,276.2
189.8,376.47,234.6,426.6
104.47,1,155.67,75.667
171.67,376.47,248.47,511.93
228.2,83.133,278.33,146.07
153.53,289,282.6,356.2
143.93,31.933,301.8,95.933
51.133,81,106.6,213.27
115.13,268.73,226.07,325.27
171.67,376.47,246.33,447.93
232.47,91.667,278.33,178.07
227.13,203.67,271.93,246.33
194.07,31.933,301.8,94.867
182.33,98.067,254.87,146.07
182.33,100.2,257,146.07
167.4,87.4,276.2,151.4
219.67,353,265.53,397.8
165.27,379.67,229.27,431.93
177,39.4,254.87,94.867
25.533,1,66.067,93.8
124.73,91.667,180.2,158.87
153.53,376.47,248.47,511.93
115.13,268.73,170.6,331.67
37.267,247.4,155.67,395.67
153.53,353,284.73,433
45.8,247.4,148.2,344.47
169.53,100.2,210.07,151.4
154.6,319.93,280.47,369
159.93,353,228.2,399.93
99.133,182.33,153.53,248.47
225,371.13,280.47,427.67
47.933,18.067,97,155.67
203.67,376.47,299.67,491.67
178.07,41.533,228.2,94.867
106.6,51.133,169.53,157.8
200.47,376.47,248.47,441.53
99.133,200.47,153.53,248.47
104.47,9.5333,158.87,68.2
104.47,1,158.87,68.2
235.67,376.47,297.53,419.13
67.133,56.467,108.73,105.53
29.8,182.33,99.133,245.27
115.13,268.73,243.13,325.27
151.4,319.93,227.13,373.27
154.6,319.93,235.67,369
104.47,1,179.13,68.2
341.27,238.87,383.93,321
62.867,76.733,107.67,203.67
59.667,280.47,122.6,323.13
104.47,1,213.27,68.2
51.133,81,91.667,175.93
101.27,141.8,146.07,184.47
195.13,354.07,283.67,427.67
227.13,252.73,289,317.8
43.667,54.333,100.2,199.4
101.27,141.8,183.4,184.47
59.667,280.47,127.93,329.53
179.13,355.13,225,397.8
180.2,41.533,245.27,94.867
341.27,246.33,383.93,321
