161,1,226.07,69.267
152.47,166.33,322.07,290.07
143.93,284.73,357.27,511.93
1,1,178.07,511.93
94.867,1,237.8,184.47
95.933,1,383.93,393.53
103.4,212.2,383.93,511.93
1,1,383.93,511.93
137.53,277.27,383.93,511.93
191.93,1,383.93,345.53
1,1,159.93,511.93
1,1,180.2,511.93
172.73,277.27,383.93,511.93
106.6,1,237.8,171.67
100.2,1,383.93,511.93
95.933,1,383.93,511.93
166.33,411.67,353,511.93
189.8,1,383.93,421.27
109.8,1,383.93,314.6
270.87,402.07,383.93,511.93
100.2,369,178.07,511.93
148.2,124.73,322.07,290.07
106.6,1,299.67,422.33
103.4,1,383.93,511.93
207.93,1,383.93,134.33
267.67,378.6,327.4,430.87
105.53,300.73,383.93,511.93
187.67,1,383.93,451.13
147.13,322.07,223.93,422.33
276.2,152.47,371.13,220.73
105.53,1,383.93,511.93
95.933,38.333,265.53,225
105.53,212.2,383.93,511.93
1,1,292.2,511.93
98.067,1,383.93,511.93
187.67,198.33,383.93,371.13
148.2,407.4,197.27,469.27
317.8,317.8,383.93,397.8
218.6,118.33,291.13,201.53
270.87,397.8,383.93,511.93
104.47,1,383.93,511.93
1,1,261.27,511.93
106.6,1,291.13,234.6
93.8,1,383.93,511.93
195.13,1,383.93,451.13
237.8,315.67,383.93,445.8
190.87,169.53,329.53,342.33
106.6,1,383.93,422.33
141.8,212.2,230.33,466.07
200.47,301.8,246.33,390.33
94.867,1,383.93,458.6
187.67,198.33,383.93,451.13
147.13,172.73,299.67,422.33
198.33,76.733,291.13,191.93
95.933,60.733,265.53,248.47
103.4,287.93,383.93,511.93
249.53,186.6,374.33,249.53
189.8,203.67,324.2,370.07
161,1,383.93,205.8
106.6,47.933,261.27,223.93
189.8,207.93,268.73,275.13
109.8,1,383.93,178.07
104.47,1,187.67,92.733
98.067,367.93,383.93,511.93
191.93,1,383.93,370.07
333.8,455.4,383.93,511.93
109.8,1,261.27,241
148.2,129,201.53,241
202.6,1,383.93,220.73
109.8,1,261.27,374.33
189.8,191.93,364.73,370.07
99.133,221.8,383.93,511.93
270.87,456.47,347.67,511.93
193,1,383.93,370.07
95.933,1,383.93,248.47
95.933,60.733,238.87,140.73
100.2,222.87,383.93,511.93
193,1,383.93,345.53
95.933,1,265.53,225
190.87,171.67,261.27,216.47
148.2,123.67,291.13,234.6
93.8,327.4,383.93,511.93
151.4,345.53,357.27,503.4
152.47,94.867,226.07,156.73
189.8,76.733,236.73,140.73
136.47,47.933,234.6,118.33
209,1,383.93,333.8
137.53,287.93,383.93,511.93
157.8,172.73,216.47,223.93
1,1,172.73,511.93
149.27,166.33,252.73,223.93
196.2,207.93,268.73,275.13
106.6,47.933,234.6,121.53
137.53,396.73,236.73,511.93
191.93,222.87,252.73,275.13
167.4,327.4,383.93,511.93
141.8,395.67,187.67,447.93
105.53,345.53,357.27,511.93
190.87,163.13,270.87,254.87
239.93,312.47,383.93,477.8
140.73,212.2,230.33,471.4
94.867,1,270.87,458.6
152.47,76.733,236.73,168.47
105.53,274.07,383.93,511.93
328.47,277.27,383.93,402.07
149.27,123.67,265.53,248.47
206.87,1,383.93,332.73
321,120.47,383.93,184.47
245.27,72.467,383.93,314.6
319.93,133.27,383.93,183.4
95.933,1,265.53,381.8
244.2,159.93,291.13,206.87
94.867,1,292.2,370.07
172.73,438.33,310.33,511.93
145,360.47,357.27,511.93
137.53,212.2,236.73,494.87
279.4,101.27,383.93,205.8
126.87,1,202.6,82.067
198.33,226.07,328.47,330.6
190.87,161,383.93,393.53
202.6,1,383.93,198.33
266.6,206.87,383.93,332.73
173.8,1,343.4,177
193,198.33,249.53,241
215.4,238.87,323.13,290.07
276.2,145,319.93,201.53
191.93,1,383.93,335.93
106.6,70.333,237.8,171.67
193,101.27,383.93,345.53
189.8,120.47,383.93,421.27
95.933,38.333,252.73,225
141.8,365.8,198.33,466.07
148.2,72.467,383.93,314.6
99.133,221.8,198.33,511.93
141.8,396.73,188.73,458.6
216.47,1,343.4,94.867
172.73,455.4,300.73,511.93
104.47,284.73,357.27,511.93
161,1,222.87,69.267
218.6,345.53,299.67,413.8
180.2,300.73,383.93,440.47
171.67,446.87,220.73,508.73
198.33,198.33,383.93,308.2
143.93,360.47,357.27,511.93
149.27,166.33,252.73,248.47
306.07,133.27,383.93,281.53
100.2,463.93,152.47,511.93
174.87,367.93,339.13,451.13
137.53,300.73,348.73,511.93
95.933,38.333,228.2,122.6
225,1,383.93,332.73
260.2,284.73,383.93,421.27
105.53,274.07,357.27,511.93
215.4,137.53,300.73,206.87
152.47,111.93,226.07,168.47
137.53,300.73,383.93,511.93
318.87,263.4,383.93,397.8
191.93,143.93,291.13,206.87
270.87,455.4,383.93,511.93
266.6,120.47,383.93,332.73
221.8,131.13,302.87,219.67
200.47,277.27,383.93,477.8
218.6,57.533,273,136.47
147.13,275.13,234.6,422.33
106.6,1,261.27,223.93
300.73,108.73,351.93,151.4
172.73,312.47,383.93,511.93
133.27,367.93,383.93,511.93
237.8,314.6,383.93,477.8
136.47,223.93,198.33,494.87
168.47,187.67,217.53,388.2
213.27,342.33,287.93,411.67
206.87,1,260.2,101.27
106.6,1,261.27,412.73
149.27,74.6,254.87,222.87
167.4,327.4,297.53,478.87
239.93,233.53,306.07,290.07
225,1,383.93,198.33
191.93,184.47,322.07,290.07
279.4,245.27,362.6,314.6
218.6,1,383.93,134.33
172.73,455.4,310.33,511.93
152.47,75.667,239.93,168.47
148.2,223.93,207.93,412.73
173.8,38.333,276.2,177
152.47,166.33,252.73,241
206.87,1,266.6,158.87
166.33,455.4,297.53,511.93
162.07,1,226.07,69.267
201.53,417,289,458.6
147.13,284.73,223.93,422.33
136.47,212.2,230.33,492.73
172.73,438.33,290.07,511.93
207.93,1,310.33,90.6
178.07,222.87,221.8,370.07
151.4,367.93,357.27,503.4
209,1,383.93,202.6
105.53,275.13,357.27,511.93
152.47,111.93,221.8,168.47
244.2,193,326.33,241
152.47,124.73,322.07,290.07
159.93,1,216.47,61.8
94.867,1,186.6,119.4
220.73,184.47,322.07,238.87
218.6,57.533,266.6,136.47
229.27,446.87,290.07,506.6
296.47,183.4,383.93,317.8
218.6,1,332.73,134.33
287.93,413.8,383.93,511.93
190.87,417,293.27,459.67
207.93,1,329.53,168.47
152.47,1,234.6,105.53
134.33,17,237.8,184.47
145,414.87,289,511.93
252.73,226.07,315.67,290.07
100.2,222.87,219.67,511.93
109.8,1,266.6,178.07
126.87,1,226.07,82.067
225,1,383.93,97
104.47,1,174.87,92.733
167.4,342.33,297.53,459.67
152.47,69.267,238.87,168.47
221.8,131.13,371.13,220.73
235.67,233.53,314.6,290.07
159.93,1,226.07,61.8
226.07,315.67,293.27,385
239.93,467.13,283.67,511.93
202.6,1,269.8,166.33
164.2,166.33,252.73,213.27
171.67,397.8,383.93,511.93
109.8,44.733,266.6,178.07
104.47,284.73,383.93,511.93
196.2,203.67,328.47,330.6
157.8,172.73,217.53,388.2
215.4,226.07,323.13,292.2
333.8,413.8,383.93,511.93
276.2,152.47,348.73,198.33
148.2,123.67,197.27,215.4
246.33,1,338.07,60.733
130.07,123.67,270.87,458.6
253.8,360.47,295.4,407.4
174.87,374.33,339.13,451.13
285.8,413.8,348.73,470.33
260.2,120.47,383.93,421.27
260.2,313.53,383.93,421.27
275.13,1,383.93,156.73
140.73,275.13,234.6,488.47
109.8,53.267,238.87,162.07
211.13,276.2,383.93,451.13
212.2,108.73,276.2,177
159.93,212.2,230.33,394.6
196.2,171.67,270.87,254.87
189.8,207.93,324.2,370.07
139.67,212.2,230.33,475.67
273,404.2,383.93,511.93
136.47,221.8,198.33,494.87
279.4,152.47,319.93,196.2
333.8,201.53,383.93,281.53
147.13,345.53,299.67,422.33
266.6,465,310.33,511.93
93.8,378.6,283.67,511.93
236.73,278.33,362.6,371.13
105.53,417,296.47,511.93
143.93,394.6,197.27,450.07
321,466.07,383.93,511.93
133.27,395.67,284.73,511.93
95.933,60.733,236.73,140.73
154.6,75.667,237.8,168.47
317.8,284.73,383.93,397.8
202.6,1,260.2,101.27
147.13,163.13,270.87,422.33
315.67,219.67,361.53,261.27
333.8,249.53,383.93,293.27
273,438.33,366.87,511.93
179.13,125.8,291.13,200.47
207.93,1,383.93,225
220.73,315.67,378.6,426.6
133.27,367.93,339.13,511.93
134.33,1,237.8,184.47
140.73,363.67,198.33,471.4
150.33,75.667,261.27,223.93
218.6,118.33,275.13,168.47
174.87,102.33,234.6,171.67
172.73,143.93,291.13,234.6
152.47,189.8,231.4,241
137.53,212.2,230.33,494.87
109.8,47.933,238.87,241
306.07,133.27,383.93,235.67
134.33,60.733,237.8,184.47
238.87,175.93,383.93,332.73
156.73,350.87,234.6,415.93
141.8,222.87,219.67,466.07
94.867,1,191.93,119.4
282.6,22.333,343.4,91.667
211.13,265.53,324.2,370.07
171.67,417,296.47,508.73
216.47,1,343.4,91.667
204.73,265.53,324.2,370.07
114.07,47.933,292.2,222.87
231.4,1,329.53,168.47
171.67,17,222.87,72.467
298.6,436.2,383.93,511.93
331.67,414.87,383.93,473.53
177,187.67,217.53,367.93
343.4,284.73,383.93,329.53
141.8,225,198.33,466.07
141.8,363.67,198.33,466.07
323.13,1,383.93,172.73
109.8,47.933,261.27,241
239.93,314.6,383.93,477.8
273,397.8,383.93,511.93
147.13,367.93,191.93,422.33
148.2,123.67,189.8,215.4
213.27,118.33,292.2,214.33
202.6,1,383.93,166.33
228.2,446.87,281.53,501.27
198.33,226.07,313.53,330.6
292.2,404.2,357.27,465
191.93,94.867,383.93,335.93
263.4,282.6,360.47,326.33
152.47,76.733,237.8,168.47
298.6,1,383.93,120.47
202.6,1,305,193
165.27,171.67,252.73,225
141.8,275.13,234.6,447.93
327.4,1,383.93,76.733
152.47,111.93,215.4,166.33
171.67,170.6,254.87,222.87
202.6,189.8,261.27,234.6
189.8,350.87,234.6,411.67
152.47,75.667,238.87,168.47
201.53,417,293.27,459.67
137.53,287.93,329.53,511.93
195.13,378.6,236.73,433
273,401,383.93,511.93
223.93,404.2,296.47,459.67
338.07,344.47,383.93,393.53
114.07,47.933,292.2,370.07
298.6,413.8,383.93,511.93
191.93,184.47,371.13,326.33
209,1,257,102.33
180.2,300.73,327.4,431.93
328.47,335.93,383.93,402.07
316.73,175.93,370.07,235.67
125.8,47.933,238.87,241
245.27,183.4,383.93,393.53
105.53,395.67,353,511.93
218.6,282.6,380.73,335.93
190.87,467.13,283.67,511.93
244.2,159.93,300.73,206.87
270.87,413.8,383.93,511.93
328.47,334.87,383.93,393.53
141.8,223.93,219.67,466.07
140.73,38.333,228.2,122.6
94.867,1,226.07,106.6
106.6,47.933,234.6,118.33
316.73,175.93,383.93,235.67
145,360.47,297.53,511.93
341.27,335.93,383.93,402.07
193,101.27,383.93,335.93
206.87,254.87,296.47,311.4
141.8,396.73,188.73,438.33
105.53,417,253.8,511.93
289,414.87,357.27,491.67
125.8,89.533,171.67,130.07
106.6,70.333,222.87,118.33
147.13,49,222.87,116.2
343.4,277.27,383.93,343.4
177,171.67,261.27,222.87
245.27,94.867,348.73,206.87
297.53,241,362.6,308.2
218.6,277.27,383.93,402.07
190.87,161,329.53,342.33
270.87,133.27,383.93,314.6
343.4,277.27,383.93,345.53
248.47,60.733,332.73,172.73
191.93,184.47,322.07,275.13
321,467.13,383.93,511.93
297.53,10.6,379.67,92.733
200.47,277.27,383.93,402.07
207.93,1,383.93,203.67
154.6,455.4,297.53,511.93
170.6,172.73,216.47,213.27
150.33,75.667,259.13,189.8
109.8,60.733,156.73,113
218.6,345.53,299.67,401
168.47,275.13,213.27,411.67
217.53,113,268.73,158.87
218.6,345.53,264.47,401
331.67,467.13,383.93,511.93
221.8,233.53,285.8,285.8
141.8,363.67,198.33,458.6
238.87,226.07,286.87,273
197.27,411.67,353,502.33
148.2,123.67,201.53,241
301.8,367.93,378.6,426.6
250.6,74.6,329.53,168.47
296.47,183.4,383.93,334.87
189.8,203.67,383.93,421.27
173.8,124.73,291.13,200.47
149.27,166.33,265.53,248.47
245.27,290.07,328.47,335.93
206.87,233.53,354.07,311.4
273,402.07,383.93,511.93
219.67,108.73,266.6,166.33
190.87,259.13,249.53,342.33
218.6,54.333,263.4,103.4
330.6,284.73,380.73,329.53
179.13,125.8,239.93,166.33
191.93,222.87,314.6,290.07
184.47,417,242.07,458.6
209,1,269.8,141.8
251.67,226.07,313.53,287.93
171.67,417,242.07,508.73
106.6,70.333,237.8,118.33
206.87,263.4,296.47,311.4
163.13,395.67,216.47,477.8
257,131.13,305,193
148.2,412.73,197.27,469.27
263.4,282.6,380.73,329.53
106.6,70.333,237.8,156.73
166.33,74.6,254.87,222.87
164.2,212.2,230.33,389.27
162.07,1,205.8,69.267
318.87,331.67,383.93,397.8
252.73,226.07,318.87,290.07
285.8,67.133,332.73,135.4
329.53,455.4,383.93,511.93
198.33,258.07,362.6,371.13
130.07,213.27,179.13,458.6
239.93,233.53,314.6,290.07
253.8,360.47,297.53,407.4
245.27,72.467,383.93,206.87
215.4,148.2,261.27,214.33
276.2,263.4,383.93,451.13
173.8,1,276.2,177
195.13,417,253.8,457.53
197.27,446.87,300.73,502.33
143.93,394.6,216.47,511.93
301.8,120.47,383.93,235.67
171.67,417,253.8,508.73
296.47,402.07,383.93,473.53
189.8,75.667,237.8,141.8
215.4,146.07,261.27,214.33
339.13,92.733,383.93,212.2
220.73,315.67,383.93,440.47
152.47,69.267,252.73,225
218.6,284.73,310.33,335.93
143.93,378.6,283.67,511.93
172.73,461.8,253.8,511.93
248.47,60.733,383.93,212.2
147.13,284.73,287.93,422.33
325.27,77.8,377.53,141.8
163.13,414.87,216.47,477.8
202.6,449,281.53,497
343.4,201.53,383.93,252.73
190.87,164.2,270.87,254.87
213.27,342.33,282.6,392.47
204.73,159.93,291.13,206.87
278.33,397.8,383.93,497
137.53,223.93,198.33,494.87
146.07,47.933,238.87,118.33
154.6,75.667,237.8,141.8
321,77.8,377.53,170.6
173.8,1,383.93,205.8
343.4,1,383.93,62.867
212.2,116.2,276.2,170.6
170.6,177,221.8,364.73
148.2,129,201.53,213.27
172.73,75.667,237.8,171.67
259.13,374.33,339.13,451.13
201.53,417,293.27,458.6
146.07,395.67,187.67,447.93
319.93,89.533,383.93,183.4
172.73,446.87,290.07,511.93
152.47,94.867,225,156.73
162.07,1,222.87,69.267
190.87,367.93,297.53,459.67
245.27,133.27,383.93,335.93
247.4,435.13,296.47,478.87
278.33,378.6,331.67,439.4
156.73,345.53,299.67,415.93
173.8,124.73,221.8,168.47
206.87,1,300.73,206.87
147.13,60.733,237.8,184.47
189.8,44.733,266.6,178.07
136.47,47.933,222.87,118.33
213.27,118.33,291.13,214.33
198.33,97,291.13,191.93
282.6,218.6,360.47,270.87
273,438.33,341.27,511.93
178.07,449,284.73,511.93
212.2,254.87,310.33,335.93
125.8,89.533,201.53,241
206.87,1,257,101.27
223.93,404.2,296.47,478.87
325.27,77.8,383.93,172.73
215.4,88.467,274.07,163.13
207.93,1,383.93,183.4
204.73,226.07,324.2,370.07
198.33,108.73,291.13,191.93
212.2,108.73,266.6,177
191.93,143.93,291.13,234.6
166.33,82.067,225,140.73
245.27,94.867,383.93,252.73
167.4,327.4,297.53,484.2
231.4,1,343.4,91.667
237.8,315.67,378.6,426.6
316.73,402.07,383.93,473.53
133.27,395.67,201.53,511.93
315.67,1,383.93,172.73
200.47,1,343.4,94.867
328.47,317.8,383.93,397.8
338.07,334.87,383.93,393.53
193,169.53,329.53,311.4
276.2,403.13,383.93,511.93
167.4,342.33,282.6,412.73
300.73,89.533,383.93,156.73
167.4,327.4,297.53,459.67
136.47,1,202.6,76.733
250.6,83.133,329.53,168.47
221.8,411.67,353,470.33
220.73,315.67,293.27,385
275.13,1,383.93,184.47
149.27,166.33,201.53,223.93
202.6,414.87,357.27,503.4
147.13,275.13,213.27,422.33
243.13,278.33,362.6,371.13
343.4,291.13,383.93,343.4
146.07,53.267,238.87,115.13
114.07,47.933,222.87,116.2
220.73,184.47,326.33,241
319.93,89.533,383.93,203.67
147.13,177,221.8,422.33
146.07,53.267,238.87,162.07
163.13,75.667,237.8,171.67
213.27,171.67,261.27,214.33
202.6,449,300.73,503.4
215.4,88.467,305,193
204.73,281.53,246.33,369
114.07,47.933,254.87,222.87
189.8,199.4,268.73,275.13
191.93,184.47,371.13,335.93
105.53,396.73,236.73,511.93
300.73,72.467,383.93,156.73
166.33,74.6,237.8,140.73
193,133.27,383.93,335.93
195.13,203.67,328.47,330.6
249.53,186.6,312.47,228.2
257,131.13,305,172.73
250.6,95.933,312.47,168.47
300.73,108.73,357.27,151.4
147.13,60.733,236.73,140.73
278.33,378.6,339.13,451.13
221.8,60.733,383.93,220.73
238.87,191.93,345.53,247.4
243.13,297.53,362.6,371.13
274.07,67.133,332.73,135.4
324.2,69.267,383.93,145
167.4,322.07,223.93,417
190.87,170.6,270.87,254.87
231.4,465,310.33,511.93
316.73,120.47,383.93,235.67
237.8,413.8,335.93,458.6
166.33,137.53,234.6,184.47
212.2,274.07,310.33,335.93
217.53,171.67,261.27,214.33
141.8,223.93,198.33,466.07
191.93,222.87,285.8,287.93
193,207.93,329.53,268.73
195.13,203.67,383.93,451.13
189.8,191.93,364.73,275.13
143.93,394.6,187.67,438.33
165.27,189.8,252.73,248.47
179.13,125.8,239.93,168.47
297.53,206.87,383.93,308.2
130.07,123.67,180.2,458.6
289,170.6,381.8,241
197.27,438.33,311.4,502.33
221.8,411.67,348.73,470.33
247.4,278.33,323.13,332.73
230.33,351.93,274.07,413.8
220.73,169.53,329.53,241
146.07,47.933,238.87,115.13
147.13,47.933,222.87,116.2
213.27,146.07,261.27,214.33
170.6,177,221.8,370.07
279.4,146.07,321,199.4
243.13,238.87,312.47,283.67
250.6,1,383.93,205.8
315.67,68.2,383.93,203.67
248.47,60.733,383.93,333.8
245.27,94.867,383.93,281.53
146.07,38.333,228.2,117.27
137.53,300.73,284.73,511.93
206.87,265.53,275.13,311.4
234.6,184.47,322.07,229.27
151.4,82.067,212.2,158.87
215.4,236.73,275.13,292.2
187.67,258.07,362.6,371.13
278.33,334.87,383.93,451.13
220.73,1,310.33,90.6
152.47,111.93,221.8,166.33
215.4,238.87,323.13,292.2
215.4,238.87,315.67,290.07
190.87,404.2,293.27,459.67
195.13,198.33,249.53,238.87
171.67,428.73,234.6,508.73
194.07,378.6,278.33,433
212.2,57.533,276.2,170.6
259.13,374.33,337,430.87
104.47,1,163.13,92.733
339.13,163.13,383.93,205.8
291.13,456.47,347.67,500.2
230.33,348.73,299.67,413.8
217.53,113,274.07,163.13
146.07,365.8,198.33,438.33
257,1,333.8,134.33
248.47,318.87,378.6,426.6
238.87,191.93,383.93,332.73
315.67,217.53,383.93,261.27
193,221.8,275.13,311.4
149.27,69.267,254.87,222.87
151.4,75.667,237.8,162.07
190.87,259.13,245.27,342.33
257,1,383.93,134.33
201.53,233.53,354.07,317.8
189.8,47.933,266.6,178.07
193,221.8,301.8,268.73
193,221.8,329.53,311.4
147.13,375.4,193,422.33
151.4,367.93,339.13,494.87
211.13,453.27,310.33,502.33
172.73,75.667,237.8,140.73
105.53,395.67,236.73,511.93
211.13,289,262.33,371.13
292.2,418.07,357.27,465
150.33,75.667,259.13,186.6
225,1,358.33,198.33
263.4,202.6,371.13,326.33
189.8,47.933,263.4,103.4
196.2,219.67,268.73,275.13
150.33,75.667,237.8,171.67
220.73,172.73,329.53,241
149.27,138.6,265.53,248.47
152.47,75.667,237.8,168.47
231.4,435.13,296.47,478.87
248.47,318.87,337,394.6
222.87,238.87,275.13,311.4
150.33,75.667,261.27,222.87
165.27,167.4,252.73,225
189.8,207.93,275.13,292.2
94.867,1,187.67,106.6
319.93,69.267,383.93,183.4
300.73,89.533,383.93,151.4
170.6,76.733,236.73,140.73
270.87,202.6,371.13,314.6
190.87,170.6,254.87,213.27
172.73,461.8,290.07,511.93
159.93,138.6,261.27,179.13
141.8,365.8,198.33,451.13
278.33,438.33,351.93,497
146.07,395.67,201.53,494.87
278.33,402.07,383.93,497
189.8,213.27,268.73,275.13
215.4,164.2,261.27,214.33
206.87,238.87,322.07,311.4
295.4,245.27,362.6,314.6
333.8,467.13,383.93,511.93
257,378.6,327.4,431.93
204.73,143.93,291.13,206.87
296.47,250.6,362.6,317.8
137.53,396.73,231.4,511.93
248.47,60.733,370.07,220.73
340.2,334.87,383.93,393.53
206.87,1,259.13,123.67
237.8,315.67,380.73,445.8
147.13,60.733,237.8,107.67
218.6,89.533,266.6,178.07
260.2,249.53,315.67,290.07
215.4,236.73,275.13,285.8
328.47,317.8,383.93,393.53
106.6,70.333,173.8,118.33
218.6,345.53,276.2,401
298.6,423.4,383.93,511.93
316.73,428.73,383.93,473.53
151.4,101.27,191.93,158.87
213.27,358.33,274.07,411.67
317.8,332.73,383.93,393.53
306.07,170.6,383.93,252.73
198.33,146.07,291.13,191.93
242.07,155.67,329.53,210.07
211.13,404.2,357.27,502.33
261.27,1,383.93,83.133
198.33,226.07,301.8,271.93
193,199.4,243.13,241
206.87,258.07,275.13,312.47
202.6,1,269.8,158.87
279.4,133.27,383.93,257
278.33,22.333,322.07,85.267
202.6,449,284.73,511.93
228.2,446.87,300.73,502.33
195.13,146.07,291.13,200.47
324.2,337,383.93,393.53
243.13,238.87,322.07,290.07
278.33,359.4,383.93,451.13
250.6,74.6,383.93,205.8
143.93,363.67,198.33,423.4
314.6,402.07,383.93,473.53
321,77.8,383.93,212.2
231.4,1,297.53,90.6
146.07,38.333,228.2,82.067
327.4,1,383.93,89.533
245.27,284.73,383.93,393.53
189.8,191.93,345.53,275.13
219.67,108.73,266.6,178.07
218.6,345.53,274.07,401
182.33,94.867,225,139.67
217.53,113,266.6,158.87
174.87,378.6,294.33,439.4
191.93,222.87,285.8,285.8
248.47,345.53,301.8,394.6
306.07,170.6,381.8,235.67
143.93,394.6,283.67,511.93
321,402.07,383.93,473.53
193,259.13,245.27,342.33
149.27,76.733,195.13,124.73
255.93,123.67,300.73,168.47
230.33,266.6,345.53,330.6
250.6,95.933,300.73,168.47
104.47,1,186.6,92.733
190.87,453.27,283.67,511.93
190.87,172.73,243.13,213.27
278.33,318.87,349.8,374.33
329.53,337,383.93,393.53
147.13,60.733,237.8,158.87
249.53,186.6,383.93,314.6
204.73,152.47,291.13,206.87
341.27,1,383.93,51.133
239.93,233.53,285.8,274.07
198.33,226.07,318.87,330.6
235.67,345.53,278.33,404.2
249.53,342.33,348.73,470.33
197.27,443.67,311.4,502.33
327.4,1,375.4,76.733
133.27,417,253.8,511.93
167.4,350.87,223.93,412.73
193,233.53,354.07,342.33
220.73,1,332.73,134.33
279.4,101.27,383.93,198.33
206.87,238.87,354.07,311.4
225,1,311.4,87.4
246.33,1,383.93,89.533
324.2,69.267,383.93,149.27
225,1,300.73,87.4
94.867,73.533,162.07,119.4
204.73,281.53,253.8,369
187.67,274.07,262.33,371.13
149.27,363.67,198.33,406.33
220.73,203.67,270.87,248.47
337,371.13,383.93,440.47
197.27,438.33,281.53,501.27
269.8,22.333,343.4,91.667
324.2,89.533,383.93,147.13
195.13,378.6,260.2,433
285.8,74.6,332.73,125.8
213.27,349.8,274.07,411.67
278.33,263.4,383.93,451.13
257,1,332.73,134.33
195.13,378.6,278.33,433
249.53,345.53,348.73,470.33
206.87,233.53,354.07,317.8
212.2,57.533,329.53,225
236.73,278.33,383.93,451.13
212.2,89.533,276.2,177
321,120.47,383.93,202.6
341.27,51.133,383.93,97
212.2,57.533,329.53,210.07
303.93,413.8,348.73,461.8
221.8,131.13,302.87,172.73
280.47,359.4,383.93,424.47
315.67,193,383.93,284.73
231.4,1,310.33,90.6
278.33,22.333,343.4,91.667
215.4,258.07,264.47,330.6
212.2,126.87,264.47,177
296.47,193,383.93,317.8
193,275.13,245.27,342.33
218.6,118.33,284.73,185.53
321,436.2,383.93,511.93
321,120.47,383.93,183.4
245.27,284.73,333.8,335.93
197.27,342.33,348.73,502.33
339.13,273,383.93,337
249.53,345.53,291.13,386.07
237.8,315.67,378.6,445.8
215.4,89.533,269.8,158.87
211.13,321,262.33,371.13
215.4,249.53,315.67,290.07
339.13,273,383.93,353
278.33,318.87,337,374.33
196.2,203.67,270.87,248.47
324.2,89.533,383.93,149.27
251.67,226.07,313.53,271.93
145,450.07,196.2,511.93
146.07,395.67,187.67,438.33
145,459.67,189.8,511.93
225,1,358.33,90.6
276.2,334.87,383.93,451.13
316.73,51.133,383.93,202.6
143.93,394.6,216.47,477.8
330.6,1,383.93,83.133
316.73,51.133,379.67,92.733
245.27,284.73,380.73,343.4
324.2,1,383.93,149.27
339.13,263.4,383.93,325.27
243.13,307.13,362.6,371.13
204.73,277.27,245.27,341.27
215.4,89.533,269.8,133.27
326.33,120.47,383.93,183.4
321,414.87,383.93,473.53
297.53,1,383.93,97
249.53,186.6,383.93,333.8
147.13,60.733,188.73,110.87
202.6,449,284.73,503.4
248.47,342.33,348.73,470.33
334.87,69.267,383.93,118.33
289,438.33,351.93,491.67
174.87,374.33,337,439.4
196.2,171.67,270.87,248.47
290.07,404.2,383.93,511.93
213.27,358.33,267.67,411.67
197.27,443.67,300.73,502.33
331.67,264.47,380.73,329.53
168.47,322.07,213.27,417
221.8,342.33,348.73,470.33
249.53,345.53,327.4,430.87
312.47,152.47,370.07,220.73
212.2,111.93,276.2,170.6
244.2,226.07,301.8,271.93
151.4,436.2,201.53,494.87
218.6,58.6,266.6,136.47
143.93,394.6,187.67,451.13
249.53,198.33,337,260.2
209,1,358.33,141.8
198.33,258.07,345.53,330.6
235.67,345.53,327.4,431.93
245.27,290.07,310.33,335.93
212.2,116.2,263.4,166.33
267.67,319.93,362.6,371.13
291.13,456.47,338.07,500.2
279.4,133.27,347.67,198.33
145,450.07,212.2,511.93
198.33,198.33,337,271.93
243.13,297.53,323.13,345.53
168.47,322.07,223.93,417
172.73,94.867,225,140.73
197.27,446.87,281.53,501.27
324.2,89.533,383.93,145
220.73,184.47,329.53,241
149.27,363.67,198.33,415.93
152.47,38.333,228.2,82.067
209,1,257,124.73
342.33,346.6,383.93,393.53
310.33,337,383.93,393.53
341.27,140.73,383.93,183.4
289,133.27,383.93,257
141.8,363.67,198.33,447.93
282.6,218.6,360.47,281.53
282.6,206.87,383.93,281.53
215.4,89.533,269.8,141.8
280.47,456.47,347.67,511.93
248.47,60.733,338.07,172.73
173.8,38.333,266.6,103.4
198.33,228.2,264.47,330.6
276.2,152.47,319.93,194.07
297.53,245.27,362.6,308.2
172.73,123.67,215.4,166.33
340.2,273,383.93,337
166.33,74.6,237.8,177
276.2,145,319.93,194.07
325.27,77.8,383.93,156.73
282.6,22.333,383.93,183.4
245.27,284.73,380.73,335.93
279.4,133.27,383.93,198.33
292.2,438.33,353,489.53
211.13,453.27,300.73,502.33
209,1,269.8,158.87
339.13,140.73,383.93,212.2
289,133.27,381.8,241
163.13,435.13,213.27,477.8
323.13,1,383.93,149.27
341.27,1,383.93,97
311.4,241,360.47,281.53
193,221.8,261.27,268.73
145,440.47,213.27,511.93
141.8,396.73,188.73,447.93
279.4,206.87,383.93,314.6
316.73,73.533,383.93,172.73
193,221.8,329.53,268.73
296.47,250.6,354.07,308.2
209,1,260.2,102.33
245.27,264.47,380.73,335.93
145,440.47,196.2,511.93
325.27,206.87,383.93,299.67
278.33,318.87,378.6,426.6
201.53,203.67,270.87,248.47
327.4,1,383.93,88.467
327.4,8.4667,383.93,89.533
145,459.67,196.2,511.93
339.13,263.4,383.93,353
223.93,265.53,275.13,311.4
237.8,315.67,293.27,366.87
145,378.6,289,511.93
104.47,1,182.33,92.733
292.2,438.33,366.87,490.6
243.13,238.87,322.07,286.87
244.2,193,321,238.87
206.87,265.53,296.47,311.4
327.4,344.47,383.93,397.8
145,417,289,511.93
322.07,193,383.93,236.73
245.27,249.53,383.93,335.93
220.73,184.47,283.67,226.07
218.6,89.533,266.6,136.47
343.4,436.2,383.93,490.6
245.27,284.73,360.47,335.93
248.47,345.53,307.13,394.6
209,1,267.67,141.8
198.33,258.07,275.13,312.47
315.67,193,383.93,261.27
180.2,300.73,284.73,430.87
334.87,69.267,383.93,129
282.6,245.27,362.6,314.6
249.53,345.53,301.8,386.07
327.4,291.13,375.4,333.8
314.6,382.87,378.6,426.6
324.2,69.267,383.93,183.4
316.73,73.533,383.93,202.6
325.27,77.8,383.93,147.13
276.2,266.6,345.53,326.33
295.4,282.6,345.53,326.33
325.27,213.27,383.93,299.67
247.4,268.73,300.73,316.73
273,438.33,356.2,511.93
253.8,131.13,302.87,172.73
149.27,440.47,196.2,494.87
341.27,1,383.93,57.533
289,193,357.27,241
279.4,214.33,337,260.2
247.4,268.73,300.73,311.4
297.53,133.27,347.67,198.33
297.53,10.6,358.33,90.6
236.73,152.47,278.33,219.67
312.47,152.47,370.07,201.53
317.8,51.133,383.93,97
248.47,60.733,326.33,172.73
230.33,268.73,300.73,330.6
306.07,203.67,374.33,249.53
341.27,1,383.93,83.133
325.27,89.533,377.53,141.8
