57.533,1,345.53,511.93
26.6,1,345.53,488.47
1,1,345.53,511.93
60.733,1,345.53,511.93
67.133,79.933,345.53,511.93
57.533,136.47,345.53,511.93
245.27,266.6,328.47,378.6
1,1,273,511.93
26.6,118.33,166.33,216.47
1,1,118.33,511.93
190.87,1,345.53,365.8
25.533,1,345.53,511.93
24.467,1,345.53,511.93
25.533,3.1333,164.2,210.07
101.27,303.93,284.73,511.93
66.067,149.27,345.53,488.47
122.6,1,175.93,60.733
190.87,1,345.53,511.93
246.33,1,296.47,173.8
60.733,1,305,221.8
137.53,70.333,244.2,175.93
161,202.6,254.87,302.87
93.8,296.47,270.87,511.93
149.27,285.8,230.33,407.4
1,1,124.73,511.93
66.067,149.27,345.53,511.93
79.933,286.87,332.73,511.93
22.333,1,138.6,212.2
67.133,210.07,217.53,386.07
75.667,186.6,345.53,511.93
22.333,1,270.87,233.53
207.93,159.93,345.53,297.53
246.33,214.33,286.87,280.47
91.667,1,239.93,147.13
67.133,206.87,273,429.8
85.267,250.6,225,414.87
75.667,186.6,269.8,350.87
81,261.27,284.73,511.93
1,1,166.33,511.93
123.67,11.667,164.2,53.267
67.133,1,345.53,488.47
20.2,1,184.47,333.8
23.4,1,93.8,146.07
1,1,117.27,511.93
30.867,1,308.2,226.07
246.33,452.2,345.53,511.93
171.67,356.2,216.47,418.07
1,1,263.4,511.93
1,340.2,47.933,474.6
79.933,177,294.33,511.93
57.533,203.67,273,511.93
290.07,1,345.53,365.8
57.533,136.47,323.13,407.4
246.33,1,345.53,511.93
65,1,345.53,511.93
60.733,1,196.2,203.67
222.87,149.27,345.53,511.93
182.33,373.27,230.33,420.2
26.6,1,345.53,511.93
93.8,312.47,263.4,511.93
282.6,1,345.53,157.8
22.333,1,235.67,233.53
195.13,1,345.53,511.93
123.67,1,175.93,53.267
57.533,138.6,174.87,324.2
24.467,1,345.53,242.07
81,290.07,263.4,511.93
153.53,342.33,216.47,437.27
282.6,56.467,345.53,153.53
34.067,1,345.53,242.07
63.933,3.1333,113,89.533
228.2,1,322.07,158.87
82.067,296.47,345.53,511.93
261.27,173.8,314.6,220.73
26.6,1,308.2,226.07
248.47,451.13,345.53,511.93
63.933,1,113,89.533
65,1,278.33,124.73
116.2,1,305,221.8
285.8,147.13,345.53,274.07
77.8,156.73,133.27,226.07
60.733,1,305,511.93
1,1,122.6,511.93
1,1,284.73,511.93
65,1,166.33,60.733
65,1,345.53,361.53
1,1,169.53,511.93
118.33,225,214.33,360.47
132.2,177,274.07,372.2
81,260.2,284.73,511.93
265.53,465,329.53,511.93
231.4,200.47,301.8,354.07
294.33,149.27,340.2,218.6
221.8,248.47,267.67,380.73
22.333,1,273,511.93
133.27,202.6,269.8,407.4
270.87,1,345.53,158.87
251.67,159.93,329.53,237.8
210.07,147.13,345.53,296.47
116.2,127.93,179.13,221.8
63.933,1,169.53,105.53
133.27,315.67,182.33,374.33
67.133,202.6,239.93,418.07
155.67,206.87,273,429.8
182.33,373.27,251.67,459.67
148.2,46.867,252.73,187.67
244.2,265.53,310.33,362.6
91.667,1,345.53,230.33
101.27,319.93,251.67,481
284.73,318.87,325.27,383.93
79.933,286.87,267.67,511.93
66.067,207.93,249.53,363.67
298.6,317.8,345.53,363.67
75.667,1,305,226.07
1,1,184.47,511.93
1,337,49,474.6
132.2,177,274.07,437.27
298.6,1,345.53,81
20.2,1,169.53,325.27
283.67,70.333,345.53,150.33
133.27,315.67,177,359.4
93.8,326.33,164.2,475.67
57.533,203.67,273,429.8
67.133,182.33,279.4,421.27
279.4,349.8,345.53,511.93
222.87,330.6,345.53,511.93
88.467,422.33,179.13,511.93
286.87,446.87,332.73,511.93
86.333,124.73,138.6,185.53
265.53,451.13,332.73,511.93
85.267,259.13,155.67,341.27
148.2,303.93,345.53,511.93
81,290.07,174.87,511.93
94.867,138.6,157.8,209
137.53,115.13,193,167.4
83.133,409.53,174.87,511.93
25.533,61.8,113,163.13
195.13,149.27,345.53,511.93
119.4,156.73,163.13,215.4
122.6,1,175.93,70.333
1,340.2,46.867,474.6
94.867,1,269.8,214.33
120.47,1,238.87,74.6
57.533,136.47,221.8,324.2
282.6,1,345.53,158.87
216.47,1,305,105.53
295.4,264.47,345.53,365.8
67.133,199.4,279.4,401
82.067,296.47,179.13,511.93
259.13,258.07,333.8,357.27
65,1,307.13,226.07
200.47,253.8,269.8,340.2
227.13,347.67,300.73,474.6
260.2,202.6,321,291.13
20.2,1,109.8,299.67
177,127.93,264.47,204.73
24.467,5.2667,164.2,242.07
292.2,349.8,338.07,460.73
228.2,1,345.53,181.27
34.067,1,239.93,142.87
275.13,252.73,341.27,380.73
29.8,159.93,84.2,242.07
212.2,149.27,271.93,197.27
221.8,214.33,267.67,350.87
205.8,314.6,264.47,429.8
30.867,1,267.67,143.93
173.8,380.73,222.87,511.93
119.4,148.2,174.87,216.47
75.667,202.6,239.93,418.07
20.2,1,166.33,299.67
22.333,158.87,109.8,303.93
210.07,1,308.2,197.27
23.4,1,108.73,156.73
264.47,151.4,334.87,277.27
116.2,78.867,262.33,221.8
275.13,252.73,327.4,380.73
251.67,149.27,345.53,290.07
63.933,3.1333,104.47,89.533
246.33,207.93,327.4,329.53
123.67,339.13,191.93,467.13
133.27,315.67,216.47,437.27
278.33,67.133,334.87,114.07
262.33,451.13,345.53,511.93
25.533,1,305,226.07
24.467,1,167.4,212.2
77.8,148.2,226.07,226.07
74.6,116.2,235.67,242.07
93.8,312.47,142.87,419.13
57.533,203.67,270.87,511.93
67.133,1,345.53,511.93
264.47,67.133,334.87,173.8
82.067,296.47,269.8,511.93
246.33,1,307.13,173.8
177,1,307.13,204.73
230.33,401,321,486.33
1,337,47.933,476.73
106.6,422.33,179.13,511.93
60.733,1,169.53,51.133
81,261.27,174.87,511.93
282.6,1,345.53,86.333
30.867,1,278.33,143.93
77.8,1,307.13,226.07
203.67,298.6,345.53,511.93
26.6,120.47,164.2,212.2
205.8,1,345.53,488.47
182.33,149.27,345.53,511.93
20.2,1,166.33,303.93
79.933,81,166.33,185.53
207.93,199.4,269.8,258.07
26.6,120.47,164.2,209
67.133,204.73,274.07,429.8
279.4,264.47,345.53,365.8
35.133,1,308.2,214.33
121.53,339.13,202.6,481
282.6,34.067,345.53,157.8
77.8,70.333,244.2,226.07
227.13,298.6,302.87,474.6
101.27,339.13,202.6,483.13
246.33,453.27,332.73,511.93
91.667,39.4,163.13,124.73
25.533,3.1333,143.93,149.27
162.07,186.6,269.8,350.87
295.4,1,345.53,365.8
203.67,77.8,244.2,154.6
287.93,104.47,345.53,178.07
74.6,34.067,196.2,203.67
190.87,1,334.87,329.53
82.067,296.47,202.6,511.93
101.27,331.67,203.67,483.13
34.067,76.733,131.13,142.87
169.53,347.67,345.53,511.93
207.93,79.933,345.53,486.33
270.87,25.533,345.53,217.53
103.4,296.47,203.67,483.13
280.47,465,329.53,511.93
63.933,1,143.93,105.53
239.93,339.13,332.73,482.07
67.133,221.8,147.13,333.8
119.4,55.4,243.13,218.6
253.8,1,322.07,154.6
217.53,145,262.33,203.67
20.2,1,166.33,207.93
184.47,252.73,247.4,331.67
161,202.6,269.8,386.07
155.67,383.93,263.4,511.93
79.933,164.2,130.07,226.07
227.13,251.67,345.53,486.33
239.93,323.13,332.73,482.07
20.2,1,169.53,333.8
184.47,200.47,296.47,305
26.6,73.533,138.6,212.2
67.133,182.33,279.4,401
161,283.67,294.33,511.93
120.47,1,220.73,74.6
131.13,213.27,177,290.07
67.133,79.933,345.53,486.33
250.6,147.13,345.53,361.53
79.933,156.73,133.27,226.07
101.27,319.93,284.73,511.93
132.2,209,204.73,315.67
151.4,351.93,203.67,481
169.53,371.13,269.8,511.93
133.27,315.67,223.93,437.27
67.133,204.73,273,429.8
82.067,1,278.33,124.73
209,409.53,250.6,469.27
82.067,296.47,190.87,511.93
248.47,364.73,345.53,511.93
232.47,426.6,277.27,478.87
30.867,94.867,108.73,143.93
168.47,383.93,284.73,511.93
302.87,1,345.53,359.4
148.2,303.93,215.4,363.67
161,426.6,222.87,511.93
246.33,451.13,332.73,511.93
79.933,283.67,294.33,511.93
93.8,30.867,143.93,91.667
122.6,36.2,170.6,77.8
123.67,1,175.93,55.4
205.8,314.6,299.67,454.33
74.6,116.2,235.67,233.53
118.33,225,200.47,356.2
103.4,347.67,153.53,426.6
270.87,25.533,345.53,158.87
153.53,1,280.47,94.867
131.13,210.07,193,282.6
171.67,251.67,295.4,471.4
149.27,13.8,269.8,188.73
258.07,282.6,310.33,355.13
108.73,339.13,202.6,481
20.2,117.27,109.8,299.67
251.67,133.27,345.53,226.07
205.8,147.13,345.53,488.47
25.533,61.8,113,149.27
150.33,342.33,202.6,483.13
245.27,284.73,305,378.6
79.933,1,308.2,226.07
227.13,1,307.13,173.8
130.07,103.4,251.67,200.47
270.87,1,345.53,178.07
20.2,42.6,109.8,299.67
191.93,82.067,243.13,142.87
232.47,265.53,338.07,474.6
116.2,127.93,183.4,221.8
227.13,298.6,345.53,511.93
253.8,1,303.93,158.87
85.267,259.13,139.67,325.27
239.93,373.27,294.33,465
210.07,149.27,330.6,283.67
65,61.8,113,105.53
24.467,1,167.4,191.93
82.067,1,169.53,91.667
34.067,1,303.93,213.27
253.8,258.07,345.53,361.53
148.2,303.93,299.67,454.33
24.467,73.533,100.2,149.27
227.13,251.67,338.07,474.6
171.67,314.6,230.33,386.07
57.533,203.67,116.2,296.47
60.733,1,280.47,203.67
248.47,1,345.53,511.93
89.533,1,270.87,213.27
102.33,314.6,166.33,473.53
203.67,6.3333,267.67,82.067
171.67,150.33,345.53,488.47
57.533,203.67,225,414.87
213.27,1,334.87,203.67
20.2,1,113,292.2
67.133,205.8,193,290.07
166.33,121.53,212.2,199.4
158.87,285.8,214.33,338.07
148.2,303.93,228.2,418.07
91.667,58.6,133.27,99.133
245.27,266.6,310.33,378.6
253.8,1,308.2,172.73
171.67,149.27,345.53,488.47
300.73,1,345.53,73.533
239.93,393.53,323.13,475.67
67.133,221.8,127.93,303.93
113,1,270.87,90.6
231.4,149.27,345.53,405.27
262.33,452.2,345.53,511.93
74.6,47.933,271.93,223.93
216.47,1,305,203.67
246.33,82.067,300.73,172.73
212.2,253.8,253.8,325.27
75.667,212.2,156.73,269.8
35.133,1,308.2,223.93
20.2,1,101.27,292.2
74.6,65,133.27,203.67
26.6,61.8,113,163.13
293.27,212.2,345.53,290.07
248.47,1,345.53,325.27
276.2,461.8,328.47,510.87
24.467,158.87,124.73,315.67
90.6,45.8,184.47,132.2
50.067,1,167.4,117.27
75.667,204.73,239.93,418.07
190.87,177,269.8,258.07
35.133,1,345.53,223.93
162.07,204.73,239.93,328.47
227.13,265.53,338.07,474.6
89.533,39.4,164.2,213.27
102.33,296.47,270.87,511.93
93.8,218.6,146.07,269.8
248.47,451.13,331.67,511.93
26.6,79.933,138.6,207.93
46.867,1,169.53,91.667
246.33,34.067,345.53,172.73
239.93,401,321,482.07
173.8,380.73,219.67,511.93
302.87,9.5333,345.53,355.13
35.133,1,269.8,214.33
93.8,312.47,175.93,511.93
116.2,241,170.6,290.07
250.6,1,345.53,361.53
257,348.73,345.53,488.47
161,371.13,267.67,511.93
163.13,177,274.07,278.33
120.47,1,238.87,92.733
279.4,446.87,345.53,511.93
148.2,301.8,217.53,372.2
115.13,77.8,250.6,220.73
133.27,285.8,230.33,407.4
119.4,1,239.93,92.733
24.467,5.2667,164.2,209
133.27,315.67,193,469.27
284.73,1,345.53,84.2
137.53,92.733,206.87,175.93
196.2,325.27,267.67,457.53
246.33,451.13,345.53,511.93
31.933,1,239.93,148.2
101.27,339.13,202.6,481
207.93,79.933,345.53,297.53
1,337,47.933,473.53
88.467,81,129,138.6
246.33,67.133,316.73,172.73
28.733,159.93,81,234.6
28.733,159.93,94.867,230.33
31.933,72.467,104.47,143.93
260.2,165.27,343.4,292.2
270.87,51.133,345.53,146.07
123.67,13.8,213.27,124.73
69.267,207.93,236.73,363.67
28.733,159.93,184.47,333.8
31.933,97,86.333,143.93
102.33,296.47,203.67,483.13
102.33,136.47,221.8,223.93
259.13,264.47,310.33,351.93
207.93,325.27,252.73,407.4
162.07,395.67,263.4,511.93
129,275.13,217.53,386.07
97,149.27,146.07,200.47
26.6,75.667,108.73,156.73
190.87,149.27,334.87,258.07
24.467,5.2667,115.13,149.27
26.6,1,138.6,212.2
242.07,461.8,315.67,511.93
101.27,331.67,161,472.47
82.067,1,169.53,58.6
31.933,1,305,226.07
79.933,85.267,225,226.07
161,169.53,226.07,215.4
151.4,351.93,203.67,483.13
206.87,283.67,270.87,442.6
215.4,1,305,195.13
79.933,286.87,174.87,511.93
60.733,1,169.53,89.533
102.33,314.6,202.6,483.13
258.07,247.4,345.53,380.73
293.27,347.67,345.53,488.47
245.27,266.6,329.53,392.47
262.33,461.8,330.6,511.93
247.4,446.87,345.53,511.93
258.07,247.4,345.53,511.93
103.4,331.67,161,472.47
34.067,1,345.53,213.27
161,204.73,254.87,302.87
148.2,303.93,223.93,408.47
69.267,207.93,249.53,363.67
262.33,451.13,332.73,511.93
20.2,42.6,139.67,325.27
82.067,296.47,166.33,473.53
246.33,54.333,345.53,172.73
271.93,339.13,345.53,511.93
79.933,164.2,143.93,226.07
141.8,1,239.93,59.667
270.87,1,345.53,153.53
148.2,1,270.87,209
287.93,303.93,329.53,405.27
230.33,189.8,285.8,283.67
242.07,441.53,345.53,511.93
75.667,206.87,200.47,325.27
75.667,211.13,168.47,273
91.667,347.67,164.2,475.67
85.267,250.6,169.53,376.47
246.33,207.93,327.4,292.2
173.8,363.67,251.67,459.67
269.8,282.6,316.73,361.53
165.27,1,232.47,52.2
270.87,51.133,325.27,125.8
295.4,1,345.53,359.4
26.6,135.4,104.47,210.07
116.2,121.53,250.6,221.8
245.27,281.53,323.13,377.53
271.93,24.467,345.53,172.73
26.6,130.07,104.47,216.47
245.27,266.6,329.53,378.6
148.2,46.867,252.73,173.8
261.27,149.27,330.6,230.33
247.4,1,308.2,172.73
278.33,67.133,334.87,158.87
87.4,118.33,166.33,177
26.6,118.33,164.2,210.07
167.4,1,278.33,82.067
133.27,315.67,193,379.67
85.267,250.6,147.13,308.2
100.2,204.73,239.93,418.07
250.6,149.27,343.4,292.2
71.4,1,169.53,51.133
24.467,1,167.4,149.27
93.8,1,166.33,60.733
35.133,59.667,159.93,141.8
93.8,209,236.73,363.67
230.33,347.67,345.53,488.47
90.6,211.13,184.47,318.87
82.067,296.47,134.33,411.67
213.27,67.133,334.87,203.67
88.467,85.267,225,223.93
302.87,79.933,345.53,355.13
161,371.13,222.87,511.93
161,380.73,276.2,511.93
85.267,244.2,161,324.2
184.47,47.933,271.93,197.27
195.13,396.73,269.8,511.93
169.53,371.13,219.67,511.93
210.07,14.867,296.47,197.27
119.4,1,238.87,92.733
305,1,345.53,72.467
270.87,1,345.53,217.53
24.467,42.6,99.133,149.27
129,262.33,217.53,386.07
210.07,164.2,311.4,283.67
302.87,9.5333,345.53,359.4
57.533,203.67,193,296.47
75.667,31.933,243.13,226.07
235.67,24.467,286.87,95.933
28.733,159.93,147.13,333.8
165.27,1,270.87,71.4
116.2,119.4,250.6,221.8
245.27,349.8,291.13,401
165.27,92.733,206.87,135.4
30.867,55.4,133.27,143.93
148.2,268.73,225,414.87
261.27,164.2,311.4,220.73
217.53,154.6,271.93,197.27
232.47,401,300.73,474.6
25.533,5.2667,113,149.27
89.533,39.4,252.73,213.27
27.667,81,166.33,204.73
287.93,105.53,335.93,178.07
85.267,301.8,174.87,511.93
195.13,15.933,241,70.333
247.4,446.87,332.73,511.93
177,380.73,221.8,488.47
119.4,78.867,243.13,215.4
75.667,206.87,200.47,273
91.667,38.333,164.2,147.13
89.533,1,303.93,213.27
260.2,216.47,302.87,291.13
262.33,348.73,345.53,488.47
102.33,136.47,254.87,223.93
85.267,214.33,174.87,324.2
133.27,202.6,323.13,407.4
264.47,151.4,345.53,286.87
184.47,200.47,279.4,280.47
130.07,47.933,275.13,230.33
205.8,248.47,345.53,488.47
226.07,199.4,274.07,265.53
146.07,1,232.47,89.533
50.067,1,113,117.27
34.067,39.4,163.13,142.87
67.133,219.67,217.53,386.07
195.13,394.6,269.8,511.93
210.07,14.867,297.53,197.27
50.067,1,92.733,117.27
119.4,156.73,179.13,215.4
184.47,151.4,345.53,305
253.8,258.07,345.53,359.4
265.53,158.87,312.47,206.87
146.07,12.733,210.07,89.533
242.07,401,300.73,474.6
228.2,1,275.13,130.07
271.93,339.13,345.53,494.87
190.87,149.27,334.87,329.53
83.133,286.87,174.87,511.93
20.2,1,169.53,292.2
250.6,147.13,345.53,296.47
90.6,190.87,184.47,318.87
35.133,79.933,138.6,177
184.47,103.4,251.67,173.8
166.33,121.53,250.6,212.2
123.67,1,267.67,124.73
206.87,251.67,345.53,475.67
303.93,348.73,345.53,420.2
275.13,247.4,345.53,380.73
203.67,70.333,244.2,154.6
248.47,216.47,299.67,325.27
215.4,1,305,196.2
89.533,137.53,163.13,213.27
142.87,86.333,206.87,169.53
90.6,81,170.6,132.2
91.667,33,238.87,147.13
150.33,351.93,191.93,438.33
239.93,323.13,345.53,488.47
252.73,265.53,310.33,329.53
24.467,42.6,138.6,207.93
166.33,94.867,275.13,230.33
58.6,138.6,157.8,223.93
260.2,149.27,343.4,292.2
185.53,317.8,252.73,386.07
157.8,92.733,206.87,142.87
114.07,250.6,154.6,324.2
250.6,189.8,343.4,292.2
203.67,70.333,244.2,170.6
103.4,296.47,191.93,483.13
162.07,395.67,270.87,511.93
88.467,1,232.47,132.2
149.27,13.8,238.87,188.73
23.4,1,78.867,146.07
187.67,15.933,228.2,58.6
258.07,348.73,345.53,488.47
217.53,145,264.47,203.67
116.2,152.47,164.2,221.8
91.667,38.333,157.8,131.13
65,1,166.33,84.2
118.33,199.4,279.4,401
120.47,1,238.87,91.667
247.4,460.73,297.53,511.93
180.2,15.933,228.2,58.6
210.07,186.6,269.8,254.87
231.4,149.27,345.53,354.07
183.4,39.4,231.4,89.533
278.33,67.133,334.87,133.27
20.2,1,67.133,155.67
107.67,314.6,166.33,473.53
88.467,393.53,179.13,511.93
62.867,206.87,139.67,325.27
103.4,296.47,161,472.47
232.47,365.8,274.07,415.93
77.8,120.47,164.2,185.53
149.27,285.8,230.33,359.4
305,104.47,345.53,158.87
137.53,92.733,199.4,167.4
137.53,85.267,225,167.4
122.6,314.6,166.33,473.53
82.067,1,213.27,124.73
162.07,204.73,239.93,325.27
182.33,373.27,271.93,474.6
155.67,383.93,219.67,511.93
262.33,461.8,345.53,511.93
253.8,258.07,333.8,359.4
86.333,65,133.27,177
246.33,214.33,302.87,280.47
94.867,247.4,177,359.4
232.47,417,277.27,478.87
207.93,199.4,286.87,280.47
251.67,149.27,345.53,221.8
270.87,67.133,345.53,217.53
69.267,244.2,116.2,299.67
79.933,118.33,166.33,185.53
265.53,453.27,332.73,511.93
117.27,127.93,179.13,215.4
265.53,465,332.73,511.93
149.27,13.8,234.6,188.73
89.533,118.33,187.67,213.27
244.2,298.6,302.87,395.67
123.67,34.067,196.2,145
92.733,393.53,150.33,472.47
132.2,252.73,253.8,372.2
261.27,143.93,340.2,225
20.2,139.67,101.27,292.2
263.4,1,305,52.2
31.933,1,239.93,143.93
203.67,1,267.67,82.067
120.47,1,171.67,74.6
26.6,97,86.333,163.13
101.27,319.93,164.2,467.13
184.47,150.33,345.53,305
63.933,203.67,116.2,296.47
158.87,78.867,262.33,168.47
276.2,461.8,330.6,510.87
20.2,113,101.27,292.2
91.667,1,275.13,230.33
23.4,42.6,78.867,146.07
100.2,204.73,239.93,325.27
262.33,453.27,332.73,511.93
138.6,121.53,194.07,189.8
226.07,94.867,275.13,197.27
217.53,94.867,275.13,197.27
252.73,265.53,299.67,329.53
279.4,446.87,332.73,511.93
142.87,85.267,230.33,188.73
74.6,121.53,254.87,223.93
100.2,248.47,181.27,315.67
172.73,12.733,241,72.467
155.67,383.93,284.73,511.93
177,127.93,228.2,204.73
118.33,225,214.33,356.2
26.6,94.867,108.73,156.73
250.6,216.47,302.87,280.47
248.47,133.27,345.53,325.27
67.133,205.8,146.07,269.8
206.87,283.67,294.33,465
232.47,347.67,338.07,474.6
248.47,452.2,331.67,511.93
122.6,1,175.93,77.8
79.933,164.2,184.47,318.87
270.87,61.8,345.53,146.07
210.07,14.867,296.47,153.53
88.467,1,239.93,132.2
137.53,20.2,213.27,95.933
73.533,49,115.13,98.067
120.47,1,239.93,92.733
250.6,99.133,296.47,196.2
161,371.13,251.67,511.93
270.87,51.133,345.53,158.87
148.2,283.67,217.53,372.2
173.8,468.2,222.87,511.93
169.53,371.13,230.33,511.93
166.33,169.53,254.87,230.33
188.73,82.067,243.13,142.87
89.533,1,166.33,69.267
261.27,164.2,311.4,235.67
86.333,121.53,154.6,177
91.667,394.6,139.67,472.47
266.6,24.467,345.53,181.27
210.07,186.6,269.8,350.87
209,154.6,250.6,195.13
149.27,39.4,234.6,188.73
232.47,331.67,274.07,415.93
102.33,121.53,254.87,223.93
206.87,251.67,274.07,442.6
20.2,1,166.33,155.67
271.93,52.2,345.53,172.73
122.6,156.73,163.13,215.4
142.87,31.933,234.6,188.73
149.27,300.73,198.33,359.4
90.6,206.87,206.87,269.8
177,120.47,281.53,204.73
34.067,73.533,131.13,142.87
285.8,207.93,335.93,274.07
89.533,120.47,164.2,213.27
141.8,1,220.73,59.667
223.93,325.27,267.67,380.73
26.6,135.4,98.067,210.07
88.467,45.8,184.47,132.2
94.867,59.667,157.8,131.13
123.67,34.067,196.2,158.87
115.13,148.2,226.07,220.73
123.67,11.667,164.2,55.4
69.267,244.2,147.13,333.8
26.6,61.8,138.6,207.93
270.87,51.133,325.27,137.53
93.8,209,236.73,338.07
188.73,78.867,262.33,168.47
86.333,124.73,133.27,177
270.87,24.467,345.53,172.73
111.93,1,169.53,57.533
284.73,318.87,328.47,383.93
120.47,39.4,163.13,124.73
101.27,319.93,202.6,481
171.67,332.73,213.27,386.07
24.467,23.4,115.13,149.27
182.33,395.67,263.4,511.93
97,149.27,151.4,223.93
79.933,286.87,164.2,475.67
167.4,1,280.47,94.867
205.8,248.47,275.13,442.6
246.33,1,296.47,95.933
66.067,214.33,174.87,324.2
206.87,314.6,252.73,442.6
190.87,106.6,264.47,209
169.53,446.87,219.67,511.93
171.67,314.6,295.4,471.4
137.53,115.13,193,175.93
171.67,371.13,219.67,511.93
79.933,77.8,250.6,226.07
270.87,1,345.53,146.07
119.4,148.2,164.2,195.13
294.33,129,345.53,217.53
113,1,239.93,90.6
206.87,149.27,345.53,475.67
137.53,13.8,213.27,95.933
292.2,349.8,345.53,486.33
261.27,164.2,314.6,220.73
120.47,1,239.93,91.667
262.33,357.27,324.2,463.93
166.33,121.53,230.33,199.4
210.07,14.867,296.47,105.53
262.33,348.73,345.53,453.27
157.8,1,203.67,49
90.6,211.13,184.47,290.07
275.13,252.73,327.4,326.33
232.47,413.8,277.27,478.87
79.933,153.53,150.33,226.07
170.6,317.8,225,414.87
281.53,196.2,334.87,253.8
100.2,250.6,141.8,307.13
148.2,1,303.93,209
219.67,99.133,296.47,203.67
26.6,124.73,138.6,212.2
273,207.93,321,292.2
183.4,39.4,235.67,94.867
269.8,281.53,323.13,361.53
100.2,250.6,161,324.2
24.467,42.6,67.133,145
58.6,120.47,164.2,209
86.333,116.2,235.67,233.53
148.2,303.93,217.53,372.2
287.93,264.47,345.53,405.27
27.667,130.07,104.47,216.47
287.93,303.93,329.53,367.93
81,290.07,129,468.2
210.07,1,307.13,197.27
222.87,359.4,295.4,471.4
156.73,351.93,203.67,481
295.4,1,345.53,73.533
157.8,1,220.73,49
119.4,273,163.13,325.27
262.33,461.8,328.47,511.93
130.07,159.93,195.13,216.47
206.87,199.4,279.4,283.67
278.33,1,322.07,73.533
24.467,42.6,67.133,149.27
271.93,207.93,345.53,297.53
230.33,217.53,274.07,265.53
107.67,389.27,166.33,473.53
213.27,71.4,264.47,203.67
284.73,202.6,331.67,268.73
216.47,41.533,285.8,105.53
148.2,301.8,217.53,365.8
248.47,216.47,292.2,294.33
253.8,82.067,296.47,173.8
264.47,151.4,334.87,253.8
169.53,204.73,239.93,325.27
262.33,451.13,330.6,511.93
205.8,314.6,267.67,442.6
115.13,148.2,174.87,220.73
97,138.6,157.8,200.47
183.4,39.4,225,89.533
259.13,264.47,310.33,331.67
111.93,1,169.53,58.6
210.07,24.467,286.87,105.53
122.6,214.33,174.87,290.07
293.27,105.53,335.93,158.87
130.07,47.933,251.67,200.47
273,147.13,345.53,296.47
209,409.53,263.4,504.47
82.067,1,166.33,53.267
119.4,31.933,243.13,218.6
172.73,1,214.33,42.6
100.2,248.47,181.27,325.27
239.93,354.07,345.53,475.67
79.933,127.93,120.47,185.53
230.33,164.2,311.4,283.67
46.867,73.533,100.2,124.73
260.2,149.27,345.53,297.53
238.87,120.47,296.47,197.27
168.47,383.93,263.4,511.93
196.2,403.13,251.67,511.93
157.8,1,203.67,59.667
81,290.07,142.87,468.2
115.13,159.93,195.13,220.73
171.67,251.67,345.53,488.47
30.867,55.4,125.8,143.93
287.93,105.53,335.93,158.87
165.27,1,232.47,41.533
113,1,232.47,90.6
165.27,1,232.47,57.533
131.13,211.13,184.47,258.07
79.933,301.8,129,405.27
130.07,159.93,174.87,216.47
161,380.73,267.67,511.93
142.87,86.333,198.33,169.53
79.933,286.87,154.6,405.27
296.47,1,345.53,81
195.13,149.27,345.53,475.67
1,346.6,47.933,474.6
115.13,127.93,250.6,220.73
205.8,248.47,267.67,429.8
116.2,211.13,184.47,290.07
194.07,70.333,244.2,170.6
101.27,339.13,157.8,467.13
30.867,81,108.73,143.93
161,380.73,222.87,511.93
57.533,138.6,157.8,242.07
188.73,82.067,262.33,168.47
157.8,13.8,209,89.533
257,347.67,299.67,424.47
231.4,199.4,301.8,354.07
26.6,134.33,108.73,212.2
247.4,463.93,297.53,511.93
79.933,81,129,185.53
295.4,1,345.53,85.267
150.33,351.93,202.6,481
184.47,199.4,279.4,401
270.87,54.333,345.53,217.53
251.67,149.27,334.87,237.8
86.333,120.47,164.2,185.53
193,47.933,251.67,173.8
98.067,153.53,150.33,216.47
242.07,461.8,295.4,511.93
273,207.93,343.4,292.2
196.2,403.13,267.67,511.93
75.667,153.53,150.33,226.07
293.27,353,345.53,488.47
88.467,83.133,129,138.6
301.8,410.6,345.53,488.47
130.07,165.27,195.13,216.47
257,339.13,299.67,454.33
253.8,264.47,310.33,359.4
119.4,55.4,243.13,215.4
167.4,1,260.2,94.867
132.2,252.73,253.8,325.27
28.733,159.93,81,230.33
131.13,213.27,177,282.6
209,154.6,250.6,203.67
94.867,59.667,142.87,131.13
270.87,67.133,316.73,117.27
259.13,264.47,299.67,331.67
232.47,388.2,295.4,471.4
86.333,118.33,164.2,177
171.67,371.13,230.33,470.33
282.6,1,345.53,153.53
69.267,214.33,174.87,324.2
113,1,210.07,90.6
215.4,1,257,58.6
232.47,347.67,300.73,474.6
85.267,118.33,164.2,185.53
253.8,1,303.93,154.6
231.4,200.47,301.8,329.53
148.2,283.67,217.53,386.07
284.73,199.4,345.53,291.13
261.27,149.27,302.87,225
163.13,199.4,274.07,278.33
245.27,259.13,329.53,392.47
227.13,1,280.47,74.6
91.667,59.667,145,131.13
94.867,138.6,157.8,214.33
232.47,413.8,275.13,457.53
227.13,6.3333,267.67,58.6
181.27,252.73,253.8,325.27
280.47,339.13,345.53,488.47
187.67,202.6,236.73,271.93
67.133,219.67,146.07,269.8
303.93,133.27,345.53,202.6
251.67,143.93,340.2,225
123.67,273,180.2,350.87
149.27,84.2,223.93,125.8
173.8,363.67,230.33,420.2
251.67,159.93,345.53,297.53
126.87,85.267,225,195.13
271.93,450.07,316.73,494.87
141.8,206.87,200.47,273
129,275.13,169.53,376.47
223.93,251.67,269.8,354.07
120.47,1,209,74.6
29.8,159.93,84.2,236.73
194.07,204.73,236.73,278.33
149.27,33,231.4,125.8
251.67,150.33,345.53,221.8
116.2,248.47,181.27,315.67
101.27,319.93,164.2,471.4
149.27,58.6,223.93,125.8
148.2,1,270.87,173.8
132.2,214.33,174.87,290.07
284.73,1,345.53,81
142.87,31.933,230.33,188.73
231.4,200.47,279.4,280.47
171.67,332.73,225,414.87
26.6,135.4,93.8,193
129,45.8,184.47,100.2
177,127.93,218.6,204.73
260.2,266.6,310.33,329.53
203.67,98.067,244.2,154.6
93.8,1,166.33,52.2
245.27,318.87,299.67,378.6
285.8,441.53,345.53,511.93
85.267,153.53,150.33,223.93
149.27,13.8,239.93,188.73
148.2,46.867,257,173.8
280.47,465,327.4,511.93
215.4,13.8,296.47,195.13
44.733,1,169.53,121.53
189.8,199.4,279.4,283.67
216.47,41.533,268.73,98.067
24.467,73.533,99.133,149.27
119.4,1,169.53,54.333
284.73,220.73,331.67,268.73
103.4,417,152.47,475.67
148.2,303.93,200.47,350.87
170.6,332.73,223.93,408.47
20.2,106.6,101.27,292.2
102.33,247.4,154.6,324.2
103.4,347.67,149.27,426.6
226.07,1,270.87,71.4
258.07,348.73,345.53,453.27
283.67,70.333,345.53,157.8
246.33,214.33,302.87,292.2
284.73,70.333,345.53,217.53
239.93,401,295.4,475.67
116.2,156.73,163.13,221.8
92.733,286.87,149.27,396.73
148.2,303.93,215.4,360.47
131.13,210.07,193,290.07
166.33,121.53,212.2,212.2
89.533,1,167.4,63.933
205.8,248.47,267.67,442.6
130.07,165.27,170.6,216.47
205.8,314.6,267.67,429.8
222.87,330.6,345.53,488.47
58.6,151.4,106.6,223.93
294.33,143.93,340.2,218.6
184.47,199.4,279.4,331.67
167.4,1,260.2,72.467
148.2,268.73,217.53,365.8
264.47,158.87,319.93,221.8
89.533,149.27,148.2,213.27
232.47,349.8,280.47,415.93
94.867,247.4,154.6,324.2
303.93,133.27,345.53,178.07
164.2,255.93,214.33,302.87
282.6,51.133,323.13,114.07
52.2,73.533,99.133,125.8
273,207.93,321,249.53
97,410.6,175.93,511.93
69.267,227.13,177,359.4
248.47,199.4,345.53,325.27
242.07,461.8,284.73,511.93
270.87,61.8,319.93,124.73
257,347.67,338.07,460.73
201.53,106.6,264.47,205.8
289,75.667,345.53,150.33
172.73,383.93,263.4,511.93
262.33,357.27,315.67,453.27
295.4,264.47,341.27,358.33
130.07,121.53,194.07,200.47
26.6,137.53,83.133,207.93
88.467,149.27,151.4,223.93
28.733,159.93,79.933,211.13
226.07,94.867,271.93,197.27
222.87,330.6,295.4,471.4
60.733,1,169.53,57.533
162.07,230.33,216.47,328.47
271.93,52.2,319.93,172.73
26.6,150.33,82.067,206.87
194.07,204.73,254.87,278.33
117.27,127.93,175.93,188.73
184.47,200.47,289,280.47
295.4,1,345.53,69.267
184.47,204.73,279.4,280.47
162.07,469.27,214.33,511.93
203.67,401,254.87,469.27
171.67,314.6,267.67,457.53
206.87,129,250.6,203.67
67.133,219.67,147.13,308.2
300.73,229.27,343.4,291.13
253.8,373.27,294.33,430.87
87.4,124.73,156.73,177
98.067,59.667,157.8,131.13
273,147.13,345.53,292.2
26.6,113,98.067,210.07
91.667,33,231.4,147.13
273,339.13,332.73,462.87
246.33,24.467,286.87,95.933
257,339.13,299.67,406.33
193,111.93,251.67,173.8
282.6,56.467,323.13,153.53
280.47,339.13,325.27,455.4
98.067,82.067,145,131.13
289,446.87,332.73,511.93
74.6,82.067,117.27,203.67
161,426.6,202.6,511.93
60.733,1,169.53,72.467
177,127.93,250.6,204.73
175.93,383.93,219.67,511.93
5.2667,337,49,474.6
303.93,133.27,345.53,217.53
278.33,1,322.07,68.2
125.8,225,200.47,356.2
260.2,149.27,345.53,325.27
103.4,331.67,149.27,396.73
206.87,129,250.6,204.73
119.4,156.73,195.13,215.4
228.2,253.8,269.8,340.2
103.4,347.67,149.27,396.73
91.667,394.6,139.67,437.27
228.2,1,289,158.87
132.2,268.73,190.87,324.2
173.8,177,226.07,220.73
262.33,357.27,315.67,463.93
123.67,86.333,170.6,126.87
145,225,189.8,282.6
22.333,1,78.867,149.27
123.67,50.067,212.2,124.73
93.8,207.93,236.73,363.67
223.93,283.67,270.87,380.73
222.87,375.4,295.4,471.4
82.067,296.47,134.33,445.8
100.2,248.47,181.27,318.87
125.8,253.8,200.47,345.53
90.6,69.267,170.6,132.2
35.133,88.467,138.6,177
132.2,209,236.73,338.07
159.93,303.93,200.47,345.53
191.93,387.13,233.53,429.8
94.867,13.8,269.8,214.33
121.53,339.13,191.93,471.4
106.6,409.53,174.87,511.93
163.13,202.6,236.73,278.33
137.53,33,209,95.933
149.27,84.2,234.6,188.73
207.93,325.27,267.67,457.53
264.47,182.33,334.87,253.8
184.47,241,247.4,331.67
226.07,199.4,279.4,283.67
91.667,38.333,145,131.13
93.8,30.867,143.93,76.733
123.67,33,212.2,124.73
71.4,3.1333,143.93,72.467
119.4,156.73,170.6,215.4
27.667,130.07,104.47,204.73
262.33,369,322.07,445.8
149.27,84.2,223.93,188.73
20.2,116.2,101.27,292.2
150.33,356.2,191.93,438.33
161,209,215.4,302.87
142.87,122.6,187.67,189.8
125.8,225,200.47,345.53
207.93,325.27,260.2,419.13
303.93,348.73,345.53,411.67
287.93,323.13,329.53,367.93
223.93,251.67,269.8,340.2
92.733,286.87,145,351.93
284.73,70.333,345.53,146.07
285.8,451.13,345.53,511.93
142.87,121.53,194.07,189.8
264.47,171.67,334.87,253.8
123.67,1,169.53,46.867
93.8,214.33,174.87,290.07
100.2,247.4,161,324.2
146.07,1,214.33,89.533
137.53,45.8,194.07,95.933
182.33,169.53,234.6,210.07
296.47,1,345.53,69.267
142.87,82.067,230.33,188.73
295.4,149.27,340.2,202.6
185.53,253.8,269.8,386.07
273,354.07,345.53,419.13
252.73,411.67,295.4,471.4
172.73,383.93,219.67,511.93
141.8,13.8,205.8,59.667
79.933,124.73,138.6,177
239.93,401,295.4,482.07
23.4,88.467,78.867,146.07
92.733,30.867,143.93,72.467
123.67,62.867,170.6,145
251.67,158.87,319.93,221.8
35.133,88.467,106.6,141.8
242.07,470.33,295.4,511.93
79.933,286.87,145,405.27
273,452.2,331.67,511.93
228.2,251.67,269.8,340.2
171.67,332.73,225,407.4
188.73,317.8,252.73,386.07
264.47,151.4,345.53,287.93
89.533,1,166.33,52.2
83.133,1,169.53,57.533
90.6,206.87,206.87,265.53
239.93,347.67,345.53,475.67
226.07,388.2,267.67,457.53
184.47,47.933,251.67,173.8
119.4,121.53,230.33,215.4
195.13,402.07,263.4,511.93
146.07,14.867,210.07,89.533
83.133,1,169.53,51.133
85.267,286.87,174.87,511.93
232.47,349.8,294.33,465
281.53,196.2,334.87,243.13
25.533,104.47,70.333,149.27
197.27,1,238.87,51.133
90.6,217.53,136.47,273
171.67,355.13,225,407.4
184.47,200.47,296.47,280.47
153.53,14.867,210.07,89.533
280.47,339.13,325.27,405.27
91.667,389.27,164.2,475.67
164.2,246.33,215.4,302.87
172.73,383.93,220.73,511.93
177,380.73,219.67,488.47
262.33,348.73,345.53,445.8
215.4,42.6,267.67,195.13
284.73,76.733,329.53,137.53
86.333,69.267,133.27,177
132.2,209,204.73,282.6
155.67,285.8,214.33,338.07
92.733,29.8,143.93,72.467
264.47,264.47,310.33,325.27
207.93,325.27,252.73,386.07
215.4,42.6,293.27,195.13
171.67,355.13,223.93,407.4
171.67,314.6,275.13,457.53
79.933,120.47,164.2,177
265.53,465,327.4,511.93
94.867,59.667,159.93,131.13
103.4,59.667,157.8,102.33
93.8,218.6,156.73,269.8
146.07,34.067,196.2,95.933
103.4,303.93,149.27,396.73
226.07,388.2,266.6,433
157.8,1,209,59.667
123.67,62.867,170.6,126.87
125.8,253.8,190.87,310.33
166.33,121.53,218.6,199.4
123.67,291.13,180.2,350.87
142.87,85.267,225,188.73
171.67,355.13,216.47,399.93
260.2,165.27,330.6,292.2
301.8,348.73,345.53,488.47
163.13,217.53,210.07,278.33
231.4,200.47,299.67,329.53
166.33,121.53,223.93,199.4
253.8,373.27,294.33,465
181.27,280.47,225,323.13
253.8,401,295.4,475.67
89.533,409.53,174.87,511.93
181.27,252.73,225,323.13
193,118.33,251.67,173.8
90.6,218.6,157.8,265.53
150.33,42.6,196.2,95.933
260.2,202.6,321,292.2
157.8,33,206.87,89.533
147.13,206.87,206.87,249.53
206.87,314.6,274.07,442.6
89.533,394.6,174.87,511.93
163.13,206.87,206.87,247.4
161,209,204.73,278.33
277.27,158.87,319.93,221.8
106.6,347.67,149.27,396.73
81,290.07,129,412.73
226.07,154.6,271.93,197.27
91.667,394.6,139.67,450.07
22.333,106.6,62.867,149.27
212.2,212.2,254.87,271.93
142.87,85.267,225,169.53
98.067,81,151.4,131.13
185.53,314.6,230.33,366.87
98.067,81,145,131.13
93.8,408.47,152.47,475.67
132.2,209,214.33,315.67
94.867,59.667,145,131.13
149.27,65,223.93,125.8
157.8,1,204.73,59.667
181.27,33,231.4,100.2
116.2,242.07,157.8,286.87
132.2,209,235.67,338.07
194.07,204.73,279.4,280.47
83.133,1,165.27,51.133
155.67,285.8,235.67,338.07
212.2,209,279.4,280.47
195.13,402.07,246.33,511.93
29.8,159.93,84.2,211.13
293.27,355.13,345.53,419.13
132.2,214.33,174.87,282.6
206.87,283.67,274.07,442.6
125.8,253.8,181.27,310.33
147.13,206.87,206.87,247.4
129,45.8,184.47,95.933
226.07,199.4,276.2,283.67
177,380.73,219.67,461.8
85.267,301.8,129,405.27
226.07,199.4,274.07,250.6
94.867,81,170.6,126.87
