106.6,1,155.67,511.93
146.07,1,341.27,207.93
1,1,341.27,511.93
216.47,1,311.4,204.73
103.4,1,341.27,511.93
103.4,1,311.4,511.93
229.27,1,341.27,511.93
1,1,120.47,511.93
229.27,287.93,341.27,511.93
148.2,1,212.2,58.6
100.2,1,341.27,511.93
245.27,1,341.27,379.67
100.2,141.8,341.27,511.93
242.07,242.07,341.27,511.93
214.33,170.6,291.13,310.33
103.4,1,311.4,305
106.6,1,317.8,511.93
107.67,181.27,309.27,511.93
282.6,326.33,329.53,377.53
225,1,289,114.07
111.93,1,298.6,511.93
143.93,279.4,216.47,371.13
1,1,292.2,511.93
120.47,55.4,185.53,228.2
39.4,1,124.73,511.93
1,1,69.267,511.93
156.73,181.27,284.73,303.93
100.2,154.6,227.13,511.93
1,1,119.4,511.93
260.2,356.2,341.27,422.33
106.6,1,341.27,511.93
1,1,298.6,511.93
214.33,261.27,341.27,511.93
115.13,1,311.4,305
1,1,275.13,511.93
115.13,1,306.07,305
196.2,1,341.27,511.93
116.2,1,275.13,405.27
113,1,254.87,511.93
113,171.67,204.73,511.93
113,1,341.27,511.93
242.07,383.93,341.27,511.93
254.87,178.07,341.27,342.33
51.133,1,292.2,511.93
146.07,1,312.47,196.2
196.2,87.4,298.6,206.87
1,1,91.667,511.93
242.07,344.47,341.27,511.93
271.93,1,341.27,235.67
261.27,1,341.27,207.93
1,1,115.13,511.93
147.13,339.13,221.8,387.13
113,1,319.93,511.93
106.6,1,312.47,511.93
190.87,102.33,297.53,235.67
198.33,1,311.4,405.27
71.4,1,275.13,511.93
278.33,153.53,321,202.6
104.47,1,281.53,286.87
198.33,108.73,289,405.27
104.47,1,341.27,286.87
282.6,273,341.27,385
198.33,1,319.93,405.27
291.13,14.867,341.27,235.67
197.27,218.6,259.13,273
225,1,341.27,511.93
214.33,367.93,327.4,511.93
111.93,253.8,229.27,511.93
83.133,167.4,275.13,511.93
214.33,344.47,259.13,405.27
111.93,253.8,254.87,511.93
295.4,83.133,341.27,207.93
215.4,303.93,309.27,511.93
116.2,212.2,283.67,511.93
268.73,1,341.27,258.07
51.133,1,292.2,308.2
156.73,141.8,341.27,305
291.13,1,341.27,84.2
1,1,76.733,511.93
206.87,1,341.27,511.93
161,214.33,238.87,376.47
215.4,267.67,275.13,355.13
71.4,1,275.13,405.27
141.8,467.13,190.87,511.93
191.93,261.27,308.2,511.93
103.4,1,283.67,511.93
30.867,1,126.87,511.93
217.53,350.87,280.47,410.6
196.2,1,341.27,310.33
242.07,444.73,299.67,511.93
111.93,253.8,248.47,511.93
103.4,1,202.6,172.73
146.07,1,312.47,404.2
116.2,181.27,283.67,511.93
230.33,287.93,341.27,511.93
124.73,181.27,207.93,248.47
255.93,344.47,341.27,429.8
99.133,172.73,248.47,511.93
104.47,1,152.47,286.87
1,1,83.133,511.93
1,1,157.8,511.93
143.93,282.6,216.47,370.07
143.93,141.8,341.27,511.93
255.93,1,341.27,275.13
131.13,1,247.4,189.8
116.2,181.27,309.27,511.93
1,1,77.8,511.93
214.33,170.6,293.27,386.07
30.867,2.0667,120.47,511.93
263.4,87.4,307.13,188.73
116.2,55.4,284.73,511.93
142.87,261.27,275.13,419.13
158.87,212.2,259.13,273
106.6,1,284.73,511.93
146.07,1,299.67,196.2
196.2,1,298.6,386.07
106.6,1,155.67,153.53
300.73,82.067,341.27,138.6
291.13,1,341.27,235.67
140.73,115.13,188.73,170.6
191.93,182.33,308.2,404.2
111.93,1,275.13,511.93
289,1,341.27,235.67
248.47,237.8,322.07,302.87
161,297.53,228.2,350.87
198.33,142.87,239.93,245.27
229.27,345.53,341.27,511.93
165.27,364.73,227.13,511.93
116.2,212.2,227.13,511.93
51.133,1,107.67,308.2
206.87,371.13,334.87,511.93
39.4,1,115.13,511.93
191.93,261.27,283.67,511.93
71.4,1,203.67,182.33
1,1,126.87,511.93
148.2,1,197.27,58.6
230.33,436.2,297.53,511.93
143.93,282.6,216.47,374.33
191.93,261.27,283.67,404.2
231.4,175.93,341.27,511.93
245.27,1,341.27,377.53
150.33,1,203.67,47.933
103.4,1,152.47,511.93
230.33,344.47,341.27,511.93
30.867,1,157.8,511.93
242.07,425.53,341.27,511.93
271.93,1,341.27,138.6
104.47,253.8,248.47,511.93
116.2,1,157.8,249.53
262.33,175.93,341.27,397.8
206.87,344.47,341.27,511.93
248.47,1,341.27,302.87
237.8,436.2,297.53,511.93
271.93,1,341.27,209
161,181.27,254.87,511.93
229.27,385,327.4,460.73
212.2,145,299.67,249.53
1,1,95.933,511.93
237.8,397.8,341.27,511.93
237.8,345.53,341.27,511.93
105.53,1,152.47,477.8
117.27,85.267,281.53,250.6
106.6,1,152.47,172.73
106.6,1,155.67,168.47
98.067,167.4,173.8,296.47
1,1,136.47,511.93
283.67,1,341.27,344.47
266.6,153.53,330.6,246.33
198.33,87.4,292.2,266.6
231.4,242.07,341.27,511.93
219.67,303.93,309.27,427.67
143.93,1,200.47,86.333
230.33,175.93,341.27,511.93
215.4,258.07,341.27,511.93
292.2,356.2,341.27,421.27
255.93,344.47,341.27,421.27
294.33,345.53,341.27,394.6
105.53,1,152.47,511.93
282.6,1,341.27,344.47
214.33,415.93,254.87,511.93
39.4,2.0667,115.13,511.93
268.73,141.8,341.27,242.07
247.4,238.87,308.2,379.67
1,1,92.733,511.93
130.07,140.73,185.53,219.67
285.8,397.8,341.27,511.93
98.067,167.4,275.13,419.13
156.73,1,228.2,97
104.47,253.8,229.27,511.93
116.2,212.2,223.93,511.93
216.47,1,277.27,180.2
30.867,238.87,91.667,404.2
145,181.27,285.8,303.93
232.47,149.27,297.53,219.67
271.93,17,341.27,138.6
31.933,381.8,84.2,440.47
266.6,1,341.27,275.13
245.27,178.07,341.27,379.67
131.13,1,292.2,266.6
145,181.27,309.27,511.93
140.73,1,201.53,170.6
214.33,440.47,254.87,511.93
283.67,1,341.27,321
103.4,1,202.6,511.93
232.47,149.27,297.53,247.4
129,181.27,173.8,296.47
283.67,1,341.27,312.47
266.6,1,341.27,385
229.27,385,334.87,470.33
30.867,238.87,91.667,392.47
120.47,55.4,284.73,303.93
265.53,1,313.53,124.73
229.27,385,334.87,475.67
145,181.27,259.13,273
197.27,193,284.73,303.93
113,1,204.73,511.93
25.533,1,115.13,511.93
83.133,253.8,222.87,511.93
143.93,1,238.87,97
277.27,180.2,341.27,385
34.067,367.93,91.667,447.93
106.6,1,202.6,172.73
30.867,1,119.4,511.93
28.733,262.33,73.533,340.2
27.667,2.0667,115.13,511.93
30.867,2.0667,125.8,511.93
231.4,145,299.67,242.07
131.13,1,254.87,511.93
191.93,145,308.2,404.2
231.4,1,341.27,511.93
190.87,102.33,297.53,247.4
215.4,1,341.27,511.93
230.33,367.93,327.4,460.73
51.133,1,95.933,308.2
245.27,161,341.27,377.53
1,2.0667,69.267,511.93
230.33,1,341.27,511.93
249.53,261.27,341.27,385
196.2,87.4,298.6,310.33
225,1,277.27,114.07
197.27,141.8,341.27,305
249.53,261.27,293.27,386.07
214.33,413.8,254.87,511.93
248.47,237.8,341.27,302.87
280.47,141.8,341.27,236.73
1,1,124.73,511.93
30.867,221.8,95.933,423.4
29.8,1,124.73,511.93
30.867,238.87,91.667,386.07
126.87,55.4,185.53,129
260.2,290.07,308.2,397.8
157.8,171.67,229.27,298.6
280.47,1,341.27,269.8
131.13,1,212.2,58.6
28.733,262.33,76.733,511.93
236.73,182.33,308.2,379.67
138.6,392.47,202.6,511.93
1,1,63.933,379.67
28.733,262.33,73.533,428.73
221.8,170.6,291.13,263.4
158.87,180.2,214.33,248.47
113,253.8,201.53,511.93
255.93,1,298.6,189.8
116.2,212.2,246.33,511.93
291.13,33,341.27,209
140.73,76.733,188.73,163.13
104.47,72.467,146.07,172.73
231.4,372.2,341.27,511.93
30.867,330.6,91.667,447.93
249.53,261.27,293.27,378.6
225,1,289,172.73
33,217.53,91.667,335.93
206.87,108.73,251.67,170.6
39.4,2.0667,125.8,511.93
71.4,1,159.93,182.33
29.8,238.87,91.667,404.2
215.4,258.07,309.27,511.93
30.867,118.33,95.933,423.4
124.73,181.27,211.13,262.33
190.87,102.33,263.4,197.27
260.2,344.47,341.27,422.33
26.6,324.2,84.2,444.73
228.2,145,270.87,206.87
190.87,102.33,311.4,247.4
265.53,1,317.8,68.2
230.33,371.13,334.87,470.33
143.93,261.27,308.2,511.93
266.6,153.53,321,246.33
295.4,161,341.27,258.07
120.47,55.4,241,246.33
295.4,242.07,341.27,321
219.67,367.93,289,427.67
248.47,255.93,293.27,386.07
291.13,33,341.27,138.6
156.73,42.6,226.07,97
190.87,102.33,311.4,242.07
248.47,323.13,329.53,379.67
1,2.0667,92.733,511.93
141.8,339.13,246.33,511.93
290.07,345.53,341.27,421.27
198.33,154.6,241,252.73
237.8,386.07,341.27,511.93
142.87,285.8,214.33,337
29.8,238.87,91.667,440.47
263.4,87.4,311.4,188.73
28.733,238.87,91.667,511.93
221.8,198.33,269.8,269.8
245.27,200.47,291.13,273
215.4,367.93,289,511.93
145,181.27,214.33,248.47
227.13,170.6,291.13,263.4
190.87,102.33,311.4,235.67
147.13,339.13,227.13,511.93
98.067,167.4,229.27,298.6
207.93,100.2,264.47,196.2
225,1,277.27,180.2
282.6,172.73,341.27,342.33
255.93,345.53,341.27,421.27
106.6,1,155.67,172.73
270.87,425.53,341.27,511.93
254.87,178.07,307.13,277.27
139.67,453.27,181.27,511.93
142.87,285.8,214.33,355.13
190.87,102.33,234.6,161
198.33,154.6,241,245.27
206.87,417,254.87,511.93
142.87,339.13,246.33,511.93
245.27,245.27,341.27,379.67
104.47,1,185.53,286.87
219.67,350.87,280.47,410.6
26.6,217.53,91.667,444.73
196.2,119.4,270.87,206.87
277.27,237.8,322.07,302.87
143.93,282.6,216.47,337
271.93,56.467,312.47,124.73
46.867,217.53,91.667,323.13
291.13,33,341.27,235.67
229.27,344.47,341.27,511.93
207.93,104.47,264.47,178.07
230.33,397.8,341.27,511.93
266.6,153.53,341.27,385
260.2,356.2,341.27,421.27
30.867,238.87,91.667,362.6
277.27,237.8,341.27,385
223.93,161,281.53,248.47
291.13,1,341.27,207.93
265.53,1,317.8,74.6
263.4,87.4,311.4,204.73
260.2,365.8,326.33,422.33
39.4,1,136.47,511.93
51.133,1,157.8,308.2
196.2,119.4,293.27,386.07
143.93,28.733,195.13,86.333
1,2.0667,60.733,511.93
294.33,123.67,341.27,177
223.93,87.4,298.6,206.87
295.4,242.07,341.27,314.6
71.4,1,155.67,182.33
264.47,161,341.27,377.53
230.33,385,334.87,470.33
140.73,71.4,188.73,170.6
242.07,356.2,341.27,511.93
294.33,123.67,341.27,209
242.07,403.13,341.27,511.93
104.47,1,212.2,286.87
280.47,141.8,325.27,235.67
294.33,105.53,341.27,168.47
214.33,261.27,275.13,419.13
261.27,55.4,312.47,125.8
142.87,274.07,211.13,355.13
28.733,238.87,91.667,340.2
120.47,85.267,167.4,222.87
30.867,388.2,92.733,511.93
71.4,1,129,173.8
14.867,1,95.933,423.4
27.667,287.93,84.2,429.8
190.87,102.33,234.6,169.53
294.33,17,341.27,235.67
151.4,89.533,241,246.33
143.93,291.13,202.6,337
122.6,1,212.2,58.6
198.33,1,292.2,266.6
266.6,153.53,341.27,275.13
142.87,285.8,228.2,355.13
284.73,255.93,326.33,344.47
264.47,172.73,341.27,377.53
231.4,145,299.67,249.53
83.133,273,136.47,511.93
249.53,261.27,293.27,377.53
26.6,234.6,84.2,444.73
113,253.8,222.87,511.93
252.73,258.07,309.27,379.67
244.2,445.8,297.53,511.93
262.33,271.93,309.27,379.67
206.87,413.8,254.87,511.93
277.27,237.8,341.27,302.87
278.33,95.933,323.13,138.6
231.4,383.93,341.27,511.93
294.33,89.533,341.27,168.47
131.13,1,238.87,97
71.4,1,155.67,268.73
294.33,175.93,341.27,314.6
282.6,356.2,341.27,421.27
282.6,277.27,341.27,377.53
161,181.27,247.4,511.93
39.4,1,120.47,511.93
198.33,142.87,289,405.27
143.93,6.3333,226.07,97
120.47,85.267,212.2,228.2
47.933,238.87,91.667,328.47
271.93,1,313.53,124.73
165.27,345.53,229.27,511.93
139.67,465,202.6,511.93
33,234.6,83.133,335.93
282.6,273,341.27,356.2
1,1,70.333,511.93
124.73,1,203.67,47.933
270.87,365.8,326.33,413.8
71.4,1,157.8,397.8
83.133,381.8,125.8,511.93
156.73,40.467,226.07,97
1,2.0667,76.733,511.93
143.93,279.4,212.2,337
157.8,212.2,229.27,261.27
280.47,141.8,341.27,235.67
265.53,1,341.27,235.67
161,181.27,215.4,227.13
143.93,1,200.47,108.73
27.667,297.53,73.533,380.73
212.2,345.53,264.47,511.93
161,181.27,238.87,511.93
142.87,285.8,228.2,350.87
139.67,436.2,188.73,490.6
142.87,339.13,227.13,511.93
294.33,123.67,341.27,182.33
206.87,413.8,253.8,511.93
124.73,171.67,214.33,262.33
262.33,287.93,341.27,397.8
71.4,1,136.47,402.07
271.93,1,330.6,145
158.87,181.27,214.33,248.47
292.2,349.8,341.27,421.27
206.87,108.73,251.67,167.4
139.67,436.2,198.33,490.6
71.4,1,157.8,268.73
151.4,89.533,212.2,165.27
1,1,83.133,328.47
161,223.93,223.93,298.6
29.8,330.6,91.667,511.93
206.87,422.33,247.4,511.93
103.4,1,157.8,249.53
25.533,388.2,92.733,511.93
116.2,84.2,157.8,249.53
142.87,392.47,188.73,449
156.73,180.2,214.33,248.47
282.6,273,341.27,355.13
158.87,181.27,259.13,273
300.73,1,341.27,41.533
161,223.93,223.93,311.4
214.33,261.27,281.53,405.27
289,14.867,341.27,235.67
116.2,1,201.53,249.53
143.93,279.4,212.2,349.8
260.2,356.2,341.27,429.8
158.87,274.07,211.13,328.47
139.67,171.67,214.33,262.33
198.33,142.87,278.33,266.6
220.73,161,281.53,248.47
264.47,276.2,341.27,377.53
131.13,69.267,247.4,189.8
292.2,344.47,341.27,421.27
228.2,148.2,270.87,207.93
29.8,341.27,70.333,428.73
172.73,282.6,216.47,324.2
271.93,1,312.47,145
173.8,1,238.87,85.267
130.07,140.73,185.53,228.2
142.87,140.73,185.53,210.07
174.87,100.2,281.53,248.47
280.47,425.53,341.27,511.93
138.6,392.47,188.73,488.47
283.67,175.93,341.27,260.2
249.53,293.27,293.27,377.53
27.667,297.53,76.733,511.93
159.93,212.2,211.13,262.33
162.07,287.93,238.87,376.47
294.33,17,341.27,168.47
197.27,218.6,269.8,269.8
283.67,154.6,341.27,269.8
206.87,87.4,292.2,207.93
223.93,97,264.47,180.2
25.533,1,83.133,341.27
29.8,330.6,70.333,428.73
40.467,2.0667,83.133,328.47
214.33,337,259.13,419.13
29.8,330.6,91.667,447.93
163.13,171.67,214.33,212.2
117.27,85.267,212.2,250.6
223.93,97,270.87,206.87
14.867,1,72.467,159.93
206.87,417,247.4,511.93
207.93,100.2,263.4,196.2
138.6,345.53,222.87,511.93
242.07,445.8,299.67,511.93
148.2,364.73,227.13,511.93
271.93,17,341.27,130.07
126.87,55.4,184.47,129
139.67,211.13,211.13,262.33
214.33,261.27,289,405.27
129,181.27,204.73,337
230.33,385,327.4,460.73
206.87,430.87,247.4,511.93
140.73,90.6,188.73,163.13
165.27,345.53,222.87,511.93
228.2,148.2,291.13,219.67
197.27,218.6,299.67,305
294.33,175.93,341.27,332.73
138.6,392.47,199.4,465
113,253.8,202.6,511.93
280.47,141.8,341.27,269.8
140.73,92.733,188.73,170.6
191.93,261.27,283.67,366.87
140.73,1,200.47,170.6
231.4,145,291.13,206.87
142.87,291.13,204.73,337
268.73,141.8,341.27,258.07
220.73,198.33,269.8,269.8
131.13,1,197.27,58.6
71.4,1,134.33,402.07
129,171.67,204.73,355.13
129,171.67,204.73,337
283.67,154.6,341.27,260.2
294.33,175.93,341.27,260.2
215.4,261.27,275.13,355.13
269.8,425.53,341.27,511.93
214.33,363.67,259.13,405.27
30.867,388.2,71.4,449
248.47,277.27,341.27,379.67
225,1,282.6,114.07
142.87,294.33,204.73,337
103.4,1,152.47,178.07
218.6,183.4,278.33,266.6
158.87,193,284.73,303.93
198.33,142.87,251.67,266.6
247.4,238.87,299.67,305
290.07,277.27,341.27,348.73
40.467,1,83.133,328.47
149.27,467.13,190.87,511.93
120.47,85.267,185.53,228.2
27.667,287.93,92.733,511.93
30.867,380.73,71.4,429.8
148.2,1,202.6,58.6
242.07,460.73,299.67,511.93
247.4,238.87,299.67,292.2
142.87,274.07,238.87,376.47
40.467,1,82.067,328.47
197.27,193,269.8,269.8
30.867,221.8,95.933,340.2
245.27,385,334.87,458.6
174.87,150.33,281.53,248.47
120.47,55.4,185.53,222.87
262.33,242.07,341.27,397.8
165.27,345.53,230.33,511.93
174.87,150.33,234.6,246.33
151.4,89.533,234.6,246.33
214.33,344.47,259.13,419.13
198.33,154.6,251.67,266.6
226.07,104.47,270.87,207.93
142.87,392.47,191.93,446.87
294.33,130.07,341.27,209
226.07,148.2,270.87,207.93
236.73,182.33,281.53,248.47
223.93,327.4,283.67,404.2
245.27,245.27,292.2,350.87
116.2,88.467,157.8,249.53
197.27,198.33,269.8,269.8
126.87,55.4,181.27,129
139.67,453.27,202.6,511.93
245.27,245.27,292.2,321
226.07,87.4,292.2,207.93
30.867,238.87,91.667,343.4
27.667,297.53,73.533,429.8
143.93,291.13,205.8,337
262.33,277.27,341.27,397.8
150.33,465,202.6,511.93
291.13,1,341.27,126.87
247.4,238.87,308.2,347.67
295.4,115.13,341.27,207.93
106.6,1,152.47,81
295.4,178.07,341.27,258.07
161,181.27,238.87,376.47
71.4,1,129,107.67
129,184.47,173.8,296.47
143.93,6.3333,201.53,71.4
142.87,274.07,211.13,337
157.8,212.2,229.27,298.6
297.53,154.6,341.27,223.93
159.93,171.67,215.4,212.2
245.27,385,334.87,470.33
124.73,181.27,173.8,296.47
157.8,339.13,221.8,387.13
165.27,343.4,227.13,511.93
161,214.33,223.93,311.4
143.93,23.4,195.13,86.333
105.53,1,152.47,116.2
104.47,1,152.47,172.73
120.47,85.267,185.53,222.87
27.667,287.93,84.2,380.73
106.6,1,152.47,153.53
30.867,287.93,84.2,340.2
30.867,367.93,71.4,429.8
173.8,1,228.2,85.267
294.33,175.93,341.27,270.87
214.33,332.73,281.53,405.27
242.07,468.2,299.67,511.93
143.93,28.733,195.13,71.4
198.33,154.6,239.93,245.27
