210.07,1,293.27,295.4
259.13,121.53,339.13,511.93
1,1,339.13,511.93
116.2,300.73,223.93,511.93
110.87,1,339.13,511.93
242.07,1,339.13,511.93
79.933,1,239.93,511.93
79.933,1,339.13,511.93
196.2,1,339.13,511.93
209,1,339.13,511.93
122.6,299.67,239.93,511.93
70.333,1,339.13,511.93
143.93,393.53,222.87,460.73
209,1,257,370.07
102.33,209,234.6,511.93
72.467,239.93,114.07,287.93
199.4,1,339.13,511.93
117.27,1,339.13,511.93
209,1,339.13,279.4
177,362.6,242.07,484.2
1,1,151.4,511.93
1,1,139.67,511.93
79.933,1,226.07,356.2
110.87,300.73,257,511.93
104.47,261.27,231.4,511.93
70.333,1,339.13,294.33
140.73,179.13,212.2,230.33
177,362.6,243.13,468.2
1,1,237.8,511.93
72.467,1,339.13,511.93
75.667,1,339.13,511.93
104.47,221.8,221.8,307.13
79.933,1,227.13,391.4
150.33,233.53,221.8,305
136.47,1,218.6,168.47
210.07,1,339.13,511.93
273,162.07,339.13,511.93
177,1,339.13,511.93
1,1,137.53,511.93
99.133,1,183.4,164.2
138.6,100.2,227.13,235.67
122.6,376.47,227.13,511.93
119.4,1,227.13,235.67
75.667,217.53,221.8,433
72.467,1,226.07,433
1,1,154.6,511.93
117.27,278.33,243.13,511.93
72.467,1,247.4,511.93
170.6,1,217.53,43.667
72.467,1,154.6,161
75.667,1,226.07,356.2
72.467,1,154.6,159.93
259.13,259.13,312.47,511.93
140.73,449,190.87,511.93
72.467,1,227.13,235.67
134.33,347.67,193,420.2
70.333,1,237.8,511.93
199.4,1,257,370.07
79.933,7.4,129,195.13
108.73,290.07,239.93,511.93
110.87,316.73,223.93,511.93
289,362.6,339.13,511.93
72.467,1,226.07,239.93
1,1,136.47,511.93
212.2,36.2,253.8,414.87
254.87,252.73,309.27,511.93
1,1,153.53,511.93
273,162.07,339.13,425.53
72.467,1,227.13,391.4
72.467,1,257,511.93
72.467,1,226.07,236.73
166.33,1,339.13,511.93
139.67,109.8,339.13,511.93
177,1,260.2,468.2
72.467,1,219.67,172.73
105.53,234.6,214.33,354.07
79.933,1,235.67,360.47
110.87,300.73,242.07,511.93
210.07,1,293.27,294.33
72.467,1,227.13,360.47
296.47,362.6,339.13,481
81,1,183.4,164.2
170.6,155.67,219.67,212.2
70.333,1,237.8,371.13
121.53,116.2,237.8,371.13
259.13,266.6,312.47,511.93
257,258.07,306.07,511.93
70.333,1,227.13,289
172.73,200.47,227.13,254.87
72.467,153.53,221.8,391.4
139.67,109.8,279.4,511.93
152.47,311.4,194.07,363.67
217.53,1,339.13,294.33
190.87,209,234.6,327.4
79.933,1,227.13,232.47
285.8,362.6,339.13,511.93
138.6,207.93,235.67,327.4
259.13,266.6,308.2,511.93
166.33,431.93,227.13,511.93
81,1,227.13,360.47
70.333,205.8,159.93,289
139.67,109.8,245.27,363.67
101.27,221.8,221.8,391.4
72.467,1,239.93,511.93
116.2,300.73,231.4,511.93
101.27,233.53,221.8,391.4
116.2,300.73,242.07,511.93
119.4,1,180.2,126.87
1,1,138.6,511.93
177,122.6,217.53,169.53
138.6,207.93,226.07,254.87
108.73,1,227.13,232.47
212.2,169.53,269.8,511.93
79.933,6.3333,133.27,216.47
150.33,259.13,220.73,307.13
157.8,1,227.13,170.6
259.13,132.2,305,274.07
121.53,119.4,186.6,235.67
257,264.47,306.07,511.93
72.467,1,154.6,138.6
168.47,1,227.13,198.33
126.87,1,226.07,236.73
70.333,1,179.13,287.93
257,121.53,339.13,511.93
273,162.07,339.13,456.47
102.33,109.8,339.13,511.93
122.6,299.67,231.4,511.93
130.07,1,227.13,170.6
107.67,11.667,184.47,71.4
196.2,1,339.13,327.4
108.73,17,185.53,232.47
172.73,1,339.13,279.4
254.87,1,335.93,309.27
124.73,46.867,179.13,104.47
72.467,1,153.53,143.93
183.4,258.07,279.4,511.93
124.73,46.867,179.13,126.87
285.8,162.07,331.67,280.47
72.467,239.93,247.4,511.93
101.27,219.67,221.8,391.4
257,254.87,309.27,511.93
284.73,218.6,339.13,511.93
72.467,1,179.13,164.2
209,84.2,270.87,511.93
177,306.07,242.07,484.2
258.07,123.67,328.47,337
166.33,123.67,339.13,511.93
190.87,209,235.67,327.4
117.27,299.67,243.13,511.93
259.13,121.53,339.13,337
72.467,1,151.4,119.4
133.27,46.867,185.53,139.67
137.53,376.47,220.73,511.93
70.333,201.53,126.87,287.93
115.13,73.533,182.33,172.73
257,254.87,305,511.93
108.73,299.67,247.4,511.93
137.53,181.27,237.8,371.13
136.47,1,219.67,169.53
166.33,169.53,269.8,511.93
110.87,300.73,239.93,511.93
133.27,82.067,185.53,139.67
137.53,233.53,220.73,331.67
117.27,299.67,223.93,511.93
102.33,257,231.4,379.67
79.933,14.867,121.53,162.07
79.933,7.4,185.53,232.47
121.53,209,234.6,361.53
120.47,1,180.2,126.87
95.933,18.067,179.13,164.2
75.667,217.53,221.8,356.2
121.53,119.4,226.07,235.67
258.07,123.67,339.13,511.93
110.87,328.47,198.33,511.93
138.6,207.93,226.07,253.8
108.73,1,219.67,232.47
108.73,344.47,154.6,511.93
116.2,300.73,239.93,511.93
134.33,302.87,201.53,433
254.87,123.67,339.13,511.93
258.07,222.87,309.27,337
161,1,217.53,121.53
114.07,152.47,219.67,235.67
168.47,1,217.53,44.733
283.67,201.53,339.13,511.93
122.6,306.07,231.4,511.93
135.4,122.6,217.53,169.53
159.93,100.2,227.13,235.67
72.467,236.73,113,287.93
143.93,390.33,222.87,460.73
135.4,122.6,217.53,166.33
279.4,1,339.13,254.87
149.27,241,220.73,307.13
72.467,119.4,124.73,239.93
72.467,1,158.87,143.93
140.73,100.2,227.13,235.67
245.27,1,294.33,258.07
212.2,169.53,289,511.93
105.53,233.53,220.73,354.07
110.87,316.73,151.4,511.93
119.4,1,216.47,102.33
133.27,449,221.8,511.93
116.2,300.73,221.8,511.93
107.67,11.667,184.47,172.73
110.87,328.47,151.4,511.93
123.67,29.8,183.4,149.27
283.67,405.27,339.13,511.93
72.467,239.93,137.53,343.4
259.13,121.53,311.4,296.47
116.2,443.67,175.93,511.93
150.33,454.33,222.87,511.93
159.93,100.2,227.13,226.07
122.6,390.33,227.13,511.93
132.2,100.2,183.4,149.27
217.53,282.6,263.4,373.27
297.53,376.47,339.13,511.93
102.33,1,226.07,360.47
283.67,252.73,339.13,511.93
252.73,1,339.13,242.07
135.4,319.93,193,391.4
220.73,1,293.27,295.4
273,162.07,339.13,319.93
196.2,1,294.33,327.4
283.67,1,324.2,151.4
260.2,123.67,328.47,282.6
101.27,233.53,220.73,356.2
212.2,169.53,309.27,511.93
116.2,358.33,198.33,511.93
126.87,116.2,226.07,236.73
104.47,119.4,226.07,360.47
101.27,217.53,220.73,356.2
105.53,234.6,190.87,354.07
72.467,214.33,131.13,287.93
70.333,108.73,227.13,289
217.53,1,291.13,212.2
104.47,233.53,220.73,356.2
79.933,1,227.13,235.67
79.933,1,226.07,360.47
120.47,235.67,214.33,355.13
122.6,287.93,188.73,360.47
101.27,234.6,193,391.4
281.53,307.13,339.13,396.73
121.53,1,237.8,371.13
120.47,1,180.2,70.333
110.87,319.93,151.4,511.93
221.8,1,293.27,295.4
296.47,362.6,339.13,511.93
282.6,1,339.13,254.87
119.4,43.667,178.07,98.067
242.07,175.93,339.13,511.93
196.2,181.27,237.8,327.4
79.933,1,226.07,236.73
281.53,218.6,339.13,511.93
117.27,8.4667,169.53,54.333
101.27,233.53,221.8,354.07
121.53,57.533,180.2,131.13
251.67,218.6,339.13,511.93
104.47,261.27,231.4,378.6
117.27,8.4667,170.6,54.333
121.53,237.8,220.73,361.53
136.47,1,227.13,170.6
108.73,299.67,221.8,511.93
251.67,259.13,308.2,511.93
278.33,162.07,339.13,337
70.333,201.53,126.87,248.47
119.4,234.6,214.33,354.07
116.2,450.07,175.93,511.93
175.93,100.2,220.73,185.53
119.4,42.6,177,98.067
146.07,428.73,194.07,511.93
140.73,236.73,214.33,307.13
257,266.6,308.2,511.93
108.73,290.07,151.4,511.93
260.2,132.2,305,249.53
297.53,370.07,339.13,511.93
209,1,293.27,295.4
171.67,1,217.53,43.667
116.2,319.93,198.33,511.93
126.87,116.2,183.4,232.47
259.13,266.6,307.13,511.93
251.67,342.33,308.2,511.93
169.53,299.67,219.67,361.53
212.2,1,326.33,511.93
136.47,1,219.67,168.47
121.53,116.2,226.07,235.67
259.13,186.6,335.93,309.27
146.07,236.73,214.33,307.13
140.73,236.73,220.73,307.13
292.2,218.6,339.13,417
181.27,1,227.13,198.33
108.73,344.47,197.27,511.93
72.467,153.53,139.67,319.93
120.47,233.53,220.73,356.2
124.73,85.267,181.27,136.47
135.4,236.73,190.87,348.73
212.2,1,339.13,511.93
117.27,299.67,221.8,511.93
108.73,1,226.07,232.47
139.67,231.4,214.33,271.93
283.67,265.53,339.13,337
104.47,152.47,226.07,235.67
119.4,42.6,177,84.2
140.73,179.13,214.33,232.47
215.4,303.93,257,511.93
105.53,233.53,221.8,354.07
282.6,1,324.2,195.13
137.53,236.73,191.93,331.67
132.2,1,219.67,169.53
164.2,299.67,219.67,371.13
199.4,1,260.2,370.07
135.4,235.67,214.33,355.13
210.07,1,251.67,280.47
285.8,467.13,339.13,511.93
72.467,239.93,114.07,284.73
120.47,233.53,220.73,355.13
150.33,316.73,220.73,361.53
108.73,290.07,222.87,511.93
146.07,233.53,216.47,286.87
212.2,169.53,259.13,511.93
173.8,299.67,220.73,360.47
141.8,259.13,231.4,379.67
141.8,300.73,231.4,371.13
251.67,1,339.13,511.93
197.27,109.8,245.27,324.2
259.13,121.53,311.4,274.07
79.933,11.667,133.27,216.47
110.87,300.73,222.87,511.93
278.33,229.27,328.47,282.6
171.67,1,227.13,123.67
281.53,303.93,339.13,511.93
143.93,376.47,222.87,460.73
122.6,449,215.4,511.93
102.33,257,153.53,360.47
102.33,233.53,220.73,360.47
120.47,1,175.93,70.333
183.4,378.6,234.6,511.93
217.53,258.07,263.4,373.27
110.87,328.47,222.87,511.93
245.27,1,339.13,258.07
81,1,226.07,360.47
101.27,217.53,153.53,356.2
283.67,1,339.13,159.93
229.27,310.33,279.4,511.93
285.8,405.27,339.13,511.93
72.467,1,174.87,119.4
115.13,73.533,165.27,172.73
285.8,429.8,339.13,511.93
70.333,107.67,141.8,287.93
143.93,376.47,221.8,442.6
242.07,175.93,308.2,511.93
209,106.6,270.87,511.93
102.33,209,234.6,379.67
143.93,406.33,195.13,511.93
249.53,1,293.27,295.4
108.73,17,227.13,232.47
177,371.13,228.2,468.2
174.87,179.13,227.13,226.07
72.467,1,217.53,126.87
79.933,8.4667,125.8,156.73
72.467,1,174.87,120.47
292.2,218.6,339.13,286.87
281.53,218.6,339.13,407.4
123.67,29.8,179.13,102.33
297.53,442.6,339.13,511.93
212.2,169.53,260.2,511.93
196.2,67.133,239.93,327.4
119.4,234.6,190.87,354.07
293.27,201.53,337,260.2
139.67,231.4,214.33,287.93
281.53,307.13,339.13,511.93
133.27,449,215.4,511.93
133.27,376.47,222.87,511.93
138.6,390.33,222.87,460.73
101.27,234.6,190.87,354.07
159.93,122.6,217.53,169.53
217.53,258.07,279.4,511.93
116.2,390.33,199.4,511.93
197.27,109.8,245.27,327.4
170.6,1,217.53,99.133
183.4,371.13,234.6,511.93
260.2,121.53,311.4,235.67
257,342.33,307.13,511.93
133.27,82.067,217.53,139.67
138.6,142.87,226.07,199.4
245.27,1,293.27,294.33
138.6,390.33,227.13,511.93
257,363.67,297.53,511.93
197.27,109.8,245.27,363.67
174.87,100.2,227.13,235.67
114.07,152.47,226.07,235.67
279.4,1,319.93,105.53
154.6,259.13,221.8,316.73
135.4,235.67,214.33,348.73
104.47,108.73,227.13,235.67
148.2,398.87,219.67,456.47
104.47,119.4,220.73,360.47
72.467,239.93,139.67,345.53
140.73,236.73,221.8,307.13
141.8,235.67,214.33,305
126.87,116.2,219.67,232.47
165.27,1,217.53,121.53
283.67,1,339.13,254.87
212.2,36.2,259.13,511.93
117.27,374.33,195.13,511.93
124.73,1,217.53,126.87
149.27,241,219.67,307.13
131.13,431.93,190.87,511.93
101.27,231.4,153.53,356.2
121.53,237.8,190.87,318.87
157.8,78.867,217.53,170.6
142.87,376.47,222.87,460.73
139.67,207.93,226.07,253.8
143.93,361.53,221.8,442.6
115.13,73.533,178.07,172.73
115.13,45.8,179.13,172.73
121.53,237.8,189.8,318.87
259.13,266.6,306.07,492.73
72.467,1,184.47,172.73
257,266.6,307.13,511.93
163.13,379.67,220.73,426.6
252.73,1,326.33,221.8
141.8,306.07,231.4,378.6
123.67,29.8,179.13,115.13
122.6,69.267,179.13,126.87
163.13,155.67,219.67,214.33
141.8,300.73,231.4,442.6
130.07,100.2,217.53,169.53
283.67,370.07,339.13,511.93
72.467,214.33,139.67,319.93
171.67,25.533,218.6,123.67
190.87,181.27,237.8,327.4
196.2,1,251.67,327.4
137.53,431.93,190.87,511.93
132.2,130.07,226.07,218.6
190.87,209,234.6,314.6
72.467,239.93,154.6,511.93
120.47,1,175.93,69.267
99.133,18.067,183.4,164.2
254.87,186.6,335.93,309.27
137.53,233.53,220.73,371.13
259.13,186.6,339.13,511.93
133.27,46.867,217.53,139.67
130.07,100.2,217.53,170.6
153.53,299.67,221.8,453.27
141.8,293.27,231.4,378.6
81,1,183.4,197.27
70.333,163.13,126.87,287.93
120.47,1,180.2,71.4
170.6,1,217.53,61.8
258.07,222.87,298.6,296.47
259.13,264.47,312.47,381.8
257,346.6,306.07,511.93
78.867,1,174.87,73.533
117.27,361.53,195.13,511.93
70.333,201.53,141.8,287.93
181.27,142.87,226.07,199.4
209,1,251.67,279.4
135.4,233.53,221.8,348.73
72.467,1,153.53,86.333
278.33,123.67,328.47,282.6
171.67,1,217.53,63.933
165.27,100.2,227.13,235.67
150.33,233.53,220.73,307.13
281.53,228.2,339.13,407.4
104.47,119.4,220.73,331.67
215.4,106.6,270.87,511.93
177,78.867,217.53,169.53
257,258.07,312.47,511.93
134.33,311.4,194.07,420.2
142.87,158.87,226.07,218.6
143.93,461.8,191.93,511.93
260.2,150.33,300.73,249.53
162.07,116.2,217.53,168.47
164.2,158.87,226.07,218.6
297.53,374.33,339.13,511.93
296.47,425.53,339.13,481
217.53,1,291.13,294.33
246.33,1,326.33,308.2
120.47,1,174.87,46.867
88.467,287.93,139.67,345.53
85.267,281.53,137.53,343.4
70.333,215.4,131.13,289
107.67,1,226.07,235.67
177,405.27,223.93,468.2
120.47,19.133,184.47,66.067
296.47,425.53,339.13,511.93
136.47,110.87,218.6,169.53
162.07,30.867,217.53,168.47
134.33,311.4,194.07,433
183.4,378.6,234.6,467.13
260.2,150.33,300.73,216.47
278.33,162.07,328.47,282.6
259.13,186.6,335.93,388.2
259.13,266.6,306.07,511.93
143.93,376.47,222.87,449
139.67,453.27,184.47,511.93
209,1,259.13,279.4
259.13,181.27,303.93,274.07
78.867,1,174.87,103.4
279.4,1,339.13,194.07
150.33,465,191.93,511.93
150.33,316.73,217.53,361.53
120.47,1,180.2,54.333
119.4,1,217.53,126.87
157.8,1,217.53,170.6
283.67,162.07,339.13,337
84.2,234.6,141.8,287.93
162.07,156.73,219.67,199.4
72.467,1,154.6,120.47
251.67,266.6,308.2,511.93
116.2,369,198.33,511.93
143.93,428.73,194.07,511.93
104.47,261.27,188.73,360.47
102.33,234.6,153.53,360.47
175.93,30.867,218.6,133.27
79.933,52.2,133.27,216.47
257,264.47,312.47,511.93
259.13,266.6,307.13,492.73
137.53,376.47,223.93,511.93
252.73,1,293.27,193
227.13,33,281.53,294.33
101.27,217.53,221.8,356.2
88.467,287.93,154.6,511.93
174.87,179.13,227.13,235.67
175.93,100.2,217.53,169.53
296.47,408.47,339.13,481
155.67,360.47,197.27,449
131.13,113,182.33,155.67
152.47,321,193,363.67
297.53,430.87,339.13,511.93
88.467,287.93,137.53,343.4
107.67,1,184.47,172.73
153.53,299.67,220.73,431.93
131.13,396.73,195.13,511.93
279.4,1,326.33,105.53
70.333,205.8,140.73,289
116.2,42.6,169.53,111.93
115.13,43.667,179.13,172.73
107.67,11.667,184.47,150.33
172.73,200.47,227.13,253.8
79.933,13.8,129,185.53
141.8,347.67,193,392.47
131.13,360.47,197.27,511.93
170.6,165.27,219.67,212.2
79.933,1,226.07,232.47
161,1,217.53,61.8
161,1,227.13,123.67
70.333,163.13,141.8,287.93
79.933,52.2,121.53,132.2
156.73,1,217.53,63.933
246.33,121.53,311.4,308.2
297.53,402.07,339.13,511.93
120.47,1,175.93,47.933
279.4,1,322.07,105.53
126.87,116.2,226.07,232.47
141.8,334.87,221.8,379.67
149.27,379.67,221.8,442.6
137.53,398.87,219.67,511.93
177,408.47,223.93,484.2
174.87,100.2,227.13,226.07
146.07,360.47,197.27,511.93
131.13,390.33,199.4,511.93
146.07,209,234.6,331.67
274.07,162.07,339.13,289
146.07,233.53,220.73,331.67
149.27,242.07,214.33,307.13
248.47,1,293.27,295.4
125.8,237.8,189.8,318.87
189.8,372.2,247.4,511.93
126.87,99.133,219.67,232.47
117.27,396.73,195.13,511.93
225,106.6,270.87,511.93
79.933,8.4667,121.53,156.73
150.33,1,218.6,168.47
138.6,142.87,226.07,218.6
79.933,13.8,129,194.07
150.33,259.13,214.33,307.13
132.2,130.07,183.4,171.67
146.07,236.73,187.67,286.87
73.533,215.4,133.27,261.27
168.47,1,217.53,87.4
146.07,233.53,220.73,307.13
117.27,371.13,195.13,511.93
104.47,233.53,220.73,331.67
135.4,236.73,189.8,348.73
131.13,449,190.87,511.93
116.2,390.33,222.87,511.93
296.47,425.53,339.13,507.67
120.47,1,177,98.067
156.73,1,219.67,133.27
120.47,1,175.93,71.4
70.333,201.53,126.87,264.47
254.87,121.53,311.4,307.13
148.2,398.87,199.4,442.6
141.8,235.67,187.67,283.67
73.533,215.4,131.13,289
173.8,299.67,221.8,453.27
171.67,25.533,215.4,99.133
139.67,406.33,195.13,511.93
146.07,233.53,216.47,307.13
251.67,363.67,297.53,511.93
262.33,259.13,312.47,388.2
180.2,321,231.4,371.13
79.933,18.067,133.27,216.47
284.73,354.07,339.13,511.93
168.47,1,217.53,121.53
108.73,11.667,219.67,232.47
125.8,233.53,216.47,330.6
260.2,149.27,305,249.53
257,363.67,297.53,481
78.867,1,154.6,73.533
260.2,150.33,300.73,235.67
249.53,1,291.13,172.73
126.87,29.8,179.13,102.33
141.8,321,231.4,371.13
143.93,376.47,220.73,426.6
107.67,11.667,184.47,127.93
164.2,158.87,219.67,209
156.73,1,218.6,168.47
70.333,215.4,140.73,289
131.13,398.87,199.4,511.93
284.73,389.27,339.13,511.93
120.47,1,180.2,47.933
131.13,396.73,184.47,511.93
125.8,233.53,220.73,330.6
257,353,306.07,511.93
174.87,299.67,220.73,360.47
162.07,30.867,218.6,168.47
171.67,1,219.67,57.533
282.6,1,326.33,221.8
153.53,360.47,197.27,431.93
70.333,215.4,133.27,261.27
114.07,152.47,183.4,235.67
107.67,1,184.47,71.4
279.4,1,319.93,59.667
146.07,461.8,191.93,511.93
124.73,45.8,179.13,127.93
262.33,266.6,306.07,388.2
70.333,215.4,133.27,289
162.07,95.933,217.53,168.47
107.67,1,174.87,71.4
156.73,1,219.67,57.533
125.8,233.53,216.47,318.87
171.67,1,219.67,47.933
