65,1,205.8,511.93
65,1,341.27,511.93
1,1,341.27,511.93
60.733,1,341.27,511.93
1,1,244.2,511.93
57.533,1,137.53,511.93
237.8,188.73,316.73,353
1,1,120.47,511.93
85.267,239.93,126.87,318.87
232.47,1,333.8,511.93
1,1,119.4,511.93
270.87,1,341.27,511.93
127.93,1,297.53,426.6
136.47,1,341.27,511.93
133.27,8.4667,173.8,511.93
60.733,1,156.73,511.93
133.27,1,244.2,511.93
65,12.733,136.47,511.93
1,1,191.93,511.93
92.733,318.87,136.47,511.93
243.13,73.533,326.33,414.87
138.6,1,193,511.93
93.8,20.2,150.33,511.93
57.533,1,341.27,511.93
127.93,1,341.27,511.93
60.733,1,136.47,511.93
1,1,178.07,511.93
155.67,394.6,245.27,511.93
57.533,1,146.07,511.93
243.13,27.667,307.13,334.87
136.47,280.47,271.93,511.93
133.27,1,341.27,511.93
233.53,1,333.8,359.4
62.867,188.73,126.87,261.27
93.8,8.4667,191.93,511.93
62.867,188.73,126.87,317.8
138.6,1,297.53,197.27
244.2,234.6,318.87,353
230.33,328.47,333.8,511.93
139.67,76.733,246.33,511.93
243.13,1,341.27,511.93
243.13,1,341.27,484.2
23.4,84.2,116.2,214.33
89.533,20.2,150.33,511.93
138.6,1,180.2,197.27
235.67,234.6,319.93,511.93
217.53,1,341.27,511.93
1,1,121.53,511.93
154.6,394.6,243.13,511.93
292.2,1,341.27,511.93
273,98.067,326.33,151.4
253.8,234.6,314.6,276.2
142.87,1,341.27,511.93
152.47,129,243.13,511.93
206.87,27.667,254.87,180.2
140.73,235.67,243.13,511.93
139.67,6.3333,245.27,511.93
60.733,200.47,135.4,412.73
1,1,115.13,511.93
248.47,73.533,326.33,343.4
139.67,154.6,252.73,339.13
153.53,1,244.2,201.53
23.4,1,118.33,284.73
147.13,114.07,245.27,218.6
249.53,1,298.6,81
234.6,110.87,279.4,225
249.53,190.87,303.93,275.13
138.6,1,284.73,197.27
263.4,235.67,326.33,343.4
164.2,412.73,245.27,511.93
268.73,340.2,315.67,421.27
243.13,397.8,305,511.93
142.87,314.6,341.27,511.93
1,1,156.73,511.93
155.67,94.867,244.2,157.8
24.467,187.67,94.867,316.73
244.2,156.73,322.07,353
265.53,333.8,334.87,511.93
23.4,1,191.93,511.93
23.4,152.47,127.93,391.4
210.07,1,341.27,511.93
142.87,327.4,246.33,511.93
243.13,290.07,329.53,511.93
248.47,301.8,318.87,511.93
271.93,1,329.53,92.733
243.13,1,341.27,414.87
268.73,1,339.13,193
140.73,263.4,243.13,511.93
127.93,1,297.53,137.53
150.33,236.73,229.27,319.93
210.07,328.47,333.8,511.93
244.2,1,341.27,357.27
138.6,1,244.2,511.93
62.867,52.2,116.2,199.4
248.47,1,298.6,186.6
1,1,118.33,511.93
247.4,283.67,319.93,351.93
23.4,123.67,132.2,322.07
247.4,321,321,420.2
93.8,8.4667,173.8,511.93
155.67,1,326.33,356.2
153.53,129,235.67,187.67
136.47,1,297.53,511.93
60.733,1,178.07,511.93
151.4,198.33,235.67,238.87
248.47,331.67,315.67,511.93
252.73,188.73,325.27,331.67
269.8,377.53,310.33,442.6
23.4,296.47,117.27,511.93
150.33,235.67,232.47,282.6
142.87,357.27,271.93,511.93
243.13,242.07,329.53,511.93
99.133,1,244.2,199.4
243.13,131.13,322.07,350.87
153.53,321,243.13,511.93
58.6,311.4,117.27,511.93
39.4,232.47,83.133,277.27
151.4,263.4,243.13,511.93
138.6,1,341.27,511.93
154.6,413.8,242.07,511.93
93.8,55.4,150.33,511.93
57.533,123.67,131.13,484.2
273,1,341.27,302.87
139.67,1,341.27,511.93
243.13,131.13,322.07,335.93
299.67,4.2,341.27,139.67
140.73,290.07,329.53,511.93
253.8,234.6,316.73,276.2
23.4,152.47,127.93,326.33
221.8,1,298.6,180.2
278.33,1,341.27,511.93
60.733,52.2,136.47,511.93
150.33,191.93,244.2,339.13
244.2,213.27,319.93,359.4
255.93,242.07,310.33,299.67
142.87,27.667,295.4,137.53
107.67,280.47,177,511.93
139.67,190.87,190.87,426.6
139.67,190.87,181.27,271.93
248.47,1,318.87,189.8
136.47,154.6,271.93,511.93
244.2,156.73,322.07,357.27
221.8,1,326.33,180.2
52.2,321,121.53,472.47
60.733,1,178.07,321
127.93,1,297.53,171.67
139.67,114.07,246.33,426.6
245.27,13.8,325.27,358.33
270.87,417,313.53,460.73
133.27,1,242.07,116.2
248.47,73.533,318.87,187.67
62.867,1,137.53,229.27
140.73,1,325.27,236.73
140.73,309.27,324.2,511.93
139.67,154.6,252.73,340.2
147.13,114.07,246.33,305
249.53,331.67,315.67,425.53
142.87,327.4,341.27,511.93
262.33,87.4,318.87,189.8
153.53,154.6,243.13,511.93
153.53,457.53,241,511.93
265.53,353,329.53,511.93
217.53,331.67,334.87,511.93
300.73,1,341.27,511.93
152.47,223.93,236.73,281.53
230.33,371.13,296.47,511.93
243.13,204.73,341.27,511.93
141.8,1,183.4,107.67
270.87,1,317.8,52.2
254.87,243.13,314.6,284.73
156.73,1,270.87,57.533
268.73,378.6,314.6,445.8
139.67,1,322.07,271.93
255.93,201.53,322.07,285.8
26.6,265.53,82.067,316.73
99.133,1,244.2,511.93
150.33,236.73,244.2,339.13
39.4,232.47,83.133,309.27
244.2,290.07,319.93,511.93
93.8,308.2,136.47,511.93
158.87,35.133,242.07,78.867
23.4,1,137.53,322.07
23.4,1,244.2,511.93
271.93,1,341.27,91.667
271.93,87.4,326.33,147.13
246.33,187.67,317.8,284.73
265.53,333.8,341.27,511.93
268.73,1,341.27,193
246.33,150.33,314.6,235.67
140.73,428.73,193,511.93
246.33,270.87,341.27,511.93
157.8,63.933,247.4,179.13
23.4,1,137.53,325.27
237.8,111.93,279.4,225
243.13,371.13,305,511.93
154.6,321,243.13,395.67
142.87,381.8,241,511.93
270.87,49,314.6,92.733
1,1,117.27,511.93
235.67,1,333.8,511.93
60.733,1,164.2,511.93
139.67,154.6,252.73,383.93
273,168.47,322.07,220.73
244.2,188.73,316.73,353
154.6,401,242.07,511.93
235.67,290.07,319.93,511.93
150.33,327.4,246.33,433
153.53,1,323.13,235.67
249.53,1,315.67,186.6
268.73,321,321,445.8
57.533,123.67,130.07,315.67
271.93,49,318.87,90.6
24.467,204.73,82.067,316.73
133.27,1,244.2,195.13
23.4,8.4667,177,511.93
113,1,205.8,107.67
139.67,154.6,252.73,308.2
239.93,131.13,322.07,350.87
155.67,103.4,243.13,157.8
156.73,3.1333,197.27,49
24.467,265.53,82.067,316.73
251.67,314.6,321,465
273,1,341.27,511.93
246.33,262.33,341.27,511.93
230.33,333.8,341.27,511.93
142.87,408.47,241,487.4
60.733,191.93,127.93,342.33
139.67,1,329.53,511.93
155.67,1,326.33,180.2
251.67,314.6,321,445.8
151.4,198.33,239.93,289
248.47,452.2,310.33,511.93
159.93,301.8,203.67,360.47
152.47,327.4,246.33,433
246.33,187.67,317.8,276.2
164.2,431.93,245.27,511.93
244.2,1,333.8,359.4
182.33,148.2,239.93,196.2
137.53,13.8,178.07,197.27
153.53,1,244.2,116.2
60.733,187.67,126.87,321
243.13,131.13,308.2,279.4
57.533,123.67,132.2,318.87
153.53,301.8,242.07,399.93
140.73,309.27,329.53,511.93
60.733,200.47,125.8,317.8
244.2,283.67,319.93,359.4
249.53,1,341.27,186.6
158.87,1,244.2,95.933
157.8,236.73,239.93,329.53
152.47,1,325.27,236.73
157.8,301.8,207.93,360.47
232.47,1,341.27,511.93
249.53,1,317.8,186.6
158.87,1,243.13,41.533
244.2,312.47,305,353
270.87,331.67,314.6,420.2
140.73,1,341.27,236.73
23.4,84.2,116.2,204.73
244.2,235.67,319.93,359.4
150.33,236.73,244.2,334.87
157.8,394.6,245.27,511.93
243.13,301.8,329.53,511.93
153.53,129,239.93,329.53
152.47,31.933,247.4,179.13
254.87,317.8,311.4,358.33
255.93,1,341.27,511.93
249.53,190.87,326.33,343.4
157.8,301.8,203.67,360.47
142.87,422.33,214.33,511.93
232.47,71.4,298.6,180.2
270.87,117.27,318.87,174.87
153.53,1,244.2,195.13
156.73,236.73,235.67,281.53
23.4,152.47,126.87,326.33
139.67,154.6,245.27,308.2
246.33,187.67,305,235.67
244.2,150.33,322.07,357.27
243.13,27.667,322.07,397.8
247.4,327.4,305,412.73
60.733,1,136.47,342.33
274.07,13.8,316.73,66.067
153.53,1,194.07,116.2
23.4,232.47,77.8,311.4
254.87,234.6,303.93,275.13
139.67,1,322.07,391.4
133.27,1,194.07,116.2
300.73,4.2,341.27,139.67
247.4,1,333.8,235.67
151.4,173.8,245.27,350.87
273,1,316.73,44.733
243.13,234.6,305,414.87
133.27,1,244.2,289
85.267,183.4,132.2,318.87
249.53,1,326.33,186.6
65,9.5333,189.8,511.93
155.67,191.93,239.93,273
158.87,1,243.13,46.867
151.4,198.33,235.67,281.53
12.733,386.07,120.47,511.93
65,15.933,131.13,316.73
206.87,27.667,254.87,137.53
245.27,1,286.87,78.867
154.6,369,242.07,511.93
233.53,72.467,279.4,225
98.067,8.4667,153.53,504.47
140.73,315.67,244.2,511.93
107.67,158.87,177,511.93
24.467,246.33,82.067,316.73
270.87,417,315.67,460.73
12.733,421.27,120.47,511.93
247.4,248.47,317.8,330.6
246.33,419.13,341.27,511.93
139.67,1,323.13,511.93
164.2,1,244.2,91.667
52.2,354.07,115.13,472.47
273,1,330.6,66.067
153.53,1,234.6,116.2
243.13,301.8,318.87,511.93
244.2,187.67,318.87,357.27
74.6,191.93,127.93,264.47
24.467,200.47,77.8,284.73
248.47,445.8,310.33,511.93
193,391.4,246.33,433
26.6,204.73,77.8,270.87
151.4,198.33,244.2,511.93
231.4,27.667,295.4,134.33
243.13,131.13,314.6,414.87
52.2,391.4,115.13,472.47
155.67,392.47,212.2,437.27
273,378.6,314.6,420.2
99.133,1,153.53,50.067
247.4,282.6,315.67,330.6
191.93,1,248.47,91.667
101.27,1,178.07,202.6
62.867,1,136.47,229.27
243.13,1,333.8,205.8
139.67,190.87,191.93,271.93
269.8,9.5333,329.53,87.4
65,9.5333,146.07,511.93
153.53,1,238.87,116.2
153.53,35.133,244.2,195.13
151.4,1,244.2,511.93
202.6,204.73,243.13,308.2
253.8,73.533,318.87,187.67
260.2,181.27,325.27,236.73
153.53,470.33,241,511.93
293.27,62.867,339.13,193
151.4,181.27,239.93,289
140.73,1,341.27,511.93
23.4,152.47,127.93,386.07
142.87,440.47,241,511.93
94.867,8.4667,153.53,504.47
249.53,189.8,322.07,275.13
293.27,62.867,339.13,124.73
140.73,322.07,193,511.93
139.67,190.87,244.2,426.6
271.93,47.933,329.53,90.6
142.87,283.67,246.33,511.93
152.47,1,297.53,116.2
152.47,31.933,244.2,177
206.87,70.333,247.4,179.13
148.2,114.07,239.93,198.33
157.8,236.73,235.67,281.53
142.87,408.47,232.47,468.2
151.4,263.4,243.13,395.67
266.6,445.8,310.33,511.93
254.87,234.6,322.07,275.13
248.47,1,323.13,189.8
164.2,1,242.07,43.667
57.533,123.67,130.07,267.67
153.53,1,243.13,154.6
244.2,234.6,317.8,334.87
142.87,283.67,244.2,511.93
251.67,285.8,319.93,351.93
249.53,331.67,293.27,399.93
243.13,234.6,314.6,414.87
243.13,27.667,307.13,397.8
243.13,309.27,324.2,511.93
153.53,1,244.2,151.4
139.67,63.933,247.4,391.4
271.93,338.07,314.6,420.2
252.73,274.07,322.07,331.67
153.53,154.6,244.2,511.93
249.53,1,298.6,109.8
151.4,282.6,230.33,323.13
243.13,13.8,325.27,414.87
260.2,193,316.73,234.6
243.13,27.667,316.73,397.8
246.33,92.733,295.4,134.33
247.4,235.67,308.2,276.2
93.8,55.4,149.27,412.73
248.47,332.73,317.8,511.93
60.733,200.47,125.8,315.67
152.47,226.07,229.27,269.8
217.53,1,334.87,511.93
245.27,1,297.53,114.07
247.4,1,326.33,205.8
153.53,1,246.33,76.733
291.13,277.27,341.27,485.27
267.67,353,329.53,511.93
147.13,114.07,237.8,159.93
142.87,381.8,241,487.4
245.27,67.133,315.67,135.4
151.4,259.13,244.2,334.87
150.33,237.8,230.33,290.07
154.6,364.73,242.07,511.93
246.33,13.8,322.07,187.67
249.53,315.67,332.73,445.8
270.87,90.6,318.87,170.6
158.87,236.73,230.33,283.67
252.73,301.8,318.87,353
68.2,200.47,125.8,317.8
94.867,8.4667,177,511.93
249.53,355.13,302.87,510.87
81,269.8,136.47,511.93
60.733,187.67,126.87,317.8
248.47,331.67,334.87,511.93
270.87,90.6,322.07,182.33
74.6,200.47,125.8,314.6
252.73,243.13,317.8,284.73
142.87,321,242.07,511.93
245.27,13.8,325.27,269.8
249.53,71.4,322.07,187.67
243.13,1,326.33,205.8
273,107.67,326.33,182.33
255.93,201.53,322.07,248.47
136.47,280.47,244.2,430.87
249.53,331.67,300.73,399.93
62.867,1,136.47,261.27
153.53,129,243.13,511.93
252.73,188.73,325.27,358.33
147.13,114.07,239.93,198.33
139.67,190.87,244.2,375.4
249.53,332.73,317.8,477.8
247.4,189.8,316.73,232.47
252.73,244.2,317.8,284.73
154.6,438.33,232.47,511.93
235.67,157.8,329.53,511.93
255.93,242.07,314.6,299.67
140.73,467.13,193,511.93
249.53,1,318.87,186.6
234.6,72.467,279.4,225
248.47,1,289,81
247.4,234.6,317.8,276.2
23.4,259.13,94.867,322.07
231.4,371.13,296.47,511.93
58.6,388.2,117.27,511.93
140.73,4.2,181.27,197.27
57.533,123.67,130.07,305
254.87,243.13,317.8,284.73
247.4,235.67,315.67,280.47
150.33,1,322.07,196.2
247.4,181.27,321,232.47
248.47,332.73,333.8,511.93
273,1,323.13,66.067
271.93,52.2,322.07,116.2
246.33,187.67,317.8,235.67
248.47,156.73,322.07,235.67
140.73,322.07,189.8,511.93
162.07,236.73,235.67,281.53
142.87,408.47,241,511.93
127.93,1,268.73,57.533
234.6,67.133,315.67,225
153.53,236.73,243.13,511.93
26.6,204.73,82.067,316.73
151.4,263.4,242.07,365.8
182.33,117.27,243.13,183.4
148.2,114.07,233.53,159.93
237.8,166.33,279.4,225
257,185.53,321,235.67
60.733,200.47,136.47,511.93
300.73,1,341.27,193
65,124.73,131.13,316.73
248.47,73.533,325.27,236.73
164.2,413.8,245.27,511.93
99.133,1,183.4,199.4
153.53,148.2,239.93,196.2
154.6,1,243.13,77.8
249.53,270.87,341.27,468.2
249.53,331.67,314.6,420.2
138.6,1,197.27,197.27
152.47,181.27,239.93,226.07
60.733,191.93,127.93,317.8
247.4,282.6,314.6,330.6
23.4,152.47,126.87,316.73
142.87,283.67,244.2,473.53
243.13,364.73,324.2,511.93
271.93,47.933,329.53,91.667
255.93,242.07,318.87,285.8
247.4,234.6,316.73,276.2
142.87,31.933,245.27,137.53
151.4,173.8,245.27,334.87
153.53,1,323.13,511.93
248.47,1,317.8,189.8
60.733,188.73,126.87,317.8
153.53,143.93,244.2,511.93
155.67,180.2,239.93,235.67
248.47,298.6,317.8,511.93
293.27,419.13,341.27,511.93
268.73,1,329.53,92.733
142.87,31.933,242.07,117.27
246.33,73.533,318.87,187.67
248.47,156.73,322.07,228.2
273,1,313.53,44.733
26.6,232.47,85.267,315.67
249.53,1,333.8,186.6
205.8,70.333,247.4,179.13
234.6,67.133,315.67,135.4
153.53,361.53,205.8,438.33
247.4,242.07,329.53,511.93
154.6,2.0667,233.53,77.8
253.8,117.27,318.87,178.07
248.47,185.53,321,235.67
153.53,154.6,234.6,195.13
26.6,123.67,132.2,318.87
244.2,188.73,305,353
156.73,263.4,239.93,355.13
153.53,1,244.2,159.93
273,126.87,326.33,182.33
260.2,142.87,325.27,236.73
62.867,77.8,116.2,199.4
153.53,129,239.93,235.67
266.6,444.73,321,511.93
62.867,155.67,116.2,229.27
270.87,1,323.13,54.333
291.13,204.73,341.27,485.27
266.6,460.73,310.33,511.93
156.73,1,284.73,77.8
127.93,1,297.53,57.533
247.4,234.6,319.93,319.93
255.93,242.07,318.87,330.6
154.6,263.4,243.13,395.67
260.2,193,321,236.73
248.47,447.93,334.87,511.93
93.8,167.4,135.4,355.13
155.67,180.2,239.93,238.87
243.13,331.67,324.2,511.93
247.4,235.67,319.93,285.8
260.2,242.07,318.87,285.8
249.53,213.27,322.07,275.13
99.133,1,205.8,107.67
243.13,177,307.13,334.87
243.13,131.13,308.2,335.93
151.4,282.6,242.07,365.8
163.13,333.8,244.2,511.93
269.8,20.2,329.53,87.4
273,1,323.13,46.867
57.533,189.8,126.87,267.67
253.8,117.27,318.87,187.67
253.8,234.6,303.93,276.2
142.87,331.67,244.2,426.6
156.73,263.4,239.93,329.53
62.867,152.47,115.13,199.4
156.73,408.47,241,468.2
142.87,422.33,190.87,468.2
154.6,77.8,244.2,138.6
233.53,1,279.4,315.67
266.6,458.6,321,511.93
156.73,173.8,245.27,334.87
246.33,417,341.27,511.93
154.6,321,227.13,364.73
152.47,1,318.87,187.67
139.67,76.733,244.2,375.4
233.53,72.467,279.4,315.67
152.47,1,246.33,116.2
300.73,1,341.27,485.27
245.27,27.667,295.4,134.33
271.93,1,323.13,75.667
152.47,1,284.73,179.13
156.73,31.933,244.2,76.733
156.73,1,270.87,76.733
250.6,110.87,315.67,186.6
157.8,369,233.53,410.6
262.33,52.2,322.07,189.8
206.87,70.333,247.4,162.07
248.47,457.53,334.87,511.93
147.13,114.07,239.93,218.6
205.8,398.87,271.93,511.93
154.6,1,243.13,79.933
39.4,194.07,116.2,316.73
156.73,402.07,241,473.53
152.47,154.6,245.27,308.2
153.53,361.53,205.8,434.07
263.4,290.07,316.73,330.6
60.733,191.93,125.8,317.8
153.53,331.67,242.07,394.6
163.13,323.13,242.07,365.8
244.2,274.07,318.87,357.27
60.733,200.47,125.8,314.6
250.6,110.87,318.87,186.6
150.33,237.8,244.2,334.87
247.4,187.67,316.73,228.2
85.267,239.93,131.13,484.2
247.4,234.6,317.8,330.6
153.53,1,244.2,150.33
269.8,379.67,310.33,442.6
273,156.73,322.07,220.73
62.867,84.2,116.2,198.33
292.2,1,341.27,159.93
153.53,301.8,244.2,399.93
255.93,274.07,322.07,331.67
248.47,457.53,310.33,511.93
139.67,190.87,244.2,349.8
213.27,398.87,271.93,511.93
248.47,190.87,317.8,234.6
148.2,77.8,239.93,211.13
245.27,13.8,325.27,193
244.2,312.47,305,359.4
127.93,1,205.8,107.67
142.87,392.47,241,469.27
247.4,327.4,303.93,412.73
148.2,114.07,239.93,196.2
74.6,200.47,125.8,262.33
155.67,191.93,239.93,237.8
142.87,413.8,190.87,468.2
248.47,181.27,321,269.8
292.2,1,333.8,69.267
154.6,431.93,242.07,511.93
140.73,401,193,511.93
270.87,331.67,311.4,379.67
26.6,232.47,76.733,275.13
142.87,283.67,190.87,426.6
153.53,1,243.13,150.33
234.6,67.133,316.73,225
255.93,188.73,325.27,285.8
65,15.933,136.47,511.93
273,1,341.27,158.87
158.87,35.133,242.07,109.8
152.47,380.73,244.2,421.27
252.73,298.6,317.8,351.93
151.4,266.6,230.33,330.6
247.4,235.67,319.93,310.33
254.87,242.07,319.93,285.8
93.8,308.2,134.33,484.2
247.4,274.07,318.87,319.93
23.4,182.33,76.733,223.93
68.2,254.87,113,317.8
153.53,31.933,242.07,76.733
268.73,334.87,317.8,408.47
234.6,1,323.13,235.67
153.53,180.2,243.13,511.93
269.8,1,317.8,52.2
107.67,415.93,163.13,511.93
148.2,76.733,244.2,211.13
271.93,1,329.53,75.667
300.73,1,341.27,140.73
263.4,290.07,313.53,330.6
252.73,298.6,319.93,351.93
247.4,1,322.07,189.8
142.87,422.33,204.73,511.93
99.133,1,153.53,199.4
152.47,77.8,244.2,146.07
74.6,200.47,126.87,266.6
244.2,312.47,306.07,357.27
153.53,73.533,236.73,154.6
243.13,1,298.6,180.2
247.4,234.6,319.93,285.8
243.13,110.87,307.13,252.73
139.67,173.8,245.27,391.4
156.73,1,246.33,57.533
151.4,191.93,244.2,334.87
247.4,1,322.07,235.67
154.6,438.33,233.53,511.93
247.4,150.33,321,205.8
107.67,439.4,163.13,511.93
39.4,194.07,126.87,316.73
157.8,452.2,245.27,511.93
23.4,153.53,115.13,264.47
62.867,152.47,126.87,236.73
65,200.47,116.2,269.8
243.13,110.87,307.13,414.87
156.73,402.07,241,468.2
148.2,114.07,239.93,211.13
127.93,1,244.2,41.533
274.07,1,316.73,66.067
248.47,332.73,313.53,511.93
184.47,242.07,244.2,334.87
153.53,94.867,245.27,511.93
244.2,188.73,303.93,353
23.4,153.53,115.13,284.73
151.4,198.33,243.13,395.67
150.33,1,270.87,196.2
249.53,71.4,322.07,182.33
153.53,1,244.2,157.8
249.53,117.27,312.47,187.67
249.53,90.6,325.27,193
255.93,190.87,314.6,234.6
155.67,392.47,241,437.27
59.667,8.4667,118.33,197.27
275.13,235.67,326.33,343.4
150.33,236.73,230.33,283.67
155.67,236.73,235.67,281.53
151.4,274.07,203.67,330.6
165.27,175.93,238.87,219.67
243.13,371.13,296.47,511.93
154.6,67.133,242.07,117.27
262.33,114.07,318.87,189.8
255.93,242.07,313.53,330.6
153.53,1,246.33,115.13
142.87,31.933,242.07,84.2
153.53,73.533,236.73,150.33
62.867,39.4,116.2,199.4
156.73,199.4,235.67,281.53
149.27,283.67,190.87,344.47
247.4,235.67,305,276.2
79.933,239.93,126.87,316.73
107.67,410.6,163.13,511.93
151.4,173.8,245.27,391.4
243.13,386.07,305,511.93
244.2,312.47,303.93,353
66.067,264.47,114.07,326.33
245.27,1,286.87,114.07
152.47,331.67,246.33,433
153.53,359.4,244.2,408.47
234.6,309.27,324.2,511.93
248.47,1,323.13,235.67
150.33,237.8,230.33,283.67
202.6,173.8,245.27,308.2
93.8,308.2,134.33,434.07
163.13,94.867,245.27,173.8
151.4,282.6,232.47,323.13
152.47,155.67,210.07,198.33
155.67,392.47,241,447.93
269.8,357.27,316.73,437.27
152.47,77.8,244.2,177
209,1,268.73,57.533
155.67,103.4,244.2,157.8
152.47,148.2,239.93,198.33
153.53,31.933,233.53,76.733
249.53,33,298.6,81
266.6,419.13,341.27,511.93
150.33,191.93,244.2,334.87
247.4,1,323.13,235.67
142.87,337,244.2,426.6
154.6,413.8,242.07,485.27
152.47,154.6,229.27,196.2
139.67,190.87,229.27,271.93
155.67,35.133,244.2,157.8
142.87,283.67,244.2,426.6
264.47,1,316.73,66.067
271.93,129,318.87,173.8
39.4,152.47,126.87,316.73
23.4,182.33,77.8,284.73
60.733,191.93,127.93,279.4
271.93,54.333,323.13,115.13
60.733,52.2,135.4,458.6
92.733,318.87,136.47,506.6
157.8,280.47,232.47,323.13
127.93,1,205.8,50.067
247.4,1,298.6,186.6
39.4,194.07,116.2,269.8
151.4,173.8,245.27,339.13
247.4,235.67,314.6,280.47
167.4,56.467,242.07,101.27
157.8,396.73,245.27,511.93
74.6,153.53,131.13,266.6
249.53,1,298.6,186.6
153.53,358.33,242.07,399.93
249.53,33,298.6,109.8
191.93,236.73,235.67,281.53
154.6,333.8,244.2,511.93
155.67,191.93,239.93,270.87
203.67,70.333,247.4,179.13
58.6,409.53,117.27,511.93
249.53,68.2,295.4,109.8
163.13,431.93,242.07,491.67
153.53,154.6,236.73,195.13
205.8,370.07,271.93,511.93
164.2,428.73,241,487.4
163.13,331.67,244.2,511.93
140.73,315.67,242.07,511.93
248.47,452.2,313.53,511.93
24.467,200.47,77.8,264.47
152.47,331.67,244.2,421.27
247.4,321,329.53,511.93
244.2,290.07,317.8,511.93
209,1,270.87,69.267
249.53,331.67,315.67,510.87
270.87,1,313.53,49
184.47,259.13,244.2,334.87
152.47,236.73,235.67,281.53
250.6,282.6,322.07,331.67
65,194.07,116.2,269.8
209,1,270.87,57.533
182.33,110.87,244.2,183.4
278.33,185.53,321,235.67
139.67,190.87,244.2,334.87
249.53,337,293.27,394.6
249.53,190.87,317.8,234.6
243.13,177,307.13,252.73
142.87,392.47,241,487.4
65,153.53,131.13,316.73
142.87,401,241,511.93
267.67,364.73,324.2,484.2
148.2,114.07,237.8,159.93
151.4,245.27,244.2,334.87
153.53,1,246.33,82.067
142.87,321,242.07,437.27
200.47,289,244.2,334.87
154.6,321,243.13,397.8
270.87,321,321,420.2
153.53,154.6,230.33,195.13
157.8,173.8,245.27,239.93
154.6,321,227.13,361.53
154.6,2.0667,233.53,69.267
59.667,153.53,115.13,197.27
153.53,73.533,236.73,146.07
153.53,77.8,244.2,183.4
163.13,439.4,242.07,491.67
142.87,408.47,190.87,468.2
74.6,200.47,116.2,266.6
205.8,357.27,271.93,511.93
155.67,392.47,232.47,437.27
157.8,199.4,239.93,329.53
182.33,135.4,243.13,183.4
62.867,155.67,116.2,198.33
243.13,315.67,324.2,511.93
262.33,129,318.87,189.8
74.6,199.4,127.93,264.47
248.47,189.8,316.73,234.6
243.13,177,307.13,279.4
248.47,457.53,296.47,511.93
152.47,85.267,220.73,146.07
60.733,52.2,135.4,279.4
261.27,67.133,315.67,135.4
74.6,210.07,125.8,264.47
154.6,3.1333,233.53,69.267
183.4,323.13,243.13,397.8
252.73,244.2,307.13,284.73
245.27,13.8,323.13,115.13
248.47,189.8,316.73,269.8
58.6,319.93,117.27,511.93
153.53,77.8,206.87,146.07
252.73,298.6,317.8,340.2
255.93,215.4,316.73,269.8
153.53,129,235.67,195.13
153.53,321,243.13,438.33
154.6,407.4,242.07,511.93
59.667,1,118.33,197.27
156.73,14.867,233.53,76.733
273,340.2,315.67,407.4
248.47,290.07,317.8,511.93
267.67,185.53,321,235.67
184.47,259.13,239.93,302.87
252.73,298.6,319.93,350.87
74.6,191.93,127.93,266.6
142.87,434.07,204.73,511.93
268.73,380.73,315.67,421.27
153.53,1,270.87,76.733
270.87,321,321,379.67
152.47,77.8,244.2,196.2
150.33,1,270.87,119.4
292.2,1,341.27,130.07
249.53,331.67,293.27,394.6
267.67,459.67,329.53,511.93
277.27,1,323.13,66.067
24.467,153.53,115.13,264.47
273,1,316.73,66.067
153.53,321,243.13,397.8
270.87,90.6,322.07,170.6
60.733,194.07,113,317.8
157.8,173.8,245.27,308.2
249.53,115.13,325.27,193
248.47,331.67,292.2,511.93
271.93,315.67,332.73,445.8
268.73,117.27,312.47,183.4
249.53,190.87,314.6,234.6
248.47,1,298.6,81
127.93,1,172.73,50.067
183.4,1,270.87,57.533
253.8,54.333,323.13,115.13
164.2,1,243.13,41.533
271.93,353,314.6,445.8
245.27,21.267,323.13,115.13
156.73,3.1333,233.53,76.733
163.13,335.93,244.2,511.93
268.73,468.2,321,511.93
249.53,1,298.6,110.87
271.93,353,314.6,420.2
164.2,335.93,244.2,511.93
59.667,118.33,116.2,197.27
248.47,1,298.6,163.13
183.4,1,270.87,69.267
156.73,1,243.13,41.533
156.73,31.933,244.2,101.27
154.6,77.8,244.2,183.4
249.53,71.4,322.07,183.4
153.53,358.33,242.07,437.27
154.6,364.73,233.53,511.93
153.53,77.8,235.67,150.33
24.467,182.33,77.8,264.47
142.87,422.33,214.33,469.27
270.87,90.6,312.47,162.07
150.33,236.73,239.93,302.87
249.53,120.47,303.93,187.67
156.73,242.07,244.2,334.87
270.87,90.6,322.07,174.87
190.87,173.8,245.27,239.93
153.53,135.4,243.13,177
156.73,14.867,204.73,76.733
191.93,31.933,244.2,75.667
162.07,245.27,239.93,329.53
157.8,242.07,239.93,329.53
194.07,236.73,235.67,278.33
142.87,358.33,242.07,437.27
154.6,392.47,232.47,437.27
