141.8,164.2,194.07,349.8
139.67,428.73,191.93,511.93
1,1,341.27,511.93
108.73,1,194.07,511.93
194.07,1,341.27,511.93
129,54.333,194.07,173.8
278.33,284.73,341.27,511.93
129,107.67,194.07,163.13
108.73,1,199.4,511.93
232.47,110.87,273,166.33
195.13,1,341.27,511.93
108.73,1,341.27,511.93
53.267,1,148.2,259.13
1,1,161,511.93
108.73,1,275.13,511.93
212.2,162.07,279.4,511.93
194.07,1,275.13,511.93
99.133,1,341.27,511.93
194.07,122.6,279.4,511.93
229.27,1,270.87,166.33
129,85.267,194.07,210.07
99.133,1,194.07,511.93
1,1,159.93,511.93
99.133,299.67,153.53,472.47
117.27,146.07,194.07,511.93
141.8,164.2,189.8,349.8
273,1,341.27,511.93
1,1,275.13,511.93
228.2,120.47,274.07,205.8
1,1,148.2,511.93
194.07,1,273,511.93
1,1,142.87,511.93
1,1,204.73,511.93
104.47,161,194.07,430.87
114.07,146.07,194.07,511.93
132.2,85.267,194.07,140.73
113,158.87,194.07,511.93
212.2,1,285.8,484.2
114.07,327.4,155.67,373.27
127.93,11.667,193,87.4
226.07,444.73,276.2,488.47
194.07,1,285.8,511.93
94.867,247.4,141.8,373.27
83.133,152.47,159.93,511.93
1,1,147.13,511.93
194.07,1,246.33,511.93
129,54.333,194.07,210.07
97,1,196.2,511.93
226.07,389.27,279.4,511.93
269.8,1,341.27,511.93
1,1,194.07,511.93
213.27,1,341.27,511.93
195.13,1,286.87,511.93
131.13,251.67,194.07,511.93
1,1,199.4,511.93
194.07,151.4,239.93,468.2
97,1,275.13,511.93
98.067,1,194.07,511.93
226.07,460.73,267.67,511.93
228.2,1,274.07,205.8
1,1,196.2,511.93
194.07,1,287.93,511.93
121.53,1,193,94.867
205.8,104.47,273,438.33
109.8,354.07,152.47,402.07
127.93,54.333,194.07,173.8
99.133,1,279.4,511.93
98.067,1,204.73,511.93
168.47,1,279.4,511.93
147.13,99.133,193,140.73
108.73,54.333,194.07,210.07
98.067,1,197.27,511.93
143.93,107.67,194.07,182.33
171.67,1,275.13,511.93
120.47,164.2,194.07,383.93
125.8,1,193,94.867
130.07,92.733,177,147.13
213.27,1,283.67,473.53
213.27,1,286.87,460.73
227.13,404.2,273,479.93
138.6,349.8,194.07,504.47
99.133,158.87,194.07,511.93
231.4,113,274.07,205.8
195.13,133.27,279.4,511.93
168.47,1,219.67,232.47
97,86.333,194.07,234.6
1,1,122.6,511.93
114.07,321,155.67,380.73
195.13,140.73,243.13,453.27
97,86.333,194.07,210.07
247.4,1,341.27,511.93
59.667,1,161,511.93
1,1,132.2,511.93
57.533,1,159.93,511.93
194.07,140.73,275.13,511.93
141.8,164.2,194.07,383.93
131.13,341.27,194.07,430.87
76.733,152.47,142.87,359.4
127.93,20.2,193,92.733
195.13,122.6,279.4,511.93
126.87,1,199.4,106.6
108.73,1,195.13,511.93
195.13,1,276.2,511.93
195.13,1,246.33,454.33
100.2,325.27,194.07,511.93
89.533,152.47,143.93,373.27
1,1,130.07,511.93
78.867,148.2,161,511.93
205.8,1,273,445.8
168.47,1,227.13,232.47
1,1,143.93,511.93
127.93,20.2,193,87.4
59.667,1,148.2,259.13
92.733,268.73,142.87,359.4
142.87,269.8,193,383.93
133.27,251.67,194.07,511.93
139.67,11.667,190.87,83.133
152.47,146.07,194.07,411.67
113,358.33,194.07,511.93
194.07,1,274.07,511.93
127.93,1,194.07,103.4
229.27,1,285.8,484.2
141.8,146.07,194.07,411.67
108.73,85.267,194.07,210.07
94.867,154.6,161,511.93
194.07,1,235.67,511.93
140.73,158.87,194.07,350.87
135.4,1,193,84.2
120.47,1,194.07,511.93
201.53,1,285.8,511.93
97,1,194.07,234.6
100.2,238.87,194.07,511.93
211.13,1,287.93,503.4
195.13,140.73,246.33,454.33
201.53,152.47,275.13,511.93
201.53,305,276.2,511.93
119.4,344.47,193,511.93
223.93,406.33,267.67,511.93
132.2,85.267,194.07,147.13
59.667,1,148.2,271.93
59.667,1,148.2,347.67
281.53,60.733,341.27,303.93
279.4,1,341.27,436.2
127.93,164.2,194.07,383.93
108.73,133.27,153.53,200.47
130.07,344.47,193,427.67
130.07,423.4,193,511.93
204.73,162.07,279.4,511.93
195.13,140.73,247.4,453.27
120.47,158.87,194.07,511.93
97,1,196.2,210.07
138.6,341.27,194.07,421.27
134.33,354.07,194.07,421.27
243.13,1,285.8,473.53
222.87,1,269.8,184.47
97,103.4,152.47,167.4
124.73,1,193,93.8
135.4,1,193,87.4
226.07,1,287.93,511.93
226.07,455.4,267.67,511.93
230.33,1,281.53,140.73
194.07,1,244.2,511.93
194.07,1,250.6,468.2
117.27,107.67,194.07,511.93
171.67,1,227.13,233.53
59.667,1,148.2,394.6
213.27,1,283.67,488.47
136.47,1,193,91.667
219.67,1,274.07,209
139.67,341.27,194.07,427.67
226.07,462.87,275.13,511.93
212.2,1,341.27,511.93
139.67,358.33,194.07,427.67
108.73,1,194.07,173.8
57.533,1,148.2,373.27
199.4,199.4,258.07,511.93
139.67,387.13,193,427.67
114.07,321,155.67,373.27
229.27,1,281.53,481
205.8,1,273,438.33
129,11.667,193,93.8
203.67,1,287.93,503.4
226.07,140.73,287.93,511.93
129,251.67,194.07,430.87
212.2,162.07,263.4,454.33
229.27,393.53,276.2,481
138.6,341.27,194.07,426.6
139.67,428.73,193,511.93
93.8,154.6,143.93,363.67
108.73,54.333,194.07,211.13
129,251.67,194.07,426.6
201.53,313.53,243.13,511.93
104.47,161,194.07,383.93
100.2,325.27,194.07,504.47
143.93,99.133,193,168.47
126.87,1,194.07,104.47
98.067,1,194.07,383.93
204.73,1,285.8,511.93
119.4,433,193,511.93
129,85.267,194.07,182.33
122.6,423.4,193,511.93
117.27,164.2,194.07,388.2
138.6,422.33,191.93,504.47
228.2,1,273,175.93
108.73,54.333,194.07,200.47
108.73,1,194.07,211.13
94.867,154.6,152.47,363.67
138.6,349.8,194.07,440.47
225,375.4,268.73,474.6
93.8,268.73,142.87,359.4
127.93,60.733,194.07,173.8
113,383.93,193,511.93
171.67,1,243.13,247.4
98.067,1,194.07,236.73
89.533,152.47,143.93,411.67
149.27,341.27,194.07,427.67
140.73,433,193,511.93
8.4667,1,66.067,163.13
57.533,1,148.2,266.6
127.93,164.2,194.07,283.67
53.267,1,148.2,284.73
108.73,1,199.4,210.07
195.13,140.73,275.13,511.93
204.73,1,273,391.4
232.47,136.47,274.07,178.07
136.47,1,193,83.133
143.93,107.67,194.07,168.47
195.13,140.73,243.13,454.33
230.33,1,281.53,481
206.87,330.6,275.13,511.93
82.067,151.4,122.6,305
92.733,267.67,142.87,363.67
97,351.93,141.8,411.67
132.2,93.8,193,140.73
127.93,1,193,94.867
126.87,344.47,193,492.73
133.27,251.67,194.07,430.87
122.6,158.87,194.07,511.93
213.27,152.47,260.2,419.13
124.73,22.333,173.8,98.067
97,351.93,193,511.93
108.73,86.333,193,174.87
120.47,422.33,161,503.4
76.733,152.47,143.93,359.4
226.07,463.93,279.4,511.93
97,161,194.07,511.93
8.4667,1,148.2,284.73
99.133,299.67,153.53,373.27
83.133,152.47,143.93,373.27
279.4,1,341.27,88.467
278.33,1,341.27,511.93
212.2,1,276.2,476.73
99.133,321,142.87,373.27
108.73,85.267,193,174.87
117.27,164.2,194.07,511.93
97,1,196.2,234.6
127.93,20.2,193,91.667
120.47,20.2,194.07,511.93
53.267,1,148.2,394.6
108.73,54.333,194.07,173.8
108.73,1,194.07,210.07
227.13,1,269.8,184.47
129,85.267,194.07,141.8
97,86.333,194.07,179.13
229.27,393.53,276.2,492.73
213.27,1,281.53,481
132.2,86.333,194.07,179.13
119.4,146.07,194.07,511.93
113,269.8,194.07,511.93
195.13,133.27,258.07,511.93
122.6,303.93,194.07,511.93
229.27,1,280.47,143.93
139.67,421.27,193,511.93
120.47,428.73,193,511.93
126.87,164.2,194.07,511.93
137.53,11.667,190.87,91.667
201.53,313.53,275.13,511.93
126.87,1,197.27,106.6
226.07,460.73,275.13,511.93
228.2,1,273,391.4
195.13,151.4,239.93,450.07
149.27,358.33,194.07,411.67
137.53,8.4667,193,84.2
59.667,1,148.2,284.73
120.47,422.33,193,511.93
132.2,86.333,194.07,234.6
78.867,148.2,152.47,363.67
226.07,455.4,279.4,511.93
130.07,86.333,193,174.87
149.27,387.13,193,427.67
229.27,1,287.93,503.4
130.07,344.47,193,391.4
99.133,321,152.47,402.07
104.47,161,157.8,318.87
108.73,40.467,193,210.07
229.27,1,286.87,178.07
130.07,86.333,194.07,179.13
127.93,1,194.07,105.53
135.4,269.8,194.07,386.07
143.93,54.333,194.07,182.33
279.4,1,341.27,303.93
108.73,85.267,193,210.07
127.93,108.73,194.07,383.93
130.07,422.33,191.93,504.47
246.33,1,286.87,171.67
129,54.333,194.07,182.33
119.4,434.07,159.93,511.93
194.07,151.4,239.93,450.07
89.533,152.47,143.93,274.07
143.93,85.267,194.07,182.33
127.93,1,194.07,104.47
278.33,242.07,341.27,511.93
243.13,1,283.67,473.53
227.13,429.8,273,479.93
130.07,54.333,194.07,182.33
97,351.93,159.93,511.93
114.07,300.73,155.67,380.73
200.47,1,244.2,450.07
235.67,1,283.67,473.53
82.067,148.2,143.93,394.6
137.53,1,193,53.267
279.4,1,341.27,93.8
143.93,85.267,193,168.47
131.13,251.67,194.07,430.87
138.6,107.67,194.07,163.13
140.73,22.333,191.93,85.267
76.733,152.47,142.87,275.13
100.2,325.27,166.33,421.27
137.53,1,193,49
231.4,120.47,274.07,178.07
211.13,140.73,273,479.93
138.6,60.733,194.07,173.8
130.07,344.47,193,511.93
8.4667,1,86.333,182.33
127.93,22.333,191.93,94.867
94.867,267.67,152.47,363.67
89.533,152.47,159.93,511.93
93.8,245.27,142.87,363.67
109.8,354.07,152.47,472.47
129,85.267,194.07,163.13
120.47,423.4,193,511.93
132.2,94.867,177,147.13
97,351.93,141.8,491.67
230.33,1,286.87,171.67
212.2,113,276.2,476.73
117.27,158.87,194.07,511.93
218.6,104.47,263.4,438.33
130.07,164.2,194.07,511.93
130.07,95.933,189.8,148.2
120.47,164.2,194.07,511.93
230.33,1,286.87,197.27
141.8,30.867,193,83.133
108.73,114.07,153.53,163.13
213.27,154.6,281.53,460.73
212.2,153.53,276.2,476.73
135.4,341.27,194.07,427.67
129,299.67,194.07,426.6
130.07,85.267,194.07,147.13
199.4,140.73,243.13,453.27
130.07,423.4,191.93,511.93
218.6,104.47,273,438.33
131.13,269.8,194.07,386.07
213.27,175.93,260.2,451.13
129,54.333,194.07,163.13
278.33,285.8,341.27,511.93
114.07,298.6,155.67,380.73
226.07,140.73,279.4,511.93
115.13,238.87,156.73,354.07
129,86.333,194.07,179.13
100.2,325.27,166.33,406.33
78.867,138.6,127.93,347.67
231.4,120.47,274.07,205.8
247.4,1,287.93,503.4
130.07,344.47,172.73,391.4
228.2,113,274.07,205.8
124.73,21.267,193,93.8
133.27,251.67,194.07,421.27
92.733,267.67,142.87,394.6
130.07,344.47,193,420.2
127.93,1,193,87.4
126.87,1,193,94.867
99.133,321,142.87,363.67
82.067,148.2,122.6,271.93
82.067,151.4,122.6,271.93
135.4,358.33,194.07,431.93
133.27,349.8,194.07,421.27
97,103.4,169.53,167.4
231.4,140.73,273,276.2
231.4,113,274.07,178.07
115.13,238.87,156.73,347.67
152.47,174.87,194.07,383.93
60.733,1,148.2,266.6
130.07,93.8,177,147.13
120.47,41.533,194.07,511.93
152.47,174.87,194.07,411.67
201.53,305,267.67,511.93
97,359.4,161,511.93
141.8,164.2,184.47,349.8
135.4,303.93,194.07,427.67
92.733,246.33,142.87,359.4
126.87,303.93,194.07,449
78.867,152.47,152.47,363.67
125.8,164.2,194.07,511.93
147.13,269.8,193,383.93
136.47,164.2,194.07,283.67
194.07,1,239.93,468.2
213.27,175.93,260.2,419.13
114.07,393.53,159.93,511.93
149.27,358.33,194.07,427.67
230.33,1,281.53,197.27
125.8,8.4667,193,94.867
22.333,1,66.067,140.73
98.067,86.333,193,236.73
129,164.2,194.07,388.2
119.4,369,193,511.93
129,21.267,193,93.8
132.2,85.267,193,140.73
131.13,1,179.13,87.4
101.27,154.6,141.8,294.33
213.27,154.6,260.2,451.13
149.27,341.27,193,392.47
141.8,433,193,485.27
143.93,107.67,194.07,178.07
94.867,265.53,141.8,373.27
131.13,9.5333,179.13,87.4
130.07,95.933,189.8,174.87
133.27,354.07,194.07,421.27
119.4,423.4,193,511.93
148.2,349.8,194.07,414.87
229.27,1,286.87,169.53
238.87,1,281.53,139.67
211.13,140.73,273,449
238.87,469.27,279.4,511.93
129,86.333,193,174.87
129,85.267,194.07,140.73
147.13,269.8,189.8,383.93
94.867,238.87,152.47,363.67
231.4,140.73,273,449
132.2,99.133,193,140.73
136.47,164.2,194.07,383.93
143.93,387.13,193,427.67
82.067,148.2,122.6,305
98.067,103.4,167.4,162.07
100.2,325.27,153.53,388.2
130.07,344.47,193,431.93
92.733,154.6,143.93,394.6
213.27,135.4,260.2,419.13
152.47,285.8,194.07,383.93
148.2,349.8,194.07,421.27
130.07,95.933,189.8,169.53
139.67,424.47,191.93,504.47
230.33,1,281.53,392.47
98.067,86.333,193,174.87
239.93,1,281.53,139.67
93.8,267.67,142.87,363.67
98.067,103.4,142.87,158.87
143.93,85.267,193,182.33
143.93,85.267,193,172.73
93.8,154.6,143.93,394.6
97,359.4,141.8,494.87
139.67,428.73,185.53,511.93
