1,1,383.93,511.93
6.3333,1,301.8,211.13
68.2,169.53,276.2,355.13
1,79.933,257,511.93
162.07,1,301.8,209
1,71.4,282.6,422.33
342.33,387.13,383.93,443.67
253.8,1,383.93,246.33
58.6,185.53,275.13,357.27
1,75.667,286.87,511.93
1,1,150.33,157.8
227.13,109.8,383.93,511.93
1,61.8,383.93,511.93
47.933,137.53,244.2,298.6
233.53,109.8,313.53,411.67
142.87,134.33,249.53,188.73
1,1,301.8,209
58.6,98.067,383.93,511.93
1,1,284.73,211.13
1,1,291.13,511.93
47.933,137.53,277.27,353
252.73,109.8,312.47,412.73
251.67,98.067,383.93,511.93
73.533,47.933,141.8,148.2
138.6,343.4,275.13,484.2
1,71.4,291.13,511.93
68.2,109.8,383.93,511.93
275.13,150.33,383.93,511.93
227.13,1,383.93,511.93
1,79.933,273,511.93
1,71.4,262.33,511.93
251.67,137.53,294.33,410.6
58.6,150.33,276.2,358.33
1,75.667,253.8,511.93
339.13,148.2,379.67,216.47
55.4,1,150.33,157.8
130.07,293.27,311.4,511.93
46.867,137.53,282.6,341.27
238.87,360.47,311.4,511.93
1,25.533,99.133,143.93
72.467,120.47,189.8,188.73
196.2,337,311.4,511.93
183.4,126.87,248.47,186.6
229.27,61.8,383.93,511.93
58.6,225,189.8,311.4
98.067,1,296.47,171.67
136.47,287.93,197.27,330.6
1,1,383.93,227.13
227.13,360.47,311.4,511.93
1,1,383.93,238.87
233.53,300.73,274.07,357.27
127.93,129,249.53,188.73
342.33,387.13,383.93,511.93
1,1,301.8,358.33
58.6,109.8,383.93,511.93
313.53,210.07,354.07,511.93
58.6,165.27,311.4,511.93
1,46.867,253.8,511.93
98.067,1,383.93,230.33
148.2,185.53,275.13,357.27
343.4,219.67,383.93,511.93
47.933,137.53,286.87,484.2
162.07,1,383.93,227.13
251.67,1,383.93,511.93
67.133,172.73,277.27,355.13
67.133,236.73,150.33,296.47
55.4,1,206.87,149.27
313.53,210.07,383.93,511.93
1,1,103.4,143.93
1,1,301.8,211.13
58.6,165.27,276.2,356.2
1,1,383.93,246.33
251.67,61.8,383.93,511.93
1,1,383.93,230.33
196.2,307.13,311.4,511.93
67.133,108.73,383.93,511.93
252.73,111.93,308.2,412.73
1,328.47,171.67,511.93
243.13,1,383.93,511.93
243.13,1,307.13,215.4
1,1,383.93,241
283.67,1,383.93,227.13
77.8,21.267,151.4,65
297.53,81,350.87,189.8
44.733,1,150.33,134.33
1,71.4,217.53,454.33
58.6,165.27,271.93,356.2
1,1,251.67,188.73
116.2,15.933,198.33,122.6
1,1,206.87,157.8
153.53,131.13,249.53,188.73
135.4,150.33,276.2,358.33
130.07,293.27,275.13,484.2
135.4,1,298.6,229.27
183.4,111.93,251.67,173.8
252.73,1,383.93,511.93
313.53,183.4,383.93,511.93
278.33,1,383.93,227.13
1,328.47,259.13,511.93
142.87,313.53,216.47,443.67
1,328.47,262.33,511.93
293.27,209,383.93,511.93
19.133,1,111.93,129
79.933,197.27,141.8,258.07
136.47,172.73,275.13,355.13
1,1,143.93,55.4
292.2,179.13,335.93,511.93
1,1,249.53,188.73
67.133,172.73,275.13,355.13
130.07,285.8,286.87,484.2
251.67,108.73,383.93,511.93
107.67,5.2667,180.2,114.07
136.47,298.6,275.13,469.27
130.07,1,285.8,146.07
136.47,286.87,180.2,330.6
252.73,109.8,383.93,511.93
244.2,7.4,301.8,84.2
189.8,229.27,249.53,295.4
44.733,36.2,142.87,158.87
252.73,1,383.93,227.13
73.533,236.73,135.4,278.33
150.33,306.07,286.87,484.2
180.2,295.4,275.13,357.27
242.07,360.47,309.27,511.93
313.53,174.87,383.93,511.93
1,1,311.4,511.93
268.73,108.73,344.47,511.93
99.133,1,301.8,209
132.2,225,177,300.73
47.933,258.07,141.8,298.6
333.8,40.467,383.93,169.53
317.8,142.87,383.93,230.33
115.13,126.87,247.4,188.73
1,1,285.8,242.07
136.47,150.33,276.2,358.33
185.53,95.933,243.13,154.6
199.4,269.8,291.13,511.93
313.53,209,357.27,511.93
296.47,169.53,341.27,446.87
1,25.533,77.8,131.13
117.27,109.8,268.73,188.73
255.93,142.87,383.93,511.93
200.47,209,250.6,274.07
313.53,204.73,383.93,511.93
251.67,111.93,335.93,511.93
342.33,174.87,383.93,511.93
214.33,306.07,273,356.2
135.4,1,383.93,246.33
1,269.8,291.13,511.93
142.87,313.53,216.47,396.73
216.47,355.13,270.87,426.6
135.4,1,270.87,114.07
58.6,165.27,276.2,358.33
69.267,74.6,109.8,123.67
275.13,150.33,344.47,511.93
343.4,277.27,383.93,511.93
316.73,210.07,383.93,511.93
1,1,248.47,188.73
138.6,203.67,210.07,299.67
158.87,1,282.6,146.07
1,1,166.33,148.2
117.27,15.933,180.2,114.07
313.53,204.73,372.2,366.87
11.667,1,249.53,188.73
75.667,165.27,271.93,356.2
19.133,4.2,99.133,126.87
286.87,1,362.6,187.67
1,90.6,154.6,422.33
318.87,142.87,383.93,230.33
75.667,225,171.67,268.73
255.93,61.8,303.93,102.33
1,1,278.33,209
1,1,189.8,188.73
239.93,1,307.13,81
68.2,21.267,114.07,65
1,1,247.4,188.73
118.33,1,383.93,213.27
1,1,268.73,242.07
55.4,1,150.33,65
164.2,266.6,277.27,353
127.93,47.933,182.33,104.47
99.133,22.333,225,170.6
163.13,166.33,282.6,341.27
252.73,1,370.07,187.67
229.27,348.73,311.4,511.93
253.8,1,370.07,189.8
9.5333,61.8,77.8,131.13
251.67,111.93,383.93,511.93
318.87,137.53,383.93,242.07
118.33,1,303.93,171.67
238.87,348.73,311.4,511.93
130.07,285.8,216.47,463.93
153.53,50.067,243.13,149.27
243.13,1,383.93,258.07
135.4,1,301.8,191.93
58.6,228.2,156.73,293.27
133.27,88.467,219.67,171.67
19.133,1,88.467,93.8
140.73,137.53,274.07,238.87
251.67,98.067,341.27,511.93
138.6,155.67,249.53,217.53
136.47,298.6,216.47,469.27
231.4,360.47,311.4,511.93
132.2,286.87,216.47,469.27
17,1,94.867,129
71.4,47.933,141.8,147.13
87.4,6.3333,206.87,123.67
149.27,341.27,203.67,446.87
1,1,284.73,238.87
58.6,185.53,311.4,511.93
312.47,148.2,383.93,511.93
239.93,1,383.93,102.33
252.73,109.8,308.2,412.73
293.27,169.53,341.27,511.93
98.067,1,285.8,171.67
179.13,169.53,251.67,246.33
132.2,269.8,291.13,511.93
293.27,183.4,383.93,511.93
227.13,360.47,315.67,511.93
136.47,185.53,275.13,357.27
1,1,274.07,211.13
264.47,66.067,349.8,213.27
292.2,179.13,341.27,511.93
44.733,36.2,146.07,158.87
283.67,1,383.93,241
227.13,109.8,313.53,445.8
118.33,1,383.93,241
239.93,1,383.93,213.27
283.67,1,370.07,187.67
343.4,174.87,383.93,511.93
313.53,204.73,360.47,366.87
252.73,111.93,293.27,410.6
199.4,333.8,275.13,406.33
196.2,337,273,381.8
227.13,109.8,315.67,511.93
107.67,62.867,173.8,114.07
209,236.73,268.73,314.6
283.67,1,365.8,187.67
136.47,298.6,209,469.27
52.2,137.53,181.27,257
318.87,165.27,383.93,227.13
227.13,109.8,341.27,511.93
283.67,56.467,365.8,187.67
221.8,298.6,274.07,358.33
281.53,1,383.93,230.33
251.67,108.73,344.47,511.93
1,1,54.333,53.267
121.53,47.933,206.87,123.67
318.87,165.27,383.93,242.07
253.8,109.8,313.53,445.8
138.6,333.8,275.13,484.2
47.933,137.53,203.67,300.73
137.53,125.8,284.73,238.87
136.47,298.6,311.4,511.93
1,71.4,154.6,422.33
200.47,209,250.6,280.47
158.87,1,293.27,146.07
66.067,1,166.33,104.47
229.27,360.47,311.4,511.93
138.6,203.67,186.6,296.47
11.667,55.4,56.467,98.067
166.33,6.3333,207.93,88.467
67.133,18.067,118.33,105.53
136.47,215.4,178.07,294.33
11.667,1,166.33,158.87
242.07,360.47,311.4,511.93
252.73,111.93,293.27,412.73
241,357.27,286.87,428.73
17,1,81,100.2
75.667,46.867,247.4,188.73
273,1,370.07,187.67
203.67,134.33,268.73,187.67
132.2,169.53,276.2,355.13
1,1,143.93,148.2
318.87,1,383.93,191.93
285.8,1,364.73,86.333
1,71.4,154.6,454.33
273,1,383.93,242.07
1,1,183.4,131.13
226.07,399.93,311.4,511.93
46.867,138.6,217.53,298.6
294.33,361.53,341.27,511.93
231.4,399.93,311.4,511.93
312.47,204.73,383.93,511.93
318.87,1,383.93,164.2
11.667,55.4,56.467,97
114.07,122.6,249.53,188.73
127.93,133.27,247.4,188.73
137.53,131.13,249.53,188.73
145,316.73,207.93,453.27
145,316.73,207.93,463.93
58.6,228.2,157.8,297.53
75.667,46.867,138.6,146.07
79.933,196.2,153.53,257
251.67,133.27,314.6,511.93
87.4,103.4,141.8,146.07
135.4,1,183.4,54.333
143.93,300.73,251.67,355.13
275.13,358.33,344.47,511.93
138.6,165.27,276.2,356.2
137.53,131.13,274.07,238.87
75.667,36.2,141.8,148.2
291.13,267.67,344.47,511.93
118.33,1,282.6,171.67
138.6,1,293.27,198.33
135.4,81,199.4,171.67
312.47,209,366.87,426.6
68.2,21.267,116.2,104.47
121.53,47.933,182.33,104.47
307.13,1,383.93,227.13
6.3333,1,301.8,198.33
151.4,185.53,276.2,356.2
33,41.533,77.8,118.33
67.133,236.73,135.4,278.33
117.27,109.8,168.47,182.33
241,348.73,286.87,428.73
130.07,293.27,203.67,361.53
138.6,318.87,188.73,463.93
168.47,197.27,254.87,295.4
342.33,197.27,383.93,358.33
330.6,137.53,383.93,227.13
136.47,298.6,274.07,469.27
1,25.533,161,177
273,1,383.93,187.67
275.13,169.53,344.47,511.93
1,90.6,154.6,454.33
60.733,30.867,247.4,188.73
339.13,61.8,383.93,129
55.4,1,140.73,149.27
1,1,183.4,54.333
141.8,317.8,203.67,453.27
102.33,234.6,148.2,289
340.2,197.27,383.93,425.53
55.4,137.53,244.2,257
1,46.867,77.8,131.13
286.87,1,362.6,81
65,15.933,216.47,171.67
247.4,399.93,311.4,511.93
1,1,109.8,134.33
153.53,143.93,206.87,188.73
193,333.8,265.53,444.73
117.27,109.8,268.73,242.07
87.4,6.3333,172.73,101.27
1,1,54.333,57.533
343.4,378.6,383.93,440.47
328.47,1,383.93,76.733
283.67,81,365.8,187.67
58.6,253.8,189.8,316.73
292.2,179.13,341.27,405.27
229.27,275.13,291.13,511.93
238.87,387.13,311.4,511.93
251.67,402.07,309.27,511.93
251.67,98.067,312.47,410.6
67.133,1,172.73,41.533
233.53,75.667,281.53,136.47
198.33,296.47,254.87,353
251.67,111.93,294.33,412.73
73.533,1,158.87,94.867
293.27,340.2,334.87,511.93
313.53,323.13,383.93,511.93
168.47,217.53,217.53,333.8
102.33,225,203.67,300.73
75.667,50.067,141.8,148.2
251.67,133.27,341.27,511.93
294.33,169.53,341.27,511.93
229.27,269.8,291.13,511.93
150.33,306.07,275.13,484.2
168.47,172.73,252.73,333.8
290.07,15.933,340.2,81
312.47,61.8,383.93,511.93
99.133,30.867,216.47,171.67
140.73,169.53,276.2,301.8
41.533,1,249.53,188.73
172.73,92.733,225,153.53
19.133,4.2,86.333,62.867
135.4,81,243.13,171.67
55.4,1,146.07,105.53
291.13,340.2,344.47,511.93
189.8,223.93,254.87,295.4
99.133,15.933,216.47,171.67
150.33,27.667,243.13,152.47
313.53,204.73,360.47,511.93
312.47,148.2,376.47,366.87
132.2,225,262.33,355.13
6.3333,1,177,156.73
79.933,196.2,127.93,257
11.667,55.4,60.733,116.2
143.93,166.33,282.6,341.27
147.13,357.27,252.73,511.93
65,15.933,139.67,147.13
153.53,136.47,249.53,188.73
87.4,1,206.87,123.67
65,15.933,251.67,173.8
135.4,1,298.6,119.4
102.33,215.4,197.27,300.73
283.67,1,383.93,239.93
203.67,338.07,250.6,444.73
138.6,63.933,200.47,170.6
286.87,1,383.93,258.07
1,25.533,133.27,159.93
343.4,277.27,383.93,440.47
314.6,427.67,373.27,511.93
1,1,180.2,155.67
1,1,54.333,98.067
150.33,328.47,275.13,484.2
136.47,298.6,180.2,361.53
198.33,266.6,277.27,353
130.07,293.27,180.2,361.53
19.133,5.2667,77.8,93.8
153.53,150.33,249.53,226.07
313.53,204.73,356.2,366.87
69.267,74.6,109.8,129
46.867,137.53,217.53,309.27
283.67,1,383.93,187.67
58.6,233.53,149.27,293.27
339.13,61.8,383.93,299.67
138.6,155.67,249.53,229.27
91.667,1,150.33,41.533
99.133,1,301.8,191.93
164.2,190.87,277.27,353
247.4,399.93,309.27,511.93
285.8,1,364.73,90.6
73.533,1,166.33,104.47
75.667,225,171.67,290.07
136.47,298.6,265.53,469.27
233.53,275.13,291.13,498.07
252.73,1,316.73,67.133
136.47,1,179.13,41.533
312.47,353,383.93,511.93
140.73,137.53,274.07,226.07
74.6,1,139.67,55.4
52.2,137.53,203.67,300.73
239.93,1,383.93,97
147.13,356.2,259.13,511.93
55.4,1,150.33,147.13
11.667,36.2,57.533,115.13
117.27,39.4,158.87,81
6.3333,7.4,55.4,92.733
258.07,133.27,314.6,403.13
133.27,50.067,243.13,171.67
183.4,126.87,247.4,173.8
292.2,169.53,341.27,511.93
1,1,225,177
98.067,233.53,157.8,297.53
135.4,1,298.6,114.07
130.07,285.8,216.47,357.27
1,7.4,109.8,131.13
255.93,142.87,315.67,511.93
118.33,81,243.13,171.67
58.6,225,171.67,298.6
46.867,137.53,197.27,300.73
87.4,95.933,150.33,157.8
305,1,383.93,169.53
318.87,40.467,383.93,246.33
200.47,296.47,274.07,358.33
333.8,37.267,383.93,187.67
52.2,137.53,197.27,300.73
19.133,1,111.93,126.87
319.93,88.467,383.93,239.93
210.07,210.07,276.2,298.6
46.867,196.2,127.93,298.6
339.13,61.8,383.93,428.73
1,1,157.8,177
87.4,1,178.07,101.27
311.4,1,383.93,191.93
1,27.667,42.6,98.067
186.6,133.27,247.4,188.73
136.47,215.4,197.27,300.73
312.47,197.27,383.93,511.93
281.53,1,351.93,188.73
44.733,1,225,170.6
44.733,95.933,99.133,143.93
255.93,385,310.33,511.93
167.4,137.53,274.07,218.6
162.07,143.93,203.67,188.73
55.4,1,146.07,149.27
115.13,126.87,251.67,188.73
296.47,169.53,338.07,402.07
292.2,244.2,332.73,405.27
238.87,402.07,311.4,511.93
247.4,22.333,307.13,159.93
55.4,1,249.53,188.73
101.27,22.333,154.6,81
202.6,172.73,251.67,215.4
142.87,313.53,216.47,357.27
139.67,338.07,259.13,511.93
1,7.4,109.8,129
239.93,1,362.6,97
136.47,286.87,216.47,469.27
54.333,84.2,94.867,129
231.4,307.13,311.4,511.93
75.667,187.67,271.93,356.2
168.47,172.73,252.73,246.33
88.467,78.867,141.8,147.13
150.33,27.667,243.13,149.27
343.4,174.87,383.93,380.73
139.67,90.6,191.93,171.67
130.07,293.27,203.67,343.4
136.47,150.33,249.53,328.47
146.07,172.73,217.53,226.07
330.6,148.2,379.67,221.8
41.533,89.533,103.4,143.93
99.133,233.53,149.27,293.27
318.87,37.267,383.93,227.13
202.6,172.73,252.73,217.53
1,1,54.333,70.333
1,1,54.333,76.733
133.27,88.467,191.93,171.67
265.53,109.8,313.53,445.8
123.67,1,179.13,60.733
136.47,298.6,181.27,469.27
168.47,217.53,211.13,286.87
229.27,431.93,275.13,511.93
140.73,169.53,251.67,226.07
338.07,101.27,383.93,191.93
251.67,402.07,311.4,511.93
328.47,14.867,370.07,76.733
268.73,340.2,311.4,511.93
65,15.933,151.4,155.67
73.533,47.933,130.07,149.27
130.07,1,279.4,61.8
338.07,15.933,383.93,62.867
81,228.2,156.73,269.8
264.47,387.13,309.27,476.73
83.133,369,153.53,454.33
130.07,285.8,203.67,343.4
146.07,172.73,217.53,242.07
79.933,222.87,153.53,278.33
10.6,74.6,93.8,134.33
138.6,203.67,210.07,328.47
264.47,88.467,313.53,213.27
10.6,74.6,78.867,134.33
207.93,210.07,276.2,301.8
275.13,183.4,344.47,511.93
168.47,187.67,276.2,358.33
253.8,1,309.27,47.933
1,1,151.4,155.67
79.933,226.07,135.4,278.33
204.73,291.13,263.4,355.13
307.13,37.267,383.93,227.13
342.33,1,383.93,54.333
150.33,328.47,207.93,453.27
296.47,183.4,343.4,382.87
343.4,277.27,383.93,475.67
67.133,7.4,130.07,149.27
255.93,453.27,302.87,511.93
184.47,204.73,239.93,246.33
117.27,15.933,198.33,122.6
168.47,210.07,276.2,301.8
82.067,197.27,132.2,253.8
1,1,150.33,147.13
79.933,236.73,135.4,278.33
75.667,77.8,141.8,148.2
286.87,1,362.6,101.27
118.33,1,293.27,171.67
140.73,169.53,251.67,246.33
223.93,1,292.2,59.667
11.667,1,94.867,129
184.47,209,250.6,283.67
1,347.67,171.67,511.93
147.13,356.2,262.33,511.93
252.73,109.8,313.53,411.67
107.67,243.13,148.2,294.33
285.8,1,346.6,81
152.47,411.67,207.93,488.47
98.067,35.133,243.13,171.67
203.67,136.47,249.53,182.33
17,1,78.867,77.8
87.4,95.933,146.07,149.27
44.733,1,166.33,158.87
58.6,253.8,155.67,298.6
268.73,387.13,310.33,511.93
316.73,210.07,357.27,511.93
290.07,142.87,347.67,191.93
167.4,230.33,210.07,295.4
1,1,166.33,158.87
158.87,50.067,243.13,149.27
342.33,197.27,383.93,382.87
150.33,1,296.47,152.47
138.6,1,301.8,198.33
126.87,40.467,180.2,114.07
117.27,20.2,166.33,104.47
61.8,138.6,178.07,230.33
65,15.933,116.2,104.47
339.13,61.8,383.93,198.33
83.133,225,171.67,267.67
255.93,402.07,308.2,511.93
265.53,109.8,313.53,153.53
313.53,204.73,362.6,511.93
46.867,138.6,217.53,309.27
318.87,1,383.93,246.33
265.53,109.8,308.2,153.53
327.4,138.6,376.47,223.93
227.13,291.13,277.27,346.6
67.133,233.53,157.8,298.6
190.87,298.6,275.13,357.27
75.667,46.867,138.6,145
156.73,134.33,249.53,188.73
67.133,258.07,155.67,298.6
75.667,46.867,138.6,134.33
101.27,22.333,173.8,156.73
11.667,61.8,103.4,143.93
138.6,150.33,249.53,328.47
139.67,47.933,182.33,88.467
252.73,137.53,308.2,412.73
255.93,47.933,303.93,102.33
293.27,209,357.27,511.93
136.47,287.93,197.27,332.73
294.33,447.93,334.87,511.93
99.133,22.333,177,156.73
150.33,392.47,206.87,493.8
107.67,243.13,150.33,296.47
87.4,21.267,172.73,101.27
1,1,133.27,159.93
65,15.933,141.8,147.13
274.07,1,316.73,67.133
151.4,285.8,207.93,328.47
313.53,209,357.27,335.93
1,7.4,109.8,123.67
136.47,274.07,197.27,332.73
162.07,1,301.8,191.93
183.4,126.87,251.67,173.8
221.8,298.6,262.33,356.2
247.4,1,307.13,159.93
142.87,313.53,216.47,469.27
46.867,138.6,178.07,298.6
316.73,1,383.93,246.33
313.53,323.13,354.07,511.93
19.133,4.2,73.533,62.867
88.467,99.133,139.67,147.13
167.4,194.07,257,319.93
333.8,1,383.93,169.53
136.47,226.07,180.2,300.73
11.667,55.4,99.133,143.93
75.667,132.2,157.8,177
202.6,165.27,252.73,217.53
130.07,293.27,180.2,343.4
1,1,50.067,53.267
162.07,134.33,268.73,188.73
139.67,47.933,182.33,104.47
127.93,47.933,182.33,88.467
316.73,227.13,357.27,511.93
88.467,99.133,131.13,147.13
75.667,225,172.73,295.4
189.8,1,279.4,58.6
153.53,143.93,214.33,188.73
33,41.533,99.133,126.87
151.4,285.8,262.33,356.2
202.6,126.87,247.4,167.4
117.27,27.667,158.87,81
168.47,187.67,276.2,319.93
168.47,187.67,257,319.93
157.8,1,222.87,61.8
222.87,131.13,274.07,211.13
55.4,1,118.33,105.53
168.47,172.73,275.13,355.13
43.667,44.733,94.867,129
286.87,1,383.93,191.93
227.13,415.93,275.13,511.93
297.53,137.53,383.93,242.07
318.87,1,383.93,102.33
1,7.4,85.267,118.33
55.4,1,150.33,149.27
168.47,214.33,210.07,254.87
247.4,22.333,305,143.93
153.53,165.27,249.53,226.07
257,36.2,305,143.93
26.6,1,143.93,55.4
167.4,209,271.93,356.2
200.47,169.53,251.67,214.33
292.2,179.13,337,405.27
203.67,338.07,259.13,444.73
210.07,199.4,258.07,295.4
58.6,253.8,189.8,332.73
168.47,197.27,230.33,278.33
333.8,1,383.93,187.67
292.2,179.13,332.73,405.27
132.2,225,254.87,353
283.67,61.8,332.73,135.4
189.8,133.27,247.4,188.73
311.4,137.53,383.93,242.07
1,1,54.333,42.6
168.47,190.87,276.2,298.6
162.07,143.93,212.2,188.73
129,68.2,199.4,171.67
118.33,81,199.4,171.67
201.53,136.47,249.53,182.33
194.07,46.867,241,113
129,68.2,194.07,171.67
152.47,338.07,259.13,488.47
265.53,98.067,312.47,153.53
343.4,386.07,383.93,511.93
241,402.07,311.4,511.93
79.933,196.2,127.93,246.33
138.6,146.07,189.8,188.73
274.07,13.8,370.07,189.8
215.4,1,279.4,58.6
101.27,22.333,177,156.73
227.13,190.87,276.2,298.6
314.6,427.67,383.93,511.93
158.87,50.067,212.2,106.6
265.53,133.27,309.27,445.8
325.27,197.27,383.93,511.93
186.6,134.33,249.53,187.67
84.2,68.2,138.6,134.33
233.53,75.667,293.27,146.07
292.2,179.13,335.93,405.27
268.73,125.8,344.47,511.93
281.53,1,348.73,188.73
67.133,1,150.33,41.533
318.87,137.53,383.93,227.13
167.4,194.07,276.2,319.93
67.133,7.4,118.33,105.53
247.4,22.333,305,159.93
17,4.2,81,100.2
251.67,340.2,311.4,511.93
138.6,1,285.8,198.33
328.47,37.267,383.93,187.67
318.87,183.4,360.47,246.33
83.133,225,172.73,295.4
186.6,66.067,285.8,198.33
331.67,44.733,383.93,169.53
138.6,66.067,285.8,229.27
173.8,281.53,254.87,353
317.8,148.2,379.67,296.47
210.07,223.93,251.67,295.4
338.07,87.4,383.93,164.2
87.4,98.067,146.07,149.27
168.47,188.73,239.93,333.8
142.87,313.53,209,466.07
168.47,190.87,276.2,301.8
117.27,20.2,158.87,81
251.67,387.13,309.27,500.2
152.47,67.133,206.87,123.67
163.13,199.4,259.13,341.27
338.07,101.27,383.93,177
285.8,13.8,370.07,81
154.6,1,235.67,88.467
273,142.87,315.67,383.93
237.8,44.733,285.8,92.733
198.33,23.4,270.87,114.07
312.47,204.73,372.2,366.87
67.133,18.067,130.07,149.27
333.8,39.4,383.93,169.53
88.467,78.867,131.13,147.13
340.2,61.8,381.8,102.33
328.47,14.867,383.93,76.733
129,68.2,198.33,171.67
290.07,85.267,348.73,191.93
257,36.2,301.8,99.133
44.733,1,150.33,139.67
11.667,61.8,57.533,115.13
189.8,133.27,247.4,174.87
52.2,137.53,178.07,235.67
223.93,38.333,270.87,114.07
132.2,225,203.67,300.73
1,59.667,133.27,159.93
339.13,88.467,383.93,198.33
153.53,187.67,209,275.13
189.8,219.67,254.87,295.4
52.2,138.6,178.07,235.67
138.6,165.27,249.53,217.53
281.53,7.4,348.73,188.73
305,81,350.87,146.07
1,1,78.867,100.2
285.8,1,370.07,86.333
333.8,44.733,383.93,169.53
151.4,194.07,276.2,356.2
126.87,30.867,180.2,114.07
167.4,249.53,209,295.4
138.6,146.07,189.8,187.67
248.47,275.13,291.13,498.07
168.47,194.07,257,319.93
186.6,66.067,285.8,211.13
318.87,1,383.93,166.33
142.87,313.53,207.93,422.33
200.47,209,268.73,314.6
283.67,1,354.07,189.8
343.4,334.87,383.93,440.47
57.533,84.2,99.133,126.87
239.93,1,307.13,97
190.87,84.2,285.8,198.33
151.4,287.93,197.27,330.6
58.6,233.53,157.8,298.6
238.87,387.13,309.27,511.93
189.8,44.733,285.8,146.07
258.07,387.13,309.27,476.73
163.13,226.07,210.07,299.67
138.6,165.27,249.53,296.47
207.93,219.67,251.67,301.8
11.667,55.4,56.467,114.07
285.8,13.8,364.73,81
339.13,101.27,383.93,166.33
286.87,1,348.73,191.93
153.53,68.2,198.33,123.67
318.87,1,383.93,106.6
202.6,106.6,243.13,149.27
83.133,369,153.53,463.93
339.13,88.467,383.93,181.27
47.933,258.07,92.733,298.6
26.6,1,139.67,55.4
286.87,1,347.67,103.4
319.93,148.2,376.47,223.93
98.067,38.333,199.4,171.67
127.93,137.53,189.8,187.67
158.87,50.067,228.2,121.53
210.07,199.4,259.13,341.27
87.4,22.333,133.27,101.27
111.93,21.267,172.73,62.867
312.47,148.2,379.67,426.6
154.6,287.93,197.27,330.6
55.4,138.6,178.07,269.8
286.87,66.067,342.33,187.67
142.87,313.53,207.93,466.07
10.6,74.6,109.8,134.33
111.93,6.3333,172.73,62.867
134.33,90.6,191.93,171.67
223.93,35.133,270.87,114.07
156.73,143.93,203.67,188.73
55.4,137.53,181.27,257
259.13,98.067,312.47,190.87
189.8,46.867,241,113
158.87,1,292.2,146.07
255.93,402.07,309.27,511.93
168.47,214.33,210.07,286.87
87.4,101.27,130.07,149.27
247.4,36.2,305,143.93
251.67,111.93,293.27,412.73
155.67,114.07,219.67,171.67
75.667,77.8,141.8,146.07
247.4,399.93,308.2,511.93
44.733,36.2,141.8,148.2
166.33,6.3333,215.4,88.467
55.4,1,130.07,149.27
138.6,1,270.87,170.6
189.8,44.733,285.8,136.47
292.2,169.53,335.93,511.93
343.4,386.07,383.93,440.47
173.8,341.27,214.33,396.73
313.53,209,357.27,281.53
261.27,402.07,308.2,474.6
146.07,196.2,187.67,242.07
55.4,196.2,127.93,269.8
11.667,39.4,56.467,114.07
161,1,222.87,61.8
102.33,234.6,146.07,291.13
179.13,197.27,230.33,246.33
207.93,212.2,275.13,301.8
67.133,76.733,109.8,124.73
19.133,1,99.133,126.87
6.3333,1,109.8,124.73
283.67,1,362.6,187.67
319.93,142.87,379.67,221.8
312.47,353,364.73,474.6
248.47,275.13,290.07,498.07
325.27,31.933,383.93,102.33
154.6,6.3333,207.93,88.467
151.4,285.8,225,339.13
72.467,120.47,161,177
239.93,1,292.2,81
77.8,21.267,177,156.73
204.73,291.13,259.13,337
310.33,1,383.93,169.53
75.667,187.67,209,295.4
168.47,166.33,282.6,298.6
204.73,291.13,263.4,346.6
233.53,22.333,296.47,146.07
222.87,1,279.4,58.6
84.2,85.267,138.6,134.33
167.4,243.13,254.87,353
139.67,357.27,252.73,511.93
226.07,457.53,275.13,511.93
83.133,1,139.67,55.4
286.87,66.067,349.8,187.67
87.4,103.4,141.8,148.2
167.4,209,250.6,290.07
339.13,88.467,383.93,162.07
325.27,21.267,383.93,106.6
200.47,209,271.93,314.6
317.8,180.2,367.93,230.33
130.07,1,178.07,42.6
148.2,209,250.6,295.4
168.47,228.2,210.07,295.4
163.13,217.53,211.13,286.87
196.2,337,270.87,426.6
328.47,14.867,383.93,129
133.27,68.2,194.07,171.67
264.47,88.467,313.53,130.07
193,333.8,250.6,444.73
319.93,138.6,376.47,223.93
130.07,1,179.13,41.533
255.93,422.33,310.33,511.93
330.6,44.733,383.93,227.13
107.67,47.933,177,114.07
209,185.53,271.93,314.6
107.67,47.933,177,156.73
142.87,313.53,207.93,459.67
28.733,18.067,73.533,60.733
17,4.2,78.867,74.6
217.53,298.6,273,356.2
198.33,266.6,254.87,353
43.667,56.467,99.133,126.87
138.6,63.933,225,170.6
317.8,148.2,379.67,230.33
217.53,298.6,263.4,356.2
300.73,68.2,343.4,125.8
44.733,1,150.33,41.533
168.47,172.73,275.13,333.8
244.2,11.667,298.6,70.333
340.2,197.27,383.93,511.93
31.933,86.333,93.8,131.13
264.47,77.8,305,143.93
319.93,142.87,383.93,230.33
19.133,5.2667,86.333,93.8
319.93,138.6,383.93,239.93
19.133,5.2667,73.533,62.867
168.47,226.07,210.07,268.73
1,59.667,78.867,134.33
233.53,44.733,293.27,146.07
291.13,340.2,344.47,489.53
299.67,74.6,348.73,188.73
283.67,1,346.6,119.4
148.2,185.53,271.93,314.6
75.667,68.2,138.6,134.33
261.27,385,308.2,451.13
325.27,43.667,383.93,102.33
30.867,18.067,73.533,60.733
291.13,285.8,344.47,511.93
172.73,110.87,225,153.53
163.13,217.53,211.13,333.8
157.8,1,258.07,121.53
127.93,137.53,230.33,188.73
189.8,1,296.47,146.07
259.13,422.33,310.33,508.73
107.67,62.867,156.73,114.07
83.133,1,158.87,81
153.53,68.2,194.07,123.67
138.6,90.6,196.2,170.6
212.2,84.2,285.8,198.33
184.47,204.73,247.4,246.33
290.07,7.4,346.6,81
55.4,203.67,102.33,269.8
44.733,1,150.33,101.27
167.4,209,250.6,295.4
153.53,343.4,275.13,484.2
244.2,11.667,301.8,84.2
77.8,21.267,158.87,81
73.533,47.933,118.33,105.53
6.3333,7.4,78.867,92.733
107.67,62.867,173.8,156.73
190.87,298.6,273,356.2
154.6,6.3333,270.87,114.07
184.47,172.73,252.73,246.33
184.47,209,250.6,274.07
30.867,20.2,73.533,60.733
184.47,188.73,239.93,246.33
85.267,201.53,127.93,246.33
6.3333,7.4,109.8,124.73
330.6,157.8,383.93,227.13
339.13,101.27,383.93,149.27
286.87,7.4,340.2,81
157.8,1,258.07,113
102.33,234.6,150.33,296.47
169.53,276.2,217.53,333.8
164.2,276.2,209,333.8
193,85.267,243.13,149.27
163.13,439.4,207.93,488.47
138.6,146.07,220.73,188.73
290.07,7.4,347.67,103.4
19.133,4.2,73.533,60.733
153.53,187.67,209,232.47
330.6,40.467,383.93,227.13
43.667,74.6,99.133,126.87
157.8,1,279.4,61.8
1,7.4,78.867,100.2
233.53,44.733,285.8,136.47
154.6,1,270.87,114.07
168.47,214.33,210.07,269.8
285.8,13.8,346.6,81
163.13,226.07,210.07,268.73
318.87,1,383.93,73.533
303.93,81,350.87,189.8
303.93,57.533,354.07,189.8
290.07,151.4,340.2,191.93
303.93,340.2,344.47,489.53
318.87,180.2,367.93,230.33
338.07,15.933,383.93,73.533
303.93,92.733,350.87,189.8
274.07,13.8,370.07,102.33
330.6,147.13,379.67,210.07
325.27,15.933,383.93,106.6
116.2,110.87,166.33,156.73
127.93,137.53,220.73,188.73
154.6,6.3333,215.4,88.467
290.07,7.4,340.2,81
281.53,7.4,346.6,85.267
299.67,102.33,340.2,188.73
325.27,43.667,383.93,106.6
6.3333,7.4,78.867,109.8
339.13,101.27,383.93,177
281.53,7.4,346.6,81
69.267,76.733,109.8,124.73
109.8,110.87,166.33,156.73
1,7.4,78.867,92.733
168.47,188.73,252.73,333.8
75.667,68.2,131.13,123.67
190.87,209,271.93,356.2
138.6,6.3333,270.87,170.6
339.13,148.2,379.67,199.4
339.13,101.27,383.93,164.2
255.93,453.27,296.47,511.93
190.87,298.6,263.4,356.2
325.27,43.667,381.8,102.33
181.27,92.733,225,153.53
189.8,46.867,241,121.53
286.87,7.4,346.6,81
244.2,24.467,298.6,70.333
309.27,92.733,350.87,189.8
286.87,61.8,332.73,135.4
163.13,226.07,210.07,286.87
19.133,12.733,73.533,62.867
33,52.2,75.667,118.33
204.73,291.13,263.4,353
175.93,276.2,217.53,333.8
44.733,98.067,99.133,143.93
150.33,27.667,228.2,121.53
83.133,378.6,153.53,463.93
138.6,63.933,200.47,142.87
83.133,21.267,151.4,65
83.133,378.6,153.53,454.33
138.6,90.6,196.2,142.87
200.47,214.33,250.6,274.07
294.33,85.267,348.73,153.53
330.6,142.87,379.67,221.8
286.87,15.933,340.2,81
158.87,50.067,228.2,120.47
290.07,136.47,347.67,191.93
325.27,43.667,371.13,106.6
339.13,148.2,379.67,221.8
339.13,148.2,379.67,204.73
157.8,1,241,113
233.53,75.667,281.53,146.07
161,1,241,113
