37,79.4,203.4,310.6
1,1,512.2,384.2
156.2,1,249.8,149
1,1,512.2,289
193,206.6,512.2,384.2
159.4,213.8,332.2,384.2
143.4,1,318.6,339.4
256.2,65.8,512.2,351.4
1,1,341.8,384.2
173.8,284.2,229.8,349.8
1,1,320.2,384.2
153,1,512.2,384.2
1,1,225.8,384.2
272.2,161,314.6,209.8
249.8,282.6,320.2,346.6
1,226.6,205,384.2
145,29.8,373,253
193,264.2,512.2,384.2
205.8,93,246.6,141.8
153,1,275.4,217
143.4,1,512.2,257
1,337.8,63.4,384.2
1,1,205,384.2
437.8,287.4,497.8,365
1,1,208.2,320.2
143.4,29.8,373,253
436.2,316.2,512.2,384.2
1,1,512.2,354.6
40.2,79.4,203.4,310.6
257,66.6,512.2,354.6
239.4,148.2,314.6,211.4
225.8,1,512.2,159.4
80.2,81.8,125,145
185,251.4,225.8,292.2
143.4,30.6,421,257
143.4,1,512.2,384.2
1,1,191.4,182.6
316.2,1,512.2,129
261,282.6,320.2,336.2
273.8,1,512.2,159.4
209.8,1,275.4,82.6
289,1,509.8,129.8
172.2,1,512.2,384.2
1,177,337.8,359.4
1,226.6,241,384.2
47.4,1,512.2,354.6
1,193.8,512.2,384.2
183.4,1,512.2,259.4
201.8,244.2,512.2,384.2
152.2,1,512.2,263.4
381.8,1,511.4,96.2
1,49,204.2,313
172.2,279.4,430.6,384.2
125.8,1,341.8,384.2
207.4,123.4,247.4,197.8
47.4,63.4,142.6,109.8
205.8,205.8,258.6,251.4
152.2,1,337,263.4
209,52.2,512.2,379.4
1,56.2,225.8,313.8
47.4,1,512.2,129.8
198.6,49.8,512.2,384.2
1,177,512.2,384.2
199.4,1,512.2,178.6
39.4,85.8,107.4,132.2
454.6,288.2,512.2,335.4
436.2,313,512.2,384.2
385,208.2,512.2,256.2
153,1,512.2,259.4
1,1,204.2,289
300.2,288.2,512.2,370.6
365,277.8,440.2,352.2
193,52.2,512.2,384.2
152.2,1,512.2,384.2
270.6,249,337.8,325.8
1,1,204.2,384.2
292.2,221,512.2,352.2
1,1,241,384.2
183.4,1,469,259.4
1,226.6,177,337.8
143.4,237,227.4,384.2
40.2,110.6,133.8,261
125.8,1,233.8,147.4
133,20.2,190.6,99.4
192.2,265.8,512.2,384.2
321,286.6,512.2,384.2
173.8,285.8,512.2,384.2
357,293,424.2,358.6
202.6,127.4,277.8,257
1,49,290.6,384.2
446.6,287.4,497.8,345.8
156.2,1,249.8,142.6
125.8,1,275.4,211.4
172.2,49.8,512.2,384.2
173,65,248.2,164.2
75.4,56.2,173,309.8
172.2,1,249.8,114.6
77,107.4,147.4,289
35.4,56.2,173,309.8
143.4,1,512.2,337
40.2,49,204.2,313
281.8,1,469,96.2
234.6,47.4,336.2,129.8
221,289.8,436.2,384.2
194.6,3.4,341.8,263.4
233,1,512.2,133.8
384.2,208.2,512.2,256.2
218.6,1,512.2,137
309,293.8,452.2,384.2
1,1,190.6,181.8
220.2,77.8,264.2,137
233,1,417,133.8
173.8,68.2,249.8,114.6
283.4,48.2,412.2,129
289.8,245.8,337.8,286.6
49,142.6,105.8,260.2
170.6,241,271.4,339.4
173.8,52.2,512.2,384.2
1,193.8,289.8,384.2
289,1,512.2,129.8
177.8,123.4,249,217
1,1,192.2,182.6
241.8,287.4,512.2,384.2
47.4,1,512.2,253
1,1,290.6,384.2
197.8,206.6,512.2,276.2
153.8,1,512.2,129.8
121,1,175.4,70.6
284.2,206.6,512.2,273
211.4,193.8,317.8,251.4
401,1,511.4,82.6
201,193.8,320.2,256.2
153.8,1,512.2,240.2
154.6,1,253,217
1,57,228.2,341
173.8,1,512.2,384.2
402.6,1,504.2,80.2
309.8,52.2,377,95.4
132.2,93.8,320.2,384.2
1,113.8,102.6,296.2
1,57,228.2,320.2
37,79.4,204.2,310.6
307.4,48.2,496.2,111.4
394.6,213,512.2,257
247.4,148.2,305,194.6
381.8,1,445,96.2
1,49.8,208.2,320.2
1,1,191.4,177
40.2,141.8,113.8,261
179.4,305,241,384.2
194.6,2.6,337,263.4
1,226.6,225.8,384.2
1,1,228.2,384.2
381.8,14.6,469,96.2
159.4,314.6,205.8,381
301,293,363.4,354.6
1,1,128.2,143.4
1,1,190.6,184.2
1,57,228.2,384.2
257,66.6,512.2,351.4
121,1,189.8,65.8
205.8,193.8,320.2,256.2
121,1,512.2,129.8
342.6,1,512.2,93
437.8,314.6,512.2,384.2
106.6,259.4,289.8,384.2
321,286.6,512.2,370.6
1,233,223.4,384.2
85,75.4,141.8,225.8
38.6,193.8,230.6,304.2
165,1,245.8,106.6
249,200.2,317.8,248.2
1,1,138.6,177
1,49.8,208.2,337
106.6,122.6,147.4,245
121,1,512.2,113.8
143.4,57,318.6,257
84.2,56.2,177,309.8
35.4,1,253,309.8
209,134.6,314.6,217.8
229,288.2,328.2,379.4
44.2,109,141,261.8
192.2,208.2,512.2,384.2
321,293.8,479.4,370.6
195.4,288.2,239.4,332.2
127.4,301,223.4,384.2
116.2,57,179.4,127.4
47.4,64.2,98.6,105
432.2,286.6,512.2,351.4
305.8,48.2,496.2,113.8
265.8,1,469,96.2
401,1,512.2,82.6
207.4,1,262.6,70.6
153.8,1,309,80.2
288.2,222.6,512.2,350.6
193,261,264.2,310.6
205,41,369,133.8
143.4,237,252.2,384.2
143.4,48.2,318.6,257
225.8,134.6,314.6,209.8
1,227.4,205,384.2
143.4,1,310.6,201.8
33,289,82.6,337
75.4,125.8,142.6,309.8
165,194.6,318.6,337
132.2,246.6,172.2,301
99.4,107.4,155.4,309
152.2,133.8,249,211.4
1,147.4,75.4,258.6
153.8,113.8,198.6,169.8
1,335.4,65.8,384.2
363.4,295.4,415.4,357.8
194.6,287.4,239.4,337
304.2,1,512.2,95.4
220.2,1,423.4,137
384.2,208.2,501.8,255.4
234.6,51.4,336.2,97.8
112.2,1,176.2,79.4
193,264.2,446.6,384.2
192.2,294.6,239.4,334.6
35.4,1,320.2,384.2
154.6,121,217,217
252.2,285.8,317,344.2
33,289.8,83.4,350.6
225.8,265,512.2,384.2
116.2,57,198.6,245.8
193,279.4,430.6,384.2
1,241.8,221.8,384.2
362.6,69.8,497,129
401,1,509.8,81
199.4,1,385.8,178.6
291.4,67.4,512.2,240.2
145,29.8,314.6,253
241.8,293.8,452.2,384.2
152.2,129,314.6,253
204.2,148.2,314.6,253
40.2,143.4,136.2,261
84.2,189,142.6,309.8
305.8,66.6,512.2,240.2
116.2,48.2,191.4,127.4
143.4,237,290.6,384.2
1,57,204.2,313
342.6,48.2,389,93
1,1,176.2,296.2
1,236.2,225.8,384.2
185,337,236.2,384.2
93,37,208.2,320.2
201,193.8,317.8,251.4
169,129,261.8,201.8
1,257,160.2,384.2
289,84.2,417,129.8
129,320.2,205,384.2
402.6,1,508.2,80.2
333,287.4,402.6,337
1,325,72.2,384.2
295.4,25,369,65
132.2,93.8,258.6,313
200.2,136.2,248.2,211.4
384.2,208.2,463.4,257.8
197.8,235.4,512.2,384.2
1,257.8,512.2,384.2
63.4,63.4,141.8,104.2
273.8,129.8,384.2,174.6
35.4,109,141,285
143.4,1,512.2,339.4
142.6,237,290.6,384.2
412.2,215.4,512.2,257.8
298.6,1,400.2,46.6
143.4,1,318.6,337
205,30.6,421,133.8
205,41,421,133.8
65.8,305.8,204.2,384.2
175.4,194.6,318.6,337
337,277,441,354.6
205.8,196.2,320.2,256.2
444.2,314.6,512.2,367.4
1,1,208.2,337
204.2,201.8,266.6,253
381.8,1,512.2,96.2
159.4,309.8,225,384.2
447.4,288.2,512.2,358.6
154.6,1,249.8,217
206.6,3.4,309,178.6
229.8,47.4,373,109.8
409.8,1,465.8,82.6
415.4,69.8,496.2,111.4
116.2,1,204.2,245.8
179.4,127.4,318.6,257
1,257.8,328.2,384.2
1,1,175.4,177
1,56.2,241,384.2
1,257.8,83.4,350.6
345,14.6,424.2,93
125.8,1,341.8,263.4
1,226.6,171.4,337
186.6,65,248.2,141.8
133,101,203.4,284.2
177,1,241,131.4
58.6,145,106.6,241
201,205.8,263.4,253
153,1,249.8,217
144.2,1,310.6,201.8
1,241.8,177.8,384.2
286.6,293,363.4,379.4
75.4,226.6,142.6,309.8
201,209,246.6,253
281.8,1,512.2,128.2
40.2,56.2,225.8,313.8
143.4,237,241,384.2
286.6,337,333.8,379.4
368.2,48.2,512.2,128.2
1,241.8,159.4,384.2
142.6,247.4,290.6,384.2
440.2,314.6,512.2,384.2
269,161,318.6,240.2
234.6,17,400.2,129.8
44.2,145,95.4,261.8
1,1,128.2,141
305,66.6,512.2,239.4
1,1,175.4,159.4
281.8,1,512.2,157
1,1,191.4,159.4
211.4,193.8,281,251.4
49,57,204.2,313
206.6,2.6,337,100.2
66.6,248.2,129,304.2
205,30.6,421,166.6
199.4,3.4,309,178.6
37,56.2,225.8,313.8
130.6,340.2,205,384.2
217.8,9,273.8,73
225.8,265.8,289.8,311.4
97.8,239.4,141.8,293.8
201,193.8,281,251.4
384.2,208.2,501.8,256.2
193.8,203.4,272.2,257
132.2,101,204.2,313
201,39.4,373,137
198.6,93,253,155.4
206.6,3.4,332.2,178.6
143.4,237,185,316.2
125.8,1,248.2,211.4
1,156.2,56.2,253
1,1,189.8,183.4
169,127.4,318.6,257
1,1,190.6,166.6
1,232.2,171.4,337
225.8,265.8,305,325.8
1,144.2,205,384.2
221,265.8,512.2,384.2
173,177,320.2,359.4
206.6,2.6,337,124.2
121,1,313.8,75.4
173,177,337.8,359.4
126.6,63.4,220.2,313.8
105,107.4,147.4,168.2
269.8,196.2,318.6,240.2
79.4,56.2,173,144.2
294.6,9.8,358.6,63.4
177,301,223.4,350.6
257,282.6,320.2,340.2
165,1,310.6,106.6
225.8,134.6,314.6,229
272.2,160.2,314.6,209
366.6,60.2,512.2,129.8
143.4,1,318.6,257
201.8,235.4,512.2,384.2
169,247.4,227.4,340.2
209,5.8,309,80.2
121,1,169.8,64.2
413.8,213,512.2,265
197.8,231.4,288.2,276.2
331.4,61,390.6,110.6
49,57,204.2,245.8
265.8,1,469,157
183.4,178.6,258.6,259.4
201,39.4,373,142.6
173,133.8,248.2,211.4
1,49.8,202.6,320.2
413,208.2,512.2,256.2
64.2,79.4,158.6,310.6
205,123.4,247.4,197.8
143.4,1,309,147.4
413.8,213,512.2,256.2
273.8,1,420.2,63.4
209,337,295.4,384.2
193,188.2,249.8,233.8
413.8,1,509.8,81
211.4,127.4,256.2,197.8
141,105,204.2,245.8
153,167.4,204.2,216.2
221,286.6,512.2,384.2
183.4,61,224.2,141.8
158.6,129,261.8,250.6
237.8,134.6,314.6,209.8
44.2,49,204.2,313
1,1,128.2,159.4
311.4,4.2,385,46.6
85.8,56.2,173,223.4
1,161,51.4,244.2
225.8,1,423.4,108.2
177.8,340.2,219.4,384.2
81,143.4,141.8,224.2
159.4,225.8,332.2,384.2
384.2,208.2,506.6,257.8
132.2,93.8,290.6,384.2
53.8,49.8,202.6,320.2
133.8,105.8,201,260.2
441.8,296.2,512.2,384.2
153.8,109,209.8,184.2
324.2,321,375.4,370.6
143.4,129,196.2,203.4
241,265,304.2,306.6
127.4,344.2,177,384.2
177,301,241,384.2
197.8,206.6,512.2,325.8
221,288.2,512.2,384.2
153,1,250.6,217
195.4,1,238.6,95.4
309,287.4,512.2,384.2
146.6,213.8,198.6,293
96.2,56.2,177,137.8
321,305,449,370.6
170.6,265,247.4,339.4
193,286.6,512.2,384.2
154.6,123.4,250.6,217
1,1,190.6,183.4
394.6,215.4,512.2,257
204.2,209.8,260.2,253
154.6,105,217,217
159.4,285,241,384.2
285.8,193,512.2,354.6
223.4,337,288.2,384.2
368.2,65.8,512.2,128.2
332.2,61,385,115.4
173.8,285.8,437,384.2
1,338.6,62.6,384.2
225.8,24.2,309,108.2
257,67.4,512.2,351.4
366.6,65.8,512.2,129.8
85.8,125.8,141.8,223.4
205.8,196.2,313,256.2
444.2,316.2,501.8,367.4
106.6,305,177.8,345.8
337,287.4,401.8,345.8
165,193,318.6,337
195.4,337,295.4,384.2
183.4,178.6,251.4,259.4
444.2,312.2,512.2,384.2
203.4,205.8,261.8,251.4
241.8,312.2,436.2,384.2
165,1,309,106.6
295.4,1,413,84.2
212.2,279.4,430.6,384.2
357,294.6,400.2,352.2
218.6,1,423.4,137
154.6,107.4,253,217
223.4,5.8,308.2,73
159.4,314.6,265,384.2
1,1,128.2,183.4
152.2,1,250.6,221
233.8,134.6,314.6,209.8
38.6,193.8,289.8,384.2
450.6,215.4,512.2,257.8
403.4,1,512.2,79.4
32.2,220.2,90.6,289
280.2,206.6,512.2,273
205,65,260.2,133.8
175.4,281.8,256.2,339.4
192.2,265,247.4,334.6
295.4,18.6,369,65
258.6,67.4,512.2,240.2
465,316.2,512.2,357.8
245,297.8,446.6,384.2
47.4,63.4,142.6,105
332.2,14.6,420.2,115.4
292.2,221,512.2,349.8
239.4,194.6,318.6,255.4
234.6,1,400.2,129.8
145,29.8,231.4,141
177.8,123.4,250.6,217
193,259.4,289.8,311.4
1,226.6,113,384.2
25,72.2,138.6,147.4
437.8,305,512.2,384.2
300.2,288.2,512.2,384.2
133,195.4,173.8,284.2
152.2,1,249,221
281.8,1,422.6,128.2
419.4,305,512.2,384.2
265.8,1,469,128.2
295.4,1,400.2,48.2
133,63.4,220.2,284.2
1,1,76.2,72.2
384.2,208.2,499.4,257.8
84.2,129,142.6,309.8
177.8,123.4,247.4,217
166.6,1,309,80.2
309,293.8,479.4,384.2
414.6,215.4,512.2,257.8
316.2,69.8,497,129
99.4,193.8,147.4,246.6
311.4,1,400.2,46.6
1,236.2,176.2,384.2
208.2,1,275.4,82.6
261,207.4,317.8,248.2
445,314.6,512.2,384.2
177.8,194.6,318.6,337
203.4,123.4,247.4,197.8
154.6,247.4,197,320.2
285.8,193,512.2,273
1,226.6,177,345
143.4,1,275.4,113
143.4,1,275.4,147.4
106.6,259.4,289.8,345.8
285.8,207.4,512.2,351.4
225,264.2,446.6,384.2
144.2,81,261.8,201.8
192.2,275.4,239.4,334.6
84.2,56.2,225.8,313.8
321,287.4,402.6,337
187.4,194.6,318.6,337
345,48.2,388.2,93
273.8,1,400.2,46.6
132.2,101,258.6,313
402.6,1,487.4,80.2
357,294.6,424.2,358.6
280.2,208.2,337,273
231.4,5.8,308.2,67.4
152.2,1,261.8,245.8
206.6,337,288.2,384.2
166.6,1,227.4,67.4
220.2,1,405.8,137
121,1,176.2,65.8
85.8,154.6,136.2,196.2
440.2,313,491.4,377.8
257.8,5.8,308.2,67.4
270.6,273,320.2,325.8
194.6,3.4,309,263.4
1,122.6,147.4,289
436.2,318.6,512.2,384.2
283.4,14.6,420.2,159.4
38.6,193.8,141.8,304.2
49,81.8,125,145
1,155.4,56.2,253
444.2,318.6,512.2,370.6
257,66.6,512.2,239.4
301.8,9.8,358.6,51.4
47.4,59.4,161,109.8
237,294.6,437,384.2
75.4,49,204.2,313
256.2,105,365,166.6
172.2,285.8,229.8,349.8
1,72.2,138.6,159.4
99.4,193.8,147.4,309
140.2,101,204.2,244.2
305,52.2,377,95.4
205.8,205.8,261.8,251.4
463.4,1,509.8,64.2
169,65,318.6,257
233.8,1,385.8,50.6
1,232.2,163.4,315.4
143.4,57,224.2,141.8
355.4,1,512.2,96.2
1,1,147.4,289
441,318.6,512.2,377
130.6,301,241,384.2
125.8,101,203.4,309
187.4,236.2,240.2,281.8
273.8,1,424.2,95.4
284.2,207.4,512.2,273
309,293.8,448.2,370.6
332.2,48.2,412.2,115.4
197.8,231.4,288.2,271.4
273.8,1,376.2,49.8
209.8,1,261.8,70.6
411.4,1,512.2,81
184.2,1,235.4,95.4
143.4,57,246.6,155.4
1,257,205,384.2
256.2,67.4,512.2,351.4
342.6,1,509.8,93
133,20.2,190.6,100.2
289,76.2,496.2,129.8
1,241.8,223.4,384.2
310.6,84.2,417,129.8
368.2,69.8,496.2,128.2
442.6,1,493.8,70.6
64.2,79.4,203.4,310.6
209,134.6,265.8,201.8
206.6,94.6,271.4,178.6
269,196.2,318.6,240.2
292.2,225,512.2,351.4
170.6,283.4,217,339.4
206.6,95.4,246.6,141.8
251.4,62.6,310.6,128.2
205.8,329,251.4,384.2
257,97,415.4,170.6
1,144.2,73.8,253
170.6,259.4,289.8,336.2
272.2,161,313.8,205.8
233,341,295.4,384.2
133,37,206.6,260.2
99.4,193.8,147.4,261
421,1,512.2,81
163.4,88.2,228.2,141
313.8,222.6,512.2,350.6
132.2,252.2,172.2,301
375.4,1,512.2,81
234.6,51.4,336.2,129.8
143.4,237,227.4,340.2
1,1,175.4,181.8
159.4,247.4,290.6,384.2
206.6,177,320.2,306.6
154.6,141,217,217
329.8,287.4,402.6,337
409.8,1,511.4,82.6
173.8,284.2,229.8,349
193.8,189,272.2,257
384.2,208.2,497,257.8
412.2,1,509.8,81
273.8,285.8,317,344.2
440.2,313,512.2,377.8
194.6,3.4,320.2,263.4
47.4,53,165,109.8
64.2,84.2,107.4,129.8
225.8,265,304.2,329
234.6,1,417,129.8
441,318.6,512.2,384.2
1,144.2,121.8,306.6
1,257,204.2,384.2
248.2,312.2,428.2,384.2
125.8,1,250.6,211.4
201.8,116.2,250.6,164.2
172.2,1,249.8,142.6
65.8,186.6,141.8,304.2
197,205,257,257
145,29.8,253,155.4
1,1,175.4,166.6
185,187.4,256.2,241
1,113.8,102.6,183.4
223.4,337,295.4,384.2
368.2,69.8,497,128.2
187.4,236.2,245.8,289
84.2,189,158.6,310.6
333,277.8,440.2,351.4
163.4,198.6,204.2,250.6
108.2,57,198.6,245.8
285.8,207.4,512.2,257.8
40.2,141.8,108.2,261
70.6,79.4,141.8,133
229,288.2,436.2,384.2
141.8,218.6,228.2,289.8
172.2,1,235.4,95.4
437.8,287.4,512.2,384.2
355.4,48.2,400.2,95.4
163.4,213.8,208.2,297
243.4,134.6,314.6,209.8
205,123.4,249,197.8
175.4,177,320.2,346.6
229.8,65,321.8,137
295.4,2.6,337,49.8
441.8,314.6,512.2,384.2
53.8,145,93.8,241
130.6,294.6,241,384.2
205.8,200.2,313,256.2
159.4,284.2,241,384.2
53.8,145,93.8,251.4
210.6,259.4,289.8,311.4
47.4,63.4,144.2,109.8
53.8,289,113,384.2
175.4,177,320.2,339.4
290.6,193,382.6,251.4
167.4,225.8,290.6,313.8
173,65,248.2,141.8
132.2,213.8,198.6,313
237,134.6,314.6,209
304.2,54.6,373,95.4
273.8,1,420.2,46.6
159.4,247.4,265,384.2
321,305.8,432.2,370.6
227.4,196.2,320.2,256.2
207.4,1,249.8,51.4
140.2,101,204.2,298.6
345,1,509.8,93
349,294.6,416.2,361
224.2,264.2,446.6,384.2
44.2,141.8,120.2,261.8
185,187.4,256.2,248.2
257,225.8,348.2,276.2
106.6,291.4,178.6,345.8
152.2,140.2,210.6,193
132.2,126.6,228.2,320.2
200.2,93,253,141.8
1,157,69,258.6
189,133.8,248.2,211.4
193.8,127.4,318.6,257
159.4,314.6,219.4,384.2
170.6,284.2,227.4,340.2
441,305,512.2,369.8
331.4,48.2,400.2,110.6
143.4,129,203.4,215.4
159.4,309.8,205.8,364.2
337.8,207.4,393,249
321,305,375.4,370.6
207.4,1,252.2,43.4
324.2,321,432.2,370.6
137.8,105.8,198.6,205
324.2,321,374.6,370.6
177,60.2,241,131.4
62.6,225,103.4,270.6
197,288.2,239.4,332.2
64.2,79.4,141.8,224.2
205.8,329,249,384.2
228.2,265,304.2,329
185,332.2,265,384.2
1,148.2,68.2,258.6
285.8,207.4,512.2,349.8
218.6,5.8,309,80.2
321,298.6,448.2,370.6
283.4,48.2,400.2,128.2
276.2,1,385.8,50.6
257,65.8,512.2,351.4
199.4,5.8,309,80.2
463.4,1,506.6,64.2
197,129,261.8,201.8
194.6,106.6,261,263.4
185,188.2,249.8,241
173,1,241,140.2
152.2,133.8,223.4,193
125.8,229,174.6,320.2
401,1,512.2,81
153.8,1,424.2,95.4
273.8,235.4,337.8,278.6
170.6,264.2,227.4,340.2
253,177,320.2,243.4
201,47.4,373,137
1,1,76.2,80.2
175.4,177,320.2,359.4
313,67.4,512.2,239.4
204.2,1,275.4,56.2
132.2,246.6,172.2,313
225,264.2,289.8,313.8
305.8,225,512.2,351.4
283.4,1,512.2,159.4
269,161,313.8,206.6
70.6,79.4,141.8,222.6
446.6,287.4,512.2,345.8
165.8,61,224.2,141.8
301.8,14.6,424.2,95.4
261.8,205,318.6,247.4
202.6,203.4,277.8,257
198.6,93,253,142.6
220.2,9,273.8,73
301.8,17,400.2,59.4
257,97,415.4,190.6
183.4,3.4,332.2,259.4
152.2,1,250.6,245.8
452.2,288.2,512.2,335.4
285.8,193,405.8,273
292.2,225,512.2,354.6
126.6,63.4,220.2,313
257,196.2,318.6,243.4
307.4,51.4,389.8,105.8
143.4,129,200.2,203.4
173,1,224.2,109.8
1,227.4,160.2,384.2
195.4,1,238.6,97
218.6,5.8,308.2,67.4
197,161,246.6,201.8
1,325,64.2,384.2
188.2,254.6,290.6,296.2
170.6,264.2,215.4,344.2
440.2,313,512.2,384.2
237.8,282.6,320.2,346.6
205,95.4,245,138.6
83.4,129,142.6,309
75.4,241,142.6,309.8
185,287.4,232.2,339.4
141.8,215.4,221.8,289.8
193,294.6,239.4,334.6
221,289.8,325.8,379.4
257,196.2,320.2,243.4
188.2,157,246.6,205.8
197,194.6,318.6,257
85.8,129,141.8,222.6
183.4,49,249.8,114.6
463.4,1,511.4,64.2
1,72.2,138.6,177
384.2,301,424.2,354.6
304.2,45,374.6,95.4
133,63.4,220.2,313
209,203.4,272.2,257
153.8,109,200.2,169.8
130.6,301,223.4,384.2
101.8,56.2,177,137.8
357,294.6,401,352.2
220.2,65,311.4,137
290.6,193,345,238.6
126.6,63.4,225.8,313.8
168.2,129,261.8,205.8
156.2,1,217,142.6
403.4,17,444.2,79.4
469,318.6,512.2,373
225.8,265,436.2,384.2
283.4,61,390.6,128.2
227.4,205.8,320.2,256.2
260.2,5,308.2,75.4
329,53,376.2,95.4
413.8,1,465,81
236.2,10.6,281.8,52.2
143.4,247.4,183.4,316.2
249,200.2,313,248.2
1,80.2,113,159.4
1,1,141.8,258.6
251.4,41,369,128.2
206.6,95.4,249,143.4
426.6,1,509.8,76.2
177,301,223.4,349.8
185,187.4,256.2,256.2
300.2,293,437,370.6
165,1,308.2,106.6
113.8,305,169,345
419.4,60.2,512.2,113.8
411.4,22.6,512.2,81
301,14.6,420.2,159.4
173,1,241,131.4
185,337,241,384.2
172.2,1,217,67.4
47.4,63.4,141.8,109.8
116.2,1,191.4,127.4
426.6,1,487.4,73.8
169,139.4,217.8,196.2
75.4,188.2,142.6,309.8
449.8,1,512.2,73
152.2,129,265.8,250.6
403.4,1,505.8,79.4
165.8,57,224.2,141.8
53.8,57,202.6,320.2
239.4,194.6,318.6,243.4
241.8,195.4,317.8,248.2
1,337,64.2,384.2
1,11.4,76.2,72.2
471.4,208.2,512.2,249.8
200.2,329,251.4,384.2
286.6,312.2,336.2,375.4
369,84.2,417,127.4
207.4,93.8,257.8,138.6
63.4,63.4,141.8,103.4
183.4,178.6,320.2,259.4
167.4,225.8,290.6,334.6
65.8,193.8,141.8,304.2
159.4,309.8,251.4,384.2
133.8,20.2,190.6,99.4
183.4,40.2,249.8,114.6
252.2,5.8,309,80.2
140.2,101,201,244.2
1,227.4,121.8,306.6
195.4,1,235.4,95.4
39.4,56.2,225.8,313.8
1,157,90.6,289
66.6,189,158.6,310.6
189,136.2,248.2,211.4
152.2,133.8,234.6,211.4
101,57,202.6,244.2
313,221,512.2,349.8
143.4,129,197.8,203.4
203.4,127.4,256.2,197.8
295.4,1,512.2,113.8
164.2,1,224.2,109.8
82.6,125.8,141.8,247.4
305,17,405.8,61
229,288.2,328.2,359.4
204.2,1,252.2,56.2
283.4,58.6,355.4,123.4
362.6,81.8,497,129
471.4,208.2,512.2,256.2
446.6,287.4,497.8,345
86.6,110.6,133.8,172.2
299.4,1,423.4,81
202.6,127.4,318.6,257
129,300.2,225.8,384.2
108.2,57,204.2,245.8
206.6,3.4,286.6,100.2
128.2,344.2,204.2,384.2
177,1,233.8,140.2
144.2,81,209.8,184.2
159.4,285,225,384.2
256.2,107.4,365,166.6
1,329,72.2,384.2
299.4,1,512.2,81
248.2,312.2,436.2,384.2
77,141.8,120.2,258.6
142.6,63.4,220.2,147.4
283.4,57.8,390.6,128.2
113.8,305,205,384.2
286.6,337,436.2,384.2
56.2,284.2,177,345.8
221,289.8,363.4,384.2
463.4,1,505.8,59.4
166.6,1,273.8,79.4
133,101,175.4,284.2
99.4,193.8,147.4,245
132.2,229,174.6,320.2
75.4,49,194.6,309.8
253,177,320.2,271.4
193,294.6,235.4,334.6
472.2,213,512.2,256.2
221,289.8,325.8,384.2
204.2,1,309,80.2
143.4,1,224.2,113
1,156.2,90.6,296.2
450.6,215.4,512.2,257
401.8,1,512.2,85
184.2,1,229.8,95.4
205,211.4,260.2,253
301,293,375.4,357
184.2,1,233.8,71.4
220.2,17,405.8,137
285.8,207.4,393,257.8
227.4,200.2,313,256.2
229.8,47.4,328.2,109.8
152.2,133.8,249,221
441.8,312.2,512.2,384.2
125.8,72.2,190.6,147.4
152.2,140.2,221.8,193
249.8,177,320.2,271.4
141.8,215.4,230.6,289.8
228.2,265,289.8,329
251.4,81.8,294.6,128.2
1,257.8,157.8,384.2
301,293,437,370.6
179.4,152.2,246.6,213.8
413,1,509.8,81
177,33,220.2,114.6
305.8,1,400.2,46.6
307.4,48.2,496.2,113.8
146.6,1,192.2,72.2
1,257,83.4,384.2
273.8,1,512.2,129
281.8,1,422.6,81
218.6,4.2,308.2,73
1,236.2,83.4,350.6
101,57,177,145
273.8,1,512.2,81
66.6,249,121.8,304.2
183.4,68.2,249.8,114.6
65.8,305.8,159.4,384.2
295.4,1,496.2,113.8
440.2,317,512.2,384.2
63.4,63.4,144.2,103.4
260.2,2.6,337,75.4
1,1,176.2,141
345,1,400.2,46.6
381.8,205.8,512.2,265
77,109,141,241.8
384.2,277,441,350.6
257,282.6,320.2,336.2
47.4,64.2,129,105
209,203.4,277.8,257
403.4,1,509.8,81
158.6,129,261.8,205.8
100.2,56.2,173,144.2
159.4,225.8,290.6,384.2
33,1,190.6,111.4
1,329,55.4,384.2
106.6,305,178.6,345.8
1,161,68.2,258.6
357,294.6,400.2,337
1,142.6,105.8,260.2
225.8,265.8,301,325.8
448.2,60.2,512.2,113.8
345,1,420.2,46.6
141,105,198.6,245.8
146.6,213.8,198.6,298.6
247.4,148.2,314.6,205.8
133,57,177,113.8
220.2,51.4,325.8,137
129,340.2,215.4,384.2
427.4,288.2,512.2,366.6
443.4,1,512.2,79.4
321,305.8,479.4,370.6
159.4,309.8,219.4,384.2
173,33,224.2,109.8
321,305,437,370.6
1,257,113,384.2
141,126.6,228.2,320.2
33,64.2,109.8,111.4
35.4,232.2,163.4,315.4
53.8,143.4,173,313
290.6,193,405.8,251.4
213.8,3.4,308.2,75.4
153,29.8,231.4,141
384.2,277,441,354.6
17,148.2,68.2,258.6
53.8,143.4,94.6,261
220.2,77.8,309.8,137
419.4,318.6,512.2,384.2
53.8,129,174.6,320.2
364.2,14.6,413,96.2
193,1,308.2,73
77,141.8,120.2,241.8
305,17,387.4,61
381.8,1,493.8,96.2
230.6,47.4,289,97.8
173.8,285.8,229.8,349
460.2,1,509.8,66.6
206.6,3.4,309,100.2
201,65,321.8,137
143.4,129,203.4,216.2
332.2,45,374.6,94.6
96.2,56.2,177,156.2
212.2,253.8,304.2,306.6
105,245.8,197,320.2
141.8,218.6,228.2,320.2
193,288.2,239.4,334.6
223.4,13,265,73
381,14.6,424.2,58.6
70.6,79.4,141.8,156.2
133.8,56.2,177,99.4
175.4,236.2,288.2,339.4
140.2,101,196.2,244.2
127.4,341.8,179.4,384.2
77,107.4,147.4,238.6
251.4,81.8,301.8,128.2
261,285.8,317,345
193.8,172.2,272.2,257
1,257.8,67.4,336.2
193.8,127.4,272.2,257
179.4,305,225.8,348.2
79.4,80.2,128.2,144.2
163.4,29.8,231.4,141
172.2,285.8,226.6,349
349,295.4,416.2,361
133,129,203.4,284.2
193,89,253,142.6
258.6,109,384.2,174.6
81,122.6,147.4,253.8
194.6,106.6,320.2,263.4
129.8,340.2,205,384.2
116.2,56.2,173,126.6
402.6,1,487.4,77.8
132.2,246.6,173,313
125.8,245.8,208.2,320.2
40.2,143.4,117,261
331.4,52.2,377,94.6
444.2,317,512.2,384.2
33,64.2,109.8,116.2
185,281.8,256.2,339.4
193,261,288.2,310.6
445,332.2,512.2,384.2
401,1,445,81
213.8,3.4,286.6,74.6
345,17,424.2,93
25,80.2,113,155.4
337,287.4,401.8,328.2
49,122.6,147.4,256.2
342.6,15.4,413,93
237,134.6,279.4,199.4
237,285.8,317,345
173,63.4,220.2,104.2
130.6,288.2,328.2,384.2
85.8,127.4,133.8,172.2
239.4,194.6,318.6,252.2
122.6,245.8,173,313
206.6,3.4,309,138.6
179.4,157,246.6,213.8
168.2,341,219.4,384.2
258.6,67.4,512.2,351.4
1,161,51.4,241.8
384.2,277.8,440.2,349.8
187.4,236.2,245.8,337
122.6,245.8,197,320.2
143.4,129,203.4,235.4
247.4,148.2,314.6,201.8
142.6,105.8,201,244.2
158.6,129,265.8,250.6
81,186.6,129,253.8
206.6,245.8,304.2,306.6
318.6,54.6,373,95.4
301.8,45,374.6,95.4
229.8,47.4,289,97.8
85,78.6,141.8,224.2
40.2,143.4,103.4,261
84.2,189,141.8,309.8
248.2,312.2,336.2,384.2
194.6,294.6,237,337
65.8,143.4,173,313
227.4,207.4,320.2,256.2
25,81.8,125,147.4
105,245.8,221.8,320.2
332.2,14.6,413,115.4
237,304.2,437,384.2
101.8,79.4,141.8,133
93,200.2,141.8,304.2
342.6,3.4,400.2,57
202.6,144.2,277.8,257
275.4,282.6,320.2,322.6
163.4,218.6,208.2,297
221,289.8,325.8,377.8
207.4,1,275.4,43.4
205.8,93,253,141.8
261.8,5.8,308.2,67.4
207.4,1,275.4,70.6
301,105,363.4,159.4
77,153,137,238.6
1,226.6,90.6,296.2
294.6,9.8,358.6,51.4
321,293.8,448.2,370.6
70.6,80.2,121.8,133
125.8,71.4,190.6,147.4
153.8,81,209.8,184.2
313.8,48.2,412.2,129
86.6,127.4,133.8,172.2
444.2,314.6,512.2,384.2
153.8,109,200.2,184.2
437.8,287.4,479.4,365
133.8,56.2,177,109
64.2,79.4,141.8,222.6
253.8,5.8,309,80.2
1,145,106.6,258.6
130.6,341,205,384.2
345,48.2,413,93
413,208.2,512.2,249.8
130.6,342.6,204.2,384.2
316.2,83.4,418.6,129
229.8,265,288.2,310.6
292.2,214.6,512.2,351.4
225,264.2,317,344.2
17.8,172.2,68.2,258.6
187.4,236.2,288.2,310.6
1,11.4,76.2,80.2
273.8,1,413,49.8
217.8,9,273.8,79.4
77,57,202.6,244.2
49,145,106.6,251.4
187.4,236.2,245.8,290.6
337,51.4,389.8,105.8
454.6,1,509.8,68.2
445,313.8,512.2,366.6
85.8,154.6,126.6,194.6
1,337.8,55.4,384.2
388.2,277,441,350.6
25,97,106.6,147.4
173,300.2,225.8,350.6
121,1,192.2,72.2
257,109,365.8,170.6
1,75.4,141.8,258.6
377,48.2,417,105
40.2,143.4,112.2,261
173.8,285.8,317,349
445,314.6,512.2,366.6
177,301,223.4,384.2
130.6,341,213.8,384.2
12.2,289,83.4,352.2
375.4,1,425.8,59.4
286.6,312.2,436.2,384.2
384.2,213,463.4,257.8
65.8,222.6,141.8,304.2
1,1,128.2,160.2
257,200.2,318.6,243.4
153,160.2,203.4,238.6
1,80.2,113,258.6
49,145,93.8,256.2
168.2,154.6,225.8,205.8
257,225.8,348.2,271.4
207.4,1,308.2,73
153,160.2,203.4,235.4
153,160.2,200.2,202.6
65.8,143.4,141.8,304.2
337,84.2,417,127.4
1,337.8,64.2,384.2
85,78.6,141.8,176.2
194.6,287.4,237,337
53.8,143.4,103.4,261
321,298.6,432.2,370.6
129,341.8,179.4,384.2
1,257,83.4,352.2
321,305.8,374.6,357.8
53.8,145,93.8,257
109,226.6,158.6,310.6
142.6,105.8,202.6,244.2
177,1,245.8,106.6
245,304.2,437,384.2
81,122.6,147.4,245
309,293.8,479.4,370.6
93,200.2,144.2,309.8
286.6,312.2,336.2,371.4
56.2,273.8,177,345.8
65.8,305.8,205,384.2
40.2,143.4,94.6,261
206.6,63.4,257.8,138.6
301,313,342.6,354.6
285.8,207.4,393,249
245,297.8,437,384.2
305.8,129.8,400.2,190.6
193,294.6,233.8,334.6
1,113.8,102.6,160.2
56.2,284.2,205,384.2
137.8,105.8,200.2,205
132.2,245.8,173,313
224.2,287.4,284.2,346.6
342.6,3.4,413,84.2
1,177,48.2,241
121,1,191.4,64.2
163.4,88.2,206.6,141
177,1,233.8,114.6
292.2,205.8,512.2,351.4
1,161,51.4,241
218.6,6.6,273.8,48.2
53.8,145,93.8,257.8
218.6,5.8,308.2,73
202.6,203.4,272.2,257
444.2,317,512.2,370.6
229.8,265,289.8,310.6
205.8,95.4,246.6,141.8
141.8,218.6,221.8,289.8
1,226.6,81.8,296.2
258.6,109,357.8,164.2
133.8,191.4,180.2,260.2
125.8,72.2,177.8,147.4
179.4,294.6,241,384.2
273.8,285.8,317,345
93,200.2,208.2,320.2
427.4,1,509.8,76.2
133.8,56.2,190.6,99.4
84.2,189,128.2,246.6
193,1,313.8,75.4
1,177,48.2,241.8
100.2,56.2,177,137.8
53.8,289,204.2,384.2
35.4,253.8,163.4,315.4
194.6,1,245.8,87.4
85.8,154.6,137,194.6
112.2,1,189.8,79.4
342.6,3.4,411.4,57
219.4,129,261.8,180.2
132.2,252.2,174.6,320.2
221,129,261.8,180.2
53.8,290.6,157.8,384.2
53.8,290.6,157.8,369
53.8,289,159.4,384.2
261,207.4,313,248.2
213.8,3.4,309,108.2
225.8,24.2,308.2,108.2
168.2,154.6,212.2,205.8
257,109,400.2,190.6
246.6,288.2,328.2,379.4
209.8,209.8,260.2,253
25,97,96.2,147.4
194.6,1,245.8,67.4
290.6,66.6,512.2,239.4
257,225.8,337.8,271.4
248.2,312.2,336.2,379.4
441,305,490.6,369.8
1,338.6,55.4,384.2
133.8,56.2,177,137.8
129.8,340.2,215.4,384.2
96.2,57,202.6,244.2
133.8,191.4,201,260.2
224.2,285.8,317,346.6
100.2,78.6,141.8,145
85,75.4,141.8,224.2
209,4.2,308.2,73
83.4,189.8,141.8,309
57,80.2,113,155.4
204.2,211.4,260.2,253
422.6,1,505.8,65.8
1,257,64.2,336.2
444.2,318.6,512.2,368.2
193,1,313.8,73
179.4,305,229.8,384.2
49,145,106.6,257
321,298.6,479.4,370.6
101,78.6,141.8,145
207.4,1,262.6,51.4
85.8,154.6,141.8,224.2
146.6,1,192.2,63.4
201.8,1,245.8,67.4
64.2,80.2,113,129.8
307.4,48.2,417,105.8
209.8,213,260.2,253
125.8,245.8,193.8,301
17,161,68.2,258.6
83.4,189.8,142.6,309
53.8,129,142.6,309
77.8,153,137,238.6
200.2,95.4,246.6,141.8
177.8,305,225.8,350.6
444.2,317,512.2,368.2
133,39.4,189,113.8
246.6,288.2,328.2,359.4
133,37,206.6,113.8
85,125.8,141.8,176.2
125.8,245.8,208.2,301
257,109,400.2,170.6
125.8,245.8,172.2,301
449.8,65.8,512.2,113.8
93,218.6,141.8,304.2
130.6,340.2,204.2,384.2
97.8,239.4,141.8,309
463.4,1,505.8,56.2
422.6,1,464.2,65.8
53.8,290.6,176.2,384.2
146.6,1,191.4,63.4
