1,356.2,198.33,511.93
1,121.53,269.8,332.73
206.87,289,383.93,511.93
1,1,383.93,298.6
140.73,283.67,383.93,511.93
203.67,287.93,383.93,511.93
1,1,383.93,511.93
197.27,30.867,316.73,98.067
1,1,279.4,330.6
1,1,383.93,330.6
35.133,158.87,142.87,218.6
71.4,212.2,279.4,289
55.4,1,294.33,136.47
1,262.33,383.93,511.93
1,275.13,373.27,511.93
179.13,56.467,383.93,194.07
254.87,295.4,383.93,418.07
42.6,10.6,263.4,296.47
1,1,383.93,300.73
1,275.13,376.47,511.93
42.6,1,383.93,298.6
1,1,383.93,332.73
1,360.47,196.2,511.93
44.733,1,294.33,285.8
42.6,165.27,220.73,236.73
76.733,1,260.2,50.067
1,136.47,139.67,234.6
1,372.2,143.93,511.93
228.2,287.93,383.93,511.93
254.87,294.33,383.93,425.53
1,1,383.93,331.67
49,158.87,139.67,210.07
285.8,130.07,383.93,190.87
1,1,361.53,232.47
47.933,1,361.53,178.07
203.67,1,383.93,172.73
68.2,1,346.6,171.67
234.6,303.93,383.93,390.33
1,30.867,343.4,331.67
55.4,26.6,348.73,136.47
44.733,30.867,343.4,142.87
44.733,99.133,165.27,163.13
61.8,1,180.2,60.733
162.07,1,383.93,298.6
164.2,1,383.93,300.73
1,275.13,383.93,511.93
242.07,71.4,383.93,157.8
1,271.93,373.27,511.93
1,1,260.2,232.47
1,45.8,195.13,277.27
164.2,130.07,383.93,300.73
213.27,1,293.27,56.467
167.4,1,383.93,300.73
1,1,135.4,229.27
1,95.933,279.4,330.6
54.333,1,348.73,141.8
1,271.93,268.73,331.67
246.33,289,383.93,359.4
206.87,296.47,270.87,371.13
234.6,395.67,383.93,511.93
42.6,181.27,143.93,260.2
55.4,17,348.73,136.47
1,212.2,279.4,289
342.33,423.4,383.93,471.4
41.533,280.47,268.73,383.93
21.267,262.33,383.93,511.93
43.667,1,370.07,167.4
55.4,26.6,230.33,136.47
1,360.47,191.93,511.93
43.667,282.6,373.27,511.93
168.47,1,346.6,76.733
246.33,289,383.93,511.93
54.333,1,383.93,300.73
1,1,260.2,280.47
246.33,289,383.93,395.67
98.067,1,383.93,300.73
1,141.8,162.07,285.8
1,360.47,195.13,511.93
190.87,1,383.93,249.53
1,158.87,155.67,284.73
168.47,13.8,263.4,56.467
234.6,313.53,278.33,358.33
1,266.6,373.27,511.93
98.067,141.8,383.93,300.73
77.8,81,245.27,285.8
76.733,1,248.47,45.8
203.67,289,383.93,511.93
1,275.13,198.33,511.93
90.6,244.2,169.53,286.87
322.07,232.47,383.93,276.2
1,90.6,155.67,338.07
203.67,316.73,289,378.6
1,212.2,74.6,280.47
292.2,380.73,378.6,438.33
169.53,275.13,383.93,511.93
1,266.6,363.67,511.93
1,1,270.87,167.4
238.87,460.73,383.93,511.93
17,135.4,130.07,179.13
252.73,92.733,383.93,155.67
1,90.6,155.67,284.73
53.267,221.8,162.07,285.8
279.4,468.2,383.93,511.93
1,356.2,83.133,447.93
46.867,284.73,363.67,511.93
1,121.53,154.6,280.47
227.13,1,383.93,99.133
299.67,404.2,383.93,511.93
1,275.13,196.2,511.93
1,212.2,63.933,280.47
55.4,1,370.07,136.47
167.4,121.53,383.93,300.73
100.2,104.47,182.33,171.67
1,75.667,231.4,236.73
318.87,49,377.53,94.867
327.4,376.47,383.93,425.53
93.8,1,383.93,300.73
45.8,45.8,195.13,205.8
101.27,142.87,222.87,243.13
61.8,1,180.2,59.667
234.6,275.13,383.93,511.93
1,1,294.33,285.8
239.93,382.87,383.93,487.4
44.733,1,294.33,139.67
135.4,148.2,207.93,193
1,149.27,188.73,285.8
1,209,299.67,331.67
279.4,471.4,383.93,511.93
1,275.13,364.73,511.93
1,175.93,146.07,277.27
1,1,361.53,338.07
162.07,84.2,383.93,298.6
202.6,311.4,265.53,363.67
1,73.533,162.07,285.8
250.6,339.13,351.93,385
165.27,81,309.27,231.4
42.6,181.27,149.27,280.47
212.2,1,383.93,85.267
167.4,139.67,309.27,227.13
98.067,215.4,359.4,289
1,221.8,162.07,285.8
101.27,1,294.33,119.4
258.07,452.2,376.47,506.6
225,287.93,383.93,511.93
101.27,59.667,195.13,119.4
78.867,1,361.53,178.07
106.6,218.6,257,289
214.33,141.8,383.93,300.73
90.6,139.67,383.93,300.73
1,212.2,52.2,262.33
61.8,1,260.2,61.8
41.533,280.47,383.93,511.93
203.67,1,346.6,76.733
172.73,26.6,225,84.2
227.13,1,383.93,103.4
217.53,168.47,383.93,300.73
228.2,161,383.93,300.73
202.6,311.4,299.67,379.67
1,360.47,81,441.53
1,198.33,143.93,277.27
225,411.67,373.27,481
15.933,73.533,130.07,171.67
135.4,58.6,329.53,132.2
30.867,95.933,222.87,197.27
1,275.13,372.2,511.93
1,471.4,41.533,511.93
273,149.27,383.93,191.93
1,1,265.53,237.8
1,266.6,195.13,511.93
12.733,181.27,140.73,236.73
242.07,395.67,383.93,511.93
203.67,316.73,259.13,359.4
1,1,261.27,237.8
296.47,334.87,383.93,413.8
55.4,30.867,343.4,139.67
93.8,26.6,231.4,178.07
1,209,299.67,287.93
77.8,89.533,200.47,153.53
238.87,382.87,383.93,511.93
1,266.6,68.2,378.6
54.333,1,348.73,136.47
1,76.733,130.07,234.6
1,95.933,222.87,268.73
1,76.733,139.67,234.6
1,1,294.33,280.47
79.933,274.07,269.8,332.73
234.6,294.33,383.93,511.93
1,162.07,102.33,232.47
228.2,212.2,383.93,299.67
1,360.47,141.8,489.53
1,245.27,162.07,285.8
108.73,35.133,204.73,106.6
1,158.87,108.73,232.47
35.133,158.87,142.87,222.87
1,1,180.2,229.27
1,168.47,140.73,268.73
294.33,78.867,383.93,131.13
284.73,1,383.93,94.867
1,1,270.87,234.6
246.33,31.933,330.6,91.667
13.8,35.133,204.73,196.2
239.93,404.2,383.93,511.93
78.867,1,361.53,76.733
179.13,1,383.93,194.07
234.6,275.13,383.93,398.87
233.53,287.93,383.93,413.8
249.53,43.667,311.4,84.2
65,1,383.93,300.73
35.133,162.07,139.67,213.27
147.13,1,309.27,84.2
203.67,311.4,351.93,393.53
66.067,271.93,269.8,332.73
18.067,76.733,130.07,169.53
116.2,287.93,268.73,331.67
135.4,31.933,348.73,132.2
43.667,175.93,140.73,222.87
13.8,121.53,142.87,196.2
268.73,141.8,383.93,203.67
78.867,445.8,143.93,511.93
202.6,275.13,383.93,511.93
1,30.867,343.4,236.73
164.2,130.07,383.93,299.67
169.53,286.87,269.8,363.67
84.2,437.27,141.8,489.53
251.67,78.867,383.93,191.93
106.6,212.2,279.4,289
231.4,275.13,383.93,511.93
98.067,215.4,291.13,287.93
228.2,161,383.93,299.67
236.73,195.13,383.93,249.53
55.4,279.4,111.93,338.07
146.07,20.2,230.33,70.333
135.4,31.933,330.6,132.2
33,181.27,140.73,244.2
140.73,283.67,297.53,361.53
174.87,95.933,231.4,170.6
1,372.2,151.4,511.93
47.933,1,346.6,171.67
63.933,35.133,204.73,131.13
234.6,275.13,383.93,438.33
101.27,142.87,245.27,285.8
1,372.2,137.53,511.93
203.67,296.47,300.73,379.67
234.6,275.13,383.93,390.33
30.867,114.07,153.53,172.73
1,1,261.27,167.4
242.07,462.87,316.73,511.93
1,99.133,162.07,285.8
239.93,415.93,373.27,457.53
103.4,212.2,279.4,289
206.87,275.13,383.93,511.93
47.933,1,346.6,178.07
233.53,287.93,383.93,511.93
171.67,90.6,231.4,154.6
77.8,434.07,191.93,511.93
234.6,275.13,383.93,354.07
1,271.93,198.33,511.93
42.6,174.87,155.67,284.73
87.4,81,190.87,132.2
19.133,280.47,85.267,414.87
12.733,75.667,231.4,236.73
50.067,223.93,149.27,280.47
306.07,429.8,383.93,511.93
175.93,1,264.47,47.933
65,31.933,348.73,289
1,280.47,198.33,511.93
78.867,1,260.2,53.267
127.93,125.8,222.87,197.27
134.33,1,270.87,72.467
162.07,56.467,383.93,298.6
231.4,382.87,383.93,511.93
241,30.867,330.6,84.2
17,135.4,142.87,196.2
1,266.6,68.2,383.93
42.6,181.27,155.67,285.8
203.67,41.533,383.93,172.73
30.867,114.07,147.13,172.73
86.333,284.73,179.13,331.67
42.6,198.33,162.07,285.8
300.73,1,383.93,94.867
21.267,262.33,297.53,373.27
168.47,1,361.53,76.733
149.27,287.93,268.73,329.53
172.73,1,309.27,84.2
127.93,95.933,222.87,197.27
181.27,1,383.93,241
77.8,434.07,141.8,489.53
77.8,81,212.2,153.53
285.8,1,383.93,107.67
1,139.67,383.93,300.73
162.07,84.2,383.93,296.47
260.2,335.93,383.93,395.67
165.27,165.27,280.47,231.4
329.53,382.87,383.93,487.4
77.8,433,152.47,506.6
65,429.8,191.93,511.93
270.87,396.73,383.93,511.93
237.8,452.2,376.47,506.6
77.8,81,212.2,182.33
1,194.07,63.933,280.47
93.8,443.67,150.33,493.8
273,38.333,316.73,91.667
1,75.667,190.87,234.6
65,95.933,279.4,289
14.867,90.6,109.8,221.8
55.4,40.467,329.53,139.67
54.333,1,278.33,125.8
203.67,311.4,266.6,366.87
134.33,1,265.53,77.8
13.8,121.53,98.067,174.87
43.667,1,383.93,241
1,212.2,52.2,275.13
184.47,1,383.93,165.27
42.6,73.533,135.4,156.73
121.53,182.33,223.93,227.13
76.733,1,254.87,50.067
254.87,294.33,383.93,418.07
228.2,289,383.93,511.93
237.8,458.6,341.27,511.93
68.2,59.667,181.27,131.13
310.33,254.87,383.93,299.67
14.867,161,79.933,221.8
1,141.8,69.267,268.73
110.87,238.87,245.27,285.8
1,275.13,67.133,383.93
301.8,212.2,383.93,298.6
17,121.53,135.4,179.13
308.2,232.47,383.93,299.67
228.2,325.27,299.67,379.67
1,175.93,140.73,268.73
127.93,66.067,281.53,162.07
93.8,79.933,191.93,130.07
225,411.67,376.47,511.93
17,121.53,154.6,196.2
1,356.2,265.53,511.93
65,182.33,213.27,231.4
314.6,299.67,383.93,372.2
1,275.13,265.53,511.93
228.2,403.13,376.47,506.6
42.6,201.53,143.93,284.73
61.8,1,260.2,63.933
242.07,294.33,383.93,511.93
1,360.47,150.33,493.8
1,1,265.53,171.67
242.07,462.87,383.93,511.93
310.33,232.47,383.93,297.53
197.27,57.533,306.07,98.067
76.733,114.07,154.6,164.2
258.07,457.53,377.53,511.93
225,411.67,376.47,481
53.267,223.93,143.93,277.27
1,1,248.47,232.47
1,212.2,63.933,275.13
1,212.2,279.4,330.6
55.4,1,370.07,162.07
14.867,140.73,79.933,221.8
13.8,380.73,61.8,422.33
1,1,135.4,232.47
1,198.33,162.07,285.8
342.33,415.93,383.93,471.4
318.87,52.2,366.87,94.867
7.4,301.8,89.533,442.6
162.07,56.467,383.93,296.47
90.6,139.67,328.47,287.93
87.4,75.667,190.87,132.2
302.87,398.87,383.93,511.93
104.47,121.53,181.27,186.6
228.2,406.33,375.4,453.27
45.8,102.33,135.4,170.6
1,143.93,45.8,237.8
119.4,182.33,213.27,231.4
101.27,59.667,181.27,119.4
249.53,121.53,383.93,239.93
280.47,301.8,383.93,438.33
100.2,148.2,223.93,234.6
134.33,1,278.33,77.8
55.4,26.6,330.6,136.47
17,121.53,142.87,196.2
1,356.2,88.467,442.6
76.733,425.53,146.07,490.6
254.87,404.2,383.93,511.93
1,1,168.47,232.47
313.53,296.47,383.93,340.2
204.73,287.93,297.53,373.27
42.6,99.133,231.4,236.73
153.53,67.133,329.53,139.67
1,266.6,81,410.6
125.8,120.47,182.33,171.67
217.53,168.47,383.93,299.67
68.2,30.867,343.4,162.07
17,141.8,69.267,182.33
30.867,114.07,181.27,186.6
122.6,287.93,268.73,330.6
231.4,420.2,376.47,484.2
1,360.47,82.067,441.53
228.2,287.93,297.53,361.53
203.67,296.47,351.93,393.53
151.4,289,270.87,332.73
301.8,201.53,383.93,298.6
121.53,182.33,168.47,236.73
125.8,470.33,185.53,511.93
1,275.13,89.533,386.07
280.47,301.8,383.93,390.33
1,275.13,141.8,485.27
68.2,66.067,343.4,162.07
135.4,58.6,312.47,132.2
295.4,376.47,383.93,418.07
77.8,158.87,140.73,205.8
61.8,1,161,59.667
42.6,182.33,168.47,236.73
1,141.8,140.73,268.73
248.47,121.53,383.93,180.2
273,140.73,383.93,191.93
239.93,395.67,383.93,511.93
342.33,395.67,383.93,485.27
98.067,148.2,383.93,300.73
149.27,209,299.67,287.93
55.4,26.6,329.53,136.47
44.733,35.133,204.73,139.67
17,125.8,130.07,179.13
100.2,148.2,300.73,253.8
241,457.53,377.53,511.93
1,275.13,85.267,414.87
214.33,85.267,383.93,165.27
241,325.27,299.67,379.67
250.6,395.67,383.93,494.87
227.13,1,383.93,91.667
254.87,295.4,383.93,389.27
42.6,174.87,143.93,284.73
189.8,30.867,330.6,84.2
175.93,98.067,217.53,138.6
164.2,130.07,383.93,223.93
333.8,141.8,383.93,194.07
228.2,403.13,377.53,506.6
241,461.8,355.13,504.47
15.933,45.8,195.13,205.8
329.53,395.67,383.93,487.4
100.2,1,383.93,234.6
275.13,232.47,383.93,300.73
17,75.667,231.4,236.73
184.47,1,383.93,111.93
1,212.2,63.933,273
79.933,274.07,266.6,332.73
17,99.133,231.4,236.73
206.87,312.47,299.67,379.67
45.8,35.133,204.73,137.53
45.8,91.667,109.8,137.53
42.6,198.33,140.73,243.13
46.867,284.73,372.2,511.93
42.6,142.87,245.27,296.47
74.6,135.4,142.87,196.2
151.4,289,270.87,354.07
167.4,139.67,309.27,241
104.47,447.93,265.53,511.93
139.67,67.133,281.53,162.07
1,162.07,57.533,232.47
84.2,437.27,191.93,511.93
30.867,95.933,222.87,236.73
54.333,73.533,135.4,125.8
233.53,141.8,383.93,249.53
14.867,168.47,59.667,217.53
77.8,433,185.53,511.93
1,1,139.67,232.47
1,1,151.4,232.47
98.067,231.4,383.93,300.73
239.93,415.93,373.27,473.53
13.8,121.53,154.6,196.2
179.13,56.467,383.93,164.2
135.4,158.87,300.73,253.8
285.8,130.07,383.93,193
134.33,1,268.73,72.467
108.73,62.867,161,106.6
181.27,85.267,383.93,171.67
131.13,1,370.07,87.4
44.733,52.2,168.47,139.67
184.47,1,383.93,76.733
30.867,99.133,159.93,172.73
15.933,168.47,58.6,226.07
307.13,232.47,383.93,297.53
42.6,181.27,216.47,296.47
258.07,457.53,377.53,506.6
197.27,30.867,323.13,102.33
278.33,396.73,383.93,511.93
231.4,420.2,361.53,472.47
115.13,126.87,182.33,182.33
104.47,31.933,348.73,165.27
171.67,70.333,231.4,154.6
77.8,81,212.2,189.8
45.8,102.33,148.2,205.8
77.8,89.533,212.2,153.53
78.867,1,250.6,45.8
230.33,161,383.93,239.93
1,168.47,58.6,268.73
190.87,81,274.07,143.93
1,360.47,53.267,420.2
242.07,420.2,383.93,511.93
101.27,45.8,195.13,119.4
44.733,91.667,111.93,139.67
246.33,31.933,330.6,84.2
89.533,435.13,141.8,485.27
17,140.73,71.4,181.27
246.33,300.73,383.93,359.4
228.2,296.47,270.87,371.13
43.667,181.27,140.73,222.87
314.6,299.67,383.93,389.27
233.53,141.8,361.53,249.53
12.733,149.27,188.73,236.73
229.27,1,383.93,107.67
43.667,114.07,153.53,167.4
41.533,280.47,179.13,383.93
93.8,26.6,231.4,171.67
215.4,331.67,351.93,393.53
42.6,201.53,134.33,243.13
1,1,261.27,171.67
58.6,279.4,111.93,328.47
242.07,462.87,315.67,511.93
1,373.27,141.8,511.93
228.2,396.73,383.93,511.93
234.6,275.13,340.2,350.87
1,181.27,149.27,280.47
90.6,164.2,242.07,287.93
237.8,458.6,355.13,511.93
29.8,165.27,102.33,214.33
267.67,327.4,337,383.93
236.73,78.867,383.93,249.53
79.933,282.6,184.47,332.73
203.67,311.4,300.73,379.67
280.47,332.73,351.93,386.07
242.07,462.87,306.07,504.47
220.73,231.4,325.27,287.93
68.2,1,309.27,171.67
302.87,388.2,383.93,511.93
234.6,275.13,340.2,354.07
249.53,30.867,330.6,84.2
189.8,30.867,343.4,116.2
228.2,406.33,376.47,506.6
250.6,334.87,383.93,413.8
61.8,1,248.47,72.467
61.8,1,260.2,60.733
42.6,205.8,130.07,247.4
164.2,130.07,383.93,295.4
254.87,295.4,344.47,383.93
294.33,78.867,383.93,181.27
314.6,201.53,383.93,254.87
42.6,158.87,155.67,284.73
30.867,161,79.933,203.67
1,198.33,146.07,277.27
167.4,139.67,328.47,241
98.067,233.53,245.27,286.87
110.87,215.4,245.27,285.8
140.73,149.27,188.73,189.8
135.4,188.73,251.67,253.8
194.07,1,278.33,41.533
149.27,209,227.13,287.93
42.6,205.8,149.27,280.47
134.33,1,265.53,72.467
228.2,212.2,383.93,295.4
280.47,332.73,383.93,395.67
153.53,67.133,329.53,138.6
1,183.4,50.067,268.73
254.87,295.4,383.93,425.53
1,219.67,162.07,285.8
260.2,345.53,351.93,386.07
1,136.47,44.733,234.6
93.8,79.933,191.93,171.67
174.87,95.933,222.87,138.6
1,275.13,97,427.67
1,1,139.67,170.6
246.33,302.87,383.93,359.4
43.667,99.133,231.4,199.4
42.6,149.27,219.67,236.73
65,95.933,222.87,231.4
228.2,303.93,289,361.53
254.87,295.4,344.47,350.87
122.6,287.93,185.53,330.6
77.8,158.87,139.67,200.47
230.33,121.53,383.93,241
190.87,1,383.93,181.27
301.8,251.67,383.93,298.6
300.73,250.6,357.27,297.53
33,396.73,81,441.53
316.73,212.2,383.93,254.87
77.8,10.6,263.4,189.8
153.53,67.133,281.53,138.6
1,356.2,146.07,490.6
153.53,67.133,281.53,134.33
55.4,279.4,149.27,338.07
1,241,162.07,285.8
197.27,57.533,347.67,116.2
164.2,149.27,311.4,223.93
293.27,395.67,383.93,494.87
329.53,395.67,383.93,469.27
219.67,57.533,306.07,98.067
14.867,158.87,108.73,217.53
77.8,433,195.13,511.93
273,140.73,383.93,194.07
42.6,182.33,213.27,236.73
268.73,141.8,371.13,185.53
233.53,158.87,300.73,202.6
42.6,201.53,140.73,284.73
1,275.13,89.533,442.6
171.67,26.6,231.4,170.6
242.07,71.4,383.93,155.67
69.267,114.07,153.53,163.13
108.73,40.467,234.6,100.2
310.33,232.47,383.93,299.67
242.07,429.8,383.93,511.93
323.13,395.67,383.93,494.87
127.93,238.87,245.27,286.87
249.53,165.27,362.6,239.93
121.53,185.53,223.93,227.13
273,38.333,316.73,79.933
1,1,151.4,170.6
228.2,313.53,278.33,361.53
84.2,113,231.4,199.4
230.33,296.47,270.87,356.2
121.53,148.2,223.93,227.13
1,372.2,71.4,439.4
15.933,90.6,109.8,171.67
227.13,1,383.93,88.467
121.53,164.2,227.13,287.93
334.87,56.467,383.93,107.67
42.6,181.27,143.93,255.93
54.333,418.07,198.33,511.93
77.8,433,150.33,493.8
42.6,164.2,219.67,236.73
7.4,280.47,89.533,442.6
248.47,121.53,383.93,187.67
68.2,59.667,182.33,171.67
299.67,388.2,383.93,511.93
68.2,99.133,165.27,150.33
273,30.867,330.6,79.933
284.73,41.533,383.93,111.93
228.2,313.53,278.33,360.47
68.2,66.067,281.53,162.07
308.2,78.867,383.93,131.13
197.27,1,383.93,107.67
149.27,287.93,267.67,329.53
1,168.47,59.667,232.47
263.4,234.6,359.4,289
104.47,121.53,181.27,165.27
77.8,158.87,142.87,205.8
242.07,92.733,383.93,155.67
250.6,339.13,302.87,379.67
228.2,212.2,383.93,300.73
1,372.2,141.8,511.93
135.4,35.133,204.73,77.8
131.13,1,295.4,87.4
55.4,40.467,234.6,136.47
42.6,115.13,91.667,156.73
46.867,283.67,364.73,511.93
101.27,10.6,263.4,119.4
12.733,154.6,142.87,236.73
204.73,313.53,290.07,373.27
35.133,163.13,104.47,218.6
238.87,460.73,299.67,506.6
101.27,19.133,245.27,119.4
68.2,104.47,165.27,150.33
316.73,49,383.93,107.67
251.67,111.93,340.2,162.07
212.2,1,370.07,63.933
184.47,1,295.4,76.733
202.6,296.47,269.8,363.67
217.53,168.47,383.93,295.4
190.87,57.533,347.67,181.27
25.533,161,79.933,215.4
342.33,429.8,383.93,504.47
220.73,1,370.07,63.933
42.6,205.8,143.93,255.93
1,136.47,54.333,234.6
287.93,152.47,370.07,193
284.73,41.533,377.53,94.867
35.133,158.87,108.73,214.33
252.73,99.133,383.93,149.27
322.07,232.47,383.93,299.67
1,136.47,104.47,234.6
220.73,231.4,383.93,300.73
235.67,234.6,291.13,286.87
55.4,74.6,166.33,136.47
100.2,70.333,231.4,234.6
1,360.47,61.8,422.33
236.73,141.8,383.93,249.53
29.8,158.87,108.73,215.4
285.8,8.4667,372.2,84.2
230.33,121.53,383.93,239.93
318.87,49,366.87,94.867
61.8,1,248.47,61.8
296.47,335.93,383.93,413.8
233.53,287.93,383.93,359.4
267.67,331.67,337,383.93
127.93,113,231.4,181.27
313.53,301.8,383.93,356.2
342.33,404.2,383.93,495.93
61.8,1,248.47,59.667
131.13,40.467,201.53,87.4
121.53,164.2,209,236.73
228.2,313.53,290.07,373.27
184.47,31.933,282.6,76.733
227.13,1,346.6,56.467
323.13,390.33,378.6,438.33
248.47,130.07,383.93,180.2
1,376.47,153.53,511.93
1,275.13,68.2,382.87
55.4,67.133,166.33,136.47
53.267,232.47,136.47,277.27
1,266.6,111.93,410.6
275.13,211.13,383.93,300.73
1,201.53,143.93,277.27
130.07,120.47,182.33,171.67
1,198.33,50.067,268.73
242.07,462.87,331.67,504.47
165.27,215.4,291.13,286.87
90.6,164.2,227.13,287.93
10.6,201.53,143.93,277.27
83.133,433,150.33,493.8
167.4,121.53,383.93,227.13
108.73,45.8,181.27,106.6
342.33,404.2,383.93,487.4
12.733,170.6,54.333,228.2
280.47,330.6,383.93,390.33
248.47,121.53,383.93,194.07
133.27,287.93,184.47,332.73
167.4,139.67,314.6,241
230.33,161,362.6,229.27
199.4,165.27,280.47,216.47
100.2,70.333,309.27,234.6
284.73,41.533,351.93,85.267
7.4,344.47,89.533,442.6
121.53,70.333,231.4,227.13
147.13,18.067,236.73,66.067
93.8,81,190.87,130.07
234.6,303.93,340.2,350.87
1,275.13,77.8,427.67
126.87,113,191.93,153.53
43.667,99.133,165.27,167.4
299.67,398.87,383.93,511.93
69.267,123.67,131.13,164.2
199.4,165.27,280.47,220.73
210.07,1,346.6,66.067
65,429.8,151.4,511.93
299.67,250.6,383.93,300.73
135.4,215.4,291.13,286.87
45.8,114.07,98.067,154.6
77.8,158.87,148.2,205.8
15.933,114.07,98.067,171.67
149.27,218.6,227.13,287.93
219.67,122.6,260.2,181.27
228.2,233.53,289,289
85.267,447.93,132.2,493.8
285.8,121.53,383.93,190.87
171.67,70.333,230.33,122.6
76.733,1,260.2,46.867
98.067,238.87,258.07,286.87
1,266.6,81,386.07
273,150.33,383.93,191.93
146.07,3.1333,270.87,70.333
14.867,133.27,82.067,174.87
285.8,1,372.2,107.67
1,353,57.533,410.6
142.87,164.2,219.67,211.13
98.067,233.53,246.33,286.87
190.87,81,309.27,168.47
121.53,238.87,245.27,286.87
299.67,250.6,357.27,299.67
199.4,165.27,280.47,213.27
181.27,85.267,383.93,241
122.6,238.87,245.27,286.87
68.2,102.33,135.4,151.4
68.2,99.133,165.27,163.13
197.27,30.867,316.73,102.33
134.33,1,264.47,72.467
150.33,148.2,207.93,193
228.2,225,383.93,299.67
342.33,395.67,383.93,471.4
10.6,201.53,134.33,243.13
342.33,429.8,383.93,471.4
42.6,201.53,136.47,277.27
55.4,221.8,149.27,277.27
190.87,81,274.07,181.27
229.27,8.4667,372.2,79.933
300.73,1,383.93,75.667
235.67,234.6,287.93,276.2
314.6,121.53,383.93,181.27
263.4,234.6,325.27,279.4
228.2,313.53,289,361.53
122.6,238.87,258.07,286.87
69.267,99.133,182.33,171.67
220.73,1,383.93,75.667
45.8,90.6,109.8,154.6
166.33,293.27,270.87,354.07
61.8,1,260.2,59.667
327.4,376.47,383.93,421.27
214.33,141.8,383.93,249.53
316.73,1,383.93,107.67
251.67,78.867,383.93,181.27
296.47,345.53,351.93,386.07
42.6,174.87,146.07,284.73
201.53,212.2,299.67,254.87
252.73,212.2,383.93,295.4
131.13,40.467,234.6,91.667
314.6,299.67,383.93,373.27
230.33,161,362.6,239.93
200.47,188.73,251.67,237.8
184.47,31.933,258.07,76.733
196.2,165.27,280.47,213.27
233.53,158.87,337,229.27
235.67,231.4,325.27,286.87
285.8,1,372.2,84.2
322.07,242.07,383.93,299.67
149.27,209,255.93,287.93
110.87,233.53,245.27,286.87
220.73,237.8,274.07,287.93
311.4,335.93,383.93,395.67
143.93,148.2,207.93,193
33,397.8,82.067,441.53
69.267,104.47,182.33,171.67
196.2,158.87,300.73,213.27
139.67,66.067,281.53,162.07
228.2,225,361.53,295.4
131.13,31.933,258.07,87.4
233.53,158.87,300.73,201.53
330.6,398.87,383.93,474.6
171.67,26.6,230.33,122.6
197.27,61.8,347.67,116.2
172.73,1,293.27,84.2
252.73,225,361.53,295.4
127.93,137.53,169.53,181.27
41.533,280.47,97,383.93
249.53,187.67,327.4,229.27
299.67,232.47,383.93,300.73
153.53,67.133,281.53,122.6
252.73,92.733,383.93,149.27
76.733,118.33,154.6,164.2
116.2,287.93,179.13,331.67
230.33,187.67,327.4,229.27
78.867,1,260.2,46.867
135.4,215.4,291.13,287.93
210.07,1,293.27,66.067
150.33,70.333,231.4,193
249.53,187.67,351.93,239.93
139.67,113,231.4,162.07
302.87,467.13,383.93,511.93
235.67,231.4,291.13,286.87
263.4,234.6,345.53,289
150.33,79.933,191.93,122.6
35.133,162.07,104.47,213.27
151.4,158.87,300.73,213.27
1,266.6,81,383.93
165.27,141.8,285.8,231.4
285.8,8.4667,372.2,79.933
310.33,232.47,383.93,276.2
299.67,250.6,383.93,299.67
19.133,345.53,77.8,427.67
236.73,195.13,337,249.53
78.867,445.8,138.6,503.4
233.53,141.8,337,229.27
190.87,81,309.27,143.93
173.8,95.933,231.4,154.6
267.67,332.73,337,383.93
34.067,165.27,102.33,214.33
227.13,1,293.27,56.467
174.87,95.933,231.4,154.6
