1,1,342.33,511.93
244.2,78.867,342.33,294.33
212.2,1,342.33,401
1,209,342.33,511.93
109.8,136.47,205.8,223.93
247.4,1,342.33,228.2
244.2,1,342.33,269.8
145,283.67,187.67,325.27
1,1,249.53,389.27
1,1,300.73,511.93
1,1,342.33,401
1,186.6,82.067,404.2
1,1,82.067,404.2
189.8,1,342.33,401
196.2,1,342.33,511.93
211.13,1,342.33,328.47
216.47,1,342.33,295.4
1,1,342.33,330.6
1,166.33,342.33,511.93
214.33,236.73,342.33,511.93
1,268.73,342.33,511.93
1,1,45.8,169.53
212.2,1,342.33,398.87
188.73,1,260.2,140.73
90.6,209,342.33,511.93
1,150.33,244.2,441.53
1,1,317.8,387.13
162.07,1,342.33,434.07
91.667,435.13,237.8,511.93
1,1,316.73,231.4
119.4,1,219.67,92.733
179.13,1,219.67,88.467
239.93,1,319.93,220.73
123.67,1,219.67,92.733
131.13,281.53,207.93,339.13
202.6,39.4,275.13,186.6
264.47,1,319.93,115.13
131.13,268.73,207.93,345.53
1,1,167.4,222.87
207.93,159.93,342.33,434.07
1,307.13,177,511.93
8.4667,179.13,121.53,387.13
202.6,209,342.33,385
1,317.8,44.733,386.07
54.333,91.667,197.27,329.53
258.07,157.8,325.27,271.93
244.2,78.867,339.13,259.13
277.27,161,322.07,242.07
266.6,97,342.33,265.53
1,1,221.8,226.07
214.33,345.53,300.73,426.6
54.333,1,219.67,200.47
162.07,1,220.73,164.2
202.6,39.4,275.13,207.93
212.2,1,342.33,184.47
275.13,51.133,342.33,206.87
1,186.6,342.33,511.93
1,261.27,54.333,386.07
30.867,35.133,180.2,387.13
1,1,257,330.6
244.2,184.47,298.6,262.33
221.8,1,267.67,62.867
90.6,354.07,265.53,452.2
1,1,85.267,226.07
179.13,1,342.33,415.93
214.33,344.47,267.67,422.33
138.6,7.4,215.4,200.47
1,136.47,249.53,389.27
1,317.8,132.2,511.93
131.13,281.53,206.87,339.13
1,1,219.67,226.07
1,1,180.2,404.2
125.8,175.93,186.6,251.67
1,1,88.467,330.6
55.4,307.13,116.2,371.13
197.27,60.733,257,265.53
207.93,244.2,342.33,385
1,1,242.07,330.6
196.2,269.8,242.07,322.07
90.6,325.27,342.33,511.93
1,1,342.33,404.2
1,1,342.33,453.27
1,1,88.467,271.93
92.733,166.33,158.87,299.67
30.867,35.133,252.73,387.13
1,235.67,146.07,511.93
94.867,106.6,182.33,226.07
139.67,332.73,220.73,381.8
260.2,114.07,342.33,398.87
54.333,1,116.2,81
269.8,1,342.33,206.87
1,350.87,153.53,463.93
129,102.33,252.73,337
91.667,268.73,300.73,453.27
255.93,121.53,332.73,271.93
1,405.27,63.933,451.13
1,1,342.33,415.93
162.07,1,257,265.53
1,1,252.73,404.2
20.2,1,187.67,275.13
1,170.6,86.333,330.6
130.07,437.27,284.73,511.93
116.2,268.73,198.33,385
52.2,307.13,177,494.87
241,67.133,342.33,298.6
1,150.33,342.33,511.93
1,270.87,300.73,511.93
249.53,121.53,333.8,295.4
1,170.6,146.07,386.07
203.67,414.87,317.8,473.53
267.67,429.8,318.87,497
1,317.8,342.33,511.93
295.4,1,340.2,114.07
1,97,161,453.27
211.13,1,342.33,294.33
205.8,1,342.33,401
281.53,1,340.2,127.93
47.933,1,219.67,185.53
68.2,246.33,212.2,389.27
164.2,387.13,207.93,433
129,104.47,252.73,337
71.4,1,220.73,188.73
1,261.27,54.333,350.87
46.867,319.93,109.8,380.73
260.2,413.8,342.33,511.93
213.27,17,342.33,254.87
131.13,270.87,207.93,339.13
300.73,159.93,342.33,260.2
1,373.27,157.8,511.93
269.8,121.53,333.8,251.67
166.33,389.27,206.87,433
196.2,39.4,275.13,370.07
241,366.87,315.67,423.4
230.33,1,273,60.733
136.47,282.6,202.6,335.93
247.4,1,342.33,295.4
75.667,77.8,136.47,173.8
59.667,1,110.87,81
130.07,456.47,225,511.93
1,1,175.93,262.33
203.67,414.87,317.8,485.27
1,24.467,252.73,453.27
20.2,1,181.27,275.13
1,170.6,86.333,296.47
1,265.53,151.4,441.53
1,166.33,146.07,386.07
131.13,209,342.33,385
230.33,1,342.33,372.2
1,317.8,44.733,365.8
126.87,49,175.93,184.47
129,209,191.93,266.6
1,1,110.87,222.87
218.6,1,342.33,184.47
179.13,1,219.67,98.067
233.53,366.87,299.67,423.4
1,174.87,54.333,226.07
1,344.47,342.33,511.93
188.73,1,342.33,269.8
30.867,24.467,252.73,387.13
1,303.93,56.467,374.33
54.333,1,219.67,226.07
123.67,1,219.67,86.333
1,1,342.33,434.07
196.2,177,269.8,370.07
54.333,340.2,121.53,436.2
260.2,458.6,321,511.93
18.067,239.93,146.07,386.07
126.87,65,175.93,184.47
188.73,1,242.07,159.93
1,90.6,106.6,294.33
115.13,246.33,242.07,329.53
20.2,1,166.33,237.8
299.67,186.6,342.33,325.27
21.267,1,132.2,234.6
8.4667,179.13,161,453.27
101.27,345.53,258.07,453.27
129,140.73,191.93,266.6
46.867,330.6,91.667,380.73
92.733,166.33,150.33,299.67
1,1,187.67,294.33
1,412.73,161,511.93
228.2,404.2,342.33,511.93
147.13,268.73,207.93,344.47
57.533,91.667,248.47,329.53
188.73,70.333,230.33,140.73
264.47,97,342.33,269.8
1,1,70.333,222.87
174.87,158.87,235.67,290.07
126.87,52.2,167.4,166.33
1,1,77.8,169.53
129,102.33,252.73,339.13
266.6,1,327.4,116.2
91.667,290.07,342.33,482.07
1,193,85.267,335.93
282.6,121.53,332.73,223.93
167.4,33,209,165.27
1,1,106.6,294.33
71.4,1,242.07,188.73
125.8,179.13,180.2,223.93
75.667,77.8,136.47,158.87
115.13,269.8,202.6,345.53
8.4667,179.13,53.267,291.13
1,350.87,300.73,511.93
180.2,59.667,238.87,184.47
274.07,1,342.33,184.47
1,193,60.733,335.93
90.6,325.27,265.53,452.2
250.6,95.933,291.13,220.73
1,282.6,53.267,386.07
249.53,413.8,342.33,511.93
91.667,345.53,342.33,511.93
20.2,1,181.27,237.8
10.6,179.13,117.27,372.2
1,174.87,151.4,441.53
211.13,37.267,292.2,177
8.4667,179.13,117.27,372.2
1,290.07,342.33,511.93
23.4,1,77.8,85.267
1,60.733,45.8,169.53
247.4,1,342.33,233.53
260.2,114.07,342.33,362.6
249.53,399.93,342.33,511.93
188.73,1,249.53,140.73
28.733,195.13,85.267,271.93
1,1,342.33,372.2
1,351.93,133.27,454.33
95.933,435.13,237.8,511.93
239.93,1,319.93,115.13
1,1,71.4,226.07
300.73,36.2,342.33,129
1,1,248.47,386.07
212.2,1,342.33,231.4
244.2,36.2,342.33,262.33
89.533,166.33,158.87,307.13
23.4,1,77.8,65
239.93,1,342.33,294.33
153.53,413.8,342.33,511.93
263.4,61.8,342.33,294.33
101.27,363.67,193,431.93
1,174.87,77.8,374.33
1,373.27,342.33,511.93
196.2,1,342.33,370.07
52.2,323.13,121.53,453.27
52.2,307.13,121.53,453.27
174.87,1,219.67,76.733
1,1,79.933,222.87
241,74.6,316.73,298.6
1,138.6,121.53,374.33
277.27,161,325.27,254.87
205.8,103.4,342.33,376.47
1,174.87,236.73,441.53
135.4,325.27,342.33,511.93
205.8,1,342.33,376.47
239.93,1,342.33,220.73
101.27,1,316.73,231.4
137.53,177,182.33,226.07
1,1,188.73,262.33
218.6,1,266.6,55.4
255.93,84.2,342.33,271.93
1,450.07,51.133,501.27
254.87,292.2,342.33,434.07
25.533,351.93,133.27,454.33
131.13,281.53,207.93,340.2
1,422.33,300.73,511.93
54.333,1,110.87,129
188.73,70.333,230.33,159.93
93.8,435.13,232.47,511.93
261.27,301.8,305,356.2
197.27,470.33,267.67,511.93
71.4,1,123.67,113
277.27,97,342.33,260.2
212.2,1,342.33,294.33
275.13,459.67,334.87,511.93
8.4667,179.13,121.53,453.27
278.33,236.73,324.2,364.73
126.87,1,209,185.53
281.53,387.13,342.33,502.33
129,102.33,252.73,344.47
126.87,1,219.67,185.53
153.53,437.27,284.73,511.93
1,257,151.4,441.53
69.267,138.6,121.53,307.13
268.73,92.733,337,265.53
1,371.13,63.933,451.13
18.067,235.67,146.07,386.07
59.667,1,110.87,129
129,209,175.93,262.33
26.6,69.267,71.4,186.6
226.07,37.267,342.33,211.13
52.2,270.87,121.53,453.27
93.8,457.53,182.33,511.93
137.53,140.73,188.73,218.6
1,1,45.8,167.4
109.8,1,166.33,101.27
54.333,91.667,257,329.53
212.2,1,257,189.8
1,138.6,212.2,389.27
89.533,151.4,244.2,307.13
18.067,239.93,81,374.33
212.2,1,342.33,328.47
1,373.27,156.73,511.93
61.8,329.53,121.53,387.13
71.4,1,166.33,113
261.27,36.2,342.33,205.8
167.4,387.13,207.93,433
20.2,1,248.47,329.53
230.33,441.53,286.87,511.93
223.93,409.53,286.87,468.2
300.73,306.07,342.33,354.07
258.07,121.53,332.73,271.93
139.67,331.67,236.73,381.8
1,1,57.533,184.47
125.8,179.13,182.33,251.67
136.47,334.87,236.73,387.13
203.67,387.13,342.33,511.93
207.93,209,318.87,378.6
230.33,441.53,334.87,511.93
124.73,19.133,167.4,72.467
54.333,1,252.73,344.47
57.533,91.667,197.27,329.53
90.6,354.07,265.53,511.93
101.27,1,175.93,262.33
1,170.6,62.867,270.87
203.67,414.87,317.8,511.93
278.33,1,342.33,172.73
266.6,61.8,342.33,294.33
22.333,1,73.533,84.2
1,447.93,51.133,511.93
54.333,307.13,121.53,436.2
268.73,106.6,334.87,265.53
89.533,150.33,244.2,307.13
214.33,236.73,342.33,423.4
111.93,138.6,257,321
105.53,290.07,257,385
175.93,138.6,235.67,206.87
75.667,77.8,136.47,174.87
299.67,167.4,342.33,265.53
207.93,244.2,342.33,378.6
139.67,319.93,220.73,369
223.93,404.2,342.33,511.93
21.267,1,166.33,234.6
56.467,265.53,146.07,386.07
131.13,269.8,202.6,343.4
283.67,387.13,342.33,502.33
277.27,143.93,325.27,254.87
213.27,17,342.33,211.13
165.27,387.13,207.93,433
1,405.27,117.27,463.93
104.47,1,166.33,68.2
26.6,69.267,90.6,186.6
38.333,270.87,258.07,453.27
165.27,387.13,209,433
198.33,77.8,310.33,370.07
109.8,363.67,181.27,431.93
153.53,268.73,207.93,335.93
1,1,72.467,131.13
188.73,34.067,230.33,140.73
20.2,1,158.87,186.6
207.93,250.6,318.87,378.6
55.4,65,181.27,275.13
1,69.267,71.4,206.87
250.6,458.6,334.87,511.93
221.8,1,273,62.867
227.13,443.67,286.87,511.93
188.73,1,242.07,140.73
263.4,109.8,334.87,269.8
26.6,1,158.87,186.6
277.27,97,342.33,258.07
140.73,331.67,236.73,378.6
93.8,434.07,300.73,511.93
222.87,1,342.33,372.2
179.13,1,292.2,184.47
244.2,156.73,309.27,262.33
260.2,404.2,342.33,511.93
1,60.733,45.8,167.4
247.4,1,342.33,372.2
278.33,294.33,324.2,364.73
135.4,331.67,236.73,387.13
38.333,358.33,120.47,441.53
105.53,290.07,167.4,385
136.47,268.73,207.93,344.47
230.33,67.133,342.33,398.87
219.67,345.53,342.33,482.07
127.93,1,219.67,86.333
126.87,1,177,85.267
280.47,97,342.33,258.07
62.867,1,116.2,59.667
54.333,91.667,248.47,329.53
203.67,387.13,342.33,501.27
196.2,425.53,244.2,479.93
75.667,77.8,132.2,158.87
101.27,1,165.27,184.47
89.533,150.33,244.2,329.53
1,282.6,53.267,353
60.733,185.53,103.4,237.8
135.4,331.67,219.67,378.6
219.67,345.53,342.33,511.93
274.07,68.2,332.73,184.47
198.33,77.8,342.33,415.93
54.333,1,110.87,81
230.33,438.33,300.73,507.67
75.667,335.93,121.53,387.13
91.667,268.73,342.33,511.93
123.67,1,219.67,76.733
1,97,82.067,404.2
292.2,433,334.87,477.8
269.8,1,338.07,169.53
1,1,71.4,206.87
136.47,282.6,196.2,333.8
109.8,136.47,174.87,215.4
101.27,1,166.33,184.47
202.6,209,282.6,327.4
123.67,52.2,167.4,188.73
243.13,226.07,293.27,298.6
1,1,116.2,222.87
153.53,282.6,196.2,326.33
127.93,453.27,236.73,511.93
93.8,425.53,300.73,511.93
226.07,37.267,292.2,174.87
1,422.33,93.8,511.93
21.267,1,71.4,202.6
129,140.73,188.73,262.33
262.33,61.8,342.33,211.13
1,412.73,54.333,463.93
241,74.6,342.33,298.6
1,1,72.467,222.87
161,340.2,225,381.8
129,151.4,191.93,266.6
75.667,90.6,130.07,158.87
25.533,1,116.2,108.73
111.93,154.6,169.53,207.93
115.13,269.8,200.47,345.53
226.07,36.2,342.33,211.13
1,91.667,88.467,271.93
280.47,1,340.2,133.27
268.73,170.6,318.87,265.53
1,412.73,51.133,511.93
91.667,344.47,300.73,511.93
214.33,344.47,300.73,426.6
205.8,103.4,342.33,401
214.33,343.4,342.33,423.4
8.4667,179.13,78.867,291.13
26.6,1,132.2,186.6
1,97,44.733,199.4
91.667,414.87,317.8,511.93
75.667,77.8,132.2,173.8
264.47,1,342.33,184.47
155.67,7.4,215.4,178.07
101.27,1,219.67,200.47
230.33,157.8,325.27,313.53
264.47,1,319.93,46.867
300.73,295.4,342.33,354.07
127.93,1,219.67,200.47
259.13,250.6,310.33,318.87
25.533,1,69.267,70.333
140.73,281.53,212.2,337
268.73,121.53,333.8,265.53
218.6,1,266.6,67.133
21.267,1,166.33,237.8
247.4,1,342.33,268.73
1,316.73,50.067,391.4
165.27,151.4,244.2,290.07
69.267,138.6,120.47,275.13
280.47,97,342.33,294.33
123.67,49,167.4,188.73
130.07,345.53,342.33,511.93
136.47,343.4,220.73,387.13
204.73,334.87,255.93,383.93
1,90.6,85.267,271.93
123.67,49,181.27,188.73
266.6,97,342.33,294.33
91.667,344.47,342.33,511.93
129,193,180.2,262.33
180.2,39.4,292.2,184.47
1,1,166.33,222.87
10.6,282.6,53.267,353
279.4,387.13,342.33,511.93
260.2,447.93,334.87,511.93
131.13,269.8,200.47,343.4
297.53,219.67,342.33,294.33
124.73,1,167.4,72.467
75.667,77.8,132.2,174.87
254.87,343.4,342.33,434.07
207.93,209,342.33,434.07
129,140.73,175.93,262.33
263.4,156.73,310.33,254.87
50.067,138.6,121.53,307.13
284.73,109.8,334.87,217.53
1,350.87,126.87,463.93
68.2,265.53,151.4,389.27
140.73,323.13,236.73,378.6
123.67,52.2,181.27,188.73
1,235.67,60.733,335.93
93.8,435.13,214.33,511.93
25.533,1,72.467,108.73
264.47,109.8,334.87,269.8
249.53,200.47,294.33,268.73
167.4,138.6,257,321
140.73,286.87,196.2,334.87
1,235.67,57.533,317.8
1,350.87,50.067,420.2
66.067,307.13,118.33,371.13
274.07,61.8,342.33,202.6
85.267,6.3333,175.93,184.47
263.4,156.73,309.27,262.33
71.4,1,181.27,188.73
260.2,458.6,305,511.93
135.4,331.67,220.73,387.13
266.6,1,342.33,184.47
68.2,246.33,197.27,389.27
213.27,1,266.6,85.267
12.733,406.33,63.933,451.13
135.4,325.27,342.33,434.07
277.27,129,342.33,254.87
269.8,161,322.07,251.67
207.93,250.6,342.33,378.6
197.27,470.33,237.8,511.93
109.8,457.53,154.6,503.4
201.53,298.6,269.8,370.07
244.2,1,342.33,262.33
219.67,1,316.73,231.4
161,298.6,257,381.8
1,405.27,63.933,463.93
274.07,78.867,339.13,200.47
69.267,65,181.27,275.13
222.87,361.53,315.67,426.6
222.87,345.53,300.73,426.6
297.53,159.93,342.33,294.33
124.73,19.133,167.4,73.533
212.2,1,266.6,110.87
230.33,67.133,342.33,313.53
1,35.133,70.333,222.87
1,316.73,41.533,391.4
157.8,104.47,252.73,337
212.2,1,316.73,231.4
166.33,387.13,207.93,433
226.07,39.4,274.07,127.93
139.67,281.53,212.2,340.2
242.07,194.07,290.07,271.93
1,1,56.467,131.13
91.667,313.53,342.33,482.07
135.4,325.27,262.33,387.13
191.93,269.8,242.07,322.07
218.6,1,319.93,115.13
21.267,3.1333,74.6,234.6
47.933,1,175.93,184.47
275.13,97,342.33,294.33
115.13,246.33,197.27,333.8
68.2,1,114.07,42.6
198.33,77.8,310.33,318.87
101.27,1,167.4,184.47
264.47,1,342.33,163.13
89.533,166.33,186.6,307.13
124.73,1,167.4,73.533
108.73,459.67,155.67,511.93
110.87,11.667,157.8,101.27
175.93,138.6,257,265.53
123.67,1,219.67,82.067
9.5333,303.93,120.47,441.53
91.667,345.53,317.8,511.93
130.07,435.13,284.73,511.93
47.933,1,114.07,117.27
135.4,325.27,236.73,387.13
21.267,3.1333,71.4,202.6
26.6,1,114.07,186.6
52.2,317.8,100.2,378.6
275.13,459.67,342.33,511.93
108.73,458.6,169.53,511.93
275.13,129,342.33,283.67
284.73,67.133,332.73,162.07
223.93,409.53,284.73,468.2
88.467,138.6,130.07,229.27
1,412.73,50.067,487.4
41.533,409.53,117.27,454.33
249.53,200.47,294.33,295.4
1,239.93,146.07,386.07
93.8,344.47,300.73,511.93
91.667,402.07,237.8,511.93
91.667,313.53,300.73,453.27
101.27,344.47,300.73,453.27
92.733,136.47,249.53,299.67
18.067,239.93,81,317.8
1,193,85.267,374.33
211.13,60.733,257,265.53
165.27,158.87,235.67,290.07
10.6,282.6,52.2,353
9.5333,265.53,151.4,441.53
129,175.93,191.93,266.6
71.4,1,132.2,113
109.8,363.67,206.87,431.93
9.5333,321,120.47,441.53
156.73,33,209,185.53
130.07,435.13,309.27,511.93
1,170.6,50.067,270.87
275.13,129,342.33,294.33
116.2,268.73,267.67,385
85.267,6.3333,157.8,101.27
299.67,295.4,342.33,354.07
131.13,286.87,191.93,339.13
135.4,331.67,262.33,387.13
166.33,390.33,206.87,431.93
153.53,282.6,202.6,335.93
242.07,206.87,289,271.93
1,179.13,82.067,404.2
1,271.93,76.733,374.33
24.467,212.2,86.333,296.47
127.93,209,199.4,266.6
132.2,140.73,188.73,218.6
264.47,1,342.33,172.73
284.73,157.8,325.27,232.47
101.27,106.6,182.33,226.07
300.73,1,342.33,97
245.27,306.07,296.47,377.53
10.6,179.13,56.467,291.13
1,405.27,126.87,463.93
211.13,60.733,255.93,177
247.4,1,342.33,362.6
282.6,459.67,334.87,511.93
75.667,102.33,129,173.8
292.2,404.2,342.33,473.53
238.87,226.07,293.27,300.73
213.27,77.8,253.8,186.6
230.33,441.53,342.33,511.93
108.73,458.6,177,511.93
1,170.6,50.067,254.87
174.87,1,218.6,76.733
24.467,290.07,77.8,374.33
220.73,209,282.6,306.07
180.2,39.4,274.07,184.47
129,1,219.67,86.333
116.2,309.27,167.4,372.2
130.07,453.27,236.73,511.93
155.67,1,316.73,231.4
139.67,292.2,267.67,381.8
126.87,49,167.4,166.33
245.27,236.73,342.33,377.53
241,206.87,289,298.6
143.93,209,199.4,265.53
183.4,425.53,244.2,493.8
254.87,294.33,342.33,415.93
134.33,177,182.33,226.07
88.467,363.67,206.87,438.33
219.67,214.33,266.6,296.47
123.67,1,167.4,68.2
275.13,1,342.33,206.87
93.8,457.53,145,505.53
153.53,435.13,284.73,511.93
219.67,246.33,266.6,296.47
229.27,345.53,342.33,511.93
1,282.6,77.8,374.33
300.73,387.13,342.33,501.27
131.13,290.07,199.4,340.2
37.267,205.8,85.267,289
63.933,1,132.2,113
91.667,313.53,300.73,455.4
111.93,154.6,199.4,266.6
108.73,463.93,155.67,511.93
179.13,1,219.67,91.667
132.2,175.93,182.33,226.07
222.87,343.4,342.33,434.07
116.2,268.73,275.13,385
230.33,146.07,325.27,313.53
92.733,207.93,203.67,299.67
226.07,39.4,275.13,131.13
280.47,97,342.33,259.13
279.4,159.93,342.33,300.73
133.27,178.07,180.2,257
183.4,425.53,300.73,511.93
1,193,77.8,374.33
37.267,205.8,85.267,271.93
88.467,331.67,258.07,453.27
46.867,307.13,118.33,380.73
101.27,363.67,181.27,431.93
126.87,65,175.93,147.13
279.4,445.8,342.33,511.93
261.27,292.2,342.33,364.73
93.8,445.8,244.2,511.93
300.73,387.13,342.33,477.8
264.47,1,327.4,163.13
179.13,1,219.67,83.133
1,29.8,45.8,169.53
1,422.33,120.47,511.93
105.53,290.07,167.4,372.2
37.267,385,126.87,454.33
1,447.93,93.8,511.93
1,29.8,45.8,167.4
111.93,154.6,180.2,221.8
92.733,191.93,249.53,299.67
164.2,145,248.47,321
167.4,33,209,164.2
93.8,446.87,214.33,511.93
198.33,177,266.6,296.47
243.13,234.6,283.67,298.6
1,350.87,57.533,420.2
54.333,323.13,121.53,436.2
281.53,404.2,342.33,483.13
261.27,292.2,324.2,364.73
107.67,1,165.27,184.47
230.33,166.33,325.27,313.53
1,235.67,60.733,317.8
8.4667,179.13,56.467,291.13
24.467,290.07,76.733,374.33
131.13,268.73,198.33,345.53
266.6,161,322.07,265.53
277.27,161,325.27,242.07
165.27,158.87,244.2,290.07
229.27,345.53,342.33,482.07
205.8,298.6,257,376.47
161,1,219.67,76.733
242.07,194.07,289,271.93
126.87,65,175.93,157.8
52.2,294.33,121.53,453.27
211.13,67.133,255.93,177
1,290.07,77.8,374.33
116.2,309.27,167.4,385
230.33,451.13,286.87,511.93
297.53,1,342.33,135.4
47.933,1,114.07,181.27
93.8,458.6,181.27,511.93
115.13,246.33,197.27,329.53
1,215.4,57.533,317.8
250.6,458.6,305,511.93
196.2,269.8,269.8,370.07
52.2,397.8,177,494.87
73.533,403.13,161,470.33
242.07,221.8,286.87,271.93
245.27,236.73,324.2,377.53
167.4,145,248.47,321
269.8,1,342.33,169.53
202.6,77.8,253.8,186.6
204.73,334.87,262.33,383.93
205.8,292.2,267.67,376.47
37.267,385,133.27,454.33
126.87,49,175.93,147.13
280.47,129,342.33,258.07
54.333,360.47,121.53,436.2
33,441.53,161,511.93
275.13,182.33,342.33,283.67
52.2,397.8,114.07,453.27
47.933,460.73,93.8,511.93
280.47,407.4,334.87,487.4
68.2,265.53,146.07,386.07
174.87,191.93,235.67,290.07
260.2,445.8,342.33,511.93
133.27,178.07,180.2,221.8
267.67,294.33,342.33,415.93
222.87,361.53,300.73,426.6
267.67,343.4,342.33,408.47
241,206.87,289,293.27
268.73,33,311.4,163.13
167.4,166.33,248.47,321
10.6,179.13,53.267,291.13
183.4,425.53,267.67,511.93
38.333,270.87,120.47,441.53
249.53,471.4,290.07,511.93
129,1,173.8,86.333
26.6,69.267,71.4,206.87
9.5333,307.13,120.47,441.53
137.53,180.2,180.2,226.07
247.4,1,338.07,233.53
266.6,1,327.4,163.13
56.467,319.93,109.8,370.07
139.67,331.67,258.07,453.27
68.2,1,114.07,117.27
278.33,37.267,330.6,172.73
138.6,83.133,206.87,200.47
1,422.33,74.6,506.6
143.93,207.93,203.67,266.6
12.733,1,56.467,131.13
300.73,1,342.33,74.6
52.2,397.8,161,470.33
1,90.6,56.467,199.4
1,441.53,120.47,511.93
245.27,250.6,310.33,377.53
247.4,74.6,316.73,233.53
227.13,451.13,286.87,511.93
155.67,7.4,215.4,188.73
230.33,226.07,293.27,313.53
280.47,404.2,342.33,487.4
73.533,403.13,161,461.8
54.333,1,114.07,181.27
233.53,366.87,300.73,423.4
153.53,435.13,290.07,511.93
214.33,348.73,277.27,423.4
179.13,463.93,232.47,511.93
46.867,270.87,118.33,380.73
93.8,439.4,247.4,511.93
174.87,191.93,249.53,290.07
266.6,1,327.4,45.8
244.2,156.73,303.93,262.33
275.13,182.33,318.87,283.67
92.733,207.93,150.33,299.67
166.33,381.8,206.87,431.93
282.6,294.33,324.2,364.73
108.73,457.53,154.6,503.4
141.8,445.8,244.2,511.93
198.33,177,310.33,318.87
223.93,366.87,277.27,423.4
214.33,344.47,267.67,426.6
41.533,409.53,126.87,454.33
260.2,458.6,334.87,511.93
259.13,237.8,310.33,318.87
155.67,7.4,201.53,178.07
88.467,386.07,152.47,438.33
268.73,33,311.4,116.2
9.5333,303.93,56.467,369
230.33,451.13,286.87,507.67
123.67,246.33,197.27,296.47
292.2,433,334.87,487.4
69.267,65,175.93,275.13
125.8,151.4,205.8,223.93
267.67,343.4,342.33,415.93
38.333,205.8,85.267,271.93
279.4,161,325.27,254.87
241,366.87,299.67,423.4
1,450.07,74.6,506.6
33,441.53,120.47,511.93
111.93,150.33,174.87,215.4
1,371.13,50.067,420.2
125.8,175.93,196.2,223.93
118.33,207.93,203.67,274.07
242.07,461.8,286.87,507.67
56.467,307.13,118.33,371.13
261.27,78.867,339.13,205.8
242.07,438.33,300.73,507.67
179.13,463.93,230.33,511.93
69.267,138.6,152.47,275.13
214.33,348.73,315.67,423.4
140.73,331.67,227.13,378.6
111.93,136.47,174.87,215.4
180.2,77.8,237.8,184.47
93.8,457.53,154.6,511.93
88.467,138.6,152.47,229.27
141.8,446.87,214.33,511.93
93.8,439.4,244.2,511.93
182.33,463.93,230.33,511.93
107.67,396.73,152.47,438.33
198.33,177,262.33,233.53
198.33,177,262.33,279.4
21.267,326.33,120.47,441.53
142.87,345.53,258.07,453.27
198.33,177,262.33,229.27
