1,1,383.93,210.07
173.8,203.67,223.93,244.2
45.8,1,383.93,511.93
209,183.4,312.47,284.73
1,1,215.4,417
1,1,383.93,511.93
58.6,86.333,280.47,263.4
1,1,169.53,511.93
1,161,107.67,420.2
25.533,233.53,383.93,511.93
38.333,1,383.93,132.2
1,108.73,113,324.2
108.73,229.27,383.93,511.93
145,1,383.93,130.07
1,206.87,174.87,511.93
238.87,87.4,383.93,354.07
148.2,293.27,251.67,422.33
25.533,446.87,141.8,511.93
1,161,383.93,511.93
147.13,61.8,187.67,136.47
49,249.53,152.47,345.53
157.8,202.6,383.93,511.93
1,1,383.93,149.27
58.6,170.6,157.8,405.27
1,219.67,221.8,511.93
143.93,1,217.53,115.13
157.8,251.67,383.93,511.93
1,148.2,113,232.47
70.333,229.27,281.53,423.4
1,82.067,383.93,511.93
154.6,1,383.93,133.27
154.6,242.07,383.93,433
1,1,148.2,259.13
45.8,1,383.93,292.2
255.93,251.67,337,353
25.533,419.13,383.93,511.93
1,1,271.93,511.93
1,1,258.07,264.47
1,1,383.93,179.13
86.333,143.93,149.27,202.6
1,219.67,383.93,511.93
14.867,457.53,169.53,511.93
156.73,245.27,383.93,511.93
1,1,174.87,511.93
71.4,245.27,289,430.87
106.6,291.13,269.8,447.93
1,166.33,191.93,511.93
1,146.07,271.93,511.93
83.133,105.53,348.73,274.07
338.07,385,383.93,431.93
65,419.13,109.8,466.07
65,371.13,110.87,425.53
247.4,293.27,289,367.93
77.8,306.07,157.8,405.27
237.8,121.53,383.93,292.2
238.87,87.4,383.93,284.73
1,171.67,77.8,439.4
1,348.73,383.93,511.93
69.267,1,383.93,136.47
1,162.07,88.467,232.47
14.867,418.07,299.67,511.93
55.4,1,267.67,141.8
177,179.13,279.4,244.2
157.8,271.93,383.93,511.93
1,1,188.73,511.93
22.333,421.27,169.53,511.93
71.4,102.33,342.33,284.73
42.6,168.47,107.67,420.2
58.6,219.67,157.8,405.27
109.8,121.53,225,210.07
103.4,95.933,263.4,244.2
157.8,1,383.93,511.93
1,54.333,129,182.33
63.933,265.53,106.6,417
1,1,383.93,417
141.8,1,383.93,132.2
221.8,82.067,383.93,314.6
1,58.6,165.27,511.93
46.867,1,87.4,56.467
221.8,138.6,334.87,239.93
1,1,45.8,156.73
39.4,470.33,141.8,511.93
1,1,163.13,238.87
38.333,1,383.93,313.53
150.33,233.53,383.93,511.93
150.33,343.4,219.67,422.33
52.2,57.533,100.2,137.53
108.73,282.6,330.6,422.33
45.8,1,267.67,261.27
1,1,383.93,354.07
217.53,1,383.93,110.87
195.13,430.87,383.93,478.87
238.87,421.27,303.93,469.27
1,434.07,226.07,511.93
263.4,423.4,383.93,511.93
141.8,1,324.2,132.2
71.4,132.2,289,430.87
1,146.07,184.47,489.53
124.73,463.93,169.53,511.93
157.8,355.13,383.93,511.93
217.53,1,383.93,315.67
108.73,282.6,303.93,422.33
290.07,66.067,383.93,139.67
1,132.2,289,511.93
243.13,268.73,339.13,430.87
218.6,271.93,383.93,409.53
202.6,253.8,289,402.07
46.867,1,263.4,244.2
45.8,58.6,98.067,155.67
329.53,275.13,383.93,446.87
1,219.67,299.67,511.93
143.93,1,258.07,264.47
73.533,326.33,161,440.47
1,257,56.467,340.2
76.733,267.67,122.6,327.4
49,206.87,154.6,345.53
25.533,57.533,72.467,156.73
36.2,171.67,87.4,259.13
69.267,1,383.93,141.8
157.8,82.067,383.93,511.93
221.8,83.133,383.93,293.27
170.6,413.8,383.93,511.93
251.67,1,383.93,133.27
83.133,82.067,383.93,313.53
263.4,355.13,337,412.73
140.73,1,383.93,132.2
154.6,1,246.33,131.13
220.73,1,383.93,292.2
195.13,253.8,289,429.8
154.6,1,271.93,131.13
150.33,266.6,220.73,422.33
1,377.53,95.933,489.53
1,229.27,383.93,511.93
87.4,1,267.67,136.47
213.27,466.07,264.47,510.87
127.93,281.53,383.93,471.4
246.33,327.4,332.73,431.93
1,347.67,169.53,511.93
243.13,268.73,309.27,367.93
103.4,83.133,383.93,293.27
226.07,139.67,335.93,239.93
293.27,1,356.2,101.27
254.87,271.93,333.8,354.07
108.73,282.6,289,422.33
299.67,49,383.93,113
38.333,1,145,72.467
1,1,163.13,239.93
221.8,229.27,265.53,292.2
143.93,105.53,258.07,264.47
45.8,1,263.4,261.27
14.867,457.53,99.133,511.93
1,168.47,169.53,511.93
185.53,1,260.2,186.6
1,162.07,70.333,389.27
157.8,370.07,335.93,471.4
217.53,1,383.93,313.53
300.73,430.87,383.93,475.67
83.133,132.2,163.13,238.87
83.133,132.2,258.07,277.27
156.73,229.27,281.53,376.47
243.13,264.47,383.93,450.07
1,168.47,77.8,421.27
298.6,413.8,383.93,511.93
55.4,55.4,147.13,120.47
237.8,83.133,383.93,292.2
146.07,229.27,383.93,450.07
83.133,233.53,383.93,471.4
242.07,1,383.93,115.13
94.867,245.27,289,430.87
172.73,454.33,322.07,511.93
1,1,175.93,182.33
277.27,193,383.93,313.53
25.533,438.33,322.07,511.93
154.6,1,351.93,133.27
1,1,158.87,253.8
109.8,1,383.93,210.07
1,246.33,154.6,489.53
246.33,265.53,383.93,446.87
1,171.67,111.93,439.4
31.933,242.07,116.2,425.53
1,1,113,182.33
222.87,82.067,348.73,239.93
83.133,143.93,149.27,202.6
139.67,1,242.07,203.67
87.4,1,217.53,115.13
38.333,1,242.07,203.67
25.533,413.8,114.07,471.4
1,1,138.6,259.13
1,169.53,49,238.87
77.8,233.53,181.27,423.4
1,257,67.133,417
42.6,168.47,89.533,420.2
1,1,76.733,419.13
1,1,242.07,239.93
157.8,372.2,383.93,511.93
87.4,1,185.53,57.533
1,1,187.67,179.13
145,1,260.2,186.6
1,379.67,46.867,420.2
1,56.467,52.2,158.87
249.53,282.6,330.6,330.6
158.87,202.6,383.93,446.87
263.4,49,383.93,113
106.6,268.73,271.93,478.87
1,1,137.53,253.8
1,1,68.2,233.53
109.8,306.07,157.8,369
1,1,163.13,159.93
83.133,102.33,342.33,284.73
155.67,292.2,220.73,422.33
300.73,1,357.27,62.867
337,312.47,383.93,383.93
60.733,165.27,102.33,239.93
39.4,1,142.87,57.533
109.8,1,260.2,210.07
156.73,135.4,280.47,244.2
84.2,143.93,279.4,258.07
170.6,423.4,383.93,511.93
129,152.47,258.07,277.27
158.87,202.6,360.47,332.73
1,1,129,231.4
161,1,246.33,62.867
1,1,147.13,341.27
156.73,1,257,119.4
305,462.87,383.93,511.93
194.07,292.2,247.4,367.93
156.73,243.13,220.73,286.87
1,354.07,188.73,511.93
146.07,229.27,383.93,511.93
1,58.6,383.93,511.93
75.667,349.8,116.2,395.67
1,146.07,184.47,344.47
263.4,355.13,333.8,406.33
300.73,1,383.93,66.067
187.67,1,245.27,84.2
49,242.07,95.933,282.6
51.133,413.8,114.07,471.4
229.27,85.267,383.93,314.6
217.53,1,383.93,239.93
1,237.8,57.533,385
87.4,1,267.67,115.13
1,347.67,90.6,423.4
1,179.13,43.667,241
38.333,1,133.27,72.467
146.07,57.533,190.87,117.27
1,219.67,161,511.93
58.6,86.333,383.93,354.07
150.33,370.07,383.93,511.93
66.067,425.53,111.93,467.13
146.07,207.93,221.8,258.07
76.733,264.47,125.8,349.8
238.87,396.73,331.67,469.27
156.73,236.73,221.8,289
129,152.47,237.8,277.27
54.333,202.6,186.6,306.07
250.6,1,346.6,91.667
45.8,59.667,215.4,261.27
74.6,59.667,148.2,149.27
108.73,243.13,383.93,511.93
251.67,1,323.13,42.6
42.6,168.47,157.8,417
107.67,156.73,163.13,287.93
246.33,273,383.93,446.87
157.8,370.07,301.8,511.93
146.07,1,248.47,104.47
246.33,1,383.93,107.67
74.6,61.8,148.2,149.27
342.33,63.933,383.93,110.87
158.87,346.6,219.67,422.33
191.93,431.93,300.73,477.8
243.13,282.6,358.33,376.47
76.733,209,154.6,287.93
1,225,77.8,423.4
1,161,70.333,389.27
300.73,1,359.4,62.867
73.533,374.33,161,440.47
150.33,121.53,342.33,237.8
253.8,324.2,332.73,367.93
1,1,215.4,341.27
71.4,1,383.93,314.6
156.73,1,217.53,104.47
169.53,298.6,215.4,365.8
238.87,65,383.93,284.73
249.53,270.87,332.73,363.67
1,322.07,50.067,372.2
1,197.27,188.73,511.93
58.6,261.27,127.93,399.93
65,123.67,147.13,173.8
50.067,35.133,146.07,149.27
109.8,206.87,150.33,262.33
225,145,334.87,237.8
166.33,255.93,218.6,338.07
1,348.73,178.07,511.93
184.47,103.4,244.2,156.73
120.47,162.07,167.4,205.8
101.27,1,175.93,132.2
86.333,132.2,166.33,202.6
67.133,1,140.73,54.333
254.87,271.93,331.67,313.53
41.533,419.13,108.73,466.07
1,1,213.27,149.27
247.4,289,289,367.93
135.4,198.33,207.93,258.07
25.533,413.8,130.07,471.4
51.133,166.33,191.93,423.4
85.267,260.2,152.47,344.47
1,225,169.53,511.93
222.87,82.067,383.93,313.53
70.333,1,134.33,52.2
1,323.13,52.2,388.2
246.33,270.87,383.93,446.87
340.2,357.27,383.93,446.87
239.93,117.27,348.73,233.53
83.133,370.07,154.6,438.33
1,268.73,271.93,511.93
307.13,274.07,383.93,446.87
1,146.07,116.2,255.93
329.53,357.27,374.33,431.93
1,1,186.6,182.33
70.333,229.27,383.93,450.07
1,206.87,169.53,511.93
52.2,57.533,105.53,137.53
106.6,268.73,271.93,447.93
1,1,111.93,259.13
1,119.4,49,247.4
1,169.53,51.133,253.8
83.133,132.2,166.33,202.6
60.733,166.33,102.33,239.93
150.33,120.47,342.33,237.8
1,419.13,57.533,511.93
1,330.6,61.8,389.27
84.2,65,383.93,292.2
242.07,1,298.6,115.13
71.4,1,383.93,284.73
154.6,243.13,358.33,422.33
185.53,9.5333,257,119.4
254.87,261.27,333.8,354.07
60.733,184.47,143.93,242.07
106.6,302.87,218.6,407.4
77.8,250.6,152.47,365.8
58.6,219.67,221.8,343.4
77.8,250.6,172.73,423.4
143.93,1,267.67,136.47
69.267,387.13,111.93,437.27
60.733,191.93,143.93,242.07
254.87,152.47,301.8,229.27
108.73,243.13,358.33,422.33
174.87,465,231.4,511.93
1,58.6,113,179.13
1,166.33,191.93,423.4
1,1,52.2,247.4
342.33,290.07,383.93,413.8
60.733,165.27,123.67,239.93
342.33,41.533,383.93,110.87
156.73,229.27,341.27,374.33
263.4,355.13,335.93,431.93
1,1,187.67,149.27
250.6,1,383.93,133.27
340.2,388.2,383.93,450.07
114.07,421.27,169.53,511.93
219.67,251.67,383.93,469.27
1,379.67,46.867,511.93
1,348.73,153.53,511.93
156.73,1,260.2,186.6
111.93,458.6,188.73,511.93
83.133,289,161,505.53
194.07,229.27,281.53,367.93
30.867,371.13,110.87,435.13
87.4,1,139.67,52.2
69.267,302.87,169.53,511.93
1,173.8,49,247.4
69.267,1,267.67,136.47
146.07,229.27,341.27,374.33
219.67,75.667,351.93,133.27
162.07,1,257,119.4
157.8,379.67,216.47,471.4
40.467,135.4,113,179.13
157.8,370.07,335.93,511.93
1,1,148.2,149.27
141.8,56.467,226.07,203.67
157.8,377.53,331.67,511.93
287.93,358.33,328.47,423.4
60.733,265.53,107.67,423.4
293.27,1,383.93,110.87
1,146.07,184.47,439.4
162.07,321,242.07,399.93
55.4,1,267.67,120.47
226.07,154.6,312.47,237.8
147.13,61.8,187.67,148.2
1,172.73,165.27,511.93
324.2,372.2,383.93,439.4
111.93,458.6,186.6,511.93
1,1,147.13,259.13
47.933,54.333,138.6,141.8
1,348.73,153.53,437.27
150.33,233.53,200.47,344.47
25.533,467.13,99.133,509.8
67.133,1,132.2,44.733
145,61.8,187.67,136.47
1,108.73,113,419.13
147.13,119.4,226.07,203.67
22.333,447.93,188.73,511.93
202.6,291.13,263.4,405.27
1,185.53,57.533,324.2
157.8,370.07,255.93,471.4
219.67,274.07,383.93,469.27
337,274.07,383.93,334.87
46.867,1,146.07,149.27
89.533,261.27,157.8,346.6
150.33,119.4,226.07,197.27
1,371.13,188.73,511.93
337,281.53,383.93,431.93
58.6,219.67,181.27,343.4
311.4,273,383.93,431.93
1,1,47.933,157.8
170.6,431.93,300.73,494.87
145,60.733,188.73,132.2
246.33,305,383.93,446.87
38.333,1,86.333,72.467
58.6,143.93,221.8,263.4
87.4,1,146.07,56.467
335.93,127.93,383.93,168.47
14.867,457.53,57.533,511.93
322.07,127.93,383.93,217.53
1,417,54.333,511.93
175.93,430.87,301.8,478.87
146.07,1,300.73,130.07
157.8,355.13,335.93,511.93
183.4,428.73,297.53,511.93
150.33,370.07,297.53,511.93
153.53,180.2,205.8,228.2
242.07,75.667,383.93,168.47
84.2,103.4,348.73,258.07
75.667,60.733,140.73,146.07
338.07,282.6,383.93,357.27
243.13,271.93,339.13,348.73
42.6,168.47,89.533,419.13
243.13,268.73,332.73,406.33
47.933,54.333,136.47,141.8
1,168.47,71.4,421.27
1,1,52.2,158.87
1,362.6,114.07,489.53
1,119.4,68.2,233.53
300.73,430.87,383.93,511.93
328.47,281.53,383.93,431.93
38.333,1,140.73,72.467
108.73,343.4,168.47,388.2
263.4,355.13,365.8,431.93
151.4,353,297.53,511.93
321,193,383.93,244.2
1,247.4,70.333,387.13
255.93,251.67,332.73,353
298.6,431.93,383.93,511.93
145,1,300.73,130.07
138.6,61.8,187.67,141.8
71.4,1,136.47,42.6
42.6,168.47,106.6,360.47
1,1,45.8,61.8
1,169.53,50.067,241
148.2,282.6,289,422.33
151.4,353,383.93,511.93
337,282.6,383.93,450.07
103.4,137.53,263.4,244.2
89.533,261.27,154.6,345.53
54.333,202.6,191.93,337
161,1,257,119.4
1,1,68.2,341.27
214.33,1,267.67,102.33
319.93,220.73,383.93,279.4
225,1,303.93,91.667
27.667,468.2,141.8,511.93
1,1,45.8,62.867
1,252.73,47.933,321
157.8,370.07,297.53,471.4
1,434.07,98.067,511.93
1,58.6,113,419.13
263.4,423.4,331.67,511.93
247.4,282.6,289,370.07
220.73,1,383.93,156.73
87.4,1,134.33,52.2
229.27,94.867,383.93,265.53
47.933,1,141.8,56.467
221.8,117.27,383.93,292.2
1,58.6,113,420.2
43.667,89.533,93.8,163.13
157.8,353,297.53,485.27
290.07,94.867,383.93,168.47
54.333,216.47,186.6,287.93
168.47,379.67,216.47,452.2
1,108.73,113,232.47
266.6,297.53,333.8,354.07
260.2,382.87,323.13,431.93
251.67,42.6,345.53,86.333
185.53,1,246.33,59.667
157.8,377.53,241,485.27
89.533,261.27,154.6,344.47
156.73,245.27,383.93,447.93
83.133,132.2,223.93,267.67
195.13,430.87,328.47,478.87
250.6,1,383.93,91.667
293.27,18.067,343.4,101.27
301.8,1,355.13,66.067
158.87,245.27,217.53,323.13
46.867,1,136.47,56.467
218.6,376.47,340.2,469.27
1,239.93,129,511.93
154.6,314.6,225,371.13
63.933,246.33,152.47,415.93
25.533,421.27,383.93,511.93
39.4,1,93.8,56.467
1,347.67,161,440.47
143.93,180.2,217.53,264.47
109.8,150.33,189.8,210.07
225,145,305,237.8
199.4,253.8,289,402.07
51.133,166.33,191.93,337
242.07,83.133,317.8,130.07
287.93,273,383.93,433
164.2,385,242.07,430.87
25.533,413.8,137.53,489.53
202.6,269.8,243.13,334.87
1,90.6,45.8,161
63.933,263.4,109.8,322.07
251.67,1,383.93,91.667
71.4,55.4,155.67,119.4
1,1,158.87,389.27
338.07,385,383.93,446.87
229.27,207.93,322.07,265.53
145,1,190.87,123.67
71.4,59.667,118.33,120.47
154.6,62.867,221.8,131.13
238.87,114.07,383.93,268.73
1,185.53,49,247.4
157.8,370.07,383.93,511.93
157.8,377.53,297.53,485.27
71.4,55.4,185.53,119.4
1,375.4,188.73,511.93
277.27,193,383.93,286.87
143.93,1,267.67,115.13
156.73,245.27,332.73,447.93
70.333,233.53,181.27,423.4
265.53,282.6,383.93,450.07
190.87,209,297.53,291.13
156.73,245.27,219.67,430.87
294.33,194.07,383.93,314.6
42.6,168.47,106.6,417
22.333,455.4,143.93,511.93
169.53,298.6,215.4,354.07
84.2,132.2,166.33,193
1,1,137.53,231.4
150.33,103.4,244.2,156.73
162.07,298.6,215.4,366.87
67.133,425.53,111.93,467.13
76.733,41.533,147.13,152.47
250.6,1,383.93,113
299.67,436.2,383.93,511.93
261.27,123.67,383.93,215.4
241,118.33,348.73,221.8
231.4,145,305,237.8
3.1333,381.8,178.07,511.93
1,138.6,113,232.47
221.8,229.27,341.27,293.27
1,119.4,49,167.4
239.93,87.4,348.73,233.53
1,89.533,113,179.13
141.8,56.467,188.73,132.2
47.933,1,383.93,119.4
246.33,357.27,324.2,430.87
63.933,260.2,121.53,364.73
1,323.13,52.2,418.07
280.47,1,383.93,110.87
14.867,418.07,178.07,511.93
157.8,375.4,331.67,511.93
99.133,57.533,147.13,152.47
238.87,205.8,326.33,268.73
287.93,358.33,340.2,433
109.8,170.6,154.6,220.73
1,247.4,62.867,387.13
157.8,371.13,331.67,511.93
187.67,109.8,252.73,150.33
243.13,271.93,383.93,450.07
234.6,446.87,294.33,499.13
26.6,470.33,143.93,511.93
165.27,377.53,215.4,426.6
241,139.67,281.53,181.27
83.133,143.93,258.07,264.47
156.73,245.27,218.6,323.13
58.6,219.67,155.67,349.8
174.87,465,299.67,511.93
318.87,109.8,383.93,168.47
3.1333,381.8,46.867,463.93
46.867,58.6,98.067,137.53
170.6,308.2,215.4,364.73
250.6,1,325.27,91.667
1,1,44.733,56.467
150.33,102.33,342.33,237.8
21.267,438.33,188.73,511.93
39.4,1,136.47,56.467
321,136.47,383.93,183.4
1,162.07,53.267,232.47
263.4,282.6,383.93,450.07
44.733,41.533,163.13,159.93
67.133,1,136.47,54.333
157.8,370.07,313.53,511.93
1,172.73,161,511.93
83.133,143.93,149.27,217.53
71.4,55.4,187.67,149.27
221.8,65,383.93,292.2
163.13,343.4,215.4,422.33
246.33,351.93,324.2,430.87
1,33,45.8,83.133
54.333,202.6,186.6,337
70.333,264.47,124.73,346.6
330.6,274.07,383.93,450.07
66.067,203.67,221.8,263.4
278.33,75.667,351.93,133.27
139.67,1,219.67,56.467
205.8,258.07,253.8,321
145,57.533,191.93,132.2
103.4,102.33,347.67,244.2
1,323.13,44.733,388.2
114.07,61.8,187.67,149.27
1,237.8,161,465
106.6,302.87,159.93,404.2
251.67,1,300.73,42.6
229.27,207.93,383.93,314.6
60.733,166.33,123.67,239.93
149.27,95.933,258.07,193
249.53,276.2,290.07,363.67
83.133,102.33,342.33,267.67
110.87,261.27,151.4,318.87
150.33,93.8,280.47,244.2
250.6,1,300.73,60.733
279.4,270.87,332.73,355.13
150.33,418.07,231.4,511.93
1,237.8,42.6,324.2
220.73,1,383.93,139.67
185.53,40.467,242.07,82.067
47.933,41.533,163.13,93.8
149.27,469.27,226.07,511.93
1,282.6,56.467,353
1,146.07,143.93,260.2
63.933,246.33,152.47,399.93
167.4,246.33,217.53,323.13
21.267,58.6,71.4,158.87
76.733,209,143.93,260.2
248.47,282.6,358.33,372.2
1,323.13,71.4,421.27
139.67,1,186.6,58.6
1,1,46.867,156.73
163.13,346.6,219.67,422.33
94.867,235.67,154.6,287.93
198.33,9.5333,246.33,79.933
150.33,233.53,383.93,433
157.8,354.07,383.93,511.93
300.73,357.27,383.93,511.93
1,169.53,71.4,421.27
17,375.4,67.133,419.13
49,83.133,147.13,159.93
238.87,87.4,348.73,354.07
120.47,152.47,258.07,277.27
147.13,152.47,215.4,203.67
14.867,456.47,63.933,511.93
1,146.07,116.2,259.13
42.6,168.47,103.4,341.27
250.6,1,383.93,101.27
246.33,270.87,332.73,406.33
83.133,233.53,250.6,367.93
1,252.73,57.533,383.93
81,463.93,169.53,511.93
184.47,105.53,252.73,198.33
219.67,251.67,383.93,511.93
46.867,169.53,89.533,419.13
49,249.53,95.933,345.53
46.867,1,187.67,149.27
267.67,429.8,383.93,511.93
249.53,1,300.73,90.6
170.6,438.33,217.53,494.87
172.73,452.2,322.07,511.93
21.267,318.87,76.733,419.13
58.6,191.93,143.93,260.2
46.867,1,141.8,56.467
140.73,105.53,348.73,242.07
83.133,250.6,148.2,312.47
246.33,1,300.73,93.8
91.667,60.733,138.6,141.8
1,169.53,50.067,238.87
63.933,246.33,154.6,463.93
22.333,453.27,63.933,506.6
107.67,375.4,156.73,421.27
119.4,152.47,189.8,210.07
290.07,264.47,354.07,314.6
1,89.533,42.6,158.87
158.87,202.6,297.53,323.13
124.73,105.53,348.73,242.07
103.4,137.53,277.27,244.2
45.8,54.333,129,141.8
143.93,1,247.4,115.13
1,413.8,137.53,489.53
140.73,105.53,335.93,242.07
199.4,253.8,289,429.8
1,257,57.533,383.93
61.8,470.33,141.8,511.93
46.867,1,93.8,46.867
238.87,87.4,383.93,268.73
220.73,1,343.4,101.27
324.2,190.87,383.93,244.2
175.93,121.53,260.2,200.47
313.53,321,383.93,446.87
110.87,261.27,151.4,315.67
150.33,103.4,348.73,233.53
58.6,219.67,155.67,327.4
242.07,87.4,342.33,165.27
177,1,217.53,81
46.867,1,147.13,146.07
150.33,454.33,322.07,511.93
311.4,99.133,383.93,168.47
69.267,1,139.67,52.2
43.667,59.667,93.8,163.13
324.2,190.87,383.93,247.4
3.1333,171.67,50.067,238.87
255.93,239.93,360.47,332.73
337,312.47,383.93,436.2
101.27,1,161,85.267
127.93,374.33,216.47,471.4
221.8,229.27,290.07,292.2
63.933,260.2,152.47,399.93
83.133,143.93,297.53,274.07
54.333,60.733,98.067,137.53
52.2,57.533,140.73,146.07
222.87,82.067,383.93,266.6
255.93,270.87,310.33,350.87
269.8,49,383.93,113
164.2,375.4,246.33,447.93
203.67,136.47,252.73,198.33
154.6,242.07,255.93,430.87
187.67,102.33,259.13,158.87
108.73,434.07,226.07,511.93
337,356.2,383.93,409.53
243.13,435.13,297.53,475.67
157.8,377.53,216.47,471.4
140.73,233.53,250.6,366.87
242.07,65,383.93,168.47
170.6,431.93,300.73,511.93
1,262.33,57.533,324.2
229.27,82.067,383.93,314.6
280.47,1,347.67,100.2
190.87,169.53,258.07,226.07
238.87,123.67,383.93,266.6
185.53,242.07,253.8,292.2
149.27,102.33,347.67,239.93
1,185.53,44.733,241
106.6,291.13,263.4,447.93
94.867,289,174.87,403.13
1,1,45.8,161
226.07,193,269.8,237.8
325.27,315.67,383.93,422.33
333.8,332.73,374.33,422.33
25.533,421.27,322.07,511.93
276.2,44.733,343.4,90.6
157.8,372.2,297.53,511.93
83.133,313.53,153.53,440.47
255.93,268.73,309.27,332.73
83.133,143.93,149.27,219.67
325.27,1,375.4,67.133
83.133,302.87,169.53,511.93
299.67,436.2,383.93,481
14.867,418.07,187.67,511.93
22.333,453.27,95.933,511.93
140.73,105.53,252.73,212.2
246.33,305,332.73,431.93
249.53,327.4,324.2,423.4
60.733,265.53,116.2,423.4
313.53,361.53,383.93,446.87
170.6,308.2,215.4,365.8
111.93,447.93,188.73,511.93
121.53,421.27,169.53,511.93
1,375.4,155.67,511.93
249.53,351.93,306.07,420.2
319.93,127.93,383.93,333.8
246.33,324.2,332.73,430.87
14.867,421.27,169.53,511.93
246.33,305,332.73,430.87
107.67,156.73,154.6,287.93
286.87,389.27,335.93,431.93
280.47,101.27,383.93,156.73
248.47,282.6,328.47,372.2
270.87,1,383.93,107.67
337,282.6,383.93,437.27
254.87,271.93,341.27,354.07
290.07,101.27,383.93,156.73
158.87,245.27,243.13,323.13
1,139.67,113,182.33
154.6,243.13,251.67,366.87
238.87,87.4,348.73,269.8
170.6,431.93,322.07,511.93
170.6,421.27,322.07,511.93
311.4,273,383.93,422.33
156.73,1,248.47,104.47
60.733,170.6,130.07,241
25.533,413.8,71.4,463.93
3.1333,381.8,79.933,422.33
184.47,136.47,252.73,198.33
246.33,371.13,297.53,433
234.6,431.93,294.33,499.13
187.67,109.8,259.13,158.87
1,219.67,221.8,465
140.73,119.4,226.07,212.2
101.27,1,175.93,138.6
1,119.4,68.2,169.53
1,375.4,67.133,511.93
49,209,154.6,345.53
97,57.533,147.13,152.47
35.133,419.13,108.73,466.07
1,343.4,44.733,388.2
89.533,1,134.33,52.2
301.8,1,346.6,42.6
220.73,1,383.93,110.87
146.07,57.533,190.87,130.07
98.067,1,139.67,52.2
317.8,193,383.93,313.53
296.47,220.73,383.93,279.4
1,323.13,61.8,389.27
69.267,372.2,153.53,437.27
71.4,59.667,118.33,119.4
158.87,308.2,215.4,365.8
1,289,53.267,383.93
1,162.07,53.267,270.87
46.867,1,146.07,146.07
220.73,1,324.2,91.667
38.333,1,132.2,72.467
78.867,374.33,161,440.47
111.93,444.73,188.73,511.93
180.2,291.13,255.93,420.2
296.47,190.87,383.93,284.73
343.4,347.67,383.93,422.33
333.8,275.13,383.93,446.87
1,135.4,113,179.13
1,225,57.533,271.93
1,239.93,47.933,321
234.6,454.33,322.07,511.93
260.2,268.73,309.27,309.27
209,253.8,289,402.07
1,185.53,76.733,419.13
185.53,1,248.47,66.067
1,267.67,70.333,387.13
1,169.53,59.667,383.93
325.27,315.67,383.93,413.8
195.13,430.87,383.93,511.93
156.73,268.73,215.4,366.87
197.27,105.53,251.67,158.87
338.07,276.2,383.93,357.27
300.73,42.6,345.53,84.2
83.133,233.53,250.6,422.33
38.333,1,324.2,132.2
308.2,274.07,383.93,446.87
220.73,63.933,343.4,130.07
225,1,324.2,91.667
154.6,61.8,213.27,113
17,356.2,77.8,423.4
25.533,446.87,141.8,509.8
205.8,258.07,253.8,323.13
36.2,163.13,101.27,389.27
243.13,268.73,289,367.93
108.73,434.07,149.27,511.93
1,239.93,67.133,511.93
1,4.2,45.8,61.8
254.87,271.93,331.67,346.6
250.6,1,297.53,60.733
1,56.467,44.733,156.73
308.2,462.87,383.93,511.93
1,467.13,61.8,511.93
276.2,22.333,344.47,90.6
1,202.6,188.73,511.93
156.73,236.73,251.67,350.87
58.6,93.8,280.47,263.4
167.4,353,217.53,426.6
84.2,1,139.67,52.2
1,94.867,44.733,156.73
157.8,314.6,219.67,430.87
122.6,152.47,189.8,210.07
25.533,446.87,146.07,511.93
246.33,295.4,289,371.13
169.53,367.93,218.6,418.07
251.67,1,346.6,58.6
116.2,302.87,159.93,404.2
1,257,56.467,353
251.67,42.6,383.93,133.27
75.667,60.733,146.07,146.07
183.4,428.73,291.13,511.93
255.93,264.47,309.27,332.73
337,271.93,383.93,324.2
269.8,454.33,322.07,511.93
239.93,371.13,297.53,461.8
20.2,347.67,90.6,423.4
195.13,429.8,383.93,511.93
259.13,293.27,310.33,341.27
40.467,35.133,148.2,149.27
247.4,293.27,289,350.87
159.93,293.27,274.07,422.33
13.8,343.4,71.4,421.27
74.6,60.733,148.2,149.27
213.27,146.07,260.2,186.6
111.93,443.67,188.73,511.93
83.133,370.07,154.6,455.4
246.33,295.4,289,406.33
184.47,105.53,258.07,207.93
109.8,145,189.8,210.07
139.67,1,242.07,58.6
1,1,45.8,124.73
94.867,289,158.87,403.13
156.73,236.73,255.93,374.33
114.07,418.07,187.67,511.93
230.33,94.867,383.93,239.93
25.533,421.27,138.6,511.93
31.933,408.47,76.733,465
170.6,378.6,270.87,489.53
47.933,1,155.67,119.4
146.07,1,383.93,115.13
141.8,1,257,132.2
1,453.27,98.067,511.93
1,438.33,143.93,511.93
14.867,421.27,138.6,511.93
53.267,60.733,105.53,137.53
157.8,372.2,204.73,485.27
1,242.07,61.8,389.27
83.133,132.2,163.13,219.67
238.87,101.27,383.93,313.53
239.93,82.067,348.73,161
239.93,103.4,383.93,215.4
65,421.27,109.8,466.07
17,1,70.333,56.467
156.73,1,246.33,104.47
83.133,313.53,154.6,467.13
163.13,370.07,204.73,427.67
83.133,250.6,152.47,317.8
243.13,274.07,383.93,450.07
22.333,421.27,138.6,511.93
141.8,1,257,119.4
1,171.67,68.2,372.2
254.87,271.93,378.6,354.07
251.67,1,301.8,42.6
185.53,1,257,119.4
1,356.2,77.8,439.4
303.93,154.6,359.4,206.87
221.8,229.27,335.93,292.2
58.6,143.93,184.47,260.2
317.8,243.13,383.93,286.87
296.47,222.87,383.93,286.87
51.133,166.33,101.27,258.07
243.13,271.93,383.93,354.07
163.13,370.07,218.6,456.47
94.867,198.33,143.93,242.07
175.93,121.53,265.53,200.47
54.333,216.47,186.6,306.07
275.13,1,383.93,110.87
184.47,202.6,297.53,291.13
1,417,54.333,462.87
40.467,35.133,94.867,137.53
333.8,290.07,383.93,446.87
98.067,1,139.67,45.8
154.6,242.07,332.73,431.93
1,169.53,63.933,383.93
120.47,198.33,207.93,258.07
3.1333,372.2,153.53,437.27
1,262.33,70.333,389.27
14.867,424.47,169.53,511.93
23.4,291.13,70.333,356.2
24.467,419.13,108.73,466.07
162.07,1,247.4,82.067
1,119.4,49,233.53
140.73,233.53,181.27,344.47
121.53,418.07,165.27,489.53
1,73.533,44.733,156.73
202.6,1,246.33,54.333
44.733,58.6,111.93,156.73
220.73,63.933,383.93,139.67
338.07,312.47,383.93,357.27
27.667,375.4,155.67,511.93
115.13,306.07,157.8,350.87
162.07,243.13,251.67,366.87
298.6,413.8,383.93,478.87
220.73,5.2667,343.4,101.27
22.333,453.27,111.93,511.93
103.4,143.93,184.47,210.07
1,262.33,70.333,387.13
226.07,154.6,335.93,237.8
230.33,171.67,359.4,239.93
36.2,58.6,111.93,181.27
50.067,35.133,100.2,137.53
337,356.2,383.93,437.27
50.067,35.133,105.53,137.53
31.933,242.07,129,425.53
185.53,428.73,282.6,474.6
108.73,434.07,169.53,511.93
221.8,117.27,347.67,239.93
184.47,125.8,252.73,198.33
289,94.867,383.93,168.47
1,356.2,77.8,434.07
220.73,33,295.4,91.667
38.333,1,163.13,78.867
163.13,369,218.6,422.33
1,162.07,42.6,233.53
186.6,60.733,260.2,186.6
158.87,269.8,245.27,376.47
52.2,57.533,146.07,146.07
42.6,168.47,103.4,419.13
243.13,268.73,383.93,446.87
257,357.27,301.8,420.2
337,312.47,383.93,450.07
157.8,354.07,296.47,511.93
101.27,1,142.87,57.533
254.87,271.93,383.93,354.07
218.6,271.93,339.13,374.33
247.4,85.267,307.13,130.07
259.13,293.27,337,354.07
299.67,65,355.13,113
83.133,233.53,250.6,366.87
107.67,49,158.87,152.47
46.867,1,93.8,56.467
146.07,60.733,190.87,123.67
342.33,321,383.93,422.33
154.6,308.2,218.6,407.4
76.733,264.47,122.6,327.4
154.6,243.13,274.07,422.33
239.93,94.867,383.93,215.4
107.67,156.73,184.47,344.47
294.33,22.333,344.47,100.2
156.73,26.6,217.53,104.47
251.67,1,325.27,91.667
164.2,291.13,263.4,447.93
154.6,1,217.53,131.13
291.13,310.33,337,354.07
270.87,1,346.6,86.333
230.33,118.33,348.73,239.93
169.53,374.33,215.4,418.07
219.67,327.4,328.47,469.27
338.07,275.13,383.93,357.27
337,356.2,383.93,404.2
21.267,58.6,63.933,158.87
1,225,67.133,417
220.73,430.87,297.53,478.87
252.73,1,303.93,56.467
338.07,372.2,383.93,437.27
21.267,306.07,161,465
1,330.6,61.8,383.93
248.47,282.6,289,370.07
275.13,1,344.47,90.6
54.333,216.47,186.6,282.6
157.8,354.07,241,471.4
55.4,242.07,107.67,364.73
55.4,242.07,107.67,344.47
162.07,1,219.67,45.8
180.2,347.67,243.13,420.2
156.73,245.27,218.6,343.4
143.93,198.33,217.53,264.47
83.133,370.07,154.6,463.93
157.8,374.33,216.47,471.4
156.73,236.73,251.67,366.87
163.13,370.07,241,456.47
1,171.67,71.4,421.27
83.133,132.2,166.33,217.53
183.4,428.73,282.6,474.6
222.87,82.067,342.33,134.33
83.133,302.87,157.8,438.33
14.867,418.07,169.53,511.93
1,185.53,57.533,376.47
225,289,266.6,402.07
87.4,1,139.67,46.867
252.73,1,298.6,41.533
238.87,206.87,346.6,266.6
243.13,271.93,339.13,354.07
219.67,375.4,262.33,447.93
87.4,1,133.27,46.867
44.733,58.6,147.13,159.93
243.13,271.93,339.13,346.6
60.733,191.93,130.07,241
47.933,1,134.33,52.2
75.667,60.733,146.07,149.27
139.67,1,219.67,58.6
71.4,345.53,127.93,399.93
289,171.67,359.4,220.73
185.53,28.733,257,119.4
77.8,348.73,150.33,405.27
338.07,375.4,383.93,450.07
337,274.07,383.93,324.2
156.73,30.867,217.53,104.47
157.8,377.53,270.87,489.53
88.467,143.93,184.47,220.73
90.6,143.93,149.27,198.33
36.2,58.6,111.93,259.13
166.33,255.93,214.33,338.07
225,289,265.53,377.53
214.33,1,383.93,115.13
1,322.07,50.067,376.47
279.4,101.27,383.93,148.2
135.4,198.33,181.27,238.87
1,261.27,68.2,372.2
244.2,171.67,312.47,216.47
339.13,274.07,383.93,333.8
246.33,351.93,324.2,431.93
157.8,377.53,331.67,489.53
67.133,261.27,151.4,345.53
22.333,462.87,99.133,509.8
40.467,35.133,87.4,83.133
150.33,93.8,246.33,166.33
1,453.27,63.933,511.93
238.87,101.27,383.93,266.6
1,171.67,57.533,324.2
1,323.13,55.4,387.13
35.133,347.67,90.6,422.33
147.13,119.4,226.07,212.2
222.87,82.067,348.73,221.8
63.933,263.4,127.93,399.93
194.07,292.2,243.13,345.53
1,247.4,161,437.27
47.933,41.533,163.13,141.8
14.867,421.27,76.733,511.93
24.467,419.13,131.13,504.47
149.27,102.33,258.07,193
1,1,45.8,97
21.267,318.87,90.6,465
154.6,62.867,195.13,131.13
89.533,261.27,154.6,318.87
277.27,239.93,383.93,286.87
342.33,1,383.93,110.87
189.8,243.13,251.67,350.87
275.13,1,355.13,90.6
1,54.333,129,156.73
306.07,62.867,376.47,108.73
280.47,1,344.47,100.2
290.07,270.87,332.73,353
249.53,327.4,309.27,423.4
25.533,446.87,322.07,511.93
153.53,168.47,258.07,228.2
1,1,147.13,182.33
52.2,66.067,98.067,135.4
1,282.6,56.467,340.2
83.133,132.2,166.33,239.93
157.8,422.33,301.8,511.93
1,185.53,44.733,318.87
247.4,87.4,323.13,134.33
1,219.67,161,437.27
90.6,146.07,133.27,193
73.533,306.07,161,440.47
239.93,82.067,383.93,247.4
43.667,58.6,98.067,163.13
109.8,204.73,186.6,268.73
67.133,261.27,111.93,326.33
43.667,58.6,111.93,163.13
102.33,197.27,186.6,376.47
1,179.13,49,270.87
239.93,103.4,383.93,183.4
337,282.6,383.93,409.53
1,58.6,111.93,259.13
209,289,266.6,402.07
220.73,83.133,317.8,130.07
1,438.33,69.267,511.93
75.667,326.33,150.33,405.27
164.2,152.47,227.13,211.13
1,343.4,161,437.27
66.067,143.93,184.47,220.73
1,371.13,79.933,422.33
150.33,121.53,265.53,200.47
83.133,325.27,154.6,438.33
338.07,365.8,383.93,446.87
254.87,165.27,301.8,229.27
54.333,63.933,98.067,137.53
1,179.13,42.6,241
36.2,163.13,94.867,389.27
294.33,182.33,383.93,247.4
94.867,289,153.53,372.2
77.8,250.6,170.6,423.4
244.2,154.6,312.47,216.47
162.07,1,247.4,45.8
37.267,292.2,77.8,423.4
293.27,1,344.47,81
252.73,1,324.2,70.333
3.1333,184.47,50.067,238.87
209,169.53,258.07,226.07
47.933,263.4,89.533,419.13
185.53,1,246.33,62.867
225,33,279.4,91.667
342.33,268.73,383.93,311.4
31.933,347.67,90.6,465
156.73,243.13,220.73,344.47
157.8,408.47,219.67,485.27
94.867,245.27,219.67,430.87
69.267,425.53,131.13,504.47
249.53,327.4,309.27,420.2
163.13,369,215.4,422.33
166.33,242.07,253.8,338.07
77.8,326.33,150.33,405.27
47.933,54.333,133.27,119.4
215.4,239.93,297.53,291.13
342.33,290.07,383.93,423.4
157.8,372.2,222.87,500.2
21.267,414.87,188.73,511.93
1,371.13,153.53,437.27
229.27,85.267,383.93,265.53
157.8,422.33,241,471.4
94.867,289,158.87,398.87
239.93,105.53,383.93,183.4
150.33,292.2,220.73,422.33
317.8,243.13,383.93,283.67
333.8,347.67,374.33,422.33
259.13,293.27,310.33,346.6
209,183.4,312.47,280.47
266.6,299.67,330.6,346.6
150.33,465,270.87,511.93
107.67,216.47,186.6,268.73
1,239.93,161,511.93
145,1,188.73,62.867
251.67,21.267,325.27,91.667
1,1,42.6,55.4
168.47,340.2,217.53,399.93
1,281.53,70.333,356.2
337,312.47,383.93,390.33
83.133,375.4,155.67,465
279.4,270.87,332.73,353
1,239.93,61.8,389.27
202.6,291.13,258.07,377.53
226.07,171.67,335.93,237.8
187.67,102.33,242.07,148.2
83.133,397.8,153.53,440.47
190.87,209,235.67,262.33
1,252.73,50.067,321
1,239.93,67.133,417
322.07,145,383.93,217.53
115.13,459.67,169.53,511.93
293.27,1,344.47,101.27
71.4,1,136.47,54.333
158.87,269.8,217.53,365.8
147.13,61.8,213.27,148.2
92.733,1,140.73,54.333
221.8,145,334.87,239.93
63.933,265.53,106.6,360.47
1,237.8,57.533,324.2
187.67,60.733,252.73,114.07
197.27,28.733,246.33,87.4
172.73,455.4,271.93,511.93
157.8,370.07,331.67,471.4
238.87,139.67,281.53,186.6
163.13,292.2,220.73,422.33
109.8,204.73,150.33,262.33
319.93,127.93,383.93,279.4
103.4,102.33,147.13,159.93
238.87,193,383.93,313.53
85.267,260.2,151.4,344.47
89.533,261.27,151.4,318.87
195.13,430.87,301.8,478.87
17,376.47,67.133,418.07
1,261.27,56.467,353
43.667,72.467,93.8,163.13
156.73,102.33,258.07,193
156.73,243.13,245.27,376.47
318.87,65,383.93,133.27
60.733,172.73,143.93,242.07
159.93,293.27,251.67,422.33
150.33,93.8,246.33,159.93
342.33,333.8,383.93,413.8
49,83.133,111.93,156.73
184.47,139.67,335.93,242.07
17,376.47,67.133,417
107.67,216.47,181.27,268.73
58.6,219.67,155.67,323.13
75.667,349.8,116.2,399.93
186.6,60.733,252.73,119.4
60.733,261.27,151.4,423.4
40.467,35.133,105.53,137.53
313.53,275.13,383.93,446.87
248.47,293.27,303.93,370.07
120.47,173.8,223.93,267.67
211.13,232.47,297.53,274.07
263.4,355.13,333.8,421.27
109.8,302.87,153.53,346.6
242.07,87.4,313.53,130.07
75.667,89.533,140.73,146.07
107.67,235.67,154.6,287.93
298.6,431.93,383.93,478.87
339.13,276.2,383.93,359.4
146.07,203.67,221.8,258.07
1,257,56.467,388.2
1,132.2,113,182.33
109.8,204.73,181.27,268.73
342.33,268.73,383.93,313.53
294.33,1,344.47,100.2
143.93,168.47,258.07,264.47
276.2,1,344.47,90.6
342.33,271.93,383.93,314.6
1,237.8,57.533,372.2
54.333,225,119.4,282.6
162.07,1,247.4,59.667
127.93,349.8,340.2,471.4
1,171.67,57.533,271.93
1,239.93,63.933,389.27
215.4,430.87,264.47,473.53
49,66.067,98.067,155.67
185.53,429.8,297.53,475.67
294.33,194.07,383.93,286.87
154.6,291.13,255.93,420.2
140.73,233.53,181.27,278.33
45.8,41.533,147.13,152.47
1,226.07,49,270.87
84.2,143.93,149.27,193
263.4,423.4,331.67,468.2
166.33,287.93,217.53,338.07
66.067,219.67,155.67,263.4
203.67,151.4,252.73,198.33
260.2,382.87,328.47,469.27
72.467,261.27,118.33,344.47
156.73,255.93,250.6,366.87
127.93,374.33,271.93,471.4
107.67,216.47,149.27,265.53
1,173.8,49,324.2
102.33,197.27,186.6,268.73
274.07,454.33,322.07,511.93
226.07,154.6,335.93,239.93
323.13,239.93,383.93,314.6
209,283.67,266.6,402.07
294.33,194.07,383.93,247.4
163.13,370.07,204.73,440.47
254.87,152.47,328.47,229.27
290.07,94.867,383.93,148.2
270.87,22.333,345.53,86.333
247.4,396.73,331.67,438.33
154.6,291.13,255.93,430.87
301.8,1,344.47,66.067
83.133,313.53,154.6,465
337,274.07,378.6,333.8
1,202.6,161,511.93
150.33,103.4,244.2,159.93
163.13,337,220.73,422.33
296.47,226.07,383.93,270.87
1,169.53,57.533,383.93
1,457.53,57.533,511.93
84.2,143.93,279.4,244.2
42.6,467.13,99.133,509.8
106.6,325.27,149.27,374.33
83.133,313.53,161,505.53
163.13,343.4,219.67,422.33
250.6,1,300.73,79.933
66.067,219.67,157.8,393.53
242.07,75.667,317.8,133.27
36.2,54.333,129,156.73
119.4,150.33,189.8,210.07
150.33,121.53,229.27,164.2
146.07,1,257,130.07
246.33,378.6,323.13,433
153.53,121.53,265.53,200.47
124.73,454.33,322.07,511.93
222.87,82.067,316.73,134.33
63.933,260.2,127.93,399.93
71.4,264.47,157.8,393.53
342.33,321,383.93,413.8
1,1,105.53,147.13
242.07,85.267,307.13,130.07
83.133,344.47,153.53,440.47
266.6,297.53,308.2,346.6
203.67,378.6,271.93,461.8
31.933,242.07,110.87,425.53
17,375.4,67.133,463.93
219.67,350.87,332.73,447.93
69.267,446.87,121.53,504.47
1,467.13,52.2,511.93
103.4,102.33,147.13,152.47
120.47,198.33,223.93,267.67
1,169.53,51.133,255.93
255.93,251.67,312.47,353
76.733,313.53,157.8,370.07
247.4,87.4,307.13,130.07
281.53,327.4,332.73,373.27
146.07,59.667,190.87,123.67
167.4,370.07,217.53,426.6
153.53,168.47,258.07,231.4
246.33,350.87,332.73,431.93
109.8,302.87,153.53,345.53
1,377.53,114.07,489.53
175.93,157.8,227.13,200.47
225,33,295.4,91.667
270.87,5.2667,343.4,101.27
303.93,41.533,383.93,110.87
242.07,17,297.53,115.13
107.67,421.27,154.6,465
246.33,378.6,340.2,439.4
277.27,239.93,360.47,281.53
158.87,269.8,217.53,373.27
27.667,470.33,141.8,511.93
157.8,408.47,241,485.27
1,1,63.933,161
156.73,245.27,219.67,372.2
1,54.333,129,231.4
157.8,321,217.53,430.87
106.6,307.13,149.27,374.33
157.8,321,217.53,426.6
167.4,386.07,217.53,426.6
219.67,375.4,328.47,469.27
271.93,281.53,383.93,431.93
120.47,180.2,223.93,267.67
202.6,175.93,250.6,225
323.13,239.93,383.93,283.67
186.6,60.733,259.13,158.87
22.333,447.93,149.27,511.93
257,357.27,324.2,431.93
156.73,135.4,280.47,191.93
143.93,180.2,205.8,264.47
1,323.13,62.867,387.13
162.07,291.13,332.73,447.93
251.67,1,300.73,58.6
111.93,462.87,186.6,511.93
317.8,193,383.93,283.67
83.133,375.4,155.67,440.47
303.93,41.533,383.93,108.73
90.6,143.93,149.27,186.6
296.47,226.07,383.93,286.87
180.2,347.67,243.13,407.4
83.133,375.4,155.67,468.2
31.933,348.73,110.87,425.53
214.33,229.27,281.53,294.33
1,434.07,61.8,511.93
239.93,82.067,359.4,220.73
259.13,114.07,383.93,217.53
266.6,299.67,333.8,354.07
1,252.73,61.8,389.27
46.867,58.6,98.067,155.67
242.07,120.47,318.87,167.4
185.53,41.533,257,119.4
300.73,1,354.07,62.867
157.8,422.33,301.8,478.87
263.4,419.13,303.93,469.27
72.467,260.2,121.53,344.47
72.467,202.6,149.27,269.8
254.87,271.93,331.67,333.8
230.33,145,334.87,239.93
195.13,430.87,297.53,478.87
83.133,395.67,154.6,438.33
226.07,139.67,335.93,237.8
340.2,276.2,383.93,359.4
36.2,163.13,94.867,261.27
76.733,10.6,141.8,56.467
247.4,350.87,332.73,431.93
103.4,143.93,279.4,244.2
296.47,226.07,383.93,314.6
270.87,42.6,345.53,86.333
164.2,157.8,227.13,211.13
85.267,261.27,151.4,344.47
239.93,82.067,335.93,161
1,281.53,70.333,387.13
90.6,143.93,149.27,193
105.53,143.93,149.27,193
248.47,281.53,383.93,431.93
214.33,229.27,265.53,294.33
306.07,41.533,383.93,108.73
77.8,306.07,149.27,365.8
83.133,250.6,148.2,323.13
180.2,351.93,242.07,399.93
1,322.07,62.867,387.13
1,257,44.733,324.2
246.33,378.6,340.2,469.27
46.867,58.6,98.067,135.4
1,139.67,113,181.27
252.73,1,324.2,56.467
58.6,426.6,114.07,471.4
1,257,61.8,389.27
334.87,347.67,383.93,446.87
261.27,101.27,383.93,215.4
226.07,171.67,312.47,237.8
183.4,314.6,225,371.13
47.933,54.333,136.47,139.67
187.67,109.8,252.73,158.87
220.73,430.87,264.47,473.53
63.933,263.4,107.67,364.73
83.133,250.6,152.47,323.13
1,1,87.4,147.13
113,313.53,153.53,355.13
167.4,255.93,218.6,323.13
66.067,425.53,114.07,487.4
317.8,239.93,383.93,283.67
172.73,455.4,242.07,511.93
147.13,152.47,188.73,203.67
296.47,220.73,383.93,281.53
340.2,396.73,383.93,446.87
263.4,355.13,333.8,412.73
66.067,219.67,155.67,274.07
88.467,157.8,154.6,220.73
266.6,299.67,324.2,346.6
168.47,340.2,242.07,399.93
321,194.07,383.93,244.2
173.8,179.13,279.4,244.2
170.6,438.33,270.87,489.53
161,1,252.73,119.4
83.133,313.53,154.6,505.53
51.133,424.47,111.93,471.4
185.53,429.8,282.6,474.6
263.4,424.47,303.93,469.27
257,353,324.2,431.93
156.73,255.93,250.6,329.53
103.4,143.93,184.47,220.73
60.733,325.27,107.67,423.4
290.07,94.867,383.93,138.6
340.2,290.07,383.93,446.87
296.47,190.87,383.93,281.53
157.8,321,217.53,399.93
173.8,179.13,223.93,244.2
71.4,264.47,157.8,370.07
150.33,103.4,258.07,191.93
76.733,307.13,157.8,370.07
225,145,342.33,237.8
218.6,349.8,340.2,469.27
242.07,120.47,359.4,220.73
170.6,308.2,215.4,366.87
221.8,199.4,279.4,239.93
164.2,164.2,215.4,211.13
129,198.33,189.8,238.87
259.13,114.07,342.33,165.27
54.333,225,106.6,282.6
54.333,419.13,108.73,466.07
69.267,446.87,141.8,491.67
20.2,413.8,95.933,489.53
46.867,1,136.47,42.6
249.53,357.27,301.8,420.2
157.8,373.27,241,471.4
257,350.87,332.73,431.93
94.867,289,149.27,372.2
321,182.33,383.93,244.2
1,17,45.8,97
202.6,169.53,263.4,225
1,247.4,56.467,387.13
1,280.47,57.533,383.93
342.33,274.07,383.93,317.8
303.93,154.6,359.4,196.2
238.87,205.8,326.33,269.8
67.133,261.27,151.4,326.33
337,312.47,383.93,431.93
319.93,190.87,383.93,279.4
17,343.4,71.4,421.27
1,322.07,55.4,387.13
278.33,454.33,322.07,511.93
251.67,42.6,351.93,106.6
225,141.8,342.33,237.8
289,94.867,383.93,138.6
101.27,372.2,153.53,436.2
156.73,245.27,218.6,338.07
177,179.13,223.93,244.2
94.867,289,153.53,398.87
129,198.33,237.8,277.27
244.2,145,305,202.6
121.53,462.87,186.6,511.93
323.13,226.07,383.93,276.2
239.93,85.267,335.93,161
1,262.33,56.467,387.13
230.33,145,305,239.93
289,154.6,359.4,220.73
251.67,42.6,311.4,86.333
337,312.47,383.93,396.73
87.4,57.533,129,141.8
246.33,378.6,331.67,438.33
120.47,184.47,223.93,267.67
231.4,145,305,232.47
249.53,17,297.53,90.6
249.53,436.2,301.8,478.87
86.333,10.6,141.8,56.467
53.267,60.733,94.867,137.53
181.27,257,250.6,329.53
162.07,291.13,255.93,399.93
1,173.8,43.667,241
55.4,242.07,106.6,282.6
51.133,424.47,95.933,489.53
1,330.6,53.267,383.93
178.07,225,237.8,277.27
260.2,382.87,312.47,431.93
244.2,145,305,206.87
51.133,424.47,111.93,467.13
135.4,198.33,189.8,238.87
178.07,234.6,237.8,277.27
275.13,357.27,333.8,412.73
306.07,62.867,351.93,108.73
1,33,45.8,97
60.733,191.93,103.4,239.93
239.93,105.53,335.93,161
67.133,261.27,107.67,344.47
156.73,135.4,258.07,191.93
135.4,198.33,195.13,252.73
87.4,10.6,141.8,56.467
1,90.6,44.733,158.87
289,94.867,383.93,183.4
94.867,313.53,149.27,372.2
323.13,226.07,383.93,283.67
249.53,351.93,301.8,420.2
260.2,382.87,324.2,431.93
52.2,83.133,98.067,135.4
146.07,60.733,190.87,117.27
255.93,270.87,310.33,353
289,94.867,383.93,247.4
83.133,372.2,153.53,440.47
215.4,430.87,301.8,478.87
323.13,226.07,383.93,286.87
247.4,85.267,323.13,134.33
300.73,433,383.93,475.67
