149,70.6,194.6,130.6
1,1,512.2,384.2
215.4,102.6,456.2,337.8
1,1,512.2,229.8
259.4,1,512.2,341
252.2,296.2,419.4,384.2
395.4,107.4,512.2,384.2
277.8,37.8,480.2,209.8
1,115.4,183.4,269.8
1,98.6,316.2,177
1,1,463.4,384.2
1,102.6,512.2,384.2
180.2,241,279.4,283.4
297,277.8,437,384.2
328.2,124.2,512.2,324.2
1,97,512.2,384.2
387.4,1,512.2,182.6
72.2,327.4,201,384.2
1,177,214.6,384.2
277.8,37.8,480.2,202.6
113,258.6,212.2,316.2
1,194.6,512.2,384.2
1,1,363.4,229.8
129,102.6,512.2,384.2
372.2,142.6,479.4,248.2
133.8,177,415.4,337.8
1,97.8,291.4,221
124.2,317,304.2,384.2
271.4,277,322.6,317
1,1,463.4,229
38.6,297,363.4,384.2
1,97.8,291.4,328.2
277.8,37.8,473,202.6
396.2,317.8,512.2,384.2
1,201,512.2,384.2
1,65,303.4,176.2
269,1,383.4,65.8
309.8,124.2,512.2,341
1,1,512.2,341
360.2,1,512.2,384.2
1,115.4,198.6,384.2
1,248.2,319.4,384.2
87.4,1,412.2,115.4
76.2,294.6,428.2,384.2
1,1,479.4,248.2
1,1,512.2,224.2
1,1,94.6,132.2
83.4,10.6,189.8,67.4
113,265.8,169,306.6
1,1,512.2,256.2
395.4,216.2,512.2,384.2
353.8,1,512.2,384.2
399.4,265.8,481,338.6
178.6,194.6,512.2,384.2
83.4,1,353,115.4
1,30.6,369,229
1,90.6,274.6,229
162.6,118.6,279.4,168.2
133.8,1,353,115.4
1,177,437,384.2
385.8,1,437,99.4
87.4,1,463.4,164.2
334.6,1,512.2,152.2
221,1,429,238.6
129,102.6,456.2,337.8
1,173,512.2,384.2
1,1,69,122.6
269,1,418.6,123.4
1,1,512.2,287.4
1,177,67.4,226.6
141.8,212.2,369,328.2
67.4,271.4,136.2,313.8
398.6,157,477.8,241.8
273.8,326.6,399.4,384.2
1,206.6,140.2,248.2
1,213,129,287.4
269,1,437,126.6
298.6,305.8,369,354.6
19.4,289,117,380.2
261.8,1,416.2,105
87.4,185,171.4,269.8
335.4,1,512.2,334.6
77.8,1,176.2,65
219.4,1,512.2,384.2
1,125,55.4,224.2
1,98.6,316.2,229.8
299.4,265.8,341.8,307.4
242.6,105,512.2,256.2
386.6,1,512.2,182.6
322.6,1,512.2,152.2
237,81.8,449.8,245
153.8,121,468.2,287.4
1,70.6,363.4,225.8
17,265,192.2,328.2
161,177,274.6,231.4
39.4,77,134.6,132.2
212.2,1,273,43.4
398.6,143.4,512.2,245
344.2,335.4,391.4,384.2
38.6,277.8,437,384.2
1,1,429,384.2
77.8,8.2,190.6,65.8
308.2,25,418.6,123.4
1,1,429,238.6
390.6,231.4,433.8,282.6
328.2,124.2,512.2,272.2
91.4,1,461.8,152.2
437,285,492.2,364.2
212.2,1,295.4,61
1,115.4,417.8,384.2
442.6,178.6,512.2,233
133.8,177,417.8,384.2
53,84.2,139.4,133
259.4,1,512.2,219.4
261,209.8,415.4,337.8
1,98.6,316.2,229
261.8,1,463.4,149
77.8,8.2,190.6,66.6
1,209.8,355.4,384.2
269,1,383.4,104.2
382.6,1,437,99.4
149,64.2,368.2,180.2
141.8,196.2,369,328.2
133.8,247.4,217,298.6
1,1,479.4,255.4
174.6,189.8,512.2,384.2
77.8,1,512.2,152.2
1,62.6,279.4,229
219.4,81.8,449.8,384.2
1,1,247.4,132.2
1,209,179.4,328.2
219.4,221.8,446.6,384.2
229,1,288.2,49.8
395.4,256.2,512.2,384.2
1,210.6,355.4,384.2
1,177,48.2,222.6
1,272.2,428.2,384.2
162.6,118.6,253.8,163.4
392.2,61,456.2,209.8
1,164.2,329,384.2
440.2,107.4,512.2,197
77.8,1,157,65
143.4,109,245.8,161.8
1,271.4,419.4,384.2
129,1,418.6,124.2
289,331.4,392.2,384.2
45,186.6,145.8,226.6
352.2,156.2,420.2,259.4
386.6,1,512.2,113.8
261.8,1,416.2,78.6
1,173,273.8,310.6
273,221,512.2,384.2
129,1,512.2,152.2
252.2,324.2,363.4,384.2
261.8,1,429,143.4
360.2,218.6,512.2,384.2
1,177,176.2,287.4
1,173.8,85.8,224.2
1,283.4,183.4,384.2
372.2,172.2,452.2,248.2
1,245.8,214.6,328.2
396.2,222.6,512.2,384.2
1,1,317.8,208.2
77.8,1,412.2,117
144.2,70.6,339.4,177.8
121,268.2,181.8,310.6
17,255.4,179.4,310.6
353.8,94.6,512.2,384.2
1,210.6,329,285
270.6,1,437.8,133
367.4,130.6,448.2,197
446.6,285,492.2,345.8
1,62.6,479.4,248.2
83.4,1,456.2,180.2
133.8,177,298.6,257.8
149,65,368.2,180.2
220.2,327.4,308.2,384.2
1,1,353,176.2
129,184.2,369,328.2
150.6,297,392.2,384.2
1,62.6,141,187.4
215.4,240.2,277,287.4
8.2,1,109.8,44.2
145,109.8,238.6,158.6
124.2,309.8,304.2,384.2
1,1,463.4,149
252.2,281.8,419.4,384.2
1,1,353,121.8
238.6,194.6,512.2,384.2
1,177.8,60.2,229
393.8,317.8,512.2,384.2
1,1,313,224.2
357,130.6,448.2,197
1,97,291.4,328.2
212.2,1,273,54.6
329,283.4,406.6,356.2
337.8,142.6,512.2,236.2
269,1,360.2,41.8
109.8,301.8,304.2,384.2
144.2,70.6,479.4,248.2
1,177.8,140.2,229.8
1,125.8,273.8,226.6
150.6,294.6,417.8,384.2
387.4,1,512.2,281
144.2,70.6,333.8,177.8
1,1,259.4,132.2
1,125.8,251.4,224.2
1,97,258.6,224.2
95.4,141.8,251.4,208.2
72.2,325,225,384.2
1,125.8,258.6,224.2
308.2,299.4,437,384.2
113,258.6,212.2,306.6
1,65,175.4,151.4
1,176.2,223.4,229.8
72.2,297.8,285.8,384.2
399.4,154.6,448.2,209.8
1,283.4,192.2,384.2
393.8,241.8,512.2,384.2
269,1,383.4,88.2
265,81.8,317.8,132.2
1,289,198.6,384.2
238.6,213.8,512.2,384.2
321,34.6,373.8,77.8
178.6,1,512.2,384.2
35.4,164.2,145.8,236.2
377.8,229.8,468.2,334.6
371.4,294.6,417.8,365
387.4,1,512.2,113
314.6,125,512.2,341
335.4,1,452.2,129
53,65,175.4,141.8
1,283.4,193,384.2
273,255.4,447.4,384.2
1,196.2,512.2,384.2
329,189.8,478.6,361
91.4,1,437,126.6
150.6,310.6,238.6,384.2
1,210.6,329,384.2
442.6,178.6,512.2,277
72.2,241,268.2,325
262.6,324.2,349.8,384.2
387.4,1,512.2,116.2
309.8,124.2,512.2,324.2
98.6,19.4,189.8,67.4
1,245.8,214.6,384.2
338.6,189.8,417.8,256.2
270.6,1,437.8,130.6
261.8,1,512.2,219.4
57,80.2,160.2,141.8
1,281.8,419.4,384.2
385.8,1,512.2,181.8
38.6,1,178.6,45.8
1,1,456.2,180.2
172.2,322.6,236.2,368.2
72.2,297,304.2,384.2
113.8,265.8,169,306.6
1,145,117,205.8
1,1,461.8,160.2
17,245.8,214.6,328.2
40.2,34.6,162.6,101.8
104.2,22.6,190.6,67.4
270.6,129,380.2,216.2
219.4,213.8,512.2,384.2
345,283.4,385.8,326.6
1,90.6,274.6,221
411.4,189.8,487.4,248.2
251.4,1,294.6,61
373.8,224.2,460.2,341
141.8,196.2,512.2,384.2
372.2,152.2,459.4,257
1,1,168.2,132.2
237,81.8,449.8,164.2
150.6,323.4,224.2,384.2
1,124.2,183.4,269.8
387.4,1,512.2,193
8.2,1,247.4,101
368.2,216.2,454.6,333
109.8,301.8,315.4,384.2
58.6,90.6,107.4,133.8
149,65,350.6,180.2
113.8,261,212.2,319.4
161.8,184.2,269,231.4
29,131.4,128.2,179.4
195.4,56.2,259.4,105
261.8,1,452.2,129
1,1,313,159.4
240.2,209.8,415.4,337.8
1,201,355.4,384.2
338.6,157.8,421.8,256.2
1,109,291.4,221
1,1,313,160.2
38.6,177,176.2,243.4
129,1,381.8,124.2
1,1,353,132.2
1,176.2,145.8,229
374.6,296.2,419.4,368.2
68.2,8.2,190.6,65.8
224.2,165.8,288.2,209.8
341.8,85,480.2,188.2
261,209.8,399.4,288.2
118.6,184.2,225,227.4
146.6,184.2,225,227.4
219.4,221,512.2,384.2
361,294.6,417.8,367.4
77,1,158.6,51.4
300.2,235.4,374.6,281
141.8,196.2,373.8,328.2
463.4,121.8,512.2,180.2
1,283.4,428.2,384.2
87.4,1,512.2,181.8
32.2,22.6,88.2,65
178.6,213.8,420.2,350.6
79.4,1,189.8,65.8
177,240.2,279.4,291.4
281.8,85,429.8,146.6
1,1,138.6,122.6
261.8,1,437.8,133
396.2,343.4,512.2,384.2
269,223.4,411.4,337.8
1,177,49,225.8
91.4,33,231.4,102.6
219.4,233,305.8,289.8
385,142.6,474.6,209.8
217,1,313,59.4
383.4,143.4,512.2,238.6
77,1,188.2,60.2
193,311.4,298.6,384.2
117.8,176.2,159.4,224.2
233.8,265.8,341.8,320.2
57,269,136.2,324.2
372.2,172.2,452.2,282.6
133.8,177,313.8,334.6
277.8,37,356.2,103.4
221,120.2,424.2,238.6
181,239.4,265.8,288.2
9,1,247.4,101
1,176.2,48.2,229
142.6,109.8,316.2,177
372.2,145.8,479.4,217
310.6,297,368.2,337
72.2,265.8,341.8,384.2
399.4,107.4,512.2,330.6
89,334.6,160.2,378.6
417,94.6,512.2,342.6
177,89.8,350.6,180.2
87.4,211.4,141.8,269.8
391.4,269,439.4,324.2
1,177.8,60.2,226.6
178.6,213.8,420.2,353.8
298.6,312.2,361.8,354.6
113,177,176.2,243.4
150.6,323.4,237.8,384.2
261,196.2,424.2,260.2
72.2,241,262.6,325
77,1,188.2,61
387.4,1,512.2,180.2
273,301,512.2,384.2
110.6,1,168.2,44.2
237,1,463.4,164.2
72.2,327.4,182.6,384.2
1,176.2,223.4,229
1,1,162.6,133.8
269.8,251.4,379.4,318.6
298.6,312.2,357.8,354.6
338.6,124.2,512.2,272.2
193,337,278.6,384.2
57,239.4,265.8,324.2
35.4,29.8,313,159.4
1,164.2,329,292.2
300.2,312.2,390.6,354.6
301,79.4,382.6,133
1,1,369,229.8
253,77.8,333.8,177.8
261,86.6,317.8,129
441,173,512.2,236.2
1,1,363.4,225.8
308.2,277.8,437,384.2
1,90.6,512.2,287.4
1,1,171.4,121.8
45,186.6,145.8,232.2
133.8,1,409.8,117
387.4,1,512.2,181.8
1,219.4,127.4,328.2
242.6,105,456.2,256.2
219.4,159.4,373.8,218.6
1,209,153,287.4
273.8,328.2,387.4,384.2
77.8,1,409.8,117
457,107.4,512.2,182.6
180.2,241,268.2,285.8
82.6,1,176.2,43.4
116.2,1.8,193.8,57
1,255.4,179.4,310.6
76.2,325,385.8,384.2
230.6,194.6,512.2,384.2
133.8,247.4,269.8,298.6
38.6,311.4,363.4,384.2
113,239.4,212.2,316.2
433,196.2,512.2,255.4
217,1,293.8,59.4
83.4,1,168.2,44.2
172.2,322.6,236.2,369.8
308.2,91.4,449.8,245
57,269,126.6,324.2
1,1,412.2,131.4
338.6,143.4,512.2,245
238.6,213.8,410.6,350.6
41,225.8,93.8,277
110.6,263.4,181.8,310.6
269,157.8,454.6,337.8
442.6,179.4,512.2,233
178.6,228.2,319.4,337
38.6,320.2,225,384.2
38.6,30.6,369,218.6
95.4,21,317.8,208.2
1,189.8,512.2,384.2
372.2,152.2,444.2,252.2
269,216.2,512.2,384.2
384.2,218.6,454.6,258.6
1,125,274.6,221
1,1,162.6,141.8
433,143.4,512.2,251.4
67.4,271.4,136.2,318.6
386.6,273,443.4,384.2
271.4,253.8,415.4,337.8
395.4,138.6,456.2,209.8
249,165,363.4,218.6
1,219.4,181.8,328.2
202.6,243.4,265.8,284.2
1,229,69,287.4
269,224.2,441,337.8
1,61,44.2,121.8
95.4,98.6,251.4,208.2
411.4,189.8,487.4,236.2
233.8,272.2,323.4,320.2
98.6,19.4,189.8,65.8
308.2,324.2,385.8,369.8
1,125.8,258.6,209
121.8,338.6,185.8,384.2
267.4,105,444.2,216.2
219.4,221.8,446.6,353.8
298.6,331.4,392.2,384.2
1,121,274.6,221
338.6,157.8,454.6,333
387.4,1,512.2,79.4
9,1,109.8,43.4
26.6,173,273.8,298.6
1,98.6,154.6,149
1,62.6,279.4,224.2
178.6,213.8,512.2,384.2
216.2,1,293.8,59.4
17,265,179.4,328.2
1,229,88.2,287.4
1,255.4,179.4,328.2
1,177,283.4,328.2
390.6,240.2,432.2,282.6
95.4,140.2,251.4,220.2
298.6,305.8,361.8,354.6
1,1,171.4,125.8
1,177.8,69.8,229.8
1,125.8,268.2,229
377.8,169.8,512.2,341
380.2,221.8,512.2,384.2
334.6,1,461.8,152.2
270.6,136.2,377,218.6
153.8,121,512.2,287.4
367.4,130.6,448.2,185
273,301,447.4,384.2
38.6,185,145.8,233.8
1,125.8,251.4,226.6
314.6,125,428.2,335.4
8.2,1,102.6,61
1,225.8,127.4,328.2
298.6,309,357.8,354.6
345.8,134.6,443.4,179.4
162.6,239.4,265.8,285
1,177.8,49,229
353.8,337,399.4,384.2
1,1,171.4,131.4
76.2,320.2,210.6,384.2
117.8,184.2,225,227.4
39.4,89.8,134.6,132.2
1,219.4,198.6,384.2
237,81.8,337,130.6
89,209.8,283.4,268.2
215.4,102.6,456.2,219.4
215.4,157.8,288.2,209.8
433.8,221,512.2,356.2
261.8,1,456.2,147.4
417,221,473,342.6
309.8,297,368.2,355.4
344.2,337,388.2,384.2
180.2,241,268.2,283.4
219.4,159.4,363.4,218.6
1,98.6,316.2,227.4
1,1,178.6,132.2
1,176.2,48.2,222.6
372.2,152.2,512.2,341
308.2,110.6,413.8,162.6
377.8,169.8,512.2,334.6
1,125.8,268.2,222.6
328.2,277.8,395.4,329.8
309,32.2,418.6,123.4
361,294.6,417.8,365
353.8,224.2,460.2,384.2
308.2,110.6,413.8,181.8
372.2,172.2,444.2,245.8
214.6,1,297.8,61
321,34.6,373,74.6
331.4,102.6,449.8,245
1,1,260.2,141.8
276.2,85,337,130.6
433,253.8,512.2,356.2
433,143.4,512.2,238.6
35.4,29.8,313,160.2
195.4,56.2,253.8,101
215.4,196.2,424.2,287.4
429.8,241.8,481,338.6
399.4,107.4,512.2,281
25,10.6,104.2,66.6
26.6,173,183.4,225
25,69,69,125.8
145,1,353,117
261.8,1,412.2,113
193,240.2,279.4,283.4
269,220.2,479.4,384.2
314.6,125,369,170.6
174.6,235.4,322.6,329.8
1,173.8,64.2,224.2
458.6,108.2,512.2,182.6
172.2,322.6,226.6,368.2
1,177.8,225,229
150.6,310.6,237.8,384.2
425,201,477.8,241.8
129,184.2,283.4,291.4
173.8,323.4,220.2,369
437,257.8,512.2,364.2
1,125.8,104.2,205.8
160.2,21,317,101.8
17,265,98.6,328.2
74.6,273.8,136.2,324.2
143.4,109,281.8,170.6
173.8,323.4,224.2,384.2
367.4,147.4,413.8,197.8
265,325,385.8,384.2
273,14.6,334.6,78.6
404.2,197.8,477.8,241.8
220.2,297,392.2,384.2
1,289,117,384.2
242.6,134.6,305.8,176.2
440.2,107.4,512.2,277
1,62.6,251.4,224.2
385,241,431.4,294.6
425,201,479.4,330.6
395.4,192.2,452.2,248.2
269.8,261.8,352.2,317
277.8,37.8,512.2,341
308.2,91.4,394.6,164.2
1,206.6,160.2,287.4
362.6,102.6,437,146.6
338.6,124.2,512.2,245
192.2,326.6,237.8,369
74.6,242.6,178.6,325
433,221.8,512.2,356.2
112.2,1,275.4,64.2
1,1,178.6,122.6
328.2,281.8,385.8,336.2
345,277,389.8,335.4
261.8,335.4,349.8,384.2
113,177,169,243.4
308.2,91.4,394.6,146.6
1,177.8,48.2,229
341.8,85,473,166.6
277.8,37.8,360.2,103.4
1,1,369,218.6
469,221,512.2,265
145.8,118.6,253.8,163.4
418.6,221,478.6,272.2
160.2,21,401.8,133
389.8,216.2,454.6,283.4
128.2,320.2,210.6,373
261.8,1,409.8,109
85,25,157,65
74.6,263.4,181.8,317
372.2,94.6,512.2,342.6
1,209.8,355.4,324.2
72.2,301.8,304.2,384.2
1,61,160.2,141.8
55.4,92.2,225,155.4
125.8,311.4,363.4,384.2
8.2,1,138.6,61
300.2,226.6,366.6,288.2
1,229,50.6,286.6
55.4,92.2,178.6,148.2
1,185,329,285
1,179.4,120.2,233.8
1,1,109.8,132.2
1,225.8,160.2,287.4
81,255.4,179.4,310.6
76.2,281.8,419.4,384.2
357,99.4,473,202.6
145.8,118.6,238.6,159.4
381,299.4,437,384.2
74.6,263.4,181.8,320.2
354.6,17,411.4,105
398.6,197.8,477.8,241.8
92.2,30.6,211.4,78.6
270.6,1,416.2,78.6
1,145,117,207.4
41,229.8,93.8,277
104.2,22.6,190.6,65.8
125.8,311.4,298.6,384.2
53,104.2,191.4,152.2
174.6,235.4,322.6,354.6
341.8,85,512.2,334.6
101.8,320.2,225,384.2
91.4,1,381.8,124.2
144.2,70.6,438.6,244.2
113.8,228.2,319.4,384.2
353.8,9,412.2,107.4
89,177,283.4,268.2
216.2,1,289.8,54.6
137.8,118.6,303.4,176.2
262.6,340.2,317,384.2
273.8,253.8,415.4,337.8
111.4,1,178.6,45.8
221,311.4,298.6,353.8
464.2,177,512.2,238.6
58.6,89.8,109.8,132.2
123.4,269.8,179.4,310.6
1,329.8,82.6,384.2
91.4,33,259.4,107.4
273,14.6,437.8,130.6
83.4,1,178.6,45.8
8.2,1,178.6,61
387.4,1,512.2,209.8
357,89,473,202.6
1,176.2,69.8,228.2
108.2,1,168.2,44.2
53,97,191.4,152.2
76.2,311.4,298.6,384.2
37,34.6,171.4,120.2
1,210.6,355.4,324.2
76.2,337.8,201,384.2
434.6,94.6,481,181
399.4,189.8,487.4,248.2
8.2,1,138.6,56.2
378.6,105.8,449.8,161.8
74.6,245.8,225.8,324.2
149,21,317.8,159.4
277.8,37,335.4,93
235.4,221.8,420.2,353.8
77,1,144.2,45
333.8,183.4,409,225
1,1,101,132.2
133.8,177,298.6,267.4
391.4,278.6,435.4,324.2
89,338.6,178.6,378.6
87.4,225.8,133.8,269.8
305.8,247.4,379.4,297
1,176.2,182.6,229
174.6,235.4,322.6,370.6
238.6,213.8,410.6,384.2
186.6,326.6,237.8,369
441,176.2,512.2,281
95.4,140.2,268.2,222.6
83.4,1,256.2,78.6
275.4,21.8,357,83.4
1,209.8,355.4,285
1,62.6,65,121.8
1,109,291.4,219.4
441.8,108.2,505.8,167.4
37.8,164.2,116.2,207.4
298.6,312.2,357.8,353
72.2,301.8,315.4,384.2
72.2,325,234.6,384.2
25,206.6,120.2,248.2
454.6,216.2,512.2,277
322.6,1,452.2,129
1,98.6,316.2,226.6
1,185,329,292.2
1,209.8,355.4,294.6
229,1,297.8,61
146.6,184.2,196.2,227.4
298.6,331.4,384.2,384.2
385.8,1,481,181
195.4,56.2,267.4,113
449,41.8,512.2,113
458.6,108.2,512.2,219.4
328.2,277.8,395.4,336.2
301,213.8,389,275.4
395.4,61,456.2,209.8
372.2,152.2,444.2,247.4
269,224.2,411.4,337.8
53,121.8,240.2,161.8
270.6,1,384.2,78.6
70.6,272.2,136.2,314.6
1,177.8,140.2,229
399.4,157,449,219.4
281.8,136.2,377,182.6
76.2,292.2,298.6,384.2
308.2,25,437,126.6
143.4,109,291.4,219.4
145.8,118.6,303.4,176.2
308.2,91.4,449.8,164.2
83.4,1,401.8,133
345.8,124.2,443.4,179.4
399.4,157,480.2,330.6
351.4,157.8,421.8,212.2
1,109.8,316.2,226.6
273.8,235.4,415.4,337.8
143.4,109,232.2,151.4
373.8,278.6,435.4,341
360.2,218.6,454.6,384.2
180.2,241,268.2,285
332.2,142.6,512.2,236.2
1,127.4,251.4,211.4
261.8,335.4,330.6,384.2
231.4,335.4,279.4,384.2
1,228.2,319.4,384.2
269.8,275.4,323.4,316.2
361,60.2,437.8,130.6
338.6,295.4,406.6,356.2
304.2,235.4,373.8,281
1,1,183.4,131.4
92.2,22.6,211.4,78.6
5.8,125.8,104.2,179.4
66.6,272.2,136.2,321
1,1,104.2,67.4
177,185,273,225.8
53,97,245.8,161.8
449,46.6,512.2,113
76.2,335.4,201,384.2
303.4,213.8,389,275.4
271.4,277,322.6,321
1,1,247.4,121.8
1,1,134.6,132.2
72.2,269,137,317.8
253,85.8,333.8,177.8
102.6,109,245.8,167.4
261.8,335.4,315.4,384.2
133.8,237,313.8,334.6
395.4,125.8,468.2,185
301,25.8,429,143.4
433.8,253.8,512.2,354.6
57,239.4,212.2,324.2
215.4,129,380.2,219.4
1,229,57,286.6
172.2,188.2,269,231.4
261.8,1,409.8,112.2
117.8,177,169,222.6
39.4,153.8,137.8,226.6
301,79.4,382.6,143.4
137.8,118.6,279.4,168.2
398.6,108.2,512.2,245
215.4,134.6,315.4,219.4
233.8,272.2,328.2,320.2
38.6,335.4,175.4,384.2
345,277,389.8,326.6
53,97.8,240.2,161.8
267.4,102.6,456.2,183.4
215.4,157.8,291.4,219.4
79.4,1,176.2,43.4
267.4,105,456.2,216.2
272.2,247.4,379.4,320.2
1,21,162.6,101.8
21.8,67.4,95.4,122.6
75.4,272.2,137,317.8
345,283.4,385.8,335.4
380.2,253.8,512.2,384.2
149,52.2,317.8,159.4
252.2,324.2,324.2,384.2
344.2,337,391.4,384.2
74.6,263.4,135.4,325
1,125,274.6,209.8
177,159.4,363.4,225.8
1,229,43.4,286.6
1,179.4,69.8,228.2
308.2,91.4,449.8,161.8
40.2,296.2,198.6,384.2
5.8,125.8,258.6,209
399.4,151.4,447.4,203.4
331.4,102.6,449.8,203.4
220.2,327.4,392.2,384.2
367.4,102.6,449.8,162.6
1,173,183.4,233.8
316.2,136.2,428.2,284.2
269.8,268.2,339.4,317
1,209.8,181.8,310.6
273,14.6,373.8,78.6
449,1,512.2,41.8
181.8,52.2,259.4,107.4
417,143.4,512.2,342.6
463.4,113.8,512.2,182.6
367.4,130.6,438.6,185
142.6,109.8,268.2,177
1,210.6,355.4,285
383.4,301,512.2,384.2
417,221,512.2,342.6
454.6,167.4,512.2,211.4
451.4,221.8,512.2,283.4
144.2,70.6,363.4,225.8
157.8,21,353,117
84.2,336.2,173.8,384.2
126.6,104.2,191.4,146.6
83.4,1,401.8,180.2
1,1,86.6,123.4
128.2,320.2,225,373
181.8,52.2,245.8,102.6
468.2,221.8,512.2,265
219.4,221.8,420.2,353.8
177,90.6,271.4,156.2
1,127.4,84.2,187.4
87.4,1,353,115.4
70.6,272.2,136.2,317
380.2,297.8,512.2,384.2
399.4,53.8,456.2,147.4
1,173,117,224.2
322.6,1,409.8,101.8
65,141.8,251.4,211.4
400.2,192.2,452.2,248.2
141.8,258.6,187.4,298.6
337.8,142.6,474.6,209.8
462.6,257.8,512.2,323.4
372.2,172.2,417,216.2
72.2,336.2,173.8,384.2
301,74.6,382.6,143.4
46.6,225.8,160.2,270.6
174.6,189.8,478.6,370.6
1,125.8,104.2,179.4
383.4,125.8,456.2,183.4
360.2,218.6,454.6,334.6
312.2,312.2,390.6,354.6
316.2,136.2,428.2,335.4
442.6,108.2,512.2,193
104.2,22.6,188.2,65
142.6,109.8,238.6,158.6
133.8,21,360.2,117
345,120.2,438.6,202.6
377.8,272.2,435.4,334.6
298.6,309,357.8,353
354.6,17,412.2,105
219.4,101,438.6,244.2
300.2,221,399.4,288.2
76.2,338.6,178.6,384.2
77,1,168.2,44.2
74.6,274.6,143.4,317
1,61,98.6,135.4
273.8,328.2,399.4,384.2
337.8,5,409.8,101.8
223.4,235.4,415.4,337.8
25,69,65,121.8
83.4,1,260.2,78.6
429.8,241.8,512.2,364.2
129,184.2,283.4,257.8
89.8,98.6,154.6,142.6
405.8,40.2,512.2,113
427.4,229.8,468.2,304.2
267.4,105,413.8,181.8
299.4,213.8,389,281.8
425,201,480.2,330.6
273.8,309,387.4,384.2
1,173,183.4,269.8
399.4,61,456.2,183.4
1,229,93,287.4
55.4,92.2,237.8,159.4
281.8,85,473,202.6
1,1,162.6,122.6
114.6,4.2,193.8,57
252.2,324.2,385.8,384.2
399.4,157,449,211.4
72.2,339.4,169,384.2
153.8,121,468.2,213
235.4,221.8,446.6,353.8
1,125.8,117,224.2
76.2,335.4,178.6,384.2
96.2,141.8,251.4,224.2
153.8,122.6,374.6,213
1,109.8,316.2,177
319.4,74.6,370.6,117.8
308.2,25,418.6,124.2
433.8,221,512.2,354.6
5.8,125.8,96.2,179.4
338.6,149,417,245
396.2,341.8,512.2,384.2
372.2,152.2,459.4,256.2
384.2,218.6,454.6,294.6
390.6,201,473,285.8
429,229,479.4,330.6
433,200.2,512.2,242.6
441.8,107.4,505.8,193
76.2,294.6,417.8,384.2
38.6,1,109.8,43.4
141,109,217,154.6
381,324.2,428.2,384.2
269,1,383.4,69.8
1,176.2,69.8,229
1,125.8,251.4,220.2
1,229,129,287.4
230.6,327.4,308.2,377.8
135.4,327.4,201,372.2
325.8,129,388.2,181.8
207.4,239.4,265.8,284.2
1,261,212.2,384.2
1,125.8,137.8,207.4
1,177,329,292.2
9,1,247.4,103.4
304.2,325,385.8,384.2
72.2,297.8,304.2,384.2
399.4,61,456.2,147.4
177,325,225,367.4
427.4,229.8,468.2,285.8
408.2,125.8,456.2,172.2
1,177,67.4,229
465,221,512.2,265
360.2,255.4,440.2,334.6
380.2,221,512.2,384.2
1,124.2,55.4,224.2
425,201,477.8,248.2
242.6,105,456.2,216.2
39.4,181.8,137.8,226.6
145,109.8,316.2,177
440.2,143.4,481,197
356.2,189,411.4,244.2
1,1,162.6,101.8
75.4,334.6,185.8,384.2
89,209,153,269.8
75.4,269,137,317.8
2.6,178.6,69.8,218.6
277.8,331.4,392.2,384.2
223.4,189.8,478.6,361
219.4,239.4,305.8,289.8
225,317,304.2,358.6
261.8,1,409.8,113
362.6,102.6,456.2,183.4
117.8,176.2,178.6,224.2
89,89.8,134.6,130.6
294.6,26.6,334.6,77.8
1,206.6,120.2,248.2
77.8,1,239.4,65
456.2,216.2,512.2,261.8
437,285,512.2,364.2
21.8,67.4,73,122.6
75.4,334.6,160.2,384.2
1,177.8,48.2,224.2
377.8,177,512.2,334.6
273.8,221,512.2,384.2
77.8,20.2,157,65
177,250.6,224.2,291.4
273.8,239.4,446.6,384.2
269.8,275.4,323.4,317
153.8,121,468.2,216.2
108.2,1,259.4,107.4
117.8,177,169,229.8
10.6,84.2,279.4,168.2
389.8,220.2,479.4,330.6
177,86.6,333.8,177.8
77.8,263.4,181.8,310.6
299.4,213.8,389,275.4
66.6,272.2,136.2,317
341.8,125.8,468.2,185
120.2,261,212.2,319.4
117.8,176.2,182.6,224.2
405.8,40.2,471.4,109.8
39.4,25,104.2,66.6
269,220.2,479.4,337.8
368.2,255.4,441,333
221,136.2,377,218.6
177,165,363.4,225.8
74.6,241,262.6,325
321,25.8,379.4,77.8
372.2,172.2,429.8,217
230.6,327.4,296.2,377.8
368.2,46.6,409.8,101.8
370.6,92.2,429,141
308.2,324.2,385.8,384.2
338.6,295.4,388.2,356.2
277.8,37.8,360.2,92.2
273,14.6,379.4,78.6
396.2,253.8,512.2,384.2
273,15.4,353,104.2
209,241,279.4,283.4
90.6,297.8,182.6,341
55.4,92.2,217,154.6
372.2,142.6,479.4,218.6
445.8,221.8,512.2,281
316.2,121,468.2,185
1,21,162.6,122.6
106.6,24.2,186.6,64.2
329,12.2,377,52.2
301,74.6,429,143.4
396.2,221,512.2,384.2
174.6,86.6,333.8,177.8
1,210.6,355.4,293
1,294.6,82.6,384.2
270.6,110.6,413.8,216.2
377.8,201,473,334.6
95.4,109,251.4,208.2
181.8,52.2,241,102.6
238.6,213.8,420.2,350.6
377.8,272.2,439.4,334.6
1,1,171.4,120.2
312.2,301,447.4,384.2
367.4,102.6,449.8,203.4
383.4,149.8,447.4,203.4
1,5,80.2,81.8
424.2,63.4,468.2,109.8
67.4,269.8,179.4,318.6
87.4,31.4,247.4,101
261,118.6,333.8,177.8
1,1,109.8,81.8
387.4,1,512.2,219.4
372.2,172.2,441,217
441,107.4,512.2,281
258.6,118.6,333.8,177.8
391.4,220.2,433.8,268.2
78.6,80.2,160.2,141.8
174.6,237,313.8,334.6
177,237.8,242.6,291.4
383.4,131.4,444.2,183.4
1,177.8,48.2,222.6
129,217,283.4,257.8
446.6,257,512.2,361
1,124.2,128.2,224.2
69.8,245,127.4,301.8
96.2,141.8,258.6,209
389.8,220.2,433.8,283.4
1,225.8,93.8,286.6
374.6,239.4,468.2,331.4
398.6,157,477.8,245
329,11.4,382.6,52.2
1,39.4,80.2,81.8
377.8,229.8,477,334.6
1,329.8,58.6,384.2
174.6,235.4,313.8,329.8
361,239.4,446.6,329.8
391.4,278.6,435.4,334.6
141.8,261,212.2,319.4
224.2,165.8,291.4,219.4
65,164.2,116.2,207.4
357.8,221,399.4,269.8
300.2,235.4,373.8,281
8.2,1,101,61
389.8,220.2,454.6,283.4
124.2,297.8,304.2,384.2
184.2,325,385.8,384.2
53,65,101,133
96.2,141.8,251.4,211.4
341.8,131.4,413.8,171.4
369.8,131.4,444.2,183.4
83.4,1,259.4,107.4
109.8,313.8,304.2,384.2
372.2,172.2,444.2,247.4
277.8,40.2,325.8,83.4
335.4,1,463.4,149
184.2,335.4,279.4,384.2
177,85,350.6,180.2
9,264.2,89,328.2
1,209.8,145,287.4
8.2,1,109.8,61
267.4,105,421,216.2
261,209.8,372.2,258.6
227.4,317,304.2,358.6
45,153.8,97.8,205.8
1,145,64.2,192.2
316.2,136.2,420.2,259.4
113,245.8,225.8,306.6
469.8,175.4,512.2,219.4
9,245,127.4,328.2
1,125,55.4,182.6
398.6,143.4,477.8,245
29,139.4,96.2,179.4
1,177,145.8,229
273,255.4,512.2,384.2
89,209,187.4,298.6
242.6,134.6,315.4,176.2
433,196.2,512.2,242.6
379.4,99.4,473,166.6
361,60.2,411.4,105
1,145,97,205.8
141,109,237,154.6
334.6,1,456.2,147.4
380.2,189.8,478.6,285
177,81.8,317.8,159.4
429.8,265.8,481,338.6
92.2,1,259.4,107.4
1,283.4,184.2,384.2
374.6,255.4,440.2,331.4
39.4,164.2,116.2,207.4
361,189.8,417.8,256.2
143.4,109,255.4,168.2
367.4,105.8,449.8,162.6
367.4,172.2,421.8,212.2
9,1,157,66.6
441.8,108.2,505.8,193
446.6,285,512.2,361
1,289,117,380.2
117.8,177,183.4,229.8
186.6,71.4,267.4,113
122.6,185,171.4,265
40.2,296.2,198.6,341
270.6,110.6,421,216.2
441.8,107.4,512.2,193
149,52.2,241,130.6
433,169.8,512.2,255.4
149,65,194.6,130.6
463.4,110.6,512.2,180.2
262.6,324.2,325.8,384.2
89,209.8,283.4,261.8
357,125.8,448.2,197
329,283.4,406.6,361
310.6,37,357,83.4
389.8,220.2,449,283.4
203.4,62.6,259.4,105
149,64.2,194.6,130.6
441.8,1,512.2,41.8
321,34.6,379.4,77.8
280.2,324.2,385.8,384.2
86.6,97.8,175.4,141.8
382.6,1,426.6,79.4
1,5,60.2,64.2
1,289,193,380.2
354.6,17.8,411.4,105
215.4,189.8,424.2,287.4
10.6,112.2,279.4,168.2
382.6,145.8,479.4,209.8
330.6,74.6,370.6,117.8
383.4,301,447.4,384.2
308.2,101,429.8,146.6
269.8,268.2,339.4,308.2
361,189.8,417,256.2
21.8,67.4,98.6,135.4
357.8,255.4,439.4,335.4
353,1,416.2,71.4
445.8,187.4,512.2,281
1,127.4,99.4,187.4
301,101,438.6,202.6
83.4,1,256.2,57
89,229,133.8,269.8
1,178.6,69.8,229.8
269.8,251.4,379.4,308.2
114.6,4.2,259.4,107.4
7.4,180.2,48.2,222.6
314.6,125,369,180.2
32.2,14.6,109.8,65
19.4,289,108.2,380.2
37.8,164.2,96.2,205.8
277.8,37.8,337.8,92.2
273,312.2,390.6,384.2
337.8,5,381.8,64.2
275.4,21,360.2,103.4
337.8,5,378.6,61
193,342.6,278.6,384.2
298.6,341.8,366.6,384.2
1,1,57.8,67.4
333.8,183.4,424.2,238.6
83.4,1,193.8,57
454.6,216.2,512.2,291.4
333.8,120.2,424.2,238.6
341.8,121,468.2,185
1,269.8,184.2,384.2
301,101,438.6,244.2
1,283.4,193,380.2
238.6,248.2,410.6,350.6
141.8,258.6,217,298.6
174.6,114.6,237.8,155.4
9,264.2,69,307.4
220.2,335.4,279.4,384.2
403.4,273,443.4,332.2
95.4,81.8,141.8,129
308.2,85,429.8,146.6
385,154.6,448.2,209.8
445.8,142.6,505.8,193
269,165.8,374.6,213
465.8,237,512.2,281
1,39.4,95.4,88.2
294.6,26.6,334.6,78.6
396.2,257,512.2,384.2
308.2,101,392.2,164.2
40.2,283.4,80.2,328.2
220.2,81.8,317.8,132.2
144.2,70.6,271.4,160.2
1,1,81,81.8
424.2,63.4,471.4,109.8
261,209.8,399.4,260.2
87.4,209,187.4,298.6
304.2,235.4,366.6,281
157.8,21,360.2,117
78.6,80.2,141.8,129
462.6,107.4,512.2,180.2
374.6,241.8,466.6,331.4
37.8,164.2,145.8,225
273,14.6,373.8,77.8
265.8,277,322.6,321
177,89.8,313,159.4
334.6,1,416.2,71.4
124.2,324.2,281.8,384.2
89,217,283.4,261.8
281.8,136.2,348.2,180.2
237.8,1,282.6,51.4
321,25.8,373.8,77.8
113.8,228.2,319.4,337
333.8,120.2,413.8,197.8
1,62.6,141,178.6
367.4,255.4,439.4,329.8
207.4,297.8,285.8,341
144.2,70.6,206.6,130.6
275.4,21,357,83.4
328.2,281.8,385.8,329.8
53,92.2,139.4,133
9,1,157,65
1,127.4,89.8,187.4
221,137,315.4,193
35.4,164.2,145.8,229
44.2,229.8,93.8,277
1,21,57.8,64.2
133.8,45,247.4,101
427.4,201,473,285.8
245,165.8,374.6,213
433,178.6,512.2,255.4
261.8,1,403.4,109
433,201,473,242.6
395.4,153,448.2,209.8
392.2,125.8,468.2,185
277.8,37.8,325.8,83.4
303.4,96.2,350.6,143.4
309.8,325,385.8,384.2
329,11.4,377,52.2
445.8,107.4,512.2,193
370.6,142.6,474.6,209.8
379.4,99.4,473,202.6
465,145.8,505.8,193
1,127.4,99.4,205.8
255.4,136.2,348.2,180.2
207.4,297.8,285.8,360.2
372.2,142.6,479.4,217
1,62.6,99.4,178.6
1,57,74.6,125.8
380.2,205.8,478.6,285
1,1,96.2,53.8
1,180.2,48.2,224.2
178.6,247.4,319.4,337
368.2,142.6,474.6,209.8
381.8,190.6,424.2,238.6
319.4,25.8,401.8,108.2
345,120.2,438.6,169.8
360.2,283.4,406.6,334.6
40.2,297.8,131.4,339.4
111.4,268.2,181.8,310.6
1,39.4,103.4,88.2
298.6,268.2,339.4,308.2
345,131.4,413.8,171.4
217,1,282.6,59.4
390.6,222.6,433,281.8
294.6,25.8,373.8,77.8
427.4,222.6,468.2,285.8
171.4,177,274.6,222.6
301,101,392.2,164.2
377.8,272.2,440.2,334.6
1,149.8,48.2,224.2
377.8,142.6,474.6,209.8
304.2,240.2,366.6,281
321,29,379.4,77.8
90.6,296.2,198.6,341
40.2,297.8,182.6,341
133.8,45,259.4,105
1,57,69,125.8
319.4,49,401.8,108.2
1,122.6,99.4,178.6
275.4,21,360.2,89.8
207.4,317,304.2,360.2
1,21,57.8,65
53,87.4,101,133
449,52.2,512.2,113
370.6,92.2,429,138.6
270.6,174.6,374.6,218.6
184.2,327.4,308.2,384.2
261,209.8,424.2,260.2
41,178.6,273.8,298.6
377.8,265.8,443.4,334.6
352.2,156.2,405,202.6
310.6,27.4,357,83.4
277.8,167.4,363.4,218.6
1,1,65,121.8
86.6,97.8,165.8,141.8
13,5,96.2,53.8
395.4,125.8,456.2,185
75.4,272.2,131.4,317.8
162.6,118.6,238.6,159.4
1,57,65,121.8
382.6,151.4,451.4,192.2
199.4,122.6,269.8,169
300.2,226.6,349.8,272.2
217,1,282.6,51.4
5,5,96.2,53.8
41,209,187.4,298.6
116.2,1.8,163.4,41.8
407.4,69.8,452.2,129
1,289,182.6,380.2
469.8,177,512.2,219.4
153.8,122.6,269.8,169
177,89.8,350.6,159.4
174.6,114.6,261,160.2
144.2,70.6,271.4,156.2
253,85.8,317.8,128.2
407.4,62.6,456.2,147.4
21.8,67.4,87.4,122.6
335.4,1,418.6,71.4
133.8,45,245,97
261,86.6,333.8,177.8
93,339.4,169,384.2
308.2,101,392.2,146.6
346.6,221,399.4,269.8
368.2,56.2,409.8,101.8
429.8,265.8,481,328.2
133.8,178.6,273.8,257.8
352.2,156.2,411.4,244.2
424.2,46.6,512.2,113
201,178.6,268.2,222.6
113.8,265.8,182.6,319.4
207.4,317,304.2,358.6
424.2,65,468.2,109.8
446.6,257.8,512.2,361
133.8,247.4,187.4,298.6
329,295.4,406.6,356.2
116.2,4.2,193.8,57
21.8,67.4,73.8,122.6
29,139.4,251.4,208.2
39.4,25,103.4,66.6
174.6,237,313.8,329.8
338.6,295.4,389,356.2
301,49,401.8,133
380.2,221,478.6,285
29,139.4,274.6,209.8
427.4,221,478.6,272.2
1,39.4,95.4,85
395.4,137,439.4,185
