203.67,351.93,383.93,511.93
1,1,244.2,511.93
1,1,383.93,511.93
127.93,228.2,211.13,328.47
154.6,1,214.33,231.4
204.73,354.07,383.93,511.93
133.27,231.4,211.13,328.47
246.33,159.93,371.13,203.67
225,193,383.93,357.27
244.2,204.73,363.67,270.87
1,359.4,104.47,511.93
110.87,1,383.93,511.93
133.27,1,383.93,511.93
149.27,1,383.93,511.93
130.07,1,383.93,511.93
107.67,141.8,241,511.93
1,1,177,380.73
86.333,148.2,168.47,245.27
209,164.2,379.67,300.73
226.07,206.87,301.8,261.27
225,159.93,383.93,356.2
180.2,1,319.93,219.67
260.2,351.93,383.93,511.93
227.13,193,379.67,323.13
165.27,373.27,209,489.53
1,1,185.53,511.93
1,1,186.6,511.93
178.07,157.8,383.93,382.87
182.33,255.93,305,388.2
225,196.2,279.4,246.33
243.13,1,383.93,357.27
107.67,1,383.93,511.93
203.67,1,383.93,511.93
154.6,1,212.2,225
243.13,1,383.93,355.13
227.13,193,379.67,273
245.27,156.73,383.93,203.67
1,1,72.467,60.733
1,1,196.2,511.93
214.33,300.73,283.67,373.27
110.87,231.4,266.6,511.93
133.27,205.8,237.8,511.93
1,250.6,196.2,511.93
79.933,392.47,148.2,484.2
227.13,164.2,383.93,357.27
1,1,191.93,511.93
159.93,1,383.93,511.93
231.4,263.4,281.53,323.13
143.93,382.87,190.87,511.93
133.27,1,310.33,511.93
282.6,1,383.93,194.07
214.33,127.93,287.93,183.4
180.2,212.2,358.33,405.27
182.33,274.07,303.93,380.73
225,159.93,383.93,367.93
159.93,204.73,383.93,511.93
130.07,184.47,213.27,511.93
1,1,190.87,511.93
225,156.73,383.93,357.27
1,1,185.53,392.47
243.13,410.6,293.27,479.93
1,1,74.6,260.2
210.07,166.33,250.6,215.4
1,1,181.27,388.2
133.27,205.8,383.93,511.93
227.13,174.87,379.67,323.13
178.07,209,239.93,277.27
149.27,1,379.67,323.13
155.67,1,305,388.2
180.2,197.27,359.4,405.27
1,212.2,196.2,511.93
232.47,343.4,349.8,405.27
174.87,1,371.13,398.87
1,1,181.27,380.73
180.2,1,383.93,511.93
110.87,231.4,383.93,511.93
172.73,1,383.93,511.93
38.333,212.2,175.93,371.13
153.53,141.8,200.47,253.8
1,414.87,156.73,511.93
172.73,157.8,383.93,511.93
37.267,1,190.87,378.6
262.33,274.07,383.93,355.13
1,359.4,104.47,487.4
149.27,222.87,237.8,511.93
202.6,267.67,246.33,331.67
1,148.2,174.87,469.27
246.33,159.93,383.93,223.93
1,1,214.33,388.2
245.27,164.2,363.67,207.93
284.73,1,383.93,218.6
321,417,383.93,490.6
182.33,196.2,366.87,388.2
107.67,1,241,511.93
37.267,1,190.87,393.53
101.27,212.2,147.13,264.47
180.2,212.2,358.33,385
258.07,194.07,383.93,356.2
225,197.27,359.4,254.87
282.6,1,383.93,165.27
193,1,291.13,183.4
115.13,468.2,156.73,511.93
226.07,164.2,379.67,274.07
264.47,205.8,383.93,357.27
1,414.87,41.533,502.33
214.33,1,291.13,183.4
225,197.27,290.07,246.33
195.13,1,291.13,215.4
209,164.2,383.93,356.2
1,1,74.6,274.07
203.67,414.87,244.2,511.93
180.2,1,366.87,388.2
182.33,199.4,305,388.2
184.47,88.467,349.8,216.47
155.67,1,383.93,388.2
1,359.4,156.73,511.93
184.47,66.067,383.93,296.47
269.8,262.33,383.93,353
237.8,1,383.93,356.2
225,156.73,383.93,367.93
155.67,1,303.93,381.8
109.8,228.2,244.2,511.93
101.27,1,190.87,264.47
1,285.8,171.67,511.93
276.2,174.87,371.13,221.8
225,238.87,359.4,300.73
98.067,327.4,171.67,492.73
180.2,197.27,383.93,511.93
204.73,378.6,351.93,511.93
21.267,461.8,82.067,511.93
154.6,1,239.93,264.47
40.467,285.8,171.67,372.2
1,190.87,244.2,511.93
1,1,181.27,511.93
1,1,190.87,393.53
235.67,194.07,383.93,382.87
178.07,209,327.4,349.8
225,191.93,383.93,356.2
213.27,1,319.93,179.13
280.47,1,383.93,195.13
199.4,1,291.13,215.4
78.867,358.33,126.87,429.8
1,436.2,41.533,511.93
213.27,1,291.13,131.13
209,236.73,253.8,296.47
154.6,1,291.13,251.67
181.27,1,383.93,235.67
319.93,443.67,361.53,511.93
37.267,190.87,138.6,369
1,1,190.87,388.2
133.27,203.67,215.4,511.93
237.8,161,383.93,356.2
109.8,469.27,153.53,511.93
174.87,1,291.13,343.4
129,141.8,241,511.93
198.33,1,287.93,216.47
264.47,274.07,383.93,357.27
41.533,285.8,171.67,450.07
79.933,341.27,171.67,492.73
41.533,285.8,171.67,377.53
182.33,1,228.2,59.667
40.467,195.13,138.6,325.27
172.73,265.53,383.93,511.93
204.73,351.93,383.93,511.93
1,188.73,138.6,380.73
245.27,156.73,383.93,223.93
130.07,1,291.13,511.93
129,184.47,214.33,335.93
243.13,191.93,383.93,271.93
180.2,1,341.27,219.67
40.467,190.87,138.6,325.27
183.4,265.53,295.4,398.87
177,1,228.2,251.67
329.53,200.47,379.67,277.27
205.8,351.93,383.93,511.93
214.33,353,383.93,511.93
274.07,338.07,383.93,386.07
155.67,1,383.93,381.8
180.2,212.2,286.87,385
193,1,383.93,194.07
295.4,351.93,383.93,431.93
164.2,377.53,237.8,511.93
38.333,194.07,105.53,290.07
225,191.93,383.93,340.2
99.133,344.47,170.6,450.07
251.67,204.73,362.6,274.07
237.8,252.73,383.93,356.2
269.8,290.07,327.4,337
307.13,1,383.93,157.8
341.27,262.33,383.93,323.13
38.333,1,190.87,388.2
174.87,1,383.93,398.87
226.07,164.2,379.67,261.27
143.93,382.87,194.07,511.93
21.267,402.07,139.67,511.93
110.87,325.27,212.2,511.93
238.87,193,362.6,236.73
1,1,74.6,266.6
155.67,1,231.4,251.67
1,379.67,90.6,511.93
181.27,282.6,310.33,387.13
1,190.87,171.67,511.93
78.867,344.47,170.6,499.13
38.333,212.2,147.13,379.67
143.93,314.6,241,511.93
1,296.47,173.8,511.93
182.33,1,303.93,381.8
133.27,203.67,241,511.93
79.933,219.67,138.6,325.27
264.47,193,383.93,357.27
261.27,204.73,334.87,245.27
235.67,204.73,362.6,274.07
110.87,228.2,244.2,511.93
187.67,255.93,246.33,331.67
180.2,218.6,249.53,277.27
143.93,314.6,215.4,511.93
227.13,218.6,318.87,266.6
179.13,1,228.2,239.93
107.67,273,171.67,388.2
193,252.73,242.07,293.27
246.33,161,371.13,202.6
101.27,1,214.33,264.47
246.33,161,371.13,203.67
155.67,141.8,198.33,251.67
37.267,263.4,134.33,378.6
99.133,350.87,150.33,450.07
180.2,1,221.8,49
209,164.2,379.67,274.07
159.93,377.53,383.93,511.93
40.467,296.47,143.93,412.73
149.27,1,239.93,264.47
1,1,72.467,148.2
52.2,452.2,134.33,511.93
228.2,277.27,275.13,339.13
226.07,178.07,379.67,261.27
225,196.2,366.87,299.67
218.6,322.07,286.87,374.33
226.07,195.13,280.47,250.6
225,191.93,383.93,299.67
342.33,361.53,383.93,430.87
269.8,262.33,383.93,356.2
130.07,205.8,174.87,307.13
184.47,1,383.93,296.47
226.07,193,379.67,261.27
154.6,181.27,206.87,247.4
1,359.4,138.6,511.93
133.27,205.8,174.87,285.8
50.067,296.47,102.33,369
209,236.73,253.8,302.87
243.13,193,345.53,241
149.27,314.6,213.27,511.93
38.333,193,105.53,290.07
40.467,195.13,105.53,290.07
214.33,77.8,287.93,179.13
243.13,161,383.93,271.93
225,196.2,273,237.8
204.73,437.27,251.67,511.93
78.867,344.47,170.6,450.07
213.27,76.733,287.93,186.6
154.6,180.2,206.87,251.67
193,1,264.47,114.07
133.27,247.4,242.07,332.73
110.87,228.2,212.2,511.93
50.067,195.13,91.667,266.6
282.6,1,383.93,195.13
154.6,1,212.2,231.4
40.467,190.87,105.53,290.07
227.13,174.87,379.67,277.27
232.47,344.47,349.8,405.27
156.73,377.53,237.8,511.93
58.6,452.2,134.33,511.93
274.07,107.67,319.93,169.53
216.47,309.27,277.27,373.27
282.6,1,383.93,218.6
149.27,222.87,214.33,511.93
332.73,419.13,383.93,495.93
107.67,1,186.6,388.2
181.27,1,287.93,219.67
203.67,377.53,293.27,511.93
154.6,173.8,239.93,264.47
1,428.73,156.73,511.93
133.27,203.67,383.93,511.93
193,39.4,287.93,183.4
110.87,231.4,244.2,511.93
231.4,263.4,299.67,323.13
326.33,161,383.93,223.93
1,369,156.73,511.93
198.33,1,383.93,186.6
155.67,19.133,205.8,251.67
214.33,116.2,291.13,183.4
133.27,247.4,310.33,511.93
58.6,453.27,138.6,511.93
269.8,286.87,383.93,353
155.67,1,228.2,251.67
262.33,107.67,319.93,173.8
236.73,344.47,349.8,405.27
1,341.27,171.67,511.93
204.73,378.6,383.93,511.93
79.933,327.4,171.67,492.73
1,369,139.67,511.93
227.13,193,383.93,357.27
41.533,285.8,171.67,511.93
197.27,189.8,239.93,264.47
218.6,322.07,286.87,373.27
92.733,343.4,155.67,397.8
204.73,378.6,293.27,484.2
292.2,354.07,383.93,430.87
225,191.93,383.93,353
243.13,156.73,383.93,355.13
178.07,157.8,379.67,349.8
227.13,174.87,371.13,266.6
308.2,157.8,379.67,218.6
1,369,103.4,412.73
1,148.2,174.87,511.93
264.47,377.53,383.93,511.93
129,141.8,214.33,358.33
180.2,212.2,283.67,290.07
245.27,166.33,363.67,207.93
21.267,344.47,173.8,511.93
57.533,193,105.53,270.87
257,204.73,357.27,255.93
207.93,1,291.13,124.73
227.13,90.6,269.8,165.27
5.2667,1,177,236.73
20.2,408.47,72.467,486.33
162.07,314.6,215.4,511.93
198.33,1,289,216.47
216.47,309.27,283.67,373.27
214.33,379.67,348.73,511.93
197.27,211.13,249.53,260.2
214.33,300.73,265.53,373.27
227.13,195.13,277.27,262.33
181.27,1,305,388.2
174.87,1,234.6,218.6
269.8,274.07,383.93,356.2
1,423.4,139.67,511.93
286.87,274.07,383.93,356.2
41.533,296.47,102.33,369
214.33,127.93,273,179.13
181.27,265.53,309.27,398.87
225,232.47,366.87,299.67
52.2,435.13,134.33,511.93
330.6,178.07,379.67,253.8
235.67,204.73,362.6,298.6
197.27,199.4,249.53,260.2
281.53,276.2,383.93,341.27
1,283.67,171.67,511.93
205.8,410.6,267.67,511.93
260.2,377.53,383.93,511.93
258.07,279.4,311.4,349.8
110.87,325.27,244.2,511.93
101.27,212.2,167.4,264.47
214.33,21.267,283.67,89.533
232.47,232.47,366.87,299.67
209,1,265.53,68.2
309.27,201.53,363.67,242.07
207.93,63.933,257,166.33
193,39.4,260.2,114.07
249.53,386.07,321,456.47
1,1,52.2,60.733
205.8,377.53,299.67,511.93
226.07,193,362.6,261.27
134.33,222.87,213.27,332.73
73.533,452.2,116.2,511.93
149.27,1,190.87,231.4
50.067,337,123.67,379.67
214.33,24.467,262.33,89.533
133.27,184.47,214.33,335.93
58.6,435.13,138.6,511.93
1,1,72.467,127.93
316.73,178.07,379.67,253.8
181.27,282.6,310.33,398.87
154.6,173.8,204.73,244.2
149.27,1,191.93,231.4
42.6,296.47,102.33,369
1,1,186.6,225
77.8,283.67,168.47,449
226.07,157.8,379.67,261.27
97,341.27,171.67,492.73
116.2,344.47,171.67,407.4
328.47,276.2,379.67,321
258.07,274.07,383.93,356.2
77.8,358.33,126.87,449
244.2,1,291.13,164.2
246.33,161,383.93,223.93
235.67,263.4,281.53,323.13
159.93,377.53,262.33,511.93
38.333,265.53,132.2,371.13
258.07,274.07,383.93,355.13
205.8,377.53,383.93,511.93
38.333,1,190.87,379.67
143.93,314.6,194.07,511.93
1,1,181.27,225
41.533,285.8,171.67,378.6
1,327.4,171.67,511.93
174.87,1,284.73,343.4
199.4,121.53,250.6,215.4
182.33,274.07,283.67,388.2
1,372.2,156.73,511.93
258.07,274.07,383.93,357.27
166.33,247.4,242.07,332.73
245.27,104.47,353,198.33
268.73,383.93,323.13,455.4
214.33,379.67,383.93,511.93
213.27,1,287.93,179.13
229.27,263.4,277.27,323.13
38.333,212.2,167.4,379.67
133.27,247.4,242.07,511.93
123.67,411.67,164.2,499.13
247.4,380.73,383.93,511.93
195.13,1,291.13,260.2
181.27,1,287.93,260.2
129,141.8,214.33,335.93
182.33,199.4,283.67,388.2
78.867,220.73,138.6,325.27
180.2,1,221.8,173.8
180.2,212.2,283.67,359.4
225,76.733,281.53,166.33
214.33,21.267,283.67,126.87
182.33,255.93,303.93,381.8
269.8,262.33,383.93,382.87
182.33,255.93,283.67,388.2
214.33,381.8,298.6,511.93
1,452.2,41.533,511.93
37.267,1,186.6,378.6
131.13,205.8,174.87,285.8
110.87,437.27,156.73,511.93
264.47,276.2,383.93,386.07
180.2,1,264.47,219.67
163.13,390.33,213.27,511.93
233.53,379.67,348.73,511.93
1,369,103.4,472.47
181.27,85.267,353,235.67
213.27,145,258.07,186.6
236.73,195.13,277.27,237.8
155.67,6.3333,205.8,251.67
180.2,1,231.4,78.867
258.07,275.13,327.4,322.07
149.27,1,190.87,254.87
214.33,442.6,267.67,511.93
28.733,398.87,73.533,441.53
213.27,1,287.93,135.4
1,438.33,84.2,511.93
193,252.73,280.47,338.07
174.87,1,239.93,264.47
166.33,247.4,308.2,404.2
1,414.87,41.533,479.93
202.6,255.93,246.33,331.67
166.33,204.73,383.93,404.2
1,387.13,90.6,472.47
50.067,195.13,102.33,287.93
258.07,273,383.93,356.2
187.67,292.2,286.87,379.67
136.47,325.27,193,451.13
134.33,184.47,213.27,332.73
53.267,190.87,105.53,270.87
317.8,174.87,363.67,221.8
202.6,255.93,266.6,331.67
133.27,205.8,174.87,298.6
225,197.27,279.4,246.33
275.13,178.07,379.67,253.8
149.27,465,189.8,511.93
205.8,1,264.47,55.4
245.27,164.2,363.67,205.8
87.4,344.47,173.8,511.93
207.93,73.533,281.53,179.13
236.73,24.467,279.4,89.533
236.73,344.47,331.67,405.27
1,358.33,156.73,511.93
174.87,1,289,264.47
9.5333,388.2,90.6,472.47
41.533,297.53,87.4,378.6
1,436.2,41.533,502.33
207.93,1,285.8,95.933
182.33,255.93,303.93,380.73
110.87,411.67,164.2,499.13
337,66.067,383.93,194.07
185.53,274.07,273,379.67
245.27,156.73,383.93,219.67
99.133,373.27,162.07,482.07
116.2,344.47,171.67,402.07
235.67,246.33,362.6,298.6
250.6,275.13,327.4,349.8
153.53,141.8,198.33,253.8
198.33,41.533,287.93,216.47
213.27,1,281.53,131.13
5.2667,1,177,245.27
214.33,127.93,286.87,179.13
232.47,330.6,349.8,405.27
225,197.27,359.4,300.73
343.4,66.067,383.93,296.47
1,438.33,118.33,511.93
205.8,377.53,293.27,511.93
46.867,190.87,105.53,290.07
9.5333,389.27,73.533,452.2
243.13,193,365.8,238.87
154.6,1,228.2,251.67
101.27,1,186.6,264.47
286.87,274.07,383.93,350.87
181.27,85.267,284.73,343.4
244.2,51.133,284.73,115.13
184.47,88.467,234.6,214.33
1,438.33,116.2,511.93
101.27,212.2,167.4,284.73
1,283.67,168.47,511.93
198.33,1,265.53,114.07
1,452.2,41.533,502.33
227.13,195.13,318.87,266.6
199.4,73.533,281.53,215.4
261.27,1,383.93,195.13
214.33,442.6,263.4,511.93
205.8,410.6,269.8,511.93
231.4,263.4,287.93,323.13
52.2,435.13,138.6,511.93
292.2,354.07,383.93,495.93
133.27,203.67,214.33,335.93
236.73,19.133,289,115.13
239.93,383.93,348.73,511.93
193,1,287.93,183.4
187.67,199.4,249.53,331.67
342.33,452.2,383.93,511.93
292.2,354.07,383.93,434.07
129,246.33,173.8,294.33
174.87,1,228.2,218.6
180.2,218.6,283.67,290.07
57.533,193,105.53,287.93
180.2,1,231.4,173.8
203.67,377.53,383.93,511.93
227.13,286.87,280.47,338.07
184.47,86.333,234.6,206.87
182.33,292.2,286.87,385
260.2,380.73,322.07,455.4
163.13,390.33,237.8,511.93
181.27,265.53,371.13,398.87
226.07,206.87,280.47,250.6
235.67,194.07,383.93,298.6
50.067,285.8,171.67,377.53
84.2,285.8,171.67,377.53
243.13,414.87,298.6,511.93
237.8,258.07,383.93,356.2
218.6,308.2,275.13,373.27
1,1,41.533,148.2
114.07,296.47,164.2,354.07
40.467,285.8,164.2,372.2
50.067,296.47,143.93,412.73
198.33,1,294.33,186.6
129,1,186.6,294.33
226.07,248.47,283.67,300.73
211.13,354.07,383.93,434.07
84.2,313.53,143.93,377.53
1,1,73.533,150.33
21.267,423.4,116.2,511.93
172.73,265.53,308.2,404.2
286.87,275.13,379.67,328.47
1,1,72.467,266.6
109.8,469.27,156.73,511.93
204.73,212.2,249.53,260.2
178.07,209,253.8,302.87
214.33,21.267,287.93,135.4
1,389.27,156.73,511.93
191.93,211.13,239.93,277.27
185.53,274.07,243.13,359.4
169.53,389.27,212.2,511.93
134.33,184.47,213.27,511.93
154.6,173.8,195.13,225
46.867,217.53,105.53,290.07
183.4,328.47,308.2,404.2
204.73,410.6,269.8,511.93
90.6,283.67,168.47,366.87
246.33,156.73,383.93,219.67
226.07,195.13,301.8,261.27
136.47,325.27,237.8,511.93
339.13,177,383.93,219.67
197.27,211.13,239.93,264.47
41.533,296.47,171.67,377.53
1,296.47,143.93,412.73
213.27,1,264.47,53.267
53.267,337,123.67,412.73
101.27,212.2,175.93,284.73
204.73,378.6,293.27,511.93
115.13,299.67,164.2,354.07
41.533,297.53,82.067,367.93
182.33,274.07,273,379.67
114.07,285.8,171.67,363.67
165.27,314.6,209,489.53
332.73,419.13,383.93,511.93
244.2,204.73,363.67,289
99.133,344.47,173.8,511.93
40.467,296.47,143.93,372.2
243.13,383.93,348.73,511.93
127.93,228.2,168.47,275.13
269.8,286.87,340.2,337
157.8,222.87,213.27,332.73
191.93,222.87,253.8,302.87
40.467,195.13,82.067,236.73
133.27,247.4,251.67,511.93
129,167.4,175.93,294.33
243.13,193,383.93,274.07
207.93,63.933,269.8,166.33
227.13,193,363.67,242.07
326.33,161,371.13,202.6
225,193,365.8,300.73
296.47,204.73,363.67,255.93
258.07,275.13,327.4,349.8
205.8,377.53,291.13,482.07
317.8,174.87,371.13,221.8
197.27,189.8,239.93,251.67
247.4,380.73,330.6,456.47
226.07,247.4,359.4,300.73
38.333,212.2,147.13,371.13
213.27,1,285.8,53.267
181.27,85.267,259.13,235.67
203.67,377.53,262.33,492.73
40.467,195.13,102.33,287.93
239.93,76.733,281.53,120.47
89.533,316.73,143.93,372.2
99.133,344.47,170.6,499.13
243.13,156.73,383.93,274.07
214.33,99.133,287.93,179.13
165.27,377.53,209,489.53
185.53,301.8,243.13,359.4
286.87,294.33,383.93,353
130.07,249.53,172.73,307.13
9.5333,389.27,71.4,452.2
232.47,232.47,339.13,299.67
78.867,402.07,139.67,481
227.13,193,338.07,236.73
247.4,351.93,383.93,511.93
227.13,292.2,275.13,338.07
1,438.33,57.533,511.93
341.27,294.33,383.93,339.13
202.6,263.4,266.6,331.67
153.53,314.6,213.27,511.93
308.2,298.6,365.8,340.2
164.2,377.53,209,490.6
296.47,351.93,383.93,430.87
162.07,371.13,215.4,511.93
268.73,287.93,383.93,357.27
214.33,127.93,287.93,179.13
155.67,6.3333,205.8,231.4
284.73,156.73,348.73,199.4
191.93,222.87,284.73,343.4
181.27,63.933,264.47,219.67
236.73,344.47,303.93,392.47
89.533,250.6,196.2,451.13
225,242.07,359.4,300.73
166.33,247.4,207.93,332.73
172.73,321,308.2,404.2
133.27,247.4,242.07,348.73
244.2,204.73,383.93,386.07
214.33,76.733,287.93,183.4
110.87,437.27,153.53,483.13
199.4,73.533,286.87,215.4
1,354.07,92.733,398.87
243.13,414.87,293.27,479.93
286.87,294.33,383.93,356.2
183.4,265.53,309.27,398.87
180.2,212.2,283.67,300.73
258.07,104.47,318.87,178.07
319.93,379.67,383.93,511.93
339.13,379.67,383.93,490.6
249.53,386.07,321,454.33
133.27,247.4,269.8,511.93
83.133,423.4,139.67,481
307.13,1,383.93,218.6
209,134.33,349.8,216.47
312.47,198.33,383.93,274.07
268.73,287.93,327.4,338.07
1,438.33,57.533,502.33
154.6,173.8,202.6,234.6
40.467,285.8,149.27,372.2
58.6,453.27,134.33,511.93
133.27,250.6,174.87,298.6
269.8,290.07,327.4,349.8
317.8,66.067,383.93,218.6
78.867,452.2,134.33,511.93
114.07,296.47,171.67,363.67
227.13,292.2,280.47,338.07
269.8,382.87,383.93,511.93
239.93,76.733,287.93,161
214.33,379.67,363.67,511.93
17,1,74.6,56.467
1,1,41.533,60.733
149.27,442.6,189.8,511.93
41.533,296.47,143.93,372.2
89.533,298.6,171.67,377.53
214.33,76.733,291.13,183.4
251.67,156.73,383.93,219.67
163.13,314.6,213.27,511.93
197.27,218.6,249.53,260.2
99.133,434.07,148.2,484.2
89.533,299.67,164.2,354.07
1,379.67,90.6,486.33
198.33,265.53,283.67,373.27
174.87,30.867,234.6,218.6
233.53,379.67,323.13,455.4
89.533,313.53,143.93,377.53
251.67,156.73,348.73,199.4
179.13,6.3333,226.07,239.93
286.87,275.13,383.93,356.2
29.8,461.8,84.2,511.93
268.73,276.2,383.93,347.67
284.73,1,383.93,165.27
339.13,379.67,383.93,434.07
183.4,328.47,295.4,398.87
185.53,82.067,226.07,215.4
286.87,298.6,365.8,341.27
217.53,92.733,273,178.07
214.33,302.87,255.93,373.27
257,204.73,331.67,245.27
166.33,247.4,207.93,328.47
1,438.33,72.467,511.93
213.27,1,265.53,53.267
122.6,250.6,174.87,317.8
185.53,255.93,266.6,359.4
297.53,198.33,383.93,274.07
213.27,1,285.8,131.13
143.93,300.73,196.2,357.27
1,379.67,90.6,472.47
1,389.27,73.533,466.07
227.13,77.8,269.8,165.27
198.33,41.533,247.4,114.07
203.67,339.13,308.2,404.2
265.53,381.8,351.93,511.93
185.53,282.6,310.33,387.13
342.33,382.87,383.93,430.87
247.4,380.73,293.27,442.6
187.67,308.2,275.13,379.67
264.47,285.8,383.93,357.27
197.27,214.33,239.93,264.47
328.47,276.2,379.67,328.47
157.8,222.87,214.33,489.53
89.533,299.67,196.2,357.27
213.27,1,285.8,72.467
247.4,380.73,293.27,424.47
21.267,460.73,116.2,511.93
328.47,276.2,375.4,321
37.267,263.4,134.33,369
15.933,1,74.6,56.467
214.33,124.73,291.13,183.4
198.33,41.533,269.8,165.27
99.133,373.27,173.8,511.93
239.93,379.67,383.93,511.93
78.867,453.27,134.33,511.93
204.73,218.6,249.53,260.2
268.73,276.2,383.93,386.07
302.87,276.2,383.93,339.13
244.2,1,291.13,131.13
236.73,19.133,289,114.07
245.27,1,286.87,46.867
198.33,41.533,287.93,186.6
213.27,1,265.53,44.733
269.8,383.93,383.93,511.93
207.93,77.8,257,166.33
209,1,265.53,52.2
212.2,381.8,262.33,479.93
29.8,461.8,82.067,511.93
136.47,325.27,193,469.27
1,1,74.6,234.6
91.667,434.07,139.67,481
243.13,383.93,323.13,511.93
185.53,344.47,234.6,387.13
202.6,282.6,308.2,404.2
195.13,1,291.13,210.07
225,76.733,282.6,166.33
337,100.2,383.93,194.07
209,92.733,273,179.13
202.6,263.4,243.13,331.67
207.93,1,291.13,166.33
301.8,353,383.93,434.07
247.4,380.73,321,456.47
28.733,398.87,73.533,450.07
202.6,282.6,255.93,373.27
308.2,204.73,363.67,255.93
247.4,380.73,293.27,456.47
159.93,377.53,262.33,498.07
185.53,139.67,226.07,215.4
329.53,274.07,383.93,339.13
20.2,438.33,72.467,486.33
198.33,41.533,287.93,165.27
329.53,274.07,383.93,318.87
302.87,276.2,379.67,321
261.27,204.73,363.67,255.93
209,155.67,257,216.47
157.8,222.87,214.33,332.73
89.533,250.6,196.2,357.27
115.13,299.67,164.2,340.2
213.27,1,265.53,89.533
50.067,296.47,123.67,412.73
209,134.33,302.87,216.47
214.33,302.87,279.4,374.33
257,149.27,349.8,196.2
218.6,322.07,268.73,373.27
99.133,373.27,143.93,450.07
209,134.33,279.4,216.47
163.13,425.53,213.27,511.93
207.93,88.467,273,179.13
329.53,276.2,379.67,319.93
213.27,116.2,258.07,186.6
281.53,287.93,365.8,341.27
169.53,377.53,237.8,511.93
243.13,397.8,302.87,511.93
226.07,248.47,283.67,290.07
302.87,276.2,379.67,328.47
268.73,276.2,383.93,341.27
5.2667,1,177,225
232.47,20.2,279.4,89.533
207.93,88.467,252.73,166.33
163.13,390.33,215.4,511.93
215.4,90.6,269.8,165.27
331.67,198.33,383.93,274.07
227.13,195.13,277.27,236.73
215.4,77.8,269.8,165.27
209,134.33,273,216.47
213.27,1,294.33,186.6
207.93,24.467,262.33,95.933
1,1,73.533,124.73
264.47,285.8,327.4,327.4
184.47,88.467,234.6,206.87
209,129,252.73,179.13
159.93,377.53,209,498.07
286.87,298.6,340.2,341.27
22.333,379.67,90.6,472.47
276.2,386.07,321,454.33
227.13,76.733,287.93,165.27
243.13,397.8,285.8,445.8
166.33,247.4,219.67,387.13
277.27,383.93,348.73,511.93
83.133,337,123.67,379.67
318.87,274.07,383.93,350.87
201.53,1,265.53,52.2
232.47,1,294.33,131.13
86.333,148.2,168.47,236.73
159.93,377.53,209,490.6
231.4,344.47,310.33,386.07
198.33,41.533,287.93,178.07
185.53,282.6,234.6,387.13
57.533,193,105.53,290.07
203.67,339.13,295.4,380.73
38.333,294.33,106.6,371.13
243.13,397.8,293.27,479.93
53.267,369,103.4,412.73
214.33,381.8,262.33,479.93
202.6,292.2,255.93,373.27
232.47,20.2,277.27,82.067
1,188.73,88.467,380.73
