1,1,512.2,384.2
9,163.4,194.6,249.8
152.2,1,512.2,171.4
214.6,29,408.2,243.4
41,154.6,278.6,257.8
68.2,1,512.2,384.2
1,1,449.8,384.2
342.6,123.4,427.4,222.6
161,1,512.2,384.2
266.6,69,512.2,384.2
1,1,263.4,384.2
221.8,1,490.6,146.6
38.6,1,512.2,384.2
1,137.8,452.2,384.2
287.4,21,491.4,123.4
1,1,490.6,384.2
75.4,137.8,354.6,362.6
287.4,21,457.8,123.4
149.8,1,476.2,243.4
20.2,1,512.2,384.2
149.8,1,512.2,384.2
411.4,15.4,454.6,66.6
137.8,265,273.8,349.8
1,1,206.6,384.2
266.6,157.8,512.2,384.2
134.6,249,451.4,374.6
52.2,137.8,354.6,362.6
1,1,449,384.2
77.8,137.8,354.6,341.8
149.8,1,449.8,169
342.6,1,489,94.6
9,1,512.2,384.2
44.2,135.4,450.6,266.6
339.4,171.4,436.2,241
351.4,111.4,481.8,266.6
1,1,490.6,192.2
149.8,25,284.2,98.6
163.4,28.2,404.2,146.6
284.2,23.4,512.2,384.2
343.4,81.8,509.8,384.2
209.8,29,317.8,141.8
351.4,1,512.2,384.2
163.4,1,512.2,147.4
330.6,1,512.2,384.2
237.8,29,294.6,103.4
134.6,265.8,266.6,349
44.2,1,512.2,384.2
170.6,319.4,212.2,384.2
221.8,1,450.6,149.8
1,1,487.4,384.2
68.2,137.8,371.4,369
77.8,137.8,354.6,263.4
44.2,151.4,353,263.4
161,1,512.2,234.6
44.2,1,491.4,266.6
280.2,157.8,497,260.2
1,1,268.2,384.2
152.2,1,512.2,384.2
409.8,38.6,492.2,88.2
293.8,101,470.6,196.2
77,135.4,446.6,262.6
19.4,1,512.2,384.2
8.2,140.2,283.4,307.4
163.4,21,404.2,146.6
137.8,265.8,301.8,349
41,137.8,338.6,275.4
257,222.6,449.8,371.4
1,1,144.2,384.2
351.4,110.6,492.2,283.4
253.8,172.2,338.6,240.2
389.8,290.6,485.8,384.2
351.4,110.6,492.2,261.8
453.8,229,497.8,357.8
134.6,234.6,351.4,362.6
345,1,490.6,146.6
375.4,1,512.2,384.2
109.8,163.4,338.6,264.2
343.4,222.6,449.8,369
376.2,220.2,437,261.8
230.6,107.4,315.4,149
284.2,97,473.8,357.8
287.4,19.4,487.4,109
181.8,1,512.2,384.2
44.2,157,353,263.4
165,29,411.4,148.2
161,1,512.2,114.6
38.6,137.8,338.6,349
300.2,24.2,368.2,85
222.6,1,512.2,82.6
177,181,353.8,341.8
333.8,137.8,449.8,369
79.4,137.8,329.8,341
163.4,1,512.2,146.6
105,247.4,451.4,384.2
163.4,28.2,295.4,115.4
19.4,150.6,273.8,252.2
292.2,1,512.2,82.6
457.8,1,512.2,249
442.6,1,512.2,384.2
237.8,29,297.8,115.4
149.8,1,476.2,169
261.8,96.2,470.6,357.8
281,177,344.2,243.4
186.6,268.2,271.4,349
9,137.8,451.4,384.2
284.2,134.6,355.4,287.4
201,1,305,67.4
81,137.8,449.8,384.2
163.4,1,449.8,146.6
287.4,1,512.2,384.2
161,24.2,365.8,177
413,69.8,512.2,384.2
152.2,140.2,283.4,180.2
342.6,123.4,450.6,254.6
38.6,1,450.6,197
258.6,1,476.2,116.2
44.2,156.2,353,263.4
161,157,201.8,229
256.2,1,367.4,42.6
288.2,135.4,362.6,185.8
308.2,254.6,377,369
161,1,512.2,117
281.8,21,379.4,123.4
44.2,150.6,273.8,252.2
81,217.8,218.6,384.2
265.8,249,344.2,352.2
428.2,1,490.6,81
81,304.2,433,384.2
365,32.2,448.2,108.2
261.8,257.8,353.8,341.8
196.2,266.6,265.8,346.6
423.4,192.2,497,270.6
421.8,1,512.2,384.2
77.8,137.8,354.6,362.6
439.4,1,512.2,377
337.8,81.8,509.8,270.6
375.4,110.6,485,296.2
15.4,156.2,311.4,349.8
163.4,33,292.2,115.4
8.2,137.8,449.8,384.2
420.2,1,512.2,384.2
439.4,204.2,512.2,384.2
189,179.4,367.4,345.8
1,153,227.4,384.2
165,29,411.4,141
112.2,304.2,189,384.2
410.6,112.2,485,196.2
169.8,268.2,271.4,349
287.4,254.6,512.2,384.2
38.6,1,308.2,197
439.4,199.4,497.8,377
180.2,269,452.2,384.2
257,269,345.8,345.8
189,137.8,449.8,371.4
81,265,433,384.2
454.6,204.2,512.2,384.2
284.2,97,473.8,362.6
20.2,151.4,353,263.4
369.8,23.4,512.2,384.2
284.2,224.2,353,287.4
469,80.2,512.2,352.2
369.8,23.4,491.4,233.8
181,137.8,354.6,263.4
284.2,1,512.2,384.2
293,37.8,408.2,146.6
352.2,1,512.2,110.6
351.4,1,491.4,266.6
189,179.4,368.2,371.4
425,143.4,486.6,226.6
1,153,452.2,384.2
137.8,222.6,449.8,371.4
257,228.2,368.2,371.4
379.4,109.8,470.6,184.2
339.4,171.4,414.6,240.2
152.2,1,308.2,171.4
428.2,33.8,490.6,82.6
9,192.2,281,298.6
284.2,81.8,509.8,384.2
176.2,329,433,384.2
177.8,265.8,266.6,349
1,1,263.4,192.2
189,182.6,321.8,262.6
409.8,33.8,490.6,103.4
349,113,470.6,193.8
377,289,444.2,347.4
9,192.2,224.2,369
161,88.2,315.4,177
428.2,33.8,490.6,81
197.8,79.4,505.8,234.6
38.6,137.8,338.6,275.4
19.4,140.2,283.4,252.2
377,262.6,448.2,365.8
180.2,297.8,450.6,384.2
281,164.2,344.2,243.4
262.6,129,451.4,344.2
9,192.2,485.8,384.2
421.8,215.4,512.2,384.2
253.8,137.8,338.6,275.4
316.2,303.4,368.2,371.4
301.8,21,379.4,79.4
134.6,234.6,329,349
128.2,219.4,278.6,307.4
181,137.8,354.6,257.8
301,1,512.2,82.6
299.4,228.2,353,285
38.6,1,449,197
81,1,308.2,193.8
293.8,39.4,490.6,196.2
281,175.4,331.4,241
349,253,449.8,369
423.4,81.8,509.8,270.6
401.8,137,484.2,233.8
281.8,21,404.2,136.2
458.6,69.8,512.2,384.2
9,152.2,233,249.8
287.4,19.4,485,109
265.8,249,451.4,374.6
349,291.4,445.8,369
409.8,1,491.4,103.4
249,24.2,365.8,116.2
342.6,15.4,451.4,94.6
375.4,108.2,470.6,196.2
293.8,97,351.4,137
383.4,331.4,448.2,377.8
470.6,1,512.2,255.4
1,1,485,384.2
287.4,21,512.2,283.4
189,179.4,321.8,262.6
209.8,1,489,141.8
77.8,157,353,263.4
436.2,39.4,490.6,96.2
261.8,277,320.2,341.8
129,219.4,228.2,295.4
152.2,1,305.8,97.8
325,313,368.2,371.4
165,29,339.4,141
221.8,1,367.4,115.4
109.8,191.4,193,238.6
367.4,23.4,512.2,384.2
1,1,365.8,192.2
337.8,148.2,484.2,266.6
381,279.4,444.2,327.4
265.8,249,313,341
81,1,449.8,193.8
342.6,148.2,484.2,256.2
15.4,152.2,311.4,349.8
287.4,21,512.2,384.2
1,1,451.4,384.2
349.8,22.6,394.6,78.6
453.8,1,512.2,384.2
441.8,107.4,490.6,168.2
162.6,159.4,228.2,249.8
330.6,110.6,492.2,369
289,96.2,470.6,184.2
453.8,13,512.2,82.6
9,152.2,440.2,384.2
351.4,217.8,445,264.2
410.6,69.8,485,123.4
287.4,281,336.2,334.6
343.4,221.8,497.8,384.2
341.8,295.4,386.6,373.8
249,24.2,365.8,118.6
181,147.4,277.8,251.4
275.4,157.8,344.2,243.4
277,129,389,260.2
1,1,144.2,192.2
352.2,1,512.2,82.6
181.8,181,277.8,257
81,217.8,433,384.2
237.8,29,297.8,110.6
113,319.4,153.8,384.2
192.2,309.8,265.8,349.8
9,192.2,337.8,384.2
420.2,143.4,486.6,226.6
287.4,172.2,497,381.8
456.2,1,512.2,384.2
319.4,228.2,368.2,371.4
79.4,154.6,248.2,253
287.4,21,491.4,157
381.8,32.2,448.2,80.2
307.4,324.2,450.6,384.2
256.2,135.4,362.6,197.8
196.2,283.4,260.2,328.2
197,247.4,282.6,296.2
265.8,249,329.8,341
214.6,92.2,389,197.8
401.8,102.6,489.8,233.8
186.6,268.2,267.4,349
1,178.6,128.2,347.4
469,260.2,512.2,384.2
81,152.2,233,193.8
338.6,182.6,484.2,260.2
289,218.6,390.6,344.2
381.8,182.6,484.2,238.6
77.8,157,344.2,251.4
339.4,148.2,484.2,256.2
137.8,174.6,192.2,237
181.8,197.8,261,251.4
470.6,83.4,512.2,255.4
228.2,234.6,312.2,299.4
9,137.8,338.6,275.4
293.8,79.4,449,139.4
333.8,170.6,446.6,239.4
410.6,69.8,484.2,115.4
266.6,276.2,381,372.2
104.2,216.2,329.8,384.2
197.8,137.8,338.6,275.4
429.8,40.2,492.2,82.6
333.8,137.8,391.4,257.8
281,175.4,349.8,257.8
396.2,1,512.2,82.6
15.4,156.2,208.2,230.6
463.4,81.8,509.8,270.6
152.2,140.2,283.4,183.4
68.2,137.8,289.8,225.8
421.8,257,512.2,384.2
410.6,39.4,490.6,96.2
109.8,169,311.4,280.2
352.2,1,512.2,86.6
149.8,1,308.2,169
193,19.4,381.8,114.6
281.8,21,404.2,146.6
81,219.4,487.4,384.2
181.8,192.2,261,251.4
197.8,145.8,281.8,191.4
301.8,33.8,361,80.2
137.8,159.4,206.6,249.8
161,19.4,485,114.6
1,1,485.8,384.2
405.8,189,492.2,236.2
186.6,281,258.6,344.2
413,1,486.6,66.6
8.2,150.6,256.2,233
339.4,171.4,382.6,224.2
381.8,183.4,450.6,254.6
225,29.8,292.2,81.8
425,119.4,485,209
337.8,171.4,455.4,266.6
134.6,268.2,271.4,349
99.4,151.4,245,193
293,37.8,403.4,146.6
68.2,148.2,279.4,225.8
201.8,274.6,261.8,346.6
104.2,216.2,451.4,384.2
253.8,137.8,329.8,341
162.6,88.2,278.6,169.8
228.2,234.6,329,299.4
284.2,163.4,338.6,240.2
370.6,108.2,470.6,196.2
1,1,315.4,384.2
442.6,218.6,489.8,384.2
181.8,18.6,456.2,377.8
68.2,143.4,282.6,225.8
230.6,337,440.2,384.2
438.6,199.4,512.2,384.2
40.2,306.6,112.2,384.2
363.4,105,470.6,184.2
318.6,227.4,390.6,284.2
283.4,19.4,381.8,112.2
333.8,170.6,383.4,224.2
189,182.6,278.6,257.8
172.2,320.2,325,384.2
303.4,129,389,260.2
267.4,137.8,348.2,234.6
291.4,1,490.6,146.6
457.8,204.2,512.2,384.2
115.4,312.2,440.2,384.2
253.8,172.2,305.8,212.2
81,192.2,487.4,384.2
81,219.4,278.6,384.2
209.8,32.2,317.8,141.8
472.2,1,512.2,384.2
109.8,193.8,193,238.6
374.6,1,491.4,213.8
281,157.8,344.2,243.4
261.8,1,512.2,384.2
409.8,7.4,505.8,209.8
40.2,231.4,227.4,384.2
108.2,192.2,194.6,245
256.2,1,367.4,61
413,195.4,492.2,236.2
291.4,104.2,408.2,149.8
186.6,281,266.6,349
44.2,150.6,256.2,217.8
413,15.4,454.6,66.6
420.2,143.4,486.6,378.6
290.6,254.6,445.8,373.8
410.6,189,492.2,236.2
383.4,173,452.2,253.8
287.4,21,379.4,83.4
374.6,1,491.4,96.2
188.2,173,278.6,257.8
369.8,23.4,489.8,233.8
287.4,19.4,446.6,105.8
15.4,156.2,311.4,280.2
299.4,168.2,343.4,227.4
342.6,105,470.6,254.6
369.8,23.4,482.6,108.2
339.4,170.6,382.6,224.2
333.8,170.6,378.6,257.8
373.8,261.8,451.4,374.6
117,305,206.6,376.2
389.8,185.8,446.6,239.4
383.4,110.6,485,289
412.2,85,505.8,201
149.8,1,302.6,98.6
323.4,137,389,221.8
339.4,172.2,401.8,228.2
221.8,29.8,294.6,115.4
209.8,1,491.4,141.8
113,305,337.8,384.2
229.8,29,297.8,115.4
265.8,249,386.6,373.8
291.4,104.2,401.8,149.8
290.6,254.6,386.6,373.8
377,295.4,444.2,365.8
421.8,248.2,512.2,384.2
290.6,254.6,512.2,384.2
197,247.4,281,296.2
165,1,450.6,148.2
291.4,37.8,408.2,146.6
191.4,270.6,261,339.4
421,69,512.2,357.8
220.2,271.4,261.8,323.4
268.2,79.4,505.8,209.8
412.2,69,505.8,209.8
209.8,198.6,278.6,257
149.8,25,274.6,169
214.6,51.4,293,113
262.6,96.2,470.6,344.2
316.2,313,368.2,371.4
137.8,1,512.2,384.2
6.6,153,194.6,249
330.6,140.2,448.2,369
380.2,203.4,455.4,269.8
285,88.2,385.8,146.6
286.6,297.8,329,345.8
283.4,163.4,338.6,245
197.8,137,394.6,234.6
403.4,186.6,484.2,256.2
371.4,23.4,446.6,88.2
147.4,1,449,112.2
270.6,277,361,369.8
212.2,49.8,285,89.8
287.4,19.4,490.6,168.2
119.4,265,227.4,346.6
137.8,265,265.8,346.6
381,73,486.6,213.8
339.4,170.6,381.8,224.2
137.8,265.8,277.8,349
351.4,217.8,450.6,266.6
109.8,189.8,278.6,257
265.8,249,377,369
149.8,25,257.8,93
436.2,83.4,505.8,298.6
8.2,164.2,278.6,307.4
266.6,265,381,372.2
453.8,199.4,497.8,298.6
193,266.6,265.8,346.6
221.8,29.8,292.2,96.2
237.8,35.4,290.6,103.4
453.8,69,512.2,357.8
38.6,89,308.2,197
375.4,110.6,485,289
149.8,1,365.8,177
330.6,140.2,382.6,369
173,57,248.2,141.8
261.8,7.4,505.8,357.8
266.6,199.4,512.2,384.2
38.6,137.8,329.8,349
193.8,182.6,268.2,233.8
214.6,92.2,408.2,243.4
398.6,240.2,453,352.2
214.6,92.2,408.2,197.8
383.4,173,455.4,289
418.6,11.4,502.6,296.2
374.6,1,491.4,66.6
321.8,293,377.8,372.2
313,1,367.4,47.4
135.4,267.4,303.4,349.8
213.8,77,317.8,141.8
221.8,73.8,294.6,115.4
427.4,73,485.8,123.4
173,57,280.2,141.8
214.6,92.2,317.8,141.8
291.4,104.2,368.2,149.8
428.2,1,512.2,82.6
253.8,137.8,297.8,275.4
266.6,276.2,330.6,345.8
192.2,181,353.8,341.8
371.4,23.4,450.6,88.2
339.4,171.4,455.4,266.6
1,178.6,128.2,384.2
441.8,102.6,489.8,157
318.6,253.8,367.4,337.8
312.2,68.2,368.2,116.2
412.2,69,505.8,201
109.8,213.8,209,256.2
374.6,1,491.4,56.2
379.4,226.6,467.4,357.8
261.8,96.2,470.6,344.2
381,89,457.8,193
287.4,19.4,487.4,123.4
245,137.8,354.6,257.8
385.8,188.2,497,266.6
287.4,1,489,116.2
197,181,344.2,261
160.2,76.2,274.6,169
409.8,195.4,481.8,238.6
288.2,258.6,329.8,305.8
343.4,218.6,497.8,384.2
254.6,137.8,354.6,257.8
197.8,137,389,234.6
221.8,29.8,297,118.6
290.6,19.4,446.6,79.4
119.4,273,164.2,346.6
416.2,1,478.6,73.8
348.2,104.2,470.6,184.2
109.8,163.4,371.4,369
284.2,123.4,452.2,304.2
375.4,262.6,448.2,377.8
181,62.6,292.2,115.4
351.4,110.6,464.2,261.8
186.6,267.4,281.8,349.8
343.4,221.8,452.2,352.2
280.2,163.4,484.2,260.2
301.8,33.8,446.6,116.2
221.8,1,450.6,118.6
212.2,29,293,113
9,163.4,169.8,231.4
289,137.8,354.6,185.8
289,301.8,446.6,372.2
81,1,315.4,190.6
186.6,270.6,265.8,349.8
349,291.4,413,369
310.6,43.4,365.8,105.8
180.2,331.4,308.2,384.2
382.6,9.8,476.2,89
284.2,105,470.6,287.4
409.8,38.6,505.8,209.8
258.6,1,368.2,116.2
77,135.4,450.6,266.6
109.8,281,231.4,384.2
180.2,324.2,450.6,384.2
379.4,291.4,445,342.6
38.6,67.4,308.2,197
186.6,266.6,298.6,349
287.4,32.2,453,116.2
135.4,267.4,273,349.8
389.8,260.2,512.2,384.2
105,247.4,440.2,384.2
396.2,1,489.8,61.8
257,228.2,367.4,345.8
403.4,186.6,484.2,227.4
97,1,263.4,190.6
115.4,312.2,185.8,384.2
280.2,211.4,321.8,262.6
228.2,44.2,290.6,101
174.6,270.6,273,349.8
285,88.2,395.4,146.6
222.6,19.4,368.2,66.6
81,304.2,234.6,384.2
115.4,312.2,325,384.2
383.4,291.4,445.8,353
335.4,37.8,389,125
427.4,73,485.8,119.4
209.8,1,491.4,196.2
436.2,215.4,484.2,378.6
417,146.6,481.8,193.8
401.8,137,484.2,227.4
169.8,269.8,237,316.2
225,137.8,354.6,257.8
453.8,1,512.2,82.6
396.2,1,489.8,66.6
149.8,1,302.6,169
137.8,156.2,273.8,252.2
387.4,98.6,488.2,146.6
8.2,192.2,161.8,233
81,217.8,485,384.2
284.2,123.4,427.4,287.4
385,91.4,488.2,146.6
266.6,226.6,451.4,384.2
437.8,1,486.6,56.2
166.6,1,297.8,65
193,265,265.8,346.6
383.4,1,478.6,73.8
373.8,261.8,445.8,349
359.4,94.6,490.6,168.2
285,88.2,341,146.6
337.8,148.2,484.2,256.2
293.8,101,481.8,196.2
348.2,15.4,451.4,78.6
307.4,303.4,368.2,371.4
472.2,57,512.2,384.2
393,33.8,490.6,103.4
129,219.4,278.6,301
109.8,281,186.6,369
270.6,277,377,369.8
186.6,285.8,265.8,349.8
417,111.4,481.8,193.8
1,178.6,227.4,384.2
342.6,169.8,384.2,222.6
228.2,234.6,329,341
349.8,1,476.2,108.2
307.4,324.2,361,371.4
77,159.4,228.2,249.8
287.4,33.8,368.2,116.2
114.6,304.2,210.6,384.2
343.4,221.8,452.2,345.8
342.6,1,486.6,94.6
381.8,121.8,447.4,176.2
333.8,137.8,404.2,257.8
423.4,85,505.8,200.2
356.2,42.6,404.2,108.2
465,69,505.8,201
263.4,249,357.8,369
291.4,104.2,385,149.8
209.8,181.8,278.6,257.8
120.2,150.6,256.2,198.6
225,135.4,362.6,262.6
272.2,286.6,329,345.8
9,192.2,440.2,384.2
229,169,297,212.2
430.6,137,483.4,193.8
173,317.8,433,384.2
469,80.2,512.2,384.2
225,137,306.6,197.8
137.8,156.2,273.8,249.8
284.2,181,329.8,227.4
8.2,192.2,143.4,233
136.2,267.4,273,349.8
349,85,505.8,209.8
436.2,217,484.2,378.6
259.4,203.4,353.8,328.2
459.4,11.4,502.6,296.2
217,268.2,267.4,328.2
375.4,1,491.4,296.2
193,300.2,257.8,349
352.2,1,472.2,66.6
375.4,121.8,447.4,176.2
286.6,21,448.2,116.2
418.6,1,502.6,296.2
111.4,304.2,433,384.2
105,247.4,282.6,384.2
237.8,49,290.6,103.4
301.8,32.2,448.2,116.2
379.4,113,470.6,184.2
352.2,1,489.8,66.6
249,29.8,292.2,96.2
225,29.8,292.2,111.4
289,301.8,411.4,372.2
185.8,1,305,67.4
377,301,445.8,366.6
198.6,266.6,265.8,346.6
77.8,148.2,279.4,225.8
79.4,137.8,329.8,349
188.2,181.8,278.6,257.8
1,257.8,67.4,384.2
284.2,105,470.6,304.2
176.2,329,320.2,384.2
196.2,18.6,456.2,197.8
410.6,31.4,480.2,75.4
197,201,246.6,241.8
343.4,221.8,452.2,304.2
265,157.8,344.2,243.4
380.2,203.4,455.4,283.4
377,321,445.8,366.6
381,105.8,443.4,164.2
116.2,313.8,183.4,384.2
451.4,1,512.2,384.2
263.4,249,344.2,345.8
380.2,295.4,441,339.4
389.8,290.6,484.2,384.2
249,39.4,290.6,96.2
79.4,154.6,278.6,257.8
149.8,1,315.4,169.8
196.2,138.6,347.4,197.8
181.8,181,448.2,377.8
396.2,1,512.2,384.2
41,180.2,177.8,225.8
263.4,249,311.4,340.2
245,233,329,283.4
181,33,292.2,115.4
458.6,83.4,505.8,298.6
192.2,290.6,265.8,349.8
129,219.4,228.2,301
288.2,24.2,365.8,116.2
409,297,449.8,352.2
381,105.8,443.4,193
257,338.6,325,384.2
266.6,255.4,381,372.2
457,222.6,497,346.6
381.8,262.6,449.8,318.6
307.4,324.2,448.2,384.2
290.6,254.6,446.6,373.8
257,253.8,367.4,345.8
279.4,157.8,344.2,243.4
15.4,180.2,120.2,226.6
259.4,203.4,367.4,338.6
312.2,68.2,365,116.2
369.8,23.4,446.6,101.8
385.8,199.4,446.6,253
338.6,193,385.8,260.2
189,196.2,321.8,262.6
213,49.8,285,89.8
112.2,312.2,185.8,384.2
378.6,262.6,420.2,317
134.6,265.8,277.8,349
149.8,24.2,278.6,169.8
181.8,181,367.4,340.2
293.8,69.8,485,196.2
377,262.6,445,365.8
383.4,108.2,470.6,196.2
389.8,185.8,434.6,239.4
376.2,123.4,427.4,198.6
389.8,290.6,497.8,384.2
261.8,277,320.2,340.2
381,73,485.8,209
193,19.4,485,114.6
229,169,297,260.2
412.2,73,486.6,121.8
401.8,185.8,484.2,227.4
389.8,290.6,487.4,384.2
191.4,270.6,260.2,322.6
181.8,181,385.8,369
335.4,101.8,456.2,196.2
437,31.4,480.2,75.4
321.8,254.6,377,369
299.4,157.8,344.2,221.8
284.2,105,473.8,357.8
351.4,201,437,261.8
405,33.8,490.6,103.4
221.8,73.8,285.8,113.8
281,175.4,325.8,221
266.6,218.6,451.4,384.2
201.8,274.6,261.8,338.6
284.2,181,338.6,240.2
209.8,40.2,317.8,141.8
383.4,185,446.6,241
193,270.6,261,349
325,320.2,368.2,371.4
81,219.4,433,384.2
249,29.8,292.2,81.8
287.4,279.4,446.6,372.2
412.2,143.4,490.6,201
112.2,304.2,433,384.2
97,1,263.4,177
365,23.4,450.6,108.2
166.6,1,305.8,73
189,135.4,362.6,262.6
453.8,169.8,512.2,384.2
165,29,293,115.4
161,157,254.6,229
417,146.6,470.6,191.4
8.2,164.2,178.6,233
197,201,277.8,257
376.2,218.6,449.8,269.8
385.8,182.6,497,381.8
257,241,353,345.8
466.6,81.8,509.8,205
421,73,486.6,121.8
348.2,15.4,451.4,94.6
409.8,1,490.6,103.4
245,234.6,329,281
181,28.2,295.4,115.4
253.8,163.4,338.6,240.2
291.4,141.8,348.2,234.6
41,156.2,208.2,225.8
167.4,154.6,223.4,225.8
204.2,278.6,351.4,362.6
265.8,273,313,341
167.4,148.2,279.4,225.8
149.8,1,305,169.8
299.4,157.8,344.2,227.4
339.4,172.2,383.4,224.2
189,179.4,278.6,257.8
168.2,86.6,308.2,171.4
381.8,110.6,464.2,185
280.2,157.8,484.2,260.2
197,156.2,273.8,202.6
189,196.2,278.6,257.8
451.4,1,497,65
77.8,153.8,227.4,229.8
77.8,167.4,192.2,229.8
196.2,270.6,261,335.4
181,38.6,292.2,115.4
245,234.6,329,283.4
189,135.4,446.6,262.6
192.2,181,344.2,273
379.4,226.6,453,293.8
228.2,249,312.2,299.4
181.8,191.4,261,251.4
147.4,305,212.2,384.2
437.8,1,491.4,56.2
369.8,33.8,446.6,97
401.8,155.4,484.2,227.4
196.2,265,265.8,346.6
290.6,254.6,377,369
212.2,62.6,292.2,115.4
453.8,204.2,512.2,384.2
192.2,147.4,277.8,190.6
409.8,40.2,492.2,88.2
283.4,163.4,335.4,235.4
287.4,32.2,448.2,116.2
191.4,265.8,266.6,349
284.2,125,396.2,287.4
410.6,110.6,485,257.8
211.4,292.2,258.6,333
109.8,304.2,151.4,384.2
163.4,28.2,303.4,119.4
90.6,281,440.2,384.2
293.8,43.4,365.8,105.8
8.2,164.2,163.4,233
266.6,276.2,377.8,372.2
425,73,485.8,209
6.6,192.2,129.8,233
116.2,313,183.4,384.2
351.4,145,437,261.8
441.8,311.4,488.2,384.2
314.6,79.4,449,127.4
325,253.8,368.2,371.4
267.4,137,389,234.6
8.2,192.2,178.6,233
287.4,19.4,487.4,109.8
316.2,254.6,377,369
401.8,148.2,484.2,256.2
423.4,81.8,509.8,205
438.6,209.8,497,266.6
375.4,218.6,449.8,269.8
81,231.4,218.6,384.2
193,19.4,450.6,114.6
104.2,216.2,282.6,372.2
377,262.6,449.8,366.6
267.4,337.8,350.6,384.2
425,148.2,473.8,191.4
287.4,40.2,368.2,123.4
225,156.2,273.8,202.6
333.8,170.6,404.2,224.2
147.4,63.4,239.4,112.2
385.8,188.2,497,381.8
212.2,62.6,285.8,103.4
201.8,271.4,261.8,346.6
410.6,117.8,481.8,196.2
356.2,19.4,446.6,77
171.4,309.8,433,384.2
287.4,21,379.4,123.4
300.2,24.2,368.2,76.2
109.8,185,193,238.6
264.2,277,318.6,322.6
385.8,188.2,483.4,266.6
201.8,294.6,261,338.6
212.2,34.6,293,113
369.8,41.8,445,97
345,1,488.2,146.6
196.2,18.6,456.2,224.2
198.6,271.4,261.8,346.6
267.4,337.8,433,384.2
355.4,252.2,451.4,296.2
409.8,1,491.4,122.6
228.2,44.2,290.6,111.4
162.6,88.2,315.4,169.8
438.6,209.8,497,363.4
186.6,289,258.6,344.2
379.4,113,470.6,193.8
288.2,302.6,329,345.8
410.6,146.6,470.6,196.2
456.2,87.4,512.2,384.2
413,189,492.2,236.2
341.8,137,389,221.8
383.4,173,446.6,241
177.8,265.8,261,346.6
257,269,329,345.8
458.6,69,512.2,254.6
385.8,199.4,443.4,239.4
201,38.6,292.2,115.4
287.4,21,457.8,108.2
342.6,169.8,436.2,237.8
287.4,21,446.6,83.4
197.8,148.2,279.4,191.4
295.4,43.4,365.8,105.8
396.2,1,473,48.2
385.8,199.4,457.8,266.6
287.4,281,344.2,345
428.2,39.4,492.2,82.6
303.4,157.8,344.2,221.8
168.2,159.4,228.2,249.8
365,37,446.6,108.2
378.6,262.6,449.8,318.6
425,143.4,485,209
196.2,132.2,384.2,197.8
438.6,199.4,497,381.8
136.2,270.6,273,349.8
197,181,277.8,257
401,111.4,481.8,237.8
377,262.6,445.8,366.6
181,62.6,285.8,103.4
381.8,183.4,436.2,237.8
377,262.6,447.4,365.8
349,294.6,390.6,369
371.4,23.4,447.4,88.2
214.6,92.2,389,141.8
403.4,148.2,484.2,256.2
349,253,390.6,369
121,152.2,225,192.2
355.4,226.6,451.4,384.2
401,185.8,481,237.8
289,96.2,470.6,193.8
209.8,65,317.8,141.8
438.6,209.8,497,346.6
186.6,290.6,265.8,349.8
134.6,269.8,237,316.2
228.2,267.4,281.8,341
89,231.4,218.6,352.2
81,282.6,169.8,384.2
196.2,137.8,354.6,197.8
26.6,153,139.4,197.8
398.6,199.4,512.2,384.2
268.2,79.4,449,141
301.8,33.8,361,101.8
191.4,265.8,277.8,349
437.8,143.4,490.6,201
307.4,324.2,418.6,384.2
173,317.8,325,384.2
191.4,270.6,260.2,328.2
111.4,305,433,384.2
181.8,197.8,246.6,251.4
401,185.8,453,237.8
197,169,311.4,280.2
188.2,173.8,278.6,257.8
189,165.8,278.6,257.8
349.8,1,448.2,108.2
265,234.6,329,281
286.6,18.6,450.6,116.2
109.8,304.2,151.4,369
303.4,157.8,344.2,213.8
333.8,170.6,381,224.2
375.4,110.6,447.4,176.2
376.2,121.8,447.4,176.2
254.6,138.6,319.4,234.6
438.6,1,478.6,67.4
310.6,67.4,365.8,109.8
381,279.4,445,345
410.6,116.2,470.6,196.2
378.6,262.6,447.4,342.6
173,321,325,384.2
397.8,109.8,470.6,184.2
147.4,1,305.8,112.2
172.2,320.2,329.8,384.2
196.2,101.8,456.2,197.8
348.2,22.6,392.2,78.6
312.2,42.6,404.2,116.2
189,215.4,278.6,257.8
381.8,110.6,464.2,192.2
115.4,312.2,179.4,384.2
301.8,33.8,368.2,116.2
356.2,32.2,448.2,108.2
225,137,321.8,262.6
165,29,293,113
170.6,319.4,231.4,384.2
417,146.6,481.8,191.4
291.4,134.6,355.4,234.6
94.6,152.2,225,193
439.4,264.2,510.6,384.2
197,197.8,246.6,241.8
339.4,172.2,497,381.8
214.6,92.2,344.2,141.8
16.2,164.2,163.4,205
161,321,215.4,384.2
111.4,247.4,433,384.2
377,262.6,444.2,365.8
369.8,41.8,432.2,97
340.2,132.2,384.2,175.4
373.8,261,448.2,377.8
116.2,313,231.4,384.2
368.2,24.2,448.2,105
236.2,19.4,381.8,114.6
369.8,33.8,457.8,108.2
40.2,306.6,105.8,356.2
188.2,198.6,278.6,257
26.6,153,165,197.8
113,188.2,194.6,249
167.4,156.2,208.2,225.8
299.4,157.8,344.2,225.8
431.4,110.6,481.8,188.2
109.8,281,440.2,384.2
186.6,289,266.6,349
339.4,193,385.8,233.8
430.6,1,478.6,73.8
339.4,125,396.2,178.6
349.8,22.6,448.2,108.2
256.2,137,300.2,197.8
369.8,41.8,432.2,101.8
149.8,1,344.2,113
299.4,168.2,343.4,225.8
321.8,129,389,221.8
181,157,261,251.4
318.6,227.4,386.6,284.2
191.4,270.6,261,346.6
174.6,270.6,265.8,349.8
343.4,222.6,445.8,369
285.8,214.6,344.2,261
81,304.2,210.6,384.2
339.4,140.2,382.6,257.8
134.6,247.4,285,308.2
350.6,253.8,421,344.2
149.8,56.2,282.6,113
287.4,35.4,339.4,105.8
43.4,306.6,112.2,384.2
383.4,108.2,443.4,164.2
165,29,298.6,119.4
258.6,196.2,321.8,262.6
287.4,35.4,341,105.8
249,58.6,299.4,111.4
335.4,37.8,403.4,146.6
289,279.4,446.6,372.2
270.6,277,382.6,369.8
283.4,24.2,368.2,112.2
303.4,155.4,353.8,260.2
9,192.2,224.2,298.6
220.2,266.6,265.8,323.4
174.6,322.6,440.2,384.2
193,267.4,266.6,349
286.6,21,413,105.8
365,24.2,448.2,108.2
109.8,247.4,282.6,372.2
221.8,73.8,290.6,113.8
193,38.6,261,81
401,185.8,453,230.6
109.8,300.2,152.2,369
281,175.4,330.6,222.6
409.8,195.4,484.2,238.6
458.6,87.4,502.6,260.2
439.4,290.6,481.8,381.8
253.8,137.8,297.8,213
325.8,253.8,367.4,337.8
345,1,450.6,77.8
109.8,316.2,174.6,384.2
303.4,155.4,345,234.6
114.6,304.2,189,384.2
355.4,226.6,451.4,342.6
198.6,266.6,265.8,323.4
356.2,37.8,430.6,108.2
263.4,249,311.4,325.8
299.4,241,353,285
120.2,148.2,279.4,225.8
81,304.2,151.4,384.2
193,270.6,266.6,349
330.6,246.6,380.2,369
191.4,265.8,261,346.6
314.6,79.4,388.2,120.2
371.4,23.4,446.6,76.2
171.4,309.8,320.2,384.2
193,38.6,288.2,89.8
381.8,182.6,484.2,253
369,279.4,449.8,384.2
255.4,193,319.4,234.6
201,290.6,258.6,333
381.8,37,446.6,80.2
299.4,157.8,344.2,243.4
160.2,89,308.2,169
378.6,265,420.2,317
369.8,42.6,420.2,105
160.2,89,274.6,169
201.8,283.4,260.2,328.2
263.4,249,324.2,345.8
161,157,271.4,229
180.2,331.4,400.2,384.2
109.8,213.8,245,256.2
262.6,203.4,451.4,344.2
256.2,137,306.6,197.8
306.6,103.4,470.6,184.2
89,231.4,227.4,352.2
375.4,262.6,448.2,365.8
453.8,199.4,497.8,377
412.2,85,505.8,209.8
201,24.2,275.4,67.4
410.6,189,481.8,257.8
378.6,262.6,445,328.2
212.2,49.8,293,113
312.2,37,446.6,116.2
81,1,263.4,190.6
383.4,113,434.6,164.2
109.8,305,215.4,384.2
396.2,1,489.8,62.6
289,301.8,359.4,372.2
345,21,413,77.8
40.2,305,215.4,384.2
263.4,249,371.4,369
188.2,182.6,278.6,257
228.2,258.6,285,299.4
173,321,215.4,384.2
293.8,79.4,449,132.2
185.8,1,344.2,67.4
185,89.8,248.2,141.8
383.4,291.4,445.8,349
383.4,265,449.8,318.6
472.2,79.4,512.2,384.2
111.4,305,206.6,384.2
335.4,46.6,389,125
381.8,110.6,453,185
213,44.2,288.2,89.8
438.6,209.8,497,357.8
369,321,446.6,370.6
310.6,43.4,361,105
416.2,113,470.6,184.2
375.4,110.6,447.4,193
261.8,277,345,341.8
369,321,449.8,384.2
117,316.2,178.6,384.2
438.6,199.4,497,363.4
383.4,113,441.8,164.2
113,305,321.8,384.2
116.2,313,179.4,384.2
259.4,203.4,302.6,264.2
283.4,175.4,325.8,234.6
192.2,285.8,265.8,349.8
438.6,199.4,497,346.6
343.4,222.6,385.8,369
284.2,164.2,338.6,240.2
149.8,44.2,285,113
196.2,138.6,300.2,197.8
109.8,198.6,278.6,257
383.4,301,445.8,349
266.6,276.2,309.8,340.2
201.8,294.6,261,346.6
259.4,203.4,302.6,259.4
456.2,220.2,512.2,384.2
192.2,307.4,265.8,349.8
437.8,143.4,483.4,192.2
116.2,313.8,181.8,384.2
349,296.2,413,369
116.2,309.8,210.6,384.2
355.4,226.6,451.4,296.2
174.6,322.6,337.8,384.2
229,169,311.4,280.2
289,218.6,451.4,344.2
109.8,163.4,338.6,257
321.8,137,389,221.8
290.6,36.2,364.2,79.4
153,247.4,258.6,300.2
290.6,36.2,361.8,78.6
287.4,19.4,485,106.6
212.2,49.8,285,95.4
209.8,197,278.6,257
245,203.4,289,257
191.4,270.6,261,335.4
287.4,19.4,446.6,106.6
213,197,278.6,257
210.6,285.8,258.6,333
373.8,261,448.2,365.8
381.8,114.6,434.6,157.8
349.8,22.6,392.2,78.6
410.6,110.6,481.8,257.8
293,224.2,353.8,328.2
109.8,179.4,245,256.2
318.6,227.4,390.6,344.2
371.4,61,429.8,106.6
280.2,163.4,338.6,240.2
264.2,224.2,353.8,328.2
259.4,203.4,367.4,340.2
381.8,114.6,439.4,157.8
41,179.4,177.8,225.8
270.6,281.8,361,369.8
188.2,179.4,278.6,257
267.4,337.8,327.4,384.2
188.2,163.4,338.6,257
335.4,101.8,456.2,193
333.8,170.6,378.6,224.2
379.4,122.6,427.4,171.4
281,137.8,354.6,257.8
161,157,271.4,251.4
255.4,138.6,319.4,234.6
379.4,113,427.4,171.4
289,218.6,386.6,284.2
289,324.2,361,369.8
283.4,175.4,331.4,241
241,197,292.2,260.2
365,42.6,420.2,108.2
167.4,156.2,207.4,225.8
114.6,206.6,194.6,249
365,23.4,488.2,146.6
286.6,21,413,116.2
77.8,157,271.4,251.4
277,139.4,319.4,190.6
173,321,308.2,384.2
288.2,35.4,365.8,116.2
17.8,153,165,200.2
201,290.6,258.6,336.2
113.8,313,183.4,384.2
109.8,281,212.2,369
259.4,203.4,367.4,328.2
263.4,249,311.4,338.6
253.8,172.2,297,212.2
6.6,153,165,233
304.2,21,413,77.8
117,316.2,174.6,384.2
113.8,316.2,178.6,384.2
289,218.6,421,344.2
279.4,175.4,331.4,241
169,1,305.8,73
293,224.2,353.8,288.2
245,182.6,289,257
197,148.2,279.4,191.4
192.2,228.2,258.6,273
1,1,144.2,197.8
289,218.6,353,261.8
230.6,107.4,309.8,149
153,247.4,285,300.2
281,175.4,325.8,222.6
308.2,324.2,359.4,372.2
200.2,214.6,277.8,257
391.4,201,437,241
197,181,289,257
295.4,51.4,339.4,105.8
196.2,283.4,261,335.4
391.4,113,470.6,193.8
149.8,56.2,278.6,169.8
303.4,157.8,344.2,205.8
174.6,322.6,321.8,384.2
383.4,185,437,241
149.8,56.2,217,113
288.2,35.4,339.4,116.2
109.8,326.6,156.2,384.2
339.4,140.2,382.6,224.2
113,305,212.2,384.2
368.2,25,445.8,105
173,57,240.2,99.4
43.4,321,112.2,384.2
273,278.6,318.6,322.6
376.2,228.2,449.8,269.8
291.4,141.8,345,234.6
377,295.4,441,365.8
1,178.6,129.8,384.2
368.2,25,424.2,105
310.6,43.4,359.4,105
311.4,52.2,361,105
109.8,316.2,215.4,384.2
283.4,175.4,325.8,221
249,39.4,289.8,81.8
109.8,326.6,156.2,376.2
