187.67,434.07,282.6,485.27
1,1,309.27,511.93
1,86.333,392.47,511.93
1,1,511.93,511.93
14.867,92.733,321,411.67
267.67,1,511.93,189.8
228.2,406.33,303.93,451.13
1,1,250.6,228.2
1,1,303.93,403.13
341.27,12.733,386.07,105.53
14.867,1,511.93,511.93
1,1,250.6,230.33
1,1,365.8,511.93
303.93,1,511.93,511.93
431.93,326.33,511.93,511.93
1,36.2,93.8,88.467
265.53,315.67,445.8,511.93
141.8,1,338.07,218.6
1,1,250.6,229.27
232.47,46.867,311.4,218.6
44.733,2.0667,141.8,95.933
280.47,290.07,334.87,360.47
298.6,1,511.93,135.4
49,367.93,283.67,510.87
397.8,455.4,445.8,509.8
1,103.4,264.47,403.13
245.27,171.67,332.73,347.67
266.6,285.8,511.93,511.93
1,196.2,136.47,291.13
97,1,511.93,511.93
1,1,511.93,413.8
1,1,221.8,231.4
1,1,221.8,230.33
1,1,222.87,230.33
129,315.67,215.4,361.53
296.47,1,511.93,378.6
365.8,1,511.93,511.93
221.8,110.87,365.8,243.13
311.4,305,367.93,409.53
1,1,499.13,511.93
1,1,499.13,275.13
97,111.93,239.93,202.6
298.6,1,511.93,395.67
381.8,181.27,511.93,511.93
1,1,311.4,511.93
180.2,246.33,255.93,293.27
1,220.73,61.8,262.33
245.27,119.4,396.73,393.53
137.53,86.333,278.33,333.8
14.867,1,365.8,399.93
1,1,511.93,410.6
235.67,44.733,360.47,397.8
97,103.4,396.73,429.8
14.867,1,511.93,411.67
298.6,82.067,369,133.27
205.8,105.53,511.93,409.53
1,181.27,220.73,511.93
141.8,5.2667,370.07,206.87
373.27,378.6,445.8,511.93
391.4,199.4,477.8,276.2
298.6,1,511.93,197.27
387.13,41.533,444.73,138.6
403.13,197.27,477.8,258.07
140.73,1,403.13,402.07
342.33,1,511.93,362.6
1,1,221.8,511.93
97,1,511.93,429.8
14.867,178.07,196.2,324.2
245.27,1,511.93,393.53
167.4,14.867,286.87,125.8
423.4,194.07,511.93,306.07
141.8,11.667,183.4,98.067
236.73,115.13,365.8,237.8
1,188.73,172.73,311.4
185.53,294.33,267.67,403.13
13.8,286.87,149.27,510.87
1,1,250.6,231.4
238.87,44.733,327.4,194.07
187.67,196.2,370.07,511.93
151.4,149.27,241,200.47
14.867,77.8,301.8,399.93
365.8,116.2,463.93,324.2
97,103.4,334.87,347.67
8.4667,266.6,311.4,511.93
141.8,1,499.13,142.87
251.67,337,364.73,430.87
294.33,1,511.93,413.8
239.93,137.53,364.73,410.6
1,86.333,284.73,403.13
251.67,386.07,309.27,429.8
178.07,262.33,511.93,511.93
1,86.333,364.73,487.4
424.47,321,511.93,511.93
385,117.27,444.73,207.93
245.27,1,511.93,511.93
437.27,1,511.93,131.13
1,1,221.8,51.133
408.47,1,472.47,84.2
136.47,1,511.93,199.4
141.8,1,499.13,275.13
353,1,511.93,199.4
391.4,71.4,511.93,273
119.4,1,303.93,403.13
155.67,326.33,243.13,403.13
314.6,245.27,358.33,305
2.0667,257,199.4,511.93
1,13.8,195.13,231.4
1,255.93,309.27,511.93
133.27,455.4,281.53,511.93
291.13,87.4,350.87,141.8
313.53,305,370.07,428.73
313.53,348.73,371.13,474.6
58.6,10.6,225,168.47
114.07,10.6,157.8,99.133
14.867,1,511.93,404.2
140.73,1,511.93,397.8
446.87,194.07,511.93,292.2
187.67,1,511.93,511.93
1,181.27,141.8,277.27
131.13,122.6,255.93,246.33
141.8,1,302.87,131.13
301.8,110.87,365.8,322.07
413.8,319.93,511.93,511.93
114.07,1,365.8,243.13
98.067,222.87,172.73,308.2
199.4,262.33,511.93,511.93
178.07,137.53,364.73,487.4
14.867,99.133,270.87,404.2
22.333,196.2,129,298.6
286.87,87.4,350.87,147.13
140.73,1,360.47,397.8
317.8,314.6,371.13,435.13
1,255.93,511.93,511.93
1,1,227.13,231.4
117.27,10.6,157.8,99.133
365.8,108.73,511.93,347.67
114.07,181.27,511.93,511.93
1,177,311.4,511.93
245.27,173.8,292.2,285.8
1,154.6,264.47,327.4
317.8,294.33,494.87,511.93
1,153.53,188.73,268.73
1,1,232.47,124.73
7.4,257,67.133,370.07
403.13,228.2,447.93,324.2
137.53,86.333,278.33,237.8
100.2,294.33,284.73,403.13
141.8,1,370.07,237.8
1,181.27,220.73,392.47
235.67,84.2,308.2,152.47
323.13,1,399.93,189.8
300.73,69.267,362.6,171.67
103.4,313.53,210.07,389.27
223.93,1,303.93,324.2
443.67,149.27,511.93,347.67
136.47,1,511.93,278.33
362.6,77.8,511.93,395.67
1,122.6,255.93,331.67
141.8,1,511.93,409.53
135.4,77.8,301.8,399.93
153.53,261.27,212.2,325.27
114.07,324.2,470.33,511.93
386.07,344.47,511.93,501.27
244.2,110.87,334.87,347.67
1,255.93,210.07,511.93
150.33,264.47,255.93,327.4
353,1,511.93,142.87
301.8,110.87,365.8,302.87
283.67,72.467,444.73,278.33
172.73,237.8,310.33,429.8
158.87,281.53,213.27,323.13
365.8,71.4,511.93,347.67
261.27,184.47,396.73,413.8
161,142.87,221.8,201.53
1,254.87,309.27,511.93
24.467,1,221.8,46.867
298.6,1,386.07,110.87
178.07,287.93,511.93,511.93
365.8,188.73,511.93,349.8
289,324.2,470.33,511.93
187.67,196.2,511.93,511.93
167.4,8.4667,221.8,101.27
346.6,1,482.07,142.87
1,132.2,199.4,370.07
397.8,424.47,470.33,497
264.47,338.07,321,411.67
209,118.33,251.67,169.53
97,103.4,277.27,228.2
302.87,206.87,360.47,280.47
311.4,262.33,511.93,511.93
245.27,137.53,364.73,430.87
1,58.6,228.2,231.4
140.73,1,511.93,413.8
372.2,71.4,482.07,143.93
1,13.8,145,231.4
273,196.2,370.07,511.93
322.07,73.533,479.93,124.73
98.067,154.6,253.8,308.2
265.53,287.93,511.93,511.93
44.733,8.4667,162.07,99.133
405.27,200.47,469.27,276.2
267.67,1,397.8,189.8
98.067,154.6,264.47,325.27
303.93,202.6,454.33,511.93
1,1,250.6,259.13
298.6,1,386.07,105.53
294.33,206.87,369,413.8
23.4,367.93,392.47,511.93
170.6,187.67,255.93,244.2
33,236.73,86.333,277.27
266.6,293.27,463.93,511.93
298.6,1,367.93,58.6
301.8,209,360.47,302.87
141.8,1,339.13,218.6
298.6,1,469.27,105.53
297.53,385,339.13,456.47
346.6,1,479.93,124.73
135.4,77.8,292.2,236.73
155.67,326.33,229.27,389.27
140.73,7.4,266.6,139.67
383.93,116.2,455.4,191.93
146.07,175.93,199.4,241
14.867,175.93,321,411.67
140.73,154.6,253.8,268.73
298.6,1,511.93,196.2
140.73,445.8,281.53,511.93
102.33,306.07,255.93,404.2
321,1,511.93,362.6
409.53,92.733,498.07,139.67
367.93,1,511.93,142.87
161,129,241,246.33
14.867,175.93,258.07,324.2
235.67,44.733,351.93,393.53
210.07,430.87,279.4,475.67
8.4667,266.6,195.13,509.8
297.53,343.4,339.13,456.47
97,111.93,245.27,202.6
1,1,232.47,231.4
298.6,1,341.27,97
1,55.4,153.53,228.2
1,1,221.8,52.2
235.67,125.8,351.93,393.53
273,402.07,379.67,511.93
137.53,111.93,249.53,156.73
365.8,197.27,444.73,312.47
266.6,293.27,511.93,511.93
361.53,1,511.93,200.47
137.53,122.6,239.93,195.13
291.13,1,353,135.4
283.67,78.867,444.73,260.2
305,285.8,511.93,511.93
87.4,12.733,146.07,99.133
137.53,122.6,239.93,204.73
371.13,1,511.93,142.87
309.27,209,360.47,257
191.93,303.93,237.8,402.07
372.2,78.867,511.93,196.2
299.67,82.067,363.67,140.73
140.73,385,309.27,511.93
296.47,1,455.4,378.6
235.67,31.933,303.93,324.2
332.73,184.47,388.2,347.67
8.4667,261.27,210.07,511.93
2.0667,257,149.27,511.93
414.87,147.13,511.93,309.27
399.93,200.47,511.93,511.93
157.8,175.93,209,321
267.67,1,511.93,347.67
306.07,1,369,85.267
138.6,117.27,251.67,200.47
1,255.93,392.47,511.93
156.73,1,293.27,107.67
1,55.4,150.33,230.33
313.53,245.27,358.33,305
178.07,446.87,264.47,487.4
2.0667,1,250.6,168.47
1,30.867,93.8,88.467
261.27,134.33,306.07,189.8
1,55.4,222.87,230.33
1,1,230.33,55.4
114.07,1,305,138.6
114.07,371.13,392.47,511.93
1,30.867,93.8,119.4
102.33,296.47,206.87,398.87
150.33,264.47,254.87,323.13
266.6,130.07,331.67,193
98.067,154.6,254.87,308.2
381.8,181.27,511.93,349.8
97,135.4,171.67,182.33
342.33,1,414.87,105.53
457.53,149.27,511.93,200.47
185.53,116.2,362.6,402.07
347.67,293.27,511.93,511.93
183.4,198.33,254.87,243.13
402.07,116.2,497,196.2
27.667,196.2,141.8,311.4
402.07,117.27,511.93,195.13
82.067,306.07,309.27,510.87
437.27,1,511.93,135.4
210.07,293.27,511.93,511.93
140.73,1,302.87,131.13
119.4,7.4,266.6,139.67
167.4,219.67,270.87,403.13
1,254.87,205.8,511.93
1,137.53,364.73,410.6
235.67,84.2,395.67,233.53
231.4,338.07,271.93,398.87
185.53,105.53,511.93,409.53
260.2,298.6,310.33,349.8
289,1,362.6,171.67
14.867,187.67,270.87,404.2
366.87,109.8,468.2,227.13
1,55.4,171.67,230.33
131.13,161,188.73,233.53
372.2,71.4,481,143.93
346.6,73.533,439.4,275.13
191.93,131.13,246.33,196.2
102.33,296.47,212.2,367.93
159.93,337,206.87,391.4
141.8,1,511.93,261.27
131.13,123.67,255.93,246.33
140.73,154.6,217.53,268.73
140.73,1,386.07,131.13
93.8,203.67,156.73,310.33
385,108.73,442.6,162.07
403.13,117.27,511.93,196.2
226.07,61.8,292.2,237.8
1,225,311.4,511.93
1,132.2,188.73,295.4
1,255.93,282.6,511.93
394.6,262.33,456.47,349.8
399.93,200.47,511.93,397.8
200.47,274.07,258.07,332.73
364.73,76.733,444.73,223.93
273,433,339.13,511.93
210.07,322.07,270.87,396.73
161,149.27,206.87,190.87
269.8,104.47,331.67,152.47
141.8,1,370.07,206.87
186.6,130.07,246.33,196.2
299.67,82.067,363.67,146.07
346.6,115.13,439.4,199.4
311.4,324.2,470.33,511.93
382.87,117.27,444.73,260.2
302.87,206.87,360.47,305
141.8,1,479.93,237.8
303.93,206.87,364.73,366.87
413.8,319.93,511.93,450.07
1,2.0667,179.13,228.2
90.6,8.4667,162.07,58.6
1,154.6,264.47,325.27
150.33,195.13,260.2,333.8
314.6,206.87,360.47,285.8
309.27,78.867,444.73,260.2
355.13,324.2,470.33,511.93
157.8,1,302.87,109.8
430.87,357.27,511.93,511.93
136.47,1,386.07,131.13
10.6,62.867,86.333,154.6
277.27,134.33,342.33,347.67
205.8,105.53,447.93,409.53
23.4,455.4,195.13,511.93
108.73,203.67,156.73,310.33
290.07,196.2,342.33,266.6
235.67,73.533,439.4,275.13
141.8,1,339.13,261.27
265.53,262.33,511.93,511.93
139.67,110.87,334.87,347.67
405.27,200.47,477.8,306.07
354.07,387.13,455.4,511.93
1,177,98.067,511.93
137.53,103.4,246.33,204.73
103.4,303.93,250.6,403.13
180.2,246.33,220.73,293.27
102.33,306.07,309.27,511.93
268.73,116.2,340.2,402.07
1,241,195.13,511.93
395.67,311.4,511.93,408.47
200.47,301.8,270.87,403.13
131.13,122.6,255.93,331.67
221.8,218.6,268.73,324.2
103.4,303.93,252.73,403.13
49,209,150.33,309.27
251.67,338.07,364.73,430.87
451.13,51.133,511.93,93.8
137.53,121.53,246.33,204.73
361.53,76.733,444.73,347.67
27.667,198.33,129,298.6
210.07,394.6,392.47,511.93
1,1,46.867,51.133
367.93,1,444.73,138.6
434.07,28.733,511.93,142.87
58.6,11.667,146.07,100.2
1,254.87,199.4,511.93
408.47,381.8,467.13,493.8
123.67,367.93,283.67,454.33
381.8,230.33,466.07,349.8
463.93,181.27,511.93,310.33
235.67,44.733,360.47,393.53
66.067,11.667,138.6,52.2
1,78.867,142.87,231.4
226.07,1,338.07,218.6
161,123.67,255.93,246.33
131.13,92.733,260.2,200.47
49,172.73,199.4,370.07
255.93,163.13,300.73,259.13
44.733,15.933,122.6,95.933
266.6,110.87,334.87,347.67
58.6,10.6,157.8,140.73
283.67,187.67,332.73,347.67
139.67,454.33,282.6,510.87
303.93,119.4,365.8,252.73
228.2,115.13,365.8,237.8
238.87,1,362.6,171.67
137.53,103.4,260.2,204.73
402.07,116.2,497,186.6
437.27,27.667,511.93,135.4
267.67,116.2,311.4,189.8
391.4,1,511.93,142.87
183.4,223.93,276.2,322.07
298.6,1,385,105.53
364.73,107.67,511.93,362.6
373.27,198.33,462.87,324.2
58.6,13.8,146.07,100.2
446.87,194.07,511.93,303.93
271.93,134.33,340.2,402.07
1,221.8,82.067,268.73
153.53,13.8,200.47,88.467
167.4,14.867,221.8,101.27
2.0667,257,309.27,511.93
296.47,119.4,396.73,378.6
167.4,1,303.93,403.13
391.4,1,511.93,196.2
228.2,406.33,297.53,451.13
173.8,125.8,254.87,228.2
402.07,22.333,511.93,196.2
1,1,153.53,55.4
100.2,86.333,284.73,403.13
186.6,125.8,246.33,196.2
14.867,196.2,141.8,311.4
361.53,76.733,481,347.67
172.73,184.47,396.73,429.8
411.67,344.47,468.2,417
366.87,116.2,468.2,226.07
235.67,68.2,291.13,111.93
150.33,264.47,254.87,327.4
1,132.2,188.73,268.73
388.2,1,511.93,135.4
346.6,72.467,403.13,119.4
90.6,306.07,309.27,454.33
339.13,1,397.8,115.13
98.067,175.93,209,321
396.73,147.13,511.93,309.27
456.47,225,511.93,306.07
399.93,1,511.93,196.2
402.07,22.333,511.93,199.4
391.4,71.4,482.07,138.6
142.87,99.133,266.6,246.33
367.93,1,511.93,138.6
182.33,237.8,310.33,429.8
299.67,11.667,341.27,97
283.67,72.467,444.73,260.2
351.93,107.67,395.67,198.33
137.53,103.4,277.27,228.2
396.73,206.87,453.27,324.2
313.53,350.87,363.67,409.53
303.93,206.87,361.53,343.4
316.73,139.67,395.67,233.53
325.27,109.8,370.07,366.87
150.33,125.8,260.2,333.8
131.13,227.13,172.73,310.33
399.93,231.4,487.4,347.67
318.87,293.27,463.93,511.93
354.07,190.87,396.73,378.6
140.73,1,312.47,125.8
362.6,105.53,447.93,378.6
219.67,1,302.87,88.467
102.33,333.8,255.93,404.2
14.867,175.93,258.07,321
154.6,8.4667,221.8,101.27
178.07,406.33,303.93,487.4
27.667,238.87,129,298.6
394.6,262.33,485.27,349.8
97,1,511.93,362.6
247.4,307.13,313.53,393.53
245.27,171.67,340.2,358.33
212.2,301.8,270.87,399.93
244.2,173.8,305,317.8
114.07,453.27,282.6,511.93
365.8,108.73,463.93,324.2
244.2,173.8,292.2,285.8
470.33,147.13,511.93,199.4
141.8,1,369,261.27
141.8,5.2667,257,122.6
137.53,122.6,246.33,204.73
294.33,206.87,361.53,341.27
257,71.4,403.13,188.73
395.67,294.33,463.93,393.53
140.73,1,302.87,116.2
266.6,348.73,407.4,511.93
138.6,92.733,260.2,200.47
402.07,1,511.93,310.33
1,1,221.8,138.6
265.53,421.27,392.47,511.93
380.73,344.47,511.93,511.93
141.8,11.667,257,122.6
97,1,479.93,274.07
273,422.33,344.47,511.93
266.6,403.13,407.4,511.93
118.33,313.53,210.07,389.27
131.13,92.733,260.2,202.6
248.47,47.933,293.27,92.733
109.8,301.8,270.87,404.2
136.47,1,250.6,85.267
233.53,61.8,292.2,165.27
463.93,190.87,511.93,310.33
1,153.53,264.47,403.13
97,142.87,221.8,201.53
395.67,287.93,511.93,392.47
1,2.0667,225,228.2
380.73,287.93,511.93,511.93
153.53,203.67,234.6,331.67
180.2,246.33,254.87,317.8
14.867,188.73,260.2,332.73
363.67,377.53,420.2,511.93
273,281.53,346.6,372.2
157.8,203.67,241,399.93
1,154.6,264.47,403.13
235.67,31.933,294.33,324.2
428.73,28.733,499.13,116.2
292.2,399.93,387.13,511.93
137.53,103.4,260.2,228.2
403.13,200.47,477.8,276.2
103.4,209,150.33,300.73
157.8,1,250.6,79.933
212.2,245.27,260.2,290.07
317.8,383.93,466.07,511.93
361.53,76.733,468.2,347.67
405.27,117.27,511.93,195.13
52.2,212.2,145,302.87
292.2,394.6,392.47,511.93
406.33,11.667,472.47,65
167.4,19.133,216.47,95.933
463.93,66.067,511.93,142.87
434.07,1,511.93,142.87
140.73,1,302.87,201.53
428.73,28.733,499.13,118.33
1,225,195.13,511.93
167.4,219.67,260.2,332.73
210.07,306.07,270.87,402.07
291.13,87.4,350.87,127.93
173.8,125.8,239.93,195.13
232.47,275.13,295.4,389.27
313.53,230.33,361.53,332.73
372.2,225,477.8,321
102.33,296.47,212.2,398.87
446.87,194.07,511.93,287.93
394.6,262.33,511.93,349.8
157.8,163.13,301.8,399.93
314.6,202.6,363.67,293.27
27.667,237.8,107.67,287.93
342.33,1,397.8,105.53
43.667,233.53,141.8,311.4
93.8,132.2,171.67,198.33
143.93,319.93,210.07,389.27
366.87,109.8,511.93,349.8
97,135.4,191.93,182.33
294.33,109.8,370.07,413.8
309.27,1,511.93,135.4
255.93,163.13,301.8,261.27
205.8,229.27,260.2,293.27
365.8,188.73,511.93,511.93
306.07,315.67,445.8,511.93
372.2,194.07,511.93,324.2
283.67,250.6,332.73,347.67
438.33,154.6,511.93,349.8
266.6,402.07,379.67,511.93
210.07,294.33,313.53,402.07
206.87,118.33,251.67,189.8
141.8,8.4667,259.13,114.07
406.33,11.667,468.2,65
153.53,1,305,138.6
372.2,78.867,511.93,197.27
271.93,338.07,316.73,407.4
306.07,1,458.6,85.267
254.87,1,302.87,88.467
397.8,424.47,470.33,511.93
231.4,298.6,310.33,429.8
437.27,51.133,479.93,93.8
98.067,154.6,264.47,308.2
103.4,299.67,258.07,403.13
397.8,230.33,453.27,324.2
395.67,295.4,454.33,392.47
437.27,33,511.93,135.4
372.2,297.53,426.6,353
1,206.87,98.067,511.93
354.07,415.93,413.8,511.93
191.93,110.87,334.87,347.67
397.8,455.4,455.4,509.8
116.2,306.07,158.87,359.4
261.27,184.47,388.2,413.8
109.8,333.8,255.93,404.2
314.6,228.2,360.47,322.07
365.8,153.53,511.93,324.2
139.67,175.93,205.8,274.07
465,66.067,511.93,139.67
348.73,310.33,430.87,511.93
182.33,195.13,254.87,284.73
31.933,220.73,118.33,287.93
136.47,7.4,220.73,58.6
106.6,209,150.33,295.4
49,367.93,392.47,511.93
229.27,1,274.07,71.4
298.6,1,349.8,58.6
245.27,157.8,300.73,285.8
244.2,134.33,305,317.8
140.73,1,362.6,402.07
298.6,1,472.47,114.07
199.4,433,292.2,475.67
372.2,197.27,462.87,324.2
397.8,424.47,441.53,497
97,111.93,254.87,228.2
23.4,391.4,309.27,511.93
346.6,73.533,479.93,124.73
11.667,175.93,260.2,323.13
52.2,212.2,212.2,325.27
219.67,1,302.87,94.867
355.13,324.2,427.67,409.53
137.53,453.27,282.6,511.93
1,1,56.467,72.467
319.93,230.33,364.73,366.87
372.2,115.13,511.93,319.93
322.07,66.067,479.93,124.73
190.87,311.4,234.6,399.93
210.07,294.33,319.93,404.2
1,1,250.6,54.333
44.733,17,122.6,95.933
314.6,228.2,367.93,367.93
418.07,295.4,487.4,347.67
290.07,196.2,360.47,266.6
219.67,1,274.07,71.4
342.33,30.867,385,111.93
227.13,103.4,279.4,201.53
137.53,391.4,309.27,511.93
52.2,212.2,220.73,392.47
298.6,1,340.2,102.33
173.8,125.8,239.93,171.67
90.6,172.73,199.4,370.07
226.07,1,303.93,324.2
157.8,203.67,234.6,331.67
280.47,290.07,346.6,372.2
457.53,123.67,511.93,194.07
430.87,440.47,501.27,511.93
165.27,1,302.87,131.13
291.13,1,353,131.13
156.73,22.333,221.8,101.27
23.4,386.07,311.4,511.93
226.07,1,294.33,51.133
289,1,339.13,115.13
58.6,13.8,145,94.867
291.13,12.733,353,115.13
11.667,197.27,146.07,295.4
1,221.8,106.6,268.73
58.6,10.6,196.2,168.47
361.53,66.067,482.07,143.93
342.33,1,394.6,105.53
115.13,386.07,311.4,511.93
443.67,298.6,511.93,347.67
355.13,324.2,466.07,424.47
1,78.867,171.67,231.4
165.27,1,302.87,109.8
76.733,234.6,120.47,279.4
290.07,196.2,360.47,273
290.07,422.33,338.07,511.93
348.73,310.33,454.33,511.93
161,99.133,266.6,246.33
362.6,105.53,426.6,395.67
303.93,202.6,363.67,332.73
245.27,171.67,351.93,393.53
366.87,153.53,463.93,206.87
294.33,76.733,481,413.8
323.13,1,455.4,191.93
1,255.93,149.27,511.93
276.2,72.467,403.13,141.8
407.4,3.1333,469.27,65
457.53,149.27,511.93,194.07
369,56.467,454.33,104.47
294.33,230.33,361.53,341.27
19.133,1,250.6,61.8
194.07,357.27,255.93,404.2
342.33,1,414.87,114.07
218.6,85.267,259.13,125.8
291.13,393.53,335.93,440.47
191.93,434.07,282.6,485.27
397.8,426.6,461.8,511.93
290.07,1,338.07,103.4
285.8,196.2,361.53,379.67
317.8,277.27,511.93,511.93
255.93,163.13,300.73,261.27
264.47,337,316.73,407.4
155.67,303.93,250.6,403.13
221.8,1,365.8,243.13
372.2,197.27,476.73,324.2
443.67,225,511.93,347.67
167.4,1,312.47,125.8
449,311.4,511.93,351.93
369,377.53,420.2,469.27
157.8,8.4667,222.87,79.933
430.87,371.13,511.93,501.27
273,281.53,346.6,398.87
167.4,39.4,215.4,94.867
267.67,1,327.4,189.8
257,71.4,403.13,141.8
199.4,196.2,370.07,511.93
182.33,264.47,310.33,429.8
14.867,188.73,270.87,404.2
165.27,19.133,216.47,95.933
245.27,125.8,351.93,392.47
14.867,220.73,61.8,265.53
109.8,303.93,257,404.2
117.27,10.6,157.8,78.867
118.33,300.73,212.2,358.33
428.73,1,499.13,116.2
199.4,293.27,319.93,404.2
264.47,276.2,346.6,398.87
87.4,188.73,260.2,332.73
440.47,194.07,497,273
317.8,401,379.67,481
414.87,193,511.93,309.27
305,387.13,458.6,511.93
211.13,51.133,263.4,109.8
437.27,33,479.93,94.867
1,1,250.6,72.467
365.8,188.73,511.93,318.87
355.13,324.2,466.07,409.53
451.13,1,511.93,131.13
391.4,71.4,511.93,196.2
269.8,338.07,310.33,391.4
156.73,229.27,213.27,323.13
405.27,10.6,472.47,65
5.2667,220.73,98.067,296.47
415.93,262.33,466.07,349.8
5.2667,206.87,63.933,250.6
65,153.53,157.8,197.27
317.8,294.33,511.93,511.93
156.73,213.27,198.33,287.93
425.53,423.4,469.27,501.27
342.33,1,511.93,142.87
42.6,1,221.8,43.667
132.2,367.93,283.67,454.33
372.2,71.4,482.07,118.33
401,181.27,511.93,258.07
212.2,306.07,270.87,402.07
301.8,134.33,365.8,237.8
287.93,290.07,332.73,348.73
361.53,1,511.93,196.2
88.467,93.8,225,189.8
44.733,1,221.8,138.6
453.27,443.67,501.27,511.93
391.4,1,473.53,66.067
236.73,118.33,279.4,218.6
118.33,315.67,199.4,358.33
366.87,116.2,468.2,227.13
163.13,333.8,255.93,404.2
210.07,294.33,313.53,404.2
140.73,7.4,254.87,125.8
296.47,119.4,365.8,343.4
273,305,370.07,511.93
178.07,446.87,282.6,487.4
222.87,322.07,270.87,374.33
386.07,344.47,501.27,450.07
457.53,149.27,511.93,252.73
139.67,154.6,268.73,333.8
346.6,73.533,439.4,247.4
70.333,209,150.33,309.27
291.13,1,499.13,142.87
191.93,121.53,246.33,186.6
116.2,306.07,165.27,359.4
19.133,1,250.6,72.467
385,117.27,444.73,318.87
269.8,307.13,313.53,391.4
270.87,142.87,311.4,189.8
138.6,117.27,260.2,200.47
463.93,94.867,511.93,310.33
183.4,198.33,254.87,264.47
395.67,334.87,438.33,388.2
401,1,468.2,65
178.07,429.8,298.6,475.67
215.4,245.27,260.2,290.07
434.07,28.733,498.07,98.067
444.73,231.4,511.93,346.6
88.467,133.27,196.2,189.8
78.867,212.2,136.47,269.8
346.6,78.867,390.33,119.4
31.933,222.87,118.33,277.27
191.93,430.87,290.07,485.27
413.8,231.4,511.93,511.93
428.73,50.067,498.07,116.2
136.47,371.13,293.27,455.4
23.4,453.27,282.6,511.93
301.8,123.67,365.8,237.8
103.4,313.53,220.73,392.47
228.2,433,292.2,475.67
298.6,13.8,340.2,93.8
271.93,171.67,340.2,402.07
221.8,110.87,365.8,237.8
339.13,1,397.8,189.8
27.667,196.2,108.73,287.93
434.07,28.733,511.93,139.67
1,196.2,108.73,287.93
406.33,11.667,498.07,135.4
29.8,197.27,121.53,270.87
35.133,196.2,88.467,237.8
347.67,293.27,463.93,511.93
98.067,175.93,258.07,321
367.93,1,499.13,138.6
315.67,375.4,360.47,474.6
463.93,181.27,511.93,242.07
386.07,116.2,455.4,191.93
153.53,236.73,212.2,325.27
266.6,394.6,349.8,511.93
305,356.2,458.6,511.93
103.4,300.73,265.53,403.13
391.4,56.467,454.33,104.47
298.6,1,511.93,310.33
97,111.93,254.87,274.07
2.0667,1,250.6,61.8
255.93,163.13,303.93,259.13
170.6,164.2,242.07,221.8
308.2,109.8,374.33,199.4
408.47,2.0667,473.53,63.933
27.667,220.73,98.067,274.07
163.13,301.8,270.87,404.2
299.67,82.067,357.27,133.27
444.73,231.4,511.93,330.6
137.53,86.333,264.47,165.27
257,72.467,403.13,141.8
395.67,197.27,444.73,258.07
318.87,403.13,461.8,511.93
185.53,294.33,274.07,403.13
428.73,1,511.93,310.33
232.47,1,338.07,218.6
154.6,1,312.47,125.8
78.867,212.2,145,302.87
191.93,103.4,277.27,165.27
205.8,219.67,260.2,332.73
250.6,11.667,302.87,88.467
387.13,198.33,462.87,321
373.27,373.27,413.8,495.93
2.0667,257,282.6,511.93
140.73,19.133,183.4,99.133
70.333,239.93,125.8,289
161,175.93,201.53,254.87
267.67,122.6,311.4,187.67
268.73,315.67,369,413.8
397.8,235.67,453.27,324.2
285.8,253.8,327.4,343.4
90.6,306.07,199.4,370.07
228.2,110.87,365.8,237.8
297.53,314.6,371.13,456.47
19.133,2.0667,155.67,61.8
365.8,153.53,468.2,206.87
401,11.667,468.2,65
446.87,194.07,511.93,306.07
439.4,326.33,511.93,418.07
157.8,1,302.87,116.2
161,118.33,251.67,246.33
245.27,137.53,364.73,410.6
299.67,1,511.93,135.4
77.8,180.2,171.67,309.27
184.47,393.53,392.47,511.93
469.27,226.07,511.93,307.13
67.133,17,121.53,91.667
369,377.53,441.53,497
136.47,371.13,309.27,455.4
405.27,220.73,477.8,306.07
316.73,148.2,370.07,206.87
161,125.8,246.33,201.53
470.33,433,511.93,511.93
57.533,196.2,140.73,237.8
443.67,297.53,489.53,343.4
117.27,90.6,225,162.07
362.6,77.8,426.6,395.67
69.267,13.8,127.93,95.933
187.67,430.87,290.07,485.27
95.933,22.333,195.13,134.33
290.07,403.13,407.4,511.93
314.6,78.867,444.73,260.2
132.2,367.93,247.4,454.33
363.67,377.53,470.33,511.93
315.67,348.73,371.13,474.6
299.67,1,341.27,95.933
253.8,337,309.27,392.47
137.53,86.333,249.53,156.73
348.73,315.67,422.33,495.93
391.4,71.4,482.07,118.33
457.53,443.67,501.27,511.93
212.2,324.2,264.47,399.93
366.87,147.13,511.93,319.93
23.4,454.33,282.6,511.93
271.93,171.67,334.87,347.67
33,196.2,140.73,277.27
285.8,134.33,342.33,347.67
82.067,396.73,201.53,510.87
372.2,71.4,482.07,138.6
255.93,163.13,301.8,259.13
140.73,19.133,183.4,93.8
415.93,262.33,456.47,349.8
372.2,115.13,444.73,319.93
44.733,12.733,146.07,99.133
225,103.4,279.4,201.53
361.53,76.733,453.27,347.67
191.93,121.53,260.2,186.6
27.667,221.8,72.467,262.33
437.27,188.73,511.93,248.47
82.067,396.73,198.33,510.87
154.6,13.8,200.47,69.267
185.53,326.33,261.27,403.13
395.67,117.27,439.4,191.93
2.0667,257,67.133,511.93
261.27,230.33,369,413.8
87.4,154.6,264.47,325.27
372.2,225,440.47,321
191.93,142.87,246.33,186.6
5.2667,206.87,98.067,296.47
236.73,93.8,311.4,218.6
407.4,11.667,468.2,65
298.6,1,349.8,97
276.2,343.4,340.2,397.8
283.67,87.4,350.87,147.13
114.07,421.27,392.47,511.93
232.47,275.13,295.4,398.87
280.47,196.2,361.53,379.67
102.33,296.47,311.4,511.93
35.133,196.2,136.47,291.13
265.53,409.53,392.47,511.93
314.6,78.867,395.67,198.33
457.53,154.6,511.93,199.4
382.87,197.27,444.73,312.47
414.87,193,511.93,306.07
335.93,107.67,395.67,198.33
267.67,116.2,311.4,187.67
58.6,2.0667,156.73,124.73
372.2,71.4,482.07,140.73
227.13,117.27,277.27,165.27
319.93,429.8,392.47,511.93
139.67,154.6,253.8,274.07
1,62.867,171.67,231.4
132.2,367.93,309.27,454.33
1,196.2,140.73,277.27
1,55.4,161,230.33
77.8,175.93,260.2,323.13
189.8,179.13,254.87,228.2
232.47,116.2,362.6,402.07
1,1,55.4,54.333
441.53,440.47,501.27,511.93
25.533,153.53,188.73,235.67
306.07,1,369,81
47.933,1,221.8,44.733
244.2,134.33,292.2,317.8
185.53,274.07,254.87,317.8
369,1,425.53,67.133
178.07,446.87,254.87,487.4
232.47,1,290.07,67.133
27.667,196.2,107.67,287.93
183.4,223.93,294.33,322.07
364.73,76.733,444.73,207.93
371.13,1,473.53,67.133
298.6,1,341.27,55.4
325.27,184.47,388.2,347.67
1,175.93,316.73,407.4
385,109.8,441.53,162.07
156.73,14.867,254.87,125.8
354.07,387.13,458.6,511.93
184.47,380.73,283.67,449
186.6,130.07,238.87,186.6
232.47,429.8,298.6,475.67
442.6,287.93,489.53,329.53
73.533,188.73,156.73,311.4
1,62.867,227.13,231.4
366.87,116.2,468.2,225
232.47,275.13,274.07,343.4
68.2,203.67,156.73,310.33
273,428.73,344.47,511.93
468.2,194.07,511.93,303.93
150.33,195.13,255.93,327.4
382.87,196.2,424.47,260.2
372.2,71.4,481,140.73
413.8,319.93,511.93,457.53
245.27,171.67,332.73,349.8
88.467,122.6,198.33,189.8
102.33,296.47,167.4,367.93
167.4,229.27,260.2,332.73
325.27,148.2,370.07,366.87
311.4,375.4,445.8,511.93
65,90.6,225,197.27
298.6,1,397.8,189.8
383.93,287.93,511.93,392.47
335.93,78.867,395.67,198.33
33,222.87,118.33,277.27
191.93,326.33,235.67,402.07
1,1,56.467,55.4
306.07,1,425.53,67.133
261.27,137.53,364.73,366.87
235.67,46.867,294.33,324.2
110.87,91.667,228.2,166.33
142.87,458.6,191.93,506.6
394.6,235.67,466.07,349.8
306.07,1,369,58.6
209,47.933,253.8,125.8
154.6,13.8,200.47,66.067
373.27,206.87,437.27,321
73.533,188.73,172.73,311.4
27.667,221.8,81,274.07
373.27,198.33,462.87,321
73.533,264.47,146.07,311.4
183.4,198.33,252.73,243.13
161,163.13,301.8,322.07
314.6,206.87,360.47,253.8
232.47,275.13,310.33,398.87
137.53,86.333,278.33,165.27
321,190.87,364.73,334.87
118.33,300.73,199.4,358.33
178.07,143.93,225,195.13
289,375.4,378.6,457.53
1,55.4,225,228.2
290.07,196.2,360.47,277.27
100.2,294.33,267.67,403.13
387.13,198.33,462.87,324.2
157.8,203.67,209,319.93
305,406.33,353,485.27
206.87,218.6,260.2,333.8
444.73,231.4,485.27,329.53
369,377.53,420.2,447.93
443.67,297.53,511.93,349.8
438.33,297.53,511.93,349.8
402.07,116.2,497,167.4
97,142.87,239.93,202.6
103.4,313.53,220.73,389.27
212.2,322.07,270.87,399.93
319.93,429.8,387.13,503.4
31.933,220.73,118.33,277.27
303.93,202.6,365.8,334.87
367.93,1,425.53,94.867
395.67,294.33,511.93,501.27
363.67,280.47,404.2,395.67
268.73,337,309.27,391.4
372.2,78.867,498.07,139.67
298.6,1,341.27,85.267
372.2,115.13,466.07,319.93
136.47,7.4,222.87,85.267
326.33,1,369,81
397.8,427.67,466.07,511.93
161,129,234.6,246.33
163.13,303.93,257,404.2
25.533,159.93,171.67,235.67
299.67,1,341.27,85.267
228.2,433,283.67,473.53
402.07,116.2,511.93,196.2
399.93,231.4,511.93,397.8
68.2,178.07,157.8,310.33
262.33,298.6,310.33,361.53
184.47,394.6,392.47,511.93
200.47,274.07,254.87,317.8
153.53,203.67,260.2,332.73
299.67,1,341.27,97
136.47,9.5333,198.33,58.6
68.2,178.07,196.2,324.2
191.93,327.4,235.67,402.07
371.13,1,473.53,90.6
65,154.6,157.8,197.27
431.93,326.33,504.47,397.8
210.07,306.07,321,411.67
137.53,119.4,254.87,228.2
205.8,219.67,260.2,311.4
146.07,172.73,199.4,241
232.47,275.13,295.4,343.4
285.8,196.2,342.33,347.67
161,175.93,294.33,322.07
338.07,438.33,379.67,481
306.07,1,458.6,67.133
1,58.6,228.2,228.2
191.93,354.07,235.67,402.07
291.13,72.467,403.13,141.8
235.67,84.2,374.33,199.4
451.13,51.133,511.93,103.4
1,1,221.8,88.467
366.87,109.8,468.2,230.33
70.333,209,150.33,300.73
182.33,264.47,274.07,403.13
273,422.33,379.67,511.93
65,154.6,171.67,197.27
398.87,231.4,440.47,312.47
346.6,1,499.13,142.87
68.2,212.2,136.47,291.13
222.87,322.07,270.87,373.27
11.667,175.93,260.2,327.4
449,1,511.93,61.8
212.2,306.07,270.87,399.93
450.07,303.93,511.93,347.67
266.6,314.6,371.13,511.93
90.6,306.07,212.2,389.27
439.4,326.33,502.33,418.07
235.67,84.2,331.67,152.47
369,1,440.47,109.8
345.53,12.733,386.07,67.133
296.47,119.4,393.53,378.6
410.6,43.667,454.33,84.2
200.47,218.6,268.73,333.8
132.2,367.93,247.4,449
365.8,116.2,463.93,206.87
265.53,466.07,307.13,507.67
232.47,14.867,273,61.8
209,15.933,254.87,125.8
243.13,93.8,311.4,194.07
405.27,225,469.27,276.2
342.33,1,511.93,195.13
367.93,24.467,412.73,85.267
265.53,421.27,337,511.93
353,1,425.53,67.133
1,58.6,146.07,228.2
359.4,387.13,429.8,471.4
141.8,5.2667,342.33,195.13
171.67,190.87,254.87,246.33
140.73,391.4,309.27,511.93
339.13,1,389.27,189.8
321,190.87,365.8,334.87
235.67,84.2,292.2,133.27
396.73,227.13,453.27,324.2
232.47,429.8,291.13,475.67
457.53,154.6,511.93,235.67
341.27,44.733,385,105.53
335.93,401,392.47,463.93
1,221.8,108.73,268.73
269.8,104.47,342.33,195.13
5.2667,220.73,61.8,262.33
232.47,1,290.07,66.067
362.6,105.53,405.27,378.6
245.27,171.67,340.2,349.8
129,306.07,215.4,361.53
265.53,421.27,337,506.6
167.4,15.933,254.87,125.8
372.2,9.5333,414.87,70.333
187.67,327.4,235.67,402.07
14.867,213.27,71.4,265.53
181.27,227.13,250.6,274.07
140.73,11.667,254.87,125.8
103.4,300.73,316.73,407.4
315.67,122.6,362.6,193
302.87,206.87,361.53,332.73
138.6,117.27,238.87,186.6
1,1,232.47,55.4
1,2.0667,179.13,95.933
408.47,116.2,479.93,195.13
70.333,209,150.33,307.13
399.93,231.4,504.47,397.8
73.533,154.6,157.8,197.27
311.4,375.4,470.33,511.93
57.533,196.2,136.47,291.13
22.333,198.33,129,298.6
437.27,51.133,484.2,104.47
239.93,421.27,392.47,511.93
468.2,196.2,511.93,248.47
161,142.87,210.07,199.4
148.2,190.87,195.13,241
236.73,115.13,311.4,218.6
212.2,322.07,270.87,373.27
380.73,326.33,511.93,511.93
161,142.87,206.87,190.87
1,1,223.93,54.333
342.33,1,401,105.53
141.8,1,267.67,131.13
235.67,165.27,294.33,324.2
443.67,255.93,511.93,347.67
457.53,149.27,511.93,239.93
116.2,181.27,165.27,237.8
291.13,1,353,115.13
1,2.0667,179.13,100.2
312.47,344.47,364.73,388.2
163.13,333.8,206.87,377.53
249.53,84.2,292.2,132.2
223.93,362.6,264.47,403.13
245.27,157.8,364.73,430.87
137.53,86.333,254.87,156.73
200.47,301.8,270.87,396.73
159.93,5.2667,260.2,98.067
405.27,200.47,477.8,276.2
437.27,43.667,497,100.2
354.07,415.93,461.8,511.93
277.27,119.4,354.07,347.67
306.07,1,349.8,58.6
449,1,511.93,53.267
317.8,401,379.67,511.93
103.4,60.733,146.07,126.87
316.73,185.53,364.73,233.53
211.13,51.133,279.4,131.13
366.87,153.53,463.93,319.93
287.93,290.07,345.53,358.33
314.6,202.6,363.67,257
251.67,371.13,343.4,420.2
155.67,303.93,254.87,403.13
153.53,445.8,200.47,495.93
227.13,103.4,279.4,174.87
355.13,324.2,466.07,411.67
47.933,2.0667,113,44.733
129,244.2,212.2,325.27
185.53,267.67,254.87,317.8
139.67,454.33,214.33,510.87
386.07,289,443.67,348.73
116.2,172.73,199.4,359.4
266.6,110.87,331.67,193
214.33,139.67,260.2,237.8
431.93,326.33,511.93,441.53
14.867,220.73,61.8,262.33
385,285.8,511.93,501.27
252.73,231.4,310.33,349.8
52.2,2.0667,141.8,86.333
362.6,105.53,404.2,378.6
129,261.27,212.2,325.27
342.33,30.867,385,88.467
403.13,200.47,477.8,244.2
317.8,387.13,466.07,511.93
268.73,230.33,369,413.8
408.47,117.27,479.93,162.07
1,58.6,171.67,228.2
93.8,149.27,171.67,198.33
395.67,231.4,440.47,321
58.6,2.0667,156.73,100.2
87.4,202.6,156.73,310.33
372.2,115.13,444.73,318.87
84.2,202.6,138.6,279.4
385,116.2,455.4,191.93
386.07,344.47,511.93,511.93
383.93,310.33,430.87,376.47
275.13,1,327.4,122.6
196.2,130.07,245.27,173.8
311.4,342.33,363.67,409.53
363.67,280.47,404.2,378.6
137.53,111.93,228.2,156.73
141.8,5.2667,273,122.6
222.87,324.2,264.47,399.93
200.47,229.27,260.2,332.73
231.4,338.07,309.27,429.8
266.6,130.07,307.13,193
468.2,196.2,511.93,312.47
406.33,57.533,479.93,118.33
322.07,338.07,369,413.8
387.13,206.87,437.27,321
314.6,124.73,362.6,195.13
280.47,290.07,345.53,358.33
306.07,399.93,392.47,503.4
453.27,409.53,511.93,511.93
184.47,380.73,227.13,449
102.33,90.6,225,162.07
395.67,117.27,455.4,191.93
205.8,215.4,253.8,261.27
87.4,188.73,172.73,310.33
156.73,1,305,138.6
291.13,1,353,120.47
90.6,306.07,203.67,389.27
306.07,1,349.8,81
245.27,171.67,351.93,392.47
465,28.733,511.93,139.67
244.2,187.67,292.2,285.8
205.8,219.67,260.2,293.27
132.2,367.93,194.07,434.07
141.8,8.4667,230.33,101.27
200.47,322.07,270.87,396.73
78.867,188.73,156.73,310.33
371.13,1,414.87,70.333
210.07,306.07,278.33,402.07
317.8,401,398.87,511.93
183.4,216.47,247.4,265.53
116.2,233.53,199.4,359.4
232.47,28.733,334.87,218.6
374.33,439.4,420.2,511.93
395.67,197.27,442.6,258.07
385,294.33,494.87,493.8
245.27,157.8,310.33,349.8
364.73,76.733,438.33,178.07
81,2.0667,156.73,47.933
155.67,326.33,235.67,402.07
277.27,438.33,379.67,511.93
1,62.867,86.333,154.6
394.6,262.33,466.07,349.8
261.27,137.53,307.13,191.93
43.667,233.53,121.53,279.4
207.93,198.33,252.73,239.93
44.733,2.0667,154.6,138.6
371.13,1,413.8,67.133
245.27,171.67,364.73,410.6
95.933,159.93,171.67,229.27
185.53,326.33,235.67,402.07
405.27,116.2,479.93,196.2
404.2,437.27,470.33,487.4
189.8,19.133,248.47,111.93
135.4,102.33,246.33,236.73
189.8,391.4,309.27,453.27
382.87,196.2,442.6,260.2
372.2,225,447.93,321
252.73,187.67,295.4,333.8
163.13,337,206.87,391.4
156.73,7.4,293.27,107.67
233.53,61.8,292.2,133.27
100.2,345.53,206.87,389.27
214.33,139.67,260.2,202.6
298.6,1,340.2,93.8
387.13,206.87,447.93,321
173.8,385,309.27,453.27
138.6,117.27,241,200.47
268.73,116.2,362.6,402.07
348.73,310.33,430.87,495.93
316.73,148.2,365.8,237.8
257,11.667,302.87,88.467
232.47,28.733,311.4,218.6
114.07,10.6,157.8,95.933
185.53,294.33,274.07,360.47
327.4,401,373.27,459.67
291.13,217.53,343.4,340.2
1,221.8,82.067,263.4
392.47,11.667,458.6,90.6
249.53,433,309.27,507.67
200.47,216.47,260.2,300.73
362.6,73.533,418.07,124.73
235.67,125.8,351.93,392.47
283.67,72.467,403.13,141.8
443.67,285.8,489.53,343.4
182.33,195.13,250.6,265.53
298.6,1,412.73,105.53
403.13,197.27,477.8,306.07
1,59.667,146.07,228.2
167.4,39.4,221.8,101.27
229.27,1,274.07,94.867
117.27,10.6,157.8,94.867
11.667,175.93,316.73,407.4
82.067,396.73,216.47,510.87
238.87,46.867,293.27,194.07
236.73,1,290.07,57.533
155.67,345.53,210.07,389.27
103.4,22.333,195.13,134.33
346.6,1,440.47,124.73
191.93,145,233.53,186.6
313.53,206.87,360.47,253.8
342.33,1,511.93,135.4
163.13,311.4,234.6,399.93
165.27,1,274.07,109.8
113,210.07,156.73,310.33
395.67,334.87,454.33,497
77.8,175.93,255.93,323.13
238.87,47.933,293.27,194.07
110.87,90.6,228.2,166.33
155.67,300.73,258.07,403.13
228.2,77.8,292.2,132.2
339.13,1,399.93,189.8
87.4,202.6,138.6,245.27
132.2,367.93,194.07,440.47
159.93,54.333,204.73,94.867
97,142.87,228.2,202.6
470.33,149.27,511.93,194.07
442.6,297.53,487.4,347.67
438.33,194.07,511.93,349.8
155.67,175.93,255.93,323.13
191.93,145,239.93,196.2
102.33,296.47,212.2,412.73
372.2,154.6,511.93,349.8
207.93,303.93,274.07,360.47
299.67,66.067,479.93,138.6
426.6,344.47,468.2,417
258.07,11.667,302.87,86.333
391.4,335.93,438.33,389.27
167.4,39.4,214.33,94.867
248.47,47.933,293.27,111.93
191.93,303.93,250.6,403.13
261.27,337,309.27,392.47
174.87,458.6,216.47,509.8
141.8,227.13,191.93,321
156.73,14.867,221.8,101.27
314.6,202.6,363.67,253.8
275.13,44.733,327.4,122.6
439.4,375.4,493.8,422.33
245.27,157.8,303.93,285.8
129,222.87,172.73,308.2
342.33,1,463.93,105.53
437.27,14.867,511.93,135.4
11.667,197.27,121.53,270.87
347.67,293.27,463.93,453.27
141.8,1,267.67,98.067
405.27,228.2,447.93,307.13
443.67,297.53,511.93,346.6
408.47,1,472.47,63.933
212.2,284.73,258.07,332.73
388.2,1,472.47,70.333
470.33,147.13,511.93,188.73
2.0667,2.0667,113,54.333
78.867,188.73,142.87,279.4
309.27,344.47,364.73,410.6
185.53,326.33,265.53,403.13
1,62.867,142.87,231.4
161,129,255.93,246.33
322.07,315.67,369,413.8
302.87,204.73,360.47,252.73
2.0667,2.0667,179.13,95.933
191.93,130.07,246.33,196.2
103.4,60.733,154.6,138.6
238.87,111.93,291.13,194.07
87.4,188.73,156.73,310.33
387.13,76.733,444.73,138.6
227.13,1,294.33,47.933
280.47,298.6,330.6,360.47
11.667,197.27,135.4,270.87
305,401,353,485.27
354.07,415.93,415.93,511.93
187.67,327.4,250.6,403.13
252.73,223.93,330.6,364.73
318.87,403.13,407.4,511.93
244.2,187.67,292.2,317.8
437.27,1,511.93,142.87
14.867,196.2,129,298.6
87.4,12.733,138.6,67.133
311.4,375.4,441.53,497
391.4,42.6,445.8,100.2
167.4,29.8,216.47,95.933
437.27,194.07,511.93,306.07
25.533,2.0667,179.13,55.4
387.13,76.733,438.33,138.6
258.07,11.667,302.87,88.467
84.2,188.73,142.87,279.4
290.07,394.6,349.8,511.93
141.8,8.4667,221.8,101.27
14.867,213.27,71.4,254.87
313.53,202.6,363.67,296.47
332.73,184.47,385,297.53
167.4,14.867,254.87,125.8
69.267,13.8,142.87,100.2
299.67,1,479.93,138.6
373.27,71.4,481,140.73
369,377.53,420.2,494.87
117.27,91.667,196.2,162.07
103.4,345.53,206.87,389.27
142.87,313.53,210.07,389.27
299.67,97,345.53,138.6
159.93,54.333,216.47,94.867
264.47,338.07,310.33,391.4
311.4,53.267,356.2,106.6
227.13,430.87,279.4,475.67
346.6,1,469.27,124.73
366.87,116.2,456.47,206.87
140.73,453.27,281.53,511.93
244.2,173.8,292.2,317.8
359.4,387.13,429.8,456.47
159.93,19.133,248.47,98.067
268.73,337,309.27,392.47
217.53,15.933,293.27,107.67
428.73,7.4,499.13,116.2
413.8,381.8,454.33,444.73
298.6,13.8,385,105.53
283.67,171.67,334.87,347.67
404.2,437.27,455.4,483.13
385,367.93,425.53,409.53
199.4,131.13,246.33,182.33
239.93,421.27,337,506.6
165.27,19.133,279.4,131.13
342.33,1,412.73,105.53
139.67,154.6,217.53,274.07
185.53,197.27,255.93,244.2
78.867,212.2,136.47,283.67
165.27,371.13,293.27,450.07
415.93,348.73,466.07,392.47
306.07,399.93,350.87,488.47
437.27,51.133,479.93,94.867
141.8,227.13,196.2,324.2
391.4,335.93,438.33,388.2
2.0667,2.0667,179.13,55.4
98.067,185.53,174.87,310.33
199.4,131.13,245.27,177
214.33,229.27,260.2,293.27
319.93,429.8,392.47,503.4
271.93,403.13,407.4,511.93
27.667,234.6,129,298.6
439.4,358.33,486.33,418.07
251.67,338.07,364.73,420.2
155.67,303.93,243.13,403.13
197.27,358.33,255.93,404.2
314.6,228.2,359.4,322.07
311.4,105.53,447.93,409.53
71.4,178.07,157.8,222.87
291.13,386.07,335.93,440.47
5.2667,241,90.6,296.47
265.53,466.07,321,511.93
405.27,116.2,479.93,195.13
372.2,115.13,439.4,199.4
338.07,429.8,387.13,503.4
269.8,85.267,342.33,195.13
167.4,21.267,221.8,101.27
342.33,1,469.27,105.53
470.33,447.93,511.93,511.93
265.53,418.07,326.33,511.93
1,58.6,157.8,228.2
182.33,195.13,254.87,265.53
87.4,12.733,141.8,86.333
309.27,315.67,369,413.8
58.6,13.8,142.87,100.2
346.6,387.13,466.07,511.93
369,1,415.93,100.2
290.07,196.2,360.47,302.87
437.27,51.133,511.93,124.73
321,190.87,364.73,233.53
163.13,303.93,257,399.93
294.33,261.27,361.53,341.27
139.67,455.4,198.33,510.87
442.6,287.93,485.27,329.53
271.93,171.67,332.73,347.67
396.73,225,440.47,312.47
235.67,77.8,292.2,132.2
266.6,137.53,307.13,193
273,386.07,344.47,511.93
303.93,250.6,361.53,343.4
428.73,50.067,497,93.8
84.2,246.33,129,298.6
155.67,326.33,221.8,389.27
265.53,433,309.27,507.67
291.13,252.73,343.4,340.2
219.67,5.2667,260.2,46.867
405.27,149.27,511.93,196.2
163.13,303.93,241,399.93
161,175.93,209,254.87
385,132.2,440.47,318.87
296.47,234.6,361.53,343.4
232.47,1,290.07,61.8
204.73,23.4,248.47,111.93
206.87,118.33,251.67,172.73
146.07,175.93,199.4,230.33
98.067,247.4,145,302.87
366.87,151.4,456.47,206.87
403.13,181.27,511.93,258.07
405.27,220.73,469.27,276.2
306.07,12.733,353,115.13
305,401,383.93,485.27
217.53,15.933,259.13,114.07
151.4,102.33,246.33,200.47
27.667,222.87,129,298.6
393.53,295.4,436.2,337
430.87,404.2,501.27,501.27
155.67,213.27,198.33,287.93
385,294.33,511.93,501.27
342.33,1,395.67,105.53
155.67,300.73,265.53,403.13
252.73,285.8,310.33,349.8
395.67,287.93,489.53,392.47
69.267,246.33,129,298.6
161,149.27,210.07,199.4
306.07,421.27,350.87,488.47
313.53,129,362.6,199.4
135.4,175.93,181.27,236.73
399.93,231.4,440.47,298.6
205.8,270.87,276.2,322.07
106.6,209,150.33,300.73
159.93,1,267.67,98.067
52.2,2.0667,115.13,43.667
385,294.33,494.87,409.53
265.53,466.07,326.33,511.93
251.67,386.07,309.27,431.93
151.4,130.07,241,200.47
25.533,6.3333,140.73,55.4
309.27,338.07,364.73,388.2
270.87,119.4,354.07,347.67
210.07,294.33,270.87,402.07
316.73,110.87,365.8,237.8
311.4,375.4,378.6,451.13
125.8,22.333,195.13,134.33
210.07,306.07,270.87,396.73
408.47,117.27,497,195.13
252.73,275.13,305,346.6
393.53,289,443.67,337
437.27,44.733,479.93,94.867
290.07,435.13,339.13,511.93
114.07,10.6,157.8,91.667
385,132.2,439.4,199.4
154.6,102.33,246.33,172.73
303.93,250.6,344.47,332.73
359.4,387.13,429.8,452.2
165.27,19.133,263.4,109.8
117.27,91.667,228.2,162.07
310.33,87.4,350.87,127.93
154.6,455.4,216.47,509.8
140.73,175.93,205.8,268.73
451.13,17,511.93,131.13
365.8,197.27,444.73,318.87
95.933,212.2,136.47,254.87
283.67,227.13,332.73,347.67
314.6,206.87,361.53,332.73
200.47,7.4,293.27,107.67
399.93,104.47,479.93,196.2
150.33,264.47,213.27,323.13
235.67,84.2,279.4,130.07
90.6,306.07,165.27,370.07
156.73,229.27,197.27,287.93
287.93,290.07,334.87,355.13
265.53,119.4,354.07,347.67
470.33,445.8,511.93,511.93
290.07,469.27,339.13,511.93
183.4,246.33,276.2,322.07
205.8,119.4,354.07,364.73
298.6,283.67,340.2,338.07
125.8,92.733,195.13,134.33
382.87,225,440.47,312.47
338.07,429.8,392.47,503.4
362.6,105.53,430.87,378.6
229.27,318.87,274.07,360.47
342.33,1,472.47,105.53
184.47,380.73,247.4,449
1,1,113,51.133
438.33,285.8,489.53,343.4
219.67,5.2667,260.2,90.6
157.8,203.67,234.6,399.93
162.07,154.6,217.53,228.2
405.27,149.27,487.4,196.2
395.67,326.33,440.47,388.2
114.07,455.4,195.13,510.87
252.73,275.13,330.6,364.73
397.8,424.47,455.4,497
261.27,137.53,332.73,347.67
141.8,5.2667,290.07,122.6
285.8,253.8,343.4,343.4
399.93,295.4,487.4,347.67
188.73,149.27,241,200.47
308.2,129,362.6,199.4
298.6,1,341.27,41.533
346.6,115.13,439.4,247.4
337,447.93,387.13,511.93
303.93,273,361.53,343.4
397.8,407.4,445.8,511.93
159.93,21.267,204.73,94.867
363.67,280.47,426.6,395.67
258.07,22.333,300.73,86.333
115.13,386.07,311.4,510.87
153.53,281.53,212.2,325.27
93.8,236.73,137.53,279.4
346.6,61.8,395.67,124.73
470.33,430.87,511.93,499.13
386.07,344.47,501.27,501.27
27.667,221.8,98.067,274.07
418.07,399.93,467.13,493.8
285.8,253.8,361.53,379.67
319.93,316.73,364.73,366.87
430.87,371.13,511.93,511.93
346.6,11.667,395.67,124.73
156.73,22.333,214.33,94.867
395.67,334.87,440.47,388.2
235.67,84.2,292.2,132.2
117.27,180.2,171.67,309.27
386.07,253.8,447.93,348.73
191.93,145,239.93,188.73
161,175.93,209,270.87
306.07,425.53,350.87,488.47
385,100.2,481,140.73
312.47,342.33,364.73,388.2
397.8,405.27,445.8,511.93
291.13,393.53,335.93,438.33
243.13,93.8,300.73,194.07
273,433,344.47,511.93
291.13,267.67,343.4,343.4
399.93,284.73,487.4,347.67
391.4,42.6,444.73,100.2
427.67,326.33,504.47,397.8
470.33,422.33,511.93,511.93
342.33,1,472.47,114.07
437.27,191.93,511.93,312.47
348.73,366.87,422.33,495.93
116.2,233.53,165.27,359.4
167.4,39.4,212.2,94.867
184.47,459.67,282.6,510.87
451.13,51.133,511.93,131.13
291.13,267.67,343.4,340.2
437.27,51.133,511.93,135.4
277.27,452.2,337,511.93
366.87,116.2,456.47,225
157.8,175.93,209,319.93
194.07,391.4,247.4,449
150.33,264.47,234.6,323.13
205.8,223.93,330.6,364.73
385,294.33,463.93,409.53
270.87,115.13,311.4,188.73
257,101.27,308.2,152.47
58.6,17,121.53,91.667
359.4,387.13,455.4,509.8
285.8,253.8,340.2,347.67
324.2,305,370.07,428.73
321,438.33,379.67,511.93
106.6,230.33,150.33,295.4
367.93,415.93,413.8,456.47
1,2.0667,102.33,55.4
470.33,430.87,511.93,511.93
321,449,365.8,511.93
300.73,69.267,362.6,140.73
269.8,28.733,342.33,195.13
257,88.467,308.2,152.47
245.27,173.8,300.73,285.8
397.8,455.4,458.6,509.8
373.27,366.87,422.33,495.93
395.67,334.87,454.33,511.93
276.2,338.07,364.73,388.2
301.8,82.067,369,133.27
342.33,411.67,392.47,503.4
155.67,345.53,206.87,389.27
395.67,319.93,463.93,408.47
49,396.73,216.47,510.87
322.07,344.47,364.73,385
436.2,404.2,501.27,450.07
403.13,117.27,503.4,184.47
131.13,185.53,172.73,310.33
406.33,11.667,497,100.2
307.13,134.33,365.8,237.8
439.4,357.27,493.8,422.33
219.67,5.2667,260.2,52.2
292.2,399.93,350.87,511.93
362.6,73.533,479.93,124.73
122.6,180.2,171.67,309.27
307.13,134.33,360.47,209
156.73,239.93,197.27,287.93
307.13,444.73,350.87,488.47
155.67,326.33,243.13,402.07
408.47,116.2,479.93,162.07
337,437.27,387.13,511.93
381.8,402.07,429.8,456.47
67.133,13.8,145,94.867
306.07,378.6,445.8,511.93
312.47,350.87,363.67,409.53
437.27,31.933,497,100.2
141.8,11.667,204.73,98.067
323.13,394.6,392.47,463.93
2.0667,258.07,149.27,511.93
261.27,137.53,306.07,188.73
261.27,137.53,305,188.73
2.0667,2.0667,102.33,53.267
403.13,117.27,511.93,184.47
395.67,319.93,463.93,393.53
81,6.3333,140.73,47.933
185.53,345.53,235.67,402.07
303.93,273,344.47,332.73
1,1,52.2,51.133
2.0667,2.0667,102.33,55.4
397.8,427.67,458.6,509.8
372.2,306.07,426.6,353
419.13,399.93,467.13,501.27
151.4,153.53,219.67,198.33
457.53,1,511.93,194.07
189.8,19.133,257,122.6
77.8,236.73,137.53,289
231.4,434.07,282.6,485.27
405.27,200.47,477.8,244.2
301.8,91.667,348.73,133.27
385,132.2,439.4,318.87
450.07,305,508.73,347.67
342.33,438.33,392.47,503.4
123.67,367.93,194.07,454.33
155.67,175.93,199.4,246.33
222.87,322.07,270.87,399.93
98.067,185.53,172.73,310.33
374.33,439.4,415.93,511.93
395.67,294.33,511.93,408.47
395.67,326.33,440.47,392.47
385,132.2,444.73,318.87
408.47,117.27,511.93,195.13
300.73,69.267,348.73,133.27
232.47,46.867,292.2,132.2
386.07,344.47,468.2,417
252.73,171.67,332.73,347.67
450.07,305,511.93,347.67
277.27,422.33,379.67,511.93
77.8,236.73,137.53,285.8
380.73,402.07,429.8,452.2
395.67,334.87,454.33,444.73
318.87,422.33,379.67,481
437.27,43.667,497,91.667
6.3333,13.8,127.93,95.933
93.8,139.67,171.67,198.33
303.93,258.07,361.53,343.4
155.67,175.93,213.27,323.13
457.53,123.67,511.93,186.6
159.93,19.133,216.47,94.867
290.07,453.27,337,511.93
373.27,378.6,413.8,495.93
207.93,198.33,254.87,239.93
265.53,433,326.33,511.93
403.13,117.27,503.4,196.2
132.2,367.93,194.07,454.33
210.07,459.67,282.6,510.87
122.6,209,171.67,309.27
391.4,42.6,443.67,100.2
408.47,117.27,479.93,195.13
102.33,296.47,173.8,398.87
346.6,387.13,429.8,452.2
312.47,344.47,364.73,398.87
470.33,445.8,511.93,499.13
212.2,395.67,283.67,444.73
397.8,407.4,439.4,497
210.07,433,309.27,510.87
132.2,367.93,194.07,439.4
451.13,51.133,497,93.8
439.4,375.4,485.27,418.07
452.2,326.33,504.47,390.33
403.13,453.27,445.8,511.93
283.67,267.67,332.73,347.67
342.33,447.93,387.13,503.4
139.67,455.4,216.47,510.87
154.6,455.4,198.33,495.93
