22.333,220.73,172.73,340.2
1,1,255.93,511.93
255.93,76.733,328.47,351.93
262.33,73.533,339.13,188.73
1,1,327.4,511.93
22.333,1,341.27,511.93
34.067,1,341.27,511.93
183.4,1,341.27,188.73
162.07,1,341.27,511.93
1,1,341.27,511.93
231.4,397.8,282.6,445.8
279.4,1,341.27,477.8
22.333,150.33,279.4,371.13
55.4,220.73,172.73,301.8
1,244.2,239.93,511.93
249.53,177,310.33,435.13
1,151.4,239.93,511.93
200.47,1,341.27,511.93
219.67,386.07,341.27,505.53
1,1,266.6,511.93
209,312.47,341.27,511.93
200.47,194.07,341.27,511.93
1,1,341.27,243.13
209,407.4,341.27,511.93
255.93,76.733,328.47,346.6
54.333,199.4,232.47,397.8
94.867,190.87,190.87,338.07
183.4,1,244.2,68.2
94.867,193,203.67,287.93
198.33,1,341.27,511.93
188.73,242.07,229.27,303.93
1,1,274.07,511.93
209,441.53,268.73,511.93
149.27,151.4,255.93,324.2
1,162.07,236.73,290.07
22.333,146.07,261.27,342.33
283.67,247.4,331.67,374.33
98.067,174.87,194.07,230.33
248.47,161,341.27,511.93
219.67,414.87,274.07,491.67
219.67,409.53,341.27,511.93
209,337,341.27,511.93
169.53,291.13,215.4,341.27
1,1,327.4,340.2
118.33,199.4,232.47,338.07
34.067,76.733,270.87,342.33
194.07,147.13,341.27,511.93
177,227.13,232.47,324.2
1,150.33,279.4,511.93
198.33,94.867,262.33,149.27
162.07,1,341.27,211.13
1,1,258.07,342.33
34.067,230.33,99.133,275.13
1,151.4,236.73,397.8
1,1,182.33,243.13
1,1,247.4,257
1,1,258.07,511.93
22.333,238.87,137.53,290.07
285.8,296.47,341.27,345.53
175.93,1,341.27,511.93
1,147.13,341.27,511.93
222.87,1,326.33,243.13
218.6,312.47,334.87,491.67
143.93,190.87,187.67,247.4
22.333,146.07,258.07,342.33
279.4,213.27,327.4,347.67
105.53,250.6,172.73,301.8
206.87,1,341.27,511.93
1,1,247.4,243.13
219.67,434.07,307.13,511.93
294.33,1,341.27,186.6
219.67,296.47,341.27,505.53
22.333,231.4,126.87,290.07
179.13,1,327.4,103.4
215.4,1,341.27,511.93
6.3333,76.733,270.87,340.2
225,137.53,266.6,185.53
232.47,446.87,300.73,504.47
218.6,435.13,322.07,488.47
98.067,290.07,161,338.07
94.867,193,183.4,287.93
1,1,251.67,511.93
22.333,139.67,261.27,361.53
183.4,1,326.33,105.53
6.3333,193,247.4,340.2
227.13,353,296.47,442.6
200.47,194.07,287.93,388.2
231.4,312.47,331.67,491.67
162.07,77.8,261.27,195.13
55.4,220.73,148.2,263.4
265.53,269.8,310.33,435.13
215.4,151.4,341.27,511.93
183.4,1,324.2,83.133
177,199.4,230.33,324.2
261.27,1,341.27,342.33
1,238.87,251.67,511.93
22.333,139.67,258.07,342.33
1,1,327.4,249.53
209,441.53,341.27,511.93
269.8,299.67,341.27,486.33
262.33,1,341.27,354.07
1,1,239.93,511.93
165.27,150.33,243.13,195.13
136.47,231.4,209,337
22.333,186.6,258.07,342.33
158.87,1,249.53,157.8
283.67,185.53,341.27,477.8
279.4,1,341.27,187.67
261.27,1,341.27,477.8
181.27,188.73,235.67,242.07
228.2,342.33,280.47,388.2
1,237.8,181.27,344.47
183.4,1,326.33,99.133
210.07,1,341.27,511.93
279.4,1,341.27,298.6
197.27,161,341.27,511.93
248.47,151.4,323.13,434.07
269.8,296.47,341.27,486.33
270.87,386.07,334.87,461.8
296.47,438.33,341.27,511.93
213.27,342.33,280.47,388.2
282.6,1,324.2,45.8
34.067,196.2,247.4,340.2
19.133,230.33,166.33,291.13
179.13,1,247.4,103.4
285.8,197.27,328.47,270.87
1,1,247.4,261.27
293.27,1,341.27,187.67
293.27,72.467,334.87,170.6
248.47,161,308.2,435.13
158.87,230.33,247.4,340.2
88.467,197.27,184.47,239.93
213.27,194.07,287.93,388.2
265.53,73.533,326.33,141.8
81,199.4,250.6,342.33
219.67,161,341.27,511.93
207.93,119.4,331.67,434.07
265.53,337,334.87,461.8
34.067,231.4,126.87,285.8
141.8,186.6,258.07,342.33
153.53,236.73,247.4,340.2
98.067,139.67,194.07,230.33
237.8,150.33,341.27,477.8
105.53,151.4,167.4,225
162.07,146.07,255.93,294.33
194.07,326.33,341.27,511.93
273,115.13,329.53,211.13
181.27,189.8,235.67,239.93
6.3333,198.33,158.87,258.07
1,1,247.4,244.2
229.27,465,300.73,505.53
293.27,1,341.27,449
283.67,247.4,327.4,343.4
291.13,1,341.27,296.47
158.87,1,255.93,157.8
209,470.33,341.27,511.93
158.87,1,257,238.87
249.53,175.93,341.27,435.13
156.73,188.73,238.87,329.53
265.53,342.33,313.53,434.07
255.93,89.533,328.47,346.6
34.067,150.33,247.4,340.2
261.27,1,341.27,188.73
234.6,1,327.4,92.733
94.867,193,247.4,340.2
22.333,139.67,261.27,342.33
201.53,340.2,267.67,415.93
162.07,73.533,266.6,195.13
197.27,340.2,291.13,511.93
1,162.07,236.73,285.8
255.93,89.533,323.13,343.4
183.4,1,326.33,83.133
59.667,247.4,138.6,292.2
1,1,182.33,285.8
194.07,404.2,341.27,511.93
283.67,197.27,341.27,477.8
102.33,76.733,270.87,342.33
210.07,238.87,251.67,342.33
177,238.87,232.47,305
198.33,73.533,329.53,353
82.067,146.07,261.27,342.33
285.8,175.93,341.27,219.67
262.33,203.67,328.47,341.27
227.13,337,334.87,461.8
181.27,76.733,270.87,239.93
169.53,194.07,248.47,341.27
34.067,150.33,257,342.33
207.93,1,341.27,505.53
210.07,147.13,261.27,342.33
273,85.267,329.53,155.67
255.93,1,341.27,449
94.867,218.6,239.93,339.13
188.73,241,233.53,312.47
102.33,76.733,270.87,239.93
218.6,299.67,341.27,511.93
1,237.8,203.67,344.47
206.87,1,341.27,505.53
85.267,247.4,138.6,292.2
105.53,250.6,172.73,292.2
105.53,162.07,166.33,225
156.73,188.73,235.67,242.07
266.6,73.533,329.53,353
261.27,72.467,327.4,188.73
81,146.07,258.07,342.33
265.53,76.733,325.27,129
129,150.33,279.4,371.13
249.53,177,301.8,435.13
261.27,65,329.53,342.33
266.6,89.533,316.73,141.8
1,1,327.4,257
98.067,185.53,194.07,230.33
143.93,193,217.53,243.13
249.53,119.4,323.13,302.87
214.33,299.67,341.27,511.93
74.6,271.93,214.33,347.67
284.73,191.93,341.27,477.8
257,73.533,329.53,353
165.27,77.8,255.93,157.8
202.6,1,244.2,49
260.2,119.4,302.87,195.13
11.667,238.87,110.87,285.8
249.53,175.93,341.27,511.93
105.53,162.07,236.73,243.13
197.27,340.2,309.27,511.93
210.07,1,326.33,161
1,241,266.6,511.93
232.47,438.33,341.27,511.93
219.67,1,341.27,511.93
82.067,216.47,179.13,292.2
265.53,1,341.27,477.8
206.87,186.6,258.07,238.87
43.667,231.4,126.87,285.8
123.67,231.4,239.93,339.13
82.067,194.07,248.47,341.27
22.333,187.67,194.07,338.07
207.93,119.4,341.27,505.53
237.8,159.93,291.13,366.87
197.27,364.73,309.27,511.93
179.13,1,244.2,49
210.07,147.13,341.27,477.8
34.067,190.87,247.4,340.2
258.07,150.33,330.6,243.13
194.07,404.2,263.4,511.93
249.53,151.4,323.13,434.07
295.4,1,341.27,187.67
213.27,8.4667,257,83.133
198.33,75.667,302.87,253.8
285.8,227.13,326.33,270.87
237.8,150.33,330.6,366.87
206.87,146.07,255.93,229.27
197.27,406.33,280.47,511.93
177,203.67,230.33,324.2
94.867,193,183.4,262.33
22.333,237.8,138.6,292.2
177,226.07,230.33,324.2
249.53,159.93,305,434.07
284.73,1,341.27,477.8
105.53,1,341.27,238.87
249.53,159.93,323.13,434.07
188.73,195.13,236.73,239.93
143.93,76.733,270.87,342.33
268.73,435.13,322.07,481
261.27,77.8,325.27,211.13
1,198.33,266.6,511.93
219.67,337,341.27,505.53
279.4,1,341.27,186.6
234.6,1,326.33,92.733
183.4,1,327.4,99.133
284.73,215.4,341.27,477.8
1,1,268.73,511.93
255.93,150.33,330.6,243.13
209,394.6,341.27,511.93
198.33,73.533,341.27,511.93
34.067,230.33,136.47,291.13
162.07,1,326.33,195.13
284.73,189.8,341.27,477.8
169.53,227.13,238.87,341.27
141.8,146.07,249.53,193
273,85.267,329.53,141.8
94.867,218.6,175.93,287.93
225,76.733,283.67,253.8
268.73,423.4,341.27,479.93
293.27,72.467,334.87,171.67
265.53,72.467,334.87,196.2
1,245.27,260.2,511.93
226.07,1,326.33,161
1,1,247.4,249.53
1,1,249.53,249.53
162.07,146.07,261.27,195.13
183.4,1,327.4,105.53
228.2,1,341.27,188.73
261.27,89.533,316.73,187.67
213.27,196.2,287.93,388.2
1,237.8,268.73,511.93
175.93,171.67,236.73,239.93
283.67,298.6,325.27,346.6
55.4,220.73,145,263.4
43.667,231.4,136.47,291.13
177,230.33,232.47,312.47
296.47,431.93,341.27,487.4
94.867,196.2,247.4,339.13
249.53,177,292.2,388.2
94.867,190.87,187.67,266.6
215.4,194.07,257,342.33
271.93,1,327.4,75.667
98.067,139.67,172.73,230.33
105.53,1,257,238.87
231.4,364.73,307.13,469.27
11.667,244.2,103.4,285.8
1,151.4,236.73,290.07
228.2,1,303.93,161
283.67,212.2,331.67,374.33
188.73,241,230.33,291.13
6.3333,198.33,166.33,291.13
87.4,247.4,137.53,290.07
279.4,184.47,327.4,347.67
188.73,242.07,230.33,294.33
136.47,231.4,247.4,340.2
151.4,331.67,274.07,511.93
219.67,421.27,280.47,489.53
261.27,1,341.27,211.13
197.27,406.33,291.13,511.93
88.467,296.47,169.53,340.2
219.67,296.47,341.27,511.93
74.6,271.93,207.93,347.67
261.27,72.467,341.27,477.8
195.13,326.33,270.87,407.4
281.53,1,341.27,186.6
153.53,231.4,247.4,340.2
22.333,190.87,190.87,338.07
219.67,386.07,334.87,505.53
215.4,342.33,280.47,388.2
283.67,140.73,328.47,346.6
97,219.67,179.13,276.2
94.867,190.87,187.67,319.93
209,470.33,332.73,511.93
228.2,1,324.2,83.133
285.8,175.93,341.27,298.6
249.53,119.4,323.13,351.93
22.333,187.67,203.67,344.47
269.8,402.07,341.27,486.33
74.6,199.4,232.47,347.67
213.27,196.2,280.47,388.2
251.67,194.07,305,243.13
228.2,1,326.33,77.8
19.133,236.73,166.33,291.13
55.4,220.73,172.73,340.2
231.4,350.87,278.33,420.2
210.07,218.6,279.4,354.07
215.4,348.73,341.27,511.93
285.8,296.47,341.27,457.53
175.93,75.667,341.27,511.93
265.53,269.8,310.33,367.93
218.6,434.07,278.33,488.47
105.53,139.67,172.73,193
183.4,76.733,270.87,198.33
283.67,1,341.27,477.8
262.33,1,341.27,347.67
283.67,115.13,325.27,155.67
169.53,230.33,238.87,341.27
260.2,269.8,310.33,435.13
199.4,186.6,258.07,242.07
98.067,185.53,165.27,230.33
132.2,295.4,174.87,338.07
218.6,75.667,283.67,135.4
183.4,1,257,83.133
172.73,159.93,255.93,239.93
175.93,165.27,255.93,239.93
71.4,247.4,137.53,290.07
25.533,244.2,103.4,285.8
74.6,300.73,175.93,341.27
102.33,151.4,247.4,209
183.4,1,247.4,99.133
231.4,364.73,282.6,445.8
265.53,342.33,334.87,461.8
249.53,177,308.2,435.13
219.67,423.4,341.27,488.47
189.8,243.13,233.53,312.47
214.33,341.27,279.4,390.33
89.533,247.4,136.47,291.13
262.33,89.533,326.33,177
229.27,468.2,291.13,511.93
103.4,247.4,166.33,289
40.467,254.87,181.27,344.47
201.53,340.2,267.67,406.33
183.4,1,247.4,105.53
287.93,299.67,341.27,457.53
285.8,20.2,326.33,75.667
215.4,348.73,278.33,420.2
244.2,397.8,307.13,452.2
219.67,423.4,341.27,505.53
215.4,350.87,278.33,420.2
286.87,299.67,341.27,477.8
250.6,177,292.2,254.87
287.93,299.67,339.13,457.53
269.8,296.47,341.27,511.93
209,394.6,332.73,511.93
210.07,155.67,261.27,342.33
273,71.4,330.6,211.13
105.53,289,169.53,339.13
218.6,312.47,331.67,491.67
285.8,191.93,328.47,243.13
206.87,186.6,258.07,305
250.6,177,292.2,301.8
275.13,343.4,328.47,422.33
214.33,341.27,279.4,394.6
34.067,218.6,175.93,291.13
218.6,394.6,324.2,505.53
249.53,119.4,323.13,434.07
265.53,342.33,313.53,428.73
258.07,301.8,313.53,434.07
266.6,72.467,327.4,196.2
201.53,340.2,282.6,445.8
134.33,146.07,261.27,242.07
11.667,245.27,103.4,285.8
179.13,1,326.33,103.4
215.4,348.73,308.2,452.2
105.53,294.33,169.53,339.13
283.67,157.8,328.47,346.6
262.33,73.533,339.13,177
172.73,186.6,279.4,371.13
284.73,1,341.27,449
226.07,73.533,266.6,161
213.27,196.2,265.53,372.2
129,150.33,255.93,324.2
197.27,364.73,273,511.93
204.73,178.07,248.47,223.93
81,219.67,179.13,338.07
219.67,439.4,275.13,488.47
177,226.07,232.47,305
105.53,139.67,190.87,193
222.87,1,326.33,119.4
143.93,171.67,257,342.33
195.13,334.87,270.87,401
266.6,127.93,323.13,300.73
291.13,386.07,334.87,457.53
6.3333,198.33,158.87,266.6
98.067,287.93,174.87,338.07
284.73,312.47,326.33,357.27
162.07,146.07,257,238.87
196.2,191.93,236.73,243.13
231.4,312.47,331.67,481
206.87,186.6,258.07,342.33
94.867,196.2,247.4,340.2
260.2,119.4,302.87,198.33
141.8,216.47,184.47,338.07
1,223.93,103.4,285.8
266.6,1,324.2,51.133
283.67,247.4,341.27,477.8
249.53,126.87,323.13,302.87
235.67,1,326.33,94.867
97,219.67,179.13,338.07
97,219.67,179.13,303.93
233.53,350.87,278.33,420.2
262.33,175.93,341.27,341.27
1,219.67,157.8,285.8
266.6,89.533,326.33,155.67
181.27,187.67,258.07,239.93
212.2,127.93,315.67,433
34.067,231.4,136.47,291.13
249.53,119.4,331.67,434.07
265.53,389.27,331.67,481
212.2,127.93,341.27,511.93
147.13,190.87,247.4,340.2
198.33,76.733,302.87,253.8
141.8,216.47,238.87,341.27
219.67,450.07,282.6,504.47
300.73,430.87,341.27,477.8
284.73,212.2,328.47,300.73
198.33,95.933,262.33,149.27
195.13,326.33,277.27,420.2
223.93,77.8,270.87,243.13
273,115.13,325.27,211.13
269.8,402.07,341.27,511.93
186.6,188.73,236.73,243.13
217.53,407.4,276.2,474.6
266.6,72.467,341.27,196.2
88.467,289,169.53,340.2
228.2,1,326.33,83.133
257,334.87,327.4,439.4
105.53,139.67,172.73,188.73
249.53,197.27,301.8,435.13
153.53,169.53,236.73,243.13
94.867,218.6,167.4,261.27
257,334.87,301.8,391.4
129,151.4,255.93,324.2
261.27,71.4,330.6,211.13
266.6,85.267,329.53,300.73
286.87,299.67,339.13,447.93
261.27,119.4,302.87,183.4
1,1,250.6,244.2
251.67,269.8,315.67,433
284.73,297.53,341.27,477.8
138.6,287.93,190.87,338.07
261.27,65,329.53,211.13
186.6,242.07,229.27,329.53
105.53,294.33,158.87,334.87
296.47,438.33,341.27,487.4
212.2,186.6,258.07,242.07
293.27,1,341.27,296.47
255.93,89.533,323.13,250.6
138.6,223.93,185.53,292.2
294.33,356.2,334.87,457.53
204.73,147.13,261.27,195.13
249.53,159.93,291.13,354.07
278.33,203.67,328.47,314.6
300.73,299.67,341.27,477.8
102.33,151.4,247.4,197.27
265.53,72.467,327.4,132.2
228.2,1,326.33,92.733
172.73,218.6,279.4,354.07
238.87,470.33,332.73,511.93
265.53,389.27,321,433
283.67,157.8,325.27,346.6
265.53,343.4,315.67,433
261.27,65,330.6,211.13
195.13,334.87,270.87,407.4
158.87,230.33,250.6,342.33
285.8,1,341.27,296.47
214.33,357.27,270.87,401
269.8,115.13,326.33,155.67
249.53,159.93,305,354.07
228.2,1,326.33,94.867
228.2,1,286.87,45.8
253.8,409.53,307.13,452.2
118.33,222.87,215.4,338.07
291.13,386.07,334.87,461.8
206.87,146.07,255.93,294.33
195.13,326.33,327.4,439.4
134.33,146.07,261.27,342.33
172.73,246.33,233.53,340.2
249.53,241,313.53,434.07
206.87,146.07,255.93,293.27
255.93,126.87,323.13,250.6
206.87,105.53,249.53,148.2
292.2,296.47,341.27,345.53
293.27,72.467,334.87,196.2
228.2,1,303.93,145
105.53,162.07,179.13,225
200.47,194.07,257,342.33
266.6,73.533,326.33,118.33
40.467,255.93,203.67,344.47
249.53,127.93,315.67,347.67
223.93,124.73,268.73,243.13
265.53,76.733,315.67,132.2
168.47,146.07,257,238.87
300.73,423.4,341.27,477.8
134.33,147.13,261.27,242.07
219.67,386.07,334.87,488.47
219.67,414.87,274.07,490.6
207.93,178.07,248.47,223.93
207.93,178.07,248.47,229.27
188.73,242.07,232.47,302.87
283.67,212.2,327.4,328.47
218.6,439.4,278.33,488.47
163.13,279.4,229.27,337
186.6,242.07,247.4,340.2
197.27,1,247.4,99.133
168.47,151.4,243.13,195.13
172.73,246.33,233.53,338.07
285.8,227.13,328.47,314.6
219.67,450.07,275.13,492.73
105.53,136.47,172.73,185.53
283.67,247.4,329.53,334.87
284.73,212.2,327.4,314.6
172.73,218.6,279.4,371.13
175.93,137.53,266.6,242.07
219.67,421.27,291.13,505.53
261.27,77.8,329.53,211.13
217.53,394.6,276.2,474.6
219.67,450.07,282.6,511.93
177,227.13,229.27,324.2
218.6,420.2,322.07,488.47
168.47,147.13,261.27,195.13
149.27,151.4,255.93,239.93
1,237.8,260.2,511.93
188.73,231.4,232.47,302.87
262.33,85.267,339.13,177
143.93,171.67,233.53,243.13
271.93,1,323.13,55.4
103.4,220.73,145,265.53
279.4,161,327.4,347.67
283.67,230.33,327.4,322.07
261.27,119.4,302.87,187.67
22.333,231.4,140.73,290.07
228.2,1,303.93,83.133
280.47,212.2,327.4,342.33
177,236.73,230.33,294.33
164.2,194.07,248.47,341.27
82.067,216.47,179.13,276.2
162.07,146.07,258.07,294.33
285.8,191.93,328.47,237.8
245.27,471.4,307.13,511.93
219.67,414.87,341.27,511.93
266.6,85.267,329.53,353
143.93,193,203.67,243.13
194.07,334.87,274.07,511.93
265.53,312.47,331.67,481
106.6,290.07,161,338.07
94.867,218.6,175.93,262.33
257,334.87,301.8,410.6
44.733,236.73,166.33,291.13
262.33,119.4,302.87,177
268.73,119.4,315.67,188.73
266.6,72.467,327.4,132.2
218.6,439.4,273,488.47
136.47,231.4,239.93,339.13
94.867,218.6,175.93,285.8
249.53,127.93,315.67,253.8
149.27,157.8,255.93,239.93
136.47,231.4,233.53,337
22.333,239.93,181.27,344.47
163.13,236.73,247.4,340.2
175.93,75.667,283.67,242.07
228.2,1,303.93,77.8
225,76.733,302.87,253.8
289,409.53,341.27,511.93
134.33,189.8,191.93,237.8
147.13,190.87,203.67,231.4
228.2,1,323.13,77.8
101.27,149.27,161,196.2
22.333,231.4,126.87,285.8
285.8,191.93,330.6,237.8
219.67,435.13,321,488.47
262.33,73.533,339.13,347.67
266.6,127.93,315.67,300.73
74.6,300.73,207.93,347.67
143.93,193,233.53,243.13
178.07,161,255.93,204.73
283.67,189.8,341.27,477.8
206.87,158.87,252.73,229.27
169.53,291.13,238.87,341.27
229.27,438.33,341.27,511.93
261.27,115.13,325.27,188.73
183.4,1,245.27,83.133
245.27,471.4,337,511.93
89.533,247.4,166.33,291.13
220.73,364.73,267.67,415.93
197.27,406.33,273,511.93
44.733,254.87,181.27,344.47
264.47,65,327.4,117.27
82.067,220.73,145,261.27
268.73,115.13,325.27,188.73
40.467,255.93,168.47,328.47
268.73,435.13,331.67,481
202.6,1,247.4,103.4
271.93,1,326.33,75.667
268.73,115.13,325.27,167.4
105.53,223.93,172.73,292.2
268.73,435.13,321,479.93
218.6,299.67,341.27,505.53
249.53,127.93,315.67,433
165.27,77.8,248.47,157.8
266.6,72.467,327.4,155.67
118.33,222.87,185.53,292.2
249.53,145,294.33,253.8
134.33,188.73,235.67,242.07
258.07,194.07,305,243.13
97,219.67,179.13,333.8
105.53,168.47,179.13,225
261.27,72.467,341.27,254.87
209,451.13,268.73,511.93
194.07,414.87,274.07,511.93
204.73,146.07,257,238.87
54.333,300.73,161,397.8
175.93,77.8,268.73,242.07
118.33,222.87,165.27,289
10.6,223.93,103.4,285.8
186.6,261.27,229.27,324.2
166.33,279.4,229.27,337
158.87,199.4,250.6,342.33
279.4,85.267,329.53,141.8
103.4,190.87,187.67,266.6
241,76.733,283.67,150.33
183.4,1,243.13,68.2
258.07,151.4,305,243.13
295.4,85.267,339.13,174.87
109.8,216.47,179.13,276.2
285.8,150.33,330.6,237.8
245.27,471.4,335.93,511.93
300.73,333.8,341.27,477.8
209,441.53,335.93,511.93
249.53,159.93,305,367.93
216.47,404.2,263.4,453.27
177,238.87,229.27,305
218.6,395.67,324.2,505.53
275.13,343.4,315.67,398.87
158.87,295.4,207.93,338.07
235.67,1,326.33,75.667
178.07,161,255.93,239.93
177,236.73,230.33,309.27
283.67,115.13,326.33,155.67
218.6,395.67,324.2,488.47
191.93,242.07,232.47,294.33
265.53,343.4,331.67,481
228.2,1,273,94.867
177,199.4,232.47,305
157.8,293.27,215.4,338.07
284.73,335.93,328.47,411.67
204.73,146.07,257,223.93
158.87,242.07,247.4,340.2
143.93,190.87,187.67,239.93
195.13,334.87,270.87,453.27
283.67,212.2,327.4,322.07
261.27,72.467,341.27,200.47
189.8,246.33,230.33,324.2
206.87,146.07,255.93,238.87
134.33,188.73,236.73,243.13
103.4,223.93,143.93,265.53
245.27,394.6,307.13,452.2
95.933,287.93,181.27,344.47
265.53,389.27,321,452.2
94.867,218.6,175.93,289
189.8,262.33,230.33,324.2
172.73,238.87,247.4,340.2
284.73,299.67,335.93,411.67
134.33,188.73,236.73,241
289,409.53,341.27,487.4
175.93,137.53,266.6,239.93
225,137.53,271.93,198.33
103.4,190.87,187.67,265.53
163.13,238.87,247.4,340.2
251.67,159.93,305,243.13
186.6,188.73,236.73,241
227.13,369,274.07,442.6
206.87,178.07,248.47,229.27
59.667,270.87,181.27,344.47
254.87,1,309.27,77.8
95.933,281.53,168.47,328.47
143.93,190.87,187.67,251.67
188.73,279.4,229.27,324.2
225,137.53,275.13,253.8
243.13,77.8,283.67,150.33
266.6,72.467,341.27,200.47
283.67,185.53,341.27,322.07
228.2,1,309.27,77.8
283.67,226.07,328.47,322.07
228.2,1,301.8,45.8
283.67,274.07,326.33,322.07
209,441.53,251.67,511.93
262.33,435.13,322.07,481
194.07,431.93,267.67,511.93
284.73,242.07,327.4,322.07
95.933,287.93,167.4,328.47
285.8,197.27,328.47,237.8
254.87,12.733,309.27,77.8
266.6,127.93,315.67,243.13
177,238.87,228.2,305
269.8,119.4,315.67,188.73
282.6,1,325.27,47.933
257,26.6,309.27,77.8
284.73,226.07,328.47,274.07
269.8,115.13,325.27,155.67
74.6,300.73,161,341.27
