37.267,1,341.27,346.6
1,1,341.27,511.93
104.47,185.53,341.27,511.93
118.33,35.133,287.93,106.6
58.6,1,341.27,452.2
79.933,293.27,190.87,388.2
37.267,1,341.27,456.47
153.53,187.67,341.27,347.67
174.87,36.2,276.2,102.33
37.267,211.13,237.8,314.6
106.6,312.47,341.27,511.93
4.2,4.2,250.6,508.73
185.53,100.2,298.6,248.47
1,1,199.4,511.93
69.267,226.07,179.13,314.6
58.6,1,341.27,511.93
22.333,226.07,325.27,399.93
3.1333,1,341.27,267.67
26.6,206.87,287.93,423.4
131.13,279.4,341.27,511.93
3.1333,1,341.27,511.93
4.2,1,287.93,87.4
153.53,185.53,341.27,319.93
154.6,249.53,341.27,383.93
263.4,37.267,341.27,158.87
188.73,187.67,341.27,321
3.1333,351.93,321,511.93
172.73,330.6,274.07,395.67
125.8,37.267,264.47,101.27
23.4,118.33,243.13,405.27
1,1,315.67,511.93
131.13,312.47,341.27,511.93
1,1,292.2,511.93
177,36.2,266.6,102.33
136.47,351.93,286.87,446.87
1,1,322.07,511.93
227.13,212.2,341.27,501.27
3.1333,293.27,341.27,511.93
121.53,1,341.27,154.6
104.47,299.67,341.27,446.87
22.333,185.53,341.27,511.93
229.27,1,341.27,231.4
12.733,2.0667,287.93,59.667
4.2,4.2,282.6,509.8
12.733,1,341.27,324.2
117.27,211.13,237.8,314.6
147.13,396.73,274.07,441.53
1,1,310.33,511.93
291.13,439.4,341.27,508.73
177,38.333,254.87,89.533
103.4,299.67,215.4,374.33
137.53,351.93,219.67,403.13
249.53,125.8,341.27,324.2
117.27,325.27,341.27,511.93
26.6,187.67,341.27,511.93
88.467,294.33,235.67,423.4
50.067,1,341.27,511.93
87.4,234.6,325.27,374.33
127.93,100.2,301.8,228.2
4.2,1,341.27,511.93
4.2,1,310.33,209
50.067,242.07,277.27,346.6
4.2,279.4,318.87,510.87
235.67,131.13,341.27,323.13
1,2.0667,282.6,511.93
177,38.333,254.87,88.467
9.5333,9.5333,199.4,507.67
4.2,1,341.27,171.67
50.067,1,341.27,346.6
1,1,231.4,439.4
127.93,118.33,184.47,209
2.0667,187.67,341.27,511.93
282.6,1,339.13,72.467
1,1,310.33,508.73
227.13,212.2,341.27,511.93
287.93,452.2,341.27,511.93
4.2,1,309.27,291.13
26.6,206.87,179.13,314.6
245.27,100.2,316.73,217.53
4.2,1,310.33,405.27
153.53,1,341.27,324.2
50.067,242.07,271.93,346.6
23.4,98.067,341.27,346.6
148.2,375.4,296.47,453.27
4.2,1,341.27,346.6
123.67,117.27,175.93,194.07
231.4,312.47,341.27,445.8
1,1,292.2,508.73
23.4,279.4,228.2,388.2
253.8,2.0667,341.27,154.6
3.1333,184.47,341.27,511.93
10.6,294.33,322.07,511.93
1,1,309.27,511.93
153.53,198.33,290.07,298.6
37.267,205.8,237.8,322.07
206.87,312.47,341.27,511.93
1,1,250.6,511.93
104.47,299.67,341.27,396.73
136.47,351.93,282.6,442.6
4.2,325.27,341.27,511.93
4.2,1,341.27,237.8
153.53,185.53,341.27,350.87
289,438.33,341.27,511.93
220.73,249.53,270.87,293.27
189.8,245.27,287.93,311.4
23.4,100.2,298.6,305
4.2,276.2,341.27,511.93
249.53,142.87,312.47,197.27
218.6,299.67,341.27,385
3.1333,185.53,341.27,511.93
2.0667,434.07,315.67,511.93
125.8,348.73,281.53,443.67
12.733,3.1333,287.93,102.33
153.53,187.67,341.27,321
246.33,1,341.27,324.2
247.4,178.07,312.47,266.6
147.13,357.27,317.8,452.2
137.53,351.93,252.73,403.13
12.733,3.1333,287.93,59.667
26.6,206.87,152.47,291.13
126.87,348.73,271.93,441.53
66.067,199.4,263.4,346.6
189.8,239.93,270.87,308.2
121.53,2.0667,341.27,154.6
37.267,199.4,292.2,346.6
37.267,98.067,341.27,346.6
45.8,83.133,310.33,278.33
104.47,328.47,171.67,373.27
2.0667,1,283.67,510.87
197.27,199.4,282.6,246.33
131.13,361.53,279.4,441.53
177,36.2,286.87,102.33
127.93,118.33,234.6,228.2
244.2,100.2,298.6,156.73
247.4,113,341.27,323.13
300.73,239.93,341.27,325.27
37.267,237.8,186.6,316.73
247.4,98.067,341.27,325.27
23.4,211.13,341.27,388.2
278.33,185.53,341.27,274.07
281.53,131.13,341.27,323.13
186.6,246.33,270.87,322.07
153.53,187.67,341.27,324.2
104.47,293.27,341.27,446.87
203.67,293.27,341.27,511.93
117.27,383.93,318.87,509.8
174.87,51.133,281.53,102.33
104.47,303.93,243.13,374.33
185.53,423.4,318.87,509.8
117.27,383.93,225,431.93
1,1,310.33,510.87
188.73,249.53,270.87,347.67
3.1333,429.8,313.53,511.93
106.6,187.67,341.27,511.93
2.0667,2.0667,282.6,510.87
249.53,1,341.27,237.8
197.27,348.73,257,393.53
4.2,211.13,341.27,511.93
1,1,287.93,510.87
262.33,125.8,341.27,324.2
299.67,434.07,341.27,501.27
2.0667,2.0667,199.4,510.87
172.73,330.6,274.07,396.73
45.8,118.33,196.2,280.47
227.13,312.47,341.27,382.87
3.1333,446.87,321,511.93
174.87,36.2,281.53,102.33
45.8,83.133,305,278.33
118.33,1,341.27,267.67
121.53,36.2,278.33,102.33
262.33,322.07,339.13,382.87
127.93,83.133,305,247.4
9.5333,3.1333,278.33,56.467
156.73,231.4,237.8,322.07
279.4,326.33,330.6,382.87
232.47,100.2,309.27,201.53
262.33,125.8,341.27,316.73
148.2,343.4,296.47,453.27
177,38.333,254.87,81
59.667,199.4,270.87,346.6
125.8,249.53,319.93,456.47
23.4,279.4,228.2,424.47
177,38.333,264.47,101.27
229.27,313.53,293.27,383.93
188.73,205.8,239.93,285.8
50.067,242.07,287.93,346.6
12.733,3.1333,305,278.33
125.8,348.73,341.27,511.93
148.2,375.4,282.6,431.93
126.87,348.73,269.8,441.53
125.8,252.73,172.73,314.6
261.27,422.33,341.27,511.93
232.47,93.8,310.33,200.47
171.67,1,341.27,323.13
3.1333,429.8,334.87,511.93
117.27,3.1333,310.33,209
247.4,113,341.27,325.27
3.1333,1,280.47,94.867
66.067,199.4,268.73,346.6
2.0667,1,310.33,510.87
190.87,198.33,281.53,257
2.0667,1,322.07,511.93
172.73,239.93,270.87,346.6
206.87,38.333,264.47,101.27
37.267,125.8,341.27,456.47
154.6,249.53,280.47,351.93
177,43.667,266.6,102.33
277.27,375.4,341.27,450.07
165.27,199.4,243.13,273
258.07,1,341.27,171.67
247.4,178.07,312.47,246.33
175.93,413.8,258.07,456.47
69.267,252.73,172.73,314.6
79.933,293.27,190.87,393.53
135.4,257,186.6,316.73
50.067,241,287.93,346.6
227.13,312.47,341.27,409.53
3.1333,325.27,341.27,511.93
37.267,199.4,270.87,346.6
126.87,132.2,341.27,452.2
4.2,1,287.93,103.4
172.73,199.4,243.13,249.53
206.87,312.47,341.27,466.07
22.333,117.27,175.93,399.93
238.87,132.2,341.27,351.93
207.93,373.27,269.8,441.53
117.27,1,341.27,171.67
58.6,198.33,290.07,346.6
206.87,349.8,299.67,441.53
253.8,1,341.27,158.87
22.333,83.133,266.6,399.93
282.6,279.4,341.27,328.47
249.53,325.27,341.27,511.93
87.4,294.33,235.67,443.67
104.47,293.27,341.27,511.93
189.8,245.27,271.93,319.93
106.6,343.4,274.07,441.53
271.93,125.8,341.27,324.2
249.53,196.2,301.8,314.6
263.4,27.667,341.27,171.67
104.47,303.93,243.13,375.4
227.13,212.2,341.27,463.93
148.2,348.73,263.4,430.87
206.87,312.47,341.27,450.07
247.4,178.07,313.53,323.13
172.73,299.67,341.27,396.73
66.067,199.4,258.07,346.6
127.93,1,341.27,237.8
172.73,265.53,258.07,346.6
58.6,246.33,270.87,346.6
156.73,211.13,237.8,322.07
117.27,348.73,341.27,511.93
277.27,1,341.27,49
1,1,175.93,511.93
131.13,350.87,319.93,453.27
171.67,362.6,252.73,403.13
296.47,171.67,341.27,291.13
22.333,83.133,310.33,399.93
172.73,184.47,341.27,511.93
147.13,393.53,317.8,452.2
88.467,262.33,257,358.33
253.8,2.0667,340.2,154.6
106.6,350.87,274.07,441.53
257,36.2,335.93,95.933
299.67,434.07,341.27,511.93
50.067,242.07,239.93,346.6
171.67,197.27,282.6,292.2
87.4,279.4,190.87,324.2
289,438.33,341.27,508.73
104.47,343.4,271.93,456.47
175.93,197.27,282.6,264.47
26.6,82.067,309.27,291.13
238.87,245.27,290.07,351.93
227.13,312.47,330.6,382.87
257,325.27,341.27,453.27
249.53,187.67,301.8,245.27
231.4,312.47,341.27,463.93
147.13,392.47,274.07,441.53
254.87,422.33,341.27,511.93
4.2,2.0667,283.67,94.867
118.33,1,341.27,231.4
123.67,83.133,295.4,267.67
37.267,237.8,198.33,316.73
242.07,187.67,341.27,321
177,58.6,266.6,102.33
263.4,1,341.27,171.67
158.87,37.267,267.67,103.4
23.4,118.33,196.2,305
174.87,51.133,264.47,102.33
153.53,198.33,290.07,292.2
253.8,25.533,340.2,154.6
206.87,349.8,341.27,450.07
131.13,348.73,186.6,401
265.53,124.73,341.27,237.8
126.87,348.73,200.47,394.6
186.6,234.6,325.27,322.07
297.53,124.73,341.27,237.8
104.47,299.67,341.27,405.27
137.53,199.4,292.2,346.6
106.6,350.87,193,403.13
276.2,1,341.27,79.933
174.87,1,341.27,323.13
189.8,241,287.93,311.4
253.8,1,339.13,119.4
153.53,198.33,250.6,291.13
136.47,391.4,282.6,442.6
9.5333,3.1333,278.33,94.867
59.667,199.4,268.73,346.6
153.53,395.67,279.4,442.6
149.27,36.2,281.53,102.33
189.8,254.87,232.47,303.93
260.2,374.33,341.27,450.07
246.33,125.8,341.27,324.2
265.53,100.2,316.73,196.2
229.27,276.2,341.27,511.93
197.27,100.2,298.6,209
297.53,132.2,341.27,231.4
228.2,276.2,341.27,511.93
117.27,3.1333,287.93,106.6
23.4,280.47,243.13,405.27
4.2,1,287.93,56.467
153.53,395.67,257,442.6
189.8,196.2,301.8,246.33
126.87,348.73,317.8,452.2
281.53,7.4,335.93,59.667
59.667,205.8,237.8,322.07
153.53,205.8,202.6,292.2
188.73,249.53,270.87,351.93
258.07,1,341.27,154.6
174.87,43.667,281.53,102.33
127.93,118.33,282.6,247.4
172.73,239.93,341.27,511.93
116.2,36.2,286.87,102.33
104.47,314.6,235.67,443.67
227.13,289,341.27,463.93
281.53,113,341.27,190.87
190.87,266.6,244.2,322.07
177,59.667,287.93,106.6
88.467,294.33,235.67,358.33
269.8,1,340.2,59.667
172.73,236.73,292.2,346.6
125.8,348.73,186.6,401
260.2,322.07,341.27,450.07
234.6,299.67,341.27,350.87
291.13,439.4,341.27,511.93
3.1333,1,283.67,94.867
135.4,226.07,179.13,278.33
88.467,241,287.93,423.4
198.33,313.53,293.27,383.93
37.267,211.13,276.2,314.6
188.73,198.33,341.27,321
45.8,118.33,184.47,278.33
130.07,153.53,196.2,258.07
189.8,249.53,270.87,319.93
153.53,198.33,290.07,291.13
118.33,35.133,254.87,82.067
282.6,279.4,341.27,370.07
70.333,291.13,243.13,375.4
23.4,279.4,228.2,376.47
235.67,113,341.27,323.13
88.467,286.87,235.67,358.33
282.6,290.07,341.27,347.67
257,100.2,316.73,204.73
116.2,377.53,185.53,423.4
125.8,1,341.27,158.87
218.6,330.6,274.07,385
253.8,1,341.27,237.8
10.6,429.8,322.07,511.93
217.53,373.27,269.8,428.73
140.73,194.07,260.2,234.6
66.067,205.8,237.8,322.07
290.07,392.47,332.73,443.67
177,37.267,264.47,101.27
23.4,249.53,341.27,388.2
253.8,1,339.13,97
249.53,133.27,341.27,237.8
297.53,125.8,341.27,231.4
116.2,37.267,267.67,103.4
175.93,213.27,280.47,264.47
172.73,343.4,239.93,396.73
127.93,100.2,309.27,268.73
137.53,199.4,243.13,249.53
79.933,293.27,228.2,376.47
174.87,197.27,282.6,291.13
135.4,237.8,186.6,316.73
223.93,247.4,270.87,298.6
168.47,429.8,313.53,508.73
88.467,241,287.93,358.33
179.13,298.6,260.2,363.67
127.93,82.067,309.27,268.73
237.8,295.4,341.27,445.8
241,347.67,341.27,445.8
162.07,246.33,237.8,322.07
126.87,343.4,271.93,441.53
228.2,198.33,290.07,266.6
2.0667,434.07,315.67,510.87
197.27,100.2,310.33,209
22.333,226.07,180.2,399.93
287.93,452.2,341.27,500.2
205.8,298.6,260.2,345.53
136.47,83.133,295.4,207.93
181.27,421.27,318.87,509.8
291.13,392.47,341.27,450.07
83.133,261.27,167.4,314.6
258.07,28.733,341.27,154.6
189.8,196.2,301.8,265.53
9.5333,3.1333,283.67,87.4
185.53,141.8,297.53,248.47
228.2,198.33,281.53,266.6
249.53,199.4,293.27,245.27
229.27,325.27,341.27,453.27
189.8,125.8,341.27,324.2
235.67,1,341.27,323.13
79.933,259.13,190.87,316.73
199.4,59.667,287.93,106.6
4.2,2.0667,280.47,94.867
87.4,294.33,157.8,367.93
70.333,291.13,243.13,405.27
153.53,198.33,250.6,247.4
228.2,36.2,276.2,83.133
223.93,201.53,280.47,247.4
83.133,254.87,156.73,312.47
116.2,37.267,254.87,87.4
281.53,113,341.27,291.13
300.73,28.733,341.27,124.73
262.33,131.13,341.27,316.73
31.933,226.07,180.2,298.6
153.53,395.67,282.6,442.6
106.6,350.87,252.73,403.13
172.73,299.67,341.27,453.27
222.87,259.13,270.87,308.2
299.67,457.53,341.27,501.27
125.8,252.73,166.33,314.6
153.53,37.267,253.8,83.133
118.33,35.133,316.73,217.53
148.2,348.73,281.53,443.67
153.53,198.33,281.53,257
136.47,83.133,266.6,207.93
136.47,87.4,266.6,207.93
190.87,257,244.2,322.07
147.13,262.33,257,346.6
249.53,103.4,295.4,196.2
154.6,3.1333,281.53,70.333
168.47,429.8,284.73,507.67
146.07,406.33,286.87,446.87
104.47,314.6,187.67,374.33
265.53,145,311.4,193
197.27,141.8,297.53,209
83.133,262.33,167.4,314.6
140.73,194.07,200.47,234.6
37.267,254.87,156.73,312.47
9.5333,4.2,278.33,94.867
263.4,28.733,341.27,171.67
258.07,28.733,341.27,171.67
9.5333,3.1333,283.67,56.467
147.13,373.27,269.8,441.53
140.73,193,241,246.33
153.53,205.8,239.93,292.2
227.13,302.87,341.27,463.93
185.53,301.8,238.87,346.6
58.6,132.2,341.27,452.2
206.87,54.333,264.47,101.27
125.8,343.4,296.47,453.27
263.4,143.93,308.2,186.6
123.67,83.133,295.4,258.07
235.67,236.73,292.2,316.73
10.6,429.8,308.2,511.93
125.8,343.4,319.93,456.47
126.87,298.6,317.8,452.2
186.6,248.47,270.87,322.07
189.8,254.87,232.47,295.4
177,1,341.27,237.8
249.53,102.33,295.4,196.2
189.8,245.27,271.93,311.4
153.53,198.33,281.53,298.6
10.6,429.8,313.53,509.8
185.53,197.27,282.6,248.47
130.07,83.133,266.6,207.93
261.27,430.87,341.27,511.93
140.73,193,282.6,246.33
286.87,125.8,339.13,194.07
167.4,373.27,269.8,441.53
206.87,50.067,264.47,101.27
153.53,205.8,210.07,292.2
297.53,1,341.27,231.4
136.47,391.4,286.87,446.87
291.13,171.67,341.27,323.13
175.93,197.27,280.47,264.47
117.27,33,287.93,106.6
172.73,345.53,241,395.67
147.13,393.53,269.8,441.53
189.8,239.93,269.8,305
137.53,226.07,179.13,268.73
117.27,262.33,167.4,314.6
37.267,125.8,341.27,324.2
23.4,279.4,318.87,509.8
104.47,328.47,167.4,386.07
1,1,287.93,59.667
255.93,374.33,299.67,441.53
172.73,239.93,341.27,453.27
154.6,260.2,218.6,349.8
249.53,196.2,313.53,316.73
99.133,117.27,175.93,263.4
189.8,249.53,280.47,351.93
242.07,206.87,341.27,321
116.2,383.93,217.53,443.67
296.47,456.47,341.27,511.93
203.67,309.27,247.4,353
203.67,293.27,341.27,445.8
245.27,100.2,316.73,204.73
135.4,279.4,190.87,324.2
153.53,37.267,254.87,83.133
189.8,254.87,257,319.93
198.33,313.53,341.27,383.93
147.13,363.67,279.4,441.53
263.4,51.133,341.27,158.87
237.8,293.27,341.27,445.8
246.33,312.47,317.8,386.07
265.53,132.2,316.73,196.2
104.47,366.87,258.07,456.47
265.53,100.2,310.33,150.33
227.13,312.47,301.8,382.87
196.2,236.73,239.93,285.8
79.933,293.27,190.87,424.47
242.07,187.67,341.27,324.2
104.47,328.47,185.53,423.4
117.27,262.33,184.47,314.6
153.53,205.8,220.73,292.2
268.73,82.067,340.2,154.6
257,100.2,316.73,196.2
104.47,328.47,167.4,373.27
202.6,396.73,279.4,441.53
66.067,254.87,258.07,346.6
175.93,239.93,270.87,308.2
227.13,312.47,291.13,379.67
154.6,309.27,218.6,349.8
281.53,124.73,341.27,237.8
295.4,227.13,341.27,319.93
235.67,243.13,292.2,316.73
297.53,125.8,340.2,231.4
117.27,247.4,184.47,314.6
188.73,198.33,281.53,285.8
127.93,118.33,282.6,246.33
79.933,246.33,270.87,346.6
177,43.667,281.53,102.33
131.13,343.4,296.47,453.27
223.93,200.47,290.07,247.4
215.4,286.87,258.07,343.4
284.73,327.4,332.73,403.13
253.8,3.1333,315.67,97
277.27,389.27,341.27,450.07
189.8,249.53,280.47,327.4
232.47,93.8,310.33,196.2
232.47,100.2,301.8,201.53
172.73,265.53,229.27,346.6
50.067,252.73,239.93,346.6
87.4,279.4,238.87,374.33
153.53,205.8,202.6,247.4
231.4,302.87,341.27,463.93
131.13,350.87,279.4,441.53
252.73,299.67,341.27,350.87
103.4,299.67,238.87,374.33
242.07,233.53,341.27,321
31.933,226.07,152.47,285.8
168.47,429.8,284.73,509.8
206.87,312.47,291.13,412.73
291.13,199.4,335.93,294.33
299.67,444.73,341.27,501.27
79.933,246.33,270.87,322.07
290.07,392.47,333.8,445.8
277.27,392.47,341.27,450.07
37.267,258.07,140.73,298.6
281.53,7.4,332.73,59.667
223.93,200.47,290.07,257
212.2,267.67,258.07,319.93
231.4,312.47,307.13,430.87
237.8,295.4,317.8,386.07
177,36.2,278.33,102.33
106.6,350.87,190.87,393.53
140.73,83.133,305,246.33
104.47,374.33,217.53,443.67
116.2,37.267,246.33,87.4
290.07,392.47,332.73,437.27
253.8,3.1333,341.27,158.87
242.07,206.87,303.93,321
229.27,276.2,341.27,453.27
66.067,254.87,186.6,316.73
127.93,118.33,234.6,268.73
69.267,252.73,239.93,346.6
79.933,248.47,159.93,298.6
254.87,422.33,322.07,462.87
290.07,345.53,341.27,409.53
238.87,245.27,281.53,351.93
137.53,351.93,187.67,398.87
141.8,83.133,305,199.4
278.33,185.53,341.27,319.93
258.07,28.733,341.27,100.2
241,347.67,307.13,430.87
188.73,236.73,239.93,285.8
153.53,35.133,254.87,81
229.27,3.1333,300.73,84.2
123.67,117.27,175.93,228.2
153.53,198.33,250.6,282.6
147.13,262.33,239.93,346.6
153.53,395.67,273,442.6
218.6,299.67,341.27,396.73
9.5333,3.1333,280.47,94.867
265.53,132.2,316.73,202.6
277.27,125.8,339.13,194.07
269.8,102.33,310.33,162.07
66.067,251.67,258.07,346.6
297.53,133.27,341.27,237.8
242.07,236.73,303.93,321
229.27,1,339.13,119.4
251.67,103.4,295.4,178.07
228.2,198.33,280.47,241
296.47,439.4,341.27,511.93
290.07,345.53,339.13,409.53
279.4,326.33,339.13,382.87
147.13,396.73,279.4,441.53
31.933,117.27,175.93,285.8
172.73,348.73,263.4,402.07
79.933,248.47,190.87,316.73
223.93,246.33,270.87,298.6
297.53,1,341.27,107.67
175.93,3.1333,283.67,56.467
235.67,248.47,292.2,316.73
130.07,83.133,266.6,258.07
237.8,295.4,341.27,386.07
83.133,254.87,186.6,316.73
171.67,211.13,220.73,265.53
22.333,279.4,87.4,399.93
131.13,348.73,186.6,393.53
297.53,199.4,341.27,289
247.4,398.87,341.27,511.93
261.27,178.07,312.47,246.33
281.53,2.0667,340.2,59.667
190.87,59.667,287.93,106.6
277.27,28.733,341.27,100.2
278.33,375.4,341.27,445.8
104.47,328.47,171.67,386.07
104.47,366.87,217.53,443.67
249.53,100.2,310.33,196.2
79.933,293.27,177,376.47
269.8,1,341.27,59.667
148.2,385,282.6,431.93
79.933,293.27,228.2,424.47
277.27,131.13,324.2,194.07
290.07,375.4,341.27,445.8
212.2,290.07,258.07,346.6
300.73,133.27,341.27,203.67
238.87,312.47,317.8,386.07
291.13,199.4,341.27,324.2
1,1,231.4,299.67
177,43.667,286.87,102.33
131.13,153.53,172.73,195.13
3.1333,3.1333,292.2,508.73
177,35.133,254.87,81
297.53,97,341.27,231.4
238.87,245.27,284.73,351.93
207.93,373.27,269.8,428.73
190.87,246.33,270.87,322.07
249.53,187.67,301.8,236.73
295.4,233.53,341.27,302.87
3.1333,446.87,321,510.87
281.53,131.13,323.13,190.87
297.53,133.27,341.27,220.73
290.07,375.4,333.8,445.8
265.53,132.2,341.27,316.73
10.6,429.8,284.73,509.8
104.47,314.6,188.73,374.33
277.27,1,341.27,41.533
206.87,349.8,281.53,412.73
177,47.933,253.8,88.467
175.93,409.53,258.07,456.47
249.53,196.2,301.8,316.73
261.27,196.2,301.8,314.6
229.27,306.07,341.27,453.27
136.47,87.4,295.4,207.93
295.4,233.53,341.27,316.73
241,347.67,281.53,397.8
104.47,314.6,235.67,374.33
237.8,312.47,317.8,386.07
140.73,194.07,282.6,246.33
265.53,132.2,335.93,316.73
235.67,248.47,284.73,313.53
206.87,59.667,264.47,101.27
262.33,175.93,341.27,316.73
125.8,259.13,190.87,316.73
249.53,325.27,341.27,453.27
273,443.67,322.07,509.8
289,328.47,341.27,386.07
175.93,4.2,278.33,56.467
171.67,211.13,237.8,293.27
172.73,348.73,263.4,403.13
117.27,238.87,184.47,314.6
194.07,199.4,290.07,257
164.2,309.27,218.6,349.8
190.87,248.47,270.87,322.07
214.33,308.2,258.07,351.93
247.4,398.87,296.47,453.27
123.67,117.27,196.2,258.07
184.47,246.33,237.8,293.27
297.53,132.2,341.27,234.6
271.93,175.93,341.27,316.73
284.73,333.8,328.47,403.13
283.67,234.6,325.27,316.73
227.13,245.27,271.93,294.33
130.07,153.53,172.73,196.2
290.07,388.2,341.27,437.27
186.6,245.27,287.93,322.07
237.8,313.53,293.27,361.53
223.93,199.4,290.07,257
255.93,306.07,341.27,361.53
265.53,132.2,335.93,294.33
229.27,23.4,293.27,84.2
147.13,262.33,225,346.6
181.27,385,282.6,431.93
229.27,201.53,281.53,257
189.8,254.87,232.47,319.93
189.8,254.87,232.47,311.4
253.8,36.2,340.2,154.6
253.8,17,306.07,97
243.13,322.07,292.2,383.93
156.73,231.4,199.4,281.53
223.93,201.53,281.53,257
289,1,339.13,43.667
172.73,3.1333,287.93,59.667
45.8,207.93,166.33,278.33
253.8,17,341.27,158.87
253.8,42.6,314.6,119.4
231.4,100.2,305,199.4
103.4,299.67,182.33,374.33
79.933,233.53,180.2,298.6
117.27,383.93,182.33,424.47
231.4,196.2,301.8,246.33
79.933,293.27,190.87,376.47
271.93,175.93,341.27,289
284.73,327.4,328.47,403.13
295.4,185.53,341.27,262.33
297.53,37.267,341.27,107.67
273,443.67,313.53,508.73
195.13,58.6,266.6,102.33
189.8,249.53,270.87,308.2
31.933,237.8,126.87,285.8
171.67,211.13,220.73,266.6
277.27,41.533,334.87,89.533
189.8,204.73,280.47,246.33
281.53,1,339.13,88.467
66.067,261.27,170.6,314.6
177,3.1333,287.93,43.667
271.93,125.8,339.13,241
156.73,205.8,237.8,322.07
207.93,385,282.6,431.93
228.2,91.667,305,199.4
231.4,141.8,305,199.4
79.933,293.27,177,373.27
261.27,366.87,307.13,430.87
271.93,242.07,313.53,316.73
2.0667,2.0667,68.2,510.87
83.133,261.27,170.6,314.6
104.47,314.6,182.33,374.33
217.53,373.27,267.67,425.53
261.27,196.2,301.8,246.33
274.07,443.67,318.87,509.8
189.8,249.53,270.87,295.4
263.4,51.133,333.8,119.4
273,443.67,313.53,509.8
177,43.667,254.87,97
281.53,4.2,333.8,88.467
86.333,262.33,167.4,314.6
290.07,388.2,341.27,445.8
231.4,312.47,292.2,403.13
271.93,344.47,317.8,386.07
271.93,175.93,323.13,243.13
243.13,312.47,292.2,383.93
123.67,117.27,175.93,195.13
255.93,313.53,341.27,361.53
249.53,152.47,294.33,196.2
103.4,299.67,157.8,367.93
251.67,103.4,292.2,178.07
