1,1,383.93,511.93
1,51.133,187.67,212.2
230.33,1,383.93,511.93
1,51.133,253.8,511.93
1,1,197.27,55.4
1,141.8,206.87,340.2
1,178.07,220.73,455.4
248.47,17,383.93,511.93
95.933,466.07,178.07,511.93
234.6,73.533,286.87,123.67
1,1,270.87,116.2
1,1,370.07,213.27
188.73,1,383.93,511.93
1,1,383.93,467.13
188.73,75.667,309.27,441.53
1,175.93,211.13,511.93
231.4,1,383.93,511.93
1,1,370.07,511.93
229.27,1,383.93,511.93
251.67,169.53,292.2,348.73
79.933,374.33,173.8,419.13
1,1,276.2,511.93
86.333,189.8,228.2,280.47
95.933,466.07,188.73,511.93
1,141.8,254.87,361.53
93.8,1,197.27,49
188.73,75.667,319.93,441.53
328.47,113,369,297.53
1,310.33,211.13,511.93
231.4,153.53,362.6,511.93
1,136.47,301.8,511.93
343.4,181.27,383.93,511.93
194.07,154.6,289,330.6
1,1,370.07,212.2
1,363.67,44.733,414.87
234.6,1,370.07,123.67
60.733,1,270.87,213.27
103.4,136.47,301.8,511.93
47.933,301.8,204.73,446.87
230.33,1,369,511.93
1,71.4,227.13,213.27
81,82.067,263.4,323.13
229.27,157.8,361.53,511.93
1,1,378.6,511.93
1,52.2,195.13,158.87
1,168.47,362.6,511.93
1,1,278.33,511.93
186.6,75.667,378.6,511.93
1,1,289,361.53
1,71.4,263.4,229.27
1,363.67,51.133,426.6
1,17,383.93,511.93
1,178.07,225,339.13
1,364.73,362.6,511.93
1,365.8,197.27,466.07
1,178.07,228.2,365.8
203.67,73.533,261.27,147.13
1,1,370.07,164.2
105.53,92.733,185.53,141.8
248.47,17,354.07,451.13
154.6,297.53,383.93,511.93
110.87,92.733,185.53,141.8
86.333,189.8,280.47,460.73
1,196.2,194.07,360.47
135.4,237.8,190.87,283.67
248.47,1,312.47,189.8
314.6,145,375.4,511.93
47.933,207.93,220.73,446.87
1,178.07,98.067,339.13
1,456.47,186.6,511.93
63.933,141.8,254.87,308.2
231.4,168.47,362.6,511.93
1,297.53,383.93,511.93
1,1,254.87,361.53
174.87,1,370.07,201.53
1,1,197.27,148.2
174.87,42.6,270.87,152.47
85.267,374.33,154.6,415.93
1,333.8,85.267,455.4
1,196.2,162.07,309.27
1,1,370.07,193
1,178.07,98.067,455.4
278.33,41.533,366.87,136.47
170.6,1,270.87,150.33
1,87.4,55.4,148.2
1,156.73,186.6,212.2
1,51.133,195.13,148.2
233.53,168.47,279.4,353
1,297.53,286.87,444.73
248.47,75.667,309.27,188.73
137.53,395.67,262.33,511.93
188.73,274.07,253.8,379.67
135.4,1,289,330.6
241,1,369,330.6
1,175.93,210.07,339.13
1,82.067,263.4,340.2
292.2,1,369,109.8
203.67,157.8,361.53,511.93
1,418.07,188.73,511.93
1,168.47,298.6,455.4
1,1,383.93,229.27
183.4,168.47,298.6,420.2
77.8,372.2,177,424.47
2.0667,87.4,190.87,158.87
314.6,145,380.73,511.93
1,1,268.73,221.8
1,150.33,186.6,213.27
93.8,226.07,209,282.6
1,350.87,188.73,511.93
174.87,136.47,294.33,323.13
195.13,1,383.93,511.93
137.53,282.6,277.27,511.93
281.53,68.2,354.07,219.67
228.2,157.8,361.53,511.93
137.53,136.47,301.8,511.93
249.53,157.8,356.2,367.93
248.47,1,383.93,467.13
254.87,1,369,101.27
1,1,198.33,186.6
137.53,300.73,282.6,511.93
1,456.47,59.667,511.93
81,94.867,179.13,142.87
1,74.6,56.467,157.8
1,354.07,199.4,511.93
1,206.87,190.87,309.27
203.67,1,278.33,68.2
211.13,44.733,270.87,95.933
1,1,66.067,55.4
79.933,207.93,220.73,307.13
1,1,198.33,212.2
267.67,1,383.93,467.13
1,178.07,228.2,511.93
86.333,201.53,228.2,280.47
68.2,349.8,203.67,446.87
311.4,1,383.93,511.93
194.07,202.6,257,323.13
1,269.8,262.33,511.93
194.07,274.07,255.93,323.13
314.6,276.2,371.13,437.27
82.067,91.667,184.47,142.87
1,1,210.07,98.067
62.867,457.53,185.53,511.93
100.2,145,245.27,267.67
1,1,198.33,57.533
328.47,17,383.93,297.53
1,180.2,51.133,221.8
1,1,197.27,214.33
97,310.33,253.8,511.93
73.533,1,383.93,511.93
278.33,143.93,356.2,359.4
171.67,1,270.87,125.8
1,350.87,186.6,466.07
1,1,383.93,106.6
110.87,94.867,185.53,141.8
1,1,286.87,511.93
337,136.47,377.53,428.73
1,186.6,188.73,340.2
199.4,353,257,420.2
186.6,75.667,356.2,359.4
83.133,93.8,184.47,141.8
228.2,425.53,362.6,511.93
1,354.07,187.67,466.07
271.93,167.4,353,451.13
291.13,118.33,347.67,169.53
207.93,75.667,310.33,195.13
187.67,205.8,280.47,461.8
79.933,374.33,126.87,419.13
1,51.133,187.67,158.87
1,87.4,187.67,214.33
73.533,185.53,280.47,460.73
1,85.267,55.4,149.27
183.4,200.47,275.13,420.2
195.13,1,370.07,511.93
186.6,75.667,362.6,511.93
1,350.87,263.4,511.93
179.13,364.73,362.6,511.93
1,354.07,199.4,444.73
137.53,282.6,301.8,511.93
248.47,1,369,189.8
248.47,17,354.07,260.2
175.93,82.067,263.4,323.13
1,141.8,209,340.2
1,1,198.33,55.4
91.667,234.6,223.93,297.53
1,354.07,185.53,428.73
157.8,232.47,209,279.4
1,297.53,286.87,511.93
1,1,370.07,195.13
77.8,351.93,263.4,511.93
1,75.667,72.467,148.2
1,456.47,188.73,511.93
79.933,374.33,156.73,419.13
79.933,220.73,239.93,314.6
85.267,234.6,220.73,307.13
261.27,153.53,309.27,260.2
188.73,225,276.2,425.53
188.73,300.73,282.6,422.33
110.87,282.6,301.8,511.93
47.933,301.8,191.93,360.47
171.67,1,289,330.6
265.53,1,369,145
59.667,461.8,188.73,511.93
1,179.13,61.8,221.8
316.73,341.27,374.33,511.93
292.2,1,344.47,78.867
47.933,186.6,98.067,309.27
291.13,1,383.93,511.93
206.87,1,294.33,68.2
228.2,414.87,383.93,511.93
181.27,132.2,237.8,190.87
93.8,1,197.27,50.067
2.0667,86.333,187.67,158.87
289,1,359.4,114.07
188.73,75.667,319.93,452.2
291.13,110.87,354.07,219.67
257,1,356.2,66.067
270.87,167.4,353,451.13
203.67,1,267.67,68.2
254.87,1,305,101.27
303.93,68.2,366.87,145
291.13,105.53,362.6,248.47
302.87,463.93,347.67,511.93
79.933,190.87,236.73,308.2
302.87,1,359.4,114.07
267.67,136.47,377.53,443.67
263.4,1,370.07,114.07
218.6,24.467,281.53,78.867
129,73.533,253.8,189.8
171.67,1,270.87,116.2
1,51.133,195.13,214.33
210.07,78.867,346.6,193
292.2,1,369,83.133
1,461.8,99.133,511.93
275.13,1,370.07,114.07
1,1,270.87,340.2
1,363.67,187.67,444.73
279.4,1,370.07,173.8
228.2,389.27,383.93,511.93
1,177,206.87,361.53
1,456.47,185.53,511.93
174.87,1,310.33,201.53
66.067,1,197.27,52.2
211.13,31.933,270.87,95.933
316.73,17,383.93,511.93
1,177,51.133,221.8
229.27,342.33,361.53,511.93
154.6,297.53,286.87,511.93
105.53,1,370.07,193
195.13,1,370.07,204.73
129,73.533,263.4,229.27
186.6,297.53,286.87,427.67
278.33,143.93,356.2,356.2
1,150.33,204.73,213.27
291.13,1,360.47,57.533
231.4,157.8,361.53,511.93
103.4,205.8,238.87,319.93
162.07,351.93,261.27,511.93
103.4,136.47,293.27,319.93
170.6,141.8,254.87,204.73
1,177,188.73,340.2
274.07,342.33,361.53,511.93
314.6,110.87,380.73,511.93
50.067,178.07,193,335.93
239.93,389.27,307.13,484.2
228.2,431.93,367.93,511.93
236.73,341.27,362.6,511.93
203.67,73.533,263.4,194.07
328.47,17,383.93,511.93
1,1,270.87,214.33
261.27,390.33,301.8,443.67
1,196.2,66.067,307.13
230.33,148.2,367.93,511.93
292.2,1,366.87,55.4
83.133,94.867,185.53,142.87
179.13,364.73,296.47,511.93
91.667,234.6,209,282.6
100.2,375.4,179.13,423.4
311.4,145,380.73,511.93
1,157.8,185.53,212.2
71.4,309.27,206.87,360.47
1,354.07,199.4,431.93
1,297.53,227.13,361.53
175.93,82.067,263.4,219.67
90.6,94.867,184.47,141.8
84.2,82.067,263.4,323.13
179.13,136.47,294.33,323.13
63.933,141.8,254.87,204.73
191.93,221.8,239.93,314.6
171.67,1,270.87,219.67
225,399.93,279.4,452.2
83.133,94.867,179.13,141.8
68.2,362.6,186.6,426.6
209,361.53,286.87,427.67
1,350.87,186.6,428.73
85.267,248.47,168.47,302.87
93.8,237.8,190.87,282.6
315.67,111.93,378.6,511.93
1,275.13,189.8,466.07
229.27,424.47,361.53,511.93
230.33,431.93,367.93,511.93
91.667,465,154.6,511.93
316.73,238.87,374.33,511.93
248.47,1,354.07,189.8
1,1,278.33,309.27
242.07,168.47,303.93,381.8
188.73,225,280.47,461.8
315.67,145,378.6,511.93
91.667,82.067,263.4,323.13
83.133,94.867,179.13,142.87
1,456.47,154.6,511.93
239.93,389.27,293.27,452.2
1,365.8,187.67,466.07
312.47,136.47,377.53,428.73
52.2,360.47,199.4,444.73
9.5333,301.8,204.73,466.07
1,71.4,187.67,158.87
233.53,168.47,298.6,382.87
142.87,215.4,209,291.13
195.13,140.73,254.87,204.73
312.47,104.47,378.6,427.67
1,301.8,204.73,466.07
300.73,81,354.07,173.8
1,196.2,66.067,306.07
203.67,143.93,361.53,511.93
71.4,1,210.07,51.133
1,51.133,188.73,148.2
183.4,205.8,238.87,319.93
78.867,373.27,173.8,420.2
162.07,351.93,260.2,511.93
186.6,298.6,286.87,444.73
131.13,215.4,209,291.13
218.6,1,265.53,63.933
262.33,1,370.07,136.47
180.2,1,294.33,106.6
179.13,1,265.53,106.6
1,206.87,66.067,316.73
47.933,301.8,204.73,363.67
225,364.73,281.53,452.2
1,363.67,187.67,511.93
183.4,293.27,275.13,420.2
97,310.33,226.07,364.73
191.93,220.73,239.93,314.6
271.93,331.67,350.87,451.13
199.4,376.47,253.8,420.2
248.47,17,309.27,260.2
188.73,300.73,259.13,390.33
91.667,227.13,209,282.6
85.267,1,268.73,221.8
188.73,275.13,280.47,422.33
59.667,457.53,185.53,511.93
337,202.6,377.53,428.73
193,196.2,257,323.13
193,196.2,252.73,246.33
164.2,73.533,237.8,189.8
180.2,1,383.93,106.6
1,178.07,66.067,339.13
179.13,136.47,254.87,204.73
78.867,351.93,261.27,511.93
302.87,463.93,344.47,504.47
314.6,145,373.27,437.27
68.2,362.6,186.6,444.73
193,200.47,254.87,323.13
188.73,225,277.27,454.33
195.13,141.8,254.87,190.87
283.67,341.27,347.67,412.73
314.6,1,383.93,511.93
188.73,205.8,280.47,461.8
1,52.2,195.13,162.07
1,178.07,276.2,511.93
135.4,471.4,188.73,511.93
97,310.33,226.07,428.73
290.07,425.53,362.6,511.93
60.733,178.07,228.2,280.47
59.667,461.8,101.27,511.93
83.133,93.8,184.47,142.87
310.33,1,359.4,114.07
274.07,157.8,356.2,356.2
1,180.2,66.067,339.13
274.07,143.93,354.07,414.87
79.933,227.13,209,308.2
1,71.4,227.13,158.87
9.5333,409.53,184.47,466.07
1,428.73,188.73,511.93
81,93.8,184.47,142.87
223.93,73.533,286.87,127.93
228.2,157.8,362.6,511.93
188.73,275.13,280.47,460.73
1,178.07,225,466.07
66.067,1,370.07,164.2
136.47,196.2,236.73,247.4
337,136.47,377.53,425.53
234.6,1,369,145
1,354.07,68.2,455.4
210.07,118.33,262.33,193
172.73,297.53,286.87,439.4
98.067,1,190.87,42.6
113,225,227.13,279.4
199.4,338.07,275.13,420.2
230.33,414.87,367.93,511.93
79.933,190.87,236.73,247.4
229.27,307.13,361.53,511.93
1,177,66.067,306.07
278.33,167.4,353,357.27
234.6,1,383.93,145
84.2,210.07,209,271.93
1,76.733,55.4,149.27
295.4,1,383.93,467.13
137.53,300.73,301.8,511.93
1,1,66.067,44.733
154.6,376.47,263.4,511.93
71.4,1,134.33,51.133
251.67,169.53,307.13,326.33
196.2,141.8,254.87,201.53
174.87,1,305,152.47
180.2,1,227.13,106.6
103.4,93.8,184.47,141.8
132.2,234.6,220.73,294.33
174.87,205.8,242.07,318.87
174.87,1,229.27,152.47
302.87,1,370.07,114.07
188.73,289,261.27,403.13
81,94.867,153.53,142.87
316.73,148.2,375.4,511.93
183.4,293.27,253.8,379.67
78.867,373.27,180.2,423.4
1,51.133,187.67,178.07
1,178.07,66.067,307.13
291.13,113,347.67,167.4
1,178.07,207.93,309.27
292.2,1,383.93,83.133
77.8,373.27,171.67,423.4
1,178.07,253.8,511.93
311.4,145,373.27,437.27
229.27,157.8,307.13,348.73
105.53,1,281.53,150.33
228.2,458.6,305,511.93
327.4,276.2,371.13,406.33
91.667,469.27,168.47,511.93
79.933,374.33,181.27,423.4
187.67,205.8,280.47,485.27
188.73,300.73,282.6,391.4
316.73,212.2,375.4,511.93
1,333.8,68.2,402.07
1,351.93,276.2,511.93
1,1,278.33,213.27
295.4,1,383.93,511.93
1,351.93,261.27,511.93
86.333,217.53,207.93,280.47
277.27,153.53,354.07,357.27
157.8,1,210.07,50.067
1,466.07,59.667,511.93
289,1,359.4,173.8
179.13,141.8,254.87,193
170.6,1,270.87,159.93
86.333,210.07,180.2,271.93
179.13,141.8,277.27,294.33
274.07,346.6,347.67,511.93
1,461.8,188.73,511.93
206.87,214.33,254.87,323.13
1,1,77.8,52.2
84.2,210.07,180.2,271.93
306.07,414.87,383.93,511.93
1,1,210.07,66.067
1,51.133,245.27,267.67
1,309.27,206.87,361.53
179.13,141.8,293.27,306.07
66.067,1,134.33,52.2
338.07,145,378.6,328.47
1,178.07,53.267,221.8
188.73,220.73,280.47,461.8
248.47,17,309.27,188.73
231.4,157.8,303.93,367.93
292.2,1,359.4,78.867
92.733,465,154.6,511.93
1,418.07,181.27,466.07
312.47,104.47,378.6,511.93
291.13,105.53,347.67,169.53
79.933,223.93,209,308.2
187.67,366.87,260.2,411.67
234.6,1,383.93,248.47
186.6,297.53,274.07,397.8
181.27,73.533,263.4,229.27
223.93,345.53,277.27,495.93
1,321,195.13,361.53
204.73,345.53,286.87,427.67
1,363.67,61.8,455.4
203.67,1,270.87,125.8
312.47,1,383.93,511.93
343.4,276.2,383.93,511.93
84.2,141.8,254.87,210.07
124.73,83.133,227.13,149.27
1,461.8,154.6,511.93
186.6,76.733,310.33,204.73
316.73,374.33,361.53,435.13
71.4,309.27,204.73,363.67
1,366.87,51.133,426.6
1,1,198.33,66.067
241,341.27,362.6,511.93
291.13,105.53,354.07,169.53
105.53,215.4,209,291.13
110.87,93.8,184.47,141.8
84.2,210.07,220.73,307.13
188.73,293.27,253.8,379.67
107.67,94.867,179.13,139.67
1,456.47,59.667,507.67
196.2,141.8,254.87,204.73
137.53,395.67,277.27,511.93
157.8,232.47,227.13,279.4
83.133,465,154.6,511.93
77.8,372.2,179.13,424.47
1,178.07,210.07,309.27
210.07,76.733,310.33,193
194.07,234.6,255.93,323.13
234.6,28.733,276.2,137.53
241,154.6,289,330.6
1,1,107.67,55.4
254.87,1,366.87,101.27
83.133,94.867,183.4,141.8
1,71.4,55.4,149.27
229.27,157.8,294.33,323.13
79.933,374.33,123.67,419.13
181.27,132.2,255.93,229.27
203.67,31.933,270.87,125.8
91.667,469.27,188.73,511.93
1,269.8,95.933,337
203.67,1,305,100.2
81,93.8,183.4,142.87
250.6,417,296.47,484.2
1,196.2,95.933,337
79.933,374.33,184.47,429.8
223.93,361.53,286.87,444.73
191.93,267.67,234.6,314.6
1,38.333,195.13,98.067
1,271.93,50.067,339.13
71.4,463.93,154.6,511.93
68.2,362.6,167.4,426.6
1,271.93,54.333,335.93
60.733,178.07,228.2,365.8
1,196.2,189.8,337
79.933,374.33,120.47,419.13
218.6,12.733,281.53,78.867
207.93,78.867,310.33,201.53
155.67,234.6,220.73,294.33
1,1,117.27,66.067
225,364.73,296.47,484.2
291.13,105.53,347.67,167.4
179.13,409.53,260.2,511.93
90.6,1,197.27,50.067
83.133,94.867,135.4,141.8
1,74.6,100.2,161
77.8,372.2,180.2,424.47
1,177,66.067,335.93
248.47,66.067,312.47,189.8
81,83.133,227.13,149.27
188.73,250.6,281.53,441.53
231.4,168.47,303.93,382.87
210.07,78.867,308.2,193
69.267,310.33,211.13,380.73
311.4,276.2,371.13,437.27
1,175.93,97,339.13
190.87,436.2,235.67,511.93
81,457.53,185.53,511.93
1,51.133,198.33,212.2
267.67,148.2,361.53,443.67
309.27,113,362.6,174.87
86.333,189.8,242.07,315.67
206.87,264.47,254.87,323.13
173.8,1,228.2,150.33
66.067,1,198.33,52.2
179.13,140.73,254.87,204.73
137.53,386.07,250.6,511.93
1,180.2,207.93,309.27
180.2,35.133,276.2,106.6
85.267,248.47,189.8,307.13
135.4,238.87,186.6,279.4
86.333,362.6,186.6,409.53
305,1,370.07,114.07
303.93,42.6,364.73,122.6
251.67,169.53,307.13,348.73
174.87,221.8,238.87,318.87
1,428.73,181.27,511.93
66.067,1,281.53,159.93
50.067,178.07,225,335.93
46.867,301.8,204.73,428.73
83.133,1,270.87,159.93
195.13,75.667,310.33,204.73
1,372.2,42.6,412.73
191.93,196.2,236.73,247.4
251.67,157.8,354.07,414.87
196.2,75.667,309.27,271.93
60.733,1,278.33,213.27
191.93,273,234.6,314.6
1,51.133,188.73,155.67
1,305,68.2,455.4
203.67,44.733,270.87,116.2
66.067,1,107.67,52.2
262.33,1,360.47,60.733
86.333,189.8,228.2,246.33
98.067,1,198.33,50.067
195.13,140.73,254.87,190.87
314.6,334.87,364.73,437.27
291.13,110.87,354.07,167.4
83.133,94.867,140.73,142.87
1,196.2,207.93,309.27
1,196.2,162.07,337
86.333,223.93,209,282.6
1,51.133,198.33,186.6
1,52.2,195.13,98.067
228.2,458.6,306.07,511.93
93.8,223.93,209,282.6
193,222.87,238.87,318.87
171.67,1,214.33,106.6
1,89.533,187.67,158.87
203.67,31.933,270.87,116.2
1,310.33,253.8,511.93
121.53,226.07,209,281.53
1,98.067,46.867,140.73
50.067,186.6,188.73,335.93
188.73,300.73,280.47,422.33
100.2,145,228.2,221.8
103.4,141.8,293.27,319.93
91.667,457.53,188.73,511.93
223.93,361.53,286.87,427.67
1,51.133,195.13,213.27
275.13,1,370.07,145
261.27,168.47,303.93,260.2
1,97,45.8,145
105.53,205.8,238.87,319.93
93.8,254.87,210.07,308.2
1,428.73,183.4,511.93
295.4,111.93,346.6,164.2
42.6,460.73,120.47,507.67
271.93,383.93,325.27,444.73
62.867,462.87,185.53,511.93
200.47,181.27,255.93,229.27
306.07,414.87,375.4,488.47
47.933,1,198.33,57.533
68.2,362.6,145,426.6
289,1,370.07,173.8
305,44.733,358.33,103.4
274.07,157.8,354.07,414.87
53.267,1,104.47,52.2
50.067,186.6,188.73,309.27
122.6,376.47,181.27,423.4
218.6,1,267.67,63.933
83.133,94.867,184.47,141.8
263.4,1,305,100.2
1,75.667,56.467,148.2
31.933,1,107.67,55.4
250.6,425.53,296.47,484.2
251.67,196.2,292.2,348.73
188.73,250.6,253.8,379.67
1,302.87,253.8,511.93
93.8,237.8,147.13,281.53
179.13,141.8,293.27,294.33
1,333.8,68.2,455.4
242.07,168.47,303.93,382.87
180.2,1,268.73,106.6
1,93.8,49,140.73
121.53,232.47,209,281.53
79.933,223.93,226.07,365.8
105.53,1,287.93,150.33
186.6,76.733,310.33,193
1,150.33,191.93,213.27
86.333,300.73,226.07,365.8
309.27,1,360.47,50.067
251.67,169.53,292.2,326.33
78.867,373.27,180.2,420.2
239.93,389.27,296.47,484.2
179.13,140.73,254.87,190.87
1,206.87,90.6,339.13
154.6,351.93,263.4,511.93
1,310.33,211.13,428.73
1,456.47,99.133,511.93
193,221.8,238.87,318.87
93.8,222.87,230.33,315.67
52.2,365.8,187.67,444.73
303.93,1,369,83.133
50.067,186.6,191.93,335.93
149.27,349.8,203.67,446.87
86.333,189.8,230.33,315.67
226.07,177,277.27,239.93
1,461.8,93.8,511.93
328.47,104.47,378.6,328.47
60.733,141.8,206.87,213.27
303.93,39.4,358.33,103.4
77.8,373.27,181.27,423.4
184.47,386.07,250.6,476.73
170.6,1,281.53,150.33
271.93,383.93,350.87,451.13
1,1,106.6,68.2
1,310.33,211.13,380.73
83.133,94.867,153.53,141.8
68.2,94.867,198.33,182.33
203.67,42.6,270.87,119.4
93.8,223.93,230.33,315.67
204.73,345.53,282.6,388.2
193,196.2,236.73,246.33
211.13,353,286.87,444.73
59.667,461.8,185.53,511.93
248.47,66.067,338.07,189.8
164.2,83.133,227.13,149.27
137.53,419.13,244.2,511.93
283.67,331.67,347.67,412.73
1,85.267,55.4,147.13
171.67,1,234.6,106.6
282.6,463.93,347.67,511.93
98.067,1,210.07,50.067
305,44.733,358.33,109.8
101.27,38.333,195.13,85.267
292.2,1,369,78.867
312.47,286.87,363.67,427.67
1,87.4,100.2,158.87
174.87,1,270.87,152.47
188.73,282.6,277.27,495.93
202.6,1,270.87,119.4
309.27,156.73,353,219.67
1,294.33,50.067,339.13
86.333,215.4,207.93,280.47
121.53,232.47,230.33,315.67
108.73,377.53,184.47,428.73
274.07,425.53,324.2,511.93
110.87,99.133,185.53,141.8
83.133,466.07,178.07,511.93
274.07,346.6,361.53,511.93
303.93,31.933,358.33,109.8
1,1,66.067,52.2
68.2,362.6,145,430.87
109.8,92.733,185.53,141.8
275.13,342.33,348.73,443.67
86.333,223.93,154.6,271.93
1,196.2,204.73,309.27
228.2,458.6,347.67,511.93
309.27,409.53,350.87,455.4
78.867,373.27,121.53,420.2
93.8,237.8,167.4,281.53
162.07,409.53,260.2,511.93
1,329.53,189.8,466.07
79.933,374.33,179.13,424.47
59.667,461.8,138.6,511.93
79.933,374.33,179.13,423.4
1,1,66.067,45.8
1,51.133,187.67,143.93
1,51.133,195.13,162.07
281.53,68.2,354.07,145
251.67,168.47,303.93,325.27
174.87,260.2,230.33,315.67
203.67,1,265.53,68.2
291.13,105.53,354.07,167.4
52.2,365.8,197.27,444.73
173.8,85.267,228.2,150.33
278.33,167.4,354.07,357.27
194.07,353,281.53,441.53
203.67,1,270.87,116.2
231.4,363.67,277.27,495.93
1,94.867,55.4,149.27
107.67,97,171.67,139.67
135.4,237.8,189.8,283.67
79.933,374.33,180.2,423.4
132.2,238.87,186.6,282.6
46.867,309.27,204.73,428.73
113,215.4,227.13,279.4
39.4,296.47,95.933,337
174.87,1,270.87,159.93
259.13,143.93,356.2,359.4
195.13,237.8,238.87,318.87
309.27,113,362.6,248.47
196.2,141.8,254.87,195.13
93.8,232.47,230.33,315.67
1,74.6,198.33,186.6
83.133,309.27,206.87,360.47
248.47,425.53,296.47,484.2
63.933,141.8,206.87,196.2
196.2,75.667,309.27,229.27
1,269.8,226.07,365.8
66.067,1,270.87,159.93
275.13,1,369,100.2
210.07,1,370.07,193
2.0667,87.4,187.67,158.87
303.93,410.6,350.87,451.13
1,354.07,68.2,426.6
196.2,145,261.27,229.27
186.6,75.667,319.93,204.73
186.6,298.6,274.07,397.8
281.53,68.2,354.07,122.6
265.53,1,369,100.2
292.2,4.2,333.8,66.067
191.93,205.8,238.87,319.93
262.33,1,366.87,136.47
290.07,42.6,364.73,145
295.4,106.6,346.6,164.2
60.733,463.93,154.6,511.93
274.07,424.47,361.53,511.93
188.73,282.6,262.33,390.33
62.867,462.87,178.07,511.93
86.333,227.13,136.47,280.47
1,93.8,49,139.67
1,98.067,45.8,145
173.8,1,270.87,150.33
237.8,346.6,283.67,389.27
105.53,209,227.13,293.27
235.67,307.13,282.6,367.93
204.73,177,277.27,246.33
179.13,1,263.4,106.6
85.267,374.33,180.2,423.4
209,351.93,280.47,422.33
1,269.8,50.067,335.93
1,354.07,262.33,511.93
194.07,353,257,417
327.4,1,369,69.267
235.67,307.13,348.73,443.67
88.467,379.67,170.6,422.33
1,5.2667,59.667,46.867
105.53,209,227.13,279.4
55.4,206.87,162.07,309.27
292.2,4.2,333.8,57.533
52.2,206.87,110.87,309.27
85.267,145,245.27,267.67
1,74.6,198.33,182.33
1,196.2,66.067,308.2
1,93.8,55.4,149.27
207.93,147.13,254.87,187.67
42.6,461.8,154.6,511.93
200.47,147.13,255.93,229.27
1,180.2,66.067,307.13
188.73,225,277.27,461.8
1,87.4,100.2,161
1,71.4,55.4,147.13
188.73,289,276.2,425.53
86.333,218.6,225,334.87
191.93,205.8,238.87,314.6
315.67,286.87,363.67,427.67
292.2,1,344.47,66.067
174.87,79.933,229.27,152.47
207.93,78.867,310.33,195.13
196.2,141.8,244.2,187.67
278.33,157.8,356.2,356.2
1,366.87,182.33,466.07
52.2,196.2,210.07,309.27
86.333,218.6,209,282.6
89.533,274.07,225,334.87
1,175.93,97,242.07
1,157.8,186.6,212.2
303.93,20.2,364.73,83.133
162.07,404.2,260.2,511.93
210.07,74.6,346.6,193
303.93,68.2,354.07,122.6
137.53,386.07,253.8,511.93
289,1,337,57.533
1,275.13,95.933,339.13
86.333,223.93,138.6,271.93
180.2,1,260.2,106.6
164.2,73.533,237.8,149.27
1,7.4,55.4,52.2
149.27,376.47,198.33,446.87
205.8,353,257,405.27
1,98.067,43.667,145
234.6,1,294.33,47.933
1,98.067,45.8,138.6
173.8,42.6,270.87,150.33
262.33,1,356.2,60.733
179.13,1,225,106.6
66.067,1,370.07,159.93
179.13,141.8,254.87,204.73
1,1,107.67,52.2
191.93,225,234.6,310.33
1,354.07,68.2,402.07
1,329.53,189.8,370.07
101.27,375.4,180.2,423.4
282.6,463.93,344.47,511.93
77.8,372.2,179.13,425.53
214.33,43.667,276.2,86.333
291.13,106.6,346.6,174.87
309.27,173.8,353,219.67
93.8,376.47,179.13,425.53
231.4,282.6,283.67,367.93
234.6,1,279.4,47.933
1,269.8,50.067,325.27
215.4,354.07,280.47,422.33
188.73,300.73,259.13,391.4
225,338.07,275.13,381.8
52.2,206.87,190.87,309.27
231.4,229.27,283.67,367.93
278.33,41.533,319.93,121.53
229.27,177,277.27,323.13
60.733,465,154.6,511.93
1,1,197.27,52.2
129,1,268.73,189.8
242.07,323.13,298.6,381.8
109.8,230.33,209,275.13
309.27,173.8,356.2,248.47
157.8,9.5333,198.33,50.067
1,275.13,54.333,316.73
85.267,248.47,156.73,290.07
1,206.87,210.07,309.27
1,94.867,46.867,139.67
291.13,111.93,346.6,174.87
91.667,469.27,185.53,511.93
52.2,206.87,210.07,309.27
281.53,75.667,331.67,120.47
241,437.27,305,504.47
278.33,346.6,350.87,455.4
1,296.47,90.6,339.13
79.933,374.33,171.67,420.2
262.33,1,356.2,66.067
9.5333,362.6,186.6,466.07
1,180.2,53.267,221.8
77.8,372.2,118.33,423.4
119.4,99.133,185.53,141.8
1,463.93,59.667,511.93
231.4,177,283.67,367.93
129,73.533,237.8,189.8
1,97,43.667,138.6
191.93,225,238.87,314.6
108.73,376.47,180.2,423.4
278.33,1,369,100.2
248.47,78.867,308.2,187.67
303.93,42.6,356.2,122.6
241,437.27,305,502.33
291.13,111.93,346.6,164.2
1,51.133,188.73,143.93
1,97,46.867,145
1,363.67,60.733,435.13
303.93,71.4,366.87,145
303.93,71.4,366.87,136.47
196.2,82.067,263.4,229.27
241,383.93,362.6,511.93
1,52.2,187.67,98.067
86.333,217.53,190.87,280.47
310.33,1,369,79.933
202.6,1,263.4,68.2
157.8,215.4,209,291.13
184.47,386.07,250.6,466.07
231.4,214.33,275.13,353
278.33,346.6,347.67,443.67
191.93,237.8,238.87,314.6
204.73,177,277.27,294.33
1,76.733,55.4,147.13
1,305,55.4,359.4
241,458.6,305,502.33
214.33,44.733,260.2,86.333
52.2,206.87,136.47,309.27
1,271.93,42.6,316.73
1,275.13,90.6,339.13
233.53,214.33,275.13,353
221.8,82.067,263.4,194.07
211.13,18.067,281.53,78.867
14.867,296.47,90.6,339.13
107.67,379.67,170.6,420.2
97,310.33,211.13,364.73
1,191.93,52.2,242.07
1,97,45.8,138.6
303.93,43.667,356.2,122.6
179.13,1,231.4,106.6
106.6,376.47,167.4,420.2
278.33,1,369,79.933
86.333,223.93,209,275.13
241,425.53,362.6,511.93
294.33,1,369,79.933
68.2,94.867,187.67,155.67
68.2,362.6,186.6,430.87
157.8,232.47,209,291.13
1,206.87,66.067,307.13
188.73,289,259.13,390.33
164.2,73.533,237.8,159.93
1,74.6,100.2,158.87
210.07,81,262.33,193
137.53,419.13,251.67,511.93
314.6,1,369,79.933
97,310.33,251.67,511.93
274.07,425.53,345.53,511.93
98.067,1,197.27,50.067
305,40.467,370.07,114.07
155.67,234.6,209,275.13
1,51.133,198.33,182.33
314.6,21.267,360.47,79.933
110.87,94.867,179.13,139.67
1,463.93,57.533,511.93
292.2,1,360.47,57.533
1,97,43.667,145
137.53,395.67,251.67,511.93
95.933,141.8,198.33,182.33
233.53,218.6,275.13,353
1,98.067,55.4,149.27
81,94.867,127.93,142.87
52.2,206.87,141.8,309.27
50.067,186.6,98.067,309.27
299.67,424.47,361.53,511.93
82.067,93.8,184.47,142.87
