1,1,179.13,248.47
1,1,339.13,511.93
77.8,361.53,123.67,495.93
143.93,307.13,339.13,511.93
187.67,117.27,298.6,392.47
77.8,291.13,311.4,511.93
41.533,191.93,116.2,297.53
1,1,303.93,511.93
103.4,1,339.13,511.93
263.4,406.33,332.73,511.93
187.67,291.13,311.4,403.13
103.4,1,244.2,43.667
1,259.13,261.27,511.93
151.4,361.53,249.53,404.2
1,1,244.2,248.47
1,24.467,191.93,499.13
1,124.73,291.13,373.27
123.67,157.8,280.47,362.6
1,260.2,303.93,511.93
62.867,282.6,177,374.33
100.2,291.13,184.47,495.93
151.4,212.2,323.13,334.87
123.67,1,339.13,511.93
274.07,94.867,327.4,293.27
274.07,113,327.4,293.27
1,1,191.93,511.93
1,24.467,184.47,495.93
1,1,199.4,254.87
92.733,1,339.13,184.47
249.53,269.8,339.13,511.93
103.4,1,339.13,204.73
92.733,1,277.27,184.47
74.6,24.467,191.93,301.8
5.2667,1,339.13,511.93
1,24.467,191.93,511.93
142.87,1,339.13,204.73
142.87,158.87,339.13,511.93
103.4,1,339.13,392.47
143.93,291.13,311.4,403.13
150.33,122.6,258.07,163.13
146.07,72.467,277.27,184.47
121.53,1,339.13,511.93
5.2667,24.467,184.47,495.93
249.53,389.27,339.13,511.93
114.07,287.93,339.13,511.93
188.73,446.87,285.8,505.53
5.2667,142.87,106.6,359.4
150.33,1,339.13,172.73
123.67,214.33,258.07,362.6
148.2,296.47,248.47,362.6
252.73,326.33,330.6,486.33
142.87,122.6,266.6,163.13
123.67,33,339.13,392.47
69.267,219.67,113,354.07
238.87,33,339.13,420.2
194.07,79.933,297.53,164.2
146.07,165.27,291.13,316.73
219.67,1,339.13,165.27
149.27,84.2,277.27,158.87
5.2667,202.6,97,297.53
238.87,291.13,334.87,486.33
1,139.67,114.07,373.27
123.67,1,339.13,362.6
5.2667,152.47,114.07,370.07
151.4,212.2,323.13,321
127.93,287.93,339.13,511.93
249.53,23.4,339.13,511.93
123.67,157.8,323.13,362.6
203.67,44.733,326.33,148.2
47.933,142.87,103.4,302.87
123.67,182.33,262.33,362.6
92.733,1,339.13,195.13
152.47,215.4,245.27,281.53
66.067,24.467,184.47,495.93
41.533,24.467,182.33,300.73
274.07,23.4,339.13,337
1,1,339.13,254.87
1,23.4,339.13,511.93
1,155.67,100.2,365.8
150.33,165.27,291.13,316.73
66.067,24.467,183.4,233.53
186.6,306.07,339.13,511.93
121.53,1,339.13,172.73
1,124.73,311.4,511.93
127.93,362.6,285.8,505.53
269.8,33,339.13,337
1,259.13,303.93,511.93
195.13,84.2,268.73,134.33
274.07,102.33,335.93,325.27
136.47,27.667,246.33,71.4
156.73,447.93,236.73,489.53
62.867,282.6,177,499.13
123.67,214.33,247.4,345.53
156.73,1,339.13,122.6
77.8,217.53,184.47,495.93
73.533,193,132.2,489.53
152.47,158.87,323.13,334.87
187.67,291.13,291.13,403.13
123.67,157.8,280.47,300.73
151.4,215.4,275.13,281.53
276.2,311.4,339.13,487.4
114.07,447.93,303.93,511.93
90.6,366.87,303.93,511.93
195.13,25.533,319.93,162.07
148.2,308.2,247.4,362.6
142.87,116.2,276.2,175.93
1,1,200.47,254.87
276.2,311.4,337,451.13
123.67,117.27,298.6,392.47
136.47,27.667,207.93,71.4
147.13,1,339.13,175.93
100.2,291.13,311.4,511.93
100.2,291.13,141.8,489.53
123.67,214.33,255.93,353
156.73,1,339.13,204.73
238.87,259.13,334.87,420.2
263.4,361.53,339.13,461.8
194.07,237.8,295.4,392.47
62.867,24.467,191.93,499.13
61.8,124.73,197.27,362.6
73.533,162.07,184.47,495.93
143.93,430.87,184.47,471.4
37.267,152.47,77.8,302.87
269.8,113,333.8,328.47
37.267,202.6,77.8,302.87
157.8,425.53,250.6,487.4
267.67,269.8,323.13,321
1,155.67,100.2,373.27
254.87,269.8,323.13,321
52.2,345.53,97,488.47
147.13,110.87,285.8,163.13
241,377.53,323.13,456.47
61.8,136.47,140.73,297.53
186.6,405.27,281.53,505.53
98.067,24.467,140.73,165.27
147.13,1,339.13,164.2
201.53,299.67,295.4,345.53
241,389.27,305,472.47
5.2667,155.67,104.47,370.07
123.67,163.13,258.07,404.2
294.33,1,339.13,132.2
124.73,294.33,184.47,492.73
82.067,24.467,191.93,292.2
138.6,214.33,186.6,297.53
121.53,1,339.13,373.27
142.87,110.87,276.2,175.93
1,1,175.93,247.4
203.67,44.733,328.47,204.73
134.33,316.73,177,363.67
141.8,29.8,258.07,105.53
173.8,405.27,285.8,505.53
121.53,1,242.07,147.13
274.07,134.33,327.4,209
157.8,393.53,249.53,445.8
189.8,157.8,280.47,263.4
187.67,361.53,339.13,511.93
5.2667,155.67,100.2,365.8
238.87,102.33,339.13,420.2
15.933,139.67,95.933,244.2
274.07,113,323.13,269.8
245.27,50.067,294.33,158.87
100.2,350.87,142.87,494.87
151.4,215.4,262.33,281.53
237.8,341.27,278.33,403.13
5.2667,170.6,100.2,370.07
157.8,405.27,281.53,505.53
236.73,381.8,312.47,511.93
274.07,113,314.6,269.8
100.2,130.07,141.8,204.73
123.67,210.07,191.93,300.73
1,139.67,106.6,373.27
238.87,291.13,330.6,486.33
77.8,348.73,136.47,495.93
123.67,178.07,257,300.73
5.2667,139.67,106.6,359.4
54.333,284.73,101.27,359.4
100.2,433,142.87,494.87
255.93,287.93,339.13,411.67
140.73,69.267,182.33,126.87
5.2667,202.6,97,361.53
245.27,76.733,294.33,158.87
146.07,163.13,251.67,213.27
245.27,95.933,285.8,158.87
173.8,361.53,339.13,511.93
5.2667,170.6,100.2,365.8
157.8,394.6,249.53,445.8
1,140.73,75.667,254.87
147.13,122.6,266.6,163.13
241,377.53,319.93,442.6
148.2,296.47,248.47,354.07
259.13,52.2,317.8,105.53
296.47,1,339.13,54.333
141.8,29.8,258.07,82.067
245.27,79.933,314.6,158.87
1,1,200.47,297.53
157.8,1,318.87,41.533
232.47,446.87,279.4,493.8
148.2,290.07,253.8,362.6
126.87,293.27,177,363.67
282.6,269.8,323.13,321
269.8,350.87,326.33,411.67
238.87,102.33,334.87,420.2
97,447.93,236.73,499.13
249.53,389.27,314.6,511.93
146.07,84.2,277.27,169.53
238.87,259.13,316.73,372.2
123.67,210.07,262.33,300.73
274.07,18.067,339.13,373.27
292.2,175.93,333.8,328.47
157.8,364.73,233.53,434.07
130.07,106.6,181.27,172.73
241,361.53,339.13,511.93
130.07,108.73,181.27,218.6
209,317.8,277.27,367.93
77.8,363.67,236.73,499.13
197.27,237.8,295.4,392.47
187.67,237.8,295.4,392.47
186.6,405.27,279.4,505.53
142.87,122.6,276.2,163.13
119.4,124.73,197.27,345.53
5.2667,218.6,106.6,370.07
52.2,345.53,303.93,511.93
249.53,383.93,339.13,511.93
148.2,298.6,255.93,362.6
173.8,433,262.33,474.6
123.67,163.13,258.07,362.6
127.93,316.73,184.47,425.53
67.133,1,199.4,148.2
275.13,1,339.13,132.2
281.53,258.07,323.13,323.13
249.53,389.27,311.4,511.93
133.27,394.6,184.47,474.6
130.07,28.733,191.93,218.6
195.13,84.2,268.73,146.07
130.07,28.733,182.33,218.6
209,306.07,277.27,367.93
127.93,364.73,184.47,492.73
130.07,44.733,181.27,172.73
198.33,237.8,257,279.4
77.8,361.53,123.67,499.13
5.2667,155.67,184.47,495.93
187.67,406.33,263.4,451.13
156.73,18.067,305,122.6
103.4,127.93,182.33,233.53
282.6,269.8,339.13,373.27
156.73,1,308.2,122.6
100.2,291.13,210.07,495.93
249.53,389.27,301.8,461.8
5.2667,170.6,74.6,347.67
274.07,102.33,328.47,293.27
146.07,84.2,277.27,184.47
1,124.73,197.27,373.27
186.6,405.27,279.4,493.8
132.2,46.867,182.33,145
98.067,24.467,191.93,292.2
121.53,1,339.13,404.2
187.67,406.33,279.4,505.53
123.67,210.07,262.33,362.6
51.133,266.6,106.6,359.4
195.13,306.07,277.27,386.07
286.87,39.4,333.8,165.27
232.47,389.27,305,472.47
238.87,259.13,281.53,316.73
142.87,122.6,276.2,175.93
298.6,293.27,339.13,373.27
143.93,307.13,292.2,393.53
104.47,217.53,184.47,492.73
77.8,350.87,143.93,499.13
289,430.87,339.13,511.93
289,430.87,339.13,506.6
135.4,308.2,177,354.07
253.8,361.53,339.13,511.93
157.8,435.13,249.53,487.4
235.67,299.67,295.4,345.53
66.067,28.733,181.27,221.8
142.87,306.07,339.13,511.93
189.8,117.27,298.6,263.4
199.4,232.47,291.13,300.73
123.67,214.33,197.27,345.53
253.8,433,311.4,511.93
100.2,136.47,140.73,292.2
66.067,147.13,179.13,221.8
98.067,24.467,140.73,292.2
149.27,310.33,247.4,354.07
140.73,255.93,186.6,297.53
253.8,433,332.73,511.93
92.733,24.467,182.33,159.93
293.27,334.87,339.13,487.4
123.67,214.33,258.07,353
188.73,446.87,279.4,505.53
173.8,405.27,263.4,474.6
127.93,362.6,205.8,492.73
147.13,216.47,189.8,287.93
151.4,215.4,270.87,281.53
1,1,199.4,247.4
73.533,217.53,184.47,495.93
147.13,220.73,189.8,287.93
241,377.53,332.73,499.13
142.87,387.13,303.93,511.93
255.93,287.93,331.67,372.2
216.47,232.47,269.8,279.4
138.6,214.33,197.27,297.53
124.73,316.73,184.47,492.73
119.4,124.73,191.93,233.53
142.87,291.13,311.4,511.93
269.8,350.87,314.6,411.67
275.13,326.33,330.6,486.33
219.67,1,339.13,172.73
142.87,367.93,210.07,434.07
84.2,24.467,182.33,233.53
157.8,364.73,205.8,434.07
247.4,52.2,326.33,137.53
275.13,1,339.13,105.53
194.07,307.13,292.2,375.4
259.13,2.0667,317.8,105.53
152.47,158.87,323.13,323.13
123.67,214.33,252.73,345.53
127.93,362.6,184.47,492.73
146.07,84.2,277.27,163.13
267.67,449,312.47,499.13
1,139.67,95.933,373.27
267.67,449,332.73,511.93
195.13,306.07,277.27,367.93
92.733,24.467,135.4,150.33
133.27,387.13,184.47,492.73
146.07,163.13,251.67,212.2
73.533,193,184.47,492.73
241,287.93,339.13,511.93
119.4,124.73,181.27,233.53
148.2,296.47,248.47,345.53
123.67,210.07,190.87,300.73
104.47,291.13,177,357.27
219.67,1,295.4,83.133
51.133,266.6,101.27,359.4
136.47,27.667,182.33,71.4
274.07,18.067,339.13,337
66.067,24.467,182.33,233.53
73.533,162.07,184.47,492.73
123.67,237.8,189.8,345.53
1,277.27,126.87,511.93
197.27,341.27,278.33,392.47
141.8,29.8,258.07,87.4
61.8,124.73,197.27,345.53
187.67,361.53,339.13,505.53
138.6,1,242.07,71.4
148.2,298.6,255.93,349.8
269.8,324.2,339.13,411.67
274.07,113,333.8,328.47
235.67,307.13,292.2,375.4
147.13,116.2,276.2,163.13
66.067,24.467,182.33,221.8
267.67,449,312.47,511.93
237.8,291.13,291.13,403.13
203.67,341.27,278.33,392.47
130.07,108.73,181.27,172.73
182.33,19.133,294.33,77.8
69.267,219.67,113,362.6
194.07,79.933,295.4,148.2
149.27,313.53,247.4,354.07
148.2,291.13,255.93,362.6
142.87,387.13,281.53,505.53
156.73,29.8,258.07,82.067
103.4,161,175.93,233.53
216.47,217.53,282.6,300.73
194.07,165.27,291.13,316.73
147.13,116.2,275.13,163.13
249.53,311.4,339.13,511.93
274.07,102.33,335.93,293.27
235.67,307.13,276.2,375.4
247.4,52.2,326.33,132.2
100.2,350.87,143.93,494.87
92.733,24.467,143.93,150.33
5.2667,202.6,106.6,359.4
119.4,171.67,175.93,233.53
263.4,449,332.73,511.93
195.13,1,339.13,162.07
229.27,25.533,295.4,68.2
151.4,157.8,280.47,199.4
127.93,364.73,168.47,475.67
200.47,232.47,269.8,279.4
136.47,1,246.33,71.4
201.53,446.87,279.4,505.53
199.4,216.47,291.13,300.73
157.8,425.53,250.6,471.4
148.2,298.6,255.93,347.67
156.73,19.133,294.33,83.133
247.4,44.733,326.33,137.53
195.13,70.333,314.6,162.07
274.07,102.33,333.8,328.47
251.67,299.67,295.4,345.53
245.27,165.27,289,273
247.4,79.933,295.4,132.2
123.67,214.33,175.93,311.4
238.87,259.13,328.47,420.2
124.73,389.27,166.33,475.67
253.8,433,305,499.13
275.13,1,339.13,147.13
275.13,1,339.13,60.733
285.8,1,339.13,81
182.33,19.133,294.33,71.4
124.73,389.27,166.33,492.73
114.07,294.33,184.47,492.73
138.6,1,242.07,49
146.07,167.4,245.27,210.07
293.27,324.2,339.13,511.93
219.67,1,295.4,109.8
52.2,345.53,161,499.13
250.6,449,310.33,506.6
195.13,79.933,295.4,132.2
232.47,446.87,279.4,505.53
143.93,225,185.53,287.93
41.533,186.6,116.2,300.73
156.73,1,339.13,164.2
127.93,316.73,180.2,413.8
5.2667,218.6,63.933,297.53
151.4,212.2,291.13,299.67
291.13,354.07,337,427.67
238.87,259.13,295.4,345.53
245.27,39.4,333.8,165.27
123.67,214.33,255.93,349.8
219.67,1,295.4,54.333
123.67,214.33,189.8,311.4
92.733,24.467,182.33,161
15.933,202.6,63.933,245.27
289,449,332.73,499.13
259.13,1,317.8,105.53
197.27,299.67,295.4,392.47
241,377.53,300.73,442.6
66.067,28.733,182.33,221.8
134.33,294.33,177,354.07
194.07,165.27,277.27,215.4
238.87,291.13,291.13,345.53
132.2,69.267,179.13,125.8
156.73,34.067,258.07,82.067
5.2667,218.6,65,297.53
263.4,381.8,319.93,442.6
274.07,113,327.4,209
1,216.47,49,297.53
132.2,308.2,177,363.67
163.13,84.2,277.27,158.87
142.87,387.13,210.07,434.07
146.07,167.4,251.67,212.2
238.87,291.13,295.4,350.87
104.47,217.53,177,363.67
37.267,152.47,114.07,313.53
253.8,383.93,300.73,442.6
195.13,79.933,314.6,162.07
133.27,390.33,184.47,474.6
197.27,361.53,339.13,472.47
163.13,84.2,277.27,149.27
156.73,43.667,266.6,122.6
104.47,282.6,177,357.27
92.733,1,246.33,161
148.2,298.6,247.4,342.33
237.8,341.27,278.33,386.07
125.8,69.267,182.33,159.93
219.67,1,295.4,68.2
249.53,258.07,291.13,300.73
142.87,387.13,184.47,492.73
293.27,334.87,337,393.53
152.47,215.4,237.8,281.53
252.73,350.87,328.47,420.2
130.07,171.67,175.93,218.6
152.47,230.33,197.27,281.53
62.867,315.67,115.13,374.33
232.47,361.53,339.13,472.47
289,444.73,332.73,499.13
103.4,44.733,182.33,233.53
156.73,19.133,297.53,164.2
250.6,291.13,291.13,345.53
293.27,324.2,339.13,487.4
187.67,406.33,263.4,471.4
81,193,132.2,375.4
61.8,165.27,103.4,206.87
98.067,24.467,140.73,158.87
285.8,1,339.13,54.333
130.07,28.733,182.33,126.87
194.07,165.27,323.13,323.13
185.53,84.2,277.27,146.07
119.4,158.87,175.93,233.53
231.4,237.8,282.6,316.73
274.07,102.33,328.47,209
269.8,350.87,328.47,411.67
186.6,433,255.93,474.6
140.73,44.733,182.33,126.87
1,260.2,167.4,511.93
24.467,260.2,81,324.2
41.533,191.93,116.2,300.73
150.33,122.6,275.13,172.73
194.07,167.4,266.6,212.2
81,193,132.2,489.53
194.07,169.53,252.73,212.2
5.2667,218.6,63.933,270.87
123.67,214.33,175.93,297.53
216.47,217.53,270.87,289
69.267,219.67,113,313.53
146.07,167.4,245.27,212.2
186.6,365.8,312.47,511.93
186.6,306.07,312.47,511.93
198.33,237.8,282.6,316.73
194.07,165.27,279.4,223.93
156.73,34.067,246.33,82.067
152.47,215.4,262.33,281.53
276.2,311.4,317.8,364.73
81,193,131.13,375.4
77.8,361.53,122.6,495.93
5.2667,202.6,100.2,370.07
253.8,420.2,305,463.93
1,238.87,89.533,373.27
130.07,167.4,179.13,218.6
132.2,230.33,186.6,297.53
54.333,284.73,106.6,370.07
100.2,136.47,140.73,221.8
5.2667,155.67,100.2,370.07
136.47,27.667,236.73,71.4
186.6,433,279.4,493.8
187.67,406.33,263.4,474.6
198.33,381.8,312.47,511.93
282.6,269.8,323.13,323.13
219.67,1,339.13,109.8
152.47,165.27,323.13,323.13
84.2,24.467,135.4,169.53
104.47,282.6,177,363.67
104.47,217.53,177,357.27
41.533,165.27,116.2,300.73
130.07,28.733,181.27,69.267
146.07,169.53,245.27,210.07
24.467,260.2,73.533,311.4
194.07,165.27,291.13,300.73
73.533,191.93,116.2,287.93
100.2,291.13,141.8,495.93
241,389.27,305,463.93
198.33,405.27,263.4,451.13
250.6,449,311.4,511.93
186.6,381.8,312.47,511.93
130.07,28.733,181.27,172.73
61.8,298.6,106.6,370.07
238.87,259.13,282.6,316.73
198.33,291.13,291.13,403.13
5.2667,229.27,59.667,297.53
41.533,142.87,116.2,300.73
123.67,214.33,190.87,311.4
66.067,147.13,132.2,221.8
247.4,73.533,295.4,132.2
100.2,136.47,140.73,297.53
282.6,406.33,334.87,451.13
62.867,315.67,106.6,370.07
249.53,259.13,291.13,300.73
100.2,136.47,140.73,204.73
186.6,446.87,279.4,493.8
274.07,113,323.13,209
136.47,27.667,229.27,71.4
133.27,394.6,184.47,473.53
132.2,44.733,182.33,145
249.53,381.8,312.47,511.93
5.2667,202.6,90.6,361.53
148.2,298.6,247.4,345.53
263.4,381.8,312.47,442.6
132.2,69.267,182.33,145
132.2,69.267,182.33,125.8
199.4,165.27,291.13,300.73
123.67,237.8,180.2,345.53
5.2667,218.6,59.667,297.53
1,193,54.333,254.87
127.93,316.73,184.47,471.4
249.53,381.8,312.47,461.8
132.2,216.47,189.8,297.53
103.4,158.87,175.93,233.53
124.73,343.4,184.47,492.73
127.93,316.73,177,394.6
5.2667,202.6,81,324.2
199.4,232.47,269.8,279.4
245.27,79.933,314.6,162.07
196.2,25.533,295.4,83.133
195.13,25.533,314.6,162.07
245.27,95.933,294.33,158.87
276.2,311.4,337,427.67
259.13,79.933,314.6,127.93
274.07,134.33,323.13,209
131.13,214.33,175.93,258.07
133.27,390.33,184.47,492.73
5.2667,229.27,46.867,270.87
118.33,171.67,175.93,233.53
216.47,212.2,323.13,323.13
41.533,191.93,116.2,287.93
134.33,317.8,177,363.67
143.93,409.53,184.47,471.4
216.47,212.2,289,300.73
229.27,25.533,295.4,76.733
14.867,259.13,81,324.2
5.2667,242.07,81,324.2
24.467,266.6,73.533,311.4
250.6,452.2,301.8,506.6
117.27,161,175.93,233.53
229.27,25.533,295.4,83.133
267.67,452.2,311.4,511.93
244.2,291.13,291.13,345.53
81,284.73,131.13,375.4
252.73,420.2,301.8,461.8
252.73,415.93,301.8,461.8
