1,1,159.93,511.93
25.533,121.53,328.47,511.93
1,1,269.8,300.73
1,1,383.93,511.93
1,1,264.47,511.93
137.53,405.27,306.07,511.93
1,365.8,63.933,439.4
1,1,383.93,362.6
209,173.8,383.93,353
73.533,1,383.93,511.93
1,1,254.87,337
222.87,260.2,300.73,310.33
116.2,145,248.47,337
116.2,1,383.93,362.6
1,213.27,383.93,511.93
250.6,289,383.93,359.4
81,1,196.2,110.87
1,1,273,511.93
1,60.733,118.33,118.33
1,292.2,383.93,511.93
233.53,369,328.47,511.93
1,1,254.87,221.8
155.67,217.53,246.33,300.73
325.27,278.33,383.93,334.87
114.07,1,225,194.07
25.533,177,342.33,511.93
204.73,298.6,273,386.07
180.2,149.27,265.53,206.87
191.93,1,383.93,353
209,1,383.93,315.67
165.27,1,363.67,264.47
73.533,188.73,265.53,451.13
1,199.4,133.27,280.47
1,1,383.93,328.47
287.93,213.27,367.93,317.8
1,1,383.93,353
120.47,296.47,383.93,397.8
1,287.93,383.93,511.93
120.47,296.47,383.93,511.93
116.2,324.2,383.93,511.93
161,111.93,265.53,201.53
1,365.8,63.933,406.33
221.8,214.33,276.2,294.33
247.4,196.2,338.07,257
168.47,170.6,230.33,211.13
209,1,338.07,107.67
202.6,93.8,383.93,363.67
1,216.47,261.27,511.93
1,1,95.933,55.4
191.93,1,383.93,227.13
138.6,296.47,332.73,439.4
138.6,302.87,263.4,431.93
269.8,70.333,312.47,111.93
1,1,353,511.93
156.73,409.53,245.27,511.93
286.87,213.27,369,318.87
153.53,217.53,246.33,300.73
78.867,264.47,127.93,360.47
12.733,1,97,52.2
258.07,1,329.53,113
211.13,1,329.53,159.93
216.47,93.8,383.93,363.67
25.533,1,383.93,511.93
1,1,329.53,511.93
1,1,225,356.2
212.2,56.467,383.93,382.87
45.8,376.47,173.8,511.93
132.2,298.6,383.93,511.93
1,1,338.07,281.53
1,1,274.07,345.53
81,1,222.87,184.47
265.53,314.6,383.93,363.67
209,92.733,383.93,363.67
303.93,1,383.93,120.47
81,1,360.47,209
1,1,95.933,53.267
92.733,427.67,158.87,511.93
125.8,207.93,170.6,293.27
178.07,27.667,222.87,152.47
202.6,93.8,383.93,366.87
342.33,363.67,383.93,511.93
284.73,197.27,367.93,237.8
81,1,383.93,315.67
209,1,316.73,147.13
270.87,92.733,383.93,241
1,203.67,187.67,511.93
138.6,305,220.73,431.93
114.07,1,215.4,142.87
279.4,1,383.93,151.4
323.13,1,383.93,104.47
73.533,188.73,243.13,305
79.933,235.67,158.87,356.2
1,213.27,177,511.93
250.6,152.47,383.93,237.8
1,1,156.73,294.33
76.733,218.6,193,327.4
312.47,85.267,383.93,129
237.8,351.93,322.07,438.33
1,148.2,117.27,268.73
156.73,298.6,328.47,511.93
200.47,299.67,383.93,397.8
29.8,1,97,57.533
330.6,361.53,383.93,511.93
73.533,188.73,383.93,511.93
137.53,24.467,222.87,181.27
86.333,131.13,148.2,173.8
191.93,125.8,365.8,227.13
88.467,40.467,156.73,172.73
165.27,1,321,206.87
1,109.8,109.8,166.33
117.27,264.47,265.53,451.13
1,1,329.53,221.8
1,363.67,63.933,404.2
279.4,374.33,338.07,511.93
25.533,204.73,99.133,268.73
162.07,1,254.87,203.67
328.47,361.53,383.93,511.93
209,194.07,334.87,274.07
95.933,1,225,194.07
227.13,1,383.93,362.6
1,1,225,194.07
1,343.4,99.133,463.93
226.07,201.53,383.93,359.4
1,91.667,164.2,356.2
180.2,113,271.93,206.87
132.2,177,181.27,218.6
73.533,188.73,276.2,322.07
113,289,383.93,511.93
1,373.27,62.867,439.4
212.2,265.53,266.6,315.67
216.47,193,325.27,308.2
165.27,1,383.93,366.87
220.73,324.2,265.53,425.53
215.4,1,312.47,143.93
78.867,268.73,125.8,358.33
161,1,212.2,71.4
191.93,1,383.93,328.47
90.6,280.47,158.87,381.8
237.8,351.93,326.33,458.6
209,195.13,383.93,363.67
216.47,175.93,292.2,217.53
1,287.93,183.4,511.93
73.533,188.73,276.2,305
156.73,324.2,312.47,511.93
217.53,1,324.2,120.47
209,92.733,383.93,511.93
212.2,171.67,356.2,315.67
113,218.6,193,302.87
156.73,22.333,221.8,194.07
1,1,105.53,164.2
209,195.13,334.87,328.47
45.8,391.4,97,511.93
309.27,222.87,367.93,315.67
155.67,205.8,248.47,295.4
1,1,170.6,294.33
156.73,324.2,322.07,511.93
209,1,383.93,147.13
1,1,265.53,268.73
88.467,1,247.4,218.6
107.67,165.27,241,305
212.2,1,383.93,362.6
100.2,301.8,145,355.13
308.2,361.53,383.93,511.93
217.53,1,302.87,59.667
209,181.27,317.8,264.47
121.53,1,187.67,195.13
290.07,353,383.93,511.93
225,267.67,324.2,328.47
330.6,357.27,383.93,511.93
134.33,454.33,211.13,511.93
198.33,152.47,339.13,205.8
250.6,157.8,383.93,237.8
25.533,121.53,317.8,308.2
1,42.6,97,85.267
212.2,171.67,383.93,362.6
283.67,189.8,383.93,241
1,1,159.93,274.07
191.93,109.8,297.53,206.87
88.467,20.2,179.13,218.6
165.27,1,383.93,511.93
222.87,260.2,300.73,328.47
156.73,1,225,194.07
1,330.6,99.133,463.93
73.533,56.467,383.93,382.87
121.53,1,212.2,85.267
156.73,412.73,270.87,511.93
161,342.33,212.2,394.6
132.2,301.8,383.93,511.93
1,264.47,195.13,511.93
265.53,213.27,383.93,317.8
209,1,383.93,511.93
239.93,135.4,383.93,308.2
171.67,340.2,321,484.2
95.933,1,269.8,300.73
132.2,298.6,294.33,511.93
250.6,125.8,383.93,237.8
76.733,197.27,274.07,345.53
1,1,115.13,164.2
1,268.73,264.47,511.93
191.93,1,324.2,227.13
1,1,156.73,280.47
171.67,1,212.2,59.667
216.47,407.4,279.4,447.93
1,292.2,218.6,511.93
171.67,375.4,261.27,484.2
117.27,295.4,245.27,414.87
148.2,302.87,188.73,392.47
1,287.93,148.2,511.93
1,264.47,268.73,511.93
1,218.6,177,511.93
212.2,175.93,377.53,315.67
254.87,325.27,383.93,382.87
60.733,218.6,177,466.07
114.07,429.8,158.87,511.93
222.87,267.67,323.13,328.47
295.4,364.73,335.93,511.93
286.87,85.267,383.93,241
212.2,214.33,325.27,315.67
95.933,1,225,291.13
168.47,157.8,317.8,211.13
265.53,269.8,315.67,310.33
165.27,405.27,205.8,445.8
1,148.2,103.4,199.4
212.2,245.27,325.27,315.67
122.6,113,360.47,206.87
1,63.933,105.53,113
1,378.6,218.6,511.93
125.8,197.27,274.07,308.2
292.2,230.33,334.87,276.2
212.2,201.53,383.93,382.87
139.67,334.87,211.13,412.73
1,1,190.87,118.33
1,148.2,117.27,274.07
1,108.73,158.87,283.67
156.73,324.2,353,511.93
1,1,265.53,231.4
25.533,182.33,178.07,281.53
290.07,213.27,369,318.87
225,228.2,383.93,353
171.67,408.47,294.33,511.93
209,135.4,383.93,328.47
73.533,188.73,249.53,305
1,131.13,156.73,280.47
73.533,188.73,243.13,360.47
1,36.2,115.13,140.73
1,82.067,159.93,190.87
1,264.47,353,511.93
141.8,33,204.73,163.13
221.8,148.2,361.53,204.73
69.267,300.73,148.2,453.27
209,189.8,383.93,353
209,1,316.73,155.67
142.87,1,188.73,71.4
1,1,156.73,287.93
1,45.8,105.53,113
326.33,1,383.93,103.4
180.2,159.93,220.73,206.87
1,287.93,148.2,472.47
76.733,1,274.07,345.53
137.53,24.467,221.8,181.27
209,1,338.07,155.67
204.73,324.2,314.6,511.93
1,216.47,261.27,499.13
101.27,250.6,177,302.87
216.47,193,383.93,317.8
163.13,411.67,261.27,477.8
191.93,170.6,296.47,227.13
77.8,165.27,127.93,242.07
90.6,148.2,361.53,305
212.2,429.8,297.53,498.07
1,1,213.27,110.87
139.67,334.87,216.47,426.6
215.4,25.533,261.27,83.133
161,1,383.93,211.13
227.13,193,296.47,253.8
105.53,1,189.8,95.933
1,134.33,103.4,199.4
1,214.33,123.67,287.93
341.27,117.27,383.93,172.73
25.533,121.53,317.8,345.53
217.53,1,303.93,70.333
49,410.6,91.667,505.53
129,188.73,238.87,268.73
163.13,42.6,217.53,152.47
138.6,302.87,220.73,431.93
1,103.4,109.8,194.07
60.733,268.73,123.67,358.33
49,447.93,91.667,505.53
29.8,1,110.87,100.2
226.07,201.53,383.93,382.87
191.93,65,303.93,206.87
1,264.47,145,467.13
81,1,213.27,139.67
100.2,301.8,145,441.53
212.2,245.27,302.87,315.67
116.2,145,383.93,362.6
82.067,264.47,123.67,321
137.53,27.667,222.87,184.47
75.667,165.27,273,426.6
1,1,97,51.133
220.73,360.47,265.53,425.53
1,45.8,105.53,119.4
44.733,151.4,117.27,220.73
169.53,142.87,216.47,188.73
157.8,264.47,217.53,337
1,1,213.27,231.4
251.67,79.933,383.93,205.8
204.73,360.47,312.47,511.93
227.13,213.27,274.07,290.07
61.8,309.27,129,511.93
1,66.067,97,108.73
166.33,382.87,238.87,444.73
1,1,273,426.6
212.2,193,383.93,382.87
117.27,295.4,265.53,451.13
212.2,135.4,383.93,315.67
227.13,201.53,328.47,308.2
322.07,1,383.93,103.4
35.133,309.27,183.4,511.93
127.93,50.067,179.13,115.13
265.53,314.6,383.93,451.13
305,250.6,383.93,354.07
1,108.73,158.87,226.07
1,1,254.87,294.33
165.27,129,294.33,206.87
1,153.53,100.2,218.6
204.73,324.2,383.93,511.93
90.6,1,383.93,362.6
114.07,49,182.33,119.4
283.67,180.2,383.93,237.8
125.8,203.67,218.6,291.13
324.2,145,383.93,207.93
113,393.53,307.13,511.93
207.93,299.67,383.93,397.8
202.6,433,281.53,511.93
1,104.47,123.67,163.13
113,232.47,169.53,305
1,104.47,123.67,299.67
161,203.67,246.33,300.73
1,60.733,118.33,115.13
161,111.93,383.93,211.13
148.2,298.6,273,392.47
281.53,56.467,383.93,241
265.53,314.6,383.93,397.8
1,1,84.2,52.2
156.73,340.2,321,511.93
325.27,255.93,383.93,347.67
331.67,196.2,383.93,241
1,36.2,105.53,164.2
171.67,412.73,270.87,505.53
1,1,86.333,51.133
269.8,1,338.07,104.47
247.4,201.53,298.6,246.33
167.4,296.47,268.73,427.67
113,197.27,248.47,308.2
244.2,178.07,383.93,287.93
90.6,1,383.93,511.93
165.27,153.53,230.33,206.87
1,379.67,58.6,449
1,442.6,123.67,511.93
138.6,296.47,383.93,511.93
209,1,316.73,156.73
156.73,455.4,291.13,511.93
203.67,428.73,291.13,511.93
204.73,407.4,307.13,511.93
90.6,1,361.53,305
125.8,207.93,186.6,293.27
90.6,162.07,150.33,219.67
1,1,265.53,281.53
265.53,173.8,383.93,315.67
225,289,383.93,511.93
275.13,1,324.2,120.47
138.6,296.47,285.8,439.4
262.33,230.33,328.47,292.2
162.07,1,247.4,203.67
107.67,148.2,361.53,305
247.4,196.2,383.93,308.2
330.6,362.6,383.93,511.93
153.53,217.53,269.8,300.73
209,1,305,107.67
289,200.47,365.8,308.2
116.2,145,204.73,301.8
215.4,1,316.73,111.93
292.2,58.6,383.93,172.73
216.47,1,383.93,362.6
148.2,331.67,220.73,426.6
105.53,113,360.47,209
1,1,130.07,115.13
225,289,383.93,382.87
227.13,193,365.8,317.8
281.53,56.467,383.93,239.93
138.6,302.87,264.47,431.93
212.2,1,308.2,158.87
169.53,298.6,291.13,386.07
1,449,71.4,495.93
283.67,213.27,367.93,311.4
295.4,226.07,369,308.2
265.53,196.2,383.93,315.67
1,3.1333,84.2,52.2
215.4,1,329.53,143.93
60.733,250.6,177,466.07
56.467,417,98.067,495.93
223.93,219.67,269.8,293.27
268.73,363.67,353,511.93
1,219.67,73.533,274.07
290.07,154.6,383.93,241
163.13,28.733,217.53,152.47
26.6,210.07,83.133,266.6
212.2,1,321,158.87
1,302.87,98.067,453.27
114.07,429.8,178.07,511.93
201.53,358.33,271.93,414.87
217.53,63.933,307.13,147.13
122.6,145,184.47,198.33
252.73,109.8,308.2,177
1,386.07,49,438.33
156.73,324.2,342.33,511.93
1,386.07,49,439.4
228.2,429.8,297.53,498.07
229.27,69.267,297.53,111.93
133.27,379.67,189.8,469.27
1,148.2,92.733,199.4
168.47,145,265.53,206.87
1,68.2,97,108.73
1,60.733,158.87,294.33
1,386.07,50.067,435.13
156.73,1,254.87,203.67
222.87,197.27,383.93,363.67
216.47,193,367.93,317.8
1,267.67,83.133,511.93
132.2,177,205.8,218.6
93.8,1,213.27,139.67
290.07,213.27,367.93,273
217.53,63.933,277.27,139.67
227.13,85.267,383.93,362.6
1,45.8,118.33,115.13
125.8,197.27,248.47,308.2
171.67,340.2,383.93,511.93
137.53,421.27,291.13,511.93
122.6,1,171.67,99.133
217.53,1,324.2,177
1,148.2,97,231.4
263.4,325.27,332.73,377.53
1,139.67,156.73,221.8
227.13,201.53,383.93,359.4
265.53,311.4,383.93,362.6
83.133,268.73,216.47,426.6
1,216.47,84.2,334.87
169.53,298.6,273,380.73
88.467,40.467,156.73,171.67
290.07,85.267,383.93,241
132.2,298.6,273,475.67
1,203.67,81,274.07
8.4667,149.27,90.6,197.27
1,109.8,109.8,194.07
284.73,197.27,383.93,237.8
292.2,278.33,383.93,354.07
1,134.33,93.8,197.27
284.73,1,383.93,147.13
162.07,145,383.93,211.13
25.533,177,271.93,390.33
273,52.2,316.73,111.93
284.73,56.467,383.93,147.13
250.6,289,338.07,359.4
129,155.67,215.4,291.13
231.4,105.53,308.2,147.13
216.47,193,365.8,317.8
1,59.667,106.6,136.47
292.2,85.267,383.93,172.73
105.53,1,190.87,95.933
239.93,56.467,383.93,241
1,267.67,152.47,511.93
114.07,1,215.4,194.07
1,293.27,82.067,334.87
49,309.27,195.13,511.93
124.73,295.4,169.53,342.33
101.27,109.8,150.33,167.4
65,376.47,173.8,511.93
230.33,129,294.33,183.4
202.6,455.4,291.13,511.93
153.53,27.667,217.53,152.47
209,194.07,383.93,328.47
1,139.67,156.73,294.33
270.87,92.733,383.93,210.07
1,36.2,115.13,164.2
247.4,196.2,338.07,259.13
122.6,203.67,218.6,296.47
77.8,91.667,164.2,356.2
1,268.73,177,511.93
281.53,175.93,377.53,241
325.27,135.4,383.93,239.93
244.2,178.07,383.93,362.6
215.4,1,329.53,151.4
1,295.4,98.067,467.13
246.33,360.47,312.47,425.53
1,1,159.93,190.87
141.8,33,207.93,194.07
1,1,130.07,63.933
262.33,314.6,383.93,451.13
132.2,301.8,220.73,475.67
68.2,427.67,125.8,511.93
137.53,27.667,222.87,152.47
153.53,27.667,217.53,181.27
282.6,125.8,362.6,168.47
25.533,199.4,133.27,280.47
14.867,1,63.933,51.133
121.53,1,187.67,85.267
1,449,71.4,498.07
161,203.67,269.8,300.73
250.6,275.13,383.93,359.4
279.4,361.53,383.93,511.93
341.27,241,383.93,300.73
268.73,363.67,337,511.93
132.2,302.87,261.27,475.67
1,264.47,189.8,469.27
237.8,351.93,383.93,511.93
153.53,27.667,217.53,159.93
204.73,460.73,249.53,511.93
124.73,188.73,243.13,300.73
116.2,209,175.93,301.8
217.53,1,309.27,117.27
212.2,265.53,271.93,315.67
1,63.933,109.8,194.07
289,189.8,379.67,231.4
287.93,196.2,383.93,315.67
1,210.07,98.067,268.73
1,268.73,261.27,475.67
140.73,1,196.2,73.533
1,139.67,103.4,199.4
283.67,197.27,367.93,237.8
169.53,1,316.73,205.8
155.67,203.67,269.8,300.73
142.87,1,213.27,183.4
278.33,1,329.53,104.47
92.733,1,247.4,203.67
169.53,298.6,273,386.07
337,197.27,383.93,241
284.73,56.467,383.93,239.93
265.53,250.6,383.93,362.6
106.6,378.6,152.47,444.73
265.53,213.27,367.93,311.4
322.07,293.27,383.93,349.8
25.533,121.53,178.07,281.53
1,413.8,71.4,495.93
156.73,1,220.73,188.73
283.67,213.27,383.93,268.73
100.2,43.667,142.87,148.2
209,111.93,265.53,201.53
56.467,295.4,152.47,511.93
215.4,1,383.93,172.73
215.4,1,383.93,143.93
322.07,1,383.93,104.47
148.2,331.67,216.47,413.8
227.13,201.53,383.93,362.6
133.27,393.53,189.8,469.27
1,295.4,77.8,335.93
209,195.13,314.6,251.67
157.8,216.47,243.13,300.73
86.333,117.27,150.33,219.67
216.47,171.67,356.2,308.2
338.07,241,383.93,300.73
209,1,284.73,107.67
287.93,213.27,337,259.13
93.8,315.67,137.53,466.07
247.4,201.53,334.87,287.93
290.07,353,353,511.93
191.93,65,321,227.13
88.467,131.13,150.33,199.4
191.93,92.733,383.93,227.13
180.2,360.47,265.53,427.67
78.867,264.47,145,441.53
93.8,315.67,143.93,466.07
124.73,301.8,167.4,381.8
149.27,342.33,212.2,414.87
1,216.47,84.2,291.13
1,1,97,52.2
220.73,65,297.53,129
1,216.47,84.2,294.33
215.4,1,329.53,159.93
316.73,363.67,383.93,511.93
159.93,360.47,265.53,451.13
1,42.6,81,85.267
132.2,302.87,241,475.67
274.07,1,329.53,113
1,216.47,261.27,475.67
295.4,226.07,360.47,276.2
113,188.73,243.13,305
265.53,255.93,383.93,363.67
230.33,200.47,314.6,251.67
116.2,324.2,314.6,511.93
1,132.2,109.8,194.07
156.73,340.2,328.47,511.93
243.13,70.333,309.27,117.27
259.13,255.93,383.93,325.27
119.4,301.8,159.93,345.53
124.73,145,204.73,241
25.533,206.87,97,267.67
142.87,1,220.73,194.07
113,220.73,157.8,302.87
329.53,143.93,383.93,239.93
328.47,1,383.93,95.933
1,1,54.333,50.067
93.8,308.2,148.2,472.47
279.4,364.73,342.33,511.93
26.6,199.4,133.27,280.47
155.67,193,269.8,300.73
124.73,209,168.47,293.27
211.13,314.6,271.93,390.33
137.53,59.667,196.2,101.27
259.13,278.33,365.8,323.13
114.07,59.667,182.33,119.4
215.4,1,312.47,139.67
161,125.8,216.47,191.93
153.53,24.467,221.8,181.27
279.4,1,383.93,163.13
78.867,264.47,123.67,360.47
1,343.4,77.8,463.93
88.467,20.2,204.73,218.6
1,268.73,123.67,463.93
250.6,93.8,383.93,239.93
60.733,268.73,111.93,358.33
258.07,213.27,383.93,317.8
122.6,145,265.53,206.87
239.93,135.4,383.93,239.93
124.73,296.47,268.73,427.67
243.13,1,321,121.53
93.8,19.133,149.27,139.67
60.733,250.6,177,388.2
1,292.2,77.8,337
212.2,222.87,302.87,315.67
1,134.33,109.8,199.4
81,177,205.8,309.27
113,157.8,317.8,308.2
11.667,148.2,92.733,194.07
122.6,123.67,184.47,198.33
239.93,340.2,321,435.13
105.53,465,156.73,511.93
226.07,265.53,277.27,313.53
149.27,319.93,241,414.87
81,199.4,133.27,264.47
76.733,218.6,193,345.53
209,1,338.07,147.13
292.2,289,383.93,354.07
122.6,79.933,265.53,206.87
1,1,254.87,194.07
225,260.2,324.2,328.47
279.4,378.6,325.27,511.93
1,107.67,101.27,164.2
1,218.6,177,466.07
25.533,177,205.8,309.27
290.07,213.27,367.93,311.4
25.533,206.87,83.133,266.6
89.533,284.73,271.93,390.33
163.13,344.47,312.47,477.8
116.2,79.933,265.53,206.87
138.6,79.933,181.27,184.47
177,1,223.93,188.73
258.07,213.27,369,318.87
101.27,101.27,150.33,167.4
116.2,377.53,183.4,489.53
56.467,309.27,183.4,511.93
85.267,188.73,243.13,305
93.8,309.27,152.47,465
281.53,188.73,377.53,241
56.467,309.27,129,511.93
1,216.47,98.067,268.73
93.8,308.2,145,466.07
147.13,197.27,248.47,308.2
198.33,156.73,325.27,205.8
295.4,361.53,383.93,511.93
154.6,205.8,241,295.4
201.53,358.33,271.93,417
1,294.33,97,511.93
1,295.4,98.067,453.27
114.07,445.8,158.87,511.93
1,293.27,82.067,356.2
134.33,454.33,177,511.93
252.73,125.8,308.2,177
56.467,377.53,183.4,511.93
217.53,63.933,310.33,147.13
127.93,395.67,187.67,511.93
293.27,135.4,365.8,205.8
215.4,63.933,307.13,139.67
105.53,1,148.2,54.333
137.53,59.667,196.2,129
1,131.13,156.73,231.4
209,189.8,360.47,243.13
1,446.87,123.67,511.93
1,1,187.67,221.8
91.667,182.33,178.07,281.53
207.93,299.67,285.8,397.8
1,1,213.27,220.73
116.2,108.73,158.87,170.6
230.33,193,365.8,309.27
191.93,324.2,314.6,511.93
101.27,91.667,164.2,167.4
162.07,152.47,339.13,211.13
90.6,280.47,216.47,426.6
319.93,242.07,383.93,353
113,393.53,211.13,511.93
76.733,229.27,125.8,327.4
225,267.67,284.73,328.47
94.867,410.6,178.07,511.93
116.2,442.6,162.07,511.93
156.73,408.47,294.33,511.93
168.47,170.6,317.8,211.13
120.47,296.47,229.27,381.8
246.33,33,299.67,82.067
265.53,263.4,383.93,362.6
325.27,361.53,383.93,511.93
295.4,226.07,365.8,308.2
1,159.93,156.73,221.8
122.6,203.67,269.8,300.73
122.6,113,271.93,206.87
123.67,209,217.53,305
137.53,454.33,225,511.93
262.33,230.33,328.47,273
33,1,97,52.2
151.4,218.6,193,297.53
81,199.4,133.27,276.2
230.33,197.27,318.87,292.2
138.6,1,254.87,194.07
56.467,417,158.87,511.93
1,134.33,111.93,299.67
295.4,363.67,337,511.93
323.13,114.07,383.93,180.2
262.33,228.2,328.47,292.2
247.4,196.2,369,308.2
161,111.93,345.53,201.53
269.8,189.8,360.47,234.6
265.53,241,383.93,363.67
331.67,360.47,383.93,511.93
216.47,193,369,318.87
13.8,137.53,100.2,220.73
290.07,364.73,353,511.93
215.4,1,309.27,143.93
1,446.87,105.53,511.93
1,59.667,106.6,116.2
127.93,20.2,179.13,218.6
114.07,377.53,183.4,511.93
221.8,4.2,309.27,117.27
159.93,301.8,217.53,378.6
289,189.8,360.47,231.4
1,1,86.333,53.267
124.73,301.8,216.47,413.8
25.533,195.13,150.33,281.53
113,410.6,164.2,511.93
1,376.47,62.867,439.4
181.27,27.667,222.87,142.87
137.53,377.53,183.4,445.8
1,436.2,62.867,495.93
250.6,93.8,383.93,237.8
314.6,1,383.93,114.07
132.2,301.8,312.47,511.93
226.07,245.27,325.27,315.67
56.467,417,123.67,511.93
127.93,50.067,179.13,218.6
268.73,325.27,383.93,382.87
1,301.8,77.8,351.93
287.93,213.27,383.93,317.8
89.533,284.73,178.07,342.33
109.8,423.4,158.87,511.93
94.867,308.2,137.53,451.13
225,289,383.93,380.73
60.733,295.4,152.47,465
1,413.8,62.867,499.13
306.07,313.53,383.93,362.6
227.13,175.93,377.53,253.8
279.4,378.6,328.47,511.93
1,42.6,95.933,106.6
56.467,417,99.133,511.93
95.933,1,213.27,99.133
215.4,1,259.13,72.467
169.53,1,316.73,201.53
283.67,227.13,333.8,315.67
161,22.333,221.8,182.33
191.93,324.2,322.07,511.93
1,216.47,81,283.67
269.8,47.933,312.47,111.93
161,409.53,245.27,504.47
167.4,296.47,268.73,399.93
1,351.93,97,511.93
148.2,301.8,217.53,396.73
100.2,301.8,145,356.2
132.2,395.67,175.93,475.67
137.53,415.93,306.07,511.93
237.8,351.93,337,511.93
226.07,245.27,302.87,313.53
1,216.47,50.067,262.33
215.4,4.2,261.27,83.133
92.733,377.53,183.4,511.93
226.07,201.53,334.87,327.4
263.4,325.27,314.6,370.07
150.33,404.2,218.6,505.53
88.467,82.067,159.93,190.87
148.2,331.67,212.2,394.6
305,154.6,383.93,241
137.53,421.27,306.07,511.93
215.4,1,277.27,72.467
30.867,1,181.27,118.33
209,181.27,317.8,221.8
156.73,411.67,291.13,511.93
1,145,100.2,218.6
212.2,65,297.53,158.87
148.2,311.4,216.47,413.8
137.53,1,213.27,183.4
124.73,188.73,238.87,294.33
116.2,442.6,183.4,511.93
1,139.67,156.73,281.53
1,333.8,77.8,467.13
1,413.8,71.4,511.93
209,162.07,363.67,264.47
1,36.2,105.53,113
212.2,351.93,322.07,511.93
1,292.2,83.133,461.8
91.667,309.27,148.2,453.27
225,433,281.53,481
134.33,454.33,178.07,511.93
1,365.8,62.867,439.4
113,189.8,248.47,308.2
49,447.93,91.667,498.07
99.133,91.667,164.2,257
279.4,363.67,353,511.93
21.267,153.53,100.2,213.27
309.27,225,365.8,311.4
209,113,271.93,155.67
1,139.67,103.4,226.07
207.93,296.47,285.8,356.2
250.6,105.53,312.47,151.4
313.53,135.4,383.93,239.93
1,7.4,42.6,50.067
12.733,3.1333,85.267,51.133
230.33,197.27,282.6,242.07
247.4,201.53,334.87,276.2
204.73,298.6,273,380.73
1,333.8,77.8,415.93
181.27,382.87,238.87,426.6
198.33,319.93,241,399.93
169.53,298.6,273,360.47
86.333,308.2,137.53,504.47
1,292.2,148.2,461.8
177,301.8,271.93,390.33
215.4,1,312.47,151.4
322.07,301.8,383.93,348.73
222.87,93.8,383.93,363.67
100.2,43.667,215.4,291.13
177,1,225,188.73
265.53,226.07,369,308.2
91.667,309.27,147.13,453.27
1,40.467,156.73,221.8
236.73,125.8,365.8,205.8
222.87,197.27,383.93,328.47
122.6,1,213.27,73.533
216.47,193,296.47,253.8
179.13,298.6,273,360.47
198.33,296.47,285.8,417
122.6,121.53,265.53,206.87
265.53,317.8,314.6,359.4
1,1,164.2,220.73
1,449,74.6,511.93
106.6,308.2,148.2,452.2
1,287.93,99.133,463.93
1,377.53,61.8,435.13
163.13,22.333,221.8,152.47
191.93,170.6,260.2,211.13
113,205.8,243.13,305
132.2,301.8,312.47,477.8
73.533,216.47,127.93,360.47
1,315.67,98.067,453.27
276.2,289,383.93,359.4
75.667,178.07,216.47,426.6
11.667,1,54.333,45.8
151.4,218.6,221.8,297.53
134.33,425.53,211.13,511.93
227.13,193,365.8,308.2
1,1,85.267,52.2
91.667,195.13,150.33,281.53
295.4,364.73,353,511.93
1,149.27,110.87,220.73
199.4,375.4,261.27,417
198.33,318.87,258.07,399.93
77.8,91.667,164.2,257
73.533,214.33,123.67,287.93
27.667,210.07,90.6,268.73
217.53,1,276.2,59.667
161,22.333,221.8,159.93
244.2,27.667,305,72.467
223.93,181.27,321,227.13
341.27,247.4,383.93,300.73
100.2,43.667,162.07,199.4
158.87,242.07,243.13,300.73
81,1,213.27,110.87
289,189.8,383.93,241
1,108.73,158.87,294.33
309.27,196.2,383.93,315.67
1,386.07,46.867,435.13
136.47,205.8,243.13,300.73
45.8,325.27,177,511.93
287.93,213.27,367.93,315.67
1,36.2,101.27,93.8
217.53,150.33,265.53,204.73
169.53,142.87,265.53,201.53
306.07,189.8,360.47,231.4
25.533,216.47,98.067,268.73
158.87,228.2,243.13,300.73
171.67,409.53,307.13,511.93
1,87.4,129,163.13
273,235.67,328.47,287.93
154.6,205.8,238.87,291.13
134.33,425.53,294.33,511.93
73.533,216.47,118.33,283.67
13.8,137.53,100.2,213.27
117.27,295.4,245.27,360.47
265.53,278.33,323.13,322.07
225,267.67,311.4,328.47
322.07,242.07,383.93,347.67
118.33,410.6,186.6,493.8
106.6,315.67,152.47,441.53
76.733,268.73,177,310.33
268.73,375.4,334.87,511.93
132.2,316.73,241,475.67
90.6,280.47,158.87,345.53
273,66.067,316.73,111.93
1,141.8,44.733,255.93
109.8,433,158.87,511.93
173.8,296.47,273,414.87
289,200.47,338.07,251.67
1,134.33,111.93,294.33
92.733,1,212.2,86.333
258.07,200.47,338.07,257
1,377.53,71.4,467.13
209,195.13,282.6,243.13
73.533,197.27,149.27,360.47
204.73,429.8,287.93,511.93
212.2,31.933,303.93,158.87
326.33,1,383.93,95.933
61.8,309.27,195.13,511.93
203.67,428.73,294.33,511.93
1,386.07,50.067,439.4
25.533,206.87,99.133,268.73
1,267.67,83.133,335.93
203.67,429.8,307.13,511.93
157.8,33,204.73,163.13
1,266.6,187.67,511.93
251.67,1,383.93,205.8
94.867,408.47,195.13,511.93
226.07,242.07,276.2,294.33
1,365.8,74.6,467.13
290.07,364.73,335.93,511.93
102.33,378.6,218.6,511.93
28.733,1,187.67,195.13
322.07,299.67,365.8,347.67
1,104.47,156.73,231.4
261.27,254.87,325.27,315.67
101.27,250.6,177,309.27
163.13,411.67,239.93,484.2
204.73,298.6,273,360.47
1,1,110.87,100.2
142.87,1,213.27,118.33
1,313.53,97,463.93
116.2,404.2,218.6,511.93
223.93,181.27,307.13,227.13
1,130.07,156.73,231.4
279.4,362.6,383.93,511.93
1,351.93,97,463.93
230.33,196.2,314.6,251.67
171.67,331.67,220.73,426.6
247.4,201.53,297.53,257
269.8,1,329.53,113
1,379.67,46.867,435.13
298.6,345.53,383.93,391.4
129,190.87,215.4,291.13
180.2,149.27,265.53,204.73
11.667,148.2,103.4,190.87
127.93,177,205.8,218.6
1,1,118.33,118.33
113,410.6,178.07,511.93
212.2,324.2,322.07,511.93
106.6,378.6,187.67,511.93
245.27,360.47,312.47,430.87
132.2,197.27,248.47,308.2
73.533,236.73,118.33,283.67
142.87,1,196.2,73.533
268.73,380.73,324.2,511.93
28.733,1,95.933,55.4
161,408.47,294.33,511.93
122.6,1,166.33,72.467
212.2,31.933,308.2,158.87
204.73,324.2,312.47,511.93
100.2,308.2,148.2,452.2
81,280.47,123.67,340.2
215.4,51.133,309.27,143.93
94.867,315.67,137.53,451.13
13.8,159.93,97,213.27
198.33,296.47,285.8,399.93
270.87,125.8,365.8,205.8
1,293.27,77.8,356.2
1,1,44.733,50.067
1,378.6,46.867,434.07
1,343.4,81,415.93
122.6,1,213.27,72.467
307.13,213.27,360.47,302.87
292.2,289,338.07,354.07
1,293.27,77.8,335.93
28.733,1,149.27,113
332.73,213.27,383.93,268.73
215.4,63.933,277.27,139.67
1,302.87,98.067,500.2
1,94.867,115.13,140.73
265.53,315.67,316.73,362.6
142.87,1,212.2,71.4
1,266.6,90.6,335.93
81,199.4,177,309.27
78.867,268.73,125.8,327.4
161,125.8,216.47,188.73
45.8,391.4,126.87,511.93
1,36.2,101.27,94.867
1,268.73,148.2,463.93
238.87,344.47,312.47,428.73
1,117.27,150.33,226.07
235.67,242.07,302.87,285.8
116.2,425.53,181.27,511.93
81,199.4,133.27,283.67
122.6,1,173.8,99.133
1,1,106.6,63.933
1,1,181.27,140.73
1,436.2,71.4,511.93
225,228.2,328.47,328.47
1,268.73,90.6,335.93
225,312.47,268.73,380.73
124.73,19.133,166.33,95.933
134.33,425.53,291.13,511.93
1,333.8,77.8,511.93
283.67,213.27,337,254.87
88.467,130.07,156.73,190.87
148.2,334.87,211.13,394.6
167.4,296.47,245.27,360.47
265.53,314.6,345.53,362.6
127.93,59.667,182.33,118.33
223.93,429.8,287.93,487.4
215.4,1,312.47,82.067
215.4,1,316.73,147.13
161,411.67,283.67,484.2
1,216.47,51.133,265.53
227.13,264.47,280.47,308.2
29.8,1,97,47.933
251.67,118.33,363.67,205.8
225,324.2,312.47,428.73
266.6,321,383.93,363.67
180.2,170.6,230.33,211.13
222.87,267.67,276.2,310.33
127.93,50.067,179.13,195.13
228.2,34.067,303.93,111.93
75.667,165.27,216.47,426.6
155.67,205.8,248.47,337
67.133,1,130.07,63.933
127.93,50.067,178.07,100.2
1,3.1333,85.267,51.133
1,151.4,117.27,231.4
292.2,227.13,333.8,305
1,109.8,150.33,220.73
1,294.33,77.8,337
223.93,324.2,271.93,385
204.73,298.6,264.47,380.73
120.47,296.47,229.27,342.33
93.8,308.2,143.93,466.07
198.33,296.47,247.4,399.93
204.73,459.67,307.13,511.93
293.27,162.07,363.67,205.8
1,7.4,84.2,52.2
269.8,1,316.73,91.667
325.27,313.53,383.93,354.07
135.4,395.67,187.67,476.73
215.4,1,308.2,82.067
165.27,341.27,211.13,394.6
78.867,268.73,148.2,452.2
1,386.07,49,434.07
92.733,1,187.67,195.13
227.13,242.07,325.27,308.2
250.6,180.2,383.93,237.8
81,199.4,133.27,280.47
1,148.2,156.73,221.8
250.6,105.53,308.2,147.13
222.87,197.27,334.87,328.47
162.07,165.27,221.8,211.13
251.67,31.933,303.93,81
137.53,433,291.13,511.93
142.87,1,254.87,194.07
329.53,157.8,383.93,239.93
230.33,200.47,282.6,243.13
230.33,197.27,318.87,261.27
85.267,197.27,149.27,301.8
204.73,459.67,249.53,511.93
290.07,380.73,335.93,511.93
116.2,233.53,157.8,301.8
226.07,257,316.73,327.4
191.93,65,297.53,206.87
171.67,409.53,245.27,504.47
95.933,1,213.27,194.07
212.2,109.8,297.53,183.4
221.8,25.533,303.93,81
227.13,201.53,333.8,315.67
1,63.933,95.933,106.6
251.67,93.8,383.93,205.8
51.133,378.6,187.67,511.93
258.07,268.73,313.53,310.33
225,230.33,334.87,328.47
225,260.2,311.4,328.47
1,446.87,71.4,511.93
250.6,278.33,383.93,359.4
101.27,121.53,150.33,167.4
309.27,225,365.8,302.87
325.27,135.4,383.93,218.6
173.8,296.47,273,399.93
1,1,63.933,67.133
138.6,302.87,211.13,439.4
81,280.47,158.87,342.33
275.13,1,321,79.933
1,168.47,83.133,226.07
132.2,218.6,193,296.47
29.8,1,88.467,43.667
148.2,300.73,218.6,392.47
295.4,363.67,383.93,511.93
276.2,289,338.07,359.4
205.8,407.4,279.4,463.93
13.8,137.53,93.8,197.27
56.467,462.87,99.133,511.93
223.93,301.8,285.8,356.2
180.2,149.27,228.2,191.93
227.13,259.13,325.27,308.2
34.067,151.4,117.27,220.73
225,433,281.53,476.73
292.2,1,383.93,172.73
254.87,197.27,334.87,271.93
117.27,295.4,169.53,355.13
99.133,91.667,164.2,177
142.87,1,187.67,71.4
227.13,360.47,312.47,511.93
171.67,367.93,220.73,426.6
204.73,298.6,245.27,360.47
1,292.2,90.6,335.93
209,111.93,265.53,196.2
180.2,374.33,264.47,427.67
290.07,114.07,383.93,241
118.33,393.53,189.8,493.8
322.07,305,383.93,349.8
76.733,250.6,177,310.33
1,148.2,97,268.73
123.67,209,175.93,297.53
106.6,325.27,177,511.93
116.2,82.067,159.93,145
108.73,19.133,149.27,110.87
1,131.13,156.73,220.73
129,408.47,187.67,511.93
12.733,1,86.333,51.133
292.2,85.267,383.93,147.13
283.67,197.27,383.93,278.33
171.67,408.47,248.47,484.2
127.93,50.067,178.07,195.13
122.6,203.67,218.6,291.13
99.133,309.27,148.2,390.33
26.6,199.4,133.27,266.6
1,203.67,87.4,294.33
251.67,118.33,355.13,187.67
85.267,268.73,177,310.33
299.67,93.8,383.93,179.13
1,302.87,187.67,511.93
1,363.67,75.667,461.8
1,1,85.267,51.133
161,404.2,205.8,456.47
1,210.07,90.6,268.73
1,386.07,46.867,434.07
1,117.27,95.933,164.2
129,190.87,205.8,234.6
247.4,201.53,314.6,257
165.27,153.53,246.33,206.87
312.47,226.07,360.47,302.87
108.73,1,196.2,110.87
230.33,197.27,327.4,292.2
199.4,370.07,263.4,415.93
65,427.67,156.73,511.93
259.13,278.33,323.13,322.07
137.53,463.93,217.53,511.93
173.8,463.93,218.6,505.53
227.13,214.33,276.2,264.47
13.8,154.6,72.467,197.27
1,134.33,111.93,220.73
204.73,351.93,314.6,511.93
137.53,463.93,225,511.93
295.4,213.27,337,259.13
303.93,226.07,365.8,308.2
156.73,471.4,211.13,511.93
290.07,213.27,365.8,311.4
199.4,344.47,312.47,428.73
27.667,216.47,90.6,268.73
1,219.67,81,278.33
230.33,193,365.8,317.8
95.933,1,173.8,118.33
207.93,299.67,342.33,397.8
325.27,362.6,383.93,511.93
57.533,427.67,125.8,511.93
283.67,1,383.93,151.4
1,3.1333,50.067,51.133
247.4,196.2,298.6,246.33
116.2,404.2,277.27,511.93
329.53,152.47,383.93,239.93
1,292.2,83.133,351.93
106.6,379.67,177,511.93
1,365.8,63.933,449
289,92.733,383.93,210.07
209,1,316.73,107.67
109.8,395.67,177,511.93
107.67,174.87,191.93,255.93
114.07,26.6,193,119.4
27.667,3.1333,95.933,55.4
1,313.53,98.067,463.93
1,293.27,77.8,334.87
142.87,1,212.2,118.33
29.8,4.2,95.933,55.4
167.4,302.87,211.13,426.6
1,154.6,97,231.4
1,164.2,44.733,218.6
13.8,149.27,90.6,197.27
227.13,235.67,328.47,308.2
1,363.67,62.867,449
113,446.87,164.2,511.93
123.67,231.4,175.93,297.53
129,190.87,215.4,276.2
265.53,314.6,342.33,362.6
228.2,69.267,307.13,117.27
17,203.67,82.067,268.73
109.8,458.6,158.87,511.93
140.73,425.53,186.6,493.8
244.2,201.53,334.87,287.93
305,278.33,383.93,354.07
1,266.6,97,335.93
115.13,458.6,158.87,511.93
309.27,268.73,365.8,311.4
283.67,58.6,383.93,151.4
233.53,369,318.87,451.13
95.933,1,173.8,99.133
113,471.4,211.13,511.93
124.73,1,189.8,95.933
132.2,403.13,175.93,475.67
232.47,429.8,297.53,498.07
72.467,131.13,156.73,199.4
107.67,174.87,158.87,255.93
290.07,213.27,365.8,318.87
95.933,1,181.27,118.33
276.2,314.6,323.13,359.4
292.2,91.667,383.93,147.13
242.07,148.2,361.53,188.73
277.27,1,329.53,113
226.07,257,316.73,313.53
338.07,255.93,383.93,325.27
223.93,429.8,297.53,498.07
136.47,205.8,238.87,268.73
127.93,38.333,181.27,99.133
254.87,26.6,303.93,67.133
25.533,216.47,90.6,268.73
303.93,263.4,365.8,308.2
85.267,268.73,131.13,310.33
17,203.67,81,268.73
247.4,201.53,297.53,251.67
297.53,58.6,383.93,125.8
283.67,197.27,383.93,237.8
116.2,404.2,205.8,511.93
1,154.6,103.4,226.07
28.733,1,149.27,100.2
212.2,429.8,297.53,511.93
198.33,318.87,241,399.93
102.33,378.6,187.67,476.73
12.733,1,54.333,46.867
161,217.53,246.33,300.73
1,446.87,68.2,500.2
127.93,187.67,204.73,241
109.8,455.4,158.87,511.93
47.933,1,97,57.533
79.933,235.67,158.87,342.33
228.2,1,312.47,111.93
283.67,197.27,369,268.73
222.87,197.27,327.4,328.47
1,343.4,81,461.8
148.2,305,220.73,426.6
30.867,3.1333,95.933,55.4
1,168.47,83.133,220.73
156.73,412.73,277.27,511.93
113,471.4,161,511.93
168.47,165.27,221.8,211.13
57.533,94.867,115.13,140.73
210.07,151.4,265.53,201.53
245.27,387.13,292.2,427.67
1,109.8,150.33,218.6
129,190.87,205.8,266.6
338.07,241,383.93,325.27
103.4,38.333,149.27,100.2
265.53,311.4,314.6,357.27
103.4,308.2,145,379.67
124.73,301.8,167.4,342.33
254.87,197.27,328.47,262.33
137.53,471.4,217.53,511.93
127.93,1,213.27,99.133
28.733,1,97,57.533
1,376.47,62.867,434.07
167.4,296.47,245.27,399.93
103.4,308.2,145,452.2
1,141.8,87.4,294.33
109.8,423.4,177,511.93
1,169.53,97,231.4
125.8,395.67,187.67,511.93
177,299.67,271.93,390.33
1,434.07,68.2,500.2
1,134.33,100.2,220.73
109.8,465,156.73,511.93
173.8,296.47,247.4,399.93
226.07,324.2,312.47,430.87
294.33,213.27,365.8,311.4
85.267,197.27,135.4,250.6
283.67,178.07,383.93,268.73
27.667,216.47,81,268.73
88.467,130.07,156.73,183.4
263.4,259.13,325.27,308.2
209,194.07,334.87,271.93
28.733,1,85.267,43.667
116.2,376.47,173.8,476.73
1,139.67,110.87,220.73
161,411.67,281.53,484.2
198.33,238.87,248.47,295.4
159.93,331.67,220.73,426.6
72.467,131.13,150.33,199.4
279.4,365.8,326.33,511.93
120.47,299.67,209,342.33
132.2,367.93,220.73,475.67
122.6,1,185.53,84.2
225,324.2,285.8,386.07
215.4,1,316.73,139.67
202.6,433,291.13,511.93
171.67,413.8,243.13,505.53
294.33,213.27,367.93,273
116.2,209,187.67,301.8
159.93,301.8,217.53,396.73
107.67,174.87,149.27,257
292.2,263.4,354.07,319.93
222.87,255.93,383.93,328.47
39.4,216.47,81,268.73
198.33,244.2,241,295.4
231.4,455.4,291.13,511.93
161,411.67,239.93,484.2
214.33,151.4,265.53,201.53
230.33,197.27,282.6,255.93
204.73,459.67,296.47,511.93
33,137.53,100.2,191.93
230.33,193,365.8,302.87
222.87,267.67,276.2,328.47
227.13,260.2,300.73,307.13
153.53,1,220.73,194.07
1,292.2,83.133,335.93
1,305,98.067,453.27
246.33,26.6,308.2,82.067
265.53,314.6,383.93,362.6
1,36.2,101.27,111.93
127.93,19.133,196.2,99.133
86.333,117.27,148.2,173.8
191.93,153.53,246.33,206.87
1,218.6,63.933,274.07
94.867,427.67,156.73,511.93
1,343.4,81,443.67
39.4,210.07,83.133,266.6
122.6,1,213.27,99.133
116.2,209,177,301.8
265.53,278.33,383.93,359.4
286.87,178.07,383.93,239.93
156.73,471.4,217.53,511.93
124.73,19.133,166.33,83.133
198.33,158.87,259.13,205.8
107.67,165.27,241,303.93
275.13,1,321,103.4
283.67,213.27,365.8,302.87
50.067,60.733,118.33,107.67
177,301.8,217.53,351.93
254.87,197.27,297.53,248.47
1,307.13,98.067,453.27
171.67,413.8,243.13,476.73
142.87,1,212.2,79.933
305,301.8,383.93,354.07
1,379.67,59.667,449
338.07,283.67,383.93,325.27
127.93,408.47,187.67,511.93
245.27,385,297.53,430.87
57.533,449,105.53,511.93
1,351.93,75.667,463.93
51.133,427.67,125.8,511.93
212.2,4.2,308.2,158.87
283.67,263.4,354.07,319.93
205.8,407.4,297.53,498.07
326.33,154.6,383.93,225
141.8,33,204.73,194.07
157.8,264.47,217.53,305
1,186.6,44.733,255.93
107.67,174.87,191.93,303.93
115.13,465,156.73,511.93
237.8,301.8,285.8,356.2
1,149.27,93.8,220.73
90.6,280.47,158.87,342.33
106.6,378.6,152.47,441.53
154.6,165.27,241,295.4
342.33,411.67,383.93,511.93
204.73,459.67,261.27,511.93
221.8,4.2,303.93,81
116.2,233.53,158.87,303.93
292.2,117.27,383.93,172.73
1,294.33,77.8,360.47
177,1,220.73,188.73
155.67,205.8,238.87,269.8
90.6,280.47,145,321
127.93,54.333,171.67,99.133
1,313.53,77.8,360.47
1,63.933,97,111.93
232.47,342.33,285.8,386.07
254.87,34.067,303.93,82.067
326.33,154.6,383.93,241
215.4,40.467,259.13,83.133
228.2,69.267,297.53,111.93
170.6,1,220.73,188.73
235.67,25.533,303.93,81
246.33,360.47,312.47,511.93
171.67,413.8,217.53,476.73
254.87,26.6,308.2,77.8
155.67,205.8,238.87,276.2
33,137.53,90.6,183.4
319.93,178.07,383.93,239.93
28.733,1,164.2,139.67
159.93,217.53,202.6,266.6
317.8,162.07,363.67,205.8
49,449,105.53,511.93
273,227.13,334.87,287.93
202.6,469.27,260.2,511.93
102.33,378.6,152.47,465
225,314.6,285.8,386.07
99.133,109.8,150.33,177
1,434.07,68.2,482.07
150.33,454.33,218.6,505.53
260.2,4.2,303.93,45.8
247.4,201.53,295.4,246.33
307.13,213.27,365.8,302.87
218.6,151.4,265.53,196.2
120.47,301.8,178.07,342.33
1,164.2,83.133,226.07
225,314.6,271.93,379.67
95.933,1,149.27,100.2
215.4,1,312.47,111.93
1,294.33,77.8,334.87
1,377.53,71.4,447.93
231.4,455.4,291.13,503.4
161,404.2,217.53,476.73
279.4,374.33,326.33,511.93
247.4,201.53,314.6,251.67
163.13,411.67,239.93,477.8
1,406.33,59.667,449
201.53,374.33,264.47,414.87
1,343.4,81,447.93
226.07,324.2,282.6,370.07
212.2,109.8,297.53,158.87
154.6,205.8,238.87,269.8
28.733,1,81,43.667
217.53,4.2,276.2,59.667
254.87,385,297.53,511.93
123.67,231.4,217.53,305
1,219.67,63.933,274.07
129,408.47,187.67,476.73
135.4,408.47,187.67,476.73
