37.267,1,255.93,511.93
1,1,255.93,511.93
76.733,1,255.93,511.93
125.8,237.8,231.4,511.93
199.4,1,255.93,511.93
76.733,1,242.07,511.93
37.267,183.4,131.13,443.67
1,1,222.87,243.13
76.733,63.933,124.73,437.27
130.07,263.4,230.33,511.93
1,37.267,138.6,511.93
93.8,194.07,234.6,511.93
1,10.6,141.8,511.93
77.8,95.933,137.53,453.27
1,1,230.33,243.13
111.93,1,255.93,511.93
76.733,11.667,241,511.93
130.07,440.47,170.6,511.93
200.47,1,255.93,511.93
119.4,66.067,206.87,269.8
1,1,184.47,511.93
1,1,241,511.93
134.33,110.87,196.2,187.67
93.8,115.13,221.8,511.93
77.8,1,241,511.93
103.4,11.667,201.53,440.47
118.33,194.07,234.6,312.47
1,1,184.47,121.53
105.53,1,204.73,437.27
182.33,26.6,222.87,243.13
111.93,1,232.47,511.93
1,1,65,44.733
1,1,222.87,511.93
181.27,26.6,241,451.13
76.733,61.8,241,445.8
124.73,1,255.93,511.93
76.733,1,223.93,511.93
1,1,222.87,186.6
1,39.4,145,511.93
168.47,1,255.93,511.93
1,40.467,138.6,511.93
77.8,1,222.87,511.93
126.87,313.53,202.6,442.6
118.33,93.8,205.8,443.67
111.93,180.2,199.4,321
1,1,183.4,511.93
126.87,312.47,203.67,383.93
37.267,183.4,234.6,511.93
124.73,312.47,202.6,442.6
214.33,1,255.93,511.93
1,1,222.87,114.07
119.4,1,229.27,242.07
129,61.8,200.47,189.8
171.67,264.47,221.8,446.87
125.8,188.73,204.73,238.87
88.467,26.6,235.67,269.8
168.47,1,230.33,243.13
93.8,430.87,191.93,511.93
122.6,236.73,212.2,442.6
1,1,81,50.067
88.467,56.467,130.07,156.73
76.733,89.533,122.6,440.47
138.6,26.6,241,511.93
124.73,237.8,231.4,511.93
124.73,301.8,203.67,442.6
92.733,1,222.87,243.13
1,40.467,72.467,440.47
98.067,1,177,73.533
121.53,264.47,221.8,511.93
173.8,83.133,242.07,441.53
131.13,441.53,177,511.93
77.8,113,122.6,440.47
181.27,263.4,221.8,511.93
1,39.4,109.8,511.93
51.133,1,134.33,92.733
181.27,119.4,241,447.93
1,40.467,107.67,440.47
173.8,245.27,232.47,292.2
59.667,409.53,107.67,511.93
120.47,115.13,201.53,445.8
93.8,1,255.93,511.93
1,1,183.4,188.73
76.733,61.8,241,511.93
31.933,95.933,137.53,453.27
1,1,180.2,511.93
118.33,98.067,205.8,443.67
1,1,137.53,156.73
36.2,1,118.33,143.93
93.8,236.73,221.8,511.93
1,39.4,122.6,511.93
76.733,62.867,130.07,476.73
138.6,71.4,198.33,123.67
127.93,429.8,206.87,511.93
31.933,107.67,122.6,440.47
98.067,1,150.33,73.533
206.87,1,255.93,511.93
1,1,180.2,143.93
47.933,76.733,107.67,349.8
130.07,51.133,200.47,188.73
118.33,1,222.87,90.6
69.267,1,169.53,146.07
76.733,1,241,511.93
182.33,54.333,222.87,243.13
118.33,194.07,234.6,435.13
122.6,236.73,221.8,446.87
122.6,205.8,217.53,383.93
1,40.467,141.8,511.93
76.733,89.533,137.53,445.8
1,1,235.67,269.8
204.73,1,255.93,511.93
86.333,1,230.33,243.13
125.8,98.067,197.27,194.07
36.2,10.6,107.67,111.93
124.73,205.8,217.53,299.67
122.6,229.27,234.6,271.93
1,39.4,140.73,511.93
129,118.33,197.27,194.07
121.53,1,222.87,269.8
130.07,350.87,221.8,511.93
174.87,1,223.93,244.2
77.8,95.933,122.6,453.27
119.4,1,223.93,269.8
109.8,82.067,204.73,437.27
124.73,98.067,201.53,235.67
76.733,107.67,122.6,440.47
46.867,200.47,100.2,349.8
141.8,445.8,200.47,490.6
181.27,26.6,241,511.93
118.33,194.07,234.6,511.93
88.467,28.733,148.2,194.07
86.333,58.6,197.27,198.33
1,40.467,107.67,310.33
141.8,435.13,209,476.73
130.07,383.93,219.67,511.93
196.2,1,255.93,511.93
77.8,95.933,121.53,317.8
129,11.667,201.53,188.73
125.8,237.8,231.4,447.93
77.8,105.53,137.53,444.73
131.13,83.133,198.33,156.73
46.867,76.733,107.67,349.8
1,3.1333,61.8,51.133
1,10.6,107.67,440.47
121.53,276.2,221.8,511.93
122.6,278.33,203.67,435.13
125.8,270.87,202.6,374.33
122.6,278.33,199.4,443.67
136.47,301.8,203.67,356.2
122.6,236.73,212.2,282.6
129,59.667,201.53,188.73
1,1,118.33,143.93
122.6,270.87,203.67,442.6
182.33,1,248.47,251.67
1,39.4,107.67,511.93
1,1,168.47,143.93
122.6,169.53,202.6,230.33
1,1,177,143.93
126.87,312.47,203.67,435.13
127.93,428.73,219.67,511.93
6.3333,392.47,63.933,511.93
182.33,47.933,222.87,239.93
103.4,11.667,201.53,235.67
31.933,1,82.067,111.93
186.6,119.4,238.87,403.13
1,1,169.53,183.4
123.67,68.2,199.4,228.2
1,1,168.47,511.93
94.867,1,184.47,121.53
1,271.93,106.6,511.93
168.47,1,248.47,251.67
127.93,1,200.47,88.467
122.6,270.87,219.67,511.93
125.8,51.133,200.47,199.4
122.6,236.73,221.8,511.93
94.867,1,155.67,43.667
92.733,1,183.4,71.4
76.733,61.8,212.2,445.8
181.27,263.4,221.8,447.93
1,1,49,45.8
124.73,62.867,200.47,195.13
111.93,180.2,232.47,511.93
181.27,264.47,221.8,446.87
1,1,81,44.733
126.87,205.8,206.87,269.8
186.6,119.4,241,403.13
168.47,1,221.8,62.867
108.73,319.93,200.47,511.93
159.93,46.867,229.27,242.07
1,3.1333,65,53.267
1,271.93,141.8,511.93
130.07,383.93,197.27,458.6
127.93,428.73,209,511.93
121.53,276.2,201.53,316.73
122.6,61.8,204.73,238.87
111.93,180.2,232.47,437.27
93.8,438.33,145,511.93
124.73,308.2,193,441.53
1,37.267,107.67,310.33
76.733,11.667,201.53,440.47
1,1,183.4,183.4
130.07,429.8,219.67,511.93
37.267,194.07,87.4,280.47
189.8,120.47,241,404.2
131.13,319.93,202.6,442.6
36.2,1,137.53,114.07
1,152.47,72.467,511.93
177,245.27,234.6,300.73
119.4,66.067,198.33,229.27
122.6,108.73,204.73,238.87
121.53,98.067,190.87,195.13
129,11.667,174.87,62.867
127.93,1,222.87,92.733
1,1,84.2,111.93
132.2,277.27,203.67,319.93
76.733,63.933,130.07,476.73
11.667,389.27,61.8,511.93
124.73,130.07,241,404.2
108.73,307.13,219.67,511.93
76.733,126.87,130.07,443.67
130.07,61.8,200.47,188.73
1,1,84.2,110.87
36.2,14.867,81,110.87
129,46.867,201.53,188.73
174.87,1,220.73,52.2
174.87,350.87,221.8,511.93
101.27,11.667,177,60.733
141.8,1,222.87,92.733
11.667,389.27,141.8,511.93
108.73,430.87,191.93,495.93
36.2,10.6,107.67,349.8
135.4,331.67,200.47,390.33
122.6,229.27,212.2,442.6
81,1,156.73,69.267
122.6,236.73,212.2,342.33
130.07,98.067,199.4,207.93
182.33,1,223.93,244.2
182.33,26.6,235.67,269.8
121.53,276.2,220.73,511.93
92.733,1,222.87,146.07
77.8,105.53,219.67,511.93
1,1,137.53,114.07
122.6,236.73,212.2,376.47
105.53,1,200.47,199.4
124.73,53.267,222.87,243.13
108.73,319.93,219.67,511.93
88.467,28.733,204.73,238.87
181.27,26.6,241,447.93
81,1,124.73,69.267
177,222.87,234.6,300.73
1,40.467,107.67,315.67
122.6,163.13,202.6,230.33
98.067,1,150.33,43.667
1,1,98.067,67.133
76.733,11.667,219.67,511.93
98.067,1,180.2,73.533
93.8,440.47,145,511.93
76.733,89.533,129,440.47
119.4,1,223.93,511.93
149.27,413.8,219.67,511.93
159.93,57.533,222.87,154.6
1,40.467,71.4,332.73
88.467,28.733,130.07,194.07
124.73,310.33,204.73,437.27
124.73,222.87,234.6,300.73
86.333,11.667,212.2,198.33
1,1,156.73,111.93
118.33,1,222.87,186.6
122.6,197.27,234.6,300.73
10.6,178.07,72.467,440.47
36.2,10.6,107.67,221.8
169.53,1,222.87,65
118.33,194.07,199.4,312.47
1,152.47,138.6,511.93
186.6,245.27,232.47,397.8
122.6,205.8,234.6,271.93
181.27,263.4,230.33,511.93
122.6,205.8,232.47,437.27
122.6,163.13,204.73,238.87
122.6,197.27,234.6,271.93
94.867,1,184.47,60.733
127.93,26.6,169.53,77.8
143.93,74.6,199.4,137.53
140.73,334.87,203.67,376.47
54.333,253.8,138.6,511.93
36.2,1,82.067,111.93
122.6,180.2,202.6,228.2
137.53,381.8,201.53,446.87
103.4,11.667,201.53,198.33
126.87,307.13,207.93,446.87
1,40.467,71.4,250.6
126.87,307.13,205.8,446.87
183.4,26.6,235.67,269.8
119.4,93.8,197.27,195.13
124.73,312.47,200.47,437.27
121.53,276.2,201.53,444.73
86.333,58.6,130.07,198.33
177,71.4,222.87,243.13
31.933,223.93,89.533,286.87
130.07,319.93,200.47,495.93
36.2,1,82.067,82.067
69.267,1,137.53,114.07
129,11.667,212.2,188.73
177,271.93,221.8,447.93
124.73,312.47,203.67,383.93
135.4,205.8,206.87,269.8
92.733,1,222.87,228.2
121.53,40.467,181.27,90.6
55.4,76.733,107.67,250.6
1,1,61.8,50.067
130.07,98.067,201.53,228.2
131.13,331.67,211.13,437.27
131.13,381.8,209,511.93
118.33,98.067,205.8,312.47
130.07,319.93,209,511.93
37.267,183.4,113,323.13
122.6,169.53,212.2,442.6
31.933,204.73,77.8,255.93
125.8,61.8,200.47,196.2
159.93,46.867,222.87,154.6
1,1,82.067,111.93
127.93,1,222.87,88.467
174.87,447.93,215.4,511.93
182.33,47.933,230.33,243.13
137.53,381.8,209,477.8
124.73,312.47,204.73,383.93
122.6,61.8,212.2,442.6
124.73,269.8,203.67,442.6
175.93,53.267,222.87,243.13
1,1,65,45.8
177,53.267,222.87,243.13
1,1,168.47,111.93
127.93,313.53,203.67,446.87
125.8,148.2,197.27,194.07
76.733,126.87,219.67,511.93
131.13,334.87,201.53,435.13
1,109.8,72.467,511.93
125.8,270.87,203.67,374.33
182.33,71.4,222.87,165.27
130.07,407.4,219.67,511.93
171.67,263.4,220.73,345.53
108.73,430.87,163.13,511.93
122.6,180.2,202.6,230.33
149.27,413.8,209,511.93
1,1,134.33,92.733
124.73,252.73,203.67,299.67
168.47,1,209,62.867
124.73,277.27,203.67,442.6
94.867,1,157.8,43.667
98.067,1,150.33,62.867
54.333,253.8,107.67,511.93
137.53,383.93,197.27,458.6
130.07,319.93,191.93,495.93
6.3333,253.8,138.6,511.93
174.87,1,220.73,61.8
143.93,74.6,199.4,121.53
94.867,1,168.47,43.667
121.53,188.73,204.73,269.8
86.333,433,138.6,511.93
1,1,65,53.267
98.067,56.467,148.2,146.07
125.8,98.067,197.27,227.13
132.2,277.27,203.67,342.33
1,1,65,50.067
188.73,1,248.47,251.67
127.93,428.73,221.8,511.93
139.67,74.6,199.4,137.53
111.93,180.2,198.33,321
147.13,104.47,198.33,156.73
123.67,68.2,199.4,195.13
131.13,331.67,200.47,437.27
139.67,74.6,199.4,154.6
130.07,98.067,177,188.73
126.87,301.8,203.67,442.6
174.87,447.93,219.67,511.93
136.47,313.53,203.67,373.27
35.133,409.53,107.67,511.93
125.8,205.8,217.53,255.93
121.53,98.067,197.27,195.13
81,1,134.33,92.733
122.6,277.27,203.67,442.6
136.47,312.47,204.73,373.27
174.87,1,221.8,65
136.47,353,202.6,442.6
124.73,310.33,202.6,437.27
159.93,1,229.27,242.07
136.47,317.8,203.67,373.27
121.53,278.33,199.4,443.67
137.53,381.8,209,511.93
124.73,62.867,200.47,197.27
177,58.6,222.87,243.13
88.467,28.733,130.07,156.73
171.67,263.4,221.8,447.93
159.93,61.8,200.47,154.6
122.6,205.8,217.53,299.67
92.733,429.8,141.8,511.93
1,1,84.2,50.067
127.93,429.8,220.73,511.93
118.33,1,222.87,71.4
189.8,173.8,235.67,269.8
130.07,98.067,199.4,188.73
124.73,1,222.87,197.27
45.8,10.6,107.67,111.93
138.6,71.4,199.4,137.53
69.267,1,137.53,156.73
51.133,76.733,107.67,221.8
1,1,62.867,44.733
36.2,44.733,107.67,111.93
118.33,98.067,199.4,312.47
134.33,110.87,191.93,187.67
92.733,21.267,148.2,146.07
76.733,63.933,124.73,367.93
174.87,264.47,221.8,446.87
122.6,205.8,217.53,313.53
98.067,1,157.8,73.533
159.93,51.133,222.87,154.6
111.93,180.2,198.33,295.4
130.07,319.93,186.6,463.93
131.13,245.27,232.47,437.27
137.53,118.33,197.27,183.4
121.53,40.467,181.27,186.6
127.93,110.87,198.33,193
1,109.8,138.6,511.93
1,1,85.267,88.467
122.6,163.13,202.6,228.2
58.6,76.733,107.67,221.8
1,1,62.867,50.067
45.8,47.933,107.67,111.93
148.2,465,206.87,511.93
50.067,84.2,107.67,249.53
127.93,313.53,203.67,435.13
105.53,1,193,123.67
31.933,14.867,84.2,110.87
81,1,131.13,69.267
93.8,422.33,140.73,511.93
17,182.33,67.133,315.67
134.33,62.867,200.47,187.67
138.6,407.4,197.27,458.6
1,40.467,71.4,315.67
134.33,104.47,198.33,187.67
130.07,1,193,121.53
127.93,1,181.27,46.867
11.667,409.53,107.67,511.93
69.267,1,169.53,183.4
182.33,71.4,222.87,243.13
145,102.33,199.4,154.6
130.07,98.067,197.27,188.73
17,182.33,58.6,315.67
54.333,465,94.867,511.93
125.8,263.4,221.8,447.93
1,3.1333,107.67,111.93
125.8,108.73,197.27,196.2
125.8,98.067,198.33,227.13
132.2,301.8,203.67,364.73
45.8,194.07,87.4,252.73
31.933,84.2,107.67,255.93
88.467,31.933,130.07,156.73
129,98.067,197.27,194.07
76.733,177,130.07,443.67
120.47,43.667,169.53,121.53
41.533,84.2,107.67,249.53
94.867,1,149.27,43.667
51.133,1,98.067,83.133
139.67,74.6,199.4,122.6
111.93,180.2,198.33,280.47
127.93,1,181.27,77.8
136.47,318.87,180.2,374.33
149.27,466.07,206.87,511.93
127.93,1,179.13,46.867
101.27,1,184.47,60.733
171.67,284.73,215.4,345.53
127.93,428.73,180.2,510.87
127.93,313.53,203.67,383.93
55.4,200.47,100.2,349.8
136.47,100.2,199.4,187.67
109.8,82.067,198.33,321
81,18.067,124.73,69.267
136.47,301.8,199.4,374.33
182.33,71.4,222.87,204.73
31.933,84.2,107.67,310.33
134.33,470.33,206.87,511.93
45.8,54.333,107.67,111.93
186.6,245.27,232.47,292.2
141.8,429.8,219.67,511.93
6.3333,392.47,67.133,511.93
11.667,409.53,141.8,511.93
150.33,1,193,61.8
124.73,312.47,181.27,383.93
127.93,428.73,180.2,511.93
126.87,313.53,199.4,374.33
47.933,245.27,100.2,349.8
181.27,271.93,221.8,447.93
149.27,380.73,211.13,431.93
92.733,1,181.27,46.867
12.733,412.73,67.133,511.93
98.067,26.6,169.53,146.07
136.47,318.87,199.4,374.33
119.4,66.067,197.27,229.27
47.933,245.27,107.67,349.8
92.733,21.267,138.6,95.933
51.133,76.733,107.67,250.6
134.33,435.13,209,511.93
138.6,412.73,197.27,458.6
177,199.4,221.8,243.13
148.2,429.8,219.67,511.93
136.47,313.53,203.67,363.67
130.07,440.47,206.87,511.93
92.733,439.4,141.8,511.93
119.4,26.6,169.53,109.8
36.2,28.733,76.733,110.87
124.73,312.47,202.6,437.27
142.87,104.47,198.33,156.73
141.8,450.07,191.93,490.6
59.667,245.27,100.2,349.8
138.6,62.867,200.47,110.87
143.93,317.8,203.67,373.27
92.733,1,183.4,46.867
105.53,1,181.27,46.867
138.6,407.4,219.67,466.07
12.733,392.47,67.133,511.93
12.733,398.87,67.133,511.93
59.667,409.53,141.8,511.93
143.93,317.8,201.53,373.27
130.07,440.47,170.6,509.8
31.933,14.867,81,110.87
131.13,11.667,177,60.733
93.8,433,138.6,511.93
11.667,427.67,61.8,511.93
81,18.067,131.13,69.267
182.33,71.4,222.87,137.53
