1,1,288.72,341.29
370.42,1,512.5,341.29
93.354,1,292.27,341.29
323.53,1,512.5,341.29
140.24,47.888,295.82,341.29
276.64,1,512.5,341.29
1,1,198.5,341.29
1,1,295.82,341.29
214.12,1,284.46,341.29
1,1,512.5,341.29
95.485,1,291.56,341.29
214.12,1,288.72,341.29
149.48,59.965,258.17,217.68
213.41,1,288.72,341.29
1,1,292.27,341.29
173.63,47.888,265.99,316.43
213.41,265.99,273.09,341.29
1,37.942,181.45,336.32
92.644,1,284.46,174.34
92.644,1,292.27,341.29
1,1,291.56,341.29
203.47,40.073,291.56,341.29
209.15,127.45,281.61,194.94
1,1,216.97,341.29
89.802,1,270.25,341.29
1,1,265.99,341.29
190.68,250.36,269.54,341.29
122.48,27.285,194.94,87.671
366.15,1,512.5,341.29
276.64,1,427.25,341.29
158,1,217.68,84.829
68.49,1,292.27,226.91
89.092,1,292.27,341.29
173.63,47.888,281.61,320.69
94.775,1,292.27,341.29
89.802,1,167.24,85.54
366.86,1,429.38,41.494
127.45,32.969,194.94,121.77
110.4,30.127,216.97,341.29
331.34,155.87,512.5,341.29
381.07,1,512.5,131.72
246.8,49.308,295.82,341.29
213.41,189.26,274.51,341.29
194.94,47.177,263.14,312.87
276.64,1,422.99,341.29
247.51,1,292.27,190.68
156.58,233.31,283.75,341.29
1,185.71,217.68,341.29
175.05,48.598,262.43,312.87
1,1,120.35,161.55
91.933,1,291.56,341.29
370.42,47.888,492.61,341.29
95.485,1,284.46,173.63
422.99,105.43,512.5,341.29
190.68,49.308,292.27,341.29
94.775,1,275.22,87.671
199.92,113.25,281.61,232.6
1,1,263.14,341.29
68.49,1,292.27,190.68
68.49,1,292.27,341.29
246.8,49.308,288.72,317.85
187.13,47.177,265.99,319.98
163.69,13.788,254.62,84.829
190.68,186.42,292.27,341.29
127.45,32.969,270.25,312.87
173.63,47.888,265.99,320.69
337.74,1,427.25,341.29
339.87,1,512.5,253.91
1,1,267.41,341.29
398.12,221.94,438.62,268.12
140.95,47.177,263.14,341.29
276.64,1,388.18,341.29
1,1,192.1,337.03
469.88,1,512.5,133.14
276.64,1,376.81,341.29
1,1,181.45,337.74
81.987,1,285.88,89.092
1,37.231,185,337.03
113.25,1,231.18,81.277
194.94,49.308,258.88,133.14
81.987,1,291.56,194.23
158,1,215.55,84.829
1,62.096,67.069,104.01
89.092,1,290.85,341.29
212.7,1,292.27,341.29
145.21,32.969,194.94,121.77
1,1,194.94,161.55
1,1,198.5,161.55
1,1,270.25,341.29
288.01,121.77,364.02,341.29
276.64,1,373.97,341.29
384.62,1,493.32,211.28
208.44,49.308,289.43,317.85
89.802,1,288.72,341.29
323.53,191.39,389.6,320.69
89.802,1,283.75,85.54
368.29,1,512.5,341.29
94.775,1,284.46,341.29
214.12,43.625,288.72,341.29
203.47,47.888,275.93,232.6
89.092,1,283.75,107.56
96.906,13.788,182.16,84.829
149.48,47.888,295.82,341.29
205.6,135.98,262.43,197.08
345.55,1,426.54,220.52
94.775,1,233.31,84.829
191.39,1,285.88,67.069
1,276.64,179.31,341.29
160.84,47.177,260.3,248.94
239.7,1,283.75,63.517
333.48,1,427.25,341.29
462.06,107.56,512.5,215.55
149.48,47.888,265.99,341.29
331.34,156.58,420.86,341.29
203.47,43.625,288.72,341.29
393.86,157.29,512.5,341.29
207.73,219.1,263.14,312.16
187.13,43.625,290.85,341.29
81.987,1,295.82,341.29
199.92,49.308,289.43,317.85
167.95,46.467,267.41,341.29
1,129.59,263.14,341.29
81.987,1,292.27,190.68
169.37,57.123,210.57,107.56
202.76,43.625,288.72,341.29
68.49,1,208.44,189.26
331.34,1,512.5,341.29
95.485,1,243.25,89.092
89.802,1,288.01,101.17
94.775,1,283.75,84.829
213.41,40.073,291.56,341.29
368.29,47.888,492.61,341.29
187.13,43.625,288.72,341.29
95.485,1,285.88,89.092
247.51,1,290.85,190.68
144.5,179.31,194.94,303.64
5.9729,1,130.3,100.46
278.77,1,512.5,341.29
345.55,1,512.5,220.52
149.48,106.85,219.81,341.29
89.092,1,283.75,85.54
1,37.942,181.45,341.29
192.1,1,260.3,87.671
365.44,1,512.5,341.29
129.59,30.127,198.5,120.35
365.44,232.6,468.45,309.32
194.94,47.177,260.3,135.27
386.05,157.29,512.5,341.29
203.47,47.888,274.51,232.6
202.76,300.09,270.96,341.29
202.76,43.625,290.85,341.29
169.37,1,258.17,65.648
239.7,1,284.46,172.92
286.59,1,337.74,172.92
199.92,113.25,281.61,251.07
404.52,181.45,457.09,234.02
199.92,113.25,273.09,232.6
1,1,192.1,341.29
158.71,268.12,199.21,315
173.63,83.408,263.14,314.29
211.28,226.91,263.85,310.74
247.51,49.308,288.72,320.69
81.987,1,275.22,87.671
194.94,49.308,258.88,133.85
140.24,52.86,208.44,189.26
214.84,265.99,283.75,341.29
169.37,1,270.25,319.98
175.05,48.598,267.41,326.37
278.77,1,512.5,253.91
110.4,30.127,198.5,120.35
197.79,47.177,260.3,133.85
207.73,219.81,263.14,312.87
1,267.41,169.37,341.29
331.34,155.87,420.86,341.29
1,1,123.19,161.55
94.775,1,284.46,174.34
1,1,181.45,341.29
323.53,1,426.54,341.29
284.46,1,427.25,341.29
285.17,1,376.81,341.29
96.906,13.788,207.02,107.56
205.6,127.45,281.61,207.02
365.44,177.18,427.25,235.44
192.1,1,275.22,87.671
103.3,1,269.54,84.829
1,54.992,54.281,97.617
89.802,1,219.81,341.29
171.5,18.05,216.26,84.829
169.37,1,258.88,63.517
68.49,1,165.82,96.196
345.55,1,442.88,220.52
381.07,1,507.53,120.35
1,1,50.729,42.204
365.44,221.94,468.45,309.32
278.77,1,429.38,210.57
202.76,300.09,284.46,341.29
422.99,130.3,512.5,280.19
211.99,197.79,263.14,251.07
173.63,83.408,265.99,316.43
435.06,258.88,512.5,341.29
239.7,43.625,288.72,341.29
191.39,1,258.17,42.915
94.775,1,284.46,85.54
372.55,247.51,512.5,341.29
384.62,1,484.79,203.47
149.48,47.888,275.93,232.6
380.36,1,512.5,183.58
148.77,121.06,217.68,341.29
113.25,1,233.31,84.829
96.906,13.788,267.41,341.29
1,31.548,123.19,161.55
81.987,1,275.22,128.16
149.48,83.408,201.34,206.31
208.44,126.74,261.01,167.95
129.59,30.127,194.94,87.671
68.49,1,216.97,341.29
158.71,268.12,199.21,341.29
148.77,179.31,194.23,303.64
323.53,177.18,389.6,320.69
400.96,273.8,512.5,341.29
422.99,105.43,512.5,280.19
68.49,1,122.48,61.385
1,34.39,198.5,341.29
140.24,135.98,263.14,312.16
135.27,1,284.46,85.54
153.03,9.525,195.65,72.042
187.13,47.177,270.25,319.98
240.41,1,282.32,85.54
307.9,291.56,364.02,341.29
157.29,32.969,204.89,81.987
140.24,116.09,193.52,189.26
150.19,185.71,195.65,303.64
203.47,138.82,265.28,310.03
1,37.231,185,341.29
99.748,1,284.46,173.63
133.85,1,261.72,65.648
94.775,1,240.41,86.96
158.71,268.12,202.05,341.29
54.281,78.435,104.72,125.32
156.58,233.31,231.89,341.29
81.987,1,285.88,133.14
1,268.12,50.729,321.4
22.312,62.096,67.069,104.01
1,236.86,181.45,341.29
145.21,52.86,198.5,120.35
203.47,131.72,262.43,226.91
251.78,1,292.27,341.29
381.07,1,512.5,133.14
140.95,134.56,204.89,310.03
160.84,78.435,204.89,248.94
284.46,1,373.97,341.29
158,12.367,198.5,81.277
99.748,1,284.46,84.829
1,170.79,89.092,241.83
158,1,237.57,84.829
113.25,1,211.99,43.625
384.62,1,512.5,215.55
143.08,185.71,217.68,341.29
99.748,1,216.97,84.829
192.1,1,259.59,57.123
446.43,1,512.5,130.3
197.79,47.177,260.3,134.56
153.74,1,209.15,84.829
341.29,1,512.5,220.52
1,1,217.68,341.29
135.27,1,243.96,81.277
1,55.702,67.069,104.01
191.39,1,279.48,52.15
366.86,1,512.5,341.29
1,1,135.27,165.11
175.05,48.598,263.85,312.87
99.748,1,271.67,84.829
446.43,1,512.5,215.55
339.87,126.03,512.5,253.91
214.84,265.99,273.09,341.29
237.57,1,284.46,208.44
103.3,1,226.2,84.829
315.71,1,359.76,50.729
173.63,47.888,263.14,314.29
103.3,1,284.46,174.34
1,27.996,120.35,161.55
96.906,13.788,210.57,107.56
466.32,15.208,512.5,128.88
140.24,135.98,283.75,341.29
440.04,273.8,512.5,341.29
247.51,43.625,288.72,320.69
163.69,13.788,231.18,81.277
194.94,49.308,258.88,134.56
204.18,135.98,263.14,312.87
158,18.05,206.31,84.829
89.092,1,174.34,45.046
203.47,140.95,265.28,232.6
157.29,32.969,204.89,82.698
158,1,202.05,81.277
167.95,48.598,267.41,326.37
381.07,1,507.53,110.4
192.1,1,260.3,64.938
248.94,49.308,289.43,317.85
114.67,34.39,198.5,280.9
95.485,1,168.66,48.598
149.48,182.87,219.81,341.29
380.36,69.91,489.06,152.32
96.906,13.788,191.39,84.829
190.68,250.36,265.99,320.69
199.92,128.88,263.14,232.6
251.78,47.888,292.27,341.29
211.28,47.888,260.3,132.43
11.656,168.66,89.092,239.7
150.19,185.71,219.81,341.29
157.29,32.969,204.89,84.829
194.94,47.177,262.43,312.87
205.6,135.98,262.43,190.68
205.6,194.23,263.14,312.87
158,10.946,202.05,81.277
150.19,179.31,216.97,341.29
167.95,48.598,267.41,341.29
209.15,59.965,258.17,135.27
203.47,138.82,281.61,310.03
469.88,15.919,512.5,131.72
207.73,219.1,262.43,312.16
149.48,159.42,219.81,341.29
1,1,185,337.03
342.71,158,408.07,253.91
153.03,9.525,243.25,84.829
203.47,52.86,261.01,226.91
175.05,49.308,270.25,248.94
114.67,34.39,158.71,99.748
211.99,79.146,258.17,133.85
211.28,226.91,263.14,310.74
156.58,233.31,199.21,341.29
153.03,33.679,194.94,87.671
209.86,228.33,261.01,312.16
103.3,1,284.46,84.829
162.26,1,249.65,65.648
1,1,132.43,161.55
1,55.702,64.938,102.59
339.87,1,427.25,341.29
113.25,1,254.62,84.829
133.85,1,271.67,79.856
173.63,298.66,219.81,341.29
144.5,129.59,263.14,341.29
207.73,217.68,263.14,312.16
205.6,113.25,258.17,160.13
204.18,133.14,262.43,312.87
288.01,152.32,512.5,341.29
455.67,1,512.5,149.48
94.775,1,284.46,199.92
175.05,48.598,260.3,310.74
214.12,292.98,273.09,341.29
68.49,1,136.69,61.385
462.06,1,508.95,52.15
96.906,13.788,163.69,72.042
1,1,120.35,124.61
204.89,169.37,261.01,216.97
163.69,13.788,254.62,81.277
110.4,30.127,198.5,272.38
381.07,1,512.5,341.29
205.6,84.829,274.51,173.63
1,83.408,94.065,162.26
208.44,50.729,261.01,167.95
94.775,1,254.62,84.829
386.05,1,464.9,110.4
191.39,10.235,249.65,52.15
444.3,5.2625,512.5,131.72
148.06,1,275.93,85.54
239.7,189.26,280.19,266.7
127.45,32.969,194.94,189.97
1,1,146.64,142.37
114.67,34.39,198.5,126.74
135.27,1,235.44,81.277
446.43,1,512.5,85.54
204.89,133.14,262.43,219.81
113.25,1,179.31,43.625
127.45,32.969,217.68,341.29
68.49,1,165.82,82.698
150.19,179.31,190.68,241.83
248.23,1,290.85,190.68
405.94,1,457.8,89.802
1,27.996,120.35,124.61
1,267.41,179.31,341.29
171.5,1,249.65,65.648
207.73,217.68,265.99,312.16
1,54.992,67.069,104.01
207.02,197.79,263.14,312.16
209.15,50.729,259.59,135.27
133.85,1,249.65,65.648
5.9729,1,132.43,100.46
158,1,204.89,81.277
459.22,86.25,512.5,215.55
387.47,138.11,469.88,203.47
103.3,1,217.68,84.829
1,78.435,104.72,162.26
365.44,183.58,427.25,235.44
103.3,1,259.59,84.829
380.36,1,512.5,152.32
199.92,128.88,260.3,232.6
432.93,1,507.53,58.544
148.06,1,237.57,84.829
1,267.41,162.26,341.29
203.47,131.72,262.43,312.87
344.13,1,426.54,220.52
230.46,291.56,271.67,341.29
341.29,1,431.51,220.52
341.29,1,427.96,220.52
207.73,217.68,262.43,312.16
239.7,189.26,286.59,341.29
214.12,285.17,273.09,341.29
339.87,158,408.07,253.91
89.092,1,146.64,45.046
237.57,157.29,278.06,199.92
278.77,1,337.74,190.68
239.7,189.26,280.19,296.53
365.44,215.55,512.5,309.32
153.03,1,243.25,85.54
148.77,179.31,190.68,241.83
444.3,1,512.5,133.14
118.93,29.417,165.82,82.698
432.22,247.51,512.5,298.66
110.4,30.127,198.5,221.23
352.66,62.096,426.54,204.18
207.73,221.23,263.14,312.16
365.44,138.11,469.88,235.44
103.3,1,230.46,84.829
449.27,162.97,512.5,246.09
435.06,273.09,512.5,341.29
342.71,1,425.12,84.119
199.92,47.177,243.96,87.671
140.95,134.56,263.14,341.29
94.775,1,237.57,84.829
288.01,152.32,346.26,341.29
246.8,49.308,288.72,317.14
248.94,66.358,289.43,317.85
169.37,1,258.17,42.915
365.44,126.03,512.5,341.29
1,266.7,88.381,333.48
175.05,49.308,270.25,312.87
405.23,79.856,469.16,141.66
416.59,94.065,486.93,152.32
203.47,140.95,263.85,232.6
103.3,1,284.46,106.14
469.88,5.2625,512.5,131.72
308.61,52.15,376.81,210.57
175.05,121.77,260.3,310.74
214.12,300.09,271.67,341.29
183.58,48.598,258.88,134.56
286.59,1,358.34,172.92
140.95,134.56,219.81,341.29
203.47,138.82,270.96,310.03
204.18,194.23,263.14,312.87
205.6,127.45,272.38,173.63
205.6,135.98,262.43,189.97
308.61,52.15,426.54,210.57
1,70.621,96.196,161.55
112.54,1,170.79,43.625
432.93,105.43,506.82,171.5
57.123,78.435,104.72,124.61
395.99,1,512.5,133.14
158,39.363,198.5,81.277
89.092,1,275.93,85.54
370.42,177.18,427.25,231.89
149.48,189.97,219.81,341.29
45.756,51.44,116.09,128.16
380.36,77.015,469.16,148.77
53.571,58.544,116.09,128.16
175.05,105.43,270.25,248.94
160.13,280.19,217.68,341.29
202.05,1,275.93,85.54
1,74.883,95.485,165.11
307.9,215.55,512.5,341.29
422.99,162.97,512.5,246.09
331.34,155.87,423.7,341.29
431.51,215.55,512.5,306.48
202.76,261.01,284.46,341.29
155.87,233.31,219.81,341.29
187.84,21.602,237.57,80.567
455.67,1,512.5,113.25
380.36,79.856,486.93,152.32
214.12,189.26,280.19,341.29
117.51,34.39,158.71,85.54
199.92,113.25,260.3,232.6
370.42,183.58,427.25,231.89
158.71,268.12,231.89,341.29
140.24,135.98,206.31,310.74
173.63,83.408,231.89,316.43
209.15,47.888,259.59,135.27
462.06,18.76,512.5,215.55
129.59,30.127,180.03,87.671
95.485,1,243.25,85.54
308.61,1,429.38,210.57
210.57,47.177,260.3,133.85
144.5,129.59,216.97,341.29
203.47,138.82,265.28,232.6
384.62,1,493.32,203.47
455.67,1,508.95,77.015
230.46,265.99,273.09,341.29
387.47,1,464.9,110.4
384.62,1,484.79,211.28
194.94,48.598,258.88,134.56
448.56,126.03,512.5,246.09
207.73,219.1,263.85,310.74
341.29,1,426.54,220.52
8.8146,168.66,89.092,239.7
140.24,144.5,194.94,280.9
209.15,47.888,260.3,135.27
174.34,300.09,217.68,341.29
68.49,1,132.43,61.385
339.87,148.06,408.07,253.91
422.99,162.97,512.5,255.33
190.68,250.36,245.38,320.69
89.802,1,197.08,175.05
205.6,113.25,260.3,162.97
1,266.7,179.31,341.29
461.35,107.56,512.5,183.58
94.775,1,174.34,43.625
192.1,1,259.59,65.648
148.77,179.31,194.94,303.64
203.47,140.95,261.01,232.6
204.18,218.39,263.14,312.87
149.48,66.358,198.5,126.74
158,33.679,204.89,81.987
158,18.05,215.55,84.829
150.19,134.56,204.89,310.03
469.88,5.2625,512.5,133.14
140.24,83.408,208.44,189.26
197.79,59.965,258.17,217.68
365.44,151.61,468.45,336.32
199.92,127.45,263.14,232.6
157.29,35.81,204.89,81.987
127.45,32.969,194.94,224.78
246.8,49.308,295.82,317.85
342.71,62.096,426.54,253.91
144.5,179.31,216.97,341.29
207.73,226.2,263.14,312.87
1,83.408,60.675,162.26
209.86,225.49,262.43,312.16
203.47,131.72,256.75,226.91
232.6,1,275.93,85.54
108.27,1,168.66,48.598
94.775,1,170.79,43.625
1,74.883,84.829,165.11
211.28,50.729,259.59,132.43
205.6,47.888,274.51,173.63
397.41,221.94,438.62,280.19
68.49,1,118.22,61.385
153.03,9.525,216.26,84.829
167.24,12.367,217.68,65.648
431.51,247.51,512.5,306.48
135.27,1,231.18,81.277
145.21,42.915,194.94,121.77
432.93,1,501.13,57.833
149.48,189.97,199.21,341.29
114.67,34.39,198.5,176.47
205.6,133.14,262.43,189.97
471.3,107.56,512.5,215.55
1,1,146.64,165.11
211.28,226.91,262.43,310.74
240.41,1,284.46,85.54
121.06,26.575,204.89,81.987
205.6,133.14,262.43,190.68
194.94,135.27,263.85,312.87
430.8,130.3,512.5,280.19
1,1,135.27,142.37
380.36,69.91,512.5,183.58
440.04,1,491.19,66.358
435.06,1,507.53,58.544
157.29,83.408,201.34,199.92
315.71,1,359.76,79.146
135.27,1,221.23,81.277
370.42,177.18,430.8,231.89
103.3,1,170.79,43.625
448.56,126.03,512.5,227.62
381.07,1,464.9,110.4
403.81,79.856,486.93,152.32
153.03,1,243.25,84.829
149.48,66.358,198.5,169.37
153.03,9.525,195.65,81.277
94.775,1,204.89,81.987
1,1,130.3,161.55
315.71,1,358.34,71.331
1,267.41,81.277,334.19
423.7,140.95,469.88,203.47
347.68,281.61,425.12,341.29
307.9,281.61,425.12,341.29
395.99,1,457.8,111.83
432.93,1,512.5,133.14
209.86,224.78,262.43,312.16
440.04,258.88,512.5,341.29
204.89,133.14,262.43,216.97
207.73,221.23,262.43,312.16
418.73,135.27,512.5,259.59
114.67,30.127,198.5,126.74
150.9,185.71,194.23,303.64
148.77,109.69,217.68,341.29
462.06,107.56,512.5,183.58
1,1,130.3,100.46
342.71,1,429.38,80.567
207.02,217.68,263.14,312.16
165.11,240.41,216.97,341.29
169.37,1,258.17,63.517
349.81,281.61,390.31,341.29
444.3,15.919,512.5,131.72
158,18.05,217.68,84.829
209.15,127.45,273.8,189.97
288.01,152.32,389.6,341.29
143.08,185.71,194.23,303.64
211.99,59.965,258.17,132.43
149.48,144.5,194.94,241.83
471.3,107.56,512.5,183.58
140.24,107.56,193.52,189.26
444.3,1,512.5,131.72
459.22,86.25,512.5,183.58
205.6,133.14,270.25,190.68
140.24,116.09,193.52,221.23
148.06,1,209.15,84.829
246.8,153.74,288.72,317.14
205.6,135.98,262.43,176.47
400.96,283.04,481.24,341.29
405.94,1,491.19,89.802
1,289.43,88.381,333.48
152.32,66.358,198.5,120.35
140.24,144.5,194.94,241.83
366.86,1,425.12,41.494
1,266.7,48.598,317.85
347.68,281.61,390.31,341.29
149.48,66.358,198.5,176.47
191.39,1,265.99,52.15
211.99,79.146,258.17,132.43
339.87,134.56,469.88,253.91
135.27,1,221.23,80.567
53.571,58.544,116.09,126.03
204.18,218.39,256.04,312.87
1,289.43,162.26,341.29
103.3,1,204.89,81.987
432.93,1,508.95,81.277
365.44,135.27,512.5,341.29
403.81,79.856,469.16,141.66
158,1,209.15,81.277
365.44,177.18,457.09,235.44
307.9,273.8,512.5,341.29
1,266.7,42.915,317.85
148.06,30.838,204.89,81.987
153.03,18.05,216.26,84.829
285.17,1,376.81,216.26
308.61,52.15,376.81,216.26
191.39,10.235,243.25,65.648
204.18,197.79,263.14,312.87
135.27,1,217.68,65.648
209.15,79.146,258.17,135.27
207.73,217.68,256.75,308.61
423.7,135.27,479.82,203.47
99.748,1,216.26,84.829
172.92,18.05,216.26,84.829
340.58,1,425.12,84.119
204.89,49.308,258.88,132.43
150.9,185.71,217.68,341.29
455.67,1,512.5,88.381
191.39,20.892,243.25,65.648
149.48,189.97,194.94,302.93
187.84,21.602,237.57,65.648
149.48,189.97,190.68,241.83
1,168.66,89.092,239.7
449.27,273.8,512.5,341.29
194.94,135.27,263.14,312.87
140.24,118.93,192.81,189.97
440.04,1,507.53,58.544
339.87,134.56,408.07,253.91
45.756,51.44,116.09,126.03
307.9,290.14,364.02,341.29
205.6,133.14,262.43,176.47
403.81,79.856,469.16,144.5
323.53,191.39,390.31,341.29
387.47,148.06,442.88,190.68
342.71,134.56,408.07,253.91
1,51.44,116.09,165.11
342.71,1,410.2,79.856
422.99,135.27,512.5,259.59
372.55,283.04,481.24,341.29
442.88,247.51,512.5,341.29
447.85,26.575,492.61,81.277
149.48,189.97,192.1,241.83
286.59,1,337.74,176.47
442.88,247.51,512.5,298.66
381.07,1,507.53,118.22
447.85,13.077,508.95,81.277
422.99,105.43,506.82,171.5
423.7,138.11,469.88,203.47
432.93,1,512.5,81.277
315.71,1,429.38,80.567
171.5,1,243.25,65.648
436.49,215.55,512.5,273.8
140.24,121.06,182.16,189.97
153.03,18.05,195.65,72.042
323.53,62.096,426.54,341.29
431.51,247.51,512.5,341.29
285.17,1,358.34,190.68
365.44,135.27,512.5,336.32
156.58,1,249.65,65.648
158,33.679,204.89,81.277
380.36,69.91,489.06,148.77
422.99,135.27,512.5,255.33
445.01,1,491.19,59.965
438.62,62.096,512.5,133.14
448.56,126.03,498.29,183.58
380.36,79.856,469.16,148.77
342.71,1,410.2,80.567
288.01,152.32,364.02,341.29
431.51,247.51,512.5,298.66
347.68,281.61,392.44,341.29
372.55,294.4,425.12,341.29
365.44,232.6,468.45,336.32
370.42,183.58,427.25,235.44
463.48,229.75,512.5,273.8
370.42,151.61,442.88,268.12
395.99,45.046,437.2,111.83
445.01,1,491.19,66.358
286.59,1,338.45,172.92
370.42,151.61,442.88,231.89
442.88,247.51,512.5,334.9
461.35,127.45,512.5,183.58
