1,1,229.27,511.93
1,1,217.53,511.93
1,1,341.27,511.93
215.4,1,341.27,511.93
1,1,225,171.67
219.67,1,341.27,511.93
1,93.8,135.4,406.33
104.47,1,229.27,511.93
1,1,170.6,511.93
1,289,221.8,511.93
122.6,1,230.33,511.93
1,1,219.67,511.93
1,1,233.53,511.93
1,269.8,135.4,406.33
1,106.6,221.8,511.93
1,44.733,117.27,132.2
184.47,66.067,236.73,511.93
126.87,325.27,219.67,511.93
1,1,231.4,511.93
204.73,1,341.27,511.93
1,117.27,169.53,511.93
115.13,106.6,196.2,301.8
1,1,221.8,511.93
1,1,230.33,511.93
1,108.73,130.07,311.4
66.067,291.13,134.33,392.47
1,328.47,215.4,511.93
1,1,236.73,511.93
116.2,411.67,194.07,511.93
126.87,313.53,223.93,511.93
1,1,219.67,171.67
125.8,1,212.2,109.8
115.13,66.067,216.47,377.53
1,445.8,50.067,500.2
104.47,1,219.67,511.93
1,108.73,188.73,511.93
57.533,130.07,113,241
115.13,66.067,218.6,378.6
125.8,1,213.27,129
1,66.067,236.73,511.93
115.13,66.067,233.53,511.93
141.8,394.6,206.87,511.93
203.67,1,341.27,511.93
122.6,66.067,212.2,301.8
60.733,136.47,135.4,395.67
122.6,359.4,173.8,511.93
136.47,41.533,201.53,129
115.13,167.4,155.67,301.8
169.53,1,341.27,511.93
116.2,404.2,167.4,501.27
130.07,325.27,217.53,511.93
1,120.47,135.4,401
57.533,110.87,142.87,355.13
41.533,1,113,90.6
130.07,418.07,172.73,511.93
1,110.87,188.73,511.93
1,289,138.6,499.13
1,1,146.07,132.2
87.4,158.87,130.07,259.13
1,109.8,155.67,511.93
146.07,1,211.13,41.533
43.667,67.133,170.6,171.67
134.33,289,216.47,377.53
1,1,211.13,171.67
126.87,184.47,230.33,511.93
1,1,177,171.67
127.93,313.53,218.6,511.93
115.13,169.53,155.67,301.8
244.2,169.53,316.73,379.67
125.8,1,213.27,56.467
1,108.73,172.73,511.93
1,89.533,82.067,135.4
169.53,1,231.4,511.93
178.07,1,230.33,235.67
58.6,136.47,135.4,401
1,109.8,139.67,511.93
1,108.73,138.6,499.13
1,1,147.13,117.27
1,125.8,113,329.53
131.13,165.27,216.47,377.53
1,390.33,170.6,511.93
63.933,66.067,217.53,511.93
1,419.13,121.53,511.93
1,1,213.27,171.67
130.07,1,226.07,307.13
136.47,7.4,214.33,94.867
63.933,122.6,147.13,395.67
1,66.067,216.47,511.93
1,93.8,218.6,459.67
1,213.27,54.333,333.8
1,1,214.33,170.6
230.33,169.53,316.73,379.67
57.533,110.87,142.87,395.67
115.13,66.067,217.53,511.93
125.8,1,226.07,189.8
1,1,170.6,117.27
1,1,214.33,129
143.93,172.73,200.47,265.53
1,1,177,195.13
71.4,349.8,116.2,401
125.8,1,230.33,511.93
1,120.47,138.6,499.13
110.87,106.6,218.6,430.87
209,1,341.27,511.93
87.4,86.333,133.27,171.67
1,1,177,511.93
25.533,38.333,72.467,88.467
184.47,120.47,233.53,468.2
115.13,66.067,212.2,312.47
115.13,108.73,215.4,377.53
147.13,417,197.27,501.27
1,1,170.6,171.67
119.4,411.67,194.07,511.93
123.67,358.33,183.4,430.87
126.87,328.47,222.87,511.93
1,110.87,142.87,499.13
104.47,1,216.47,374.33
1,108.73,131.13,311.4
79.933,390.33,133.27,453.27
1,67.133,170.6,171.67
149.27,119.4,197.27,173.8
116.2,120.47,233.53,511.93
122.6,371.13,201.53,511.93
87.4,6.3333,177,171.67
115.13,106.6,199.4,301.8
1,93.8,130.07,311.4
57.533,110.87,114.07,174.87
1,1,211.13,170.6
130.07,328.47,214.33,511.93
1,1,212.2,171.67
122.6,375.4,199.4,511.93
135.4,41.533,202.6,129
84.2,175.93,135.4,355.13
145,165.27,201.53,282.6
3.1333,44.733,117.27,121.53
1,418.07,121.53,511.93
63.933,437.27,142.87,511.93
1,89.533,79.933,135.4
138.6,1,212.2,94.867
1,24.467,166.33,170.6
114.07,1,211.13,121.53
148.2,296.47,215.4,377.53
130.07,375.4,199.4,511.93
130.07,333.8,214.33,511.93
1,53.267,54.333,104.47
120.47,328.47,215.4,511.93
125.8,1,213.27,311.4
1,93.8,135.4,459.67
1,467.13,51.133,511.93
63.933,355.13,201.53,511.93
145,270.87,212.2,313.53
120.47,333.8,215.4,511.93
63.933,355.13,181.27,511.93
116.2,1,229.27,511.93
1,207.93,54.333,333.8
116.2,404.2,167.4,511.93
47.933,76.733,170.6,171.67
1,106.6,216.47,430.87
84.2,232.47,135.4,355.13
63.933,122.6,155.67,395.67
1,1,87.4,126.87
1,123.67,114.07,309.27
157.8,52.2,211.13,121.53
259.13,248.47,341.27,511.93
141.8,108.73,206.87,265.53
104.47,151.4,201.53,422.33
125.8,1,213.27,307.13
1,1,212.2,170.6
1,75.667,136.47,165.27
115.13,106.6,216.47,430.87
145,165.27,197.27,211.13
131.13,207.93,216.47,377.53
1,120.47,114.07,309.27
251.67,1,341.27,157.8
158.87,179.13,229.27,511.93
119.4,350.87,201.53,511.93
147.13,212.2,201.53,282.6
1,358.33,188.73,511.93
43.667,1,113,92.733
108.73,404.2,167.4,511.93
47.933,67.133,170.6,171.67
120.47,333.8,214.33,511.93
110.87,152.47,194.07,307.13
1,109.8,142.87,511.93
261.27,79.933,341.27,197.27
104.47,67.133,216.47,374.33
90.6,136.47,135.4,186.6
125.8,350.87,201.53,442.6
168.47,449,221.8,511.93
142.87,1,214.33,49
1,108.73,138.6,511.93
257,350.87,341.27,511.93
115.13,119.4,199.4,307.13
126.87,415.93,209,511.93
1,117.27,139.67,511.93
116.2,328.47,222.87,511.93
67.133,76.733,170.6,171.67
1,1,60.733,45.8
148.2,295.4,215.4,377.53
169.53,39.4,230.33,511.93
141.8,209,199.4,291.13
126.87,328.47,215.4,511.93
1,125.8,113,303.93
149.27,123.67,196.2,164.2
123.67,165.27,216.47,430.87
120.47,444.73,170.6,511.93
1,70.333,43.667,123.67
1,213.27,54.333,329.53
218.6,301.8,341.27,511.93
74.6,87.4,163.13,170.6
108.73,403.13,188.73,501.27
1,1,136.47,165.27
78.867,136.47,130.07,311.4
125.8,1,226.07,511.93
218.6,169.53,341.27,511.93
1,53.267,82.067,123.67
65,110.87,130.07,311.4
184.47,1,231.4,311.4
126.87,313.53,221.8,511.93
17,269.8,77.8,396.73
145,165.27,200.47,216.47
1,70.333,113,171.67
166.33,38.333,213.27,118.33
110.87,106.6,218.6,329.53
230.33,169.53,316.73,386.07
126.87,51.133,213.27,313.53
116.2,397.8,196.2,511.93
145,108.73,206.87,211.13
141.8,212.2,199.4,291.13
275.13,1,341.27,157.8
111.93,86.333,166.33,170.6
120.47,204.73,216.47,430.87
125.8,1,226.07,313.53
125.8,1,229.27,511.93
158.87,181.27,229.27,499.13
65,234.6,134.33,392.47
1,117.27,59.667,196.2
1,120.47,114.07,333.8
102.33,143.93,142.87,202.6
1,70.333,82.067,135.4
78.867,390.33,170.6,511.93
226.07,1,341.27,264.47
1,1,166.33,126.87
105.53,51.133,159.93,135.4
47.933,75.667,170.6,171.67
122.6,418.07,172.73,511.93
148.2,372.2,201.53,422.33
148.2,106.6,196.2,174.87
90.6,390.33,138.6,453.27
136.47,420.2,213.27,511.93
141.8,313.53,221.8,511.93
1,1,82.067,91.667
1,419.13,126.87,511.93
59.667,46.867,113,92.733
1,443.67,121.53,511.93
1,1,146.07,101.27
148.2,415.93,204.73,511.93
1,269.8,138.6,499.13
141.8,233.53,200.47,301.8
1,1,158.87,126.87
125.8,298.6,215.4,442.6
115.13,67.133,216.47,374.33
1,207.93,54.333,329.53
126.87,313.53,218.6,511.93
184.47,66.067,231.4,511.93
143.93,201.53,200.47,265.53
1,1,231.4,311.4
155.67,376.47,198.33,422.33
184.47,66.067,233.53,511.93
1,53.267,153.53,171.67
132.2,351.93,201.53,422.33
100.2,1,214.33,170.6
127.93,373.27,215.4,511.93
78.867,267.67,119.4,311.4
125.8,181.27,229.27,511.93
104.47,151.4,155.67,374.33
60.733,136.47,135.4,401
158.87,115.13,229.27,511.93
70.333,60.733,190.87,170.6
120.47,1,213.27,143.93
146.07,1,211.13,59.667
180.2,179.13,229.27,511.93
141.8,212.2,199.4,293.27
84.2,274.07,135.4,355.13
115.13,169.53,155.67,374.33
151.4,298.6,216.47,374.33
63.933,359.4,173.8,511.93
1,226.07,54.333,329.53
37.267,161,111.93,291.13
1,456.47,51.133,511.93
3.1333,79.933,82.067,121.53
1,125.8,89.533,333.8
47.933,163.13,92.733,230.33
138.6,1,211.13,94.867
115.13,67.133,212.2,301.8
1,75.667,122.6,127.93
100.2,1,165.27,100.2
5.2667,60.733,82.067,101.27
94.867,107.67,136.47,165.27
148.2,283.67,216.47,374.33
78.867,390.33,170.6,501.27
125.8,1,214.33,129
43.667,1,158.87,92.733
141.8,209,200.47,299.67
164.2,394.6,206.87,436.2
37.267,131.13,113,291.13
78.867,137.53,130.07,311.4
60.733,275.13,172.73,442.6
1,119.4,113,303.93
125.8,291.13,215.4,442.6
118.33,444.73,170.6,511.93
123.67,358.33,174.87,430.87
125.8,181.27,229.27,499.13
132.2,293.27,201.53,422.33
145,165.27,201.53,299.67
70.333,1,212.2,170.6
1,28.733,169.53,170.6
1,1,72.467,104.47
45.8,101.27,113,171.67
87.4,136.47,135.4,259.13
65,277.27,134.33,392.47
42.6,1,146.07,84.2
115.13,66.067,212.2,301.8
1,93.8,78.867,196.2
119.4,120.47,163.13,170.6
141.8,415.93,191.93,470.33
155.67,375.4,199.4,419.13
108.73,358.33,188.73,511.93
231.4,8.4667,312.47,201.53
1,1,82.067,101.27
57.533,110.87,104.47,165.27
130.07,417,197.27,511.93
100.2,1,184.47,170.6
130.07,463.93,172.73,511.93
115.13,66.067,215.4,377.53
1,119.4,138.6,499.13
1,75.667,87.4,126.87
142.87,106.6,218.6,329.53
87.4,116.2,147.13,171.67
209,1,341.27,419.13
1,443.67,82.067,511.93
1,289,132.2,462.87
25.533,269.8,77.8,396.73
113,67.133,216.47,374.33
125.8,121.53,166.33,170.6
158.87,285.8,217.53,329.53
1,120.47,114.07,291.13
149.27,165.27,200.47,209
163.13,51.133,211.13,107.67
1,1,146.07,152.47
145,106.6,209,242.07
147.13,217.53,201.53,299.67
105.53,124.73,158.87,166.33
142.87,210.07,202.6,312.47
104.47,151.4,199.4,374.33
125.8,350.87,209,511.93
87.4,93.8,129,171.67
133.27,68.2,207.93,211.13
122.6,167.4,200.47,301.8
1,289,132.2,499.13
155.67,376.47,206.87,436.2
136.47,420.2,218.6,511.93
146.07,376.47,206.87,462.87
120.47,426.6,174.87,474.6
126.87,328.47,214.33,511.93
101.27,1,165.27,100.2
152.47,415.93,209,493.8
146.07,1,191.93,41.533
115.13,119.4,202.6,312.47
138.6,70.333,184.47,129
97,85.267,166.33,170.6
155.67,375.4,199.4,436.2
94.867,1,214.33,170.6
1,28.733,163.13,170.6
108.73,404.2,167.4,501.27
70.333,122.6,147.13,375.4
143.93,118.33,213.27,307.13
125.8,1,214.33,49
1,125.8,89.533,303.93
275.13,175.93,341.27,239.93
97,78.867,166.33,170.6
1,1,78.867,126.87
126.87,325.27,216.47,511.93
1,440.47,102.33,511.93
181.27,325.27,229.27,436.2
120.47,402.07,179.13,474.6
264.47,350.87,341.27,511.93
222.87,1,341.27,201.53
25.533,44.733,117.27,121.53
1,269.8,135.4,402.07
169.53,39.4,213.27,164.2
1,93.8,59.667,196.2
1,1,140.73,93.8
115.13,68.2,207.93,301.8
169.53,39.4,214.33,311.4
108.73,403.13,188.73,511.93
1,1,147.13,93.8
60.733,289,134.33,395.67
63.933,355.13,173.8,511.93
255.93,356.2,341.27,511.93
120.47,15.933,213.27,129
117.27,41.533,201.53,121.53
78.867,244.2,119.4,311.4
134.33,289,198.33,374.33
142.87,1,211.13,59.667
78.867,234.6,124.73,321
184.47,120.47,231.4,511.93
123.67,290.07,216.47,430.87
180.2,186.6,229.27,511.93
283.67,252.73,341.27,386.07
84.2,143.93,142.87,355.13
261.27,103.4,341.27,264.47
1,289,138.6,462.87
1,75.667,79.933,126.87
1,24.467,67.133,101.27
78.867,163.13,130.07,286.87
181.27,181.27,229.27,436.2
142.87,1,210.07,49
89.533,131.13,147.13,171.67
72.467,344.47,118.33,395.67
140.73,397.8,196.2,441.53
87.4,86.333,153.53,171.67
60.733,289,118.33,395.67
136.47,411.67,194.07,488.47
1,269.8,77.8,396.73
120.47,204.73,198.33,307.13
115.13,166.33,159.93,307.13
77.8,86.333,153.53,171.67
143.93,165.27,200.47,264.47
278.33,248.47,341.27,399.93
1,123.67,114.07,306.07
141.8,394.6,221.8,511.93
134.33,1,226.07,186.6
287.93,164.2,341.27,244.2
1,213.27,54.333,403.13
126.87,51.133,211.13,129
6.3333,467.13,51.133,511.93
63.933,291.13,134.33,395.67
1,1,153.53,91.667
1,1,113,101.27
180.2,186.6,229.27,501.27
145,159.93,197.27,211.13
60.733,244.2,135.4,395.67
101.27,1,153.53,89.533
137.53,291.13,215.4,377.53
87.4,175.93,130.07,239.93
25.533,44.733,119.4,91.667
218.6,301.8,274.07,511.93
108.73,313.53,221.8,511.93
125.8,298.6,216.47,511.93
111.93,70.333,184.47,170.6
155.67,376.47,199.4,419.13
153.53,375.4,200.47,423.4
1,123.67,114.07,291.13
105.53,6.3333,177,171.67
125.8,1,214.33,94.867
136.47,41.533,184.47,129
84.2,244.2,135.4,355.13
231.4,8.4667,341.27,201.53
141.8,373.27,215.4,511.93
120.47,415.93,174.87,474.6
1,93.8,42.6,136.47
283.67,252.73,341.27,375.4
1,101.27,113,171.67
1,108.73,73.533,196.2
203.67,1,341.27,201.53
1,1,159.93,166.33
115.13,108.73,206.87,367.93
143.93,165.27,213.27,307.13
67.133,67.133,170.6,171.67
78.867,163.13,130.07,311.4
17,105.53,60.733,152.47
130.07,52.2,213.27,307.13
255.93,361.53,341.27,511.93
1,53.267,82.067,121.53
117.27,41.533,183.4,121.53
120.47,6.3333,213.27,143.93
130.07,420.2,217.53,511.93
136.47,7.4,198.33,94.867
1,44.733,119.4,132.2
275.13,178.07,341.27,242.07
133.27,1,212.2,109.8
136.47,41.533,198.33,94.867
125.8,233.53,215.4,442.6
117.27,62.867,183.4,121.53
125.8,358.33,183.4,401
25.533,44.733,119.4,89.533
120.47,408.47,174.87,474.6
87.4,76.733,170.6,171.67
116.2,95.933,163.13,146.07
65,291.13,134.33,392.47
1,1,213.27,166.33
169.53,39.4,212.2,111.93
105.53,46.867,159.93,98.067
133.27,68.2,207.93,299.67
78.867,244.2,135.4,355.13
25.533,44.733,109.8,88.467
77.8,6.3333,177,171.67
110.87,152.47,159.93,219.67
1,1,146.07,121.53
110.87,124.73,170.6,171.67
110.87,152.47,170.6,307.13
108.73,424.47,167.4,501.27
147.13,212.2,201.53,270.87
70.333,275.13,135.4,402.07
41.533,120.47,114.07,236.73
126.87,51.133,211.13,211.13
105.53,76.733,147.13,170.6
257,395.67,341.27,511.93
70.333,87.4,123.67,142.87
259.13,372.2,341.27,511.93
141.8,426.6,194.07,488.47
251.67,1,341.27,120.47
226.07,1,341.27,157.8
165.27,333.8,214.33,447.93
1,108.73,103.4,196.2
136.47,205.8,195.13,299.67
126.87,51.133,213.27,307.13
60.733,275.13,135.4,395.67
141.8,415.93,191.93,511.93
136.47,1,214.33,94.867
116.2,62.867,190.87,121.53
156.73,212.2,200.47,264.47
130.07,418.07,197.27,511.93
158.87,275.13,218.6,329.53
70.333,275.13,135.4,395.67
126.87,52.2,207.93,211.13
130.07,42.6,211.13,121.53
1,1,166.33,166.33
60.733,275.13,135.4,402.07
1,1,149.27,93.8
125.8,351.93,172.73,430.87
88.467,163.13,130.07,239.93
130.07,46.867,173.8,121.53
141.8,394.6,188.73,478.87
105.53,76.733,170.6,171.67
110.87,111.93,170.6,171.67
132.2,170.6,194.07,298.6
114.07,1,210.07,49
110.87,152.47,159.93,307.13
136.47,206.87,198.33,307.13
230.33,169.53,341.27,386.07
218.6,301.8,275.13,511.93
118.33,431.93,170.6,511.93
87.4,244.2,135.4,355.13
137.53,295.4,215.4,377.53
84.2,271.93,124.73,321
117.27,41.533,195.13,121.53
125.8,350.87,181.27,442.6
163.13,415.93,204.73,477.8
62.867,1,107.67,51.133
78.867,390.33,141.8,453.27
289,178.07,341.27,242.07
60.733,275.13,158.87,442.6
146.07,325.27,216.47,462.87
141.8,108.73,206.87,301.8
151.4,298.6,216.47,420.2
83.133,419.13,170.6,501.27
79.933,390.33,141.8,453.27
182.33,345.53,229.27,436.2
14.867,446.87,121.53,511.93
181.27,181.27,229.27,499.13
148.2,291.13,198.33,374.33
120.47,15.933,213.27,143.93
135.4,41.533,201.53,129
1,1,79.933,88.467
105.53,46.867,169.53,166.33
1,1,113,91.667
153.53,1,211.13,41.533
101.27,1,153.53,100.2
4.2,283.67,54.333,333.8
1,125.8,89.533,306.07
70.333,122.6,130.07,185.53
1,213.27,54.333,331.67
136.47,420.2,217.53,511.93
275.13,175.93,341.27,386.07
67.133,78.867,117.27,129
118.33,397.8,196.2,511.93
105.53,46.867,170.6,171.67
79.933,137.53,130.07,248.47
169.53,49,211.13,109.8
52.2,201.53,92.733,291.13
148.2,298.6,216.47,378.6
41.533,28.733,113,90.6
117.27,41.533,211.13,121.53
150.33,201.53,200.47,257
78.867,27.667,140.73,84.2
289,1,341.27,138.6
108.73,76.733,170.6,171.67
126.87,1,213.27,55.4
61.8,78.867,122.6,127.93
1,1,211.13,121.53
111.93,86.333,167.4,170.6
231.4,8.4667,341.27,264.47
52.2,123.67,114.07,236.73
56.467,1,107.67,51.133
1,226.07,54.333,333.8
52.2,122.6,114.07,236.73
110.87,124.73,158.87,166.33
67.133,291.13,134.33,358.33
175.93,313.53,218.6,414.87
284.73,350.87,341.27,402.07
57.533,99.133,136.47,165.27
133.27,1,212.2,94.867
37.267,161,92.733,291.13
148.2,297.53,216.47,377.53
58.6,303.93,116.2,401
67.133,293.27,134.33,360.47
148.2,396.73,206.87,511.93
123.67,292.2,218.6,378.6
126.87,346.6,212.2,511.93
116.2,447.93,169.53,511.93
125.8,103.4,167.4,170.6
130.07,418.07,172.73,500.2
147.13,417,197.27,511.93
280.47,143.93,323.13,184.47
1,24.467,136.47,165.27
143.93,201.53,201.53,265.53
126.87,52.2,185.53,129
105.53,51.133,159.93,166.33
116.2,95.933,163.13,170.6
142.87,1,211.13,68.2
148.2,295.4,216.47,378.6
1,1,117.27,121.53
149.27,119.4,197.27,175.93
78.867,27.667,121.53,68.2
157.8,210.07,201.53,268.73
143.93,165.27,201.53,265.53
147.13,249.53,201.53,299.67
151.4,201.53,200.47,258.07
1,24.467,99.133,127.93
145,165.27,200.47,234.6
120.47,402.07,179.13,477.8
78.867,234.6,119.4,276.2
296.47,350.87,341.27,402.07
43.667,1,140.73,93.8
53.267,79.933,163.13,170.6
149.27,108.73,206.87,164.2
1,108.73,59.667,196.2
43.667,1,107.67,74.6
1,53.267,78.867,121.53
226.07,1,281.53,118.33
105.53,46.867,169.53,98.067
1,123.67,92.733,291.13
127.93,444.73,170.6,500.2
145,161,200.47,242.07
83.133,419.13,139.67,490.6
60.733,275.13,158.87,406.33
182.33,334.87,229.27,436.2
70.333,60.733,134.33,142.87
105.53,46.867,169.53,135.4
148.2,66.067,212.2,174.87
74.6,354.07,138.6,453.27
143.93,108.73,206.87,265.53
157.8,420.2,213.27,487.4
90.6,390.33,133.27,453.27
56.467,1,107.67,45.8
142.87,7.4,214.33,49
41.533,120.47,92.733,230.33
120.47,6.3333,177,52.2
1,53.267,163.13,170.6
142.87,215.4,201.53,280.47
145,170.6,196.2,211.13
130.07,52.2,211.13,131.13
111.93,86.333,163.13,146.07
78.867,267.67,119.4,309.27
74.6,87.4,123.67,142.87
130.07,52.2,211.13,175.93
278.33,248.47,341.27,419.13
156.73,217.53,200.47,264.47
98.067,114.07,163.13,170.6
130.07,52.2,211.13,164.2
25.533,38.333,79.933,88.467
125.8,359.4,173.8,442.6
136.47,119.4,199.4,307.13
1,312.47,129,459.67
145,289,216.47,377.53
70.333,321,118.33,395.67
63.933,271.93,134.33,395.67
1,207.93,42.6,290.07
145,165.27,200.47,239.93
52.2,163.13,92.733,230.33
162.07,52.2,211.13,121.53
163.13,52.2,211.13,109.8
151.4,201.53,201.53,265.53
136.47,41.533,179.13,94.867
67.133,79.933,163.13,170.6
261.27,103.4,341.27,197.27
1,1,52.2,66.067
123.67,371.13,174.87,430.87
37.267,130.07,113,291.13
119.4,114.07,163.13,170.6
147.13,417,190.87,501.27
146.07,1,210.07,41.533
142.87,215.4,218.6,329.53
123.67,292.2,216.47,378.6
63.933,271.93,135.4,395.67
147.13,417,190.87,467.13
28.733,44.733,109.8,88.467
120.47,15.933,211.13,121.53
157.8,210.07,201.53,282.6
70.333,309.27,135.4,395.67
264.47,395.67,341.27,511.93
60.733,289,135.4,395.67
228.2,1,281.53,79.933
148.2,119.4,199.4,199.4
1,58.6,82.067,121.53
1,1,79.933,89.533
157.8,333.8,214.33,511.93
142.87,215.4,201.53,268.73
146.07,1,202.6,41.533
157.8,275.13,218.6,329.53
68.2,297.53,132.2,358.33
275.13,1,341.27,138.6
1,1,52.2,62.867
1,37.267,72.467,104.47
120.47,15.933,213.27,121.53
28.733,44.733,119.4,89.533
162.07,52.2,211.13,131.13
63.933,442.6,142.87,511.93
261.27,102.33,341.27,197.27
14.867,419.13,121.53,511.93
170.6,333.8,214.33,447.93
136.47,172.73,198.33,307.13
222.87,1,341.27,120.47
78.867,9.5333,123.67,55.4
53.267,123.67,114.07,236.73
134.33,1,213.27,55.4
145,161,204.73,242.07
142.87,1,210.07,41.533
78.867,1,123.67,55.4
13.8,443.67,82.067,484.2
1,62.867,54.333,104.47
157.8,210.07,201.53,279.4
25.533,269.8,138.6,453.27
157.8,42.6,211.13,121.53
123.67,290.07,216.47,378.6
83.133,419.13,126.87,474.6
157.8,210.07,202.6,312.47
43.667,1,140.73,92.733
13.8,37.267,72.467,88.467
148.2,298.6,215.4,377.53
78.867,1,158.87,70.333
142.87,1,211.13,81
283.67,249.53,341.27,375.4
105.53,51.133,159.93,98.067
62.867,130.07,107.67,194.07
70.333,122.6,113,185.53
74.6,354.07,129,402.07
63.933,296.47,135.4,395.67
291.13,58.6,341.27,157.8
87.4,86.333,134.33,171.67
98.067,62.867,190.87,170.6
161,210.07,201.53,268.73
17,82.067,78.867,126.87
97,88.467,163.13,170.6
1,75.667,78.867,121.53
130.07,53.267,173.8,121.53
74.6,87.4,136.47,161
275.13,175.93,341.27,264.47
1,440.47,102.33,499.13
78.867,1,140.73,70.333
86.333,313.53,135.4,367.93
111.93,95.933,163.13,170.6
148.2,161,199.4,210.07
149.27,106.6,209,175.93
43.667,24.467,113,92.733
145,161,199.4,210.07
1,53.267,54.333,102.33
123.67,290.07,198.33,376.47
119.4,120.47,163.13,169.53
57.533,131.13,113,241
43.667,1,123.67,92.733
1,119.4,45.8,161
78.867,27.667,134.33,84.2
1,445.8,56.467,511.93
56.467,1,123.67,41.533
43.667,25.533,113,92.733
