1,1,512.58,342.29
1,1,299.54,342.29
1,1,410.69,248.24
333.03,228.29,388.6,310.23
356.54,229,461.99,342.29
1,1,203.35,115.71
1,1,306.66,263.2
1,1,435.62,137.8
186.25,195.51,279.59,238.26
255.36,174.14,401.43,342.29
1,1,306.66,342.29
391.45,1,512.58,342.29
367.23,191.24,459.85,320.2
1,179.12,278.16,342.29
110.73,32.35,199.79,95.05
429.93,1,512.58,342.29
255.36,86.5,304.53,273.18
11.688,1,206.91,46.6
1,179.12,272.46,342.29
297.4,123.55,460.56,342.29
95.05,1,273.18,97.188
256.79,67.975,463.41,342.29
176.28,1,512.58,342.29
1,78.663,299.54,264.62
245.39,1,512.58,342.29
1,1,435.62,264.62
1,1,435.62,158.46
1,1,119.99,242.54
1,118.56,121.41,238.26
338.01,191.24,459.85,320.2
256.79,1,512.58,342.29
1,2.425,51.587,47.312
310.94,70.825,404.99,192.66
1,1,306.66,273.18
198.36,1,512.58,342.29
417.1,274.6,460.56,342.29
447.03,144.93,512.58,319.49
1,1,406.41,342.29
1,18.1,66.55,112.86
20.238,39.475,303.1,248.24
257.5,211.19,439.9,342.29
448.45,1,512.58,312.36
1,167.72,278.16,342.29
272.46,70.112,465.55,253.94
1,1,406.41,240.4
1,1,113.58,242.54
1,179.12,297.4,342.29
1,1,435.62,132.81
1,89.35,285.29,240.4
251.09,1,404.99,62.988
1,118.56,187.68,241.83
389.31,1,512.58,342.29
256.79,230.43,392.88,342.29
1,1,260.35,242.54
257.5,1,512.58,342.29
1,1,259.64,149.91
1,1,287.43,242.54
1,31.637,351.55,240.4
320.91,1,512.58,342.29
1,1,285.29,240.4
1,1,103.6,46.6
385.04,261.78,512.58,342.29
50.875,1,435.62,158.46
355.82,192.66,512.58,342.29
255.36,70.112,463.41,342.29
285.29,143.5,442.04,342.29
387.18,1,512.58,319.49
248.95,86.5,304.53,273.18
398.57,1,512.58,342.29
255.36,72.25,463.41,342.29
393.59,1,512.58,138.51
176.28,1,512.58,146.35
211.9,105.03,288.14,240.4
256.79,74.388,413.54,342.29
198.36,1,407.84,248.95
320.91,1,512.58,146.35
1,112.15,96.475,194.8
1,1,463.41,342.29
373.64,192.66,461.99,318.06
20.238,110.73,122.84,182.69
289.56,153.47,402.14,309.51
1,1,388.6,342.29
44.462,181.26,118.56,231.14
198.36,1,407.84,87.213
1,145.64,43.038,191.24
320.91,1,476.24,106.45
20.238,110.73,243.25,232.56
373.64,176.28,512.58,342.29
292.41,1,512.58,342.29
28.075,124.98,111.44,209.76
17.387,40.9,71.538,89.35
20.238,110.01,251.8,233.28
255.36,70.112,465.55,342.29
402.14,281.73,456.29,342.29
357.25,254.65,439.9,342.29
65.838,121.41,238.26,196.94
20.238,110.73,260.35,240.4
1,1,259.64,249.66
110.01,48.738,351.55,166.3
400.71,1,486.21,193.38
245.39,1,512.58,108.59
308.09,179.84,386.46,309.51
1,2.425,75.812,55.863
320.91,65.125,438.48,112.86
323.05,229,401.43,342.29
296.69,179.12,351.55,248.95
1,31.637,184.11,236.12
211.9,104.31,287.43,240.4
258.21,77.237,398.57,181.97
27.363,1,259.64,149.91
198.36,1,463.41,342.29
367.23,203.35,408.55,313.07
1,75.812,321.62,241.83
457.71,1,504.03,107.88
308.09,179.84,352.26,257.5
271.75,70.825,403.56,231.85
97.9,1,203.35,72.963
266.05,75.812,392.16,248.95
255.36,19.525,512.58,342.29
1,1,406.41,107.88
342.29,162.03,395.73,218.31
428.5,1,512.58,342.29
1,1,285.29,342.29
376.49,191.95,449.16,320.91
24.512,39.475,303.1,248.24
96.475,1,406.41,95.763
382.9,192.66,459.14,320.91
22.375,178.41,121.41,234.7
373.64,19.525,512.58,342.29
96.475,1,410.69,97.9
1,118.56,172,241.83
320.91,1,476.24,134.24
256.08,60.138,417.1,342.29
408.55,1,460.56,106.45
357.96,192.66,459.14,320.91
176.28,1,435.62,97.188
1,118.56,122.12,242.54
400.71,1,512.58,342.29
211.19,105.03,286.71,240.4
1,89.35,156.33,238.26
45.175,20.95,147.78,105.03
113.58,48.738,351.55,166.3
257.5,211.19,461.99,342.29
320.91,70.825,404.28,160.6
261.78,72.963,351.55,116.42
1,1,410.69,242.54
77.237,165.59,258.93,239.69
322.34,281.01,391.45,342.29
1,154.9,47.312,204.06
111.44,1,203.35,72.963
308.09,208.34,362.95,260.35
403.56,246.81,445.6,320.2
255.36,67.975,463.41,342.29
290.99,273.18,393.59,342.29
382.19,243.96,454.86,342.29
429.93,30.213,512.58,342.29
207.62,159.18,249.66,212.61
330.18,60.138,417.1,228.29
261.06,170.58,405.7,342.29
355.11,297.4,398.57,342.29
155.61,58.712,306.66,263.2
297.4,190.53,386.46,233.99
408.55,1,449.16,65.125
448.45,2.425,512.58,312.36
1,110.01,124.26,242.54
408.55,1,457.71,103.6
96.475,1,435.62,95.763
297.4,205.49,400,268.9
1,118.56,187.68,240.4
50.875,109.3,92.2,151.34
38.763,31.637,142.79,172
71.538,43.75,196.94,137.09
257.5,166.3,463.41,342.29
265.34,228.29,388.6,342.29
1,110.73,258.93,249.66
397.15,192.66,449.16,320.91
297.4,152.76,404.99,268.9
211.9,108.59,287.43,240.4
224.72,77.95,306.66,273.18
289.56,143.5,442.04,342.29
400.71,1,504.03,192.66
296.69,70.825,403.56,313.79
33.062,197.65,112.86,241.83
289.56,208.34,380.05,289.56
397.15,192.66,449.16,320.2
72.963,150.62,258.93,240.4
65.838,118.56,238.26,196.94
186.25,197.65,258.21,238.26
417.1,253.94,462.7,342.29
171.29,151.34,249.66,212.61
382.19,192.66,449.16,320.2
53.725,111.44,206.2,155.61
20.238,39.475,338.73,248.24
181.97,71.538,256.79,137.09
65.838,95.763,238.26,196.94
25.225,116.42,94.338,181.26
357.25,254.65,410.69,342.29
1,167.72,281.73,342.29
1,144.93,75.812,227.58
391.45,191.95,449.88,316.64
123.55,62.275,204.06,124.98
1,81.513,258.93,240.4
256.79,230.43,413.54,342.29
80.8,103.6,286.71,240.4
258.21,95.763,308.09,161.31
198.36,1,405.7,72.25
297.4,152.76,460.56,342.29
45.175,20.95,248.24,132.81
227.58,104.31,277.45,210.47
271.04,238.26,389.31,342.29
400.71,72.25,483.36,321.62
1,154.9,97.188,242.54
85.075,43.75,128.54,93.625
255.36,229,401.43,342.29
1,1.7125,48.738,73.675
97.188,1,203.35,95.763
191.95,75.812,299.54,342.29
357.25,229,439.9,342.29
173.43,228.29,388.6,342.29
191.24,223.3,278.16,342.29
97.9,1,199.08,48.025
261.06,70.825,405.7,342.29
1,2.425,84.362,107.88
308.09,72.25,392.16,147.78
20.238,110.01,253.94,233.28
398.57,1,498.32,199.08
1,179.12,191.95,250.38
1,1,112.15,115.71
97.9,1,406.41,95.05
95.05,1,435.62,97.188
1,118.56,124.26,242.54
122.12,1,259.64,93.625
187.68,1,259.64,87.213
179.12,141.36,236.84,186.96
355.82,192.66,459.14,320.91
227.58,77.95,306.66,273.18
272.46,75.812,321.62,189.81
248.95,77.95,463.41,342.29
292.41,123.55,460.56,342.29
1,179.12,270.32,342.29
110.73,1,406.41,95.05
113.58,48.738,351.55,149.2
273.18,67.975,404.28,203.35
290.28,152.76,395.73,223.3
215.46,107.16,259.64,199.08
271.75,75.812,319.49,231.85
400.71,30.213,512.58,342.29
1,118.56,172,241.11
266.76,230.43,342.29,333.74
308.8,97.188,397.15,176.28
1,154.9,121.41,238.26
300.96,70.825,404.99,192.66
392.88,193.38,442.04,318.06
1,1,259.64,196.94
258.21,74.388,398.57,181.97
256.08,70.825,405.7,342.29
272.46,72.25,395.73,223.3
1,167.72,276.74,342.29
385.04,268.9,434.2,342.29
189.1,147.78,241.83,201.21
289.56,174.14,392.88,310.94
1,162.03,112.15,240.4
1,145.64,55.15,194.8
52.3,1,266.05,238.97
433.49,273.18,512.58,342.29
397.15,192.66,449.16,317.35
211.9,108.59,259.64,206.2
1,1,435.62,243.25
382.19,161.31,463.41,320.2
64.412,148.49,129.25,198.36
1,108.59,261.78,241.11
65.838,121.41,238.26,180.55
1,108.59,97.188,184.83
27.363,1,139.22,149.91
1,45.175,73.675,110.73
179.12,141.36,236.84,192.66
65.838,108.59,287.43,240.4
1,1,102.89,94.338
111.44,1,192.66,46.6
67.263,31.637,128.54,93.625
65.125,181.97,131.39,232.56
211.9,105.03,286.71,240.4
125.69,35.913,202.64,85.075
62.275,37.337,109.3,106.45
211.9,107.16,259.64,199.08
112.15,1,169.15,46.6
38.763,31.637,95.763,85.788
263.91,75.812,319.49,231.85
403.56,166.3,463.41,324.48
308.09,248.24,394.3,342.29
191.95,224.72,299.54,342.29
227.58,86.5,304.53,273.18
447.03,289.56,512.58,342.29
296.69,179.12,392.16,314.5
296.69,70.825,404.99,314.5
211.9,105.03,287.43,240.4
1,1,102.89,116.42
417.81,1,498.32,195.51
198.36,1,407.84,314.5
447.03,288.85,512.58,335.88
422.8,161.31,463.41,300.96
1,1,199.08,115.71
1,75.812,321.62,243.25
47.312,81.513,258.93,171.29
50.875,39.475,168.44,158.46
409.26,192.66,461.99,282.44
77.95,179.12,258.93,240.4
1,118.56,116.42,240.4
408.55,1,476.24,106.45
289.56,154.19,402.14,309.51
48.025,26.65,112.15,111.44
447.74,90.062,489.06,273.18
65.838,77.95,306.66,273.18
52.3,150.62,242.54,238.97
52.3,201.21,287.43,241.83
289.56,188.39,384.32,289.56
362.95,146.35,408.55,318.78
256.08,30.213,512.58,342.29
1,145.64,43.038,190.53
391.45,189.81,460.56,316.64
455.57,2.425,504.74,240.4
1,179.12,258.93,258.21
261.78,75.812,321.62,189.81
1,40.9,77.237,115.71
50.875,55.863,130.68,150.62
262.49,174.14,304.53,273.18
263.91,75.812,338.73,231.85
97.9,1,410.69,97.9
1,4.5625,48.738,73.675
355.82,1,512.58,342.29
398.57,70.112,466.26,199.08
28.788,26.65,112.15,150.62
116.42,48.738,256.79,124.98
447.03,19.525,512.58,319.49
448.45,256.08,512.58,312.36
261.78,72.25,392.16,189.81
161.31,117.14,241.83,201.21
48.025,24.512,113.58,111.44
255.36,144.93,401.43,342.29
459.14,1,512.58,112.86
299.54,1,410.69,58
117.14,62.275,224.01,143.5
296.69,153.47,398.57,313.79
371.5,70.112,465.55,253.94
18.1,112.86,96.475,194.8
261.78,75.812,320.2,178.41
1,1,102.89,115.71
227.58,86.5,306.66,273.18
266.76,231.85,323.76,337.3
296.69,179.12,392.88,313.79
1,129.25,105.74,215.46
256.79,128.54,413.54,342.29
412.82,192.66,461.28,342.29
1,144.21,46.6,190.53
1,154.9,87.925,242.54
105.03,180.55,251.8,221.16
400.71,1,476.24,192.66
1,115.71,124.26,242.54
355.82,162.03,512.58,342.29
310.23,243.25,415.68,342.29
421.38,1,512.58,146.35
1,1,112.15,62.275
189.1,115,229.71,166.3
27.363,37.337,109.3,119.28
447.03,256.08,495.48,319.49
257.5,231.85,421.38,342.29
273.18,67.975,404.28,160.6
1,179.12,276.74,342.29
1,1,106.45,46.6
27.363,18.1,112.15,119.28
290.28,143.5,395.73,223.3
176.28,1,406.41,86.5
433.49,1,512.58,342.29
400.71,1,461.99,112.86
257.5,211.19,451.3,342.29
1,179.12,284.57,342.29
50.875,31.637,193.38,132.81
335.16,228.29,382.19,281.01
1,144.21,58,196.22
11.688,1,105.03,46.6
289.56,178.41,386.46,333.03
90.775,81.513,138.51,132.1
50.875,82.938,248.24,132.81
270.32,1,397.86,58
1,117.14,119.99,242.54
248.95,1,393.59,55.15
437.05,176.28,490.49,320.2
231.14,76.525,306.66,263.2
1,193.38,388.6,342.29
308.09,190.53,384.32,310.94
323.76,162.03,395.73,218.31
1,118.56,122.12,233.99
95.05,1,406.41,97.188
1,179.12,53.013,226.86
242.54,178.41,286.71,240.4
402.85,106.45,462.7,321.62
1,1,266.05,242.54
448.45,80.8,512.58,312.36
459.14,1,512.58,224.01
255.36,231.85,327.32,342.29
385.04,1,435.62,83.65
447.03,273.18,512.58,320.2
289.56,176.99,363.66,224.01
1,1,259.64,242.54
209.76,104.31,285.29,238.97
308.09,162.03,395.73,309.51
1,21.663,42.325,86.5
255.36,143.5,463.41,342.29
50.875,37.337,168.44,158.46
22.375,178.41,65.125,219.03
64.412,140.65,184.11,200.5
1,129.25,118.56,231.14
376.49,192.66,449.16,320.91
80.8,103.6,264.62,239.69
64.412,39.475,114.29,107.16
300.96,152.76,398.57,209.76
1,144.93,43.75,187.68
215.46,115,259.64,199.08
27.363,1,259.64,196.94
397.86,193.38,445.6,320.2
289.56,153.47,402.14,313.79
1,154.9,97.188,236.12
400.71,1,475.53,112.86
24.512,39.475,256.79,137.09
255.36,85.788,303.1,248.24
1,129.25,122.12,233.99
163.45,115,229.71,166.3
305.95,174.14,397.86,221.16
308.8,70.825,403.56,176.28
117.14,1,259.64,143.5
1,21.663,67.975,88.638
429.93,255.36,512.58,342.29
373.64,192.66,512.58,342.29
257.5,70.825,461.99,342.29
367.23,203.35,408.55,318.78
297.4,152.76,454.86,342.29
1,3.85,77.237,88.638
1,31.637,142.79,236.12
315.21,92.2,369.36,147.78
110.73,1,255.36,95.05
271.75,75.812,386.46,231.85
381.48,217.6,454.86,342.29
447.03,43.75,512.58,319.49
259.64,1,407.12,60.138
64.412,162.03,242.54,238.97
77.237,158.46,243.25,232.56
1,129.25,166.3,236.84
173.43,115,229.71,166.3
296.69,152.76,398.57,314.5
1,1,109.3,242.54
238.26,1,404.99,62.988
22.375,178.41,121.41,238.26
1,119.28,119.99,242.54
125.69,11.688,202.64,85.075
62.275,18.1,109.3,106.45
1,31.637,286.71,240.4
408.55,1,460.56,94.338
442.04,1,498.32,108.59
187.68,58.712,256.79,107.88
231.14,105.03,286.71,240.4
1,1,206.91,107.88
231.14,76.525,304.53,248.24
255.36,231.85,335.88,342.29
70.112,18.1,112.15,65.125
211.9,108.59,279.59,221.88
248.95,77.95,304.53,273.18
400.71,72.25,462.7,321.62
71.538,1,259.64,137.09
1,1,113.58,116.42
1,194.09,271.04,342.29
264.62,128.54,395.73,309.51
216.89,72.25,351.55,149.2
27.363,18.1,109.3,119.28
27.363,1,259.64,157.75
405.7,1,476.24,106.45
231.14,105.03,276.74,209.76
355.82,191.95,512.58,342.29
400.71,1,504.03,193.38
1,152.05,87.925,242.54
65.838,121.41,231.85,169.86
102.17,1,272.46,95.763
382.9,192.66,448.45,273.89
308.09,72.25,391.45,147.78
1,1,259.64,155.61
51.587,103.6,112.15,149.91
77.95,179.12,249.66,236.12
241.11,81.513,297.4,233.99
129.25,48.738,256.79,119.28
77.95,179.12,249.66,224.01
189.1,142.08,236.84,186.96
52.3,85.788,303.1,248.24
319.49,70.825,404.99,192.66
93.625,109.3,165.59,158.46
193.38,77.95,306.66,273.18
310.23,243.25,403.56,342.29
1,118.56,52.3,169.15
257.5,237.55,393.59,342.29
270.32,1,405.7,58
252.51,13.825,400.71,62.988
1,129.25,166.3,233.99
455.57,2.425,512.58,240.4
382.19,217.6,454.86,342.29
1,1,272.46,106.45
1,11.688,71.538,112.86
198.36,1,248.24,67.975
241.11,75.812,321.62,241.83
176.28,13.825,276.74,97.188
296.69,179.12,386.46,224.01
193.38,1,406.41,86.5
77.95,104.31,285.29,240.4
417.81,90.775,465.55,195.51
362.95,184.83,408.55,318.78
1,1,272.46,132.81
82.938,1,266.05,170.58
1,116.42,94.338,191.24
250.38,78.663,298.82,221.88
266.76,231.85,335.88,337.3
16.675,127.83,59.425,168.44
289.56,143.5,399.29,333.03
24.512,39.475,256.79,194.09
52.3,127.83,167.01,169.86
418.53,86.5,461.99,191.24
389.31,1,504.03,193.38
256.79,153.47,463.41,342.29
245.39,1,435.62,90.062
392.88,193.38,439.9,318.06
325.19,179.12,386.46,224.01
211.9,108.59,257.5,195.51
400.71,1,460.56,192.66
1,3.85,67.975,88.638
187.68,58.712,256.79,117.85
308.09,174.14,384.32,310.94
285.29,143.5,463.41,342.29
77.237,179.84,204.06,232.56
257.5,237.55,434.2,342.29
278.16,238.97,328.75,313.79
339.44,273.18,393.59,330.89
400.71,72.25,458.43,192.66
318.78,80.088,391.45,146.35
296.69,180.55,402.14,309.51
352.98,96.475,398.57,146.35
407.84,90.062,461.28,192.66
251.8,1,405.7,62.275
305.95,170.58,397.86,221.16
97.188,1,199.08,59.425
296.69,219.03,352.98,309.51
25.225,116.42,251.8,233.28
169.15,115,229.71,166.3
1,11.688,48.738,58
206.91,104.31,285.29,238.97
11.688,1,206.91,95.763
51.587,39.475,256.79,137.09
224.72,1,272.46,82.938
97.9,1,406.41,97.9
1,108.59,184.11,236.12
80.8,103.6,242.54,211.19
1,152.05,121.41,238.26
367.23,229.71,408.55,298.82
171.29,151.34,249.66,224.72
191.95,1,241.83,92.2
161.31,132.1,241.83,201.21
155.61,58.712,287.43,241.83
95.05,1,203.35,95.763
355.82,192.66,459.14,324.48
397.15,193.38,442.04,260.35
272.46,77.95,320.2,178.41
266.05,291.7,327.32,342.29
308.8,75.812,368.65,147.78
335.16,228.29,388.6,296.69
50.875,36.625,351.55,158.46
271.04,228.29,352.26,329.46
321.62,112.86,398.57,176.28
96.475,1,203.35,95.763
356.54,229,439.9,342.29
391.45,105.74,469.11,316.64
296.69,179.12,392.88,224.01
176.28,13.825,320.91,97.188
400.71,72.25,458.43,193.38
1,87.213,109.3,215.46
271.04,245.39,349.41,342.29
38.763,31.637,95.763,72.963
391.45,1,504.03,316.64
183.4,58.712,287.43,241.83
270.32,1,405.7,51.587
400.71,90.775,465.55,253.94
1,97.9,70.112,147.06
469.11,80.8,512.58,288.14
225.44,75.812,298.82,240.4
256.79,164.88,463.41,342.29
1,2.425,71.538,106.45
319.49,123.55,400.71,204.78
281.01,265.34,330.89,317.35
77.95,179.12,153.47,224.01
102.89,1,203.35,72.963
252.51,13.825,307.38,62.988
60.138,188.39,121.41,233.99
238.26,1,404.99,53.725
1,3.85,42.325,86.5
8.125,66.55,73.675,111.44
22.375,186.25,70.112,236.12
45.175,31.637,193.38,132.81
102.17,10.975,151.34,67.975
187.68,1,406.41,86.5
1,154.9,258.93,249.66
310.23,243.25,442.04,342.29
1,55.863,73.675,111.44
1,1,102.89,46.6
1,1,190.53,46.6
144.21,1,259.64,137.09
1,193.38,270.32,342.29
320.2,60.138,417.1,228.29
111.44,1,199.08,44.462
346.56,271.75,402.14,342.29
48.025,26.65,112.15,149.91
346.56,254.65,413.54,342.29
281.01,245.39,330.89,330.89
1,2.425,75.812,107.88
238.26,1,404.99,74.388
87.213,32.35,206.2,155.61
236.12,75.812,298.82,240.4
447.03,289.56,496.19,342.29
216.89,72.25,266.76,149.2
124.98,62.275,204.06,124.98
241.11,81.513,295.26,231.14
246.1,78.663,298.82,221.88
188.39,223.3,278.16,342.29
373.64,193.38,442.04,318.06
193.38,1,255.36,85.075
77.95,179.12,249.66,227.58
28.788,26.65,112.15,149.91
299.54,17.387,405.7,58
1,89.35,121.41,238.26
17.387,147.06,96.475,205.49
170.58,108.59,287.43,240.4
77.95,172.71,258.93,240.4
407.12,1,449.16,82.938
35.2,37.337,109.3,112.15
318.78,60.138,417.1,228.29
397.15,192.66,449.16,260.35
144.93,36.625,351.55,146.35
1,16.675,42.325,91.487
1,118.56,121.41,233.99
50.163,1,139.22,149.91
169.86,91.487,248.24,144.93
263.91,76.525,304.53,155.61
1,151.34,116.42,232.56
400.71,72.25,454.15,193.38
173.43,141.36,241.83,201.21
320.2,143.5,395.73,216.18
246.1,78.663,298.82,240.4
1,108.59,255.36,236.12
397.86,191.24,459.85,320.2
1,1.7125,41.613,55.863
297.4,152.76,400,268.9
28.075,121.41,184.11,236.12
264.62,128.54,338.73,231.14
252.51,13.825,308.09,62.988
193.38,48.738,248.24,107.16
402.85,106.45,462.7,271.75
300.96,71.538,392.16,149.2
1,112.15,119.99,242.54
411.4,1,460.56,106.45
3.85,24.512,113.58,150.62
50.875,39.475,130.68,150.62
1,18.1,58.712,75.1
245.39,1,406.41,87.213
1,152.05,75.812,226.86
1,89.35,120.7,194.8
315.21,269.61,392.88,342.29
77.237,158.46,232.56,232.56
33.062,127.83,111.44,209.76
415.68,1,460.56,94.338
382.19,243.96,454.86,338.73
25.225,116.42,131.39,232.56
1,154.9,113.58,236.12
428.5,162.03,480.51,342.29
322.34,152.76,398.57,219.03
172.71,1,241.83,92.2
144.93,36.625,250.38,146.35
77.237,181.97,243.25,232.56
93.625,103.6,210.47,168.44
1,24.512,113.58,116.42
418.53,85.075,469.11,193.38
92.913,81.513,258.93,171.29
266.05,70.825,404.99,248.95
77.237,181.97,138.51,232.56
310.94,73.675,390.74,149.2
1,135.66,46.6,190.53
251.8,1,394.3,62.275
256.79,230.43,395.73,342.29
416.39,191.24,459.85,287.43
61.562,31.637,193.38,132.81
402.14,281.73,512.58,342.29
77.95,115,258.93,240.4
1,118.56,62.275,162.74
252.51,13.825,392.88,62.988
97.188,1,139.22,59.425
455.57,1,512.58,104.31
77.95,161.31,258.93,240.4
1,1.7125,41.613,56.575
306.66,228.29,352.26,314.5
281.01,228.29,352.26,330.89
1,9.55,193.38,132.81
3.85,24.512,113.58,164.88
1,81.513,258.93,184.83
3.85,24.512,113.58,157.04
52.3,18.1,109.3,106.45
323.05,281.01,401.43,342.29
267.48,237.55,340.86,340.86
428.5,176.99,480.51,342.29
193.38,1,255.36,90.775
289.56,174.14,384.32,310.94
196.94,78.663,299.54,264.62
61.562,39.475,130.68,110.01
1,60.138,66.55,106.45
402.85,106.45,462.7,258.93
329.46,179.12,392.88,281.01
199.79,157.04,241.83,201.21
110.73,32.35,203.35,95.05
1,179.12,77.95,242.54
224.72,1,273.18,97.188
371.5,70.112,414.96,199.08
1,179.12,69.4,242.54
211.19,104.31,285.29,238.97
290.28,156.33,375.06,223.3
310.23,269.61,403.56,342.29
418.53,86.5,466.98,193.38
65.838,121.41,238.26,193.38
1,108.59,113.58,236.12
418.53,90.775,461.99,191.24
193.38,48.738,256.79,119.28
119.99,1,259.64,93.625
102.17,10.975,202.64,85.075
255.36,77.95,304.53,248.24
172.71,1,272.46,82.938
224.72,104.31,285.29,238.97
186.25,197.65,251.8,238.26
22.375,178.41,96.475,234.7
308.09,298.11,349.41,342.29
111.44,1,168.44,46.6
266.05,75.812,382.9,231.85
271.04,231.85,421.38,342.29
214.75,105.03,286.71,240.4
17.387,147.06,77.237,194.8
11.688,105.74,70.112,147.06
308.09,215.46,352.26,257.5
65.838,121.41,224.01,169.86
265.34,228.29,352.26,342.29
341.57,299.54,394.3,342.29
256.79,230.43,437.76,342.29
272.46,72.25,392.16,189.81
297.4,217.6,388.6,313.79
251.8,1,304.53,62.275
50.875,109.3,120.7,151.34
321.62,79.375,398.57,146.35
257.5,282.44,328.04,342.29
52.3,127.83,238.97,194.09
1,139.94,65.838,196.22
447.03,265.34,512.58,319.49
64.412,150.62,242.54,238.97
1,108.59,96.475,194.8
309.51,70.825,403.56,149.2
193.38,1,255.36,91.487
429.93,273.18,512.58,342.29
1,1,190.53,106.45
418.53,85.075,466.98,193.38
391.45,191.95,445.6,316.64
308.09,190.53,384.32,260.35
318.78,96.475,365.09,144.21
198.36,1,304.53,72.25
129.25,36.625,351.55,146.35
387.18,70.112,463.41,261.78
67.263,20.95,119.28,93.625
250.38,75.812,298.82,240.4
468.4,1,512.58,106.45
238.26,1,406.41,87.213
1,116.42,95.05,191.24
87.213,32.35,204.06,149.2
322.34,152.76,398.57,209.76
51.587,73.675,155.61,132.81
215.46,111.44,259.64,199.08
69.4,13.113,142.08,80.088
197.65,1,248.95,72.25
99.325,115,213.33,170.58
67.263,20.95,147.78,105.03
241.11,81.513,297.4,241.83
282.44,274.6,330.89,317.35
442.04,1,504.03,108.59
187.68,1,300.96,86.5
211.19,75.812,321.62,241.83
245.39,1,407.12,90.062
48.025,31.637,90.062,111.44
412.82,192.66,512.58,342.29
1,16.675,61.562,91.487
238.26,1,406.41,80.8
264.62,128.54,338.73,241.11
1,154.9,184.83,249.66
257.5,273.18,393.59,342.29
82.938,32.35,232.56,169.86
100.75,87.213,193.38,132.81
216.89,72.25,265.34,113.58
256.79,254.65,413.54,342.29
1,119.28,118.56,231.14
308.09,217.6,454.86,342.29
173.43,241.11,281.73,342.29
144.93,36.625,250.38,119.28
405.7,1,460.56,94.338
1,139.94,58,196.22
261.06,228.29,391.45,342.29
121.41,52.3,199.79,95.05
297.4,181.97,386.46,233.99
310.94,71.538,392.16,149.2
308.8,75.812,383.61,147.78
251.09,86.5,304.53,273.18
1,9.55,71.538,112.86
211.9,105.74,259.64,199.08
459.14,19.525,512.58,224.01
1,1,102.89,88.638
382.9,1,434.2,81.513
1,24.512,113.58,111.44
5.275,137.8,51.587,188.39
105.03,151.34,264.62,239.69
50.875,82.938,109.3,132.1
186.25,195.51,287.43,241.83
1,1,106.45,94.338
177.7,115,229.71,166.3
257.5,211.19,434.2,342.29
84.362,121.41,224.01,169.86
289.56,178.41,384.32,289.56
186.96,1,266.05,85.075
1,60.138,73.675,116.42
394.3,300.96,437.76,342.29
27.363,37.337,119.99,157.75
319.49,79.375,398.57,146.35
432.78,30.213,512.58,342.29
309.51,70.825,403.56,154.9
1,167.72,184.83,249.66
95.05,1,162.74,41.613
82.225,115,242.54,208.34
97.9,1,144.21,48.025
251.09,76.525,304.53,248.24
97.188,1,139.22,61.562
1,152.05,67.263,219.03
271.04,238.26,392.88,342.29
113.58,118.56,210.47,172
102.89,1,175.56,45.888
308.09,162.03,395.73,219.74
309.51,71.538,392.16,147.78
387.18,43.75,512.58,319.49
1,151.34,116.42,240.4
342.29,162.03,395.73,203.35
82.938,32.35,232.56,170.58
261.78,75.812,321.62,191.95
367.23,203.35,408.55,298.82
315.21,269.61,371.5,342.29
82.938,142.08,223.3,190.53
400.71,72.25,471.25,321.62
71.538,43.75,256.79,137.09
1,144.21,62.275,201.21
251.09,85.788,303.1,248.24
23.8,110.73,122.84,182.69
52.3,127.83,236.12,179.84
172.71,1,273.18,97.188
87.213,32.35,206.2,149.2
296.69,154.19,402.14,309.51
308.09,72.25,391.45,146.35
50.875,109.3,96.475,151.34
459.14,19.525,512.58,288.14
349.41,179.12,392.88,231.14
126.4,1,206.91,45.888
61.562,82.938,193.38,132.81
100.75,87.213,248.24,132.81
348.7,248.24,389.31,300.96
52.3,127.83,223.3,169.86
466.26,43.75,512.58,128.54
125.69,35.913,203.35,95.763
318.78,80.088,391.45,147.78
50.163,43.75,139.22,149.91
1,58,73.675,111.44
320.2,143.5,399.29,203.35
429.93,288.85,512.58,342.29
1,4.5625,48.738,58
1,145.64,87.925,242.54
52.3,127.83,232.56,169.86
259.64,1,405.7,51.587
323.05,297.4,378.62,342.29
50.875,109.3,154.19,151.34
64.412,148.49,184.11,236.12
271.04,231.85,392.88,342.29
261.06,195.51,405.7,342.29
1,40.9,77.237,111.44
1,89.35,120.7,151.34
102.17,10.975,203.35,95.763
296.69,174.14,398.57,313.79
219.74,105.03,273.18,199.08
261.06,248.24,391.45,342.29
172.71,1,238.26,80.088
1,154.9,70.112,236.12
186.96,1,255.36,91.487
111.44,1,198.36,46.6
80.8,142.08,242.54,211.19
78.663,181.97,131.39,232.56
296.69,162.03,402.14,309.51
369.36,1,435.62,83.65
1,11.688,67.263,112.86
353.69,1,405.7,53.725
461.99,43.75,512.58,178.41
259.64,1,404.28,58
149.91,1,207.62,50.875
289.56,178.41,386.46,296.69
77.237,181.97,258.93,239.69
417.81,86.5,465.55,195.51
77.237,142.08,243.25,232.56
64.412,39.475,106.45,107.16
64.412,39.475,106.45,92.2
263.91,77.95,304.53,143.5
51.587,84.362,102.89,132.81
186.25,58.712,287.43,241.83
462.7,1,512.58,71.538
75.1,118.56,255.36,234.7
320.2,143.5,399.29,257.5
1,2.425,51.587,106.45
37.337,161.31,113.58,231.85
273.89,230.43,328.75,313.79
310.23,297.4,378.62,342.29
198.36,1,249.66,72.25
300.96,156.33,375.06,216.89
1,131.39,96.475,205.49
1,8.8375,42.325,73.675
400.71,1,461.99,192.66
447.03,288.85,512.58,342.29
1,151.34,81.513,232.56
282.44,265.34,330.89,317.35
113.58,48.738,256.79,124.98
400.71,65.125,444.18,112.86
306.66,228.29,388.6,313.79
122.12,62.275,207.62,132.81
342.29,176.28,397.86,221.16
448.45,265.34,512.58,312.36
278.16,238.97,331.6,333.74
61.562,62.275,193.38,132.81
1,60.138,73.675,110.73
308.8,75.812,353.69,147.78
52.3,127.83,130.68,169.86
1,193.38,271.75,342.29
191.95,1,238.26,79.375
266.05,230.43,342.29,333.74
318.78,80.088,390.74,146.35
416.39,90.775,461.28,192.66
50.163,65.125,112.15,111.44
459.85,1,512.58,145.64
187.68,58.712,256.79,137.09
297.4,210.47,400,268.9
290.28,175.56,338.01,223.3
1,2.425,75.812,106.45
1,2.425,51.587,60.85
55.863,148.49,111.44,209.76
402.85,107.88,462.7,258.93
251.09,1,323.05,62.988
181.97,1,259.64,137.09
115.71,58.712,256.79,124.98
428.5,176.99,470.54,342.29
259.64,1,338.73,58
263.91,76.525,304.53,195.51
250.38,75.812,298.82,221.88
1,18.1,67.263,112.86
289.56,190.53,384.32,289.56
1,131.39,97.188,194.8
50.163,43.75,138.51,149.91
64.412,181.97,242.54,238.97
1,119.28,119.99,231.85
73.675,181.97,131.39,232.56
191.24,241.83,272.46,342.29
77.95,179.12,249.66,240.4
289.56,178.41,392.88,333.03
64.412,39.475,106.45,99.325
447.74,112.86,489.06,273.18
405.7,189.81,460.56,316.64
1,139.94,65.838,186.96
308.09,298.11,394.3,342.29
405.7,1,512.58,108.59
1,1,109.3,215.46
271.04,241.11,313.79,314.5
50.875,55.863,142.79,172
278.16,238.97,331.6,328.75
77.237,181.97,258.93,235.41
50.875,109.3,129.25,151.34
142.08,1,266.05,85.075
112.15,1,167.72,43.75
142.08,1,207.62,50.875
323.76,255.36,364.38,310.94
198.36,1,263.2,72.25
336.59,229,386.46,330.89
61.562,82.938,130.68,132.1
296.69,179.12,392.16,248.95
421.38,1,476.24,146.35
400.71,72.25,462.7,193.38
97.188,1,151.34,67.975
124.98,87.213,193.38,132.81
326.61,229.71,386.46,309.51
1,162.03,70.112,236.12
83.65,142.08,224.01,189.1
206.2,159.18,249.66,224.72
290.28,157.04,338.01,223.3
23.8,110.73,224.01,189.1
402.85,106.45,462.7,314.5
214.75,105.03,282.44,226.15
278.16,228.29,352.26,329.46
64.412,39.475,130.68,107.16
50.163,112.15,119.99,157.75
1,193.38,281.73,342.29
1,146.35,44.462,191.95
1,154.9,87.925,236.12
350.84,75.1,391.45,146.35
176.28,36.625,238.26,95.763
322.34,248.24,391.45,342.29
357.25,254.65,426.36,342.29
355.11,281.01,401.43,342.29
245.39,23.8,406.41,83.65
382.9,192.66,448.45,320.91
64.412,181.97,208.34,238.97
50.875,55.863,130.68,112.86
271.04,238.26,349.41,342.29
51.587,73.675,126.4,132.81
61.562,82.938,109.3,132.1
69.4,13.113,203.35,95.763
1,139.94,43.75,183.4
407.12,1,461.99,138.51
3.85,56.575,67.975,106.45
400.71,90.062,463.41,261.78
71.538,13.113,142.08,71.538
260.35,5.9875,338.73,58
28.788,24.512,113.58,150.62
323.05,300.96,378.62,342.29
278.16,247.53,330.89,329.46
369.36,1,422.09,67.263
325.19,179.12,374.35,224.01
238.26,1,335.16,53.013
296.69,180.55,399.29,309.51
400.71,72.25,442.04,192.66
296.69,179.12,402.14,309.51
82.225,161.31,242.54,208.34
297.4,195.51,405.7,288.14
17.387,146.35,97.188,194.8
407.84,90.775,461.99,195.51
407.84,1,449.16,83.65
459.14,1,512.58,108.59
344.43,241.11,386.46,330.89
66.55,18.1,107.16,80.8
62.275,65.125,109.3,106.45
349.41,179.12,392.88,228.29
1,144.21,45.888,187.68
1,145.64,46.6,190.53
322.34,152.76,398.57,203.35
28.075,121.41,111.44,209.76
209.76,195.51,268.19,236.84
266.76,296.69,308.09,337.3
289.56,208.34,380.05,260.35
80.8,162.03,251.8,221.16
99.325,118.56,206.2,170.58
407.84,1,449.16,65.125
347.28,144.93,399.29,203.35
466.26,19.525,512.58,127.83
191.24,54.438,238.26,95.763
404.99,192.66,448.45,268.9
64.412,39.475,130.68,110.01
1,135.66,46.6,188.39
459.85,10.975,512.58,145.64
397.86,193.38,441.32,259.64
461.99,81.513,512.58,178.41
64.412,148.49,184.11,200.5
245.39,41.613,406.41,87.213
1,2.425,41.613,60.85
187.68,58.712,229,107.16
335.16,281.01,391.45,342.29
113.58,131.39,204.06,172
362.95,70.825,404.99,192.66
400.71,90.775,461.99,197.65
403.56,256.79,454.86,324.48
335.16,281.01,377.2,342.29
122.12,36.625,203.35,95.763
1,20.95,66.55,94.338
172.71,1,214.04,80.088
109.3,38.763,203.35,95.763
1,152.05,65.125,219.03
23.088,172.71,113.58,231.85
1,2.425,55.863,73.675
264.62,128.54,309.51,231.14
3.85,62.988,45.888,105.03
87.213,32.35,169.15,149.2
199.79,149.2,241.83,201.21
47.312,109.3,154.19,151.34
267.48,237.55,313.79,327.32
125.69,18.812,203.35,72.963
219.03,1,268.9,53.013
407.84,1,476.24,106.45
272.46,75.812,313.07,161.31
448.45,264.62,498.32,312.36
187.68,58.712,259.64,199.08
75.1,118.56,210.47,172
187.68,58.712,242.54,107.88
1,154.9,89.35,238.26
1,109.3,120.7,151.34
1,16.675,66.55,106.45
281.01,245.39,349.41,342.29
28.075,112.86,96.475,194.8
248.95,1,335.88,55.15
296.69,179.12,352.26,314.5
315.21,269.61,376.49,342.29
92.913,91.487,249.66,171.29
393.59,1,461.99,138.51
305.95,174.14,398.57,243.25
289.56,179.84,347.28,224.01
33.062,127.83,89.35,194.8
256.79,230.43,331.6,337.3
382.9,192.66,448.45,315.93
193.38,1,237.55,81.513
50.875,39.475,168.44,150.62
90.775,13.113,142.08,71.538
203.35,159.18,249.66,212.61
1,87.213,109.3,127.83
64.412,140.65,129.25,198.36
417.81,90.775,461.99,195.51
82.938,162.03,246.81,233.28
124.98,81.513,202.64,132.81
258.21,77.95,320.2,181.97
266.76,231.85,323.76,331.6
1,131.39,121.41,233.99
71.538,43.75,139.22,137.09
308.09,183.4,352.26,257.5
1,152.05,43.038,196.94
176.28,36.625,250.38,119.28
211.19,105.03,266.76,184.11
25.225,116.42,251.8,232.56
448.45,234.7,512.58,312.36
82.938,162.03,246.81,221.16
272.46,75.812,321.62,180.55
266.76,232.56,323.76,331.6
11.688,1,112.15,62.275
191.24,223.3,277.45,342.29
71.538,43.75,138.51,137.09
238.26,1,404.28,53.013
1,21.663,42.325,65.838
1,118.56,45.888,169.15
416.39,84.362,466.26,194.8
267.48,241.11,313.79,327.32
1,112.15,48.025,187.68
1,1,67.975,106.45
67.263,31.637,128.54,103.6
102.17,10.975,151.34,80.088
198.36,1,272.46,82.938
408.55,1,461.99,103.6
76.525,20.95,119.28,93.625
271.04,241.11,313.79,323.05
169.86,91.487,249.66,144.93
48.025,43.038,112.15,111.44
1,60.138,66.55,112.86
1,1,67.975,107.88
255.36,76.525,304.53,248.24
1,87.213,109.3,191.24
271.75,77.95,320.2,178.41
393.59,1,434.2,82.225
1,144.21,43.75,187.68
77.95,179.12,153.47,236.12
416.39,84.362,461.28,194.8
93.625,109.3,205.49,158.46
296.69,179.12,338.01,222.59
80.8,102.17,128.54,150.62
252.51,13.825,300.96,62.988
325.19,179.12,392.88,224.01
112.15,1,203.35,72.963
283.86,248.24,391.45,342.29
59.425,188.39,113.58,231.85
80.8,162.03,236.12,202.64
34.488,151.34,116.42,231.85
282.44,274.6,330.89,329.46
34.488,151.34,113.58,231.85
266.76,232.56,323.76,337.3
238.26,1,400.71,53.725
51.587,39.475,155.61,132.81
90.775,32.35,169.15,149.2
320.91,180.55,399.29,235.41
1,60.138,45.888,102.89
314.5,77.237,398.57,176.28
346.56,297.4,395.73,342.29
417.81,107.16,461.99,195.51
199.79,1,248.24,67.975
264.62,128.54,325.9,231.14
187.68,1,268.9,86.5
48.025,55.15,112.15,111.44
255.36,77.95,304.53,176.28
352.98,112.86,398.57,160.6
308.09,180.55,399.29,235.41
1,129.25,80.088,191.24
309.51,71.538,392.16,147.06
1,129.25,80.088,195.51
256.79,231.85,331.6,337.3
1,115,97.188,184.83
1,131.39,48.025,187.68
23.088,172.71,81.513,232.56
400.71,192.66,448.45,268.9
96.475,1,206.91,45.888
256.79,266.05,308.8,337.3
77.95,179.12,235.41,224.01
186.25,195.51,262.49,238.26
448.45,265.34,498.32,312.36
112.15,1,199.08,46.6
95.05,1,190.53,41.613
275.31,127.83,320.2,181.97
61.562,82.938,107.88,132.1
50.875,93.625,96.475,150.62
271.04,1,404.99,58
193.38,1,252.51,86.5
271.04,228.29,388.6,329.46
40.188,132.1,89.35,194.8
266.76,230.43,331.6,333.74
193.38,48.738,256.79,107.16
22.375,172.71,113.58,236.12
289.56,208.34,362.95,260.35
1,20.95,72.25,94.338
231.14,131.39,276.74,209.76
409.26,1,461.99,138.51
293.12,298.11,340.86,340.86
193.38,1,266.05,85.075
52.3,121.41,96.475,181.26
320.91,180.55,382.9,226.86
397.15,192.66,442.04,256.79
112.15,1,193.38,46.6
273.18,232.56,323.76,316.64
274.6,115,320.2,178.41
407.84,90.062,463.41,261.78
75.1,118.56,246.81,233.28
275.31,77.95,320.2,181.97
193.38,1,252.51,82.938
266.76,265.34,308.09,331.6
51.587,39.475,256.79,132.81
97.188,1,139.22,52.3
466.26,10.975,512.58,127.83
183.4,58.712,256.79,107.88
3.85,40.9,71.538,105.03
272.46,78.663,321.62,180.55
187.68,58.712,238.97,107.16
160.6,103.6,210.47,146.35
402.85,147.06,447.03,258.93
1,21.663,42.325,73.675
1,11.688,41.613,60.85
306.66,228.29,352.26,313.79
90.775,32.35,141.36,149.2
117.14,103.6,210.47,168.44
68.688,173.43,131.39,232.56
238.26,1,289.56,53.725
397.15,192.66,449.16,258.21
75.1,118.56,249.66,233.28
1,60.138,66.55,102.89
278.16,238.97,328.75,328.75
183.4,58.712,229,107.16
306.66,228.29,372.93,313.79
82.938,162.03,242.54,211.19
272.46,78.663,320.2,178.41
1,189.1,272.46,342.29
102.89,1,167.72,45.888
261.06,291.7,327.32,342.29
400.71,235.41,444.18,317.35
52.3,112.86,96.475,181.26
334.45,228.29,388.6,296.69
64.412,181.97,131.39,232.56
263.91,78.663,304.53,143.5
1,56.575,67.975,106.45
199.79,1,268.9,86.5
263.91,77.95,304.53,155.61
312.36,78.663,390.74,147.06
187.68,1,237.55,81.513
28.075,121.41,89.35,194.8
319.49,79.375,398.57,176.28
447.03,273.18,495.48,319.49
1,21.663,42.325,91.487
183.4,151.34,249.66,224.72
346.56,271.75,397.86,342.29
278.16,231.85,331.6,333.74
90.775,81.513,138.51,149.2
193.38,1,235.41,60.85
416.39,84.362,458.43,192.66
193.38,1,236.84,70.112
1,145.64,45.175,193.38
90.775,43.75,138.51,149.2
219.74,105.03,282.44,226.15
1,2.425,55.863,55.863
273.89,230.43,320.91,310.94
271.04,1,398.57,58
211.19,105.03,270.32,184.11
50.875,55.863,109.3,112.86
312.36,78.663,391.45,147.78
278.16,238.97,331.6,331.6
320.91,112.86,398.57,160.6
96.475,1,160.6,41.613
242.54,179.84,286.71,240.4
249.66,1,335.16,53.013
3.85,56.575,65.838,106.45
448.45,256.08,498.32,312.36
275.31,139.94,319.49,181.97
112.15,1,169.15,43.75
352.98,112.86,398.57,161.31
107.16,190.53,206.2,233.28
1,2.425,67.975,106.45
199.79,1,252.51,86.5
308.09,227.58,352.98,309.51
447.03,273.18,512.58,319.49
37.337,161.31,96.475,205.49
1,189.1,191.95,250.38
1,8.8375,42.325,60.138
1,135.66,48.025,187.68
321.62,79.375,385.04,128.54
151.34,1,206.91,45.888
273.89,257.5,320.91,310.94
455.57,2.425,504.74,180.55
229,105.03,273.18,199.08
