1,1,301.8,511.93
111.93,1,246.33,264.47
1,232.47,84.2,511.93
257,55.4,301.8,458.6
1,1,174.87,511.93
114.07,139.67,178.07,300.73
82.067,228.2,238.87,511.93
62.867,1,301.8,511.93
162.07,1,301.8,511.93
111.93,1,301.8,511.93
83.133,1,301.8,511.93
111.93,1,190.87,309.27
235.67,49,294.33,175.93
1,1,190.87,511.93
1,1,229.27,511.93
169.53,1,301.8,511.93
180.2,220.73,301.8,511.93
132.2,148.2,183.4,254.87
194.07,360.47,242.07,424.47
131.13,1,246.33,264.47
218.6,180.2,301.8,511.93
111.93,1,246.33,270.87
162.07,271.93,285.8,511.93
130.07,280.47,173.8,511.93
1,1,156.73,511.93
173.8,1,301.8,452.2
82.067,1,301.8,511.93
217.53,363.67,301.8,511.93
196.2,47.933,283.67,220.73
230.33,55.4,301.8,458.6
124.73,1,301.8,511.93
1,196.2,229.27,511.93
1,1,151.4,511.93
61.8,1,149.27,233.53
166.33,1,258.07,227.13
105.53,1,301.8,511.93
183.4,314.6,301.8,511.93
162.07,1,301.8,227.13
82.067,228.2,174.87,489.53
125.8,275.13,238.87,511.93
1,1,74.6,92.733
218.6,363.67,301.8,511.93
248.47,340.2,292.2,451.13
123.67,1,190.87,306.07
137.53,1,217.53,411.67
1,198.33,150.33,511.93
1,99.133,42.6,262.33
183.4,1,235.67,182.33
1,1,148.2,253.8
205.8,319.93,295.4,511.93
111.93,1,238.87,511.93
137.53,1,301.8,474.6
235.67,49,294.33,436.2
1,1,190.87,325.27
248.47,437.27,301.8,482.07
63.933,1,149.27,180.2
181.27,220.73,301.8,511.93
62.867,1,245.27,511.93
83.133,1,190.87,325.27
50.067,1,149.27,278.33
1,228.2,174.87,511.93
225,1,301.8,106.6
1,99.133,229.27,511.93
123.67,408.47,165.27,511.93
124.73,152.47,183.4,284.73
205.8,123.67,271.93,441.53
173.8,1,301.8,441.53
1,1,149.27,278.33
206.87,101.27,301.8,458.6
125.8,148.2,238.87,511.93
171.67,340.2,212.2,434.07
137.53,1,301.8,511.93
183.4,197.27,232.47,392.47
105.53,277.27,216.47,498.07
162.07,134.33,301.8,511.93
137.53,111.93,249.53,335.93
1,194.07,151.4,511.93
132.2,1,178.07,146.07
162.07,157.8,271.93,424.47
123.67,340.2,301.8,511.93
1,1,74.6,165.27
164.2,355.13,207.93,428.73
124.73,118.33,238.87,303.93
196.2,1,301.8,220.73
137.53,1,301.8,452.2
235.67,1,301.8,82.067
230.33,55.4,301.8,168.47
137.53,1,301.8,335.93
83.133,1,238.87,511.93
130.07,278.33,173.8,511.93
162.07,271.93,236.73,495.93
106.6,1,159.93,236.73
1,99.133,41.533,245.27
129,157.8,223.93,354.07
183.4,123.67,271.93,441.53
111.93,71.4,159.93,236.73
131.13,1,178.07,231.4
196.2,1,301.8,168.47
183.4,297.53,232.47,392.47
131.13,1,178.07,146.07
105.53,277.27,301.8,511.93
130.07,268.73,238.87,511.93
194.07,180.2,301.8,474.6
14.867,210.07,62.867,285.8
1,1,149.27,460.73
1,360.47,151.4,511.93
1,1,149.27,232.47
131.13,1,178.07,228.2
164.2,1,301.8,511.93
83.133,231.4,158.87,325.27
62.867,1,238.87,511.93
111.93,1,175.93,235.67
246.33,62.867,301.8,460.73
182.33,1,301.8,331.67
184.47,1,301.8,460.73
170.6,49,295.4,287.93
174.87,324.2,245.27,511.93
129,243.13,193,331.67
171.67,79.933,213.27,186.6
66.067,1,229.27,511.93
215.4,49,301.8,460.73
1,397.8,42.6,483.13
169.53,1,254.87,216.47
137.53,110.87,184.47,269.8
184.47,1,301.8,335.93
165.27,131.13,217.53,236.73
215.4,49,294.33,436.2
1,1,92.733,215.4
162.07,1,254.87,394.6
124.73,1,301.8,395.67
82.067,1,254.87,511.93
247.4,61.8,294.33,436.2
137.53,1,301.8,346.6
1,1,126.87,253.8
66.067,204.73,187.67,489.53
23.4,58.6,117.27,253.8
235.67,49,301.8,460.73
124.73,118.33,238.87,360.47
1,171.67,156.73,511.93
9.5333,278.33,110.87,403.13
1,1,126.87,243.13
180.2,189.8,301.8,511.93
130.07,316.73,173.8,511.93
106.6,1,254.87,360.47
233.53,49,301.8,460.73
182.33,65,231.4,190.87
162.07,157.8,234.6,392.47
1,1,126.87,269.8
179.13,91.667,221.8,199.4
123.67,340.2,238.87,511.93
83.133,1,183.4,305
140.73,337,229.27,511.93
191.93,1,234.6,115.13
1,99.133,174.87,511.93
1,1,148.2,233.53
218.6,236.73,301.8,511.93
248.47,55.4,301.8,463.93
162.07,1,205.8,220.73
164.2,131.13,217.53,411.67
180.2,325.27,245.27,511.93
131.13,280.47,172.73,511.93
111.93,1,246.33,269.8
243.13,15.933,301.8,452.2
226.07,454.33,282.6,511.93
114.07,237.8,162.07,300.73
248.47,377.53,292.2,451.13
63.933,1,148.2,184.47
246.33,71.4,301.8,460.73
62.867,228.2,174.87,511.93
162.07,1,301.8,460.73
1,232.47,41.533,462.87
84.2,228.2,238.87,511.93
9.5333,269.8,94.867,409.53
132.2,153.53,183.4,284.73
222.87,47.933,283.67,120.47
1,99.133,84.2,511.93
241,1,301.8,52.2
123.67,356.2,239.93,511.93
1,99.133,88.467,511.93
59.667,1,149.27,223.93
5.2667,58.6,117.27,403.13
183.4,159.93,243.13,392.47
70.333,173.8,113,217.53
243.13,55.4,297.53,421.27
6.3333,397.8,50.067,484.2
137.53,111.93,236.73,251.67
9.5333,325.27,94.867,409.53
123.67,356.2,172.73,511.93
164.2,1,301.8,452.2
106.6,1,173.8,236.73
5.2667,58.6,117.27,406.33
259.13,263.4,301.8,460.73
131.13,268.73,229.27,476.73
189.8,1,243.13,93.8
164.2,164.2,217.53,411.67
60.733,1,149.27,180.2
83.133,113,167.4,305
168.47,1,255.93,209
123.67,351.93,172.73,511.93
165.27,131.13,217.53,411.67
218.6,363.67,295.4,511.93
11.667,277.27,150.33,511.93
173.8,1,262.33,209
183.4,314.6,295.4,511.93
162.07,110.87,245.27,307.13
173.8,1,301.8,209
169.53,1,301.8,460.73
124.73,118.33,238.87,307.13
246.33,62.867,292.2,454.33
1,210.07,88.467,511.93
181.27,274.07,301.8,511.93
1,345.53,156.73,511.93
114.07,143.93,178.07,300.73
123.67,1,187.67,306.07
106.6,1,149.27,233.53
1,60.733,55.4,149.27
247.4,236.73,301.8,474.6
83.133,196.2,158.87,325.27
50.067,19.133,132.2,278.33
1,250.6,41.533,355.13
168.47,19.133,255.93,209
225,411.67,301.8,511.93
23.4,58.6,113,253.8
125.8,266.6,212.2,442.6
1,439.4,88.467,511.93
1,1,126.87,324.2
168.47,1,254.87,186.6
9.5333,269.8,110.87,422.33
130.07,280.47,172.73,511.93
6.3333,222.87,94.867,460.73
169.53,1,295.4,287.93
123.67,1,183.4,286.87
173.8,1,246.33,209
1,198.33,88.467,351.93
31.933,367.93,151.4,511.93
166.33,1,278.33,227.13
1,115.13,41.533,198.33
66.067,106.6,113,243.13
1,1,126.87,318.87
206.87,130.07,271.93,388.2
56.467,1,148.2,253.8
162.07,110.87,245.27,360.47
168.47,420.2,239.93,511.93
162.07,1,234.6,227.13
162.07,157.8,301.8,511.93
132.2,121.53,183.4,254.87
58.6,385,156.73,511.93
24.467,106.6,111.93,382.87
14.867,198.33,73.533,285.8
82.067,228.2,174.87,389.27
1,232.47,50.067,511.93
9.5333,303.93,94.867,409.53
184.47,1,301.8,331.67
131.13,268.73,174.87,389.27
223.93,47.933,283.67,106.6
1,99.133,50.067,318.87
183.4,297.53,229.27,389.27
1,171.67,150.33,443.67
131.13,275.13,216.47,511.93
131.13,1,175.93,205.8
183.4,165.27,232.47,392.47
247.4,236.73,301.8,482.07
226.07,47.933,283.67,99.133
18.067,361.53,94.867,409.53
164.2,267.67,209,411.67
156.73,265.53,238.87,511.93
257,1,301.8,47.933
215.4,110.87,271.93,388.2
61.8,223.93,150.33,327.4
1,232.47,150.33,511.93
125.8,157.8,238.87,511.93
180.2,325.27,236.73,495.93
235.67,49,295.4,449
106.6,1,254.87,236.73
168.47,110.87,215.4,209
9.5333,125.8,111.93,409.53
131.13,268.73,238.87,511.93
61.8,199.4,150.33,443.67
1,1,41.533,81
170.6,179.13,216.47,411.67
89.533,277.27,130.07,489.53
1,168.47,65,483.13
181.27,134.33,301.8,511.93
84.2,228.2,212.2,489.53
106.6,1,149.27,223.93
230.33,130.07,271.93,388.2
137.53,1,204.73,269.8
114.07,139.67,190.87,309.27
83.133,207.93,190.87,325.27
196.2,1,243.13,94.867
130.07,1,183.4,284.73
66.067,204.73,229.27,511.93
223.93,340.2,301.8,511.93
1,194.07,110.87,483.13
189.8,1,234.6,93.8
154.6,337,228.2,511.93
130.07,278.33,173.8,415.93
82.067,228.2,157.8,305
130.07,1,173.8,223.93
173.8,105.53,249.53,212.2
1,99.133,41.533,198.33
173.8,311.4,218.6,434.07
218.6,410.6,295.4,511.93
196.2,105.53,249.53,167.4
24.467,202.6,110.87,382.87
24.467,194.07,110.87,382.87
123.67,340.2,216.47,511.93
231.4,469.27,285.8,511.93
196.2,1,243.13,81
24.467,105.53,111.93,382.87
1,168.47,130.07,489.53
1,232.47,50.067,507.67
248.47,365.8,301.8,474.6
183.4,314.6,229.27,389.27
157.8,268.73,216.47,433
183.4,314.6,232.47,392.47
232.47,62.867,301.8,460.73
183.4,314.6,230.33,392.47
106.6,1,167.4,233.53
1,168.47,151.4,511.93
173.8,1,301.8,212.2
1,226.07,55.4,470.33
181.27,86.333,301.8,511.93
1,358.33,151.4,511.93
1,345.53,50.067,511.93
1,145,41.533,198.33
1,46.867,108.73,409.53
84.2,1,238.87,511.93
131.13,1,178.07,235.67
137.53,110.87,184.47,264.47
168.47,1,236.73,180.2
174.87,324.2,236.73,495.93
131.13,275.13,212.2,442.6
130.07,278.33,199.4,498.07
61.8,223.93,150.33,443.67
1,198.33,110.87,422.33
235.67,49,282.6,125.8
123.67,356.2,165.27,511.93
162.07,1,205.8,227.13
1,226.07,55.4,362.6
137.53,110.87,186.6,264.47
137.53,19.133,246.33,264.47
205.8,147.13,271.93,441.53
130.07,278.33,216.47,498.07
131.13,275.13,177,511.93
131.13,280.47,173.8,511.93
164.2,340.2,216.47,511.93
1,1,149.27,409.53
223.93,401,295.4,511.93
207.93,1,254.87,109.8
61.8,196.2,229.27,511.93
168.47,421.27,216.47,511.93
1,439.4,151.4,511.93
225,340.2,301.8,463.93
5.2667,58.6,151.4,511.93
168.47,1,254.87,180.2
206.87,1,255.93,120.47
23.4,171.67,72.467,316.73
218.6,314.6,295.4,511.93
183.4,1,243.13,182.33
179.13,463.93,220.73,511.93
83.133,231.4,157.8,325.27
257,55.4,297.53,421.27
1,1,95.933,238.87
162.07,110.87,245.27,394.6
124.73,1,218.6,348.73
165.27,19.133,246.33,227.13
1,99.133,41.533,483.13
137.53,1,271.93,335.93
124.73,1,295.4,395.67
203.67,49,295.4,395.67
23.4,198.33,110.87,408.47
180.2,325.27,220.73,443.67
173.8,1,301.8,313.53
203.67,49,295.4,156.73
25.533,78.867,113,386.07
1,168.47,110.87,483.13
206.87,19.133,255.93,120.47
246.33,71.4,292.2,454.33
14.867,222.87,62.867,345.53
223.93,1,301.8,106.6
132.2,108.73,175.93,237.8
35.133,360.47,151.4,511.93
83.133,207.93,188.73,325.27
158.87,355.13,199.4,460.73
83.133,196.2,229.27,511.93
87.4,228.2,155.67,489.53
35.133,360.47,110.87,511.93
248.47,340.2,301.8,463.93
111.93,173.8,153.53,236.73
62.867,228.2,174.87,489.53
106.6,1,175.93,236.73
1,1,149.27,238.87
171.67,324.2,212.2,434.07
203.67,49,280.47,156.73
236.73,55.4,282.6,99.133
1,350.87,150.33,511.93
9.5333,1,65,91.667
158.87,376.47,215.4,476.73
247.4,371.13,290.07,474.6
14.867,403.13,87.4,511.93
1,1,63.933,91.667
1,226.07,94.867,483.13
83.133,231.4,171.67,325.27
1,46.867,55.4,162.07
171.67,421.27,238.87,511.93
131.13,268.73,215.4,476.73
168.47,1,254.87,199.4
130.07,278.33,173.8,498.07
171.67,421.27,229.27,511.93
63.933,106.6,111.93,253.8
124.73,152.47,183.4,299.67
1,1,108.73,184.47
23.4,125.8,111.93,408.47
63.933,1,149.27,232.47
14.867,222.87,62.867,335.93
4.2,1,95.933,238.87
171.67,1,254.87,186.6
168.47,420.2,228.2,511.93
29.8,277.27,110.87,386.07
169.53,157.8,217.53,321
193,1,234.6,115.13
196.2,47.933,283.67,167.4
162.07,110.87,245.27,303.93
230.33,73.533,271.93,168.47
194.07,225,271.93,424.47
194.07,225,301.8,474.6
18.067,361.53,91.667,409.53
1,226.07,65,483.13
83.133,196.2,188.73,511.93
106.6,2.0667,149.27,233.53
1,232.47,41.533,351.93
203.67,1,301.8,120.47
194.07,269.8,248.47,424.47
243.13,55.4,286.87,143.93
168.47,1,234.6,213.27
1,1,148.2,511.93
35.133,361.53,91.667,404.2
131.13,275.13,238.87,511.93
171.67,1,243.13,186.6
29.8,313.53,94.867,386.07
226.07,113,271.93,397.8
169.53,157.8,234.6,392.47
140.73,268.73,229.27,511.93
1,1,89.533,187.67
161,293.27,212.2,434.07
131.13,1,178.07,205.8
19.133,71.4,108.73,229.27
83.133,231.4,149.27,365.8
173.8,297.53,229.27,389.27
1,258.07,110.87,409.53
158.87,381.8,215.4,460.73
87.4,228.2,157.8,305
205.8,269.8,246.33,441.53
1,422.33,84.2,511.93
150.33,337,229.27,511.93
248.47,371.13,290.07,474.6
1,232.47,43.667,511.93
19.133,71.4,95.933,229.27
56.467,135.4,113,217.53
164.2,369,238.87,511.93
188.73,421.27,229.27,511.93
124.73,152.47,181.27,284.73
87.4,228.2,155.67,305
206.87,1,301.8,120.47
130.07,1,238.87,511.93
168.47,421.27,216.47,479.93
11.667,381.8,150.33,511.93
63.933,1,148.2,233.53
27.667,269.8,110.87,382.87
137.53,111.93,249.53,251.67
61.8,1,126.87,243.13
246.33,242.07,301.8,460.73
1,46.867,113,409.53
154.6,337,199.4,460.73
173.8,19.133,246.33,209
131.13,1,175.93,118.33
9.5333,313.53,94.867,409.53
167.4,355.13,216.47,511.93
50.067,125.8,111.93,261.27
24.467,202.6,72.467,278.33
6.3333,337,94.867,460.73
223.93,363.67,295.4,511.93
28.733,204.73,110.87,378.6
1,277.27,43.667,469.27
1,1,89.533,149.27
158.87,378.6,228.2,511.93
218.6,1,301.8,119.4
257,55.4,297.53,311.4
248.47,381.8,301.8,463.93
14.867,198.33,88.467,337
225,47.933,271.93,106.6
25.533,188.73,110.87,389.27
170.6,118.33,238.87,287.93
133.27,291.13,212.2,442.6
1,1,65,92.733
157.8,268.73,218.6,434.07
131.13,275.13,177,471.4
171.67,454.33,229.27,511.93
1,1,55.4,162.07
137.53,111.93,271.93,335.93
247.4,365.8,290.07,474.6
1,171.67,110.87,409.53
1,232.47,41.533,507.67
28.733,204.73,70.333,278.33
158.87,355.13,228.2,511.93
218.6,1,301.8,116.2
83.133,231.4,150.33,327.4
83.133,228.2,157.8,305
10.6,83.133,52.2,157.8
58.6,385,151.4,511.93
1,1,63.933,92.733
173.8,47.933,283.67,212.2
1,345.53,94.867,511.93
156.73,265.53,212.2,434.07
59.667,1,132.2,223.93
9.5333,358.33,60.733,407.4
225,22.333,271.93,106.6
1,99.133,50.067,315.67
188.73,441.53,229.27,511.93
257,74.6,297.53,311.4
168.47,427.67,216.47,477.8
10.6,71.4,95.933,229.27
61.8,1,126.87,115.13
29.8,269.8,110.87,408.47
172.73,79.933,213.27,182.33
248.47,236.73,301.8,474.6
206.87,1,254.87,104.47
50.067,125.8,111.93,278.33
9.5333,303.93,60.733,407.4
183.4,306.07,229.27,389.27
174.87,185.53,233.53,335.93
130.07,1,175.93,237.8
23.4,181.27,72.467,222.87
168.47,83.133,215.4,213.27
129,219.67,193,331.67
114.07,217.53,187.67,309.27
169.53,111.93,236.73,223.93
1,232.47,43.667,507.67
168.47,427.67,216.47,479.93
124.73,1,218.6,331.67
111.93,406.33,156.73,489.53
1,393.53,42.6,469.27
132.2,181.27,181.27,284.73
1,252.73,41.533,351.93
132.2,152.47,181.27,284.73
164.2,369,216.47,511.93
133.27,291.13,177,429.8
106.6,1,149.27,234.6
182.33,1,254.87,190.87
9.5333,202.6,94.867,409.53
184.47,1,301.8,196.2
6.3333,381.8,69.267,463.93
168.47,425.53,216.47,511.93
59.667,1,126.87,253.8
154.6,337,229.27,511.93
18.067,367.93,65,409.53
166.33,1,255.93,227.13
132.2,125.8,173.8,237.8
196.2,60.733,270.87,168.47
130.07,278.33,173.8,431.93
69.267,78.867,113,217.53
1,294.33,56.467,422.33
1,46.867,72.467,165.27
164.2,369,216.47,493.8
206.87,1,278.33,120.47
195.13,1,243.13,63.933
106.6,1,183.4,286.87
165.27,1,205.8,188.73
158.87,381.8,215.4,450.07
154.6,329.53,215.4,476.73
230.33,55.4,289,168.47
111.93,377.53,156.73,489.53
169.53,1,232.47,216.47
1,1,75.667,162.07
168.47,423.4,216.47,477.8
188.73,458.6,229.27,511.93
206.87,1,258.07,120.47
9.5333,1,75.667,94.867
66.067,204.73,173.8,489.53
166.33,369,238.87,511.93
1,46.867,108.73,229.27
168.47,421.27,216.47,486.33
175.93,329.53,218.6,434.07
126.87,268.73,174.87,389.27
173.8,105.53,234.6,212.2
158.87,378.6,199.4,460.73
131.13,1,178.07,77.8
174.87,178.07,217.53,321
1,232.47,88.467,511.93
25.533,188.73,110.87,378.6
83.133,196.2,188.73,325.27
248.47,371.13,301.8,474.6
66.067,204.73,173.8,365.8
132.2,351.93,172.73,511.93
61.8,203.67,109.8,257
39.4,81,89.533,149.27
87.4,228.2,212.2,489.53
189.8,105.53,234.6,193
63.933,173.8,111.93,253.8
1,232.47,43.667,469.27
97,403.13,156.73,489.53
140.73,337,215.4,511.93
232.47,49,280.47,114.07
225,314.6,277.27,436.2
207.93,19.133,255.93,120.47
130.07,1,173.8,209
1,303.93,56.467,422.33
21.267,367.93,69.267,409.53
216.47,49,295.4,130.07
1,226.07,56.467,422.33
29.8,313.53,94.867,389.27
1,1,95.933,229.27
169.53,166.33,217.53,223.93
133.27,298.6,177,429.8
168.47,420.2,229.27,511.93
56.467,130.07,131.13,253.8
6.3333,337,94.867,483.13
169.53,157.8,217.53,346.6
79.933,441.53,151.4,511.93
168.47,369,220.73,511.93
35.133,360.47,110.87,457.53
196.2,60.733,239.93,153.53
131.13,275.13,177,429.8
196.2,111.93,249.53,167.4
165.27,1,205.8,180.2
25.533,188.73,67.133,257
223.93,47.933,271.93,91.667
164.2,294.33,216.47,433
114.07,210.07,178.07,300.73
9.5333,210.07,94.867,409.53
168.47,446.87,209,511.93
111.93,1,175.93,118.33
28.733,204.73,110.87,386.07
9.5333,58.6,117.27,403.13
5.2667,83.133,70.333,198.33
56.467,135.4,113,253.8
63.933,1,136.47,233.53
232.47,49,295.4,114.07
169.53,157.8,217.53,223.93
1,171.67,72.467,316.73
223.93,47.933,275.13,91.667
166.33,369,220.73,511.93
133.27,291.13,207.93,442.6
14.867,403.13,88.467,511.93
59.667,1,126.87,121.53
44.733,277.27,110.87,378.6
158.87,381.8,215.4,476.73
223.93,47.933,275.13,106.6
137.53,110.87,182.33,264.47
196.2,105.53,267.67,168.47
123.67,1,183.4,254.87
168.47,421.27,216.47,500.2
29.8,279.4,110.87,386.07
9.5333,325.27,94.867,422.33
1,273,94.867,409.53
114.07,217.53,187.67,306.07
183.4,1,232.47,182.33
168.47,425.53,216.47,493.8
154.6,337,215.4,511.93
1,252.73,55.4,351.93
133.27,291.13,177,442.6
1,439.4,84.2,511.93
235.67,49,282.6,107.67
168.47,83.133,215.4,209
9.5333,236.73,110.87,403.13
171.67,355.13,212.2,434.07
1,46.867,55.4,149.27
124.73,154.6,218.6,331.67
66.067,28.733,129,184.47
1,232.47,41.533,439.4
168.47,421.27,216.47,477.8
123.67,121.53,183.4,254.87
19.133,81,89.533,187.67
9.5333,207.93,110.87,403.13
131.13,273,173.8,371.13
132.2,1,178.07,77.8
162.07,118.33,238.87,303.93
9.5333,303.93,82.067,398.87
137.53,210.07,178.07,251.67
222.87,60.733,270.87,120.47
105.53,277.27,156.73,489.53
23.4,198.33,73.533,278.33
203.67,49,295.4,202.6
216.47,49,280.47,130.07
9.5333,358.33,81,407.4
1,59.667,55.4,162.07
158.87,355.13,215.4,476.73
170.6,425.53,216.47,493.8
164.2,386.07,216.47,493.8
5.2667,87.4,70.333,198.33
137.53,119.4,186.6,251.67
168.47,380.73,216.47,511.93
66.067,28.733,129,135.4
196.2,111.93,236.73,167.4
1,367.93,65,483.13
131.13,30.867,175.93,163.13
14.867,403.13,94.867,511.93
6.3333,381.8,88.467,511.93
67.133,59.667,111.93,175.93
60.733,258.07,109.8,350.87
44.733,258.07,110.87,403.13
10.6,90.6,52.2,157.8
21.267,1,89.533,149.27
131.13,268.73,174.87,371.13
170.6,154.6,218.6,331.67
234.6,49,283.67,106.6
236.73,49,283.67,106.6
196.2,85.267,249.53,167.4
187.67,321,232.47,392.47
63.933,1,120.47,95.933
79.933,403.13,151.4,511.93
131.13,1,178.07,222.87
170.6,118.33,238.87,236.73
1,273,56.467,373.27
9.5333,358.33,110.87,457.53
248.47,381.8,292.2,451.13
225,363.67,266.6,425.53
132.2,353,172.73,511.93
63.933,1,148.2,46.867
61.8,78.867,113,257
83.133,231.4,173.8,365.8
5.2667,87.4,70.333,187.67
63.933,1,120.47,106.6
111.93,19.133,153.53,84.2
83.133,243.13,150.33,327.4
83.133,231.4,136.47,327.4
127.93,210.07,178.07,300.73
138.6,154.6,218.6,331.67
138.6,243.13,193,331.67
67.133,59.667,111.93,184.47
23.4,171.67,72.467,222.87
76.733,51.133,129,135.4
66.067,231.4,173.8,365.8
167.4,369,216.47,511.93
6.3333,381.8,87.4,511.93
87.4,228.2,131.13,305
25.533,188.73,110.87,386.07
8.4667,171.67,72.467,316.73
1,46.867,52.2,162.07
131.13,1,175.93,164.2
168.47,369,216.47,511.93
5.2667,83.133,52.2,162.07
248.47,401,301.8,474.6
61.8,1,126.87,121.53
23.4,58.6,113,222.87
8.4667,295.4,56.467,373.27
170.6,154.6,218.6,236.73
63.933,203.67,110.87,253.8
1,232.47,41.533,355.13
191.93,1,232.47,115.13
131.13,30.867,175.93,118.33
25.533,204.73,70.333,278.33
9.5333,349.8,82.067,398.87
106.6,1,148.2,46.867
168.47,393.53,215.4,460.73
29.8,277.27,110.87,378.6
83.133,243.13,131.13,327.4
236.73,49,283.67,99.133
69.267,78.867,111.93,175.93
23.4,59.667,113,222.87
66.067,173.8,113,243.13
1,397.8,42.6,469.27
9.5333,349.8,82.067,409.53
23.4,135.4,113,222.87
158.87,369,215.4,511.93
131.13,1,175.93,196.2
1,422.33,50.067,507.67
79.933,453.27,151.4,511.93
21.267,69.267,89.533,149.27
1,273,41.533,355.13
1,46.867,44.733,92.733
131.13,1,175.93,163.13
44.733,279.4,110.87,378.6
158.87,369,215.4,476.73
25.533,204.73,70.333,316.73
29.8,313.53,94.867,375.4
7.4,381.8,69.267,460.73
7.4,381.8,69.267,454.33
66.067,28.733,120.47,95.933
19.133,87.4,70.333,187.67
158.87,369,215.4,450.07
44.733,278.33,110.87,403.13
