1,1,512.58,342.29
1,1,495.48,342.29
21.663,109.3,81.513,264.62
419.24,1,512.58,342.29
45.175,1,304.53,236.12
1,1,198.36,342.29
1,215.46,288.14,342.29
336.59,87.213,486.21,169.86
1,1,494.05,342.29
121.41,97.9,245.39,148.49
144.93,1,460.56,105.03
1,1,70.825,342.29
75.812,13.825,350.12,82.938
1,206.91,493.34,342.29
17.387,20.238,198.36,342.29
34.488,1,460.56,170.58
45.175,1,304.53,133.53
20.238,214.04,495.48,342.29
170.58,159.18,440.61,243.25
117.85,127.83,253.22,181.97
376.49,1,512.58,342.29
1,1,304.53,342.29
1,1,484.07,342.29
127.11,100.75,245.39,148.49
1,206.2,484.07,342.29
1,1,124.98,342.29
1,1,493.34,342.29
160.6,159.18,440.61,243.25
80.8,214.04,454.15,342.29
85.788,206.91,494.05,342.29
449.88,1,512.58,342.29
75.812,1,455.57,103.6
407.84,10.263,477.66,309.51
1,1,129.96,284.57
90.062,1,462.7,111.44
60.138,1,512.58,161.31
253.22,95.05,335.16,162.03
25.938,1,432.78,181.97
77.95,209.76,495.48,342.29
272.46,1,512.58,342.29
99.325,148.49,159.18,215.46
1,1,183.4,342.29
115.71,201.21,440.61,281.73
1,1,461.99,284.57
26.65,20.238,129.96,238.97
416.39,1,512.58,342.29
1,1,512.58,312.36
78.663,1,350.84,82.938
209.05,82.938,432.78,166.3
100.04,129.96,317.35,240.4
17.387,221.88,122.84,342.29
110.73,49.45,512.58,342.29
28.788,1,460.56,166.3
45.175,93.625,159.18,312.36
167.72,22.375,303.81,83.65
236.84,1,512.58,342.29
16.675,1,77.237,107.88
340.86,124.26,498.32,318.06
28.788,1,495.48,342.29
289.56,86.5,367.94,159.18
101.46,159.18,442.75,241.83
1,1,451.3,335.88
115.71,209.76,320.91,303.81
429.21,1,512.58,342.29
20.238,215.46,259.64,342.29
1,1,247.53,342.29
173.43,70.825,432.78,167.72
310.94,296.69,468.4,342.29
61.562,221.88,122.84,264.62
140.65,1,512.58,342.29
1,233.99,467.69,342.29
1,1,246.1,284.57
1,49.45,512.58,342.29
80.8,214.04,495.48,342.29
121.41,82.938,440.61,166.3
1,1,66.55,342.29
75.812,2.425,350.12,82.938
209.76,14.537,454.86,105.74
80.8,209.05,495.48,342.29
278.88,55.863,453.44,103.6
25.938,1,318.78,181.97
212.61,83.65,439.9,241.83
1,238.97,81.513,342.29
238.97,13.825,338.01,76.525
27.363,1,451.3,101.46
110.73,79.375,452.73,281.73
1,68.688,72.25,211.19
100.04,77.95,440.61,244.68
28.788,1,434.2,167.72
43.038,185.54,88.638,265.34
349.41,298.11,467.69,342.29
1,1,85.788,342.29
1,102.89,70.825,272.46
346.56,295.26,495.48,342.29
346.56,293.84,494.05,342.29
247.53,97.188,296.69,162.03
442.04,15.963,512.58,115.71
1,209.05,288.14,342.29
17.387,18.812,147.06,342.29
99.325,80.8,303.81,236.12
286.71,162.03,442.04,221.88
1,1,306.66,342.29
62.275,91.487,124.98,264.62
215.46,228.29,336.59,309.51
25.938,1,495.48,342.29
140.65,1,465.55,105.74
407.84,1,512.58,342.29
110.73,145.64,440.61,281.73
261.78,73.675,486.21,169.86
80.8,209.76,495.48,342.29
34.488,1,434.91,170.58
414.96,293.12,484.07,342.29
100.04,232.56,205.49,312.36
99.325,148.49,306.66,233.99
353.69,1,461.28,52.3
18.812,238.97,62.988,328.04
144.93,13.825,454.15,105.03
1,1,183.4,312.36
272.46,1,489.78,169.15
202.64,235.41,467.69,342.29
100.04,215.46,205.49,312.36
100.04,129.96,351.55,240.4
340.86,124.26,498.32,316.64
65.125,68.688,439.9,241.83
1,107.16,66.55,342.29
94.338,1,325.9,70.112
174.14,151.34,442.75,248.95
168.44,23.8,278.88,82.938
56.575,8.8375,107.88,74.388
391.45,49.45,512.58,342.29
20.238,248.95,113.58,342.29
34.488,1,464.84,328.04
110.73,82.938,452.73,281.73
105.03,225.44,231.85,282.44
124.98,18.1,219.74,71.538
451.3,1,512.58,282.44
270.32,14.537,447.03,101.46
80.8,209.76,454.15,342.29
273.18,238.97,432.78,320.2
34.488,1,494.05,342.29
25.938,1,149.2,146.35
100.04,129.96,317.35,230.43
212.61,83.65,305.24,216.18
75.812,1,461.99,244.68
170.58,159.89,317.35,219.74
160.6,1,464.84,328.04
392.88,152.76,498.32,316.64
102.17,209.05,384.32,334.45
1,1,135.66,342.29
236.84,73.675,486.21,320.91
419.24,1,512.58,332.31
22.375,109.3,72.25,221.88
78.663,1,353.69,82.938
171.29,159.89,304.53,219.74
163.45,151.34,442.75,248.95
138.51,1,445.6,41.613
45.175,1,162.03,133.53
27.363,1,451.3,241.83
235.41,1,464.84,328.04
1,1,97.188,335.88
77.95,152.05,495.48,342.29
80.8,209.05,459.14,342.29
231.85,21.663,296.69,76.525
174.14,170.58,235.41,219.03
117.85,2.425,278.16,48.738
1,1,305.95,342.29
110.01,39.475,255.36,96.475
1,1,159.18,312.36
144.93,206.2,484.07,342.29
90.062,1,451.3,101.46
1,1,165.59,342.29
124.98,13.113,460.56,103.6
45.175,185.54,88.638,265.34
140.65,1,325.19,81.513
429.21,240.4,498.32,303.81
1,102.89,70.825,342.29
80.8,238.97,495.48,342.29
384.32,159.89,475.53,320.91
124.98,107.88,247.53,160.6
262.49,1,512.58,115.71
80.8,151.34,495.48,342.29
391.45,211.9,512.58,342.29
137.09,3.1375,454.86,105.74
64.412,113.58,124.26,235.41
24.512,18.1,124.26,235.41
282.44,233.99,444.18,308.8
1,1,211.19,312.36
78.663,17.387,350.12,98.612
28.788,1,383.61,167.72
163.45,152.05,444.18,243.25
238.97,13.825,325.9,76.525
90.775,1,325.9,71.538
117.85,77.95,434.91,170.58
21.663,109.3,72.25,211.19
137.09,3.1375,461.28,105.74
1,1,81.513,342.29
131.39,77.95,440.61,244.68
286.71,162.03,437.76,221.16
360.81,13.113,462.7,72.963
17.387,248.95,112.86,342.29
284.57,85.075,434.2,167.72
46.6,46.6,118.56,122.12
65.125,68.688,268.19,235.41
90.775,2.425,278.16,71.538
28.788,1,461.28,167.72
209.05,114.29,258.21,159.89
19.525,251.8,111.44,342.29
278.88,53.013,453.44,103.6
391.45,92.913,512.58,342.29
22.375,109.3,72.25,211.19
1,164.88,50.875,278.88
253.22,90.062,439.19,264.62
315.21,294.55,495.48,342.29
391.45,1,512.58,342.29
73.675,139.22,124.26,235.41
340.86,124.26,433.49,167.72
272.46,162.03,439.19,248.95
267.48,14.537,447.03,105.74
99.325,145.64,306.66,233.99
34.488,1,246.1,129.96
21.663,109.3,72.25,221.88
17.387,18.812,306.66,342.29
80.8,159.18,495.48,342.29
18.812,18.1,305.95,342.29
353.69,1,465.55,64.412
447.74,172,512.58,318.78
47.312,1,149.2,146.35
231.85,13.825,453.44,103.6
447.74,172,512.58,282.44
1,1,70.825,284.57
1,101.46,66.55,337.3
167.72,22.375,319.49,83.65
310.94,295.26,493.34,342.29
348.7,237.55,459.14,310.23
220.45,231.14,336.59,313.79
416.39,53.013,476.24,168.44
298.11,280.3,489.06,342.29
185.54,266.05,258.93,310.94
171.29,152.05,444.18,243.25
110.73,157.04,306.66,219.74
19.525,251.8,111.44,327.32
75.812,28.075,174.85,73.675
142.79,20.95,350.12,82.225
102.89,266.05,152.05,312.36
60.138,53.013,272.46,161.31
134.24,2.425,216.89,48.738
248.95,264.62,351.55,325.9
18.812,144.93,305.95,342.29
236.84,90.062,439.19,264.62
94.338,2.425,230.43,70.112
131.39,100.75,246.1,143.5
34.488,1,246.1,103.6
1,1,97.188,278.88
85.788,231.14,493.34,342.29
1,206.91,288.14,342.29
1,101.46,66.55,342.29
75.812,1,461.99,103.6
1,224.01,43.038,273.89
105.74,215.46,288.14,325.19
1,101.46,66.55,229
416.39,58,481.94,192.66
340.86,124.26,432.06,167.72
262.49,24.512,449.16,87.925
121.41,64.412,318.78,167.72
122.84,79.375,248.95,149.91
273.89,1,465.55,105.74
112.86,2.425,230.43,48.738
278.88,155.61,440.61,221.88
62.275,229.71,105.74,313.79
352.98,19.525,458.43,90.775
150.62,22.375,319.49,83.65
377.2,1,489.78,64.412
75.812,93.625,127.83,134.95
459.85,159.18,512.58,211.19
85.788,231.14,436.34,342.29
343,13.113,460.56,53.725
28.788,1,268.9,129.96
60.138,53.013,268.9,100.04
40.188,1,209.05,122.12
85.788,206.91,436.34,342.29
24.512,1,72.963,58.712
17.387,20.238,129.96,342.29
110.73,100.04,253.22,185.54
273.89,1,458.43,105.74
110.73,214.04,413.54,273.18
99.325,214.04,336.59,336.59
315.21,298.11,467.69,342.29
384.32,159.89,466.98,316.64
111.44,266.76,246.1,328.75
224.72,87.213,273.89,159.89
353.69,295.26,470.54,342.29
126.4,225.44,225.44,273.18
272.46,53.013,481.23,169.15
209.76,9.55,454.86,105.74
1,233.99,80.8,298.11
177.7,23.8,219.74,66.55
286.71,163.45,437.76,221.16
62.988,224.72,122.84,273.89
110.73,150.62,306.66,219.74
262.49,13.825,454.15,105.03
28.075,1,77.237,53.013
353.69,293.84,494.05,342.29
209.05,15.25,278.16,82.938
94.338,1,283.15,70.112
416.39,1,512.58,282.44
278.88,159.18,440.61,221.88
308.09,167.72,437.76,221.16
168.44,13.825,454.15,105.03
215.46,235.41,289.56,309.51
100.04,156.33,198.36,219.74
248.95,264.62,351.55,323.05
19.525,251.8,84.362,327.32
263.2,159.18,440.61,243.25
318.06,293.84,495.48,342.29
1,222.59,147.06,342.29
253.22,106.45,300.25,162.03
27.363,1,445.6,70.825
101.46,162.03,199.79,202.64
119.28,99.325,247.53,149.91
80.8,238.97,313.79,342.29
346.56,293.84,495.48,342.29
1,1,77.237,284.57
60.138,1,353.69,161.31
352.98,38.05,454.86,82.225
67.975,93.625,124.98,174.85
124.98,13.825,325.9,82.938
272.46,1,498.32,318.06
131.39,77.95,434.91,166.3
23.088,256.08,81.513,321.62
85.788,255.36,248.95,342.29
359.39,298.82,468.4,342.29
25.938,1,462.7,181.97
82.225,93.625,129.25,145.64
346.56,295.26,491.2,342.29
126.4,142.79,253.22,185.54
209.05,82.938,447.03,166.3
63.7,226.86,198.36,295.98
172.71,161.31,305.24,216.18
375.06,1,489.78,64.412
40.188,1,223.3,149.2
1,216.89,44.462,273.89
303.81,124.26,498.32,318.06
121.41,105.03,272.46,161.31
168.44,22.375,303.81,86.5
45.175,111.44,159.18,312.36
27.363,20.95,71.538,211.19
127.11,100.75,245.39,153.47
80.8,233.99,445.6,342.29
1,68.688,81.513,342.29
134.24,2.425,278.16,48.738
446.31,1,512.58,174.85
419.95,1,512.58,332.31
200.5,24.512,249.66,73.675
62.275,192.66,119.99,264.62
290.28,114.29,390.03,159.18
220.45,236.12,336.59,310.23
75.812,13.825,325.9,82.938
119.28,99.325,247.53,153.47
377.2,1,465.55,64.412
19.525,226.15,144.93,342.29
111.44,267.48,241.11,328.75
419.95,49.45,512.58,332.31
110.73,107.88,253.22,185.54
367.94,10.263,464.84,328.04
68.688,93.625,129.25,154.9
315.21,295.98,495.48,342.29
67.975,101.46,112.15,149.2
377.2,1,512.58,115.71
261.78,13.825,450.59,81.513
118.56,60.85,318.78,167.72
416.39,87.213,481.23,169.86
40.188,1,209.05,149.2
208.34,78.663,434.2,167.72
238.97,30.213,303.81,76.525
256.79,159.89,439.19,264.62
263.2,155.61,440.61,244.68
261.78,73.675,486.21,320.91
144.93,208.34,336.59,248.95
289.56,96.475,368.65,159.89
140.65,1,455.57,103.6
102.17,209.05,336.59,334.45
261.78,25.225,315.93,76.525
215.46,228.29,352.26,273.18
278.88,242.54,495.48,342.29
157.04,179.12,305.95,236.12
273.18,18.812,451.3,101.46
124.98,107.88,247.53,167.72
146.35,114.29,272.46,164.88
417.1,144.93,477.66,309.51
105.03,225.44,258.93,334.45
209.05,82.938,452.73,251.8
168.44,22.375,245.39,76.525
119.28,99.325,247.53,154.19
1,102.89,70.825,284.57
110.73,214.04,268.9,260.35
16.675,1,77.237,148.49
78.663,13.825,350.84,82.938
40.9,85.075,90.775,129.96
80.8,209.76,443.46,342.29
121.41,79.375,440.61,166.3
1,233.99,248.95,342.29
17.387,248.95,113.58,342.29
113.58,1,209.05,48.025
134.24,2.425,184.11,48.738
215.46,228.29,413.54,273.18
116.42,98.612,240.4,154.9
121.41,65.125,318.78,167.72
353.69,296.69,468.4,342.29
352.98,38.05,454.86,90.775
273.18,241.11,432.78,320.2
318.06,295.26,495.48,342.29
77.237,93.625,138.51,145.64
124.98,13.825,453.44,103.6
251.09,253.22,311.65,323.05
27.363,28.788,68.688,156.33
185.54,1,325.19,81.513
115.71,209.76,269.61,265.34
390.74,23.8,460.56,100.04
177.7,23.8,281.73,77.237
226.15,20.95,319.49,76.525
1,107.16,44.462,256.08
99.325,206.91,288.14,295.98
105.03,215.46,231.14,282.44
407.84,1,512.58,332.31
102.17,209.05,258.93,334.45
90.775,1,296.69,71.538
172.71,159.18,442.75,241.83
34.488,1,246.1,179.12
400.71,170.58,463.41,303.81
1,1,124.98,264.62
429.21,159.18,512.58,318.78
96.475,20.95,184.11,66.55
437.05,170.58,512.58,342.29
416.39,53.013,481.23,169.15
185.54,22.375,249.66,72.25
105.03,214.04,259.64,328.75
40.188,1,383.61,167.72
39.475,172,81.513,263.91
98.612,209.05,159.18,316.64
289.56,86.5,367.94,161.31
360.81,13.113,462.7,79.375
27.363,262.49,106.45,324.48
80.8,233.99,454.15,342.29
454.86,1,512.58,179.84
110.73,157.04,301.68,218.31
224.01,238.97,313.79,342.29
21.663,96.475,64.412,172.71
80.8,234.7,459.14,342.29
59.425,77.95,110.01,146.35
286.71,162.03,439.9,224.01
1,222.59,112.86,342.29
170.58,77.95,434.91,166.3
286.71,166.3,378.62,207.62
241.83,252.51,288.14,310.23
391.45,211.9,504.03,342.29
106.45,209.76,147.06,270.32
127.11,80.8,303.81,214.04
434.2,158.46,481.94,243.96
215.46,235.41,324.48,309.51
321.62,232.56,434.91,273.89
174.14,170.58,256.08,219.03
400.71,241.83,457.71,303.81
19.525,16.675,165.59,342.29
199.08,72.963,368.65,160.6
124.98,15.25,278.16,82.938
78.663,20.95,350.12,98.612
167.72,151.34,442.75,248.95
451.3,1,512.58,281.73
346.56,293.84,475.53,342.29
99.325,148.49,306.66,233.28
272.46,162.03,442.75,248.95
101.46,162.03,305.95,236.12
168.44,23.8,281.73,77.237
168.44,23.8,281.73,82.938
185.54,22.375,288.14,81.513
272.46,85.075,419.24,159.89
407.84,10.263,464.84,149.91
336.59,87.213,481.23,169.86
90.062,20.238,184.83,70.825
46.6,1,209.05,122.12
80.8,263.91,248.95,342.29
17.387,224.72,147.06,342.29
119.28,60.85,318.78,167.72
360.81,13.113,462.7,111.44
348.7,239.69,459.14,310.23
1,1,75.812,284.57
40.188,1,383.61,149.2
115.71,209.76,320.91,281.73
168.44,22.375,249.66,76.525
419.95,170.58,512.58,342.29
311.65,162.03,438.48,220.45
171.29,159.89,317.35,219.74
105.74,215.46,231.85,307.38
384.32,162.74,463.41,316.64
353.69,13.113,461.28,56.575
233.99,159.89,301.68,215.46
276.03,280.3,351.55,323.05
96.475,253.94,147.06,315.93
168.44,25.938,245.39,76.525
286.71,166.3,378.62,210.47
99.325,206.91,370.79,295.98
245.39,97.188,288.14,149.2
384.32,170.58,463.41,316.64
353.69,295.26,493.34,342.29
194.09,24.512,249.66,76.525
112.86,2.425,216.18,48.738
77.237,93.625,127.83,134.95
367.94,144.93,454.15,328.04
119.28,97.9,245.39,153.47
257.5,264.62,310.23,310.23
336.59,92.2,435.62,167.72
172.71,28.788,281.01,78.663
126.4,215.46,231.14,278.16
62.275,144.93,305.95,264.62
98.612,209.05,159.18,280.3
1,261.06,112.86,342.29
288.85,86.5,432.78,167.72
111.44,266.76,241.11,328.75
111.44,266.76,259.64,328.75
109.3,169.86,199.08,232.56
429.21,159.18,512.58,342.29
23.8,16.675,165.59,235.41
1,172,81.513,342.29
224.72,87.213,273.89,134.24
233.99,159.89,301.68,217.6
343,13.113,460.56,62.988
353.69,247.53,444.18,308.8
315.21,295.98,494.76,342.29
105.03,214.04,231.14,282.44
454.86,1,512.58,57.288
117.85,64.412,318.78,181.97
220.45,236.12,288.14,310.23
231.85,13.825,325.9,76.525
67.263,135.66,147.78,235.41
168.44,21.663,310.23,82.938
423.51,152.76,481.94,286
391.45,144.93,512.58,342.29
127.11,100.75,247.53,149.91
40.9,80.8,101.46,122.12
220.45,161.31,305.24,214.04
64.412,10.263,137.8,51.587
429.21,196.94,498.32,308.8
40.9,85.075,154.19,179.12
228.29,298.11,283.86,342.29
392.88,240.4,498.32,303.81
377.2,1,512.58,55.15
100.04,161.31,182.69,219.74
79.375,93.625,138.51,145.64
211.9,85.075,303.81,214.04
98.612,209.05,159.18,285.29
124.98,21.663,219.74,71.538
443.46,206.2,498.32,282.44
99.325,148.49,167.01,233.28
101.46,162.03,311.65,236.12
192.66,71.538,318.78,166.3
360.81,13.825,462.7,56.575
106.45,209.76,183.4,270.32
53.013,1,149.2,146.35
172.71,159.18,439.9,224.01
27.363,16.675,165.59,230.43
27.363,22.375,124.26,235.41
199.08,72.25,434.2,167.72
412.82,293.84,494.05,342.29
67.975,1,304.53,96.475
267.48,14.537,454.86,105.74
67.975,1,304.53,66.55
90.775,30.925,174.85,71.538
253.22,90.062,414.25,162.03
122.12,100.04,247.53,147.06
1,108.59,44.462,191.95
262.49,17.387,455.57,80.8
247.53,97.188,296.69,149.2
3.1375,1,69.4,135.66
273.89,45.888,439.9,105.74
328.04,247.53,385.04,289.56
92.2,20.238,184.83,69.4
171.29,162.03,245.39,218.31
96.475,215.46,243.96,315.93
144.93,206.2,385.04,248.95
451.3,164.16,512.58,318.78
110.73,145.64,372.93,219.74
288.14,90.062,367.94,159.18
278.88,48.738,455.57,103.6
295.26,18.812,451.3,70.112
17.387,248.95,147.06,342.29
1,1,154.9,284.57
359.39,293.12,489.06,342.29
443.46,196.94,498.32,282.44
407.84,10.263,464.84,238.97
79.375,93.625,129.25,145.64
377.2,1,480.51,64.412
449.88,1,512.58,318.78
262.49,13.825,450.59,87.925
63.7,206.91,288.14,295.98
168.44,1,325.19,81.513
117.85,129.96,253.94,170.58
131.39,100.75,247.53,149.91
30.925,298.11,243.25,342.29
1,1,59.425,128.54
1,20.238,66.55,342.29
22.375,96.475,64.412,169.86
215.46,228.29,296.69,273.18
99.325,214.04,259.64,336.59
103.6,134.95,233.28,191.24
64.412,113.58,124.26,218.31
111.44,214.04,162.03,260.35
144.93,1,454.15,105.03
90.062,1,209.05,70.825
190.53,15.25,277.45,82.938
185.54,22.375,279.59,72.25
185.54,25.938,303.81,76.525
1,231.14,50.163,298.11
298.11,280.3,438.48,342.29
78.663,26.65,122.84,69.4
215.46,235.41,336.59,309.51
171.29,159.89,317.35,218.31
110.73,150.62,372.93,219.74
140.65,1,454.86,81.513
288.85,90.775,390.03,159.18
100.04,129.96,317.35,219.74
23.088,1,69.4,104.31
253.22,293.12,484.07,342.29
171.29,162.03,230.43,207.62
281.01,241.11,432.78,308.09
40.188,20.238,87.925,84.362
278.88,242.54,489.06,342.29
111.44,266.76,258.93,334.45
21.663,129.25,66.55,185.54
1,68.688,66.55,342.29
278.88,242.54,426.36,307.38
99.325,234.7,186.96,295.98
256.79,159.89,437.76,221.16
220.45,236.12,336.59,313.79
108.59,13.825,350.84,82.938
124.26,100.04,247.53,149.91
67.263,127.11,112.86,179.12
59.425,77.95,120.7,146.35
202.64,235.41,436.34,342.29
100.04,161.31,198.36,219.74
168.44,25.938,210.47,67.975
217.6,87.213,273.89,159.89
416.39,87.213,512.58,211.19
27.363,1,193.38,70.825
116.42,100.04,240.4,154.9
231.85,13.825,450.59,81.513
352.26,246.81,448.45,310.23
99.325,144.93,199.79,236.12
119.28,85.788,247.53,153.47
100.04,156.33,182.69,219.74
185.54,22.375,303.81,76.525
40.9,85.075,112.86,179.12
72.25,20.95,142.79,61.562
40.188,20.238,90.062,101.46
328.75,55.863,447.03,101.46
99.325,169.86,199.08,232.56
281.01,239.69,432.78,308.09
235.41,1,454.86,81.513
343.71,116.42,434.2,167.72
67.975,93.625,128.54,149.2
445.6,164.16,512.58,318.78
22.375,263.2,113.58,342.29
90.062,20.95,142.79,70.825
385.04,170.58,463.41,316.64
285.29,144.93,452.73,251.8
306.66,86.5,432.78,167.72
124.98,25.938,210.47,71.538
262.49,24.512,449.16,80.8
219.03,85.075,318.78,166.3
211.9,159.89,303.81,214.04
96.475,253.94,147.06,313.79
138.51,1,447.03,101.46
53.013,111.44,103.6,181.26
263.91,13.825,325.9,54.438
99.325,148.49,177.7,233.28
124.98,25.938,195.51,71.538
20.238,254.65,259.64,342.29
18.812,193.38,145.64,342.29
220.45,25.225,279.59,65.838
99.325,134.95,300.25,236.12
157.04,170.58,300.25,231.14
1,1,70.825,298.11
248.95,90.775,295.98,162.03
121.41,97.9,245.39,153.47
144.93,23.8,278.88,82.938
35.913,1,154.9,53.725
413.54,293.84,475.53,336.59
99.325,236.12,198.36,295.98
224.01,238.97,289.56,309.51
140.65,238.97,313.79,342.29
67.975,127.11,127.83,235.41
238.97,26.65,281.73,76.525
272.46,205.49,439.19,264.62
429.21,164.16,512.58,318.78
286.71,162.74,442.04,214.75
286.71,164.16,399.29,210.47
1,134.24,91.487,278.88
1,53.013,70.825,284.57
16.675,1,70.825,107.88
343.71,108.59,434.2,167.72
28.788,1,440.61,166.3
117.85,129.96,248.24,170.58
437.05,170.58,512.58,318.78
1,1,91.487,278.88
416.39,53.013,481.23,168.44
346.56,298.82,470.54,342.29
59.425,226.15,123.55,278.16
110.73,157.04,245.39,218.31
246.81,264.62,351.55,325.9
35.913,1,154.9,84.362
64.412,224.72,122.84,273.89
281.01,232.56,434.91,308.09
107.16,215.46,243.96,313.79
14.537,238.97,62.988,328.04
194.09,71.538,432.78,167.72
111.44,214.04,268.9,260.35
21.663,96.475,64.412,169.86
416.39,87.213,481.23,177.7
68.688,129.25,147.78,230.43
392.88,152.76,498.32,303.81
27.363,33.062,68.688,156.33
45.175,127.11,127.83,273.89
26.65,21.663,127.83,235.41
191.95,293.12,484.07,342.29
282.44,233.99,445.6,310.23
185.54,160.6,245.39,208.34
262.49,152.05,444.18,243.25
1,1,87.925,168.44
226.86,114.29,272.46,161.31
1,229.71,50.163,306.66
220.45,159.18,301.68,215.46
185.54,36.625,249.66,77.237
167.72,23.8,303.81,83.65
46.6,71.538,107.88,122.12
186.25,138.51,252.51,183.4
27.363,20.238,87.925,168.44
78.663,39.475,148.49,98.612
27.363,22.375,124.26,218.31
23.088,259.64,111.44,324.48
100.04,161.31,166.3,217.6
109.3,194.8,179.12,236.12
1,224.01,54.438,285.29
230.43,25.225,279.59,65.838
139.94,138.51,252.51,183.4
65.125,68.688,268.19,160.6
46.6,46.6,160.6,122.12
103.6,80.8,272.46,161.31
255.36,1,325.19,76.525
288.85,90.775,390.03,159.89
272.46,160.6,439.9,241.83
119.28,82.938,247.53,154.19
132.81,1,180.55,48.025
14.537,238.97,81.513,328.04
100.04,262.49,152.05,312.36
262.49,1,455.57,87.925
256.79,166.3,437.76,221.16
1,129.25,66.55,302.39
443.46,278.16,512.58,342.29
184.83,241.11,243.96,310.94
105.03,214.04,259.64,336.59
121.41,82.938,432.78,166.3
86.5,58,144.21,100.75
55.15,111.44,112.86,179.12
231.85,21.663,287.43,76.525
1,231.14,78.663,298.11
290.28,112.86,344.43,159.18
20.238,263.2,113.58,342.29
90.775,30.925,150.62,71.538
28.788,1,268.9,122.12
26.65,1,154.9,176.28
45.175,111.44,127.83,273.89
18.812,238.97,62.988,342.29
209.05,15.25,277.45,82.938
289.56,86.5,434.2,167.72
80.8,263.91,257.5,342.29
119.28,60.85,318.78,166.3
174.85,241.11,225.44,303.81
100.04,159.89,317.35,219.74
64.412,93.625,124.98,235.41
107.16,235.41,201.93,282.44
340.86,124.26,444.18,174.85
121.41,114.29,272.46,164.88
64.412,226.15,122.84,273.89
345.14,113.58,432.78,167.72
224.01,238.97,289.56,320.91
273.89,1,442.75,105.74
295.26,18.812,395.01,70.112
286.71,163.45,379.34,210.47
53.013,1,149.2,103.6
124.98,15.25,277.45,82.938
286.71,162.03,438.48,221.16
92.2,1,184.83,69.4
105.03,209.05,258.93,334.45
121.41,65.125,318.78,162.03
144.93,206.2,434.91,308.09
406.41,295.26,474.1,336.59
126.4,215.46,231.14,273.18
237.55,253.22,288.14,309.51
18.812,193.38,62.988,342.29
191.95,264.62,484.07,342.29
17.387,261.06,112.86,342.29
385.04,266.05,445.6,310.23
416.39,240.4,498.32,303.81
18.812,193.38,72.25,342.29
416.39,87.213,512.58,282.44
347.99,1,445.6,41.613
416.39,90.062,466.98,168.44
168.44,21.663,281.73,82.938
226.15,20.95,350.12,76.525
392.88,224.72,498.32,303.81
273.18,242.54,426.36,320.2
177.7,23.8,256.08,77.237
220.45,236.12,324.48,310.23
394.3,243.25,443.46,306.66
105.03,236.12,198.36,281.73
105.74,215.46,231.85,305.24
185.54,256.79,258.93,310.94
328.04,247.53,369.36,288.85
115.71,209.76,269.61,281.73
112.15,170.58,166.3,217.6
212.61,174.14,305.24,216.18
471.96,159.18,512.58,211.19
346.56,162.74,442.04,203.35
78.663,26.65,174.85,69.4
23.088,1,69.4,135.66
19.525,251.8,144.93,342.29
18.812,193.38,111.44,342.29
1,222.59,85.788,298.11
248.95,264.62,310.23,310.23
40.9,85.075,112.86,149.2
164.16,201.21,440.61,248.24
385.04,247.53,444.18,308.8
27.363,1,124.26,59.425
25.938,18.812,127.83,235.41
272.46,205.49,439.19,248.95
1,229.71,50.163,342.29
40.9,15.963,122.84,122.12
247.53,88.638,318.78,162.03
172.71,159.18,439.9,241.83
377.2,1,479.09,64.412
99.325,134.95,233.28,232.56
1,1,87.925,272.46
224.72,24.512,278.88,82.938
1,233.99,113.58,342.29
45.175,127.11,127.83,263.2
185.54,236.12,288.14,325.19
40.9,15.963,115.71,122.12
383.61,243.25,454.15,310.94
185.54,33.775,281.01,76.525
336.59,293.12,484.07,342.29
298.11,16.675,442.75,60.85
412.11,295.26,474.1,336.59
113.58,1,180.55,48.025
172.71,20.95,350.12,78.663
1,224.01,50.875,285.29
99.325,234.7,142.08,295.98
111.44,266.76,243.25,328.75
174.14,151.34,377.2,219.03
100.04,232.56,184.83,312.36
352.98,19.525,454.86,90.775
111.44,266.76,258.93,328.75
67.263,135.66,224.01,235.41
273.18,242.54,432.78,320.2
99.325,144.93,199.79,232.56
62.275,93.625,124.98,264.62
246.1,265.34,288.14,309.51
80.8,226.15,122.84,273.89
373.64,152.05,444.18,238.97
40.9,15.963,268.9,122.12
224.72,159.89,301.68,215.46
200.5,22.375,249.66,67.975
45.175,111.44,159.18,273.89
262.49,17.387,455.57,87.925
385.04,251.09,445.6,310.23
350.12,38.05,454.86,90.775
99.325,144.93,199.79,196.94
168.44,23.8,249.66,77.237
109.3,170.58,149.91,232.56
80.8,235.41,443.46,342.29
109.3,170.58,300.25,236.12
90.062,1,209.05,71.538
46.6,46.6,162.03,133.53
60.138,53.013,268.9,96.475
123.55,157.04,245.39,218.31
310.23,298.11,467.69,342.29
281.01,85.788,419.24,159.89
5.275,1,59.425,128.54
211.9,145.64,303.81,214.04
99.325,144.93,305.95,236.12
447.03,1,512.58,55.15
416.39,58,481.23,192.66
340.86,124.26,444.18,258.21
23.088,259.64,111.44,342.29
65.125,68.688,268.19,111.44
67.975,127.83,127.83,235.41
40.9,15.963,92.913,84.362
434.2,298.11,484.07,342.29
185.54,236.12,288.14,310.94
418.53,53.013,459.85,97.188
288.14,90.062,414.25,159.18
361.53,53.013,481.23,169.15
373.64,48.738,458.43,100.04
199.08,72.963,432.78,167.72
26.65,21.663,101.46,176.28
414.96,298.11,484.07,342.29
226.15,30.213,303.81,76.525
48.738,272.46,145.64,342.29
40.9,80.8,97.9,122.12
62.275,192.66,123.55,264.62
27.363,28.788,75.812,156.33
289.56,96.475,367.94,159.18
285.29,155.61,442.04,221.88
192.66,161.31,245.39,208.34
40.188,20.238,90.062,106.45
167.72,23.8,283.86,83.65
1,233.99,50.163,298.11
110.01,39.475,186.96,87.213
352.26,246.81,445.6,310.23
359.39,298.82,470.54,342.29
288.85,166.3,379.34,210.47
32.35,134.24,91.487,256.08
77.95,127.11,124.26,174.85
99.325,148.49,167.01,215.46
1,226.86,243.25,342.29
107.16,215.46,231.14,282.44
449.88,164.16,512.58,318.78
286.71,162.03,439.9,221.16
90.062,1,447.03,101.46
330.18,55.863,454.15,105.03
340.86,117.85,432.78,167.72
28.788,1,154.9,53.725
170.58,23.8,224.72,75.1
360.81,13.825,462.7,72.963
108.59,13.825,338.01,82.938
267.48,14.537,442.75,105.74
174.14,158.46,377.2,219.03
399.29,247.53,444.18,308.09
53.013,28.788,142.79,100.04
105.74,241.11,231.85,305.24
67.263,137.09,124.26,235.41
45.175,1,142.79,61.562
8.8375,193.38,61.562,262.49
253.22,95.05,305.24,162.03
442.04,1,512.58,115.71
23.088,262.49,106.45,324.48
174.85,241.11,231.85,303.81
100.04,135.66,147.78,230.43
185.54,22.375,249.66,68.688
350.84,162.03,437.76,202.64
286.71,166.3,379.34,210.47
296.69,234.7,459.14,310.23
212.61,164.88,305.24,216.18
53.013,111.44,96.475,172
144.93,208.34,385.04,248.95
262.49,17.387,450.59,80.8
273.18,23.8,439.9,84.362
127.83,80.8,243.25,128.54
103.6,80.8,231.14,137.8
296.69,232.56,434.91,273.89
53.013,10.263,149.2,103.6
289.56,96.475,368.65,160.6
108.59,23.8,278.88,82.938
71.538,226.15,122.84,273.89
67.975,139.22,124.26,235.41
20.238,254.65,106.45,342.29
298.11,1,442.75,60.85
170.58,23.8,214.04,67.263
23.088,226.86,117.85,321.62
1,263.2,113.58,342.29
75.812,93.625,169.86,160.6
330.18,57.288,454.15,105.03
1,108.59,44.462,272.46
241.11,97.188,297.4,181.26
219.03,85.075,288.14,166.3
135.66,142.79,253.22,185.54
328.75,55.863,446.31,101.46
235.41,97.188,288.14,166.3
111.44,241.11,243.96,313.79
75.812,93.625,258.21,160.6
64.412,113.58,124.26,207.62
67.975,1,184.11,66.55
352.26,246.81,459.14,310.23
111.44,266.76,220.45,313.79
273.18,23.8,415.68,84.362
310.23,243.25,467.69,342.29
172.71,159.18,420.66,216.18
272.46,160.6,439.9,223.3
248.95,90.775,318.78,162.03
416.39,58,481.23,169.15
150.62,105.03,247.53,149.91
177.7,23.8,278.88,77.237
90.062,1,184.83,70.825
115.71,209.76,269.61,303.81
111.44,267.48,224.01,325.19
138.51,1,307.38,45.888
103.6,144.93,199.79,191.24
416.39,87.213,476.24,169.86
27.363,20.95,87.925,156.33
286.71,165.59,437.76,221.88
273.18,20.95,445.6,84.362
343.71,167.72,437.76,211.19
437.05,170.58,480.51,297.4
298.11,96.475,367.94,159.18
247.53,106.45,296.69,149.2
121.41,99.325,247.53,147.06
39.475,184.11,81.513,263.91
220.45,236.12,288.14,288.14
456.29,47.312,512.58,179.84
1,154.9,50.875,278.88
60.138,53.013,268.9,99.325
170.58,23.8,283.86,83.65
26.65,21.663,69.4,176.28
1,129.25,66.55,278.88
434.2,152.76,481.94,243.96
1,101.46,66.55,262.49
248.95,117.14,293.84,159.89
174.14,170.58,258.93,224.72
1,142.79,66.55,278.88
224.01,238.97,289.56,298.11
171.29,162.03,245.39,208.34
121.41,99.325,247.53,154.19
288.85,166.3,378.62,210.47
209.05,201.21,440.61,248.24
159.18,165.59,224.01,213.33
306.66,86.5,431.35,128.54
185.54,25.938,283.15,76.525
426.36,152.76,481.94,286
56.575,8.8375,142.79,61.562
62.275,262.49,105.74,313.79
59.425,77.95,110.01,120.7
1,101.46,66.55,284.57
67.975,127.11,115,181.26
177.7,23.8,249.66,77.237
19.525,226.86,117.85,342.29
321.62,232.56,429.21,273.89
185.54,30.213,281.01,76.525
64.412,10.263,149.2,51.587
262.49,26.65,449.16,80.8
179.12,36.625,249.66,77.237
286.71,163.45,442.04,221.88
111.44,273.18,191.95,313.79
1,226.86,43.75,284.57
45.175,80.8,97.9,122.12
342.29,83.65,447.03,162.74
429.21,246.81,498.32,303.81
1,226.86,117.85,342.29
85.788,263.91,248.95,342.29
416.39,58,481.23,174.85
446.31,48.025,512.58,174.85
202.64,235.41,443.46,342.29
464.12,276.74,512.58,318.78
1,129.25,66.55,342.29
1,107.16,44.462,272.46
127.83,266.76,220.45,313.79
281.01,90.775,390.03,159.89
305.95,162.03,438.48,221.16
1,107.16,44.462,191.95
146.35,157.04,245.39,218.31
184.83,241.11,238.97,303.81
110.73,215.46,184.83,263.91
27.363,20.95,67.975,156.33
1,1,44.462,272.46
105.03,225.44,225.44,282.44
289.56,112.86,344.43,159.18
286.71,165.59,392.16,214.75
273.18,242.54,426.36,306.66
184.83,241.11,231.14,303.81
68.688,129.25,117.14,207.62
121.41,65.125,273.89,159.89
429.93,295.26,474.1,336.59
248.95,90.775,295.98,159.89
185.54,266.05,226.86,310.94
160.6,225.44,231.14,273.18
56.575,8.8375,107.88,61.562
40.9,80.8,101.46,129.96
54.438,15.963,115.71,84.362
350.12,38.05,454.86,82.225
100.75,135.66,145.64,196.94
290.28,114.29,340.15,159.18
1,233.99,50.163,306.66
67.975,93.625,124.98,149.2
416.39,53.013,466.98,168.44
437.05,170.58,480.51,292.41
107.16,215.46,210.47,282.44
273.18,23.8,445.6,84.362
127.11,80.8,245.39,153.47
107.16,235.41,210.47,282.44
278.88,242.54,426.36,306.66
67.975,127.11,165.59,230.43
111.44,273.18,241.11,328.75
185.54,28.788,281.01,78.663
122.12,100.04,246.1,143.5
171.29,105.74,247.53,147.06
150.62,105.03,272.46,161.31
281.01,257.5,432.78,308.09
105.74,260.35,208.34,305.24
276.74,45.888,439.9,105.74
286.71,162.74,442.04,221.88
1,229.71,43.75,285.29
273.18,264.62,378.62,305.95
267.48,14.537,442.75,60.85
212.61,174.14,305.24,214.75
234.7,20.95,319.49,71.538
174.14,159.89,303.81,219.03
256.79,166.3,378.62,214.75
320.2,55.863,447.03,101.46
27.363,20.95,165.59,230.43
418.53,53.013,463.41,102.17
88.638,10.263,137.8,51.587
343.71,167.72,437.76,219.74
99.325,170.58,149.91,232.56
23.088,254.65,106.45,324.48
90.062,20.238,193.38,70.825
27.363,33.062,67.975,156.33
464.84,276.74,512.58,318.78
454.86,1,512.58,54.438
30.925,20.95,87.925,69.4
23.088,229.71,105.74,321.62
416.39,90.062,466.98,169.15
68.688,127.11,165.59,230.43
211.9,159.89,303.81,214.75
68.688,129.25,165.59,230.43
248.95,90.775,304.53,162.03
27.363,20.95,75.812,211.19
22.375,109.3,64.412,172
27.363,16.675,165.59,235.41
437.05,158.46,481.94,232.56
256.79,83.65,304.53,136.38
122.84,149.91,195.51,219.74
75.812,93.625,117.14,160.6
131.39,100.75,247.53,143.5
273.18,20.95,447.03,101.46
27.363,1,124.26,48.025
273.18,264.62,378.62,320.2
241.11,83.65,304.53,181.26
30.925,272.46,86.5,342.29
273.18,23.8,387.18,84.362
122.84,149.91,224.01,219.74
416.39,58,466.98,169.15
27.363,1,121.41,48.025
100.04,179.84,147.78,230.43
297.4,173.43,439.9,223.3
118.56,20.238,184.83,60.85
113.58,127.11,161.31,176.28
220.45,165.59,298.82,214.04
53.013,28.788,142.79,103.6
125.69,100.75,258.21,159.89
220.45,161.31,305.24,216.18
33.062,272.46,86.5,313.07
125.69,114.29,258.21,159.89
122.84,170.58,195.51,219.74
30.925,20.95,87.925,85.075
290.28,114.29,330.89,159.18
289.56,96.475,368.65,159.18
33.062,272.46,82.225,313.07
113.58,215.46,184.83,263.2
22.375,119.99,64.412,169.86
120.7,20.238,184.83,60.85
245.39,97.188,288.14,159.89
451.3,164.16,512.58,281.73
416.39,90.062,466.98,149.91
289.56,114.29,330.89,159.18
