249.53,1,437.27,511.93
1,1,437.27,511.93
312.47,1,437.27,511.93
162.07,363.67,223.93,440.47
109.8,283.67,375.4,511.93
317.8,1,437.27,511.93
1,94.867,437.27,511.93
194.07,1,437.27,228.2
286.87,323.13,375.4,423.4
341.27,110.87,437.27,333.8
294.33,300.73,375.4,427.67
130.07,369,229.27,469.27
296.47,1,437.27,511.93
306.07,1,437.27,321
153.53,1,437.27,125.8
33,175.93,90.6,219.67
163.13,118.33,290.07,260.2
1,1,234.6,186.6
149.27,1,216.47,92.733
293.27,1,437.27,511.93
331.67,94.867,437.27,511.93
1,1,383.93,511.93
333.8,212.2,437.27,511.93
71.4,1,437.27,511.93
1,1,340.2,511.93
97,200.47,300.73,328.47
107.67,161,312.47,346.6
333.8,461.8,387.13,511.93
71.4,392.47,437.27,511.93
107.67,1,437.27,346.6
324.2,289,437.27,511.93
312.47,1,437.27,235.67
1,1,258.07,350.87
109.8,116.2,279.4,298.6
1,153.53,354.07,511.93
191.93,297.53,308.2,511.93
1,225,383.93,511.93
1,72.467,218.6,511.93
227.13,193,358.33,383.93
259.13,70.333,437.27,493.8
342.33,148.2,399.93,279.4
71.4,408.47,271.93,511.93
249.53,12.733,387.13,273
111.93,161,290.07,331.67
1,1,387.13,511.93
244.2,1,437.27,511.93
191.93,292.2,386.07,497
1,1,216.47,271.93
1,1,247.4,511.93
259.13,143.93,377.53,319.93
369,381.8,437.27,511.93
84.2,283.67,385,511.93
107.67,200.47,223.93,322.07
323.13,94.867,437.27,511.93
71.4,70.333,437.27,511.93
346.6,132.2,411.67,262.33
333.8,348.73,437.27,511.93
81,212.2,137.53,266.6
321,1,437.27,511.93
1,1,236.73,350.87
1,1,157.8,206.87
1,162.07,187.67,511.93
1,1,324.2,363.67
1,1,375.4,511.93
303.93,1,437.27,217.53
47.933,457.53,155.67,511.93
342.33,302.87,386.07,396.73
1,159.93,214.33,511.93
244.2,1,437.27,321
1,1,326.33,347.67
1,118.33,319.93,363.67
339.13,438.33,437.27,511.93
1,276.2,340.2,511.93
321,132.2,414.87,294.33
268.73,70.333,423.4,189.8
169.53,429.8,232.47,511.93
1,1,326.33,159.93
1,259.13,340.2,511.93
321,212.2,399.93,293.27
115.13,450.07,191.93,511.93
41.533,421.27,95.933,507.67
317.8,1,437.27,180.2
118.33,258.07,182.33,310.33
1,1,216.47,511.93
191.93,94.867,437.27,511.93
1,1,109.8,255.93
358.33,83.133,430.87,178.07
389.27,38.333,437.27,182.33
172.73,283.67,260.2,391.4
292.2,1,437.27,511.93
1,278.33,214.33,511.93
386.07,446.87,437.27,511.93
1,162.07,78.867,374.33
169.53,225,383.93,511.93
154.6,1,276.2,66.067
346.6,461.8,387.13,511.93
8.4667,355.13,98.067,485.27
93.8,267.67,385,511.93
1,1,216.47,172.73
274.07,203.67,353,338.07
339.13,438.33,397.8,511.93
118.33,1,230.33,165.27
72.467,408.47,261.27,511.93
63.933,66.067,157.8,130.07
369,143.93,431.93,201.53
98.067,36.2,151.4,92.733
317.8,1,437.27,333.8
29.8,393.53,88.467,507.67
122.6,73.533,247.4,190.87
130.07,276.2,265.53,438.33
391.4,417,437.27,459.67
1,431.93,50.067,511.93
120.47,283.67,233.53,374.33
1,1,437.27,228.2
71.4,461.8,153.53,511.93
268.73,70.333,423.4,186.6
1,285.8,115.13,511.93
71.4,408.47,261.27,511.93
1,285.8,75.667,445.8
179.13,286.87,232.47,391.4
190.87,297.53,308.2,398.87
18.067,438.33,61.8,511.93
292.2,132.2,346.6,204.73
3.1333,217.53,51.133,260.2
312.47,1,437.27,418.07
71.4,282.6,437.27,511.93
1,314.6,153.53,511.93
258.07,358.33,385,423.4
1,153.53,149.27,378.6
343.4,354.07,385,395.67
361.53,214.33,437.27,456.47
344.47,117.27,437.27,493.8
119.4,161,230.33,239.93
34.067,183.4,86.333,231.4
185.53,118.33,319.93,363.67
1,143.93,51.133,260.2
1,370.07,107.67,511.93
1,189.8,218.6,511.93
168.47,1,361.53,239.93
146.07,1,326.33,148.2
361.53,289,419.13,418.07
1,285.8,189.8,511.93
164.2,341.27,340.2,511.93
1,153.53,233.53,470.33
1,1,157.8,130.07
369,146.07,417,195.13
303.93,1,437.27,511.93
323.13,168.47,437.27,511.93
1,354.07,354.07,511.93
121.53,62.867,267.67,184.47
97,161,242.07,310.33
206.87,116.2,399.93,349.8
207.93,51.133,255.93,91.667
1,357.27,91.667,511.93
194.07,28.733,236.73,91.667
1,159.93,290.07,511.93
136.47,161,294.33,313.53
1,1,230.33,355.13
196.2,324.2,319.93,462.87
1,134.33,228.2,355.13
1,1,241,350.87
317.8,1,437.27,51.133
23.4,1,236.73,185.53
97,161,290.07,331.67
29.8,211.13,207.93,333.8
268.73,294.33,315.67,339.13
156.73,282.6,409.53,472.47
265.53,228.2,354.07,373.27
118.33,267.67,290.07,511.93
1,1,395.67,511.93
1,26.6,279.4,347.67
361.53,212.2,437.27,456.47
1,26.6,161,347.67
385,299.67,437.27,402.07
29.8,404.2,153.53,511.93
78.867,469.27,155.67,511.93
361.53,214.33,437.27,429.8
1,268.73,229.27,511.93
321,135.4,422.33,294.33
207.93,1,324.2,209
84.2,283.67,379.67,511.93
163.13,148.2,223.93,189.8
30.867,187.67,105.53,271.93
163.13,1,364.73,377.53
222.87,68.2,292.2,125.8
23.4,252.73,174.87,449
82.067,125.8,131.13,188.73
108.73,1,395.67,390.33
156.73,276.2,219.67,335.93
227.13,205.8,279.4,253.8
136.47,161,242.07,255.93
386.07,456.47,437.27,511.93
218.6,1,319.93,133.27
342.33,321,426.6,446.87
1,84.2,218.6,511.93
317.8,417,437.27,510.87
89.533,297.53,385,511.93
169.53,1,364.73,349.8
23.4,328.47,102.33,379.67
1,1,244.2,347.67
358.33,83.133,427.67,148.2
1,159.93,218.6,511.93
29.8,255.93,75.667,309.27
30.867,252.73,138.6,347.67
267.67,1,393.53,181.27
189.8,249.53,263.4,328.47
227.13,145,395.67,390.33
175.93,206.87,289,332.73
1,119.4,85.267,215.4
87.4,243.13,131.13,290.07
187.67,225,353,332.73
337,110.87,437.27,333.8
1,433,68.2,511.93
174.87,9.5333,216.47,59.667
271.93,58.6,327.4,100.2
162.07,1,312.47,60.733
147.13,9.5333,216.47,83.133
169.53,390.33,306.07,511.93
92.733,429.8,354.07,511.93
163.13,1,386.07,383.93
169.53,204.73,312.47,332.73
29.8,84.2,157.8,285.8
190.87,286.87,319.93,398.87
362.6,234.6,437.27,333.8
57.533,79.933,151.4,199.4
175.93,235.67,269.8,330.6
306.07,203.67,358.33,283.67
276.2,134.33,339.13,246.33
77.8,332.73,152.47,456.47
361.53,269.8,437.27,418.07
284.73,22.333,353,115.13
29.8,153.53,107.67,309.27
97,222.87,220.73,322.07
98.067,1,244.2,164.2
222.87,42.6,309.27,174.87
358.33,1,437.27,97
89.533,1,387.13,511.93
232.47,364.73,277.27,405.27
242.07,424.47,335.93,511.93
87.4,1,143.93,67.133
191.93,116.2,399.93,497
98.067,20.2,244.2,164.2
286.87,323.13,370.07,401
1,279.4,155.67,511.93
1,370.07,54.333,426.6
20.2,113,117.27,190.87
349.8,406.33,423.4,511.93
321,174.87,386.07,293.27
345.53,223.93,437.27,418.07
97,222.87,141.8,287.93
1,94.867,117.27,350.87
77.8,321,167.4,466.07
1,354.07,153.53,511.93
276.2,134.33,339.13,279.4
125.8,1,324.2,159.93
342.33,19.133,437.27,180.2
194.07,1,364.73,178.07
372.2,269.8,437.27,418.07
319.93,1,437.27,390.33
156.73,283.67,319.93,466.07
79.933,1,154.6,67.133
321,116.2,379.67,225
25.533,72.467,191.93,404.2
1,1,324.2,206.87
321,133.27,417,282.6
331.67,266.6,437.27,511.93
84.2,307.13,169.53,439.4
13.8,278.33,118.33,435.13
77.8,222.87,233.53,470.33
172.73,284.73,298.6,501.27
212.2,440.47,277.27,481
249.53,104.47,324.2,167.4
27.667,355.13,88.467,455.4
380.73,381.8,424.47,443.67
385,117.27,437.27,427.67
158.87,83.133,234.6,164.2
217.53,1,364.73,130.07
321,132.2,417,294.33
1,70.333,247.4,511.93
153.53,1,437.27,137.53
23.4,79.933,161,219.67
212.2,429.8,350.87,511.93
196.2,360.47,245.27,403.13
68.2,1,174.87,133.27
306.07,132.2,431.93,321
1,43.667,117.27,350.87
84.2,1,385,511.93
217.53,1,364.73,119.4
385,94.867,437.27,443.67
340.2,1,437.27,157.8
109.8,431.93,198.33,511.93
1,1,185.53,159.93
344.47,117.27,437.27,484.2
77.8,332.73,164.2,466.07
361.53,289,437.27,429.8
23.4,252.73,187.67,449
88.467,268.73,229.27,440.47
36.2,190.87,100.2,267.67
222.87,74.6,341.27,178.07
172.73,284.73,257,387.13
305,46.867,353,115.13
1,206.87,75.667,374.33
1,1,167.4,350.87
108.73,62.867,267.67,299.67
92.733,429.8,350.87,511.93
87.4,1,164.2,100.2
93.8,1,395.67,511.93
237.8,1,362.6,115.13
185.53,118.33,301.8,361.53
206.87,168.47,350.87,349.8
392.47,454.33,437.27,503.4
135.4,434.07,185.53,486.33
268.73,172.73,350.87,349.8
57.533,70.333,151.4,199.4
124.73,349.8,231.4,470.33
70.333,60.733,172.73,185.53
91.667,268.73,204.73,333.8
335.93,1,437.27,148.2
217.53,25.533,292.2,105.53
1,94.867,150.33,186.6
357.27,142.87,437.27,241
333.8,457.53,401,511.93
34.067,134.33,228.2,243.13
189.8,204.73,233.53,249.53
220.73,293.27,301.8,361.53
317.8,417,437.27,511.93
79.933,465,261.27,511.93
1,17,123.67,172.73
1,84.2,294.33,511.93
111.93,161,221.8,277.27
18.067,94.867,117.27,190.87
345.53,239.93,422.33,321
388.2,100.2,437.27,202.6
122.6,1,437.27,260.2
65,257,165.27,333.8
122.6,46.867,309.27,260.2
337,348.73,437.27,511.93
265.53,233.53,354.07,373.27
124.73,85.267,247.4,190.87
340.2,27.667,410.6,133.27
342.33,392.47,437.27,484.2
107.67,161,312.47,328.47
110.87,73.533,234.6,186.6
185.53,233.53,298.6,332.73
349.8,393.53,437.27,510.87
372.2,211.13,433,306.07
185.53,118.33,306.07,361.53
111.93,161,242.07,277.27
277.27,38.333,327.4,113
244.2,1,393.53,238.87
51.133,97,187.67,206.87
136.47,161,230.33,246.33
331.67,392.47,437.27,511.93
1,191.93,45.8,290.07
1,119.4,90.6,219.67
169.53,429.8,300.73,511.93
1,1,150.33,186.6
89.533,327.4,167.4,453.27
321,133.27,417,279.4
221.8,390.33,296.47,438.33
168.47,1,395.67,390.33
185.53,204.73,312.47,332.73
107.67,200.47,247.4,322.07
296.47,1,364.73,101.27
1,1,385,511.93
283.67,225,353,312.47
221.8,341.27,340.2,511.93
262.33,403.13,355.13,497
215.4,146.07,279.4,260.2
133.27,1,216.47,92.733
249.53,12.733,387.13,511.93
306.07,193,386.07,293.27
343.4,327.4,385,395.67
392.47,393.53,437.27,511.93
107.67,200.47,170.6,260.2
109.8,206.87,234.6,298.6
50.067,196.2,202.6,407.4
1,279.4,134.33,511.93
196.2,324.2,311.4,405.27
169.53,294.33,383.93,511.93
315.67,21.267,360.47,107.67
317.8,393.53,437.27,511.93
1,196.2,218.6,511.93
191.93,292.2,307.13,452.2
385,211.13,433,306.07
276.2,203.67,367.93,342.33
306.07,193,422.33,321
249.53,363.67,373.27,507.67
343.4,318.87,386.07,396.73
100.2,1,167.4,72.467
118.33,43.667,185.53,159.93
125.8,1,201.53,45.8
337,348.73,437.27,510.87
29.8,234.6,165.27,333.8
97,161,221.8,310.33
343.4,318.87,385,395.67
276.2,199.4,385,511.93
172.73,283.67,319.93,511.93
111.93,427.67,165.27,493.8
369,392.47,437.27,511.93
394.6,311.4,437.27,429.8
187.67,225,353,398.87
88.467,293.27,134.33,345.53
232.47,324.2,276.2,375.4
143.93,295.4,191.93,374.33
283.67,296.47,365.8,444.73
276.2,133.27,390.33,246.33
312.47,95.933,385,159.93
168.47,1,359.4,209
118.33,434.07,189.8,511.93
285.8,358.33,385,414.87
125.8,1,201.53,42.6
1,1,216.47,106.6
50.067,321,111.93,407.4
1,250.6,62.867,347.67
381.8,131.13,437.27,235.67
209,247.4,289,332.73
10.6,374.33,54.333,426.6
127.93,405.27,182.33,445.8
68.2,189.8,149.27,356.2
10.6,430.87,93.8,511.93
276.2,134.33,338.07,239.93
1,1,98.067,75.667
340.2,1,437.27,228.2
47.933,457.53,153.53,511.93
109.8,268.73,375.4,511.93
187.67,235.67,269.8,330.6
342.33,173.8,399.93,279.4
149.27,1,236.73,164.2
88.467,268.73,229.27,511.93
346.6,132.2,411.67,286.87
130.07,283.67,285.8,511.93
118.33,258.07,181.27,322.07
52.2,1,132.2,61.8
321,135.4,410.6,294.33
129,268.73,247.4,322.07
162.07,382.87,223.93,428.73
166.33,342.33,255.93,466.07
392.47,435.13,437.27,511.93
265.53,199.4,354.07,373.27
267.67,1,393.53,129
195.13,292.2,298.6,378.6
269.8,296.47,401,444.73
369,143.93,427.67,195.13
211.13,74.6,344.47,178.07
186.6,234.6,290.07,331.67
222.87,68.2,309.27,174.87
330.6,116.2,379.67,225
34.067,183.4,86.333,239.93
375.4,411.67,437.27,511.93
201.53,286.87,319.93,363.67
26.6,130.07,71.4,182.33
68.2,282.6,137.53,345.53
110.87,94.867,234.6,186.6
77.8,283.67,233.53,470.33
109.8,212.2,214.33,284.73
1,359.4,122.6,511.93
1,401,122.6,511.93
295.4,1,364.73,107.67
181.27,94.867,234.6,164.2
191.93,297.53,373.27,511.93
220.73,1,312.47,53.267
259.13,143.93,354.07,319.93
278.33,335.93,318.87,397.8
41.533,404.2,153.53,511.93
361.53,214.33,437.27,418.07
22.333,97,187.67,271.93
77.8,321,178.07,466.07
125.8,60.733,207.93,102.33
239.93,363.67,293.27,407.4
104.47,111.93,161,190.87
364.73,293.27,411.67,418.07
231.4,1,333.8,82.067
25.533,321,82.067,406.33
125.8,1,324.2,86.333
194.07,374.33,242.07,434.07
392.47,419.13,437.27,511.93
374.33,139.67,414.87,262.33
1,1,100.2,84.2
346.6,110.87,402.07,189.8
23.4,268.73,140.73,378.6
342.33,1,437.27,141.8
1,84.2,118.33,206.87
57.533,70.333,247.4,322.07
186.6,234.6,264.47,328.47
1,354.07,107.67,511.93
45.8,84.2,149.27,267.67
1,191.93,45.8,255.93
350.87,443.67,398.87,499.13
259.13,70.333,423.4,319.93
29.8,463.93,89.533,511.93
191.93,297.53,308.2,477.8
109.8,1,375.4,511.93
1,1,98.067,83.133
136.47,392.47,182.33,445.8
23.4,79.933,161,294.33
236.73,234.6,294.33,313.53
381.8,269.8,437.27,418.07
366.87,93.8,423.4,148.2
1,196.2,202.6,511.93
276.2,116.2,399.93,293.27
81,158.87,148.2,260.2
111.93,220.73,215.4,277.27
29.8,221.8,100.2,309.27
317.8,420.2,427.67,511.93
226.07,341.27,340.2,412.73
185.53,204.73,234.6,299.67
57.533,79.933,161,190.87
276.2,116.2,390.33,246.33
89.533,327.4,191.93,511.93
301.8,294.33,354.07,373.27
1,1,109.8,309.27
380.73,68.2,437.27,116.2
186.6,1,324.2,82.067
279.4,409.53,357.27,511.93
97,222.87,189.8,310.33
262.33,323.13,375.4,497
107.67,200.47,312.47,328.47
312.47,95.933,385,162.07
249.53,104.47,308.2,167.4
349.8,433,409.53,499.13
1,1,100.2,114.07
388.2,117.27,437.27,243.13
89.533,297.53,387.13,511.93
386.07,212.2,434.07,302.87
342.33,276.2,410.6,399.93
389.27,47.933,437.27,182.33
361.53,133.27,437.27,222.87
29.8,1,132.2,47.933
1,279.4,55.4,332.73
244.2,140.73,321,238.87
117.27,427.67,218.6,501.27
122.6,81,247.4,190.87
38.333,239.93,191.93,404.2
346.6,132.2,431.93,262.33
72.467,1,183.4,77.8
223.93,1,276.2,53.267
36.2,158.87,148.2,294.33
109.8,312.47,182.33,372.2
206.87,1,343.4,316.73
274.07,143.93,354.07,319.93
215.4,292.2,298.6,375.4
97,222.87,220.73,310.33
340.2,1,427.67,157.8
1,136.47,57.533,289
77.8,294.33,214.33,456.47
130.07,276.2,340.2,511.93
132.2,265.53,181.27,310.33
108.73,232.47,193,280.47
1,370.07,41.533,445.8
23.4,305,103.4,378.6
388.2,287.93,437.27,395.67
358.33,1,437.27,54.333
185.53,204.73,267.67,330.6
1,280.47,65,355.13
166.33,349.8,231.4,466.07
99.133,1,258.07,175.93
102.33,339.13,178.07,449
321,1,437.27,225
60.733,327.4,103.4,391.4
358.33,110.87,402.07,157.8
81,196.2,146.07,260.2
163.13,92.733,354.07,377.53
285.8,294.33,383.93,471.4
175.93,235.67,289,332.73
1,1,230.33,511.93
349.8,425.53,423.4,511.93
385,122.6,437.27,427.67
17,29.8,70.333,115.13
1,1,132.2,137.53
341.27,175.93,437.27,333.8
89.533,159.93,133.27,220.73
206.87,46.867,309.27,244.2
332.73,258.07,377.53,301.8
185.53,233.53,301.8,361.53
385,94.867,437.27,427.67
68.2,1,174.87,104.47
369,452.2,437.27,511.93
116.2,351.93,198.33,510.87
295.4,359.4,365.8,412.73
257,42.6,302.87,97
194.07,1,333.8,105.53
25.533,349.8,113,435.13
119.4,153.53,230.33,239.93
276.2,199.4,367.93,342.33
389.27,117.27,437.27,182.33
296.47,21.267,340.2,69.267
394.6,378.6,435.13,438.33
118.33,231.4,223.93,322.07
358.33,436.2,409.53,493.8
235.67,247.4,289,332.73
285.8,294.33,383.93,511.93
194.07,1,364.73,130.07
319.93,1,437.27,177
148.2,74.6,244.2,143.93
361.53,293.27,405.27,393.53
206.87,419.13,353,511.93
361.53,293.27,431.93,393.53
226.07,363.67,293.27,407.4
37.267,279.4,134.33,407.4
39.4,175.93,111.93,293.27
265.53,199.4,376.47,383.93
321,158.87,386.07,293.27
265.53,225,353,312.47
163.13,1,362.6,264.47
206.87,92.733,341.27,249.53
342.33,1,394.6,98.067
206.87,1,364.73,316.73
97,200.47,300.73,346.6
242.07,300.73,379.67,511.93
1,138.6,59.667,355.13
19.133,19.133,79.933,68.2
317.8,422.33,423.4,511.93
394.6,30.867,437.27,180.2
213.27,222.87,279.4,281.53
27.667,355.13,98.067,485.27
23.4,252.73,138.6,435.13
134.33,323.13,182.33,364.73
111.93,200.47,170.6,254.87
120.47,283.67,233.53,470.33
22.333,179.13,76.733,250.6
1,427.67,73.533,511.93
276.2,120.47,347.67,239.93
351.93,362.6,406.33,500.2
235.67,366.87,305,431.93
342.33,83.133,393.53,143.93
50.067,196.2,146.07,407.4
1,313.53,54.333,426.6
125.8,200.47,173.8,249.53
290.07,39.4,344.47,115.13
29.8,134.33,228.2,333.8
166.33,349.8,243.13,511.93
8.4667,285.8,75.667,392.47
30.867,305,77.8,347.67
387.13,219.67,431.93,308.2
1,279.4,134.33,422.33
268.73,268.73,315.67,339.13
149.27,1,230.33,92.733
95.933,171.67,146.07,242.07
72.467,423.4,122.6,492.73
1,17,56.467,115.13
60.733,159.93,149.27,391.4
249.53,77.8,321,167.4
342.33,37.267,394.6,87.4
23.4,328.47,82.067,379.67
330.6,1,437.27,177
34.067,154.6,153.53,243.13
232.47,364.73,298.6,457.53
344.47,239.93,414.87,314.6
87.4,197.27,148.2,259.13
29.8,428.73,94.867,511.93
206.87,390.33,306.07,494.87
84.2,284.73,379.67,511.93
217.53,36.2,326.33,148.2
1,312.47,122.6,511.93
159.93,369,229.27,469.27
129,268.73,174.87,322.07
1,412.73,73.533,511.93
93.8,267.67,290.07,511.93
294.33,340.2,337,388.2
347.67,1,437.27,116.2
76.733,303.93,123.67,371.13
97,200.47,170.6,260.2
358.33,93.8,423.4,148.2
249.53,77.8,328.47,273
99.133,1,258.07,180.2
146.07,20.2,326.33,148.2
142.87,90.6,185.53,159.93
123.67,307.13,169.53,364.73
357.27,312.47,437.27,484.2
36.2,204.73,92.733,294.33
171.67,74.6,244.2,143.93
265.53,158.87,386.07,383.93
94.867,289,143.93,372.2
212.2,429.8,277.27,511.93
68.2,60.733,172.73,133.27
89.533,339.13,198.33,511.93
383.93,349.8,437.27,467.13
363.67,1,427.67,54.333
290.07,22.333,362.6,115.13
249.53,70.333,328.47,273
217.53,1,346.6,264.47
169.53,383.93,217.53,447.93
357.27,312.47,401,484.2
68.2,1,234.6,186.6
326.33,276.2,367.93,323.13
259.13,133.27,417,319.93
267.67,301.8,314.6,343.4
55.4,84.2,149.27,267.67
110.87,83.133,234.6,186.6
81,159.93,137.53,266.6
111.93,200.47,215.4,277.27
79.933,458.6,261.27,511.93
90.6,113,140.73,182.33
226.07,92.733,341.27,211.13
310.33,21.267,394.6,87.4
206.87,390.33,306.07,444.73
88.467,293.27,134.33,372.2
242.07,452.2,300.73,511.93
72.467,9.5333,216.47,106.6
109.8,306.07,214.33,372.2
387.13,214.33,437.27,302.87
372.2,223.93,437.27,369
366.87,293.27,435.13,447.93
1,250.6,62.867,332.73
136.47,116.2,279.4,260.2
375.4,366.87,437.27,511.93
1,72.467,191.93,511.93
321,133.27,399.93,279.4
321,132.2,399.93,294.33
246.33,324.2,318.87,397.8
274.07,218.6,321,267.67
1,191.93,41.533,237.8
57.533,79.933,131.13,130.07
81,361.53,149.27,468.2
229.27,131.13,281.53,175.93
191.93,297.53,290.07,444.73
1,313.53,54.333,511.93
115.13,450.07,174.87,493.8
206.87,390.33,290.07,431.93
276.2,183.4,321,246.33
1,1,98.067,68.2
1,17,56.467,108.73
81,196.2,124.73,260.2
78.867,457.53,153.53,511.93
11.667,330.6,58.6,379.67
135.4,434.07,185.53,503.4
1,26.6,55.4,347.67
88.467,268.73,204.73,333.8
285.8,409.53,326.33,470.33
1,84.2,151.4,206.87
244.2,92.733,376.47,238.87
186.6,378.6,245.27,447.93
117.27,427.67,219.67,511.93
141.8,12.733,269.8,159.93
322.07,145,395.67,294.33
262.33,318.87,386.07,497
1,99.133,57.533,289
387.13,213.27,428.73,306.07
31.933,278.33,98.067,376.47
276.2,120.47,338.07,239.93
269.8,296.47,401,472.47
1,414.87,50.067,511.93
1,357.27,153.53,511.93
206.87,169.53,321,267.67
274.07,218.6,354.07,377.53
340.2,1,427.67,133.27
369,143.93,431.93,195.13
231.4,10.6,333.8,82.067
337,348.73,387.13,401
191.93,292.2,305,452.2
65,278.33,137.53,345.53
357.27,312.47,417,484.2
21.267,45.8,110.87,115.13
219.67,181.27,266.6,243.13
212.2,429.8,337,511.93
1,162.07,83.133,374.33
70.333,469.27,155.67,511.93
187.67,296.47,285.8,511.93
45.8,84.2,157.8,267.67
1,1,100.2,42.6
358.33,1,437.27,235.67
211.13,74.6,341.27,178.07
187.67,93.8,245.27,180.2
213.27,242.07,312.47,332.73
372.2,211.13,430.87,306.07
1,171.67,125.8,347.67
42.6,471.4,89.533,511.93
74.6,462.87,130.07,503.4
57.533,70.333,230.33,239.93
387.13,214.33,434.07,302.87
284.73,227.13,343.4,316.73
219.67,116.2,279.4,260.2
1,17,62.867,125.8
294.33,5.2667,344.47,45.8
1,355.13,122.6,511.93
382.87,411.67,437.27,504.47
125.8,1,174.87,42.6
312.47,67.133,387.13,173.8
118.33,1,167.4,65
276.2,135.4,339.13,246.33
305,46.867,353,87.4
248.47,140.73,312.47,183.4
136.47,161,234.6,246.33
1,27.667,117.27,350.87
117.27,451.13,198.33,511.93
98.067,52.2,185.53,164.2
57.533,79.933,132.2,130.07
84.2,307.13,173.8,439.4
295.4,1,364.73,130.07
290.07,123.67,380.73,225
342.33,51.133,395.67,95.933
1,412.73,82.067,507.67
42.6,463.93,89.533,511.93
383.93,349.8,433,467.13
345.53,223.93,437.27,369
200.47,118.33,280.47,170.6
162.07,363.67,223.93,455.4
349.8,433,412.73,511.93
266.6,218.6,321,283.67
303.93,83.133,393.53,157.8
68.2,159.93,149.27,356.2
166.33,349.8,231.4,483.13
117.27,451.13,243.13,511.93
93.8,370.07,232.47,511.93
394.6,98.067,437.27,180.2
41.533,421.27,153.53,511.93
268.73,268.73,347.67,412.73
331.67,266.6,378.6,308.2
358.33,1,415.93,54.333
1,1,190.87,219.67
9.5333,84.2,107.67,147.13
84.2,200.47,385,511.93
219.67,116.2,275.13,188.73
127.93,342.33,231.4,470.33
353,141.8,417,262.33
346.6,132.2,417,262.33
154.6,1,318.87,66.067
25.533,278.33,98.067,406.33
72.467,410.6,122.6,492.73
372.2,213.27,430.87,306.07
294.33,364.73,375.4,472.47
349.8,422.33,437.27,510.87
1,313.53,59.667,422.33
293.27,324.2,347.67,412.73
148.2,349.8,214.33,458.6
1,1,236.73,185.53
342.33,51.133,417,177
42.6,226.07,98.067,269.8
221.8,181.27,279.4,260.2
324.2,406.33,423.4,511.93
301.8,294.33,383.93,401
1,178.07,84.2,347.67
110.87,110.87,180.2,185.53
111.93,436.2,177,481
333.8,457.53,376.47,511.93
206.87,392.47,437.27,511.93
346.6,110.87,402.07,161
314.6,369,385,459.67
388.2,123.67,437.27,175.93
271.93,65,317.8,113
187.67,265.53,232.47,309.27
303.93,83.133,393.53,152.47
226.07,92.733,292.2,167.4
89.533,297.53,373.27,511.93
279.4,337,375.4,472.47
106.6,66.067,149.27,130.07
130.07,305,207.93,438.33
273,12.733,387.13,225
37.267,279.4,98.067,366.87
360.47,219.67,437.27,385
373.27,1,437.27,55.4
109.8,431.93,219.67,511.93
289,295.4,385,459.67
330.6,145,379.67,225
181.27,106.6,234.6,164.2
289,295.4,353,371.13
1,235.67,44.733,347.67
166.33,283.67,233.53,360.47
79.933,470.33,216.47,511.93
1,231.4,55.4,347.67
1,1,98.067,104.47
1,101.27,50.067,226.07
298.6,227.13,350.87,349.8
220.73,1,312.47,60.733
1,1,132.2,61.8
63.933,1,157.8,130.07
115.13,414.87,191.93,511.93
324.2,461.8,387.13,511.93
1,237.8,41.533,314.6
286.87,218.6,354.07,377.53
342.33,278.33,393.53,353
349.8,421.27,423.4,511.93
321,132.2,399.93,293.27
390.33,205.8,437.27,323.13
109.8,212.2,231.4,298.6
296.47,1,437.27,125.8
386.07,392.47,437.27,495.93
1,370.07,50.067,511.93
262.33,371.13,355.13,497
252.73,453.27,300.73,511.93
97,222.87,162.07,322.07
185.53,118.33,290.07,249.53
102.33,339.13,178.07,493.8
25.533,321,72.467,406.33
1,94.867,117.27,186.6
149.27,1,234.6,164.2
79.933,1,154.6,77.8
1,401,73.533,511.93
1,285.8,75.667,511.93
344.47,117.27,437.27,348.73
50.067,321,90.6,391.4
84.2,361.53,166.33,439.4
109.8,306.07,218.6,376.47
33,154.6,103.4,219.67
217.53,36.2,294.33,138.6
394.6,269.8,437.27,418.07
1,1,149.27,76.733
347.67,1,437.27,55.4
23.4,159.93,149.27,378.6
258.07,163.13,308.2,273
36.2,153.53,107.67,236.73
1,26.6,42.6,170.6
285.8,349.8,340.2,412.73
387.13,122.6,437.27,385
136.47,161,230.33,239.93
43.667,202.6,105.53,302.87
378.6,239.93,437.27,385
258.07,172.73,321,228.2
345.53,132.2,437.27,418.07
1,162.07,107.67,511.93
89.533,327.4,145,407.4
206.87,46.867,309.27,260.2
72.467,408.47,191.93,481
246.33,324.2,385,511.93
1,357.27,98.067,511.93
72.467,418.07,188.73,481
25.533,278.33,118.33,406.33
375.4,419.13,437.27,511.93
1,1,100.2,129
156.73,283.67,225,356.2
102.33,339.13,167.4,453.27
266.6,223.93,318.87,283.67
133.27,1,230.33,92.733
104.47,126.87,161,190.87
109.8,212.2,247.4,322.07
388.2,121.53,437.27,202.6
375.4,395.67,437.27,511.93
361.53,225,437.27,369
283.67,203.67,367.93,342.33
284.73,22.333,354.07,129
385,299.67,437.27,427.67
55.4,110.87,118.33,175.93
217.53,1,333.8,105.53
381.8,141.8,431.93,201.53
206.87,168.47,290.07,249.53
108.73,211.13,207.93,280.47
1,1,230.33,309.27
132.2,85.267,172.73,135.4
296.47,1,364.73,85.267
387.13,213.27,430.87,306.07
43.667,171.67,125.8,302.87
134.33,305,191.93,372.2
358.33,1,437.27,178.07
351.93,392.47,406.33,500.2
60.733,462.87,153.53,511.93
233.53,397.8,274.07,447.93
357.27,311.4,437.27,484.2
62.867,423.4,122.6,505.53
189.8,249.53,265.53,327.4
146.07,66.067,252.73,163.13
1,113,117.27,186.6
115.13,401,191.93,511.93
209,244.2,262.33,289
1,56.467,84.2,137.53
246.33,319.93,301.8,361.53
78.867,471.4,155.67,511.93
321,203.67,386.07,281.53
200.47,468.2,278.33,511.93
267.67,263.4,314.6,343.4
221.8,254.87,312.47,328.47
246.33,303.93,385,511.93
290.07,1,362.6,115.13
79.933,1,132.2,61.8
1,1,79.933,110.87
366.87,293.27,411.67,418.07
327.4,145,395.67,294.33
344.47,234.6,437.27,333.8
142.87,292.2,202.6,365.8
27.667,321,115.13,505.53
123.67,268.73,165.27,333.8
254.87,436.2,319.93,511.93
206.87,1,364.73,349.8
285.8,358.33,385,423.4
108.73,211.13,196.2,280.47
376.47,446.87,421.27,510.87
68.2,159.93,137.53,266.6
51.133,321,93.8,402.07
72.467,110.87,118.33,185.53
331.67,266.6,417,399.93
244.2,172.73,290.07,244.2
265.53,199.4,376.47,377.53
351.93,205.8,437.27,500.2
296.47,1,364.73,107.67
165.27,369,225,469.27
331.67,266.6,410.6,399.93
1,19.133,84.2,137.53
269.8,282.6,409.53,472.47
67.133,131.13,133.27,199.4
74.6,291.13,189.8,511.93
206.87,168.47,321,283.67
395.67,117.27,437.27,187.67
100.2,103.4,151.4,182.33
362.6,239.93,412.73,313.53
133.27,414.87,186.6,474.6
276.2,172.73,337,246.33
1,393.53,114.07,511.93
339.13,392.47,437.27,511.93
77.8,332.73,142.87,444.73
298.6,88.467,341.27,130.07
292.2,92.733,376.47,213.27
284.73,13.8,393.53,129
108.73,211.13,219.67,299.67
124.73,85.267,245.27,190.87
104.47,361.53,145,419.13
1,162.07,57.533,374.33
279.4,371.13,342.33,429.8
366.87,289,419.13,367.93
296.47,21.267,359.4,115.13
81,189.8,149.27,284.73
345.53,270.87,408.47,321
36.2,212.2,92.733,294.33
107.67,200.47,173.8,260.2
344.47,133.27,390.33,181.27
1,278.33,98.067,511.93
82.067,171.67,146.07,260.2
1,1,244.2,219.67
361.53,133.27,419.13,205.8
302.87,296.47,353,371.13
27.667,329.53,72.467,406.33
296.47,1,394.6,107.67
129,306.07,191.93,393.53
23.4,101.27,118.33,219.67
1,206.87,78.867,374.33
389.27,419.13,437.27,484.2
1,153.53,107.67,374.33
37.267,279.4,134.33,372.2
212.2,27.667,254.87,77.8
70.333,60.733,172.73,133.27
237.8,92.733,292.2,134.33
164.2,374.33,245.27,511.93
63.933,72.467,148.2,260.2
47.933,423.4,122.6,511.93
235.67,92.733,309.27,174.87
387.13,219.67,437.27,308.2
213.27,242.07,298.6,332.73
314.6,67.133,360.47,119.4
89.533,295.4,202.6,407.4
385,19.133,437.27,180.2
298.6,1,364.73,109.8
163.13,1,346.6,264.47
116.2,427.67,189.8,511.93
265.53,108.73,341.27,152.47
55.4,187.67,105.53,267.67
1,162.07,55.4,216.47
230.33,196.2,278.33,244.2
211.13,293.27,301.8,361.53
77.8,321,164.2,466.07
111.93,223.93,215.4,277.27
141.8,12.733,236.73,135.4
293.27,406.33,437.27,511.93
322.07,133.27,437.27,511.93
267.67,23.4,312.47,74.6
342.33,135.4,399.93,282.6
110.87,123.67,165.27,185.53
217.53,1,364.73,109.8
40.467,204.73,84.2,252.73
1,143.93,55.4,347.67
357.27,142.87,437.27,369
200.47,366.87,305,433
34.067,183.4,86.333,243.13
279.4,295.4,385,511.93
321,193,386.07,293.27
206.87,1,360.47,316.73
286.87,401,373.27,471.4
124.73,129,165.27,175.93
68.2,159.93,149.27,284.73
172.73,283.67,375.4,511.93
1,454.33,50.067,511.93
361.53,289,419.13,367.93
218.6,44.733,319.93,133.27
65,273,140.73,345.53
177,342.33,218.6,393.53
387.13,219.67,431.93,282.6
338.07,135.4,410.6,294.33
295.4,359.4,342.33,412.73
194.07,25.533,292.2,105.53
353,150.33,411.67,262.33
350.87,457.53,401,501.27
5.2667,255.93,60.733,350.87
114.07,275.13,177,333.8
286.87,323.13,374.33,417
191.93,360.47,305,433
116.2,1,183.4,77.8
132.2,1,244.2,155.67
274.07,203.67,358.33,383.93
27.667,388.2,94.867,505.53
190.87,1,276.2,66.067
94.867,60.733,207.93,106.6
317.8,422.33,394.6,497
56.467,278.33,97,325.27
353,438.33,397.8,511.93
148.2,39.4,207.93,102.33
273,31.933,334.87,113
1,138.6,57.533,355.13
68.2,189.8,149.27,345.53
130.07,366.87,196.2,438.33
349.8,422.33,437.27,475.67
118.33,414.87,185.53,503.4
146.07,20.2,244.2,143.93
89.533,339.13,229.27,511.93
129,351.93,173.8,393.53
375.4,435.13,437.27,511.93
82.067,110.87,131.13,188.73
315.67,1,364.73,85.267
394.6,378.6,437.27,429.8
185.53,204.73,234.6,282.6
1,85.267,59.667,175.93
221.8,405.27,263.4,477.8
321,203.67,386.07,293.27
71.4,461.8,135.4,511.93
335.93,172.73,380.73,225
250.6,205.8,354.07,377.53
81,361.53,189.8,511.93
89.533,159.93,131.13,210.07
100.2,307.13,169.53,372.2
212.2,419.13,275.13,477.8
47.933,463.93,89.533,511.93
267.67,323.13,319.93,363.67
287.93,434.07,357.27,511.93
117.27,429.8,350.87,511.93
108.73,211.13,193,280.47
285.8,363.67,340.2,412.73
77.8,421.27,120.47,474.6
136.47,161,229.27,246.33
84.2,307.13,173.8,449
154.6,451.13,219.67,511.93
225,401,343.4,511.93
267.67,1,355.13,74.6
290.07,67.133,387.13,225
349.8,433,394.6,475.67
351.93,438.33,397.8,511.93
232.47,108.73,341.27,211.13
18.067,94.867,117.27,267.67
130.07,382.87,194.07,435.13
221.8,203.67,279.4,260.2
211.13,254.87,265.53,327.4
382.87,349.8,437.27,474.6
342.33,276.2,410.6,345.53
142.87,292.2,229.27,440.47
206.87,169.53,290.07,244.2
286.87,401,343.4,471.4
331.67,13.8,393.53,109.8
1,17,81,125.8
292.2,163.13,346.6,204.73
158.87,83.133,218.6,129
1,182.33,57.533,289
132.2,1,252.73,155.67
36.2,204.73,131.13,294.33
381.8,239.93,422.33,287.93
109.8,349.8,231.4,511.93
169.53,429.8,278.33,511.93
102.33,339.13,167.4,449
81,158.87,124.73,260.2
130.07,305,196.2,438.33
239.93,366.87,305,431.93
29.8,248.47,89.533,309.27
136.47,470.33,198.33,510.87
212.2,431.93,275.13,477.8
342.33,135.4,399.93,279.4
1,313.53,130.07,511.93
42.6,191.93,98.067,287.93
1,269.8,65,355.13
167.4,20.2,215.4,94.867
332.73,292.2,382.87,390.33
249.53,249.53,290.07,313.53
168.47,1,359.4,239.93
163.13,82.067,252.73,163.13
335.93,1,437.27,152.47
51.133,131.13,133.27,206.87
212.2,415.93,302.87,494.87
1,43.667,57.533,289
163.13,125.8,244.2,213.27
200.47,468.2,271.93,511.93
283.67,263.4,353,312.47
79.933,471.4,149.27,511.93
23.4,327.4,87.4,378.6
162.07,363.67,229.27,455.4
323.13,421.27,401,511.93
163.13,146.07,279.4,260.2
1,1,132.2,115.13
195.13,325.27,260.2,378.6
146.07,66.067,252.73,168.47
91.667,1,185.53,159.93
156.73,283.67,262.33,356.2
335.93,1,415.93,104.47
23.4,56.467,172.73,185.53
90.6,397.8,132.2,455.4
116.2,22.333,183.4,77.8
109.8,227.13,191.93,284.73
321,175.93,399.93,293.27
286.87,337,370.07,401
285.8,358.33,373.27,471.4
156.73,20.2,228.2,98.067
1,1,98.067,53.267
85.267,361.53,149.27,468.2
22.333,334.87,62.867,392.47
148.2,81,242.07,159.93
120.47,294.33,214.33,374.33
312.47,67.133,383.93,173.8
68.2,1,230.33,133.27
298.6,406.33,437.27,511.93
201.53,286.87,279.4,349.8
363.67,1,437.27,51.133
342.33,300.73,401,378.6
41.533,421.27,120.47,511.93
340.2,1,428.73,157.8
97,200.47,173.8,260.2
72.467,97,151.4,199.4
1,178.07,49,290.07
237.8,1,317.8,113
363.67,205.8,437.27,378.6
187.67,235.67,289,332.73
249.53,415.93,302.87,494.87
369,442.6,437.27,511.93
342.33,392.47,401,484.2
137.53,1,190.87,51.133
29.8,84.2,157.8,293.27
15.933,36.2,94.867,89.533
388.2,123.67,437.27,180.2
136.47,125.8,244.2,246.33
383.93,382.87,431.93,467.13
148.2,342.33,231.4,470.33
50.067,157.8,103.4,203.67
217.53,36.2,292.2,134.33
284.73,225,329.53,274.07
10.6,357.27,91.667,462.87
343.4,95.933,385,148.2
207.93,1,319.93,200.47
10.6,357.27,86.333,462.87
167.4,1,230.33,94.867
340.2,27.667,423.4,157.8
317.8,406.33,427.67,511.93
296.47,21.267,360.47,107.67
74.6,293.27,134.33,372.2
13.8,393.53,88.467,511.93
67.133,110.87,133.27,199.4
22.333,149.27,76.733,250.6
125.8,1,324.2,82.067
268.73,74.6,330.6,125.8
79.933,469.27,261.27,511.93
36.2,241,92.733,294.33
326.33,254.87,393.53,353
317.8,417,437.27,497
98.067,321,173.8,393.53
363.67,1,419.13,51.133
88.467,282.6,137.53,345.53
1,225,60.733,374.33
244.2,172.73,321,238.87
289,295.4,382.87,390.33
154.6,62.867,269.8,159.93
361.53,225,437.27,347.67
188.73,284.73,262.33,337
349.8,430.87,417,511.93
1,21.267,110.87,219.67
146.07,66.067,242.07,159.93
312.47,101.27,354.07,159.93
341.27,175.93,437.27,291.13
212.2,429.8,277.27,481
303.93,1,437.27,157.8
179.13,429.8,232.47,511.93
1,314.6,114.07,511.93
30.867,187.67,100.2,265.53
367.93,175.93,411.67,218.6
269.8,300.73,322.07,349.8
200.47,374.33,242.07,433
387.13,122.6,437.27,308.2
235.67,264.47,283.67,332.73
292.2,203.67,367.93,342.33
1,313.53,59.667,398.87
26.6,38.333,94.867,89.533
312.47,1,437.27,162.07
312.47,67.133,358.33,115.13
23.4,101.27,84.2,215.4
172.73,283.67,233.53,338.07
380.73,44.733,437.27,116.2
43.667,241,92.733,294.33
65,268.73,140.73,345.53
262.33,104.47,326.33,183.4
206.87,1,321,267.67
26.6,119.4,85.267,215.4
76.733,291.13,173.8,393.53
1,312.47,71.4,422.33
292.2,132.2,337,185.53
26.6,130.07,103.4,206.87
185.53,161,290.07,249.53
237.8,1,312.47,74.6
33,110.87,118.33,219.67
168.47,451.13,219.67,511.93
1,279.4,55.4,347.67
134.33,298.6,177,374.33
298.6,269.8,348.73,349.8
168.47,1,361.53,246.33
89.533,159.93,133.27,222.87
179.13,447.93,219.67,511.93
43.667,327.4,87.4,376.47
98.067,20.2,215.4,164.2
45.8,84.2,157.8,285.8
226.07,349.8,340.2,412.73
213.27,436.2,353,511.93
56.467,45.8,116.2,121.53
121.53,66.067,252.73,184.47
351.93,443.67,398.87,499.13
68.2,159.93,149.27,266.6
78.867,1,132.2,47.933
148.2,349.8,231.4,470.33
338.07,135.4,399.93,282.6
360.47,168.47,437.27,385
23.4,278.33,98.067,494.87
189.8,234.6,312.47,328.47
395.67,132.2,437.27,182.33
156.73,283.67,262.33,362.6
185.53,204.73,265.53,327.4
129,265.53,189.8,310.33
335.93,1,427.67,148.2
267.67,301.8,319.93,363.67
382.87,452.2,437.27,504.47
207.93,1,271.93,105.53
226.07,357.27,294.33,407.4
42.6,175.93,111.93,293.27
178.07,399.93,231.4,466.07
23.4,327.4,103.4,378.6
253.8,120.47,347.67,239.93
87.4,1,132.2,46.867
94.867,310.33,143.93,371.13
237.8,1,299.67,44.733
25.533,321,87.4,406.33
26.6,130.07,71.4,205.8
21.267,68.2,70.333,115.13
118.33,258.07,181.27,310.33
22.333,149.27,148.2,271.93
193,62.867,269.8,139.67
1,412.73,82.067,477.8
227.13,193,382.87,390.33
189.8,249.53,312.47,328.47
213.27,419.13,353,511.93
357.27,142.87,437.27,390.33
121.53,134.33,209,199.4
99.133,1,252.73,175.93
315.67,1,364.73,69.267
306.07,337,354.07,397.8
167.4,30.867,218.6,94.867
142.87,295.4,202.6,374.33
109.8,312.47,187.67,372.2
231.4,10.6,276.2,66.067
162.07,121.53,232.47,180.2
323.13,321,426.6,511.93
388.2,121.53,437.27,180.2
91.667,3.1333,146.07,73.533
369,143.93,417,195.13
302.87,296.47,353,397.8
225,401,373.27,511.93
153.53,1,312.47,125.8
387.13,19.133,428.73,85.267
221.8,395.67,312.47,477.8
374.33,172.73,414.87,262.33
207.93,1,324.2,200.47
232.47,130.07,308.2,211.13
117.27,451.13,235.67,511.93
1,399.93,73.533,511.93
17,18.067,61.8,60.733
1,189.8,177,511.93
1,249.53,75.667,350.87
342.33,51.133,407.4,95.933
357.27,438.33,397.8,511.93
217.53,1,292.2,142.87
383.93,376.47,433,467.13
295.4,296.47,353,397.8
21.267,21.267,110.87,115.13
1,1,132.2,83.133
342.33,392.47,399.93,446.87
28.733,19.133,74.6,68.2
386.07,458.6,437.27,501.27
163.13,231.4,234.6,292.2
49,321,115.13,407.4
1,269.8,56.467,350.87
20.2,334.87,62.867,392.47
221.8,408.47,281.53,452.2
335.93,37.267,393.53,109.8
72.467,1,190.87,77.8
357.27,142.87,399.93,201.53
126.87,1,190.87,57.533
81,189.8,149.27,266.6
163.13,231.4,223.93,292.2
265.53,300.73,308.2,358.33
141.8,29.8,184.47,135.4
221.8,395.67,312.47,511.93
317.8,406.33,437.27,511.93
118.33,231.4,300.73,328.47
332.73,334.87,382.87,390.33
39.4,393.53,94.867,505.53
127.93,167.4,228.2,228.2
381.8,131.13,437.27,203.67
73.533,113,140.73,185.53
84.2,307.13,174.87,449
279.4,337,329.53,429.8
1,235.67,44.733,355.13
72.467,1,216.47,106.6
1,26.6,42.6,161
101.27,3.1333,146.07,43.667
276.2,134.33,328.47,239.93
308.2,1,355.13,41.533
1,280.47,44.733,341.27
154.6,451.13,221.8,511.93
43.667,223.93,91.667,294.33
74.6,462.87,153.53,511.93
360.47,239.93,437.27,385
349.8,433,409.53,493.8
290.07,123.67,346.6,202.6
206.87,92.733,354.07,377.53
117.27,427.67,183.4,474.6
118.33,257,165.27,333.8
357.27,94.867,423.4,157.8
171.67,97,219.67,143.93
172.73,284.73,298.6,457.53
1,52.2,84.2,137.53
358.33,1,427.67,54.333
308.2,294.33,354.07,373.27
168.47,148.2,258.07,207.93
33,408.47,74.6,473.53
9.5333,84.2,70.333,147.13
1,222.87,57.533,374.33
57.533,274.07,140.73,366.87
68.2,273,140.73,345.53
39.4,175.93,111.93,302.87
100.2,94.867,151.4,182.33
357.27,1,437.27,125.8
295.4,364.73,342.33,412.73
278.33,243.13,353,338.07
387.13,213.27,428.73,263.4
91.667,1,183.4,77.8
130.07,283.67,290.07,511.93
127.93,1,183.4,58.6
73.533,93.8,123.67,161
116.2,418.07,198.33,510.87
257,71.4,326.33,148.2
117.27,451.13,198.33,501.27
293.27,338.07,437.27,511.93
57.533,279.4,98.067,366.87
242.07,452.2,299.67,511.93
82.067,110.87,133.27,199.4
156.73,283.67,262.33,466.07
334.87,158.87,376.47,213.27
17,29.8,113,115.13
91.667,159.93,133.27,220.73
196.2,360.47,242.07,433
1,1,76.733,83.133
279.4,409.53,326.33,470.33
162.07,383.93,216.47,440.47
392.47,435.13,437.27,503.4
76.733,291.13,138.6,371.13
1,313.53,59.667,386.07
39.4,393.53,94.867,487.4
1,317.8,41.533,445.8
124.73,111.93,180.2,175.93
298.6,403.13,373.27,461.8
314.6,296.47,355.13,353
1,204.73,84.2,347.67
173.8,97,221.8,142.87
385,1,427.67,43.667
319.93,81,387.13,159.93
279.4,409.53,326.33,511.93
124.73,129,165.27,184.47
380.73,63.933,426.6,141.8
73.533,84.2,123.67,132.2
268.73,75.667,330.6,150.33
342.33,1,437.27,140.73
36.2,153.53,107.67,267.67
286.87,163.13,328.47,250.6
117.27,451.13,219.67,511.93
363.67,1,427.67,51.133
385,213.27,437.27,348.73
74.6,423.4,153.53,511.93
298.6,409.53,373.27,461.8
274.07,223.93,318.87,283.67
191.93,337,308.2,398.87
298.6,172.73,350.87,349.8
333.8,461.8,376.47,511.93
72.467,55.4,132.2,104.47
172.73,363.67,229.27,419.13
1,162.07,56.467,234.6
342.33,37.267,428.73,140.73
142.87,292.2,212.2,403.13
209,249.53,264.47,308.2
172.73,283.67,305,433
380.73,63.933,431.93,125.8
379.67,239.93,422.33,300.73
286.87,163.13,328.47,225
344.47,213.27,437.27,348.73
193,86.333,242.07,139.67
206.87,390.33,290.07,444.73
1,103.4,51.133,175.93
47.933,428.73,94.867,511.93
215.4,146.07,275.13,212.2
136.47,470.33,210.07,510.87
237.8,1,318.87,41.533
257,74.6,341.27,174.87
1,18.067,61.8,110.87
302.87,300.73,354.07,377.53
331.67,145,380.73,225
26.6,49,81,114.07
276.2,153.53,321,239.93
23.4,101.27,84.2,145
50.067,337,90.6,391.4
306.07,359.4,347.67,412.73
306.07,337,370.07,401
338.07,135.4,410.6,282.6
1,17,62.867,103.4
81,196.2,146.07,290.07
225,118.33,290.07,165.27
341.27,145,395.67,291.13
1,42.6,42.6,161
301.8,294.33,354.07,401
47.933,461.8,153.53,511.93
298.6,227.13,350.87,319.93
246.33,324.2,385,507.67
89.533,339.13,178.07,493.8
148.2,412.73,214.33,458.6
156.73,276.2,265.53,391.4
1,17,43.667,108.73
187.67,93.8,234.6,155.67
317.8,422.33,417,511.93
395.67,122.6,437.27,187.67
257,131.13,308.2,174.87
222.87,1,312.47,174.87
290.07,131.13,346.6,202.6
285.8,358.33,345.53,414.87
387.13,1,427.67,53.267
163.13,125.8,229.27,189.8
51.133,278.33,97,363.67
1,248.47,91.667,350.87
74.6,291.13,173.8,393.53
187.67,265.53,301.8,361.53
395.67,122.6,437.27,238.87
1,162.07,55.4,202.6
118.33,1,230.33,159.93
333.8,92.733,376.47,213.27
23.4,56.467,84.2,124.73
132.2,1,229.27,107.67
330.6,167.4,379.67,225
222.87,92.733,292.2,178.07
18.067,438.33,89.533,511.93
1,162.07,50.067,226.07
124.73,81,247.4,190.87
1,178.07,45.8,290.07
57.533,79.933,146.07,142.87
385,321,437.27,402.07
87.4,431.93,177,481
265.53,233.53,353,312.47
100.2,113,151.4,182.33
367.93,175.93,437.27,241
273,12.733,386.07,113
171.67,94.867,234.6,164.2
162.07,363.67,229.27,440.47
166.33,342.33,218.6,420.2
221.8,92.733,341.27,212.2
276.2,135.4,379.67,246.33
84.2,372.2,125.8,434.07
146.07,20.2,228.2,98.067
156.73,291.13,225,354.07
286.87,401,343.4,460.73
1,1,132.2,76.733
314.6,355.13,385,459.67
268.73,75.667,318.87,116.2
190.87,54.333,244.2,105.53
237.8,440.47,305,504.47
383.93,349.8,437.27,474.6
20.2,113,117.27,186.6
25.533,370.07,78.867,435.13
269.8,300.73,328.47,349.8
162.07,363.67,223.93,428.73
124.73,93.8,245.27,190.87
191.93,360.47,242.07,433
158.87,20.2,215.4,94.867
1,249.53,60.733,350.87
191.93,360.47,305,452.2
1,101.27,84.2,145
163.13,231.4,300.73,328.47
1,1,52.2,85.267
239.93,415.93,302.87,494.87
186.6,374.33,245.27,447.93
84.2,351.93,198.33,511.93
282.6,38.333,327.4,87.4
276.2,143.93,328.47,239.93
357.27,1,406.33,41.533
93.8,370.07,223.93,511.93
202.6,291.13,247.4,332.73
45.8,183.4,86.333,225
26.6,49,71.4,114.07
23.4,357.27,86.333,494.87
116.2,453.27,198.33,510.87
191.93,297.53,290.07,468.2
310.33,21.267,359.4,71.4
169.53,382.87,217.53,466.07
342.33,51.133,417,110.87
121.53,463.93,198.33,511.93
1,412.73,82.067,511.93
1,222.87,57.533,275.13
324.2,1,364.73,43.667
1,225,88.467,350.87
23.4,310.33,130.07,379.67
142.87,295.4,191.93,374.33
274.07,203.67,355.13,383.93
362.6,270.87,407.4,313.53
87.4,197.27,137.53,259.13
72.467,110.87,118.33,175.93
229.27,203.67,279.4,260.2
351.93,421.27,401,511.93
42.6,175.93,105.53,290.07
191.93,297.53,290.07,477.8
225,415.93,302.87,511.93
314.6,386.07,373.27,459.67
303.93,106.6,346.6,152.47
246.33,90.6,294.33,138.6
138.6,267.67,181.27,312.47
1,182.33,44.733,234.6
118.33,434.07,185.53,503.4
382.87,442.6,437.27,504.47
70.333,252.73,138.6,339.13
1,1,79.933,46.867
1,237.8,41.533,310.33
1,162.07,57.533,289
121.53,134.33,209,184.47
338.07,300.73,383.93,390.33
81,190.87,123.67,242.07
1,431.93,59.667,511.93
109.8,361.53,164.2,466.07
324.2,167.4,379.67,239.93
104.47,126.87,149.27,178.07
143.93,212.2,214.33,267.67
55.4,1,129,76.733
212.2,423.4,319.93,511.93
98.067,327.4,173.8,393.53
74.6,189.8,177,372.2
154.6,82.067,229.27,159.93
237.8,440.47,301.8,504.47
110.87,94.867,234.6,185.53
22.333,250.6,62.867,326.33
1,84.2,107.67,150.33
72.467,1,132.2,61.8
367.93,161,437.27,241
294.33,300.73,370.07,403.13
143.93,342.33,212.2,403.13
172.73,283.67,260.2,378.6
72.467,97,151.4,185.53
87.4,189.8,148.2,259.13
198.33,25.533,292.2,105.53
72.467,110.87,149.27,185.53
1,313.53,60.733,425.53
52.2,45.8,113,101.27
1,238.87,62.867,347.67
191.93,345.53,293.27,398.87
206.87,364.73,290.07,444.73
319.93,89.533,362.6,159.93
190.87,54.333,250.6,125.8
286.87,331.67,370.07,401
206.87,169.53,278.33,244.2
33,357.27,86.333,462.87
302.87,273,354.07,377.53
1,314.6,62.867,386.07
121.53,463.93,191.93,511.93
72.467,1,174.87,92.733
274.07,143.93,354.07,308.2
163.13,231.4,223.93,297.53
190.87,26.6,254.87,125.8
185.53,244.2,265.53,327.4
70.333,349.8,113,404.2
108.73,167.4,228.2,299.67
357.27,142.87,398.87,194.07
117.27,451.13,216.47,505.53
1,280.47,44.733,355.13
84.2,397.8,134.33,466.07
189.8,249.53,255.93,313.53
42.6,175.93,111.93,290.07
189.8,249.53,261.27,318.87
238.87,233.53,298.6,332.73
1,313.53,52.2,374.33
89.533,97,180.2,153.53
258.07,163.13,346.6,228.2
331.67,392.47,406.33,500.2
1,79.933,123.67,172.73
98.067,52.2,185.53,159.93
174.87,9.5333,216.47,57.533
50.067,321,111.93,391.4
203.67,62.867,269.8,133.27
18.067,430.87,93.8,511.93
115.13,361.53,164.2,456.47
156.73,40.467,212.2,98.067
332.73,318.87,382.87,390.33
276.2,170.6,328.47,239.93
33,395.67,83.133,473.53
74.6,462.87,117.27,503.4
237.8,453.27,290.07,499.13
116.2,470.33,198.33,510.87
274.07,177,328.47,239.93
29.8,248.47,91.667,309.27
5.2667,280.47,55.4,332.73
130.07,267.67,290.07,511.93
1,222.87,57.533,289
367.93,173.8,437.27,241
164.2,414.87,230.33,511.93
265.53,233.53,312.47,309.27
277.27,38.333,327.4,87.4
91.667,268.73,174.87,333.8
97,222.87,162.07,310.33
25.533,321,78.867,406.33
200.47,292.2,305,433
242.07,452.2,290.07,494.87
206.87,168.47,271.93,249.53
249.53,104.47,313.53,167.4
290.07,22.333,343.4,76.733
51.133,126.87,133.27,206.87
209,249.53,283.67,332.73
71.4,461.8,125.8,511.93
161,349.8,207.93,425.53
190.87,1,258.07,59.667
120.47,294.33,177,374.33
238.87,246.33,298.6,332.73
191.93,345.53,255.93,388.2
89.533,97,187.67,153.53
55.4,221.8,100.2,267.67
1,1,109.8,193
84.2,349.8,243.13,511.93
50.067,154.6,103.4,203.67
190.87,297.53,265.53,366.87
286.87,218.6,330.6,308.2
1,312.47,71.4,386.07
1,143.93,57.533,277.27
295.4,371.13,342.33,412.73
292.2,243.13,337,309.27
143.93,211.13,196.2,260.2
316.73,431.93,357.27,511.93
62.867,291.13,138.6,357.27
200.47,127.93,260.2,170.6
285.8,358.33,372.2,423.4
123.67,268.73,174.87,333.8
315.67,21.267,359.4,69.267
170.6,383.93,217.53,442.6
1,206.87,58.6,251.67
1,143.93,57.533,355.13
219.67,118.33,275.13,188.73
342.33,278.33,393.53,350.87
261.27,405.27,322.07,507.67
63.933,194.07,105.53,265.53
342.33,157.8,399.93,279.4
284.73,263.4,343.4,316.73
239.93,1,299.67,44.733
130.07,468.2,219.67,511.93
225,440.47,305,511.93
1,359.4,88.467,511.93
344.47,132.2,390.33,181.27
3.1333,237.8,52.2,289
173.8,93.8,245.27,180.2
314.6,276.2,367.93,342.33
276.2,183.4,321,239.93
362.6,269.8,437.27,333.8
163.13,94.867,242.07,159.93
87.4,1,174.87,100.2
162.07,1,246.33,45.8
268.73,75.667,317.8,116.2
343.4,354.07,386.07,396.73
57.533,196.2,146.07,366.87
102.33,339.13,178.07,453.27
18.067,438.33,71.4,511.93
136.47,161,229.27,238.87
158.87,40.467,205.8,94.867
100.2,1,151.4,72.467
120.47,298.6,177,374.33
284.73,22.333,343.4,82.067
1,193,57.533,255.93
232.47,300.73,308.2,375.4
191.93,297.53,255.93,388.2
42.6,212.2,91.667,257
135.4,414.87,186.6,474.6
314.6,403.13,373.27,459.67
342.33,278.33,393.53,323.13
1,27.667,43.667,108.73
274.07,241,353,312.47
1,280.47,44.733,347.67
110.87,200.47,170.6,260.2
338.07,133.27,399.93,279.4
341.27,199.4,395.67,291.13
292.2,243.13,337,293.27
1,222.87,57.533,350.87
185.53,231.4,234.6,282.6
200.47,390.33,242.07,433
302.87,300.73,348.73,371.13
262.33,436.2,302.87,497
45.8,153.53,107.67,236.73
232.47,92.733,341.27,211.13
274.07,141.8,337,239.93
41.533,421.27,95.933,511.93
326.33,133.27,437.27,500.2
233.53,234.6,294.33,313.53
225,468.2,271.93,511.93
226.07,357.27,293.27,398.87
90.6,361.53,149.27,455.4
66.067,45.8,109.8,99.133
344.47,239.93,414.87,307.13
29.8,1,98.067,42.6
72.467,1,174.87,78.867
296.47,33,359.4,85.267
118.33,1,230.33,163.13
1,191.93,51.133,260.2
233.53,234.6,290.07,331.67
5.2667,1,98.067,47.933
285.8,363.67,340.2,424.47
351.93,395.67,406.33,500.2
166.33,342.33,245.27,466.07
279.4,371.13,329.53,429.8
79.933,470.33,261.27,511.93
163.13,82.067,252.73,159.93
8.4667,314.6,62.867,392.47
111.93,1,183.4,58.6
212.2,26.6,302.87,82.067
302.87,436.2,353,511.93
271.93,104.47,326.33,146.07
149.27,1,216.47,83.133
24.467,434.07,68.2,507.67
1,380.73,41.533,445.8
76.733,310.33,123.67,371.13
212.2,348.73,285.8,477.8
249.53,77.8,308.2,167.4
123.67,381.8,166.33,436.2
104.47,375.4,185.53,503.4
360.47,276.2,410.6,345.53
1,1,79.933,91.667
292.2,228.2,367.93,342.33
314.6,70.333,423.4,186.6
125.8,211.13,196.2,260.2
298.6,409.53,342.33,461.8
347.67,1,389.27,49
154.6,101.27,229.27,159.93
27.667,340.2,72.467,406.33
361.53,264.47,437.27,347.67
52.2,18.067,95.933,58.6
166.33,313.53,214.33,360.47
294.33,403.13,355.13,472.47
296.47,21.267,358.33,83.133
381.8,45.8,424.47,97
349.8,422.33,394.6,475.67
163.13,231.4,220.73,292.2
215.4,146.07,275.13,200.47
78.867,471.4,124.73,511.93
65,276.2,124.73,325.27
17,29.8,61.8,82.067
273,340.2,317.8,429.8
237.8,92.733,309.27,174.87
39.4,393.53,88.467,444.73
218.6,68.2,269.8,133.27
295.4,371.13,365.8,412.73
244.2,131.13,308.2,211.13
1,266.6,44.733,347.67
26.6,113,118.33,206.87
127.93,171.67,228.2,228.2
326.33,278.33,393.53,353
103.4,171.67,148.2,226.07
258.07,163.13,346.6,264.47
103.4,171.67,148.2,235.67
267.67,303.93,316.73,346.6
226.07,315.67,308.2,386.07
38.333,239.93,180.2,404.2
363.67,1,409.53,51.133
180.2,20.2,228.2,84.2
87.4,1,143.93,100.2
67.133,97,149.27,199.4
258.07,163.13,328.47,273
1,17,43.667,103.4
178.07,399.93,228.2,447.93
185.53,161,290.07,243.13
302.87,163.13,346.6,204.73
72.467,55.4,116.2,104.47
56.467,1,167.4,121.53
226.07,92.733,292.2,134.33
244.2,163.13,346.6,264.47
74.6,291.13,138.6,345.53
217.53,1,326.33,183.4
312.47,67.133,383.93,126.87
276.2,199.4,321,246.33
341.27,145,391.4,291.13
104.47,375.4,223.93,511.93
321,174.87,386.07,281.53
164.2,441.53,230.33,491.67
271.93,71.4,326.33,146.07
274.07,149.27,337,239.93
126.87,1,190.87,58.6
258.07,172.73,321,238.87
395.67,117.27,437.27,182.33
65,153.53,107.67,236.73
337,392.47,406.33,500.2
212.2,436.2,319.93,511.93
257,108.73,341.27,174.87
51.133,131.13,133.27,199.4
164.2,1,230.33,94.867
217.53,36.2,292.2,142.87
57.533,279.4,98.067,339.13
189.8,249.53,255.93,318.87
57.533,274.07,140.73,339.13
281.53,135.4,339.13,193
172.73,284.73,379.67,511.93
327.4,145,395.67,291.13
366.87,83.133,427.67,148.2
296.47,21.267,394.6,107.67
235.67,371.13,279.4,420.2
1,101.27,90.6,219.67
108.73,275.13,177,333.8
206.87,127.93,247.4,179.13
51.133,321,115.13,402.07
87.4,1,230.33,165.27
153.53,1,312.47,60.733
82.067,125.8,131.13,185.53
180.2,97,234.6,155.67
132.2,161,221.8,246.33
162.07,107.67,232.47,180.2
212.2,440.47,277.27,511.93
218.6,1,319.93,200.47
43.667,1,100.2,42.6
351.93,133.27,437.27,500.2
52.2,45.8,110.87,101.27
30.867,187.67,105.53,265.53
385,321,426.6,402.07
283.67,296.47,401,444.73
190.87,326.33,265.53,372.2
292.2,228.2,337,309.27
217.53,1,294.33,142.87
51.133,239.93,180.2,383.93
180.2,83.133,244.2,155.67
238.87,247.4,289,314.6
148.2,81,218.6,126.87
202.6,374.33,245.27,449
29.8,462.87,107.67,511.93
294.33,300.73,379.67,446.87
123.67,312.47,182.33,364.73
1,206.87,88.467,350.87
1,395.67,83.133,511.93
43.667,223.93,91.667,302.87
19.133,278.33,118.33,435.13
104.47,361.53,149.27,419.13
260.2,194.07,300.73,238.87
81,154.6,153.53,242.07
212.2,348.73,281.53,477.8
76.733,370.07,130.07,418.07
190.87,1,235.67,59.667
104.47,370.07,223.93,511.93
1,103.4,51.133,145
71.4,471.4,119.4,511.93
298.6,12.733,386.07,84.2
136.47,470.33,216.47,511.93
1,1,98.067,89.533
137.53,1,190.87,57.533
185.53,161,247.4,204.73
296.47,36.2,360.47,107.67
5.2667,1,98.067,89.533
258.07,104.47,309.27,174.87
299.67,247.4,353,309.27
50.067,321,90.6,407.4
143.93,211.13,186.6,260.2
71.4,349.8,113,404.2
162.07,93.8,245.27,180.2
88.467,302.87,130.07,345.53
227.13,203.67,358.33,383.93
26.6,1,109.8,99.133
3.1333,295.4,44.733,341.27
12.733,235.67,57.533,277.27
72.467,1,145,77.8
172.73,291.13,242.07,362.6
363.67,205.8,437.27,348.73
185.53,243.13,265.53,327.4
232.47,324.2,311.4,379.67
23.4,310.33,130.07,435.13
247.4,452.2,290.07,511.93
342.33,318.87,382.87,390.33
1,250.6,62.867,326.33
116.2,381.8,198.33,510.87
190.87,326.33,265.53,366.87
121.53,134.33,228.2,228.2
78.867,471.4,153.53,511.93
225,118.33,268.73,165.27
168.47,155.67,248.47,197.27
335.93,37.267,393.53,104.47
1,191.93,57.533,255.93
132.2,85.267,218.6,135.4
380.73,63.933,431.93,114.07
206.87,169.53,271.93,217.53
277.27,38.333,334.87,113
342.33,415.93,396.73,500.2
1,433,50.067,511.93
258.07,131.13,298.6,174.87
1,225,75.667,374.33
232.47,364.73,295.4,405.27
1,313.53,42.6,374.33
91.667,243.13,177,333.8
342.33,1,433,140.73
98.067,291.13,138.6,334.87
22.333,114.07,76.733,250.6
1,63.933,46.867,104.47
1,101.27,73.533,172.73
74.6,462.87,149.27,511.93
219.67,146.07,275.13,188.73
1,129,42.6,183.4
317.8,67.133,360.47,119.4
100.2,113,149.27,182.33
314.6,49,360.47,119.4
85.267,189.8,148.2,259.13
296.47,21.267,358.33,115.13
172.73,284.73,298.6,461.8
26.6,61.8,71.4,114.07
246.33,324.2,292.2,373.27
26.6,119.4,71.4,215.4
269.8,440.47,322.07,507.67
191.93,326.33,255.93,388.2
341.27,199.4,395.67,243.13
237.8,453.27,300.73,504.47
14.867,18.067,61.8,82.067
1,101.27,50.067,207.93
342.33,215.4,399.93,279.4
190.87,326.33,265.53,377.53
179.13,286.87,265.53,391.4
213.27,451.13,306.07,511.93
289,295.4,335.93,356.2
74.6,293.27,138.6,372.2
226.07,358.33,294.33,407.4
298.6,12.733,386.07,69.267
50.067,157.8,103.4,199.4
104.47,361.53,149.27,450.07
74.6,427.67,165.27,511.93
8.4667,314.6,56.467,365.8
342.33,51.133,417,140.73
283.67,401,333.8,444.73
190.87,54.333,254.87,125.8
380.73,63.933,426.6,139.67
1,103.4,51.133,171.67
237.8,1,299.67,41.533
122.6,97,180.2,153.53
255.93,337,308.2,386.07
206.87,169.53,290.07,217.53
17,18.067,61.8,75.667
245.27,26.6,302.87,82.067
84.2,398.87,134.33,466.07
84.2,351.93,198.33,510.87
1,225,54.333,291.13
44.733,349.8,130.07,434.07
179.13,286.87,221.8,391.4
190.87,1,233.53,59.667
1,370.07,83.133,511.93
49,321,115.13,402.07
25.533,370.07,68.2,435.13
222.87,68.2,299.67,134.33
206.87,131.13,290.07,244.2
58.6,187.67,105.53,265.53
156.73,73.533,252.73,163.13
1,393.53,88.467,511.93
249.53,389.27,322.07,507.67
342.33,415.93,406.33,500.2
37.267,101.27,84.2,141.8
27.667,359.4,88.467,455.4
303.93,108.73,346.6,152.47
87.4,1,143.93,94.867
212.2,348.73,263.4,477.8
40.467,462.87,107.67,511.93
227.13,127.93,296.47,178.07
22.333,149.27,105.53,271.93
363.67,2.0667,415.93,54.333
221.8,429.8,281.53,477.8
1,349.8,130.07,511.93
209,249.53,264.47,306.07
190.87,54.333,250.6,107.67
218.6,1,319.93,178.07
221.8,397.8,281.53,477.8
1,313.53,60.733,374.33
22.333,95.933,76.733,250.6
205.8,1,246.33,45.8
1,143.93,41.533,255.93
162.07,126.87,232.47,180.2
207.93,27.667,255.93,105.53
374.33,27.667,418.07,70.333
1,103.4,51.133,159.93
37.267,21.267,95.933,73.533
79.933,1,154.6,70.333
1,143.93,41.533,203.67
351.93,99.133,393.53,143.93
168.47,1,324.2,209
29.8,242.07,75.667,299.67
223.93,1,264.47,44.733
222.87,31.933,309.27,174.87
90.6,410.6,132.2,455.4
249.53,363.67,340.2,507.67
245.27,26.6,302.87,75.667
42.6,175.93,105.53,287.93
221.8,254.87,300.73,328.47
185.53,161,290.07,204.73
346.6,110.87,412.73,177
314.6,99.133,423.4,186.6
212.2,348.73,255.93,414.87
1,314.6,62.867,419.13
70.333,275.13,138.6,339.13
42.6,191.93,98.067,269.8
284.73,263.4,326.33,308.2
70.333,258.07,138.6,339.13
212.2,82.067,252.73,136.47
12.733,191.93,57.533,277.27
170.6,283.67,285.8,511.93
213.27,451.13,300.73,511.93
294.33,424.47,335.93,511.93
130.07,382.87,194.07,438.33
29.8,234.6,129,309.27
22.333,149.27,85.267,197.27
353,434.07,396.73,500.2
164.2,441.53,230.33,511.93
357.27,1,437.27,70.333
342.33,1,437.27,177
361.53,133.27,403.13,189.8
252.73,46.867,302.87,90.6
106.6,66.067,157.8,130.07
357.27,1,437.27,88.467
84.2,327.4,145,383.93
55.4,113,118.33,175.93
178.07,366.87,245.27,466.07
302.87,300.73,348.73,397.8
148.2,81,203.67,139.67
242.07,405.27,339.13,511.93
196.2,350.87,295.4,405.27
342.33,1,428.73,140.73
317.8,433,394.6,497
115.13,410.6,185.53,503.4
249.53,363.67,385,507.67
79.933,84.2,123.67,132.2
283.67,371.13,365.8,444.73
124.73,129,165.27,190.87
274.07,203.67,335.93,261.27
58.6,462.87,107.67,503.4
342.33,133.27,399.93,279.4
38.333,72.467,191.93,404.2
154.6,12.733,236.73,94.867
314.6,99.133,423.4,152.47
22.333,334.87,62.867,386.07
116.2,380.73,198.33,510.87
191.93,348.73,285.8,511.93
277.27,203.67,335.93,261.27
230.33,181.27,276.2,244.2
56.467,45.8,143.93,121.53
332.73,334.87,378.6,379.67
44.733,349.8,113,434.07
27.667,321,72.467,406.33
247.4,452.2,290.07,499.13
26.6,1,109.8,133.27
1,235.67,75.667,309.27
351.93,383.93,406.33,500.2
111.93,427.67,163.13,492.73
223.93,1,271.93,54.333
84.2,291.13,169.53,383.93
178.07,388.2,231.4,466.07
70.333,278.33,116.2,339.13
22.333,149.27,76.733,197.27
34.067,424.47,82.067,473.53
15.933,412.73,58.6,466.07
65,257,130.07,325.27
363.67,300.73,405.27,348.73
67.133,97,146.07,199.4
111.93,427.67,158.87,492.73
106.6,66.067,149.27,122.6
56.467,75.667,116.2,121.53
87.4,239.93,130.07,287.93
55.4,221.8,100.2,265.53
73.533,113,118.33,175.93
283.67,401,344.47,444.73
33,426.6,73.533,473.53
274.07,203.67,353,383.93
55.4,131.13,133.27,199.4
52.2,159.93,103.4,206.87
317.8,433,394.6,511.93
46.867,7.4,95.933,47.933
233.53,397.8,281.53,447.93
1,225,75.667,350.87
276.2,143.93,354.07,239.93
25.533,114.07,73.533,172.73
221.8,390.33,319.93,462.87
237.8,1,312.47,53.267
1,255.93,60.733,350.87
168.47,148.2,248.47,197.27
9.5333,103.4,51.133,159.93
9.5333,7.4,95.933,47.933
254.87,92.733,309.27,174.87
257,393.53,298.6,457.53
317.8,422.33,394.6,511.93
57.533,278.33,98.067,325.27
118.33,434.07,185.53,492.73
178.07,421.27,231.4,466.07
63.933,72.467,123.67,122.6
106.6,66.067,148.2,109.8
87.4,418.07,188.73,481
335.93,172.73,380.73,221.8
392.47,452.2,437.27,503.4
179.13,286.87,221.8,347.67
185.53,161,270.87,204.73
30.867,193,76.733,250.6
10.6,119.4,71.4,193
154.6,101.27,201.53,159.93
10.6,1,109.8,193
255.93,44.733,299.67,97
297.53,243.13,353,309.27
187.67,296.47,242.07,366.87
342.33,99.133,393.53,143.93
133.27,351.93,173.8,392.47
73.533,110.87,140.73,185.53
82.067,171.67,148.2,260.2
22.333,1,167.4,250.6
335.93,172.73,380.73,216.47
178.07,374.33,245.27,466.07
1,1,100.2,53.267
203.67,62.867,255.93,105.53
87.4,1,137.53,46.867
342.33,1,427.67,141.8
314.6,276.2,367.93,338.07
55.4,97,149.27,267.67
298.6,21.267,342.33,69.267
22.333,95.933,85.267,250.6
82.067,125.8,131.13,167.4
342.33,300.73,401,346.6
87.4,189.8,177,333.8
230.33,181.27,276.2,242.07
55.4,1,132.2,76.733
296.47,21.267,358.33,102.33
212.2,27.667,267.67,77.8
84.2,365.8,133.27,434.07
357.27,1,406.33,42.6
26.6,1,109.8,120.47
172.73,284.73,242.07,362.6
124.73,103.4,180.2,175.93
361.53,269.8,437.27,347.67
167.4,17,216.47,94.867
374.33,269.8,437.27,333.8
178.07,421.27,245.27,466.07
169.53,382.87,225,469.27
132.2,9.5333,216.47,107.67
138.6,171.67,228.2,228.2
100.2,258.07,177,333.8
26.6,187.67,105.53,271.93
107.67,179.13,153.53,235.67
1,168.47,57.533,255.93
314.6,100.2,359.4,152.47
187.67,93.8,245.27,155.67
24.467,412.73,72.467,479.93
1,314.6,56.467,376.47
7.4,1,100.2,42.6
221.8,393.53,296.47,438.33
38.333,340.2,102.33,404.2
84.2,269.8,180.2,383.93
84.2,239.93,180.2,383.93
111.93,443.67,158.87,492.73
26.6,1,98.067,89.533
286.87,141.8,327.4,205.8
258.07,218.6,321,267.67
87.4,189.8,148.2,250.6
134.33,305,182.33,370.07
190.87,326.33,265.53,371.13
124.73,1,252.73,175.93
257,1,312.47,41.533
10.6,138.6,71.4,193
18.067,438.33,61.8,501.27
274.07,185.53,328.47,239.93
297.53,243.13,353,338.07
357.27,1,418.07,70.333
298.6,12.733,356.2,69.267
98.067,327.4,145,383.93
276.2,172.73,328.47,239.93
342.33,51.133,417,95.933
81,154.6,124.73,242.07
222.87,46.867,309.27,174.87
292.2,243.13,353,338.07
126.87,9.5333,216.47,83.133
73.533,110.87,148.2,260.2
26.6,38.333,77.8,89.533
84.2,365.8,133.27,439.4
132.2,39.4,210.07,107.67
25.533,114.07,73.533,159.93
274.07,172.73,335.93,279.4
84.2,305,169.53,383.93
136.47,161,221.8,233.53
94.867,9.5333,216.47,106.6
206.87,169.53,285.8,244.2
37.267,38.333,77.8,81
78.867,471.4,125.8,511.93
132.2,28.733,210.07,107.67
1,393.53,94.867,511.93
141.8,29.8,184.47,85.267
353,157.8,393.53,226.07
274.07,172.73,335.93,308.2
118.33,428.73,185.53,503.4
180.2,97,221.8,142.87
294.33,300.73,348.73,397.8
100.2,1,157.8,72.467
118.33,43.667,161,99.133
342.33,1,394.6,87.4
156.73,283.67,225,354.07
232.47,364.73,277.27,420.2
351.93,434.07,396.73,500.2
165.27,369,229.27,469.27
22.333,113,76.733,250.6
187.67,107.67,234.6,155.67
56.467,1,143.93,121.53
351.93,99.133,423.4,143.93
164.2,51.133,244.2,155.67
37.267,1,98.067,73.533
136.47,161,221.8,246.33
36.2,248.47,89.533,301.8
132.2,39.4,207.93,107.67
73.533,110.87,140.73,206.87
191.93,348.73,285.8,477.8
342.33,1,426.6,141.8
78.867,1,129,47.933
255.93,44.733,319.93,113
302.87,440.47,353,511.93
5.2667,255.93,60.733,332.73
63.933,187.67,105.53,265.53
142.87,82.067,185.53,159.93
10.6,138.6,71.4,182.33
39.4,393.53,88.467,507.67
118.33,57.533,161,99.133
207.93,51.133,255.93,105.53
247.4,452.2,290.07,494.87
84.2,291.13,180.2,383.93
180.2,51.133,244.2,155.67
9.5333,108.73,51.133,159.93
169.53,383.93,217.53,466.07
1,280.47,55.4,374.33
222.87,68.2,292.2,134.33
38.333,363.67,93.8,404.2
156.73,291.13,225,331.67
1,193,52.2,255.93
187.67,296.47,234.6,351.93
123.67,307.13,169.53,350.87
22.333,149.27,75.667,197.27
274.07,223.93,317.8,267.67
56.467,79.933,123.67,161
1,237.8,41.533,291.13
100.2,113,140.73,182.33
73.533,115.13,117.27,161
169.53,382.87,223.93,466.07
242.07,247.4,294.33,313.53
1,333.8,42.6,374.33
10.6,138.6,71.4,187.67
218.6,68.2,269.8,132.2
