238.87,190.87,383.93,511.93
72.467,1,207.93,107.67
50.067,105.53,291.13,467.13
1,88.467,383.93,511.93
306.07,136.47,354.07,219.67
25.533,36.2,206.87,291.13
125.8,1,362.6,278.33
198.33,41.533,383.93,351.93
1,1,383.93,511.93
43.667,1,383.93,359.4
125.8,1,291.13,242.07
182.33,1,383.93,511.93
29.8,1,383.93,351.93
65,1,263.4,306.07
125.8,91.667,216.47,152.47
216.47,374.33,276.2,444.73
251.67,153.53,358.33,278.33
181.27,50.067,343.4,295.4
25.533,1,383.93,511.93
43.667,104.47,321,359.4
38.333,36.2,383.93,511.93
94.867,147.13,139.67,228.2
23.4,1,238.87,171.67
153.53,114.07,230.33,214.33
202.6,104.47,347.67,262.33
123.67,312.47,383.93,511.93
1,1,165.27,354.07
30.867,1,383.93,511.93
1,284.73,383.93,511.93
79.933,349.8,383.93,511.93
1,1,383.93,386.07
255.93,300.73,383.93,467.13
189.8,76.733,347.67,300.73
29.8,1,383.93,511.93
36.2,38.333,321,365.8
38.333,145,116.2,347.67
60.733,147.13,383.93,511.93
317.8,1,383.93,164.2
1,124.73,155.67,511.93
238.87,1,383.93,250.6
300.73,424.47,383.93,511.93
264.47,1,383.93,511.93
78.867,300.73,383.93,462.87
73.533,1,290.07,126.87
30.867,1,362.6,365.8
39.4,1,290.07,217.53
1,1,383.93,359.4
324.2,11.667,383.93,89.533
195.13,374.33,276.2,443.67
24.467,127.93,116.2,347.67
280.47,105.53,383.93,331.67
60.733,76.733,383.93,511.93
139.67,298.6,289,436.2
137.53,405.27,383.93,511.93
60.733,177,118.33,242.07
73.533,1,236.73,107.67
87.4,312.47,383.93,511.93
60.733,1,383.93,511.93
201.53,79.933,253.8,125.8
1,127.93,154.6,511.93
73.533,1,383.93,278.33
303.93,260.2,369,300.73
47.933,1,382.87,250.6
1,102.33,131.13,511.93
1,284.73,137.53,511.93
81,311.4,183.4,422.33
227.13,254.87,383.93,511.93
65,1,383.93,306.07
79.933,349.8,155.67,511.93
264.47,107.67,383.93,511.93
246.33,1,348.73,108.73
23.4,1,207.93,133.27
60.733,147.13,285.8,511.93
181.27,1,383.93,295.4
319.93,6.3333,383.93,248.47
334.87,455.4,377.53,500.2
277.27,342.33,321,390.33
1,1,125.8,141.8
81,303.93,233.53,383.93
326.33,284.73,383.93,388.2
23.4,1,383.93,511.93
113,449,214.33,511.93
60.733,107.67,233.53,376.47
1,152.47,123.67,511.93
39.4,1,383.93,331.67
1,1,169.53,511.93
148.2,340.2,286.87,452.2
239.93,233.53,383.93,451.13
1,1,162.07,511.93
60.733,147.13,213.27,364.73
39.4,1,383.93,511.93
76.733,107.67,134.33,234.6
246.33,1,383.93,331.67
156.73,449,214.33,511.93
255.93,231.4,383.93,467.13
189.8,76.733,383.93,388.2
147.13,460.73,260.2,511.93
125.8,91.667,216.47,153.53
202.6,84.2,383.93,396.73
1,233.53,383.93,511.93
60.733,107.67,321,376.47
252.73,161,310.33,212.2
148.2,340.2,286.87,417
65,1,383.93,386.07
38.333,36.2,319.93,376.47
212.2,161,343.4,295.4
136.47,365.8,184.47,425.53
273,404.2,343.4,511.93
30.867,1,362.6,278.33
125.8,91.667,231.4,242.07
202.6,88.467,383.93,388.2
25.533,1,383.93,291.13
1,289,215.4,511.93
133.27,365.8,195.13,501.27
50.067,84.2,383.93,511.93
133.27,1,363.67,154.6
269.8,76.733,344.47,153.53
37.267,38.333,163.13,295.4
1,284.73,140.73,511.93
131.13,94.867,238.87,171.67
291.13,300.73,369,407.4
30.867,1,236.73,125.8
259.13,306.07,383.93,511.93
36.2,38.333,383.93,511.93
23.4,1,319.93,511.93
110.87,332.73,218.6,453.27
65,124.73,175.93,306.07
125.8,91.667,238.87,171.67
181.27,50.067,307.13,181.27
1,105.53,137.53,511.93
1,1,90.6,183.4
55.4,111.93,165.27,326.33
110.87,386.07,284.73,511.93
1,1,165.27,511.93
209,182.33,325.27,326.33
215.4,1,383.93,248.47
1,1,59.667,274.07
326.33,305,383.93,387.13
60.733,111.93,383.93,511.93
133.27,451.13,196.2,511.93
81,233.53,383.93,467.13
1,1,155.67,511.93
1,1,154.6,511.93
139.67,298.6,212.2,347.67
280.47,231.4,347.67,287.93
125.8,59.667,237.8,169.53
65,287.93,165.27,382.87
47.933,279.4,298.6,511.93
47.933,1,383.93,250.6
172.73,153.53,233.53,289
103.4,254.87,383.93,511.93
212.2,186.6,333.8,305
72.467,1,279.4,107.67
303.93,1,383.93,209
215.4,104.47,310.33,202.6
60.733,111.93,285.8,467.13
81,303.93,286.87,501.27
81,298.6,289,467.13
182.33,137.53,228.2,210.07
47.933,291.13,298.6,511.93
185.53,1,338.07,126.87
227.13,1,362.6,278.33
213.27,22.333,263.4,68.2
289,267.67,337,338.07
30.867,1,121.53,125.8
280.47,1,383.93,248.47
1,281.53,162.07,511.93
204.73,366.87,286.87,452.2
1,1,193,328.47
60.733,107.67,383.93,511.93
55.4,111.93,319.93,364.73
271.93,105.53,383.93,311.4
60.733,107.67,165.27,300.73
330.6,174.87,382.87,254.87
289,233.53,383.93,396.73
60.733,147.13,167.4,447.93
47.933,291.13,155.67,486.33
174.87,55.4,290.07,126.87
179.13,422.33,284.73,511.93
50.067,105.53,291.13,360.47
1,1,383.93,278.33
131.13,94.867,238.87,169.53
39.4,1,290.07,154.6
47.933,111.93,319.93,511.93
133.27,387.13,284.73,511.93
228.2,65,305,153.53
332.73,316.73,383.93,367.93
43.667,107.67,165.27,351.93
238.87,267.67,383.93,511.93
330.6,173.8,383.93,277.27
280.47,231.4,383.93,387.13
101.27,369,165.27,473.53
182.33,1,383.93,311.4
79.933,349.8,255.93,511.93
89.533,359.4,284.73,511.93
1,289,383.93,511.93
289,426.6,383.93,511.93
78.867,312.47,142.87,367.93
325.27,139.67,383.93,248.47
7.4,200.47,54.333,295.4
30.867,1,243.13,151.4
165.27,1,251.67,43.667
131.13,140.73,319.93,364.73
133.27,1,383.93,248.47
1,127.93,54.333,295.4
81,311.4,253.8,467.13
303.93,243.13,373.27,290.07
244.2,1,382.87,250.6
226.07,245.27,319.93,339.13
189.8,103.4,280.47,169.53
251.67,174.87,312.47,266.6
1,1,137.53,511.93
280.47,190.87,343.4,241
295.4,60.733,354.07,146.07
246.33,186.6,333.8,249.53
60.733,147.13,292.2,511.93
284.73,47.933,383.93,311.4
246.33,1,358.33,108.73
43.667,269.8,140.73,351.93
23.4,1,74.6,133.27
167.4,137.53,267.67,273
202.6,76.733,347.67,262.33
25.533,153.53,109.8,280.47
331.67,10.6,383.93,164.2
126.87,422.33,376.47,511.93
189.8,88.467,383.93,467.13
106.6,373.27,295.4,511.93
330.6,381.8,383.93,500.2
276.2,45.8,354.07,126.87
72.467,1,275.13,99.133
110.87,316.73,292.2,511.93
292.2,45.8,354.07,111.93
133.27,102.33,229.27,190.87
132.2,104.47,321,359.4
134.33,316.73,213.27,364.73
137.53,145,321,359.4
76.733,107.67,129,226.07
1,1,46.867,130.07
182.33,137.53,261.27,213.27
264.47,254.87,383.93,511.93
339.13,414.87,383.93,511.93
110.87,385,298.6,511.93
291.13,315.67,369,407.4
300.73,93.8,383.93,249.53
227.13,1,362.6,135.4
301.8,375.4,383.93,467.13
301.8,375.4,383.93,437.27
98.067,38.333,174.87,92.733
268.73,153.53,311.4,212.2
271.93,76.733,346.6,153.53
1,1,169.53,347.67
78.867,313.53,159.93,385
30.867,1,125.8,125.8
125.8,91.667,237.8,169.53
172.73,153.53,236.73,289
230.33,397.8,283.67,452.2
113,387.13,161,484.2
37.267,1,193,295.4
60.733,147.13,161,311.4
249.53,393.53,383.93,511.93
301.8,173.8,383.93,472.47
88.467,1,263.4,166.33
71.4,279.4,297.53,511.93
182.33,1,338.07,237.8
57.533,1,107.67,52.2
166.33,354.07,267.67,414.87
1,1,165.27,300.73
73.533,1,383.93,190.87
29.8,1,383.93,213.27
189.8,88.467,333.8,305
88.467,367.93,155.67,511.93
238.87,1,362.6,278.33
163.13,351.93,285.8,452.2
220.73,441.53,298.6,489.53
162.07,97,216.47,138.6
60.733,147.13,165.27,382.87
238.87,312.47,383.93,511.93
299.67,136.47,354.07,233.53
88.467,38.333,183.4,100.2
245.27,153.53,342.33,278.33
251.67,153.53,311.4,242.07
1,129,155.67,511.93
69.267,255.93,126.87,302.87
55.4,111.93,165.27,293.27
306.07,107.67,383.93,249.53
109.8,140.73,273,376.47
312.47,175.93,354.07,218.6
133.27,102.33,261.27,213.27
286.87,47.933,358.33,146.07
246.33,1,383.93,209
205.8,169.53,290.07,242.07
197.27,373.27,276.2,443.67
43.667,250.6,140.73,351.93
133.27,451.13,215.4,511.93
189.8,103.4,311.4,212.2
225,103.4,280.47,149.27
251.67,153.53,342.33,278.33
301.8,59.667,357.27,123.67
251.67,1,383.93,311.4
133.27,102.33,271.93,217.53
163.13,351.93,292.2,452.2
30.867,1,236.73,151.4
60.733,111.93,207.93,376.47
227.13,1,329.53,106.6
197.27,373.27,276.2,434.07
301.8,268.73,383.93,472.47
125.8,83.133,261.27,213.27
301.8,60.733,357.27,123.67
1,252.73,155.67,511.93
190.87,1,251.67,67.133
156.73,348.73,297.53,444.73
111.93,114.07,339.13,386.07
212.2,199.4,291.13,295.4
110.87,316.73,292.2,505.53
202.6,88.467,383.93,396.73
81,303.93,233.53,385
39.4,1,193,109.8
163.13,359.4,223.93,429.8
276.2,12.733,362.6,126.87
292.2,412.73,383.93,511.93
29.8,1,383.93,311.4
110.87,316.73,216.47,438.33
1,136.47,87.4,369
90.6,148.2,133.27,222.87
261.27,342.33,323.13,436.2
126.87,274.07,233.53,376.47
133.27,387.13,215.4,511.93
88.467,1,289,125.8
184.47,153.53,233.53,213.27
78.867,312.47,289,467.13
317.8,95.933,360.47,147.13
219.67,396.73,285.8,438.33
163.13,351.93,285.8,437.27
126.87,211.13,223.93,383.93
125.8,59.667,237.8,190.87
244.2,391.4,319.93,451.13
301.8,219.67,373.27,322.07
76.733,186.6,175.93,306.07
60.733,147.13,165.27,385
257,148.2,310.33,202.6
78.867,300.73,383.93,511.93
1,289,131.13,511.93
180.2,147.13,383.93,511.93
24.467,29.8,169.53,347.67
301.8,107.67,383.93,500.2
106.6,396.73,153.53,511.93
89.533,359.4,183.4,488.47
50.067,105.53,383.93,511.93
78.867,312.47,159.93,367.93
60.733,111.93,211.13,376.47
303.93,242.07,383.93,388.2
216.47,436.2,284.73,511.93
182.33,179.13,227.13,242.07
301.8,1,383.93,248.47
47.933,1,238.87,171.67
326.33,284.73,383.93,387.13
301.8,269.8,383.93,450.07
77.8,313.53,200.47,467.13
340.2,328.47,383.93,387.13
78.867,313.53,201.53,450.07
29.8,1,129,207.93
246.33,1,383.93,46.867
202.6,76.733,347.67,300.73
158.87,422.33,255.93,511.93
247.4,314.6,366.87,511.93
78.867,312.47,289,455.4
280.47,105.53,366.87,239.93
133.27,359.4,286.87,462.87
202.6,104.47,277.27,169.53
54.333,1,110.87,109.8
301.8,268.73,383.93,388.2
303.93,76.733,346.6,135.4
319.93,10.6,383.93,186.6
159.93,7.4,254.87,94.867
332.73,244.2,383.93,319.93
158.87,1,285.8,218.6
227.13,1,347.67,99.133
41.533,263.4,98.067,355.13
232.47,1,291.13,99.133
125.8,83.133,238.87,171.67
310.33,65,357.27,123.67
181.27,50.067,281.53,171.67
198.33,38.333,383.93,278.33
227.13,1,383.93,100.2
125.8,83.133,238.87,170.6
285.8,244.2,343.4,297.53
103.4,373.27,295.4,511.93
73.533,1,227.13,107.67
284.73,134.33,354.07,219.67
52.2,295.4,155.67,486.33
24.467,241,155.67,486.33
111.93,114.07,290.07,337
215.4,104.47,283.67,190.87
63.933,291.13,130.07,351.93
331.67,1,383.93,186.6
50.067,300.73,155.67,511.93
198.33,38.333,358.33,278.33
158.87,422.33,261.27,511.93
1,1,153.53,511.93
343.4,175.93,383.93,331.67
179.13,362.6,285.8,453.27
30.867,1,81,125.8
324.2,11.667,383.93,184.47
246.33,153.53,311.4,228.2
168.47,406.33,253.8,467.13
238.87,190.87,383.93,472.47
91.667,335.93,142.87,383.93
274.07,65,339.13,108.73
209,397.8,282.6,443.67
235.67,73.533,281.53,115.13
300.73,136.47,354.07,233.53
163.13,351.93,266.6,413.8
47.933,1,289,171.67
156.73,348.73,297.53,443.67
60.733,124.73,165.27,300.73
60.733,147.13,285.8,467.13
73.533,1,383.93,135.4
203.67,199.4,319.93,339.13
306.07,136.47,351.93,219.67
255.93,321,323.13,436.2
339.13,452.2,383.93,511.93
183.4,140.73,230.33,189.8
59.667,1,106.6,52.2
126.87,298.6,223.93,383.93
60.733,166.33,165.27,300.73
174.87,7.4,254.87,94.867
180.2,147.13,325.27,326.33
78.867,313.53,285.8,467.13
182.33,179.13,231.4,242.07
302.87,269.8,370.07,332.73
126.87,238.87,233.53,376.47
301.8,269.8,383.93,472.47
119.4,366.87,194.07,472.47
232.47,113,307.13,181.27
182.33,1,338.07,247.4
243.13,277.27,286.87,319.93
334.87,452.2,383.93,511.93
185.53,355.13,267.67,414.87
201.53,47.933,363.67,153.53
300.73,93.8,351.93,182.33
148.2,388.2,253.8,467.13
91.667,220.73,161,311.4
109.8,140.73,319.93,376.47
75.667,117.27,120.47,172.73
60.733,166.33,159.93,300.73
301.8,269.8,383.93,382.87
101.27,369,255.93,511.93
286.87,47.933,383.93,268.73
73.533,1,193,92.733
109.8,140.73,273,364.73
78.867,313.53,286.87,462.87
214.33,100.2,314.6,228.2
47.933,291.13,140.73,482.07
301.8,193,383.93,500.2
197.27,390.33,276.2,434.07
125.8,91.667,238.87,170.6
332.73,322.07,383.93,376.47
60.733,206.87,105.53,274.07
108.73,341.27,167.4,447.93
303.93,242.07,375.4,300.73
55.4,111.93,121.53,173.8
1,1,55.4,300.73
295.4,47.933,358.33,146.07
125.8,311.4,166.33,357.27
111.93,130.07,223.93,337
71.4,279.4,211.13,376.47
264.47,314.6,366.87,511.93
67.133,186.6,110.87,262.33
43.667,269.8,165.27,473.53
111.93,130.07,199.4,225
126.87,303.93,233.53,365.8
1,1,51.133,305
39.4,1,217.53,154.6
189.8,104.47,277.27,169.53
221.8,170.6,267.67,217.53
137.53,145,209,314.6
60.733,147.13,213.27,372.2
264.47,254.87,366.87,511.93
263.4,117.27,306.07,157.8
1,1,70.333,328.47
172.73,159.93,319.93,339.13
158.87,1,291.13,218.6
327.4,323.13,383.93,430.87
205.8,169.53,267.67,219.67
227.13,1,299.67,106.6
78.867,313.53,159.93,383.93
238.87,1,383.93,126.87
233.53,72.467,300.73,126.87
54.333,29.8,169.53,210.07
195.13,374.33,276.2,429.8
212.2,199.4,255.93,289
183.4,425.53,233.53,487.4
65,287.93,119.4,354.07
25.533,27.667,73.533,121.53
29.8,1,172.73,207.93
133.27,365.8,263.4,455.4
302.87,76.733,346.6,135.4
245.27,45.8,349.8,126.87
29.8,1,121.53,133.27
238.87,1,383.93,148.2
281.53,190.87,383.93,351.93
133.27,1,215.4,47.933
312.47,1,383.93,248.47
236.73,1,299.67,77.8
319.93,10.6,383.93,248.47
189.8,88.467,311.4,212.2
133.27,102.33,177,142.87
274.07,407.4,332.73,461.8
180.2,132.2,231.4,242.07
126.87,302.87,223.93,383.93
289,253.8,341.27,300.73
126.87,303.93,233.53,376.47
133.27,7.4,363.67,154.6
126.87,422.33,291.13,511.93
1,252.73,98.067,355.13
238.87,1,351.93,278.33
183.4,140.73,257,196.2
147.13,269.8,209,314.6
137.53,405.27,194.07,482.07
1,1,54.333,305
78.867,211.13,289,467.13
284.73,193,373.27,331.67
215.4,17,266.6,73.533
181.27,393.53,258.07,434.07
137.53,392.47,193,472.47
125.8,83.133,244.2,170.6
317.8,85.267,383.93,209
223.93,372.2,277.27,415.93
1,282.6,138.6,511.93
294.33,212.2,353,278.33
110.87,341.27,196.2,467.13
77.8,313.53,285.8,467.13
133.27,355.13,286.87,462.87
72.467,1,383.93,213.27
193,7.4,250.6,60.733
335.93,331.67,383.93,472.47
106.6,373.27,178.07,511.93
261.27,300.73,383.93,437.27
238.87,312.47,346.6,436.2
321,118.33,378.6,202.6
259.13,1,333.8,77.8
133.27,354.07,289,455.4
81,303.93,233.53,501.27
52.2,295.4,97,355.13
25.533,105.53,115.13,280.47
94.867,49,215.4,166.33
244.2,1,339.13,126.87
204.73,366.87,257,411.67
337,43.667,383.93,186.6
30.867,1,115.13,125.8
133.27,343.4,286.87,462.87
1,102.33,79.933,353
78.867,257,141.8,325.27
273,41.533,338.07,99.133
133.27,102.33,193,143.93
332.73,322.07,383.93,367.93
179.13,423.4,271.93,511.93
1,105.53,87.4,369
321,118.33,383.93,249.53
300.73,105.53,341.27,182.33
339.13,407.4,383.93,511.93
81,111.93,121.53,162.07
249.53,393.53,343.4,511.93
110.87,1,227.13,107.67
273,444.73,349.8,511.93
165.27,465,215.4,511.93
225,373.27,276.2,413.8
133.27,365.8,184.47,449
244.2,369,383.93,451.13
163.13,359.4,285.8,452.2
81,270.87,140.73,318.87
125.8,91.667,237.8,242.07
339.13,451.13,383.93,511.93
318.87,396.73,375.4,443.67
190.87,179.13,244.2,273
243.13,219.67,291.13,295.4
88.467,1,263.4,84.2
178.07,364.73,285.8,443.67
246.33,427.67,330.6,511.93
330.6,381.8,383.93,472.47
212.2,218.6,279.4,305
227.13,254.87,321,377.53
35.133,127.93,116.2,298.6
91.667,332.73,218.6,511.93
335.93,315.67,383.93,472.47
289,407.4,332.73,451.13
238.87,153.53,342.33,278.33
238.87,215.4,325.27,326.33
73.533,1,193,84.2
167.4,137.53,267.67,217.53
110.87,341.27,200.47,467.13
43.667,269.8,119.4,351.93
163.13,340.2,289,436.2
143.93,348.73,285.8,437.27
269.8,93.8,317.8,173.8
186.6,153.53,274.07,273
110.87,341.27,196.2,398.87
133.27,387.13,189.8,482.07
327.4,323.13,383.93,472.47
302.87,271.93,383.93,365.8
132.2,104.47,267.67,314.6
44.733,7.4,118.33,63.933
203.67,441.53,262.33,511.93
133.27,7.4,254.87,154.6
215.4,24.467,266.6,73.533
337,156.73,383.93,209
161,134.33,206.87,191.93
186.6,153.53,262.33,273
293.27,67.133,360.47,147.13
170.6,425.53,298.6,511.93
321,268.73,371.13,321
77.8,313.53,119.4,354.07
78.867,313.53,140.73,383.93
62.867,111.93,115.13,195.13
154.6,417,195.13,501.27
143.93,332.73,285.8,443.67
271.93,6.3333,383.93,311.4
198.33,41.533,360.47,247.4
301.8,193,383.93,388.2
271.93,306.07,383.93,511.93
133.27,354.07,276.2,455.4
301.8,268.73,383.93,382.87
247.4,173.8,383.93,511.93
73.533,1,251.67,107.67
110.87,341.27,196.2,438.33
313.53,262.33,373.27,322.07
133.27,365.8,183.4,423.4
261.27,373.27,323.13,436.2
113,11.667,207.93,99.133
47.933,1,122.6,89.533
233.53,72.467,296.47,124.73
1,1,52.2,141.8
271.93,105.53,383.93,268.73
292.2,325.27,339.13,386.07
215.4,1,358.33,108.73
191.93,13.8,289,125.8
203.67,460.73,260.2,511.93
251.67,161,308.2,214.33
29.8,1,121.53,207.93
180.2,147.13,231.4,242.07
124.73,415.93,196.2,505.53
60.733,147.13,139.67,260.2
228.2,47.933,363.67,153.53
245.27,68.2,286.87,125.8
239.93,321,306.07,427.67
131.13,140.73,270.87,364.73
226.07,441.53,292.2,511.93
166.33,364.73,207.93,415.93
1,1,131.13,511.93
1,252.73,71.4,329.53
133.27,1,207.93,47.933
275.13,422.33,366.87,511.93
110.87,316.73,216.47,505.53
238.87,215.4,285.8,269.8
247.4,401,300.73,490.6
165.27,460.73,260.2,511.93
124.73,422.33,172.73,505.53
214.33,100.2,269.8,179.13
40.467,1,121.53,88.467
205.8,170.6,267.67,219.67
327.4,326.33,383.93,430.87
238.87,312.47,383.93,482.07
29.8,22.333,73.533,133.27
271.93,105.53,341.27,182.33
276.2,12.733,354.07,126.87
303.93,235.67,383.93,329.53
302.87,47.933,363.67,135.4
180.2,369,260.2,455.4
317.8,269.8,370.07,322.07
255.93,187.67,335.93,296.47
23.4,1,165.27,190.87
292.2,396.73,383.93,511.93
178.07,365.8,225,411.67
238.87,190.87,383.93,365.8
284.73,41.533,354.07,126.87
238.87,426.6,383.93,511.93
65,9.5333,121.53,88.467
91.667,311.4,183.4,414.87
196.2,241,321,359.4
163.13,359.4,262.33,452.2
303.93,242.07,373.27,317.8
127.93,211.13,194.07,303.93
126.87,443.67,196.2,511.93
82.067,306.07,165.27,350.87
73.533,1,362.6,135.4
236.73,1,329.53,106.6
89.533,359.4,136.47,409.53
76.733,124.73,175.93,306.07
236.73,1,299.67,106.6
113,387.13,161,471.4
1,1,51.133,137.53
191.93,33,289,117.27
303.93,235.67,383.93,331.67
330.6,381.8,383.93,439.4
247.4,314.6,366.87,490.6
284.73,41.533,338.07,86.333
39.4,1,91.667,109.8
238.87,325.27,383.93,511.93
178.07,7.4,250.6,60.733
220.73,70.333,281.53,115.13
181.27,366.87,286.87,452.2
50.067,105.53,115.13,357.27
43.667,269.8,98.067,351.93
317.8,70.333,383.93,268.73
239.93,321,306.07,414.87
69.267,1,217.53,154.6
341.27,316.73,383.93,367.93
113,422.33,255.93,511.93
71.4,279.4,218.6,511.93
181.27,50.067,233.53,104.47
212.2,212.2,279.4,305
81,250.6,138.6,326.33
236.73,41.533,354.07,126.87
72.467,1,383.93,107.67
108.73,28.733,172.73,86.333
289,244.2,383.93,396.73
147.13,422.33,284.73,511.93
60.733,171.67,165.27,293.27
132.2,104.47,209,314.6
204.73,366.87,286.87,417
132.2,104.47,203.67,278.33
134.33,316.73,216.47,413.8
76.733,107.67,124.73,177
227.13,254.87,321,360.47
161,365.8,216.47,413.8
202.6,104.47,254.87,156.73
147.13,449,196.2,511.93
87.4,166.33,159.93,287.93
186.6,153.53,321,359.4
244.2,83.133,305,153.53
335.93,326.33,383.93,387.13
284.73,47.933,383.93,268.73
158.87,1,251.67,81
23.4,1,76.733,49
1,105.53,43.667,158.87
65,220.73,213.27,364.73
25.533,36.2,172.73,291.13
273,427.67,330.6,490.6
303.93,243.13,360.47,286.87
301.8,422.33,366.87,481
246.33,1,348.73,73.533
51.133,422.33,103.4,492.73
325.27,283.67,383.93,367.93
23.4,1,129,133.27
110.87,386.07,183.4,488.47
1,1,63.933,158.87
181.27,362.6,285.8,437.27
318.87,396.73,383.93,443.67
216.47,374.33,278.33,451.13
113,423.4,214.33,511.93
113,1,275.13,99.133
318.87,396.73,367.93,439.4
91.667,332.73,149.27,402.07
198.33,89.533,311.4,214.33
245.27,220.73,285.8,269.8
325.27,270.87,383.93,367.93
81,335.93,142.87,383.93
1,281.53,154.6,511.93
251.67,1,383.93,186.6
215.4,24.467,260.2,73.533
245.27,1,351.93,173.8
255.93,187.67,383.93,388.2
244.2,391.4,343.4,451.13
284.73,190.87,373.27,331.67
1,102.33,55.4,211.13
333.8,471.4,376.47,511.93
133.27,211.13,194.07,303.93
1,1,51.133,141.8
249.53,397.8,343.4,511.93
275.13,427.67,349.8,511.93
111.93,38.333,174.87,92.733
183.4,138.6,229.27,190.87
133.27,359.4,209,462.87
1,1,68.2,143.93
81,337,132.2,387.13
62.867,113,114.07,175.93
125.8,91.667,216.47,138.6
311.4,424.47,383.93,511.93
255.93,300.73,383.93,437.27
181.27,50.067,281.53,163.13
228.2,196.2,289,247.4
153.53,107.67,267.67,217.53
37.267,38.333,165.27,473.53
60.733,166.33,159.93,261.27
100.2,49,172.73,166.33
244.2,1,360.47,156.73
337,63.933,383.93,164.2
182.33,153.53,262.33,273
259.13,357.27,319.93,414.87
54.333,36.2,134.33,161
163.13,340.2,289,434.07
203.67,248.47,339.13,386.07
190.87,1,251.67,43.667
289,244.2,383.93,356.2
50.067,229.27,109.8,280.47
203.67,219.67,273,300.73
219.67,396.73,282.6,438.33
301.8,389.27,383.93,437.27
215.4,113,307.13,181.27
246.33,194.07,286.87,236.73
110.87,385,189.8,508.73
274.07,452.2,318.87,511.93
119.4,366.87,194.07,511.93
140.73,397.8,300.73,511.93
88.467,337,132.2,378.6
82.067,226.07,122.6,300.73
87.4,359.4,183.4,488.47
182.33,132.2,231.4,242.07
234.6,152.47,307.13,201.53
255.93,189.8,343.4,241
183.4,422.33,284.73,511.93
81,311.4,183.4,414.87
182.33,100.2,314.6,228.2
302.87,285.8,383.93,365.8
197.27,362.6,285.8,443.67
1,1,68.2,247.4
274.07,1,339.13,126.87
170.6,465,231.4,511.93
337,156.73,383.93,248.47
79.933,350.87,121.53,401
60.733,166.33,165.27,261.27
126.87,422.33,261.27,511.93
47.933,1,289,217.53
88.467,38.333,217.53,154.6
92.733,231.4,165.27,293.27
325.27,270.87,383.93,396.73
39.4,1,110.87,109.8
185.53,1,269.8,113
134.33,316.73,194.07,377.53
281.53,76.733,344.47,153.53
182.33,132.2,227.13,242.07
60.733,166.33,159.93,287.93
219.67,402.07,282.6,443.67
245.27,1,351.93,126.87
77.8,349.8,215.4,511.93
184.47,153.53,228.2,210.07
82.067,220.73,124.73,306.07
1,1,63.933,143.93
123.67,397.8,300.73,511.93
170.6,460.73,245.27,511.93
39.4,1,91.667,49
73.533,1,289,125.8
235.67,252.73,279.4,305
78.867,312.47,159.93,387.13
317.8,85.267,383.93,191.93
134.33,316.73,213.27,377.53
228.2,83.133,305,153.53
163.13,359.4,223.93,414.87
110.87,341.27,218.6,453.27
78.867,313.53,266.6,467.13
87.4,359.4,189.8,508.73
133.27,88.467,217.53,154.6
24.467,248.47,98.067,347.67
312.47,1,383.93,184.47
65,287.93,165.27,354.07
251.67,153.53,312.47,266.6
1,290.07,123.67,511.93
1,207.93,67.133,328.47
163.13,331.67,209,383.93
172.73,159.93,215.4,289
245.27,426.6,326.33,511.93
153.53,114.07,290.07,242.07
197.27,362.6,285.8,452.2
133.27,207.93,214.33,322.07
246.33,186.6,301.8,249.53
1,127.93,54.333,207.93
30.867,1,74.6,133.27
271.93,105.53,351.93,219.67
245.27,68.2,300.73,126.87
139.67,298.6,199.4,344.47
202.6,88.467,310.33,202.6
321,323.13,383.93,472.47
133.27,211.13,210.07,322.07
238.87,14.867,317.8,126.87
1,207.93,79.933,348.73
284.73,218.6,373.27,331.67
179.13,423.4,229.27,487.4
1,124.73,53.267,262.33
191.93,9.5333,289,125.8
60.733,111.93,133.27,274.07
24.467,248.47,75.667,300.73
226.07,220.73,319.93,339.13
331.67,1,383.93,123.67
303.93,11.667,383.93,250.6
134.33,365.8,201.53,450.07
60.733,1,111.93,52.2
255.93,189.8,335.93,267.67
140.73,29.8,193,84.2
276.2,35.133,354.07,126.87
343.4,175.93,383.93,248.47
303.93,243.13,373.27,317.8
81,247.4,141.8,306.07
214.33,100.2,311.4,228.2
79.933,350.87,155.67,486.33
131.13,140.73,273,364.73
312.47,279.4,383.93,344.47
153.53,97,201.53,143.93
239.93,321,383.93,451.13
186.6,465,231.4,511.93
219.67,113,307.13,181.27
303.93,260.2,372.2,300.73
134.33,302.87,223.93,383.93
271.93,19.133,350.87,108.73
255.93,300.73,369,436.2
78.867,313.53,142.87,383.93
243.13,215.4,285.8,269.8
198.33,38.333,286.87,218.6
100.2,49,215.4,166.33
57.533,1,115.13,53.267
276.2,12.733,362.6,135.4
82.067,220.73,161,311.4
236.73,75.667,300.73,126.87
306.07,134.33,354.07,219.67
15.933,105.53,140.73,354.07
296.47,24.467,347.67,65
261.27,321,323.13,436.2
202.6,460.73,260.2,511.93
167.4,137.53,257,196.2
274.07,404.2,343.4,511.93
137.53,405.27,271.93,511.93
54.333,36.2,169.53,161
113,387.13,215.4,511.93
292.2,306.07,339.13,386.07
284.73,218.6,373.27,322.07
183.4,1,251.67,67.133
113,463.93,172.73,511.93
133.27,94.867,216.47,153.53
182.33,100.2,314.6,237.8
78.867,313.53,201.53,467.13
143.93,306.07,223.93,383.93
60.733,166.33,233.53,376.47
261.27,300.73,369,436.2
302.87,276.2,350.87,317.8
264.47,314.6,363.67,450.07
245.27,12.733,349.8,126.87
292.2,45.8,349.8,111.93
303.93,260.2,359.4,315.67
25.533,1,90.6,183.4
1,102.33,101.27,383.93
15.933,259.13,140.73,354.07
90.6,171.67,134.33,235.67
140.73,415.93,231.4,511.93
317.8,1,383.93,209
227.13,1,347.67,100.2
281.53,218.6,373.27,332.73
55.4,111.93,103.4,173.8
174.87,7.4,290.07,126.87
238.87,220.73,383.93,365.8
51.133,422.33,103.4,511.93
51.133,422.33,105.53,492.73
123.67,426.6,174.87,511.93
303.93,242.07,372.2,300.73
92.733,130.07,199.4,265.53
1,152.47,47.933,305
204.73,366.87,286.87,443.67
88.467,1,207.93,104.47
331.67,10.6,383.93,69.267
49,274.07,98.067,347.67
59.667,1,115.13,54.333
251.67,1,383.93,77.8
183.4,425.53,298.6,511.93
321,300.73,383.93,382.87
181.27,393.53,283.67,437.27
23.4,1,165.27,81
87.4,49,129,110.87
133.27,365.8,276.2,455.4
60.733,181.27,108.73,260.2
198.33,41.533,360.47,215.4
143.93,348.73,285.8,443.67
255.93,321,301.8,381.8
65,220.73,161,315.67
229.27,372.2,277.27,415.93
78.867,312.47,159.93,371.13
133.27,365.8,184.47,425.53
325.27,284.73,383.93,340.2
148.2,390.33,218.6,444.73
54.333,36.2,169.53,210.07
72.467,1,207.93,99.133
110.87,1,251.67,107.67
1,1,54.333,141.8
243.13,150.33,311.4,212.2
54.333,36.2,165.27,200.47
137.53,392.47,180.2,465
261.27,356.2,323.13,436.2
62.867,113,115.13,195.13
1,207.93,87.4,369
198.33,89.533,265.53,156.73
153.53,107.67,198.33,155.67
294.33,212.2,358.33,278.33
43.667,269.8,119.4,373.27
76.733,186.6,118.33,241
258.07,1,383.93,77.8
257,150.33,307.13,201.53
88.467,38.333,174.87,92.733
78.867,259.13,143.93,323.13
158.87,431.93,251.67,511.93
110.87,341.27,215.4,438.33
330.6,182.33,383.93,268.73
121.53,238.87,233.53,376.47
301.8,269.8,370.07,321
39.4,1,149.27,109.8
161,228.2,264.47,360.47
91.667,342.33,194.07,511.93
246.33,426.6,383.93,511.93
297.53,220.73,342.33,278.33
264.47,314.6,366.87,481
133.27,365.8,193,462.87
185.53,1,269.8,87.4
277.27,444.73,349.8,511.93
295.4,75.667,343.4,126.87
55.4,111.93,125.8,203.67
134.33,332.73,203.67,376.47
1,102.33,79.933,354.07
111.93,130.07,214.33,322.07
245.27,412.73,383.93,511.93
133.27,102.33,201.53,143.93
92.733,231.4,165.27,287.93
1,209,47.933,305
244.2,83.133,290.07,126.87
310.33,65,360.47,147.13
88.467,367.93,140.73,482.07
330.6,156.73,379.67,202.6
246.33,1,360.47,46.867
146.07,348.73,285.8,437.27
92.733,251.67,159.93,311.4
139.67,298.6,212.2,346.6
247.4,401,300.73,470.33
280.47,231.4,350.87,317.8
289,190.87,333.8,237.8
325.27,139.67,383.93,209
191.93,22.333,263.4,68.2
247.4,219.67,291.13,295.4
273,426.6,375.4,511.93
181.27,50.067,227.13,104.47
139.67,298.6,212.2,353
163.13,340.2,223.93,383.93
223.93,223.93,279.4,305
203.67,441.53,298.6,511.93
54.333,36.2,169.53,200.47
143.93,302.87,223.93,383.93
76.733,186.6,175.93,303.93
179.13,422.33,231.4,492.73
183.4,132.2,226.07,181.27
47.933,291.13,97,355.13
25.533,27.667,73.533,146.07
1,1,54.333,262.33
178.07,356.2,297.53,443.67
301.8,269.8,383.93,439.4
330.6,193,383.93,277.27
330.6,187.67,382.87,250.6
203.67,248.47,291.13,360.47
50.067,227.13,109.8,280.47
317.8,95.933,372.2,173.8
97,247.4,141.8,303.93
317.8,1,383.93,248.47
25.533,27.667,118.33,190.87
297.53,220.73,353,278.33
301.8,269.8,370.07,332.73
257,150.33,311.4,212.2
332.73,322.07,383.93,388.2
67.133,204.73,109.8,262.33
212.2,218.6,254.87,271.93
81,130.07,199.4,334.87
153.53,97,210.07,143.93
236.73,41.533,360.47,147.13
204.73,366.87,286.87,411.67
255.93,187.67,335.93,267.67
47.933,1,200.47,109.8
1,131.13,70.333,260.2
202.6,104.47,283.67,191.93
179.13,397.8,225,453.27
100.2,89.533,155.67,166.33
126.87,319.93,167.4,365.8
278.33,254.87,321,332.73
114.07,166.33,159.93,255.93
199.4,1,261.27,54.333
280.47,190.87,333.8,241
292.2,306.07,383.93,410.6
216.47,397.8,300.73,489.53
251.67,167.4,292.2,214.33
25.533,27.667,73.533,183.4
88.467,9.5333,143.93,54.333
71.4,232.47,165.27,326.33
302.87,260.2,359.4,315.67
301.8,268.73,371.13,332.73
183.4,140.73,267.67,217.53
301.8,219.67,364.73,268.73
7.4,214.33,47.933,295.4
247.4,427.67,300.73,470.33
303.93,19.133,350.87,61.8
259.13,321,319.93,427.67
136.47,389.27,194.07,472.47
321,118.33,372.2,185.53
219.67,380.73,289,434.07
330.6,174.87,383.93,268.73
69.267,1,111.93,46.867
77.8,351.93,153.53,511.93
138.6,369,215.4,438.33
339.13,11.667,383.93,123.67
183.4,1,251.67,81
289,426.6,375.4,511.93
251.67,174.87,311.4,242.07
279.4,1,329.53,46.867
133.27,94.867,217.53,154.6
264.47,220.73,342.33,278.33
114.07,318.87,207.93,376.47
271.93,41.533,339.13,108.73
78.867,313.53,201.53,460.73
69.267,24.467,129,95.933
212.2,212.2,274.07,271.93
202.6,104.47,301.8,249.53
49,282.6,98.067,347.67
71.4,279.4,211.13,349.8
278.33,254.87,339.13,386.07
179.13,423.4,271.93,489.53
129,139.67,170.6,204.73
111.93,38.333,200.47,109.8
257,150.33,310.33,201.53
198.33,38.333,285.8,218.6
319.93,11.667,383.93,184.47
232.47,125.8,307.13,181.27
1,126.87,51.133,171.67
191.93,33,259.13,87.4
150.33,94.867,216.47,138.6
140.73,415.93,190.87,511.93
72.467,279.4,140.73,351.93
70.333,206.87,117.27,258.07
76.733,186.6,159.93,262.33
293.27,67.133,339.13,125.8
91.667,328.47,183.4,414.87
284.73,41.533,354.07,86.333
301.8,389.27,383.93,435.13
161,265.53,210.07,311.4
233.53,41.533,338.07,126.87
259.13,321,319.93,414.87
183.4,138.6,226.07,181.27
190.87,179.13,291.13,295.4
271.93,35.133,339.13,108.73
133.27,211.13,194.07,287.93
182.33,137.53,258.07,200.47
148.2,390.33,218.6,453.27
131.13,94.867,216.47,156.73
286.87,190.87,333.8,237.8
259.13,1,383.93,77.8
40.467,1,118.33,63.933
241,233.53,383.93,365.8
329.53,193,383.93,277.27
300.73,444.73,353,511.93
273,444.73,353,511.93
274.07,427.67,330.6,490.6
226.07,153.53,311.4,228.2
255.93,187.67,335.93,285.8
273,452.2,318.87,511.93
132.2,94.867,217.53,154.6
133.27,102.33,267.67,217.53
335.93,328.47,383.93,387.13
43.667,269.8,93.8,348.73
260.2,391.4,319.93,451.13
321,118.33,372.2,197.27
252.73,161,343.4,267.67
331.67,12.733,383.93,186.6
126.87,319.93,218.6,376.47
183.4,423.4,229.27,487.4
284.73,254.87,325.27,326.33
183.4,140.73,232.47,190.87
70.333,36.2,172.73,166.33
1,136.47,49,260.2
54.333,36.2,162.07,161
180.2,369,257,455.4
317.8,85.267,383.93,164.2
301.8,268.73,371.13,321
244.2,1,360.47,147.13
303.93,116.2,374.33,191.93
110.87,385,183.4,488.47
1,131.13,70.333,328.47
273,426.6,376.47,511.93
131.13,88.467,238.87,171.67
167.4,137.53,232.47,190.87
198.33,89.533,311.4,215.4
67.133,143.93,115.13,262.33
38.333,36.2,169.53,347.67
60.733,177,118.33,261.27
68.2,111.93,133.27,274.07
78.867,312.47,159.93,383.93
255.93,254.87,321,360.47
330.6,194.07,382.87,254.87
25.533,153.53,92.733,276.2
303.93,258.07,372.2,300.73
330.6,182.33,383.93,248.47
81,119.4,121.53,162.07
246.33,436.2,291.13,511.93
137.53,407.4,194.07,482.07
225,372.2,289,415.93
263.4,241,321,330.6
113,463.93,155.67,511.93
326.33,284.73,375.4,344.47
137.53,145,203.67,278.33
133.27,94.867,193,153.53
71.4,232.47,207.93,376.47
35.133,1,76.733,49
227.13,277.27,291.13,360.47
137.53,392.47,193,465
238.87,325.27,323.13,436.2
90.6,171.67,165.27,293.27
317.8,85.267,383.93,185.53
300.73,106.6,341.27,182.33
184.47,145,228.2,210.07
133.27,102.33,193,153.53
281.53,218.6,383.93,351.93
132.2,104.47,198.33,152.47
199.4,1,269.8,87.4
312.47,426.6,374.33,482.07
252.73,161,343.4,241
153.53,97,215.4,152.47
277.27,393.53,343.4,451.13
134.33,316.73,187.67,364.73
303.93,116.2,382.87,250.6
303.93,116.2,383.93,250.6
193,7.4,266.6,73.533
114.07,318.87,178.07,376.47
302.87,244.2,383.93,356.2
339.13,62.867,383.93,123.67
330.6,183.4,382.87,254.87
71.4,279.4,119.4,342.33
133.27,365.8,260.2,455.4
138.6,251.67,209,314.6
273,443.67,353,511.93
246.33,434.07,291.13,511.93
317.8,95.933,379.67,202.6
214.33,100.2,265.53,151.4
325.27,310.33,383.93,367.93
158.87,431.93,214.33,511.93
148.2,168.47,199.4,225
257,140.73,310.33,202.6
277.27,407.4,343.4,451.13
235.67,71.4,281.53,115.13
138.6,369,196.2,438.33
50.067,105.53,115.13,351.93
63.933,291.13,130.07,341.27
82.067,306.07,213.27,364.73
125.8,91.667,215.4,152.47
203.67,470.33,253.8,511.93
50.067,1,106.6,63.933
339.13,18.067,383.93,123.67
255.93,189.8,328.47,241
1,209,79.933,353
282.6,1,329.53,46.867
246.33,1,358.33,73.533
77.8,349.8,143.93,511.93
226.07,402.07,295.4,511.93
62.867,105.53,115.13,195.13
183.4,422.33,231.4,492.73
70.333,206.87,122.6,264.47
38.333,145,116.2,298.6
339.13,389.27,383.93,437.27
199.4,362.6,285.8,412.73
238.87,312.47,367.93,451.13
50.067,105.53,199.4,357.27
232.47,133.27,310.33,202.6
280.47,1,332.73,46.867
227.13,1,291.13,99.133
44.733,7.4,90.6,49
63.933,283.67,140.73,351.93
203.67,199.4,273,300.73
276.2,67.133,360.47,148.2
119.4,104.47,165.27,210.07
331.67,10.6,383.93,186.6
163.13,340.2,267.67,417
179.13,422.33,255.93,511.93
191.93,33,289,125.8
308.2,136.47,355.13,218.6
115.13,200.47,159.93,262.33
178.07,465,231.4,511.93
331.67,1,383.93,82.067
69.267,24.467,121.53,88.467
196.2,250.6,291.13,359.4
57.533,1,110.87,52.2
50.067,105.53,291.13,357.27
219.67,380.73,289,424.47
325.27,139.67,373.27,185.53
137.53,392.47,194.07,472.47
251.67,153.53,311.4,228.2
91.667,328.47,183.4,392.47
78.867,305,140.73,351.93
81,250.6,131.13,308.2
311.4,424.47,366.87,482.07
186.6,1,231.4,59.667
203.67,470.33,260.2,511.93
158.87,402.07,295.4,511.93
239.93,350.87,306.07,414.87
241,233.53,343.4,297.53
219.67,199.4,291.13,295.4
238.87,312.47,346.6,451.13
274.07,450.07,315.67,490.6
118.33,45.8,200.47,109.8
246.33,1,332.73,46.867
238.87,325.27,367.93,436.2
111.93,130.07,199.4,254.87
330.6,194.07,382.87,242.07
312.47,329.53,367.93,407.4
245.27,426.6,383.93,511.93
70.333,36.2,118.33,123.67
133.27,365.8,184.47,441.53
163.13,340.2,267.67,383.93
106.6,363.67,155.67,414.87
302.87,260.2,359.4,356.2
1,102.33,46.867,158.87
91.667,332.73,137.53,402.07
317.8,95.933,383.93,268.73
55.4,36.2,172.73,166.33
319.93,11.667,383.93,123.67
68.2,148.2,133.27,274.07
281.53,233.53,370.07,332.73
106.6,373.27,178.07,485.27
185.53,1,275.13,97
215.4,104.47,277.27,174.87
271.93,391.4,358.33,511.93
281.53,233.53,343.4,297.53
81,259.13,140.73,334.87
198.33,89.533,265.53,151.4
170.6,406.33,253.8,455.4
178.07,365.8,276.2,443.67
289,391.4,331.67,484.2
309.27,369,383.93,410.6
238.87,312.47,367.93,482.07
234.6,152.47,289,201.53
274.07,39.4,339.13,108.73
314.6,286.87,383.93,365.8
335.93,331.67,383.93,430.87
1,126.87,51.133,305
71.4,279.4,178.07,349.8
25.533,125.8,78.867,291.13
51.133,433,98.067,483.13
1,126.87,51.133,259.13
131.13,94.867,228.2,156.73
309.27,369,383.93,409.53
337,156.73,379.67,202.6
271.93,452.2,383.93,511.93
227.13,1,329.53,99.133
1,1,46.867,158.87
23.4,1,106.6,63.933
203.67,248.47,264.47,360.47
312.47,279.4,383.93,340.2
325.27,101.27,383.93,173.8
77.8,351.93,120.47,449
158.87,431.93,215.4,511.93
25.533,27.667,73.533,133.27
132.2,449,215.4,511.93
211.13,364.73,285.8,408.47
163.13,340.2,204.73,383.93
50.067,241,97,316.73
141.8,94.867,215.4,136.47
119.4,104.47,165.27,200.47
88.467,9.5333,263.4,84.2
71.4,232.47,165.27,317.8
246.33,1,348.73,68.2
226.07,441.53,271.93,511.93
321,277.27,370.07,322.07
180.2,406.33,253.8,455.4
306.07,136.47,351.93,214.33
63.933,259.13,140.73,351.93
129,139.67,199.4,225
281.53,93.8,324.2,153.53
68.2,206.87,122.6,274.07
166.33,364.73,220.73,414.87
215.4,70.333,281.53,163.13
153.53,97,215.4,143.93
153.53,114.07,200.47,191.93
220.73,441.53,262.33,489.53
115.13,200.47,159.93,254.87
140.73,415.93,190.87,472.47
220.73,427.67,300.73,489.53
185.53,53.267,275.13,97
47.933,1,115.13,54.333
255.93,187.67,383.93,344.47
340.2,245.27,383.93,319.93
55.4,131.13,103.4,173.8
306.07,136.47,351.93,191.93
337,43.667,383.93,164.2
50.067,241,97,341.27
1,133.27,55.4,300.73
257,148.2,310.33,189.8
325.27,101.27,383.93,181.27
51.133,422.33,105.53,511.93
339.13,41.533,383.93,123.67
191.93,1,289,125.8
88.467,9.5333,141.8,52.2
113,387.13,178.07,485.27
227.13,277.27,291.13,329.53
62.867,113,110.87,175.93
259.13,1,329.53,77.8
285.8,244.2,370.07,332.73
295.4,68.2,349.8,126.87
227.13,277.27,286.87,319.93
25.533,1,76.733,183.4
303.93,244.2,372.2,300.73
318.87,65,360.47,147.13
219.67,374.33,276.2,424.47
234.6,152.47,311.4,214.33
295.4,60.733,354.07,126.87
251.67,161,311.4,215.4
255.93,189.8,328.47,239.93
118.33,45.8,196.2,92.733
246.33,1,383.93,61.8
23.4,1,143.93,63.933
137.53,392.47,193,450.07
221.8,169.53,267.67,217.53
92.733,231.4,136.47,273
15.933,260.2,105.53,354.07
271.93,426.6,326.33,503.4
271.93,450.07,316.73,511.93
339.13,53.267,383.93,123.67
333.8,467.13,381.8,511.93
141.8,94.867,216.47,156.73
25.533,153.53,78.867,291.13
246.33,194.07,289,247.4
1,127.93,51.133,171.67
81,278.33,140.73,318.87
132.2,449,187.67,511.93
163.13,306.07,223.93,383.93
81,270.87,140.73,334.87
234.6,67.133,289,117.27
251.67,153.53,311.4,215.4
271.93,467.13,381.8,511.93
238.87,14.867,291.13,70.333
307.13,98.067,360.47,147.13
312.47,1,383.93,60.733
312.47,175.93,370.07,250.6
339.13,41.533,383.93,184.47
137.53,365.8,201.53,450.07
245.27,426.6,374.33,511.93
91.667,328.47,172.73,376.47
234.6,142.87,311.4,214.33
251.67,245.27,319.93,339.13
205.8,369,257,417
281.53,218.6,370.07,332.73
274.07,404.2,343.4,461.8
110.87,341.27,201.53,450.07
220.73,441.53,299.67,489.53
113,387.13,161,461.8
247.4,14.867,291.13,68.2
259.13,75.667,300.73,126.87
1,146.07,49,300.73
1,1,47.933,130.07
191.93,33,289,121.53
142.87,365.8,201.53,428.73
312.47,175.93,383.93,250.6
81,283.67,140.73,325.27
271.93,391.4,331.67,511.93
253.8,245.27,319.93,339.13
249.53,14.867,291.13,68.2
292.2,306.07,367.93,407.4
140.73,70.333,215.4,134.33
101.27,386.07,155.67,486.33
149.27,265.53,210.07,322.07
183.4,140.73,230.33,214.33
140.73,22.333,263.4,84.2
133.27,211.13,194.07,278.33
303.93,116.2,355.13,218.6
329.53,34.067,378.6,89.533
1,102.33,55.4,262.33
87.4,259.13,143.93,323.13
39.4,66.067,88.467,190.87
274.07,39.4,339.13,126.87
161,248.47,264.47,360.47
220.73,397.8,300.73,489.53
179.13,364.73,285.8,453.27
70.333,206.87,122.6,258.07
339.13,73.533,383.93,123.67
25.533,27.667,118.33,123.67
193,179.13,244.2,219.67
92.733,251.67,136.47,293.27
113,1,207.93,99.133
312.47,426.6,358.33,482.07
243.13,277.27,291.13,329.53
281.53,93.8,324.2,148.2
62.867,105.53,114.07,175.93
1,209,47.933,300.73
133.27,211.13,194.07,286.87
259.13,357.27,306.07,414.87
341.27,327.4,383.93,367.93
71.4,251.67,159.93,317.8
15.933,297.53,77.8,354.07
109.8,49,172.73,100.2
123.67,53.267,169.53,97
47.933,291.13,88.467,354.07
289,407.4,343.4,451.13
100.2,89.533,163.13,166.33
50.067,241,97,351.93
62.867,105.53,115.13,262.33
270.87,161,311.4,214.33
87.4,259.13,141.8,315.67
1,102.33,46.867,177
273,39.4,317.8,126.87
88.467,1,193,84.2
111.93,130.07,199.4,245.27
244.2,402.07,295.4,451.13
97,29.8,165.27,81
330.6,326.33,383.93,406.33
29.8,281.53,154.6,511.93
325.27,101.27,383.93,184.47
313.53,426.6,358.33,482.07
273,450.07,315.67,511.93
234.6,67.133,281.53,115.13
1,152.47,47.933,259.13
161,265.53,209,311.4
273,450.07,316.73,511.93
312.47,163.13,355.13,218.6
180.2,406.33,239.93,455.4
318.87,98.067,360.47,147.13
15.933,284.73,79.933,354.07
1,146.07,49,259.13
50.067,11.667,105.53,63.933
340.2,18.067,383.93,93.8
292.2,312.47,339.13,386.07
324.2,139.67,374.33,191.93
88.467,1,143.93,52.2
70.333,36.2,111.93,123.67
25.533,153.53,78.867,276.2
226.07,441.53,271.93,489.53
