243.13,1,383.93,151.4
1,1,383.93,511.93
1,1,383.93,323.13
71.4,300.73,285.8,439.4
130.07,1,299.67,108.73
8.4667,171.67,325.27,316.73
1,1,383.93,287.93
1,299.67,299.67,511.93
1,1,269.8,307.13
1,1,325.27,342.33
133.27,1,383.93,223.93
1,249.53,193,378.6
196.2,219.67,383.93,511.93
65,381.8,345.53,511.93
1,259.13,143.93,408.47
1,356.2,103.4,466.07
1,350.87,383.93,511.93
161,309.27,266.6,399.93
161,155.67,383.93,367.93
1,389.27,299.67,511.93
1,161,299.67,511.93
1,1,265.53,316.73
1,137.53,188.73,511.93
71.4,299.67,285.8,439.4
161,1,383.93,367.93
199.4,109.8,383.93,287.93
1,219.67,383.93,511.93
1,1,279.4,316.73
1,1,383.93,342.33
1,1,299.67,182.33
1,140.73,383.93,511.93
324.2,341.27,383.93,468.2
1,1,333.8,399.93
71.4,300.73,383.93,511.93
1,1,367.93,189.8
161,309.27,266.6,403.13
1,381.8,332.73,511.93
1,1,383.93,367.93
71.4,187.67,172.73,277.27
1,1,223.93,321
122.6,392.47,261.27,490.6
306.07,267.67,383.93,457.53
1,291.13,238.87,511.93
1,119.4,292.2,323.13
1,259.13,204.73,459.67
134.33,103.4,232.47,143.93
42.6,391.4,207.93,511.93
1,161,383.93,511.93
47.933,132.2,194.07,259.13
114.07,306.07,383.93,511.93
1,89.533,134.33,173.8
119.4,49,265.53,179.13
1,281.53,119.4,408.47
254.87,307.13,333.8,373.27
133.27,1,383.93,177
93.8,22.333,264.47,143.93
241,42.6,297.53,103.4
1,87.4,264.47,189.8
47.933,166.33,194.07,236.73
97,433,166.33,482.07
65,179.13,383.93,391.4
95.933,1,269.8,134.33
157.8,1,383.93,168.47
109.8,36.2,177,124.73
1,291.13,119.4,459.67
149.27,419.13,195.13,459.67
226.07,114.07,298.6,253.8
1,1,299.67,179.13
65,237.8,232.47,316.73
25.533,291.13,119.4,408.47
225,140.73,297.53,254.87
1,1,383.93,465
1,249.53,184.47,372.2
17,89.533,169.53,177
95.933,221.8,268.73,316.73
51.133,449,170.6,511.93
1,289,135.4,484.2
52.2,449,173.8,511.93
1,1,214.33,93.8
72.467,1,265.53,92.733
76.733,103.4,169.53,172.73
65,237.8,232.47,327.4
37.267,140.73,383.93,391.4
1,1,383.93,321
228.2,1,383.93,465
81,37.267,161,110.87
306.07,267.67,383.93,475.67
103.4,171.67,152.47,213.27
220.73,1,383.93,164.2
1,15.933,148.2,111.93
295.4,210.07,383.93,376.47
1,15.933,148.2,125.8
199.4,257,383.93,458.6
79.933,174.87,181.27,265.53
252.73,14.867,302.87,99.133
1,259.13,299.67,511.93
36.2,236.73,100.2,279.4
1,350.87,207.93,511.93
71.4,299.67,383.93,511.93
1,449,173.8,511.93
241,219.67,379.67,324.2
114.07,238.87,383.93,511.93
295.4,180.2,383.93,376.47
199.4,177,383.93,511.93
231.4,359.4,324.2,410.6
120.47,222.87,186.6,286.87
87.4,149.27,289,327.4
1,259.13,196.2,511.93
153.53,1,269.8,103.4
165.27,391.4,243.13,474.6
145,22.333,241,125.8
74.6,107.67,134.33,166.33
95.933,249.53,184.47,312.47
114.07,296.47,341.27,423.4
25.533,262.33,119.4,408.47
109.8,301.8,342.33,425.53
202.6,386.07,294.33,453.27
109.8,301.8,334.87,425.53
1,161,232.47,408.47
122.6,391.4,261.27,490.6
1,379.67,167.4,511.93
306.07,236.73,361.53,310.33
77.8,449,299.67,511.93
73.533,179.13,130.07,235.67
326.33,310.33,383.93,397.8
105.53,301.8,342.33,425.53
294.33,425.53,383.93,511.93
1,289,117.27,476.73
1,45.8,268.73,316.73
1,82.067,70.333,293.27
1,298.6,52.2,341.27
164.2,394.6,228.2,473.53
95.933,213.27,268.73,316.73
324.2,341.27,383.93,433
1,291.13,294.33,511.93
67.133,449,299.67,511.93
1,389.27,173.8,511.93
33,149.27,180.2,257
1,161,232.47,327.4
1,259.13,141.8,408.47
101.27,353,186.6,410.6
334.87,2.0667,383.93,46.867
1,238.87,383.93,511.93
210.07,1,383.93,237.8
1,1,184.47,76.733
66.067,126.87,143.93,189.8
1,291.13,383.93,511.93
37.267,186.6,145,291.13
40.467,74.6,177,170.6
75.667,238.87,383.93,511.93
107.67,95.933,264.47,179.13
1,68.2,76.733,289
71.4,325.27,217.53,439.4
51.133,449,213.27,511.93
114.07,306.07,271.93,423.4
206.87,140.73,335.93,287.93
107.67,1,383.93,287.93
278.33,12.733,342.33,66.067
1,379.67,299.67,511.93
31.933,300.73,104.47,351.93
95.933,1,189.8,76.733
328.47,274.07,373.27,367.93
37.267,185.53,335.93,342.33
258.07,49,383.93,227.13
1,1,189.8,54.333
105.53,300.73,285.8,418.07
254.87,54.333,383.93,223.93
156.73,381.8,332.73,511.93
1,289,117.27,484.2
79.933,301.8,379.67,511.93
171.67,391.4,270.87,474.6
266.6,172.73,348.73,244.2
1,1,383.93,316.73
133.27,104.47,279.4,231.4
87.4,149.27,184.47,303.93
1,291.13,238.87,487.4
69.267,17,265.53,182.33
313.53,310.33,383.93,457.53
98.067,172.73,292.2,316.73
78.867,1,191.93,46.867
1,1,269.8,191.93
1,114.07,383.93,511.93
1,149.27,268.73,316.73
4.2,103.4,142.87,180.2
270.87,179.13,383.93,465
230.33,1,383.93,146.07
294.33,179.13,383.93,376.47
1,222.87,383.93,511.93
87.4,187.67,133.27,264.47
1,351.93,187.67,406.33
10.6,211.13,70.333,273
1,259.13,193,377.53
202.6,1,383.93,212.2
232.47,269.8,333.8,387.13
72.467,1,265.53,143.93
1,466.07,45.8,511.93
65,279.4,345.53,511.93
1,1,117.27,120.47
159.93,171.67,312.47,273
98.067,235.67,335.93,342.33
42.6,466.07,170.6,511.93
228.2,330.6,331.67,390.33
1,89.533,63.933,173.8
303.93,219.67,383.93,376.47
97,108.73,312.47,273
216.47,1,383.93,168.47
167.4,470.33,299.67,511.93
228.2,269.8,335.93,390.33
237.8,54.333,381.8,223.93
105.53,219.67,383.93,511.93
169.53,1,267.67,108.73
1,249.53,333.8,399.93
161,1,383.93,299.67
1,291.13,119.4,408.47
107.67,93.8,383.93,287.93
1,1,279.4,231.4
71.4,300.73,324.2,439.4
281.53,238.87,383.93,511.93
1,1,335.93,342.33
254.87,47.933,383.93,226.07
321,341.27,383.93,511.93
1,1,265.53,189.8
143.93,462.87,209,511.93
33,149.27,186.6,286.87
47.933,1,107.67,70.333
1,259.13,119.4,408.47
161,163.13,229.27,241
87.4,108.73,312.47,327.4
1,351.93,196.2,511.93
79.933,114.07,383.93,511.93
197.27,350.87,379.67,511.93
1,281.53,74.6,406.33
145,66.067,241,125.8
1,1,191.93,46.867
197.27,341.27,383.93,511.93
66.067,386.07,294.33,490.6
254.87,1,383.93,223.93
120.47,1,383.93,273
1,68.2,83.133,289
120.47,421.27,178.07,463.93
75.667,296.47,341.27,440.47
8.4667,258.07,88.467,299.67
193,114.07,298.6,268.73
95.933,25.533,265.53,134.33
40.467,166.33,184.47,242.07
107.67,1,383.93,179.13
6.3333,97,210.07,316.73
228.2,238.87,383.93,475.67
1,26.6,164.2,342.33
222.87,1,383.93,226.07
313.53,380.73,383.93,457.53
97,171.67,169.53,216.47
324.2,351.93,383.93,511.93
1,97,105.53,307.13
343.4,180.2,383.93,239.93
69.267,47.933,265.53,179.13
231.4,1,297.53,44.733
316.73,21.267,383.93,168.47
283.67,1,383.93,173.8
69.267,103.4,142.87,178.07
97,325.27,217.53,403.13
337,179.13,383.93,226.07
242.07,180.2,383.93,511.93
1,132.2,194.07,323.13
199.4,1,383.93,287.93
217.53,140.73,297.53,254.87
49,171.67,178.07,257
338.07,30.867,383.93,95.933
299.67,175.93,383.93,237.8
1,1,265.53,215.4
228.2,114.07,298.6,287.93
1,17,264.47,189.8
166.33,84.2,254.87,135.4
69.267,97,142.87,178.07
87.4,149.27,180.2,298.6
161,177,314.6,285.8
121.53,178.07,239.93,268.73
121.53,140.73,303.93,268.73
134.33,108.73,279.4,231.4
125.8,354.07,188.73,403.13
210.07,1,383.93,222.87
4.2,204.73,70.333,293.27
1,42.6,105.53,307.13
47.933,166.33,194.07,259.13
1,78.867,178.07,179.13
25.533,398.87,103.4,461.8
228.2,1,383.93,226.07
1,137.53,134.33,511.93
65,234.6,366.87,391.4
294.33,196.2,383.93,376.47
196.2,285.8,366.87,391.4
1,159.93,103.4,318.87
68.2,325.27,184.47,366.87
133.27,37.267,267.67,177
1,436.2,97,511.93
21.267,231.4,122.6,279.4
1,344.47,69.267,406.33
1,11.667,115.13,110.87
90.6,279.4,266.6,434.07
252.73,380.73,374.33,482.07
91.667,103.4,170.6,169.53
28.733,232.47,122.6,279.4
1,94.867,92.733,274.07
313.53,267.67,383.93,465
1,108.73,333.8,399.93
79.933,161,169.53,216.47
133.27,104.47,264.47,231.4
334.87,175.93,383.93,237.8
1,17,230.33,123.67
162.07,462.87,210.07,511.93
90.6,300.73,266.6,434.07
210.07,31.933,297.53,103.4
1,379.67,283.67,511.93
1,329.53,70.333,376.47
303.93,196.2,383.93,376.47
153.53,1,220.73,87.4
296.47,1,383.93,102.33
1,162.07,232.47,327.4
156.73,381.8,383.93,511.93
33,161,223.93,265.53
196.2,285.8,366.87,410.6
77.8,1,265.53,184.47
65,249.53,147.13,311.4
324.2,470.33,383.93,511.93
306.07,267.67,383.93,465
305,238.87,366.87,303.93
232.47,134.33,279.4,182.33
39.4,259.13,118.33,300.73
206.87,123.67,383.93,287.93
37.267,259.13,118.33,302.87
79.933,325.27,204.73,459.67
1,17,119.4,118.33
202.6,145,279.4,212.2
107.67,38.333,266.6,179.13
60.733,183.4,129,235.67
316.73,1,383.93,146.07
1,26.6,86.333,72.467
166.33,49,265.53,135.4
187.67,390.33,270.87,484.2
303.93,212.2,383.93,278.33
134.33,1,214.33,93.8
68.2,325.27,191.93,366.87
21.267,119.4,77.8,180.2
40.467,166.33,175.93,236.73
66.067,425.53,152.47,474.6
217.53,140.73,303.93,254.87
98.067,172.73,253.8,316.73
69.267,82.067,265.53,179.13
276.2,11.667,343.4,71.4
245.27,1,383.93,151.4
1,159.93,103.4,303.93
323.13,1,383.93,146.07
221.8,411.67,262.33,467.13
37.267,179.13,383.93,391.4
206.87,234.6,335.93,287.93
196.2,219.67,383.93,410.6
1,45.8,83.133,289
187.67,386.07,303.93,446.87
215.4,470.33,299.67,511.93
1,15.933,194.07,179.13
281.53,270.87,383.93,511.93
98.067,235.67,335.93,316.73
51.133,37.267,136.47,110.87
273,1,383.93,151.4
1,259.13,135.4,377.53
1,87.4,79.933,178.07
197.27,451.13,286.87,511.93
233.53,140.73,284.73,220.73
73.533,88.467,142.87,129
1,412.73,172.73,511.93
231.4,1,383.93,102.33
33,161,184.47,265.53
303.93,179.13,383.93,363.67
1,411.67,92.733,511.93
254.87,3.1333,383.93,223.93
120.47,182.33,180.2,265.53
87.4,186.6,145,248.47
306.07,310.33,383.93,397.8
79.933,351.93,189.8,439.4
276.2,12.733,342.33,66.067
111.93,171.67,152.47,213.27
101.27,47.933,265.53,134.33
52.2,458.6,100.2,501.27
71.4,333.8,324.2,439.4
145,17,263.4,108.73
17,88.467,76.733,164.2
297.53,49,351.93,105.53
1,1,142.87,189.8
154.6,1,383.93,168.47
305,1,383.93,209
295.4,219.67,371.13,285.8
226.07,177,314.6,285.8
130.07,34.067,181.27,86.333
1,351.93,187.67,424.47
104.47,380.73,383.93,511.93
15.933,412.73,172.73,511.93
228.2,296.47,341.27,390.33
326.33,310.33,376.47,397.8
301.8,24.467,346.6,74.6
1,1,184.47,215.4
1,389.27,117.27,491.67
1,162.07,102.33,294.33
71.4,300.73,334.87,439.4
158.87,114.07,298.6,268.73
33,1,107.67,70.333
199.4,249.53,261.27,313.53
281.53,441.53,383.93,511.93
41.533,36.2,115.13,92.733
97,295.4,190.87,410.6
164.2,391.4,270.87,478.87
47.933,1,184.47,76.733
79.933,180.2,383.93,511.93
254.87,316.73,334.87,377.53
71.4,300.73,344.47,439.4
252.73,180.2,383.93,511.93
153.53,1,226.07,87.4
99.133,269.8,190.87,327.4
161,333.8,334.87,425.53
1,76.733,44.733,118.33
255.93,54.333,381.8,228.2
156.73,410.6,293.27,511.93
77.8,49,265.53,184.47
120.47,185.53,180.2,264.47
1,1,193,86.333
65,259.13,121.53,306.07
1,287.93,118.33,511.93
316.73,1,383.93,102.33
246.33,3.1333,367.93,88.467
3.1333,168.47,102.33,274.07
65,420.2,178.07,463.93
230.33,1,367.93,107.67
127.93,40.467,178.07,89.533
316.73,21.267,383.93,97
109.8,36.2,264.47,124.73
230.33,1,299.67,107.67
68.2,319.93,193,366.87
201.53,381.8,332.73,511.93
66.067,422.33,173.8,473.53
17,78.867,178.07,177
1,222.87,332.73,511.93
1,39.4,62.867,89.533
109.8,301.8,306.07,367.93
170.6,221.8,212.2,316.73
315.67,376.47,383.93,511.93
283.67,1,383.93,168.47
127.93,40.467,181.27,89.533
52.2,449,299.67,511.93
248.47,14.867,383.93,150.33
49,66.067,131.13,129
7.4,117.27,62.867,159.93
1,137.53,383.93,511.93
330.6,45.8,383.93,130.07
252.73,341.27,383.93,511.93
217.53,134.33,279.4,182.33
228.2,114.07,297.53,253.8
1,100.2,132.2,247.4
97,301.8,190.87,410.6
324.2,341.27,383.93,451.13
1,132.2,292.2,323.13
167.4,471.4,286.87,511.93
239.93,219.67,383.93,511.93
1,431.93,60.733,511.93
1,1,189.8,191.93
73.533,183.4,129,235.67
1,329.53,117.27,424.47
143.93,462.87,206.87,511.93
1,314.6,71.4,408.47
1,78.867,178.07,173.8
28.733,202.6,123.67,279.4
225,140.73,297.53,253.8
101.27,49,265.53,134.33
40.467,166.33,113,236.73
68.2,316.73,193,366.87
77.8,449,174.87,511.93
337,168.47,383.93,209
68.2,171.67,325.27,316.73
1,100.2,132.2,279.4
97,325.27,217.53,410.6
105.53,1,265.53,92.733
120.47,209,181.27,265.53
66.067,185.53,116.2,233.53
76.733,104.47,146.07,172.73
295.4,219.67,379.67,285.8
113,391.4,207.93,463.93
91.667,1,383.93,179.13
1,1,107.67,70.333
98.067,185.53,335.93,342.33
33,161,102.33,207.93
316.73,2.0667,383.93,103.4
74.6,106.6,132.2,172.73
255.93,207.93,297.53,254.87
1,396.73,59.667,459.67
37.267,259.13,121.53,306.07
1,1,325.27,316.73
280.47,2.0667,347.67,74.6
107.67,93.8,266.6,247.4
264.47,269.8,328.47,316.73
1,1,299.67,108.73
273,1,347.67,87.4
79.933,140.73,303.93,268.73
266.6,172.73,383.93,246.33
102.33,425.53,152.47,474.6
1,1,115.13,110.87
199.4,249.53,325.27,315.67
47.933,97,142.87,191.93
1,1,265.53,182.33
72.467,1,241,125.8
69.267,47.933,265.53,182.33
243.13,1,297.53,44.733
316.73,2.0667,383.93,86.333
239.93,219.67,383.93,389.27
49,295.4,135.4,342.33
8.4667,212.2,49,273
25.533,389.27,167.4,487.4
1,414.87,209,511.93
1,436.2,43.667,491.67
1,1,142.87,180.2
306.07,236.73,376.47,357.27
316.73,1,383.93,168.47
58.6,449,299.67,511.93
61.8,222.87,141.8,299.67
264.47,177,383.93,423.4
161,155.67,334.87,285.8
97,325.27,204.73,370.07
239.93,334.87,307.13,380.73
1,389.27,173.8,491.67
97,325.27,184.47,366.87
237.8,55.4,324.2,108.73
313.53,267.67,383.93,430.87
145,1,241,125.8
1,159.93,134.33,511.93
1,149.27,186.6,308.2
135.4,47.933,181.27,98.067
1,287.93,134.33,511.93
1,1,367.93,110.87
284.73,459.67,338.07,511.93
199.4,257,340.2,390.33
228.2,238.87,351.93,390.33
161,269.8,333.8,399.93
1,107.67,63.933,173.8
233.53,140.73,297.53,253.8
321,458.6,383.93,511.93
1,291.13,119.4,476.73
294.33,441.53,383.93,511.93
37.267,161,169.53,291.13
41.533,15.933,119.4,111.93
233.53,174.87,294.33,216.47
98.067,232.47,335.93,342.33
1,162.07,122.6,323.13
322.07,175.93,383.93,237.8
120.47,185.53,180.2,298.6
228.2,114.07,298.6,253.8
216.47,1,299.67,103.4
51.133,259.13,118.33,300.73
46.867,348.73,119.4,408.47
164.2,390.33,283.67,478.87
33,249.53,143.93,319.93
49,203.67,92.733,248.47
266.6,123.67,383.93,246.33
1,1,245.27,123.67
195.13,17,237.8,82.067
120.47,81,180.2,124.73
1,106.6,132.2,247.4
1,296.47,184.47,372.2
324.2,353,383.93,458.6
15.933,412.73,111.93,484.2
109.8,28.733,264.47,143.93
1,389.27,270.87,511.93
281.53,425.53,383.93,511.93
25.533,262.33,107.67,312.47
1,329.53,92.733,377.53
154.6,1,215.4,90.6
120.47,72.467,264.47,134.33
154.6,1,229.27,90.6
276.2,4.2,367.93,66.067
56.467,357.27,108.73,403.13
317.8,388.2,383.93,457.53
1,291.13,238.87,478.87
225,269.8,333.8,390.33
1,94.867,92.733,342.33
217.53,114.07,298.6,253.8
68.2,171.67,186.6,286.87
153.53,1,383.93,226.07
231.4,1,281.53,44.733
1,89.533,129,321
114.07,172.73,253.8,316.73
316.73,1,383.93,103.4
100.2,296.47,184.47,356.2
1,291.13,119.4,511.93
276.2,2.0667,383.93,168.47
6.3333,111.93,63.933,169.53
235.67,207.93,297.53,253.8
333.8,353,378.6,438.33
1,87.4,170.6,189.8
21.267,66.067,142.87,191.93
1,351.93,196.2,463.93
258.07,390.33,303.93,430.87
267.67,109.8,351.93,228.2
1,291.13,119.4,461.8
49,380.73,103.4,423.4
264.47,212.2,383.93,377.53
122.6,337,193,378.6
79.933,301.8,334.87,439.4
1,391.4,207.93,511.93
305,238.87,351.93,307.13
6.3333,42.6,69.267,110.87
78.867,457.53,172.73,511.93
276.2,3.1333,369,71.4
79.933,174.87,153.53,217.53
158.87,114.07,328.47,269.8
105.53,1,229.27,90.6
40.467,87.4,142.87,129
324.2,353,383.93,472.47
7.4,97,103.4,291.13
18.067,291.13,119.4,412.73
210.07,1,254.87,47.933
161,333.8,279.4,425.53
161,114.07,298.6,268.73
316.73,268.73,369,319.93
54.333,221.8,210.07,316.73
1,15.933,178.07,179.13
171.67,394.6,228.2,472.47
248.47,1,383.93,150.33
1,162.07,123.67,321
1,289,332.73,511.93
40.467,166.33,130.07,236.73
28.733,183.4,129,263.4
95.933,1,189.8,46.867
107.67,93.8,266.6,179.13
286.87,21.267,346.6,74.6
255.93,54.333,383.93,228.2
6.3333,108.73,175.93,291.13
165.27,391.4,230.33,470.33
237.8,296.47,335.93,373.27
92.733,351.93,187.67,411.67
267.67,109.8,314.6,204.73
65,250.6,232.47,316.73
1,25.533,152.47,163.13
23.4,389.27,117.27,491.67
276.2,11.667,369,71.4
120.47,124.73,245.27,179.13
146.07,238.87,253.8,316.73
1,298.6,68.2,343.4
76.733,5.2667,189.8,70.333
65,177,383.93,511.93
202.6,163.13,250.6,212.2
157.8,1,215.4,90.6
61.8,259.13,129,299.67
95.933,1,189.8,86.333
169.53,1,383.93,168.47
228.2,109.8,314.6,287.93
134.33,116.2,223.93,178.07
1,1,121.53,120.47
230.33,12.733,270.87,99.133
17,78.867,223.93,236.73
213.27,381.8,345.53,504.47
196.2,269.8,366.87,391.4
321,425.53,383.93,511.93
57.533,419.13,196.2,511.93
1,1,189.8,70.333
206.87,234.6,332.73,287.93
6.3333,108.73,62.867,205.8
7.4,117.27,103.4,291.13
1,291.13,119.4,478.87
61.8,36.2,121.53,103.4
1,431.93,70.333,511.93
120.47,167.4,312.47,273
1,289,187.67,484.2
154.6,229.27,287.93,316.73
231.4,1,347.67,87.4
1,1,245.27,323.13
319.93,309.27,376.47,397.8
29.8,456.47,108.73,505.53
1,88.467,132.2,279.4
66.067,391.4,243.13,490.6
258.07,59.667,383.93,222.87
1,62.867,51.133,108.73
120.47,72.467,180.2,124.73
1,78.867,223.93,321
171.67,1,220.73,87.4
1,1,191.93,70.333
4.2,116.2,94.867,180.2
1,40.467,46.867,97
295.4,210.07,383.93,337
337,125.8,383.93,209
1,39.4,62.867,108.73
1,431.93,118.33,511.93
120.47,419.13,196.2,463.93
1,11.667,86.333,84.2
40.467,87.4,171.67,170.6
65,414.87,211.13,511.93
338.07,21.267,383.93,95.933
323.13,180.2,383.93,246.33
334.87,4.2,376.47,46.867
1,397.8,59.667,459.67
199.4,1,265.53,92.733
273,330.6,331.67,374.33
202.6,390.33,270.87,453.27
65,404.2,196.2,463.93
93.8,221.8,135.4,263.4
1,26.6,164.2,110.87
114.07,195.13,253.8,316.73
273,1,383.93,73.533
1,466.07,97,511.93
1,258.07,82.067,308.2
26.6,427.67,86.333,481
83.133,456.47,170.6,511.93
187.67,381.8,345.53,511.93
157.8,164.2,223.93,213.27
159.93,167.4,312.47,273
1,262.33,119.4,408.47
156.73,428.73,218.6,477.8
305,1,383.93,146.07
295.4,180.2,383.93,511.93
1,357.27,108.73,417
1,460.73,49,511.93
8.4667,258.07,82.067,299.67
1,82.067,105.53,307.13
120.47,221.8,172.73,264.47
215.4,471.4,286.87,511.93
3.1333,25.533,152.47,140.73
4.2,129,65,180.2
65,414.87,125.8,462.87
161,333.8,324.2,418.07
94.867,221.8,210.07,316.73
301.8,30.867,383.93,74.6
239.93,307.13,334.87,385
298.6,180.2,383.93,246.33
120.47,134.33,312.47,273
242.07,471.4,293.27,511.93
296.47,1,383.93,42.6
228.2,109.8,383.93,287.93
42.6,17,170.6,123.67
228.2,309.27,335.93,390.33
120.47,210.07,163.13,253.8
343.4,180.2,383.93,246.33
1,17,265.53,182.33
161,180.2,229.27,241
1,97,103.4,307.13
1,419.13,196.2,511.93
222.87,1,294.33,92.733
40.467,166.33,184.47,265.53
51.133,50.067,95.933,90.6
1,281.53,74.6,350.87
33,155.67,180.2,231.4
169.53,1,235.67,104.47
116.2,55.4,177,124.73
68.2,171.67,178.07,257
252.73,380.73,374.33,511.93
216.47,1,299.67,88.467
231.4,1,299.67,75.667
79.933,349.8,195.13,459.67
133.27,93.8,266.6,177
161,169.53,383.93,299.67
1,298.6,114.07,476.73
122.6,390.33,270.87,490.6
143.93,462.87,213.27,511.93
343.4,180.2,383.93,233.53
136.47,419.13,195.13,459.67
65,420.2,211.13,511.93
156.73,410.6,244.2,485.27
171.67,172.73,229.27,241
1,1,189.8,110.87
1,379.67,168.47,511.93
17,89.533,134.33,177
303.93,212.2,383.93,299.67
19.133,174.87,102.33,226.07
199.4,257,287.93,313.53
33,149.27,180.2,231.4
231.4,316.73,334.87,410.6
187.67,394.6,228.2,458.6
119.4,122.6,264.47,179.13
31.933,302.87,104.47,351.93
62.867,259.13,127.93,300.73
1,414.87,196.2,511.93
1,162.07,122.6,294.33
213.27,381.8,332.73,503.4
1,11.667,86.333,72.467
246.33,4.2,289,84.2
65,278.33,143.93,323.13
230.33,3.1333,299.67,107.67
258.07,350.87,342.33,419.13
10.6,202.6,92.733,253.8
280.47,2.0667,347.67,87.4
232.47,337,331.67,387.13
169.53,1,247.4,104.47
306.07,310.33,383.93,457.53
54.333,249.53,143.93,300.73
142.87,337,193,378.6
241,219.67,383.93,376.47
104.47,446.87,293.27,511.93
294.33,21.267,339.13,63.933
202.6,163.13,260.2,231.4
129,97,171.67,143.93
26.6,440.47,111.93,481
61.8,36.2,115.13,108.73
281.53,310.33,383.93,511.93
109.8,36.2,264.47,143.93
65,278.33,143.93,332.73
97,204.73,145,248.47
127.93,26.6,193,89.533
105.53,37.267,161,77.8
84.2,387.13,189.8,430.87
186.6,221.8,232.47,273
154.6,221.8,289,327.4
280.47,1,383.93,42.6
17,78.867,223.93,210.07
101.27,353,168.47,410.6
68.2,171.67,212.2,316.73
66.067,185.53,123.67,233.53
1,329.53,108.73,417
1,291.13,119.4,412.73
1,17,119.4,90.6
130.07,1,267.67,108.73
134.33,108.73,312.47,273
38.333,259.13,118.33,300.73
239.93,307.13,334.87,389.27
316.73,245.27,361.53,310.33
249.53,1,299.67,84.2
167.4,169.53,312.47,273
85.267,166.33,181.27,219.67
121.53,164.2,239.93,268.73
324.2,376.47,383.93,451.13
207.93,1,254.87,57.533
315.67,429.8,383.93,511.93
26.6,446.87,90.6,487.4
313.53,374.33,383.93,457.53
19.133,108.73,62.867,168.47
1,298.6,103.4,341.27
1,26.6,97,91.667
236.73,269.8,328.47,325.27
1,291.13,72.467,332.73
280.47,1,383.93,43.667
270.87,198.33,367.93,287.93
1,466.07,118.33,511.93
313.53,353,383.93,458.6
8.4667,295.4,103.4,342.33
273,14.867,383.93,92.733
1,307.13,71.4,408.47
169.53,179.13,239.93,255.93
25.533,389.27,108.73,487.4
227.13,1,367.93,88.467
15.933,417,111.93,484.2
171.67,409.53,217.53,467.13
1,68.2,92.733,342.33
127.93,185.53,180.2,251.67
67.133,449,173.8,511.93
50.067,198.33,93.8,248.47
313.53,374.33,359.4,434.07
226.07,174.87,314.6,285.8
324.2,376.47,383.93,433
156.73,390.33,270.87,477.8
49,187.67,103.4,248.47
324.2,471.4,383.93,511.93
259.13,83.133,383.93,222.87
17,61.8,69.267,110.87
199.4,177,383.93,458.6
161,169.53,314.6,285.8
197.27,451.13,299.67,511.93
185.53,434.07,243.13,474.6
24.467,445.8,104.47,487.4
120.47,185.53,180.2,265.53
286.87,21.267,339.13,67.133
1,110.87,49,163.13
37.267,237.8,98.067,291.13
65,404.2,150.33,462.87
41.533,66.067,131.13,169.53
130.07,34.067,193,86.333
12.733,108.73,102.33,215.4
227.13,174.87,312.47,270.87
105.53,5.2667,184.47,76.733
93.8,209,181.27,265.53
50.067,188.73,103.4,248.47
216.47,1,299.67,84.2
12.733,55.4,177,215.4
342.33,2.0667,383.93,54.333
4.2,168.47,102.33,211.13
161,309.27,266.6,391.4
1,39.4,62.867,105.53
270.87,229.27,322.07,287.93
202.6,296.47,340.2,388.2
119.4,174.87,181.27,217.53
322.07,278.33,383.93,376.47
162.07,1,229.27,90.6
270.87,198.33,383.93,465
107.67,116.2,223.93,179.13
166.33,122.6,259.13,180.2
69.267,44.733,265.53,182.33
231.4,1,284.73,44.733
23.4,403.13,95.933,491.67
97,421.27,178.07,474.6
125.8,351.93,172.73,406.33
78.867,460.73,172.73,511.93
38.333,259.13,121.53,306.07
251.67,3.1333,299.67,107.67
1,329.53,71.4,406.33
197.27,270.87,333.8,342.33
324.2,353,378.6,443.67
327.4,1,383.93,43.667
135.4,117.27,220.73,172.73
276.2,3.1333,343.4,71.4
324.2,341.27,383.93,511.93
4.2,168.47,65,279.4
254.87,38.333,383.93,226.07
145,66.067,241,107.67
187.67,380.73,303.93,454.33
34.067,161,102.33,202.6
159.93,169.53,312.47,273
78.867,419.13,196.2,511.93
109.8,36.2,152.47,79.933
1,298.6,118.33,511.93
37.267,234.6,123.67,291.13
17,89.533,113,177
276.2,330.6,331.67,374.33
324.2,373.27,383.93,451.13
219.67,42.6,269.8,103.4
228.2,1,351.93,170.6
25.533,291.13,104.47,351.93
280.47,1,383.93,57.533
282.6,425.53,383.93,511.93
95.933,103.4,159.93,169.53
8.4667,235.67,120.47,299.67
67.133,456.47,133.27,511.93
90.6,309.27,266.6,434.07
66.067,393.53,238.87,478.87
199.4,149.27,257,197.27
67.133,456.47,206.87,511.93
73.533,1,142.87,54.333
222.87,1,294.33,103.4
1,351.93,187.67,411.67
51.133,470.33,97,511.93
1,162.07,99.133,321
316.73,49,383.93,97
12.733,161,102.33,215.4
1,1,191.93,49
1,344.47,69.267,393.53
324.2,385,369,433
1,369,117.27,424.47
65,259.13,121.53,327.4
101.27,171.67,169.53,213.27
47.933,190.87,141.8,259.13
6.3333,108.73,63.933,169.53
324.2,353,378.6,451.13
6.3333,97,175.93,291.13
166.33,117.27,279.4,181.27
187.67,381.8,332.73,503.4
1,281.53,74.6,341.27
187.67,392.47,255.93,458.6
34.067,161,102.33,207.93
255.93,319.93,340.2,363.67
324.2,278.33,383.93,376.47
65,36.2,115.13,81
303.93,179.13,383.93,299.67
76.733,78.867,178.07,172.73
313.53,380.73,383.93,458.6
61.8,330.6,114.07,394.6
133.27,131.13,216.47,171.67
122.6,185.53,209,261.27
226.07,177,275.13,237.8
52.2,460.73,108.73,501.27
280.47,350.87,379.67,451.13
323.13,261.27,366.87,303.93
278.33,12.733,367.93,66.067
134.33,221.8,210.07,316.73
1,89.533,99.133,321
60.733,107.67,143.93,177
316.73,270.87,373.27,367.93
41.533,66.067,142.87,191.93
154.6,225,289,327.4
169.53,1,218.6,101.27
77.8,38.333,148.2,110.87
119.4,174.87,175.93,217.53
9.5333,101.27,50.067,147.13
334.87,175.93,383.93,226.07
197.27,361.53,375.4,511.93
231.4,386.07,290.07,456.47
10.6,202.6,76.733,253.8
270.87,229.27,322.07,278.33
169.53,1,235.67,102.33
1,466.07,47.933,511.93
79.933,171.67,169.53,216.47
17,36.2,152.47,110.87
12.733,108.73,65,179.13
209,17,260.2,66.067
210.07,1,302.87,164.2
206.87,238.87,253.8,285.8
65,234.6,332.73,316.73
264.47,177,383.93,377.53
321,470.33,383.93,511.93
295.4,210.07,371.13,285.8
8.4667,289,103.4,342.33
67.133,451.13,299.67,511.93
133.27,57.533,267.67,177
71.4,387.13,189.8,439.4
257,202.6,314.6,285.8
93.8,353,137.53,412.73
91.667,103.4,159.93,169.53
1,39.4,62.867,118.33
276.2,2.0667,383.93,71.4
217.53,149.27,259.13,239.93
97,391.4,207.93,475.67
77.8,449,170.6,511.93
36.2,187.67,186.6,286.87
60.733,185.53,116.2,233.53
254.87,235.67,335.93,314.6
85.267,166.33,194.07,219.67
29.8,37.267,119.4,90.6
157.8,1,220.73,87.4
1,436.2,71.4,511.93
36.2,225,100.2,279.4
1,1,189.8,86.333
3.1333,106.6,132.2,247.4
255.93,54.333,381.8,223.93
42.6,116.2,94.867,177
120.47,195.13,253.8,316.73
1,344.47,69.267,408.47
74.6,123.67,117.27,172.73
209,17,269.8,103.4
161,170.6,239.93,274.07
133.27,131.13,260.2,231.4
57.533,433,172.73,511.93
85.267,179.13,130.07,219.67
324.2,353,378.6,438.33
19.133,369,117.27,424.47
121.53,178.07,239.93,247.4
13.8,291.13,119.4,412.73
248.47,14.867,302.87,150.33
66.067,425.53,167.4,474.6
187.67,392.47,243.13,439.4
201.53,410.6,244.2,511.93
46.867,302.87,119.4,408.47
114.07,185.53,253.8,316.73
66.067,394.6,228.2,474.6
41.533,66.067,131.13,175.93
56.467,354.07,130.07,403.13
333.8,353,378.6,421.27
17,89.533,134.33,169.53
4.2,163.13,54.333,274.07
73.533,1,189.8,86.333
239.93,327.4,327.4,380.73
273,14.867,383.93,73.533
283.67,21.267,351.93,105.53
18.067,302.87,119.4,408.47
1,1,169.53,46.867
29.8,456.47,108.73,511.93
264.47,269.8,362.6,377.53
92.733,325.27,187.67,411.67
338.07,1,383.93,95.933
71.4,187.67,133.27,253.8
66.067,422.33,197.27,490.6
1,172.73,93.8,303.93
317.8,388.2,383.93,458.6
117.27,221.8,212.2,316.73
194.07,381.8,345.53,504.47
254.87,307.13,334.87,381.8
161,333.8,244.2,425.53
166.33,82.067,264.47,135.4
246.33,3.1333,299.67,88.467
324.2,353,379.67,451.13
10.6,198.33,93.8,273
1,354.07,130.07,406.33
130.07,117.27,220.73,172.73
174.87,332.73,258.07,403.13
338.07,1,383.93,79.933
289,21.267,339.13,67.133
1,271.93,56.467,342.33
120.47,238.87,253.8,316.73
282.6,177,383.93,231.4
1,291.13,56.467,342.33
252.73,207.93,312.47,270.87
210.07,1,302.87,150.33
109.8,301.8,282.6,367.93
1,1,152.47,110.87
95.933,249.53,155.67,294.33
330.6,1,383.93,79.933
232.47,296.47,333.8,387.13
107.67,116.2,223.93,210.07
41.533,15.933,148.2,111.93
273,14.867,339.13,73.533
83.133,456.47,207.93,511.93
200.47,393.53,255.93,474.6
146.07,164.2,205.8,210.07
85.267,171.67,194.07,219.67
134.33,108.73,279.4,181.27
1,329.53,71.4,377.53
1,94.867,54.333,274.07
332.73,180.2,383.93,239.93
135.4,95.933,264.47,177
1,411.67,131.13,511.93
303.93,179.13,383.93,310.33
135.4,93.8,266.6,177
31.933,302.87,119.4,408.47
8.4667,289,103.4,377.53
24.467,446.87,90.6,487.4
98.067,251.67,273,316.73
4.2,168.47,74.6,211.13
332.73,180.2,383.93,246.33
161,338.07,244.2,425.53
252.73,14.867,294.33,170.6
1,162.07,99.133,301.8
1,88.467,194.07,279.4
17,36.2,115.13,110.87
1,1,266.6,110.87
142.87,418.07,194.07,463.93
173.8,257,287.93,316.73
93.8,351.93,186.6,402.07
166.33,108.73,279.4,181.27
4.2,148.2,54.333,274.07
119.4,209,181.27,265.53
7.4,117.27,63.933,215.4
81,26.6,245.27,110.87
25.533,263.4,90.6,312.47
315.67,1,383.93,146.07
79.933,351.93,195.13,459.67
62.867,36.2,115.13,86.333
1,298.6,102.33,358.33
101.27,171.67,178.07,257
314.6,33,383.93,130.07
294.33,469.27,335.93,511.93
286.87,21.267,346.6,68.2
1,266.6,49,323.13
1,466.07,71.4,511.93
202.6,392.47,261.27,452.2
90.6,97,171.67,170.6
87.4,187.67,186.6,286.87
273,1,383.93,92.733
74.6,121.53,134.33,166.33
158.87,1,209,87.4
1,294.33,184.47,372.2
306.07,236.73,376.47,363.67
17,88.467,78.867,177
67.133,456.47,223.93,511.93
25.533,398.87,83.133,461.8
146.07,251.67,273,316.73
196.2,266.6,246.33,307.13
109.8,36.2,164.2,79.933
21.267,145,65,189.8
257,235.67,314.6,285.8
101.27,353,163.13,410.6
337,177,383.93,226.07
161,171.67,239.93,274.07
193,174.87,312.47,273
85.267,174.87,181.27,219.67
93.8,350.87,188.73,412.73
255.93,296.47,333.8,341.27
40.467,55.4,177,170.6
199.4,257,239.93,313.53
69.267,97,177,169.53
17,89.533,113,169.53
103.4,171.67,169.53,216.47
207.93,122.6,264.47,164.2
195.13,23.4,237.8,82.067
120.47,210.07,172.73,277.27
36.2,188.73,103.4,291.13
179.13,170.6,239.93,266.6
73.533,1,189.8,54.333
268.73,155.67,334.87,243.13
97,301.8,190.87,378.6
119.4,122.6,264.47,171.67
41.533,36.2,152.47,92.733
105.53,300.73,285.8,369
113,386.07,207.93,434.07
161,171.67,239.93,255.93
103.4,171.67,169.53,213.27
121.53,163.13,239.93,247.4
156.73,410.6,252.73,511.93
3.1333,171.67,49,274.07
228.2,296.47,335.93,390.33
246.33,234.6,332.73,287.93
190.87,57.533,267.67,108.73
323.13,1,383.93,95.933
254.87,307.13,334.87,373.27
278.33,4.2,367.93,66.067
65,259.13,143.93,327.4
33,1,95.933,44.733
323.13,1,383.93,79.933
17,87.4,79.933,178.07
46.867,302.87,104.47,378.6
79.933,387.13,189.8,439.4
1,329.53,117.27,460.73
162.07,468.2,209,511.93
4.2,116.2,65,180.2
78.867,421.27,178.07,511.93
77.8,103.4,142.87,143.93
338.07,1,383.93,60.733
302.87,55.4,351.93,105.53
1,357.27,108.73,406.33
324.2,353,383.93,511.93
1,312.47,102.33,358.33
25.533,379.67,167.4,487.4
1,89.533,99.133,301.8
313.53,374.33,383.93,434.07
286.87,441.53,383.93,511.93
37.267,235.67,122.6,279.4
226.07,169.53,314.6,285.8
1,26.6,115.13,91.667
1,331.67,92.733,377.53
69.267,121.53,135.4,169.53
81,1,266.6,110.87
199.4,49,265.53,92.733
313.53,443.67,383.93,511.93
228.2,114.07,283.67,253.8
342.33,1,383.93,76.733
339.13,179.13,383.93,246.33
1,281.53,74.6,332.73
226.07,177,294.33,237.8
69.267,130.07,135.4,178.07
187.67,380.73,345.53,504.47
1,329.53,117.27,476.73
1,88.467,194.07,323.13
313.53,380.73,372.2,457.53
66.067,106.6,132.2,189.8
154.6,229.27,289,327.4
233.53,114.07,277.27,215.4
161,333.8,244.2,418.07
66.067,394.6,228.2,478.87
226.07,177,275.13,234.6
97,426.6,154.6,475.67
124.73,195.13,209,261.27
283.67,49,351.93,105.53
169.53,1,254.87,101.27
1,137.53,70.333,293.27
1,159.93,93.8,303.93
258.07,59.667,383.93,227.13
187.67,392.47,255.93,446.87
92.733,351.93,187.67,406.33
303.93,212.2,374.33,265.53
265.53,94.867,381.8,195.13
215.4,174.87,312.47,270.87
73.533,183.4,127.93,235.67
179.13,171.67,239.93,266.6
30.867,327.4,103.4,377.53
4.2,163.13,76.733,289
87.4,187.67,133.27,253.8
66.067,166.33,113,217.53
19.133,25.533,71.4,68.2
1,330.6,114.07,466.07
164.2,391.4,283.67,478.87
264.47,229.27,362.6,377.53
92.733,28.733,140.73,83.133
188.73,410.6,239.93,484.2
277.27,269.8,325.27,310.33
111.93,149.27,161,213.27
1,379.67,60.733,459.67
338.07,1,383.93,102.33
315.67,470.33,383.93,511.93
37.267,161,175.93,291.13
159.93,171.67,312.47,270.87
47.933,190.87,97,236.73
125.8,351.93,187.67,406.33
65,1,189.8,70.333
162.07,1,215.4,90.6
322.07,239.93,383.93,376.47
73.533,37.267,119.4,81
337,179.13,383.93,246.33
237.8,390.33,290.07,452.2
68.2,171.67,169.53,231.4
1,356.2,104.47,409.53
1,17,119.4,94.867
37.267,246.33,88.467,291.13
1,1,107.67,41.533
170.6,221.8,268.73,316.73
252.73,14.867,294.33,88.467
156.73,392.47,255.93,477.8
51.133,348.73,119.4,408.47
4.2,163.13,54.333,270.87
166.33,452.2,211.13,511.93
173.8,271.93,287.93,316.73
17,88.467,63.933,137.53
25.533,291.13,72.467,331.67
29.8,456.47,99.133,505.53
21.267,129,65,180.2
171.67,393.53,255.93,474.6
236.73,274.07,325.27,315.67
125.8,354.07,166.33,403.13
245.27,1,383.93,130.07
122.6,434.07,243.13,490.6
1,26.6,121.53,108.73
63.933,97,142.87,178.07
187.67,381.8,345.53,504.47
174.87,1,241,87.4
83.133,466.07,170.6,511.93
296.47,21.267,346.6,65
85.267,379.67,134.33,422.33
254.87,79.933,383.93,222.87
94.867,155.67,180.2,231.4
265.53,94.867,381.8,223.93
101.27,353,186.6,402.07
301.8,218.6,383.93,367.93
1,289,135.4,377.53
3.1333,36.2,121.53,140.73
98.067,238.87,275.13,316.73
246.33,3.1333,299.67,77.8
3.1333,108.73,63.933,180.2
92.733,185.53,180.2,298.6
107.67,62.867,266.6,179.13
4.2,163.13,54.333,289
296.47,1,383.93,43.667
194.07,410.6,239.93,484.2
327.4,7.4,383.93,57.533
254.87,79.933,383.93,226.07
306.07,236.73,369,319.93
1,289,135.4,342.33
110.87,91.667,170.6,146.07
254.87,316.73,334.87,374.33
53.267,302.87,104.47,351.93
334.87,196.2,383.93,246.33
98.067,251.67,275.13,316.73
40.467,188.73,98.067,236.73
277.27,155.67,334.87,227.13
97,325.27,181.27,370.07
94.867,249.53,135.4,294.33
326.33,310.33,371.13,385
31.933,287.93,119.4,408.47
207.93,104.47,264.47,164.2
223.93,12.733,266.6,102.33
25.533,398.87,89.533,461.8
283.67,47.933,367.93,130.07
197.27,390.33,284.73,511.93
133.27,122.6,264.47,171.67
129,74.6,177,124.73
6.3333,53.267,69.267,110.87
18.067,302.87,119.4,412.73
317.8,388.2,383.93,465
1,379.67,60.733,505.53
202.6,296.47,340.2,390.33
158.87,1,266.6,102.33
173.8,238.87,287.93,316.73
221.8,57.533,267.67,108.73
166.33,124.73,226.07,170.6
9.5333,161,63.933,215.4
170.6,221.8,261.27,316.73
255.93,54.333,381.8,195.13
81,37.267,245.27,110.87
174.87,332.73,223.93,399.93
78.867,433,172.73,511.93
3.1333,108.73,102.33,247.4
10.6,174.87,102.33,247.4
107.67,114.07,220.73,179.13
231.4,386.07,303.93,456.47
167.4,174.87,312.47,273
107.67,126.87,173.8,179.13
95.933,115.13,159.93,169.53
60.733,186.6,106.6,233.53
154.6,229.27,198.33,287.93
4.2,168.47,47.933,211.13
310.33,108.73,380.73,170.6
187.67,380.73,383.93,511.93
75.667,38.333,119.4,81
248.47,17,293.27,150.33
15.933,417,81,460.73
74.6,91.667,170.6,146.07
169.53,171.67,239.93,255.93
71.4,91.667,170.6,146.07
197.27,451.13,282.6,500.2
171.67,409.53,217.53,472.47
6.3333,118.33,63.933,169.53
83.133,456.47,171.67,511.93
1,87.4,143.93,189.8
95.933,249.53,147.13,294.33
236.73,269.8,325.27,315.67
273,1,383.93,130.07
313.53,449,383.93,511.93
145,195.13,209,261.27
74.6,121.53,118.33,172.73
313.53,380.73,359.4,434.07
107.67,125.8,173.8,179.13
1,356.2,66.067,406.33
248.47,74.6,293.27,150.33
283.67,270.87,335.93,314.6
259.13,83.133,383.93,226.07
338.07,45.8,383.93,86.333
26.6,446.87,78.867,487.4
254.87,235.67,326.33,287.93
1,17,170.6,123.67
122.6,209,209,261.27
252.73,14.867,294.33,130.07
17,87.4,79.933,169.53
161,179.13,239.93,255.93
101.27,171.67,169.53,231.4
319.93,267.67,383.93,397.8
255.93,54.333,363.67,130.07
167.4,170.6,312.47,273
1,298.6,117.27,476.73
174.87,1,266.6,102.33
1,298.6,114.07,466.07
135.4,114.07,201.53,172.73
120.47,72.467,265.53,134.33
197.27,270.87,318.87,324.2
1,350.87,104.47,409.53
120.47,185.53,178.07,257
316.73,1,383.93,42.6
12.733,174.87,63.933,215.4
330.6,285.8,372.2,363.67
267.67,109.8,309.27,184.47
47.933,171.67,194.07,236.73
1,37.267,119.4,90.6
133.27,204.73,178.07,257
6.3333,110.87,54.333,205.8
294.33,443.67,383.93,511.93
97,325.27,190.87,378.6
105.53,5.2667,184.47,47.933
1,26.6,121.53,110.87
90.6,386.07,207.93,434.07
187.67,380.73,258.07,454.33
1,466.07,60.733,511.93
135.4,114.07,220.73,172.73
1,379.67,84.2,511.93
277.27,340.2,334.87,389.27
253.8,14.867,302.87,76.733
161,179.13,239.93,274.07
26.6,427.67,131.13,481
325.27,374.33,383.93,418.07
276.2,4.2,342.33,66.067
12.733,161,175.93,291.13
301.8,218.6,383.93,299.67
317.8,412.73,372.2,458.6
201.53,410.6,244.2,485.27
31.933,300.73,119.4,408.47
25.533,262.33,90.6,312.47
129,185.53,178.07,257
171.67,180.2,229.27,241
130.07,446.87,211.13,511.93
260.2,330.6,316.73,378.6
36.2,236.73,98.067,291.13
119.4,171.67,194.07,217.53
9.5333,97,71.4,147.13
282.6,180.2,345.53,231.4
67.133,449,149.27,506.6
93.8,325.27,188.73,412.73
61.8,330.6,114.07,407.4
264.47,269.8,325.27,310.33
126.87,353,186.6,402.07
104.47,387.13,189.8,428.73
120.47,122.6,265.53,179.13
36.2,186.6,103.4,291.13
237.8,390.33,303.93,452.2
251.67,3.1333,299.67,88.467
65,8.4667,107.67,70.333
1,26.6,121.53,103.4
162.07,468.2,252.73,511.93
51.133,37.267,170.6,123.67
302.87,49,351.93,105.53
202.6,169.53,254.87,231.4
101.27,353,163.13,402.07
166.33,124.73,226.07,180.2
1,350.87,188.73,423.4
338.07,30.867,383.93,84.2
1,379.67,60.733,497
1,198.33,93.8,303.93
243.13,330.6,316.73,379.67
120.47,185.53,180.2,251.67
4.2,198.33,93.8,293.27
26.6,427.67,125.8,481
104.47,353,188.73,412.73
237.8,309.27,335.93,373.27
135.4,117.27,218.6,172.73
267.67,109.8,314.6,197.27
158.87,1,220.73,87.4
87.4,186.6,127.93,232.47
69.267,97,142.87,169.53
25.533,398.87,83.133,487.4
120.47,72.467,211.13,124.73
1,162.07,49,294.33
120.47,72.467,247.4,134.33
268.73,174.87,334.87,243.13
87.4,197.27,133.27,253.8
207.93,186.6,249.53,253.8
1,298.6,117.27,485.27
165.27,1,209,87.4
54.333,259.13,127.93,300.73
1,372.2,99.133,466.07
67.133,449,149.27,511.93
228.2,184.47,283.67,253.8
61.8,45.8,121.53,103.4
313.53,374.33,383.93,430.87
187.67,392.47,243.13,450.07
120.47,420.2,178.07,463.93
107.67,116.2,179.13,179.13
78.867,1,189.8,41.533
143.93,124.73,245.27,178.07
51.133,37.267,119.4,90.6
75.667,129,117.27,172.73
148.2,171.67,194.07,212.2
235.67,207.93,283.67,253.8
81,38.333,137.53,110.87
209,393.53,255.93,452.2
25.533,398.87,83.133,453.27
1,331.67,71.4,408.47
8.4667,379.67,60.733,428.73
122.6,461.8,206.87,511.93
280.47,350.87,342.33,419.13
3.1333,57.533,55.4,140.73
161,333.8,342.33,425.53
4.2,168.47,59.667,271.93
26.6,440.47,86.333,481
227.13,174.87,297.53,239.93
67.133,456.47,149.27,506.6
254.87,219.67,379.67,314.6
7.4,117.27,62.867,165.27
1,39.4,62.867,106.6
135.4,117.27,201.53,172.73
313.53,380.73,355.13,458.6
330.6,60.733,383.93,130.07
19.133,108.73,62.867,159.93
250.6,471.4,293.27,511.93
233.53,174.87,312.47,270.87
135.4,114.07,218.6,172.73
223.93,38.333,266.6,102.33
166.33,124.73,245.27,170.6
125.8,462.87,206.87,511.93
228.2,1,294.33,170.6
125.8,467.13,173.8,511.93
94.867,82.067,265.53,179.13
267.67,109.8,351.93,223.93
187.67,380.73,258.07,439.4
49,371.13,114.07,423.4
209,1,269.8,103.4
296.47,1,383.93,57.533
146.07,251.67,231.4,316.73
227.13,177,275.13,239.93
1,1,107.67,84.2
1,356.2,68.2,409.53
146.07,251.67,251.67,316.73
313.53,380.73,355.13,430.87
4.2,168.47,59.667,216.47
54.333,249.53,135.4,300.73
158.87,124.73,245.27,170.6
337,388.2,383.93,438.33
1,1,71.4,84.2
1,1,86.333,84.2
232.47,319.93,340.2,388.2
310.33,108.73,379.67,170.6
197.27,451.13,282.6,511.93
227.13,174.87,297.53,259.13
120.47,82.067,265.53,179.13
173.8,273,268.73,316.73
171.67,1,219.67,87.4
87.4,149.27,161,232.47
187.67,392.47,243.13,484.2
104.47,446.87,279.4,511.93
17,87.4,79.933,137.53
200.47,390.33,284.73,474.6
166.33,122.6,279.4,181.27
65,420.2,178.07,467.13
324.2,353,378.6,433
174.87,1,221.8,87.4
104.47,452.2,279.4,511.93
10.6,205.8,70.333,247.4
6.3333,125.8,63.933,169.53
291.13,166.33,351.93,223.93
1,1,71.4,68.2
10.6,205.8,70.333,273
1,350.87,130.07,423.4
67.133,456.47,132.2,506.6
325.27,374.33,375.4,418.07
284.73,456.47,338.07,511.93
4.2,168.47,59.667,211.13
1,298.6,102.33,372.2
132.2,446.87,211.13,511.93
6.3333,57.533,55.4,110.87
61.8,45.8,115.13,86.333
242.07,207.93,312.47,270.87
17,404.2,79.933,466.07
49,380.73,99.133,423.4
3.1333,40.467,69.267,140.73
237.8,390.33,303.93,442.6
3.1333,25.533,121.53,140.73
100.2,296.47,180.2,346.6
81,60.733,136.47,110.87
145,213.27,209,261.27
294.33,21.267,334.87,63.933
227.13,174.87,284.73,239.93
49,356.2,130.07,423.4
162.07,452.2,235.67,511.93
26.6,427.67,111.93,481
159.93,171.67,212.2,231.4
26.6,427.67,111.93,485.27
194.07,410.6,246.33,503.4
73.533,37.267,119.4,84.2
17,411.67,92.733,466.07
283.67,49,367.93,130.07
109.8,36.2,152.47,92.733
162.07,452.2,279.4,511.93
171.67,82.067,264.47,134.33
319.93,309.27,362.6,377.53
167.4,179.13,210.07,245.27
294.33,21.267,351.93,105.53
17,380.73,99.133,466.07
162.07,452.2,211.13,511.93
159.93,171.67,249.53,253.8
1,330.6,103.4,466.07
17,419.13,79.933,466.07
1,298.6,72.467,341.27
179.13,171.67,239.93,253.8
252.73,14.867,294.33,92.733
316.73,268.73,359.4,310.33
93.8,353,188.73,412.73
125.8,354.07,166.33,395.67
225,333.8,295.4,390.33
1,372.2,103.4,466.07
61.8,330.6,104.47,387.13
33,427.67,86.333,471.4
