62.6,228.2,512.2,384.2
56.2,1,512.2,384.2
56.2,1,512.2,155.4
1,1,512.2,384.2
140.2,188.2,512.2,384.2
148.2,1,512.2,340.2
140.2,1,512.2,384.2
140.2,188.2,434.6,384.2
121,1,512.2,251.4
121,1,512.2,384.2
303.4,37,512.2,384.2
121.8,1,512.2,384.2
309.8,173,512.2,305
62.6,241.8,512.2,384.2
121,1,208.2,81
62.6,227.4,512.2,384.2
121,66.6,464.2,293
305.8,1,379.4,62.6
278.6,161.8,323.4,229
1,1,512.2,109.8
90.6,201,160.2,320.2
284.2,311.4,343.4,384.2
1,1,512.2,343.4
388.2,113,512.2,384.2
453,265,512.2,384.2
62.6,79.4,512.2,384.2
303.4,58.6,462.6,149.8
116.2,230.6,428.2,384.2
284.2,71.4,512.2,297
71.4,1,512.2,125
122.6,185,417,384.2
281,83.4,325,127.4
315.4,37,512.2,160.2
56.2,1,162.6,106.6
62.6,1,512.2,384.2
384.2,29.8,443.4,77
430.6,1,488.2,101
1,17.8,161,384.2
149.8,39.4,325,234.6
116.2,37,512.2,384.2
148.2,73.8,317,235.4
264.2,237,428.2,384.2
1,216.2,512.2,384.2
124.2,82.6,329,332.2
394.6,1,473.8,49
133,48.2,512.2,251.4
150.6,73,323.4,229
117,304.2,433.8,384.2
430.6,43.4,473,109
117,337.8,268.2,384.2
293.8,150.6,429.8,202.6
296.2,176.2,469,285
333,1,500.2,96.2
133,1,512.2,251.4
127.4,80.2,231.4,279.4
222.6,95.4,512.2,340.2
149.8,37,321.8,87.4
446.6,1,512.2,92.2
127.4,320.2,201,371.4
284.2,267.4,327.4,332.2
121,54.6,512.2,333.8
114.6,304.2,433.8,384.2
117,73,328.2,240.2
1,17.8,512.2,384.2
136.2,45,463.4,237
125,201.8,428.2,384.2
150.6,73,239.4,225.8
261.8,185.8,340.2,335.4
426.6,1,512.2,101
124.2,95.4,167.4,177
1,265,112.2,384.2
149.8,39.4,325,240.2
97.8,1,261.8,81
271.4,7.4,333.8,78.6
71.4,1,119.4,48.2
71.4,1,512.2,333.8
407.4,28.2,468.2,106.6
305,1,379.4,62.6
62.6,80.2,255.4,384.2
237,222.6,512.2,384.2
183.4,125.8,250.6,181.8
276.2,322.6,433.8,384.2
333,55.4,512.2,217
122.6,45,512.2,384.2
180.2,129.8,274.6,226.6
281,169,512.2,353.8
133,73,328.2,240.2
322.6,169,512.2,302.6
126.6,129,362.6,337
122.6,216.2,512.2,384.2
1,1,385.8,384.2
122.6,185,512.2,384.2
140.2,210.6,324.2,384.2
127.4,161,186.6,287.4
380.2,240.2,434.6,293
148.2,81.8,276.2,235.4
172.2,73.8,325,234.6
275.4,311.4,433.8,384.2
121.8,1,512.2,335.4
1,1,165.8,384.2
71.4,1,301,81
317,241.8,434.6,343.4
1,265.8,149,384.2
127.4,80.2,263.4,345
1,1,112.2,193
301.8,115.4,381.8,161.8
89.8,287.4,137.8,350.6
162.6,1,259.4,81
121,66.6,323.4,287.4
276.2,87.4,464.2,293
97.8,1,301,81
122.6,216.2,448.2,384.2
148.2,1,512.2,240.2
433.8,218.6,484.2,280.2
55.4,1,329,93
418.6,213,512.2,286.6
348.2,16.2,415.4,85.8
136.2,123.4,178.6,237
166.6,129,362.6,284.2
1,265,113,384.2
164.2,1,512.2,155.4
461,221,512.2,302.6
259.4,184.2,332.2,340.2
271.4,337,331.4,384.2
56.2,1,385.8,106.6
214.6,86.6,284.2,170.6
125,9.8,208.2,81
287.4,186.6,331.4,340.2
281.8,250.6,426.6,384.2
410.6,37,493.8,111.4
257.8,237,512.2,384.2
276.2,340.2,343.4,384.2
285,183.4,373,292.2
136.2,45,512.2,335.4
1,1,157.8,343.4
430.6,1,512.2,101
420.2,43.4,473,109
327.4,51.4,512.2,220.2
236.2,95.4,369.8,317
168.2,89,276.2,229
1,51.4,161,347.4
174.6,303.4,324.2,384.2
1,1,94.6,64.2
185,97,462.6,228.2
122.6,208.2,512.2,384.2
148.2,1,512.2,285
1,1,329,384.2
301.8,1,512.2,155.4
133,45,425.8,235.4
121.8,1,512.2,220.2
1,1,165.8,344.2
124.2,79.4,512.2,353.8
283.4,97,323.4,223.4
271.4,1,512.2,125
421,48.2,481,101
133,45,512.2,297
470.6,69.8,512.2,113
125,123.4,428.2,384.2
116.2,73,428.2,384.2
425,71.4,512.2,190.6
393,90.6,512.2,333.8
331.4,213.8,386.6,265
301.8,1,512.2,217
1,1,136.2,193
1,129,57,256.2
301.8,1,512.2,159.4
159.4,91.4,283.4,233.8
431.4,217,512.2,305
393,54.6,512.2,333.8
214.6,1,512.2,109.8
177.8,126.6,275.4,226.6
289,130.6,369.8,187.4
397.8,324.2,451.4,375.4
276.2,112.2,396.2,293
285,183.4,373,280.2
125,123.4,512.2,384.2
148.2,176.2,239.4,235.4
348.2,1,512.2,85.8
315.4,56.2,401.8,102.6
121,1,512.2,133
274.6,1,512.2,102.6
122.6,213,512.2,384.2
273,337,325.8,383.4
397.8,289,512.2,384.2
122.6,233.8,288.2,384.2
261.8,127.4,340.2,335.4
114.6,222.6,512.2,384.2
216.2,231.4,263.4,297.8
356.2,287.4,432.2,337.8
452.2,159.4,512.2,222.6
135.4,216.2,281.8,375.4
62.6,241.8,253,384.2
325.8,1,512.2,96.2
1,1,153,384.2
283.4,330.6,373.8,384.2
180.2,129.8,276.2,226.6
237,222.6,327.4,320.2
168.2,89,278.6,229
301.8,68.2,376.2,159.4
317,286.6,371.4,340.2
334.6,244.2,412.2,293
1,1,177.8,384.2
182.6,91.4,276.2,225.8
126.6,181,191.4,337
331.4,213.8,460.2,293
414.6,113,465.8,206.6
211.4,138.6,274.6,226.6
148.2,39.4,325,240.2
393,189.8,483.4,333.8
62.6,228.2,265.8,384.2
333,100.2,512.2,217
166.6,129,350.6,284.2
164.2,25.8,351.4,118.6
177.8,122.6,275.4,229
1,1,121,184.2
309.8,201.8,434.6,351.4
246.6,127.4,323.4,229
414.6,233.8,483.4,333.8
55.4,1,385.8,97
301.8,62.6,462.6,155.4
315.4,37,512.2,153.8
329,306.6,473,384.2
185.8,231.4,262.6,297.8
121,66.6,191.4,287.4
139.4,189,191.4,306.6
285,185.8,342.6,257
411.4,1,512.2,84.2
303.4,1,512.2,220.2
277,76.2,323.4,149.8
159.4,91.4,329,332.2
437.8,21.8,489.8,68.2
168.2,89,273.8,196.2
264.2,250.6,426.6,384.2
185.8,231.4,262.6,301.8
322.6,1,512.2,101.8
1,51.4,161,384.2
160.2,297,257.8,359.4
303.4,92.2,512.2,384.2
194.6,282.6,288.2,384.2
328.2,58.6,512.2,220.2
148.2,1,385.8,240.2
346.6,105.8,512.2,208.2
274.6,1,512.2,200.2
141,228.2,261.8,335.4
55.4,1,329,345
283.4,97,429.8,202.6
418.6,209,512.2,273
246.6,87.4,464.2,236.2
127.4,80.2,174.6,192.2
405,172.2,497.8,304.2
429.8,169,509.8,250.6
327.4,1,512.2,220.2
277,253,317.8,295.4
338.6,330.6,397,373.8
410.6,172.2,497.8,303.4
135.4,216.2,265,337
1,51.4,157.8,343.4
140.2,210.6,257,331.4
337.8,165.8,382.6,236.2
1,1,177.8,347.4
80.2,1,121,57
328.2,58.6,462.6,133
121,1,512.2,101
310.6,201.8,428.2,353.8
133,45,464.2,236.2
276.2,233.8,512.2,384.2
237,222.6,448.2,356.2
117,73,362.6,337
142.6,201,191.4,287.4
291.4,79.4,512.2,202.6
353,339.4,425,384.2
337,287.4,432.2,349
69,289,149,384.2
443.4,51.4,512.2,143.4
248.2,261.8,413,384.2
129,17,208.2,79.4
1,265,149,384.2
386.6,253.8,512.2,384.2
457,79.4,512.2,159.4
304.2,1,385.8,97
161,290.6,273,375.4
305.8,178.6,512.2,251.4
125,229.8,310.6,384.2
236.2,212.2,325,332.2
418.6,209,512.2,286.6
1,216.2,281.8,384.2
124.2,303.4,420.2,384.2
449,113,512.2,221
1,265,154.6,384.2
1,1,150.6,384.2
215.4,73.8,323.4,229
160.2,73,236.2,120.2
237,222.6,436.2,339.4
149.8,1,385.8,97
283.4,127.4,371.4,209
246.6,121,323.4,229
261.8,127.4,512.2,335.4
1,1,259.4,81
452.2,159.4,496.2,217
271.4,337,326.6,384.2
188.2,165,237.8,211.4
149.8,39.4,321.8,87.4
462.6,54.6,512.2,133
133,73,232.2,235.4
328.2,1,512.2,85.8
301.8,58.6,462.6,159.4
264.2,237,426.6,384.2
281.8,217,512.2,384.2
322.6,1,512.2,101
317,150.6,429.8,202.6
1,17.8,80.2,256.2
269,297.8,317,340.2
144.2,254.6,253.8,297.8
222.6,95.4,369.8,340.2
345.8,61.8,401.8,102.6
331.4,213.8,455.4,293
117,101,168.2,185.8
337.8,285,413,332.2
217.8,310.6,345,378.6
361.8,75.4,440.2,140.2
135.4,216.2,281.8,337
410.6,172.2,495.4,303.4
418.6,213,512.2,272.2
124.2,82.6,178.6,241.8
1,193,149.8,384.2
413.8,28.2,458.6,99.4
159.4,91.4,276.2,233.8
61,335.4,116.2,384.2
1,1,161.8,347.4
204.2,68.2,425.8,192.2
470.6,37,512.2,153.8
428.2,1,512.2,61
204.2,70.6,389.8,153.8
440.2,289,496.2,357
327.4,1,512.2,99.4
328.2,30.6,512.2,220.2
355.4,1,458.6,57
188.2,152.2,237.8,211.4
148.2,73.8,317,240.2
1,265.8,76.2,384.2
284.2,89,390.6,187.4
140.2,290.6,257,331.4
206.6,86.6,284.2,201.8
151.4,210.6,253.8,301
284.2,68.2,390.6,187.4
425,90.6,501,217
121,66.6,164.2,194.6
121.8,1,385.8,88.2
134.6,73,232.2,235.4
281.8,317.8,367.4,384.2
324.2,178.6,512.2,251.4
173,48.2,324.2,92.2
135.4,250.6,253.8,337
310.6,201.8,385.8,353.8
193,1,330.6,59.4
236.2,188.2,434.6,351.4
248.2,252.2,512.2,384.2
1,64.2,63.4,193
397.8,233.8,512.2,384.2
465,51.4,512.2,129
182.6,138.6,273.8,225.8
305.8,322.6,433.8,384.2
184.2,1,301,81
127.4,80.2,231.4,215.4
261.8,185.8,331.4,335.4
117,337.8,273.8,384.2
437.8,21.8,481.8,68.2
62.6,241.8,236.2,384.2
133,94.6,183.4,240.2
97,1,192.2,79.4
208.2,46.6,321.8,86.6
322.6,1,379.4,53.8
453,301,498.6,349
407.4,13,493.8,111.4
457.8,30.6,512.2,125.8
64.2,273.8,154.6,384.2
236.2,95.4,369.8,340.2
409.8,69,462.6,133
135.4,291.4,186.6,337
303.4,92.2,465.8,349
388.2,289,512.2,384.2
449,113,512.2,346.6
121,1,208.2,80.2
309.8,173,419.4,285
121,66.6,165.8,194.6
125,9.8,232.2,81
329,1,500.2,71.4
219.4,138.6,267.4,225.8
61,335.4,116.2,378.6
122.6,235.4,277.8,384.2
433.8,190.6,485,257.8
135.4,123.4,276.2,269
285,129,350.6,256.2
1,1,255.4,384.2
469.8,76.2,512.2,200.2
281,79.4,512.2,353.8
214.6,76.2,328.2,228.2
160.2,60.2,231.4,116.2
144.2,185.8,220.2,269
177.8,122.6,272.2,229
344.2,252.2,512.2,384.2
136.2,9.8,205,88.2
90.6,181,177.8,320.2
70.6,1,136.2,74.6
331.4,231.4,512.2,384.2
137,60.2,233.8,240.2
425,90.6,512.2,272.2
164.2,29,351.4,112.2
454.6,217.8,512.2,272.2
175.4,1,510.6,208.2
442.6,76.2,510.6,208.2
90.6,201,160.2,308.2
375.4,99.4,464.2,229.8
327.4,1,512.2,74.6
378.6,1,512.2,61
428.2,169,512.2,250.6
329,213.8,389,265
277,184.2,332.2,340.2
333,100.2,512.2,220.2
97.8,1,232.2,81
1,263.4,149,384.2
125,17,208.2,81
144.2,75.4,231.4,116.2
437.8,159.4,496.2,217
152.2,233.8,236.2,297.8
148.2,39.4,512.2,285
180.2,138.6,274.6,226.6
217.8,73.8,323.4,162.6
281.8,297.8,345,378.6
261.8,185.8,333.8,335.4
206.6,48.2,321.8,95.4
218.6,137.8,272.2,186.6
121,1,176.2,64.2
279.4,289,327.4,333.8
276.2,97,329,273.8
214.6,73.8,317,234.6
1,51.4,157.8,344.2
281,328.2,420.2,384.2
124.2,95.4,178.6,237
180.2,178.6,239.4,226.6
322.6,174.6,512.2,268.2
322.6,1,379.4,55.4
148.2,138.6,273.8,235.4
327.4,1,512.2,96.2
303.4,116.2,462.6,212.2
301.8,87.4,420.2,183.4
301.8,87.4,464.2,229.8
141,228.2,265.8,337.8
182.6,138.6,273.8,226.6
317.8,116.2,462.6,212.2
127.4,304.2,201,371.4
409,189.8,460.2,240.2
127.4,320.2,201,364.2
117,310.6,345,384.2
135.4,216.2,273,375.4
400.2,13,512.2,129
397.8,9.8,512.2,99.4
1,1,167.4,384.2
55.4,1,164.2,93
397.8,13,512.2,125.8
1,14.6,69,193
261.8,185.8,331.4,332.2
139.4,201,191.4,306.6
291.4,40.2,377,109.8
121,66.6,186.6,287.4
404.2,247.4,512.2,337.8
271.4,7.4,339.4,78.6
350.6,231.4,512.2,384.2
116.2,316.2,198.6,384.2
303.4,71.4,440.2,140.2
1,1,94.6,193
181.8,228.2,276.2,284.2
265.8,201,308.2,273.8
193,1,337.8,70.6
241,185,325.8,244.2
407.4,9.8,481.8,81.8
121,1,162.6,64.2
161,307.4,240.2,356.2
407.4,28.2,465,106.6
407.4,9.8,512.2,99.4
337.8,269,436.2,332.2
397.8,280.2,496.2,384.2
124.2,82.6,283.4,273
456.2,54.6,512.2,133
259.4,230.6,317.8,309.8
407.4,9.8,493,99.4
361,25,425.8,125
331.4,338.6,424.2,384.2
248.2,303.4,367.4,384.2
121,1,205,64.2
345.8,57,401.8,102.6
257.8,231.4,512.2,384.2
206.6,1,261.8,48.2
327.4,1,512.2,125.8
233.8,1,281.8,52.2
246.6,95.4,318.6,249
169,250.6,261,297.8
284.2,336.2,343.4,384.2
164.2,25.8,397.8,118.6
329,1,512.2,71.4
271.4,1,379.4,99.4
261.8,221.8,325.8,332.2
327.4,62.6,457.8,129.8
140.2,210.6,263.4,331.4
415.4,43.4,473,121.8
172.2,73.8,317,234.6
281.8,252.2,512.2,384.2
271.4,7.4,330.6,78.6
310.6,169,512.2,353.8
141,229.8,310.6,384.2
384.2,193.8,456.2,286.6
193,1,330.6,65.8
173.8,83.4,325,222.6
173,48.2,425.8,192.2
141,233.8,261.8,335.4
1,265,80.2,384.2
285,159.4,328.2,220.2
389.8,190.6,462.6,336.2
446.6,73,512.2,170.6
264.2,337,335.4,384.2
397.8,320.2,473,377
414.6,233.8,457,312.2
333,5,498.6,77
418.6,217.8,460.2,267.4
193,1,351.4,76.2
122.6,307.4,317.8,384.2
261.8,190.6,325.8,332.2
140.2,210.6,263.4,345
15.4,65,69,129.8
346.6,79.4,512.2,196.2
214.6,86.6,257,132.2
1,51.4,165.8,344.2
329,197,426.6,289.8
61,288.2,149,384.2
89.8,287.4,137.8,341
273,325.8,373.8,384.2
451.4,51.4,512.2,143.4
276.2,311.4,425.8,384.2
218.6,137.8,272.2,225
149.8,39.4,297,87.4
454.6,213,512.2,272.2
410.6,176.2,469,244.2
214.6,1,313,81.8
82.6,1,161.8,82.6
453,265,512.2,349
296.2,176.2,512.2,285
337,341.8,425.8,384.2
407.4,17.8,468.2,106.6
177.8,129.8,276.2,234.6
327.4,51.4,512.2,129.8
158.6,216.2,265,269.8
381,1,432.2,45.8
214.6,236.2,276.2,284.2
469.8,236.2,512.2,302.6
116.2,230.6,327.4,384.2
62.6,173.8,255.4,384.2
418.6,217.8,512.2,272.2
183.4,125.8,233,181.8
343.4,179.4,421,229.8
411.4,1,512.2,92.2
149.8,39.4,292.2,87.4
308.2,201.8,428.2,353.8
428.2,1,480.2,61
337,341.8,405,381.8
135.4,123.4,231.4,269
167.4,47.4,425.8,192.2
125,66.6,186.6,287.4
261.8,271.4,324.2,315.4
222.6,97,329,332.2
213,137.8,273.8,188.2
327.4,16.2,377.8,66.6
117,304.2,345,384.2
371.4,63.4,418.6,125
276.2,76.2,328.2,228.2
289.8,130.6,369.8,187.4
127.4,320.2,201,370.6
121,66.6,165.8,275.4
65.8,289,149,384.2
446.6,1,501,80.2
412.2,92.2,465.8,179.4
183.4,189,276.2,234.6
285,159.4,512.2,292.2
333.8,179.4,406.6,264.2
277,229.8,325,340.2
470.6,75.4,512.2,120.2
328.2,58.6,391.4,101.8
465,72.2,512.2,133
168.2,86.6,283.4,196.2
469.8,1,512.2,63.4
392.2,173,512.2,305
161,297.8,257.8,356.2
409.8,280.2,462.6,336.2
125,1,232.2,81
281,231.4,512.2,384.2
1,129,41,256.2
121,1,330.6,81
168.2,82.6,255.4,165
271.4,7.4,330.6,71.4
283.4,68.2,390.6,229
374.6,1,432.2,45.8
271.4,337,335.4,384.2
215.4,137,297.8,229
65.8,288.2,149,384.2
121.8,1,385.8,112.2
62.6,241.8,224.2,384.2
327.4,62.6,414.6,129
269,29,345,112.2
193,1,320.2,65.8
470.6,69.8,512.2,130.6
121.8,1,231.4,52.2
160.2,297,257.8,356.2
312.2,68.2,376.2,117.8
357,178.6,477.8,251.4
465,182.6,512.2,249
322.6,173,419.4,285
248.2,312.2,345,378.6
212.2,138.6,274.6,226.6
172.2,73.8,317,155.4
285,185.8,427.4,292.2
368.2,1,512.2,74.6
1,65,69,256.2
425,71.4,512.2,170.6
148.2,81.8,229,235.4
175.4,71.4,510.6,208.2
470.6,72.2,512.2,120.2
392.2,176.2,461.8,244.2
283.4,97,463.4,202.6
441.8,190.6,485,239.4
331.4,339.4,425,384.2
154.6,235.4,261,296.2
310.6,201.8,368.2,353.8
103.4,1,329,73.8
410.6,172.2,497.8,304.2
133,112.2,176.2,188.2
161,1,259.4,81
275.4,322.6,433.8,384.2
290.6,129,344.2,256.2
350.6,261.8,457,341.8
411.4,5,481,73
326.6,1,512.2,101
140.2,277,257,331.4
373,21.8,493.8,77
121.8,1,429,112.2
206.6,83.4,325,222.6
3.4,65,69,136.2
148.2,81.8,234.6,235.4
271.4,322.6,426.6,384.2
177,216.2,281.8,266.6
281,328.2,412.2,384.2
327.4,16.2,408.2,74.6
389.8,113,512.2,346.6
329,306.6,448.2,356.2
166.6,212.2,293.8,284.2
222.6,221.8,317,327.4
377,109,423.4,157
287.4,186.6,331.4,335.4
443.4,30.6,512.2,143.4
419.4,219.4,476.2,297
322.6,174.6,512.2,293
164.2,45,320.2,89.8
325.8,149,425,250.6
216.2,91.4,274.6,225.8
325.8,123.4,462.6,212.2
70.6,1,112.2,74.6
128.2,181,191.4,306.6
62.6,241.8,255.4,384.2
236.2,229.8,321,317
464.2,37,512.2,153.8
90.6,256.2,148.2,308.2
397.8,289,473.8,384.2
409.8,69.8,457.8,129.8
434.6,9,481,73
127.4,80.2,174.6,224.2
327.4,33.8,408.2,74.6
62.6,228.2,420.2,384.2
333,5,498.6,96.2
121,66.6,165.8,240.2
127.4,304.2,201,370.6
283.4,68.2,512.2,285
177,1,259.4,65.8
361.8,75.4,473,125.8
136.2,230.6,327.4,359.4
444.2,231.4,484.2,321
329,265,512.2,384.2
325,71.4,440.2,140.2
315.4,57,401.8,102.6
407.4,13,512.2,125.8
331.4,237,405,294.6
287.4,250.6,339.4,292.2
129,9,208.2,79.4
1,17,69,160.2
289.8,130.6,358.6,187.4
285,185.8,329,280.2
465,37,512.2,153.8
164.2,45,325,222.6
271.4,1,330.6,78.6
168.2,94.6,232.2,160.2
236.2,212.2,325,340.2
137,48.2,321.8,240.2
136.2,235.4,261,359.4
103.4,1,385.8,97
188.2,233.8,257,277.8
284.2,251.4,325,297
361,25,473,125
164.2,29,334.6,112.2
177.8,126.6,234.6,225
135.4,250.6,261,337
325.8,149,394.6,204.2
1,265.8,81.8,384.2
352.2,341.8,401,381.8
152.2,233.8,257.8,297.8
185,97,512.2,251.4
407.4,29.8,481.8,81.8
411.4,1,451.4,46.6
122.6,337.8,193,384.2
148.2,138.6,274.6,235.4
144.2,290.6,192.2,335.4
325.8,147.4,403.4,204.2
434.6,36.2,481.8,77.8
105.8,240.2,149.8,305
290.6,151.4,344.2,248.2
229.8,1,385.8,56.2
431.4,217,497,305
168.2,82.6,233.8,125
206.6,1,261.8,59.4
291.4,145,449.8,202.6
361.8,75.4,469,125.8
150.6,73,236.2,120.2
122.6,235.4,288.2,384.2
284.2,267.4,436.2,339.4
410.6,172.2,495.4,297
407.4,28.2,458.6,99.4
350.6,261.8,457,339.4
121.8,1,385.8,56.2
291.4,1,377,109.8
271.4,1,473,125
465,76.2,512.2,200.2
214.6,29,334.6,112.2
222.6,215.4,317,332.2
414.6,187.4,477.8,297
322.6,176.2,469,285
451.4,55.4,501.8,143.4
1,1,112.2,160.2
414.6,217,512.2,305
217.8,312.2,345,378.6
213,129.8,275.4,188.2
361.8,75.4,407.4,121.8
284.2,159.4,512.2,297
407.4,29,493.8,111.4
334.6,244.2,409.8,293
69.8,31.4,118.6,75.4
182.6,91.4,274.6,225.8
317,261.8,413,351.4
246.6,95.4,318.6,251.4
349.8,338.6,424.2,384.2
441,217,497,305
207.4,85.8,277,152.2
284.2,89,358.6,187.4
285,183.4,427.4,292.2
453.8,2.6,512.2,84.2
285,185.8,342.6,292.2
465,75.4,512.2,133
277,71.4,510.6,208.2
425,90.6,469,133
322.6,179.4,483.4,268.2
407.4,17.8,512.2,125.8
284.2,322.6,343.4,384.2
148.2,228.2,256.2,269
217.8,85.8,276.2,162.6
414.6,113,465.8,163.4
327.4,9.8,512.2,99.4
236.2,1,284.2,49
9,65,69,188.2
429.8,169,508.2,249
246.6,99.4,464.2,236.2
392.2,173,512.2,268.2
236.2,212.2,321,317
284.2,89,338.6,159.4
214.6,32.2,292.2,79.4
317.8,99.4,464.2,236.2
442.6,113,510.6,208.2
380.2,92.2,465.8,206.6
281,186.6,331.4,340.2
384.2,193.8,451.4,286.6
457,79.4,512.2,156.2
409.8,69.8,462.6,129.8
178.6,177,238.6,228.2
214.6,73.8,317,228.2
117,316.2,198.6,384.2
129,161,186.6,240.2
164.2,25.8,351.4,112.2
188.2,164.2,237.8,211.4
122.6,334.6,256.2,384.2
1,14.6,69,160.2
457,79.4,501.8,132.2
241,195.4,311.4,244.2
222.6,221.8,293,327.4
305,183.4,373,224.2
236.2,188.2,325,340.2
315.4,56.2,405,102.6
118.6,337.8,198.6,384.2
414.6,187.4,495.4,297
315.4,57,376.2,99.4
392.2,173,512.2,249
470.6,75.4,512.2,133
183.4,125.8,273.8,181.8
305.8,322.6,425.8,384.2
177.8,144.2,220.2,229
386.6,281.8,512.2,384.2
361.8,25,417.8,90.6
248.2,303.4,324.2,384.2
148.2,228.2,215.4,269
308.2,201.8,385.8,353.8
222.6,215.4,317,327.4
177.8,137.8,272.2,229
217.8,85.8,273,153.8
325.8,116.2,462.6,212.2
122.6,337.8,192.2,384.2
265.8,221.8,313.8,274.6
271.4,1,339.4,78.6
136.2,45,325,237
276.2,311.4,343.4,384.2
159.4,174.6,238.6,233.8
327.4,5,512.2,99.4
206.6,83.4,325,201.8
441,247.4,512.2,304.2
239.4,95.4,283.4,229
198.6,1,320.2,49.8
145.8,94.6,232.2,235.4
177.8,122.6,274.6,229
70.6,17.8,112.2,74.6
410.6,187.4,495.4,297
407.4,9.8,493,84.2
177.8,145,239.4,225.8
327.4,51.4,512.2,208.2
423.4,1,473.8,49
432.2,21.8,493.8,68.2
371.4,63.4,462.6,133
222.6,334.6,273,375.4
154.6,262.6,261,306.6
271.4,1,379.4,78.6
444.2,231.4,484.2,291.4
323.4,161.8,382.6,236.2
353,339.4,404.2,384.2
378.6,1,429,45.8
271.4,7.4,320.2,48.2
183.4,124.2,273.8,181.8
261.8,221.8,324.2,315.4
429.8,169,512.2,250.6
337,237,512.2,384.2
453,265.8,512.2,349
383.4,1,445.8,50.6
194.6,122.6,255.4,165
469.8,218.6,512.2,305
257.8,246.6,325,340.2
97,289,137.8,341
276.2,112.2,371.4,209
368.2,1,480.2,74.6
451.4,55.4,501.8,132.2
190.6,138.6,273.8,226.6
322.6,174.6,483.4,268.2
122.6,307.4,315.4,384.2
118.6,337.8,183.4,384.2
214.6,1,377,109.8
117,337.8,198.6,384.2
425,73,512.2,170.6
329,1,512.2,129
333.8,179.4,416.2,264.2
121,1,208.2,79.4
1,1,121,64.2
423.4,145,463.4,202.6
397.8,301,498.6,377.8
236.2,201,321,317
421,48.2,481,97.8
167.4,45,425.8,192.2
361.8,64.2,473,125.8
337,237,512.2,337.8
414.6,233.8,483.4,319.4
413.8,28.2,458.6,77.8
322.6,1,512.2,102.6
281,329.8,420.2,384.2
122.6,337.8,268.2,384.2
407.4,29.8,450.6,81.8
361.8,25,429,90.6
284.2,129,350.6,256.2
383.4,1,458.6,57
144.2,254.6,253.8,299.4
236.2,95.4,321,317
1,254.6,81.8,384.2
400.2,189.8,477.8,245.8
346.6,79.4,512.2,208.2
1,1,192.2,79.4
273,322.6,426.6,384.2
233.8,235.4,277.8,341
317,259.4,448.2,356.2
56.2,1,237.8,106.6
122.6,337.8,240.2,384.2
397.8,288.2,498.6,384.2
434.6,25,481,73
194.6,303.4,276.2,384.2
322.6,174.6,509.8,268.2
333.8,213.8,406.6,264.2
333,1,512.2,96.2
383.4,1,458.6,50.6
432.2,21.8,489.8,68.2
1,17.8,68.2,184.2
381.8,68.2,425.8,125
274.6,1,368.2,53.8
241,185,325.8,253
6.6,64.2,63.4,193
414.6,233.8,512.2,312.2
135.4,250.6,257,337
418.6,181,484.2,280.2
1,1,89.8,64.2
418.6,209,512.2,272.2
471.4,48.2,512.2,125.8
327.4,62.6,462.6,155.4
328.2,58.6,418.6,129
380.2,234.6,434.6,293
133,309,255.4,384.2
144.2,250.6,253.8,299.4
90.6,201,177.8,320.2
457.8,48.2,512.2,125.8
229,77,323.4,147.4
213.8,73.8,317,155.4
168.2,89,276.2,205
257.8,246.6,327.4,340.2
326.6,1,512.2,101.8
318.6,209,387.4,250.6
317,269.8,371.4,339.4
364.2,1,500.2,71.4
464.2,181,512.2,224.2
122.6,307.4,256.2,384.2
414.6,233.8,512.2,309.8
133,48.2,321.8,240.2
1,1,224.2,384.2
97.8,1,143.4,65.8
350.6,261.8,512.2,384.2
89.8,289,137.8,341
133,329,253,384.2
305.8,322.6,353,371.4
421,61,461,101
361.8,25,401.8,90.6
441.8,190.6,485,257.8
150.6,73,236.2,160.2
122.6,222.6,448.2,384.2
451.4,51.4,512.2,129
361.8,71.4,473,125.8
246.6,137,297.8,229
309.8,237.8,351.4,312.2
424.2,189.8,468.2,230.6
357,178.6,427.4,251.4
390.6,269,436.2,332.2
432.2,9,498.6,76.2
405,213.8,457,297
331.4,161.8,382.6,236.2
470.6,236.2,512.2,282.6
174.6,308.2,241,349
446.6,107.4,501,170.6
331.4,213.8,434.6,293
333,13,498.6,77
160.2,306.6,240.2,356.2
364.2,1,429,53.8
361.8,173,417.8,232.2
136.2,235.4,261,335.4
145.8,73,232.2,235.4
471.4,181,512.2,272.2
204.2,70.6,378.6,153.8
194.6,282.6,276.2,384.2
348.2,16.2,408.2,69.8
343.4,179.4,416.2,229.8
409,189.8,468.2,240.2
410.6,176.2,461.8,244.2
133,94.6,182.6,240.2
116.2,282.6,288.2,384.2
411.4,1,451.4,77
241,185,417,294.6
124.2,329,253,384.2
445.8,159.4,496.2,217
90.6,289,137.8,341
144.2,73,294.6,116.2
251.4,127.4,323.4,229
470.6,236.2,512.2,302.6
317,261.8,413,343.4
236.2,212.2,322.6,317
129,13.8,208.2,79.4
329,269,448.2,356.2
405,213.8,512.2,305
214.6,1,300.2,81.8
327.4,16.2,408.2,91.4
177.8,145,222.6,225
328.2,57,401.8,102.6
322.6,179.4,457,286.6
325.8,149,425,249
1,265,76.2,384.2
212.2,138.6,273.8,226.6
236.2,1,320.2,49
249.8,29,320.2,77.8
397.8,288.2,498.6,377.8
261.8,221.8,324.2,332.2
281,59.4,329.8,112.2
439.4,213,512.2,272.2
285,185.8,426.6,292.2
446.6,1,512.2,80.2
1,17.8,63.4,160.2
122.6,225,288.2,384.2
257.8,230.6,327.4,340.2
229,73.8,323.4,147.4
1,1,121,75.4
177.8,144.2,221.8,229
364.2,1,424.2,51.4
414.6,233.8,470.6,312.2
329,213.8,396.2,278.6
441,217,512.2,305
1,1,165,347.4
198.6,229.8,310.6,384.2
273,337,326.6,384.2
160.2,112.2,239.4,225.8
161,290.6,257.8,356.2
400.2,189.8,468.2,245.8
322.6,184.2,419.4,285
361.8,37,512.2,153.8
269,25.8,345,112.2
228.2,1,320.2,49
407.4,9.8,498.6,99.4
135.4,123.4,220.2,269
277,251.4,318.6,299.4
1,265,81.8,384.2
393,189.8,468.2,289.8
327.4,265,385.8,334.6
384.2,92.2,430.6,140.2
337,341.8,401,381.8
331.4,189.8,396.2,293
368.2,21,408.2,74.6
1,1,69,160.2
453.8,2.6,510.6,58.6
268.2,221.8,313.8,273.8
373,18.6,493.8,77
127.4,80.2,229,215.4
317,150.6,369,190.6
1,17.8,69,256.2
414.6,113,465.8,164.2
304.2,30.6,345,112.2
338.6,342.6,426.6,384.2
322.6,179.4,421,229.8
257.8,322.6,426.6,384.2
1,17.8,68.2,178.6
216.2,125,273.8,225.8
183.4,125.8,242.6,181.8
236.2,212.2,322.6,332.2
441.8,190.6,485,238.6
400.2,159.4,512.2,245.8
315.4,56.2,413.8,102.6
357,178.6,427.4,237
418.6,218.6,484.2,280.2
333,18.6,493.8,77
105.8,256.2,148.2,305
182.6,185.8,239.4,225.8
125.8,101,168.2,146.6
97,1,159.4,58.6
449,298.6,512.2,384.2
206.6,1,281.8,52.2
133,73,294.6,240.2
361.8,173,405,232.2
409.8,77.8,469,125.8
449,113,512.2,212.2
327.4,62.6,462.6,129.8
327.4,62.6,414.6,122.6
125,17.8,208.2,81
333.8,213.8,386.6,264.2
361.8,48.2,481,125.8
1,265,56.2,346.6
361.8,75.4,430.6,140.2
384.2,193.8,457,286.6
470.6,69.8,512.2,153.8
206.6,1,330.6,57.8
363.4,62.6,414.6,155.4
77,273.8,154.6,384.2
378.6,1,480.2,61
430.6,1,497,101
116.2,316.2,201,384.2
363.4,62.6,462.6,155.4
331.4,249,394.6,293
290.6,129,344.2,248.2
326.6,25,429,90.6
62.6,193,224.2,384.2
324.2,178.6,477.8,251.4
229,77,378.6,147.4
323.4,183.4,373,224.2
125,229.8,324.2,384.2
62.6,335.4,112.2,384.2
212.2,138.6,272.2,226.6
323.4,161.8,389,265
464.2,181,509.8,224.2
277,97,323.4,223.4
364.2,1,481,71.4
287.4,186.6,331.4,300.2
392.2,173,505,249
129,161,180.2,240.2
304.2,1,368.2,50.6
445,231.4,512.2,311.4
414.6,233.8,484.2,309.8
462.6,173,505,249
281.8,327.4,345,378.6
214.6,73.8,317,155.4
384.2,29.8,433,77
177,20.2,234.6,65.8
317.8,133.8,420.2,185
410.6,176.2,468.2,244.2
325.8,123.4,423.4,204.2
453,288.2,498.6,349
46.6,1,112.2,74.6
445,51.4,512.2,129
361.8,173,405,217
240.2,237.8,413,384.2
124.2,303.4,324.2,384.2
361.8,25,412.2,90.6
197,303.4,324.2,384.2
217.8,77,378.6,153.8
357,181,427.4,237
458.6,298.6,512.2,384.2
277,73.8,321.8,114.6
277,251.4,322.6,305.8
97,273.8,154.6,341
317,241.8,434.6,351.4
137,124.2,178.6,240.2
274.6,1,330.6,53.8
65,1,121,75.4
400.2,13,493.8,111.4
180.2,212.2,293.8,284.2
97,1,385.8,56.2
433,219.4,476.2,297
177.8,137.8,275.4,226.6
430.6,43.4,488.2,101
361,68.2,425.8,125
135.4,254.6,253.8,337
193,1,350.6,70.6
144.2,73,294.6,165
62.6,290.6,136.2,384.2
304.2,1,368.2,54.6
465,265,512.2,318.6
46.6,1,94.6,64.2
449,297,512.2,384.2
457,79.4,512.2,160.2
149.8,39.4,219.4,87.4
273,325.8,426.6,384.2
287.4,186.6,331.4,321.8
397.8,320.2,473,384.2
62.6,240.2,149.8,384.2
317,259.4,394.6,339.4
182.6,138.6,267.4,225.8
283.4,97,389.8,161
271.4,1,330.6,57.8
317.8,133.8,420.2,236.2
326.6,1,512.2,85.8
284.2,267.4,371.4,339.4
397.8,280.2,498.6,384.2
283.4,335.4,345,384.2
457.8,2.6,510.6,58.6
329,330.6,397,373.8
367.4,133.8,420.2,183.4
237,222.6,310.6,320.2
327.4,62.6,404.2,120.2
193,1,330.6,57.8
371.4,63.4,418.6,129
331.4,233,387.4,286.6
185,122.6,276.2,228.2
1,263.4,76.2,346.6
389.8,190.6,457.8,244.2
393.8,231.4,437.8,296.2
154.6,235.4,277.8,356.2
404.2,253,449,337.8
265.8,212.2,308.2,273.8
163.4,81.8,229,215.4
449,24.2,512.2,92.2
97,273.8,154.6,384.2
448.2,107.4,501,170.6
281.8,327.4,325.8,371.4
180.2,228.2,276.2,284.2
325.8,1,385.8,53.8
305.8,1,379.4,53.8
449.8,297.8,512.2,384.2
193,1,326.6,65.8
1,17.8,63.4,256.2
397.8,324.2,459.4,384.2
56.2,1,167.4,177
124.2,82.6,178.6,273
277,97,462.6,228.2
185.8,231.4,262.6,289
427.4,1,473.8,49
160.2,73,229,120.2
122.6,307.4,273,384.2
384.2,21.8,493.8,77
414.6,233.8,457,309.8
193,1,237,49.8
97,1,233,52.2
301.8,97,375.4,149
446.6,97,512.2,170.6
122.6,303.4,240.2,384.2
168.2,89,228.2,196.2
175.4,85.8,284.2,153
183.4,129.8,276.2,234.6
204.2,68.2,425.8,153.8
136.2,123.4,180.2,237
429.8,169,481,209
414.6,92.2,465.8,179.4
277,97,325,228.2
419.4,187.4,477.8,297
402.6,77.8,469,125.8
428.2,9,498.6,76.2
323.4,161.8,396.2,293
409.8,77.8,449.8,125.8
129,17,208.2,64.2
209.8,129.8,275.4,188.2
411.4,2.6,512.2,84.2
173,48.2,301,92.2
397.8,301,498.6,377
413,69.8,457,129.8
322.6,1,379.4,50.6
193.8,232.2,276.2,284.2
414.6,224.2,455.4,269
325.8,116.2,406.6,157.8
157.8,225,275.4,265.8
428.2,169,512.2,302.6
222.6,229.8,276.2,327.4
331.4,231.4,417,294.6
389.8,190.6,457.8,305.8
3.4,41.8,69,136.2
329,18.6,385.8,69
124.2,82.6,178.6,237
322.6,1,376.2,50.6
329,330.6,426.6,384.2
384.2,1,458.6,50.6
425,90.6,501,170.6
325.8,149,432.2,349
303.4,93,394.6,156.2
465,265,512.2,346.6
335.4,11.4,395.4,54.6
333,247.4,405,294.6
446.6,107.4,507.4,170.6
404.2,283.4,449,337.8
271.4,1,327.4,78.6
166.6,1,259.4,65.8
395.4,193.8,483.4,268.2
276.2,76.2,323.4,228.2
284.2,289.8,327.4,332.2
389.8,190.6,457.8,296.2
229.8,1,329,56.2
353,339.4,413.8,384.2
404.2,237,512.2,337.8
215.4,137.8,275.4,226.6
283.4,127.4,323.4,209
248.2,312.2,315.4,377
207.4,85.8,274.6,132.2
129,9.8,192.2,79.4
331.4,233,405,294.6
318.6,209,417,294.6
407.4,37,493.8,111.4
414.6,157.8,462.6,212.2
322.6,179.4,416.2,264.2
133,94.6,276.2,240.2
304.2,208.2,417,294.6
214.6,86.6,284.2,192.2
346.6,105.8,512.2,196.2
364.2,1,473.8,65.8
364.2,1,429,51.4
278.6,7.4,320.2,48.2
331.4,231.4,432.2,349
105.8,240.2,149.8,306.6
337,300.2,400.2,349
442.6,71.4,510.6,208.2
277,71.4,440.2,140.2
80.2,1,121,64.2
333,27.4,385.8,69
367.4,87.4,420.2,183.4
69.8,31.4,112.2,75.4
281.8,327.4,333.8,371.4
283.4,335.4,353,384.2
329,197,404.2,278.6
274.6,1,330.6,42.6
303.4,97,372.2,149
177.8,134.6,222.6,225
469.8,97,512.2,200.2
148.2,228.2,220.2,269
277,97,323.4,228.2
303.4,92.2,465.8,206.6
331.4,233,396.2,301.8
277,76.2,322.6,130.6
364.2,1,473.8,71.4
62.6,193,149.8,384.2
183.4,125.8,231.4,181.8
335.4,330.6,397,373.8
271.4,7.4,326.6,64.2
1,254.6,57,344.2
404.2,249.8,449,337.8
129,9.8,192.2,64.2
308.2,201.8,368.2,353.8
193.8,334.6,256.2,381.8
317,296.2,371.4,339.4
136.2,289,218.6,335.4
177,216.2,265,266.6
465,181,512.2,346.6
214.6,86.6,284.2,201.8
259.4,230.6,325,309.8
331.4,231.4,415.4,307.4
281,253.8,512.2,384.2
271.4,7.4,330.6,64.2
412.2,71.4,510.6,208.2
301.8,93.8,381.8,161.8
290.6,129,350.6,256.2
136.2,82.6,180.2,237
349.8,330.6,397,373.8
307.4,237.8,413,341.8
395.4,193.8,451.4,268.2
457.8,297.8,512.2,384.2
122.6,337.8,170.6,384.2
218.6,137.8,273.8,186.6
185,122.6,277.8,228.2
241,185,317.8,244.2
177.8,126.6,239.4,225.8
160.2,277.8,257.8,359.4
283.4,97,389.8,155.4
276.2,97,323.4,273.8
301.8,97,374.6,149
136.2,17.8,205,88.2
105.8,256.2,148.2,305.8
249.8,29,334.6,112.2
160.2,75.4,231.4,116.2
118.6,337.8,192.2,384.2
287.4,250.6,371.4,340.2
17,263.4,76.2,344.2
291.4,150.6,429.8,202.6
457,1,512.2,56.2
241,185,417,309.8
281,30.6,334.6,112.2
209.8,122.6,275.4,180.2
304.2,116.2,394.6,156.2
214.6,303.4,276.2,384.2
214.6,86.6,283.4,141.8
445,289,496.2,352.2
62.6,302.6,113,384.2
283.4,325.8,373.8,384.2
69.8,1,121,75.4
82.6,1,136.2,66.6
357.8,213.8,406.6,261.8
241,200.2,311.4,244.2
326.6,301,413,341.8
445,289,496.2,339.4
445,231.4,512.2,321
434.6,25,481,68.2
278.6,127.4,323.4,229
221,165,276.2,225
281.8,250.6,371.4,378.6
461.8,217.8,512.2,272.2
310.6,201.8,355.4,345.8
214.6,86.6,283.4,152.2
216.2,109.8,273.8,225.8
410.6,45,468.2,111.4
324.2,259.4,394.6,312.2
122.6,316.2,192.2,384.2
303.4,97,374.6,149
136.2,282.6,218.6,335.4
259.4,235.4,317.8,309.8
470.6,61.8,512.2,101.8
325.8,116.2,406.6,157
395.4,193.8,481,268.2
214.6,32.2,300.2,81.8
395.4,193.8,451.4,286.6
312.2,291.4,368.2,353.8
193,1,259.4,49.8
224.2,315.4,276.2,384.2
357,177.8,425,249
97,1,144.2,58.6
312.2,291.4,385.8,353.8
183.4,165,276.2,234.6
217.8,85.8,271.4,153.8
420.2,1,512.2,81.8
216.2,235.4,277.8,356.2
346.6,116.2,512.2,196.2
465,265,512.2,339.4
90.6,240.2,149.8,308.2
1,254.6,57,347.4
168.2,94.6,229,160.2
198.6,303.4,324.2,384.2
397.8,289,496.2,384.2
409.8,280.2,449.8,321
141,291.4,261.8,335.4
371.4,62.6,414.6,122.6
399.4,190.6,457.8,235.4
413,69.8,457.8,129.8
1,129,41,193
122.6,303.4,233,384.2
233.8,237.8,276.2,341
307.4,237.8,351.4,332.2
281.8,298.6,345,378.6
295.4,60.2,347.4,109.8
249,310.6,301.8,353
265.8,221.8,313.8,273.8
397.8,320.2,459.4,384.2
97,1,329,56.2
240.2,185,417,384.2
283.4,335.4,345,378.6
322.6,1,363.4,50.6
1,1,81,64.2
3.4,41.8,68.2,178.6
314.6,262.6,365.8,317
1,265,57,347.4
221.8,236.2,276.2,284.2
137,94.6,178.6,240.2
122.6,303.4,201,384.2
136.2,290.6,192.2,335.4
285,159.4,328.2,210.6
121.8,1,233,52.2
437.8,9,498.6,76.2
338.6,161,429.8,202.6
281,329.8,412.2,384.2
331.4,233,371.4,273
257.8,246.6,309,309.8
291.4,49.8,347.4,109.8
449,113,496.2,212.2
405.8,1,512.2,85.8
208.2,1,329,56.2
160.2,60.2,233.8,125
310.6,201.8,365.8,317
307.4,237.8,351.4,326.6
335.4,11.4,396.2,54.6
312.2,291.4,355.4,345.8
236.2,9,284.2,49
175.4,85.8,277,152.2
420.2,9,498.6,81.8
136.2,9.8,237.8,88.2
214.6,85.8,274.6,132.2
350.6,231.4,484.2,341.8
457.8,13,498.6,58.6
261,268.2,306.6,309.8
216.2,235.4,277.8,341
327.4,262.6,385.8,334.6
411.4,1,512.2,81.8
453,13,498.6,58.6
364.2,1,409,51.4
414.6,113,465.8,179.4
277,76.2,319.4,130.6
433,247.4,512.2,304.2
450.6,151.4,496.2,212.2
214.6,89.8,257,132.2
464.2,181,506.6,224.2
224.2,315.4,276.2,372.2
174.6,277.8,257.8,341.8
17,265,57,344.2
453,13,498.6,76.2
198.6,229.8,301.8,384.2
469.8,253.8,512.2,311.4
291.4,150.6,369,190.6
421.8,86.6,462.6,129.8
122.6,303.4,192.2,384.2
449,151.4,496.2,212.2
198.6,303.4,301.8,384.2
240.2,310.6,325.8,384.2
259.4,261,306.6,309.8
276.2,235.4,317.8,295.4
105.8,256.2,148.2,304.2
380.2,92.2,430.6,183.4
221,165,272.2,225
322.6,1,368.2,50.6
257.8,246.6,325,309.8
1,265,56.2,347.4
217,165,276.2,225
194.6,122.6,235.4,165
455.4,151.4,496.2,212.2
357,181,408.2,237
414.6,147.4,454.6,206.6
276.2,128.2,317,228.2
249,310.6,325.8,356.2
357.8,247.4,405,294.6
129,17,192.2,64.2
173.8,106.6,255.4,165
160.2,308.2,240.2,356.2
9,129,57,188.2
209.8,122.6,276.2,228.2
15.4,65,69,143.4
322.6,116.2,394.6,156.2
341.8,116.2,406.6,157
77,290.6,136.2,384.2
259.4,268.2,306.6,309.8
