350.6,1,393.8,384.2
235.4,1,512.2,384.2
286.6,1,512.2,384.2
1,1,512.2,384.2
206.6,1,296.2,145
1,1,300.2,384.2
190.6,1,308.2,384.2
1,290.6,136.2,384.2
93,83.4,239.4,211.4
167.4,202.6,231.4,250.6
1,142.6,122.6,322.6
1,1,188.2,384.2
397.8,1,512.2,384.2
235.4,1,370.6,384.2
205.8,145,305,384.2
288.2,1,512.2,384.2
189.8,1,320.2,384.2
89,83.4,381,384.2
1,222.6,49,272.2
456.2,60.2,512.2,384.2
1,1,285,384.2
365.8,1,445,104.2
395.4,47.4,443.4,87.4
325.8,1,369.8,384.2
1,1,305,384.2
200.2,1,309.8,384.2
377,118.6,472.2,384.2
167.4,202.6,231.4,268.2
77,259.4,152.2,357
209,1,302.6,128.2
1,1,309.8,384.2
1,1,122.6,384.2
457,60.2,512.2,384.2
1,2.6,201,384.2
365,72.2,465.8,384.2
100.2,1,305.8,384.2
289.8,1,405,193
286.6,113.8,369.8,384.2
1,1,381,384.2
422.6,1,512.2,384.2
100.2,149,305.8,384.2
350.6,1,512.2,384.2
203.4,114.6,300.2,157.8
1,69.8,113,185
286.6,1,416.2,384.2
100.2,1,295.4,384.2
1,1,320.2,384.2
1,1,133.8,384.2
219.4,156.2,305,384.2
1,1,361,384.2
4.2,254.6,295.4,384.2
53,1,165.8,255.4
365.8,1,512.2,384.2
99.4,313,193.8,384.2
53,1,297,384.2
1,1,297,384.2
1,1,201,252.2
156.2,204.2,250.6,309
349.8,1,512.2,384.2
100.2,229.8,285.8,384.2
209,114.6,298.6,157.8
454.6,1,512.2,81
1,1,302.6,384.2
374.6,1,457,273
53,1,274.6,384.2
81,1,293.8,384.2
129,285.8,285,384.2
152.2,65,241.8,164.2
53,1,202.6,255.4
1,214.6,133.8,384.2
377,60.2,512.2,384.2
1,1,216.2,185
189.8,1,246.6,115.4
211.4,92.2,359.4,384.2
209,1,302.6,149.8
1,1,308.2,384.2
349.8,1,449,384.2
1,1,93,57
449,110.6,512.2,384.2
244.2,1,301,144.2
103.4,1,300.2,384.2
1,1,295.4,384.2
152.2,1,361,305.8
124.2,289,225,384.2
66.6,105.8,165.8,384.2
198.6,321,270.6,382.6
374.6,1,465.8,384.2
3.4,190.6,156.2,384.2
424.2,181,465.8,384.2
100.2,1,312.2,384.2
235.4,1,354.6,204.2
1,1,188.2,242.6
89,83.4,273,307.4
4.2,292.2,253,384.2
286.6,1,411.4,384.2
297.8,1,367.4,384.2
1,65.8,152.2,384.2
89,1,305.8,384.2
93.8,27.4,151.4,89
298.6,1,512.2,384.2
370.6,1,512.2,208.2
152.2,65,273.8,305.8
257.8,92.2,329,218.6
1,1,66.6,73.8
165,220.2,254.6,310.6
105,1,226.6,241
1,1,216.2,128.2
36.2,1,201,252.2
152.2,1,361,384.2
457,131.4,512.2,381
1,157.8,295.4,384.2
211.4,114.6,296.2,198.6
33,279.4,77,330.6
457.8,1,512.2,242.6
216.2,149,305.8,384.2
1,1,297,182.6
1,1,216.2,335.4
103.4,204.2,277.8,384.2
78.6,28.2,176.2,106.6
133.8,254.6,295.4,384.2
188.2,1,254.6,118.6
1,157.8,112.2,384.2
37.8,292.2,148.2,349
178.6,35.4,222.6,112.2
422.6,1,512.2,245
374.6,1,461.8,384.2
1,1,201,384.2
369.8,1,417,61.8
466.6,51.4,512.2,193
13.8,1,153.8,177.8
201.8,1,302.6,149.8
145.8,83.4,217.8,197
211.4,92.2,329,384.2
238.6,155.4,305.8,384.2
285.8,98.6,381,384.2
100.2,225,278.6,384.2
244.2,1,301,121
3.4,85,113,176.2
1,1,75.4,86.6
189.8,1,313,149
289.8,1,512.2,384.2
1,164.2,192.2,257.8
188.2,1,361,129.8
312.2,113.8,359.4,384.2
1,202.6,49,257.8
9,154.6,71.4,282.6
1,2.6,165.8,384.2
202.6,1,309.8,384.2
466.6,238.6,512.2,384.2
285.8,133,336.2,384.2
159.4,131.4,226.6,241
1,1,107.4,224.2
1,190.6,97.8,311.4
237.8,254.6,295.4,384.2
5.8,33.8,87.4,88.2
45.8,135.4,97.8,217.8
1,113,192.2,335.4
1,214.6,133.8,349
168.2,208.2,221.8,265.8
327.4,1,369.8,384.2
235.4,1,369.8,384.2
296.2,1,512.2,384.2
122.6,1,305.8,273
336.2,1,474.6,384.2
203.4,1,308.2,384.2
456.2,125,512.2,384.2
206.6,1,249.8,121.8
286.6,113.8,359.4,384.2
116.2,1,297,124.2
351.4,1,465.8,384.2
14.6,85,72.2,144.2
14.6,82.6,72.2,144.2
89,175.4,273,307.4
129.8,209,231.4,255.4
1,1,145.8,384.2
100.2,1,308.2,384.2
1,233.8,152.2,384.2
435.4,1,512.2,245
329,1,371.4,117.8
349.8,1,410.6,384.2
435.4,1,512.2,384.2
296.2,1,474.6,384.2
370.6,1,512.2,86.6
165,225,254.6,310.6
1,224.2,60.2,310.6
49,1,201,384.2
399.4,73.8,457,197
202.6,75.4,307.4,277
203.4,1,301,144.2
54.6,1,151.4,212.2
106.6,5,201,197.8
364.2,1,512.2,177.8
214.6,98.6,381,384.2
103.4,206.6,277.8,384.2
41.8,109.8,97.8,217.8
209,1,301,144.2
156.2,199.4,262.6,356.2
209,117,297,157.8
1,132.2,73,384.2
42.6,115.4,98.6,251.4
1,285.8,285,384.2
394.6,73,448.2,384.2
112.2,82.6,182.6,155.4
106.6,85,201,166.6
1,79.4,66.6,206.6
165,220.2,271.4,341
418.6,160.2,465.8,384.2
410.6,75.4,465.8,384.2
1,12.2,42.6,73.8
46.6,336.2,143.4,381.8
350.6,1,472.2,384.2
322.6,1,386.6,384.2
1,178.6,59.4,331.4
129.8,175.4,273,304.2
121.8,5,177,84.2
289.8,1,512.2,208.2
1,115.4,145.8,384.2
125.8,91.4,202.6,144.2
178.6,41.8,222.6,112.2
20.2,2.6,160.2,256.2
391.4,1,444.2,80.2
460.2,1,512.2,60.2
156.2,199.4,278.6,384.2
1,1,312.2,384.2
1,210.6,60.2,272.2
206.6,1,272.2,141
175.4,246.6,271.4,302.6
13.8,1,176.2,177.8
1,210.6,97.8,335.4
167.4,65.8,305.8,273
152.2,65,241.8,236.2
188.2,1,298.6,125.8
1,1,305.8,384.2
458.6,1,512.2,60.2
1,113,192.2,257.8
3.4,292.2,91.4,350.6
216.2,150.6,305,384.2
76.2,290.6,136.2,384.2
216.2,145,305,384.2
214.6,1,265,124.2
1,142.6,122.6,310.6
1,1,85.8,73.8
1,1,170.6,209
189.8,1,305.8,149
103.4,281.8,253.8,384.2
286.6,1,465.8,384.2
1,69,104.2,144.2
68.2,88.2,201,252.2
122.6,1,295.4,268.2
189.8,1,265,124.2
457,161,512.2,384.2
42.6,115.4,98.6,245.8
1,79.4,66.6,150.6
365,81.8,412.2,384.2
236.2,254.6,295.4,384.2
1,157.8,112.2,235.4
374.6,1,441.8,90.6
235.4,149,296.2,204.2
122.6,1,300.2,253
372.2,1,442.6,90.6
41,206.6,116.2,281
1,7.4,132.2,182.6
1,190.6,156.2,384.2
11.4,1,93,144.2
214.6,109,315.4,277.8
232.2,166.6,285,384.2
111.4,88.2,201,192.2
234.6,153.8,305.8,384.2
103.4,281.8,270.6,384.2
93.8,12.2,201.8,128.2
1,1,188.2,182.6
159.4,145.8,226.6,241
1,337,111.4,384.2
1,36.2,113.8,185
421,187.4,472.2,384.2
365,86.6,411.4,384.2
449,110.6,492.2,384.2
23.4,167.4,71.4,214.6
175.4,262.6,245,302.6
178.6,249.8,277.8,384.2
1,157.8,112.2,314.6
369.8,1,472.2,384.2
46.6,153,171.4,202.6
112.2,85,160.2,147.4
450.6,1,512.2,242.6
1,1,201,57
296.2,1,346.6,384.2
365.8,1,449,105
379.4,1,512.2,384.2
119.4,285.8,285,384.2
116.2,1,225.8,112.2
41,233.8,120.2,305.8
402.6,93.8,445,384.2
391.4,1,444.2,75.4
4.2,336.2,143.4,384.2
60.2,191.4,111.4,238.6
93.8,12.2,216.2,128.2
452.2,1,512.2,384.2
350.6,1,411.4,384.2
329,98.6,381,384.2
122.6,1,221.8,253
1,210.6,170.6,335.4
1,210.6,50.6,332.2
466.6,259.4,512.2,384.2
103.4,91.4,274.6,384.2
131.4,1,202.6,81
96.2,313,136.2,384.2
41,233.8,170.6,309.8
81,1,300.2,384.2
156.2,204.2,243.4,305
89,183.4,154.6,258.6
9,209.8,66.6,268.2
221.8,117,298.6,157.8
288.2,1,371.4,384.2
297.8,1,416.2,384.2
393,1,445,87.4
456.2,148.2,512.2,357
175.4,257.8,273.8,305.8
116.2,63.4,177.8,112.2
397.8,77.8,465.8,384.2
71.4,292.2,148.2,345
165,220.2,271.4,310.6
288.2,1,380.2,384.2
140.2,12.2,201.8,99.4
456.2,63.4,512.2,384.2
216.2,113,320.2,384.2
5,112.2,106.6,176.2
244.2,1,300.2,128.2
1,36.2,70.6,85.8
1,186.6,156.2,384.2
450.6,1,512.2,60.2
105,1,202.6,169.8
369.8,29,465.8,384.2
401.8,1,503.4,384.2
18.6,117.8,66.6,206.6
211.4,92.2,329,218.6
100.2,250.6,278.6,384.2
289.8,1,371.4,192.2
365,1,405,193
1,188.2,77,282.6
237,109,308.2,193
161,36.2,222.6,126.6
457,132.2,512.2,384.2
453.8,1,512.2,384.2
1,1,64.2,71.4
4.2,336.2,253,384.2
222.6,149,305.8,384.2
1,257,133,384.2
133.8,263.4,257.8,376.2
1,132.2,122.6,384.2
452.2,21,512.2,381
178.6,35.4,222.6,138.6
103.4,91.4,271.4,384.2
175.4,229.8,271.4,302.6
183.4,314.6,274.6,384.2
399.4,7.4,481.8,208.2
209,114.6,300.2,157.8
379.4,1,431.4,87.4
1,79.4,86.6,144.2
161,5.8,205,84.2
365,81.8,411.4,384.2
1,339.4,106.6,384.2
154.6,131.4,226.6,236.2
3.4,7.4,132.2,176.2
1,65.8,86.6,168.2
13.8,1,93,78.6
13.8,1,93,57
1,257.8,85,384.2
297.8,1,390.6,384.2
377,118.6,426.6,384.2
97.8,336.2,143.4,377
202.6,270.6,262.6,356.2
216.2,150.6,305.8,384.2
3.4,77.8,113,176.2
174.6,35.4,297,153.8
49,2.6,97,55.4
286.6,1,361,129.8
1,1,93,150.6
1,233.8,117.8,375.4
111.4,88.2,201,145.8
374.6,1,442.6,90.6
91.4,184.2,192.2,257.8
17,15.4,81,77
401,76.2,472.2,384.2
79.4,5,178.6,108.2
210.6,285.8,257,328.2
441.8,1,512.2,242.6
89,225,278.6,384.2
400.2,176.2,465.8,384.2
1,1,104.2,206.6
244.2,1,305.8,149
1,1,85.8,77
40.2,337,93,384.2
93.8,144.2,133.8,194.6
23.4,99.4,113,176.2
298.6,1,465.8,384.2
37.8,292.2,148.2,356.2
454.6,1,512.2,57.8
235.4,1,355.4,204.2
467.4,84.2,512.2,248.2
280.2,113,320.2,384.2
214.6,149.8,292.2,256.2
79.4,31.4,160.2,105
9.8,44.2,81.8,87.4
1,337,106.6,384.2
465,222.6,512.2,357
397.8,77.8,452.2,241
1,178.6,59.4,384.2
103.4,91.4,270.6,384.2
89,212.2,139.4,258.6
1,263.4,49.8,331.4
1,36.2,104.2,87.4
298.6,1,369.8,384.2
65,208.2,132.2,253.8
1,77,69.8,210.6
296.2,1,336.2,384.2
1,104.2,67.4,206.6
379.4,1,512.2,245
209,1,298.6,125.8
103.4,208.2,231.4,384.2
106.6,85,177.8,142.6
54.6,99.4,141,212.2
164.2,166.6,273.8,305.8
178.6,35.4,297,153.8
78.6,28.2,170.6,106.6
457.8,1,512.2,60.2
397.8,72.2,452.2,205.8
370.6,1,456.2,86.6
29.8,219.4,106.6,314.6
93,102.6,164.2,211.4
462.6,164.2,502.6,240.2
369.8,29,421.8,132.2
298.6,1,345,384.2
1,233.8,145.8,384.2
222.6,153.8,305.8,384.2
156.2,199.4,271.4,309
237.8,225,285,384.2
1,132.2,65,205
464.2,217,512.2,384.2
190.6,131.4,245.8,213
44.2,242.6,137.8,341
1,117.8,66.6,206.6
209,1,297,124.2
1,1,93,210.6
93.8,14.6,151.4,89
29,288.2,73,370.6
296.2,1,369.8,384.2
214.6,109,308.2,277.8
11.4,33.8,87.4,81.8
364.2,1,512.2,384.2
190.6,113.8,305.8,218.6
456.2,125,512.2,357
222.6,153.8,309.8,384.2
4.2,337,70.6,384.2
91.4,184.2,164.2,234.6
1,186.6,77,318.6
198.6,317.8,270.6,384.2
93,83.4,217.8,211.4
223.4,1,301,128.2
1,164.2,125.8,247.4
372.2,1,441.8,74.6
374.6,1,431.4,90.6
375.4,89.8,426.6,384.2
466.6,232.2,507.4,384.2
161.8,25.8,221,192.2
365.8,1,445,269.8
122.6,208.2,230.6,304.2
113,85,160.2,128.2
1,233.8,117.8,384.2
13.8,1,170.6,177.8
464.2,49,512.2,128.2
97,113.8,293,384.2
100.2,229.8,278.6,384.2
161.8,97.8,209.8,164.2
289.8,1,371.4,384.2
53.8,39.4,104.2,87.4
156.2,166.6,273.8,356.2
206.6,1,300.2,121.8
54.6,99.4,113,176.2
285.8,225,336.2,384.2
1,1,64.2,54.6
70.6,77.8,188.2,242.6
153.8,1,217.8,192.2
41,206.6,116.2,291.4
168.2,248.2,243.4,301
1,338.6,54.6,384.2
5.8,27.4,129,105
37.8,292.2,148.2,345
466.6,232.2,512.2,384.2
1,337,93,384.2
122.6,1,305.8,269
367.4,1,411.4,384.2
336.2,1,443.4,384.2
1,337,124.2,384.2
457.8,1,512.2,57.8
153.8,1,203.4,79.4
13.8,1,164.2,177.8
78.6,1,176.2,106.6
129.8,175.4,231.4,255.4
466.6,51.4,512.2,145
46.6,113,177.8,202.6
289.8,1,371.4,149
369.8,29,447.4,132.2
133.8,263.4,202.6,376.2
13.8,1,110.6,86.6
156.2,199.4,250.6,309
54.6,1,151.4,255.4
13.8,1,176.2,216.2
99.4,303.4,157,384.2
452.2,21,512.2,149
169,83.4,217.8,197
156.2,225,250.6,309
1,79.4,66.6,148.2
122.6,208.2,221.8,304.2
3.4,85,113,133
13.8,1,201,252.2
1,333,124.2,384.2
286.6,1,386.6,384.2
101,76.2,160.2,128.2
1,337,54.6,384.2
1,86.6,66.6,148.2
164.2,217.8,243.4,296.2
115.4,1,201.8,51.4
78.6,28.2,201,192.2
154.6,131.4,212.2,225.8
157.8,175.4,212.2,225.8
286.6,121.8,345.8,384.2
178.6,317.8,269.8,384.2
38.6,115.4,98.6,251.4
9.8,292.2,148.2,356.2
401.8,1,512.2,384.2
1,65.8,106.6,282.6
213.8,317.8,257,358.6
1,164.2,69.8,225.8
401.8,76.2,473,384.2
374.6,1,438.6,105.8
1,153,133.8,384.2
244.2,1,298.6,125.8
141.8,1,200.2,72.2
214.6,149.8,304.2,277.8
105,1,202.6,84.2
1,178.6,59.4,273
209,1,251.4,121.8
365,72.2,460.2,384.2
296.2,1,370.6,384.2
15.4,170.6,69.8,212.2
441.8,1,512.2,128.2
79.4,290.6,133.8,341.8
369.8,1,441,61.8
1,337,42.6,384.2
135.4,98.6,201,166.6
1,279.4,78.6,349
400.2,187.4,472.2,384.2
66.6,107.4,141,234.6
157.8,145.8,226.6,236.2
41,233.8,132.2,282.6
27.4,233.8,145.8,346.6
93.8,27.4,160.2,128.2
289.8,1,335.4,127.4
1,1,64.2,73.8
221.8,109,308.2,193
27.4,264.2,97.8,335.4
167.4,199.4,215.4,267.4
401.8,60.2,512.2,384.2
103.4,208.2,277.8,384.2
456.2,1,512.2,384.2
400.2,278.6,465.8,384.2
301,1,371.4,192.2
20.2,2.6,160.2,252.2
457.8,1,512.2,128.2
54.6,1,165.8,255.4
177.8,1,225.8,70.6
286.6,1,337.8,384.2
105,127.4,164.2,178.6
103.4,208.2,230.6,384.2
1,240.2,53.8,310.6
4.2,337,84.2,384.2
404.2,1,444.2,49
66.6,105.8,159.4,252.2
179.4,288.2,285,384.2
238.6,113.8,369.8,384.2
178.6,43.4,221,112.2
462.6,60.2,512.2,384.2
154.6,309,202.6,349
202.6,75.4,309.8,384.2
167.4,199.4,231.4,268.2
369.8,29,451.4,276.2
29.8,219.4,103.4,314.6
75.4,275.4,145.8,353
467.4,60.2,512.2,245
470.6,60.2,512.2,245
129,285.8,257,349
1,79.4,86.6,150.6
188.2,317.8,269.8,384.2
104.2,5,145.8,51.4
294.6,1,354.6,161.8
27.4,264.2,97.8,311.4
105,1,205,51.4
1,44.2,86.6,150.6
209,1,300.2,124.2
401.8,8.2,503.4,384.2
5.8,7.4,132.2,105
64.2,107.4,141,195.4
107.4,297,285.8,384.2
161,1,225.8,84.2
112.2,85,182.6,155.4
420.2,76.2,473,384.2
411.4,76.2,472.2,384.2
36.2,1,153.8,177.8
41,214.6,95.4,281
91.4,29.8,146.6,77
1,210.6,50.6,282.6
1,1,93,225
125,297.8,192.2,384.2
157.8,145.8,218.6,211.4
466.6,231.4,512.2,384.2
75.4,127.4,145.8,252.2
418.6,160.2,461,313
327.4,1,371.4,117.8
164.2,217.8,273.8,305.8
1,1,93,144.2
1,154.6,71.4,282.6
36.2,1,181,252.2
422.6,1,512.2,177.8
78.6,58.6,141.8,106.6
49,1,201,173
1,339.4,50.6,384.2
64.2,107.4,159.4,252.2
369.8,1,465.8,384.2
456.2,148.2,512.2,384.2
286.6,129.8,337.8,384.2
1,1,97.8,224.2
17,165.8,122.6,384.2
122.6,33,221.8,253
206.6,1,300.2,124.2
57.8,16.2,107.4,81.8
17,165.8,120.2,343.4
13.8,1,83.4,94.6
7.4,33.8,87.4,86.6
450.6,1,512.2,193
175.4,246.6,245,302.6
297,1,416.2,384.2
1,115.4,133,313.8
113.8,150.6,192.2,257.8
466.6,259.4,509,361
117.8,228.2,195.4,304.2
400.2,77.8,449.8,167.4
365.8,1,441,104.2
157.8,297,253,349.8
1,36.2,113.8,117.8
93.8,250.6,170.6,309.8
286.6,1,330.6,128.2
78.6,312.2,132.2,357
9,199.4,66.6,282.6
26.6,190.6,125.8,247.4
17,188.2,80.2,265
77,275.4,145.8,325
41,115.4,94.6,165
103.4,281.8,225,384.2
1,44.2,81.8,87.4
89,183.4,170.6,307.4
1,205,49,267.4
41,233.8,84.2,276.2
238.6,1,300.2,121.8
222.6,153.8,292.2,256.2
103.4,313,154.6,384.2
60.2,191.4,119.4,238.6
194.6,225,243.4,273.8
165,280.2,225.8,353.8
1,153,97.8,311.4
280.2,1,354.6,164.2
130.6,1,202.6,84.2
466.6,231.4,509,361
244.2,1,300.2,121
51.4,153,94.6,218.6
141.8,1,205,72.2
165,225,262.6,341
307.4,1,371.4,149
79.4,1,201,51.4
165,248.2,243.4,301
206.6,99.4,295.4,153.8
77,257,157,384.2
304.2,1,354.6,125.8
465,205,512.2,381
465.8,63.4,512.2,384.2
170.6,317.8,270.6,384.2
297.8,1,340.2,384.2
119.4,342.6,274.6,384.2
13.8,1,83.4,76.2
237.8,166.6,285,384.2
103.4,297.8,192.2,384.2
107.4,329.8,274.6,384.2
216.2,150.6,271.4,273
59.4,1,151.4,105
39.4,13,163.4,177.8
78.6,1,201,192.2
168.2,220.2,273,304.2
1,2.6,160.2,325.8
377,72.2,452.2,384.2
192.2,321.8,252.2,362.6
1,339.4,93.8,384.2
11.4,1,93,85.8
379.4,1,427.4,87.4
397.8,77.8,437.8,241
169.8,188.2,221.8,241
1,257,165.8,384.2
1,210.6,50.6,331.4
23.4,1,64.2,72.2
97,113.8,293.8,384.2
177,145,217.8,197
1,65.8,98.6,282.6
454.6,1.8,512.2,59.4
9,209.8,66.6,282.6
1,164.2,69.8,212.2
5.8,225.8,49,272.2
119.4,342.6,200.2,384.2
178.6,317.8,277.8,384.2
214.6,75.4,307.4,232.2
452.2,21,512.2,384.2
183.4,314.6,278.6,384.2
70.6,77.8,182.6,229.8
5,112.2,45.8,157.8
13,7.4,132.2,53.8
111.4,88.2,182.6,145.8
253,254.6,295.4,384.2
206.6,1,246.6,121.8
113.8,150.6,231.4,304.2
79.4,5,176.2,108.2
377,72.2,460.2,384.2
1,1,42.6,73.8
1,73,98.6,144.2
369.8,1,447.4,132.2
401.8,22.6,444.2,86.6
423.4,193,465.8,384.2
27.4,233.8,117.8,346.6
401,25,449,105
1,65.8,104.2,282.6
129,301,225,349
463.4,31.4,512.2,81
167.4,199.4,215.4,273
257.8,92.2,327.4,165
217.8,150.6,283.4,193
1,339.4,84.2,384.2
181,248.2,245,301
113.8,150.6,230.6,304.2
152.2,91.4,209.8,164.2
222.6,153.8,304.2,277.8
224.2,1,297,116.2
131.4,1,201,81
125.8,36.2,226.6,241
9,181.8,72.2,242.6
1,98.6,45.8,150.6
304.2,1,354.6,161.8
101,76.2,141.8,117.8
1,202.6,73,384.2
237.8,57,297,122.6
13.8,17,93,57
66.6,105.8,141,234.6
42.6,115.4,133,245.8
217.8,145,296.2,198.6
105,1,300.2,241
1,1,42.6,68.2
6.6,227.4,54.6,273
27.4,268.2,97,311.4
103.4,280.2,270.6,384.2
79.4,1,143.4,51.4
394.6,73,447.4,384.2
189.8,1,246.6,121.8
374.6,1,457,384.2
61,283.4,109.8,343.4
457.8,1,512.2,56.2
73,242.6,131.4,307.4
179.4,334.6,242.6,382.6
76.2,290.6,133.8,341.8
102.6,113,177.8,178.6
397.8,77.8,437.8,167.4
1,1,93,209
178.6,65,221,112.2
141.8,1,217,72.2
1,199.4,70.6,318.6
1,1,50.6,54.6
1,222.6,49,267.4
1,1,170.6,177.8
3.4,85,70.6,133
206.6,1,246.6,117
129,301,225,384.2
369,1,416.2,85.8
81,1,203.4,81
76.2,257,165.8,384.2
190.6,65.8,305.8,184.2
1,77.8,86.6,144.2
113.8,151.4,177.8,229.8
1,1,86.6,150.6
177,131.4,217.8,197
23.4,109,66.6,176.2
470.6,73.8,512.2,245
165,229.8,254.6,310.6
1,279.4,90.6,349
178.6,270.6,257.8,364.2
249,61.8,298.6,125.8
457,161,512.2,281.8
416.2,111.4,457,197
241,330.6,285.8,384.2
59.4,39.4,104.2,87.4
49,2.6,117,56.2
158.6,285.8,257,339.4
93.8,14.6,150.6,77
6.6,337,54.6,384.2
49,1,201,197.8
21.8,197,80.2,242.6
93.8,132.2,164.2,211.4
425,246.6,465.8,384.2
37.8,294.6,91.4,342.6
105,85,187.4,169.8
1,65.8,104.2,206.6
158.6,293.8,237,337.8
157.8,297,252.2,362.6
9,142.6,94.6,242.6
52.2,76.2,201,173
27.4,268.2,97,327.4
1,73,97.8,217.8
20.2,2.6,160.2,113
159.4,168.2,226.6,241
41,233.8,98.6,305.8
156.2,199.4,271.4,341
1,98.6,65,168.2
174.6,65,241.8,121.8
1,186.6,77,323.4
39.4,14.6,163.4,177.8
222.6,153,305.8,384.2
1,339.4,93,384.2
89,9.8,143.4,51.4
203.4,1,308.2,176.2
96.2,58.6,141.8,105
1,77,69.8,206.6
113.8,91.4,231.4,304.2
456.2,51.4,512.2,384.2
11.4,1,93,86.6
295.4,135.4,337.8,384.2
3.4,294.6,91.4,342.6
93.8,250.6,170.6,307.4
452.2,51.4,512.2,149
236.2,149,296.2,193
179.4,321,270.6,382.6
8.2,87.4,48.2,129.8
178.6,317.8,257,364.2
317.8,105.8,361,149
116.2,5,177.8,112.2
17.8,117,66.6,206.6
81,1,221,192.2
200.2,285.8,257,339.4
129,297,225,384.2
25.8,268.2,103.4,327.4
307.4,98.6,361,149
83.4,170.6,124.2,231.4
54.6,105.8,145,177.8
13.8,1,58.6,43.4
78.6,57,159.4,106.6
169.8,204.2,230.6,248.2
209,57,297,124.2
379.4,1,444.2,80.2
73,239.4,132.2,282.6
36.2,6.6,135.4,177.8
198.6,321,270.6,384.2
1,1,66.6,54.6
466.6,49,512.2,128.2
5,112.2,51.4,176.2
111.4,88.2,201,149
66.6,105.8,159.4,258.6
420.2,76.2,473,317
25.8,249.8,65.8,322.6
164.2,217.8,206.6,296.2
1,265,49.8,331.4
13.8,1,64.2,72.2
153,175.4,221.8,241
1,186.6,103.4,332.2
38.6,181.8,112.2,235.4
190.6,113.8,293,173.8
237.8,305,285.8,384.2
369.8,29,451.4,190.6
425,181,465.8,384.2
73,242.6,133.8,326.6
152.2,335.4,193.8,384.2
100.2,249,199.4,347.4
244.2,1,297.8,117.8
1,125,71.4,209
169,280.2,225.8,321
97.8,143.4,173,229.8
401,1,445,87.4
122.6,1,231.4,268.2
90.6,208.2,132.2,253.8
1,142.6,122.6,325.8
454.6,1.8,512.2,81
23.4,1,93,79.4
43.4,339.4,109,384.2
1,224.2,49,306.6
238.6,1,297,121.8
465,222.6,512.2,353
134.6,342.6,200.2,384.2
205.8,269.8,254.6,310.6
59.4,1,151.4,89
1,93,66.6,148.2
181,248.2,254.6,310.6
17,165.8,80.2,265
411.4,76.2,465.8,384.2
194.6,317.8,239.4,382.6
1,69,98.6,144.2
41,214.6,133.8,341.8
236.2,127.4,308.2,176.2
117.8,250.6,170.6,309.8
17,165.8,80.2,282.6
90.6,256.2,131.4,325
399.4,73.8,451.4,167.4
464.2,217,512.2,375.4
370.6,1,456.2,53
60.2,197,111.4,238.6
469.8,64.2,512.2,245
37,337,106.6,384.2
206.6,1,246.6,115.4
77,1,153.8,81
413.8,76.2,457,217
216.2,150.6,283.4,209
6.6,186.6,59.4,273
377,1,445,87.4
41,115.4,106.6,169.8
75.4,127.4,159.4,252.2
77,257,147.4,313.8
44.2,219.4,103.4,277
122.6,208.2,229.8,304.2
78.6,58.6,159.4,106.6
43.4,329,122.6,384.2
64.2,107.4,145.8,252.2
133.8,1,197,43.4
75.4,275.4,145.8,384.2
1,1,83.4,113
1,65.8,104.2,144.2
336.2,1,444.2,384.2
115.4,1,201.8,50.6
71.4,256.2,131.4,341
43.4,329,109,384.2
79.4,5,171.4,108.2
404.2,22.6,444.2,76.2
83.4,160.2,133,234.6
113.8,156.2,171.4,229.8
83.4,5,145.8,62.6
468.2,202.6,512.2,384.2
1,210.6,47.4,272.2
122.6,146.6,232.2,269
239.4,149.8,296.2,193
77.8,59.4,129,105
254.6,109,308.2,179.4
154.6,131.4,205,197
190.6,133.8,241.8,213
44.2,190.6,156.2,384.2
1,79.4,66.6,125.8
49,1,153.8,80.2
468.2,163.4,512.2,384.2
49,2.6,117,62.6
59.4,190.6,132.2,254.6
99.4,332.2,156.2,384.2
336.2,1,380.2,384.2
82.6,127.4,129,195.4
154.6,263.4,202.6,349
333,1,386.6,384.2
209,1,250.6,117
20.2,16.2,108.2,86.6
17.8,132.2,65,185
222.6,153.8,304.2,384.2
179.4,270.6,257.8,329.8
1,77.8,98.6,144.2
216.2,150.6,273.8,273
469.8,63.4,512.2,245
122.6,146.6,185.8,253
65,99.4,113,154.6
264.2,162.6,304.2,277.8
462.6,164.2,512.2,348.2
41,233.8,116.2,281
46.6,153,122.6,197.8
89,239.4,132.2,282.6
178.6,177.8,226.6,241
216.2,89.8,272.2,141
17.8,157,62.6,206.6
452.2,62.6,495.4,149
1,337,58.6,384.2
70.6,77.8,188.2,229.8
411.4,76.2,457,217
153,91.4,226.6,236.2
23.4,1,93,72.2
221.8,117,270.6,157.8
252.2,159.4,305.8,384.2
458.6,1,512.2,57.8
78.6,58.6,150.6,106.6
68.2,139.4,181,252.2
145.8,141.8,189,183.4
177.8,168.2,226.6,241
401.8,1,441.8,74.6
27.4,233.8,117.8,311.4
93,124.2,145,177.8
5.8,225.8,50.6,282.6
66.6,27.4,129,105
244.2,1,301,128.2
461,1.8,512.2,57.8
124.2,266.6,170.6,309.8
13.8,1,64.2,43.4
22.6,253,64.2,311.4
377,1,417,55.4
157.8,97.8,226.6,236.2
1,157.8,98.6,198.6
470.6,331.4,512.2,384.2
1,115.4,98.6,282.6
84.2,99.4,141,173.8
401,25,445,87.4
257.8,65.8,299.4,128.2
77,259.4,145.8,325
41,198.6,116.2,291.4
78.6,58.6,176.2,106.6
28.2,21,81,77
84.2,27.4,129,77
122.6,113.8,305.8,269
179.4,317.8,270.6,384.2
79.4,5,145.8,105
1,188.2,77,313.8
1,73,97.8,224.2
9,186.6,59.4,241
45.8,117.8,106.6,206.6
93.8,14.6,141.8,77
131.4,1,202.6,84.2
293.8,1,333.8,260.2
237,148.2,296.2,193
37,279.4,90.6,346.6
73,242.6,133.8,341.8
167.4,150.6,273.8,273
49,1,157.8,80.2
156.2,225,262.6,356.2
28.2,21,81,69
13.8,1,93,79.4
105,1,202.6,99.4
466.6,233,512.2,384.2
1,104.2,66.6,206.6
113,85,187.4,169.8
410.6,90.6,454.6,232.2
209,114.6,297,157.8
257.8,61.8,299.4,128.2
465,222.6,512.2,381
83.4,160.2,133,231.4
462.6,66.6,512.2,384.2
113.8,150.6,177.8,229.8
178.6,295.4,277.8,384.2
26.6,127.4,71.4,209
93,102.6,163.4,154.6
336.2,1,448.2,384.2
1,340.2,50.6,384.2
38.6,181.8,85,235.4
79.4,5,160.2,105
77,257,165.8,384.2
66.6,193,132.2,255.4
157.8,297,250.6,349.8
66.6,213,132.2,255.4
26.6,167.4,71.4,209
77,259.4,145.8,357
1,89,69.8,206.6
101,58.6,141.8,105
120.2,85,160.2,128.2
126.6,208.2,221.8,304.2
37,37.8,81.8,79.4
1,257.8,85,375.4
410.6,83.4,465.8,384.2
78.6,58.6,159.4,105
122.6,215.4,165.8,257.8
190.6,131.4,241.8,213
82.6,332.2,156.2,384.2
75.4,183.4,121.8,241.8
470.6,73,512.2,245
397.8,77.8,449.8,167.4
466.6,63.4,512.2,384.2
45,16.2,107.4,81.8
214.6,75.4,307.4,277
178.6,321,225,364.2
170.6,220.2,211.4,271.4
45.8,153,97.8,217.8
45.8,153,94.6,245.8
165,220.2,243.4,301
181,248.2,243.4,301
1,186.6,103.4,327.4
145.8,113,189.8,183.4
399.4,73,457,263.4
81.8,331.4,133,384.2
1,65.8,86.6,139.4
64.2,107.4,141,192.2
468.2,63.4,512.2,384.2
25,117.8,66.6,176.2
20.2,2.6,117,113
45.8,115.4,98.6,251.4
29.8,265.8,103.4,314.6
1,339.4,45,384.2
466.6,233,512.2,351.4
177.8,145,217.8,197
25.8,239.4,65.8,322.6
78.6,58.6,134.6,105
75.4,183.4,145.8,252.2
374.6,44.2,427.4,161
372.2,1,512.2,177.8
452.2,54.6,512.2,149
364.2,1,427.4,161
54.6,115.4,122.6,204.2
1,288.2,73,384.2
205.8,113.8,305.8,153.8
222.6,257.8,273.8,305.8
206.6,65.8,305.8,153.8
180.2,151.4,232.2,269
8.2,85.8,86.6,134.6
125,297.8,176.2,384.2
1,257,129,370.6
59.4,1,110.6,87.4
3.4,282.6,49.8,331.4
145.8,131.4,226.6,241
301,1,361,125.8
13.8,16.2,108.2,86.6
1,132.2,65,201
1,224.2,66.6,310.6
1,198.6,116.2,310.6
226.6,226.6,273,277
1,224.2,49,267.4
43.4,329,117.8,384.2
41,233.8,120.2,343.4
41,214.6,84.2,276.2
1,342.6,45,384.2
45.8,142.6,94.6,198.6
103.4,301,148.2,345
410.6,90.6,454.6,256.2
77,267.4,147.4,313.8
13.8,1,83.4,70.6
59.4,198.6,132.2,254.6
424.2,193,465.8,384.2
83.4,208.2,132.2,253.8
95.4,77.8,182.6,229.8
33,279.4,78.6,335.4
9,188.2,66.6,282.6
54.6,9.8,132.2,53.8
104.2,303.4,157,377.8
91.4,184.2,132.2,234.6
57.8,163.4,97.8,217.8
134.6,1,203.4,79.4
1,291.4,44.2,341.8
206.6,99.4,305.8,153.8
25.8,265.8,103.4,327.4
215.4,321,270.6,373
45.8,115.4,98.6,245.8
177.8,149.8,217.8,197
117.8,303.4,165.8,347.4
9,188.2,77,282.6
23.4,154.6,71.4,214.6
1,202.6,53.8,341.8
1,210.6,47.4,257
410.6,83.4,454.6,256.2
117,257,199.4,347.4
1,65.8,66.6,125.8
66.6,58.6,129,105
194.6,327.4,238.6,382.6
21.8,197,80.2,265
178.6,65,222.6,112.2
370.6,1,416.2,53
122.6,211.4,181.8,257.8
42.6,115.4,106.6,245.8
124.2,281.8,225,384.2
249.8,61,301,128.2
106.6,5,201,166.6
462.6,164.2,512.2,384.2
469.8,66.6,512.2,245
27.4,233.8,117.8,330.6
113.8,156.2,171.4,202.6
183.4,329.8,227.4,384.2
248.2,254.6,295.4,384.2
118.6,31.4,160.2,82.6
122.6,146.6,232.2,253
156.2,248.2,250.6,309
103.4,183.4,154.6,234.6
75.4,275.4,145.8,340.2
18.6,117.8,66.6,199.4
9,199.4,66.6,268.2
1,205,49,272.2
71.4,292.2,118.6,342.6
194.6,317.8,247.4,382.6
126.6,248.2,195.4,304.2
103.4,280.2,225.8,384.2
422.6,1,503.4,177.8
286.6,135.4,337.8,384.2
81,1,203.4,79.4
54.6,115.4,110.6,176.2
1,12.2,42.6,68.2
183.4,340.2,227.4,384.2
105,77.8,182.6,155.4
254.6,75.4,299.4,128.2
13.8,16.2,65.8,70.6
1,186.6,45.8,228.2
84.2,208.2,132.2,253.8
157.8,145.8,208.2,211.4
124.2,250.6,170.6,304.2
368.2,1,443.4,105.8
49,283.4,109,346.6
1,153.8,97.8,311.4
105,82.6,182.6,155.4
397.8,72.2,449.8,167.4
29.8,265.8,77.8,314.6
49,2.6,107.4,56.2
79.4,29.8,160.2,105
454.6,1.8,512.2,57.8
28.2,233.8,120.2,343.4
22.6,239.4,64.2,311.4
399.4,73,447.4,125.8
51.4,115.4,98.6,218.6
238.6,288.2,285,384.2
66.6,107.4,141,192.2
17,21,81,77
1,73,61.8,157.8
113.8,150.6,230.6,257.8
41,198.6,116.2,305.8
81.8,338.6,133,384.2
45.8,157.8,92.2,204.2
127.4,113,187.4,169.8
228.2,226.6,273,277
39.4,14.6,145,177.8
1,88.2,66.6,148.2
117.8,248.2,195.4,304.2
93.8,13,151.4,89
79.4,5,145.8,102.6
238.6,1,297,116.2
97,146.6,232.2,347.4
100.2,229.8,199.4,347.4
37,279.4,77,330.6
391.4,1,444.2,76.2
190.6,131.4,245.8,218.6
131.4,1,201,60.2
239.4,127.4,308.2,176.2
1,209,70.6,318.6
22.6,239.4,97.8,311.4
49,283.4,90.6,346.6
368.2,1,443.4,384.2
1,199.4,77,318.6
93.8,27.4,150.6,77
126.6,146.6,181,212.2
8.2,87.4,56.2,157.8
13.8,16.2,81.8,94.6
374.6,44.2,427.4,105.8
8.2,85.8,86.6,144.2
194.6,317.8,269.8,383.4
106.6,5,201,192.2
378.6,1,441.8,74.6
1,210.6,97.8,311.4
424.2,193.8,465.8,384.2
1,1,83.4,94.6
71.4,182.6,112.2,229
333,1,374.6,228.2
161.8,25.8,214.6,192.2
54.6,115.4,125,212.2
157.8,297,253,362.6
8.2,82.6,86.6,144.2
95.4,143.4,173,229.8
12.2,1,83.4,94.6
192.2,249.8,269.8,305.8
374.6,1,457,263.4
244.2,1,297,121
38.6,106.6,97.8,217.8
198.6,340.2,242.6,382.6
64.2,105.8,159.4,252.2
374.6,32.2,424.2,105.8
1,340.2,45,384.2
41,249.8,84.2,305.8
1,210.6,56.2,272.2
126.6,250.6,195.4,304.2
17.8,157.8,62.6,206.6
125.8,91.4,226.6,241
97,146.6,232.2,384.2
45.8,134.6,92.2,204.2
169,280.2,225.8,322.6
422.6,8.2,503.4,384.2
122.6,178.6,185.8,253
461,1.8,512.2,57
45.8,116.2,97.8,217.8
78.6,127.4,129,195.4
116.2,6.6,171.4,108.2
1,73,56.2,157.8
116.2,63.4,171.4,108.2
52.2,76.2,177.8,142.6
45.8,117.8,106.6,209
1,198.6,122.6,310.6
121.8,192.2,192.2,257.8
3.4,292.2,91.4,342.6
44.2,190.6,137.8,341
106.6,46.6,201,166.6
161.8,1,217.8,192.2
81,1,153.8,78.6
100.2,249,196.2,290.6
213,340.2,274.6,384.2
107.4,335.4,193.8,384.2
1,21,45,73.8
237,75.4,307.4,165
82.6,141,129,195.4
66.6,213,130.6,254.6
107.4,304.2,285.8,384.2
167.4,204.2,215.4,267.4
3.4,294.6,78.6,341.8
45.8,117.8,92.2,204.2
174.6,208.2,221.8,249.8
135.4,113.8,201,166.6
1,1,64.2,59.4
221.8,340.2,274.6,384.2
133.8,1,201.8,45.8
257,61,301,128.2
105,1,201.8,51.4
167.4,204.2,215.4,249
135.4,98.6,201,173
13.8,1,163.4,177.8
45.8,153,92.2,204.2
133.8,1,201.8,43.4
90.6,58.6,138.6,105
79.4,58.6,141.8,105
49,2.6,97,80.2
1,288.2,73,341.8
167.4,204.2,243.4,301
20.2,2.6,117,94.6
1,202.6,53.8,310.6
95.4,205.8,145.8,252.2
180.2,151.4,232.2,250.6
161,36.2,221,112.2
161,36.2,221,126.6
156.2,248.2,245,305
167.4,204.2,215.4,244.2
61,257,129,343.4
8.2,85.8,48.2,129.8
183.4,329.8,274.6,384.2
163.4,168.2,226.6,241
83.4,5,145.8,51.4
368.2,1,443.4,269.8
113,85,160.2,129.8
51.4,256.2,137.8,341
422.6,8.2,503.4,177.8
118.6,31.4,160.2,89
17.8,216.2,70.6,267.4
1,224.2,60.2,306.6
20.2,45.8,81.8,94.6
97,250.6,199.4,347.4
71.4,256.2,137.8,341
41,233.8,98.6,281
1,209.8,49,257.8
90.6,77.8,182.6,229.8
422.6,8.2,503.4,240.2
18.6,152.2,59.4,199.4
106.6,63.4,201,166.6
41,214.6,116.2,281
85,14.6,141.8,77
27.4,268.2,103.4,327.4
126.6,250.6,185.8,304.2
91.4,29.8,146.6,78.6
1,209,70.6,273
21,320.2,67.4,370.6
61,275.4,129,343.4
78.6,107.4,127.4,147.4
460.2,2.6,512.2,56.2
45.8,153,94.6,198.6
1,216.2,70.6,273
126.6,263.4,185.8,304.2
1,288.2,73,370.6
8.2,101,51.4,157.8
190.6,133.8,241.8,173.8
59.4,198.6,132.2,253.8
125,143.4,173,229.8
161,36.2,203.4,84.2
222.6,153.8,301.8,256.2
466.6,233,509,351.4
21.8,197,80.2,257.8
115.4,1,201.8,45.8
178.6,177.8,221.8,217.8
222.6,153.8,269,259.4
129.8,257,199.4,347.4
238.6,1,297,119.4
45.8,157.8,94.6,198.6
1,209,70.6,311.4
460.2,1,512.2,56.2
180.2,151.4,226.6,240.2
66.6,107.4,127.4,147.4
401.8,47.4,443.4,87.4
78.6,107.4,141,192.2
75.4,183.4,121.8,225
95.4,184.2,145.8,252.2
17.8,216.2,70.6,263.4
45,16.2,108.2,81.8
125.8,188.2,173,229.8
13.8,93,66.6,133
95.4,183.4,145.8,252.2
165,280.2,225.8,346.6
39.4,58.6,97.8,114.6
253.8,1,297,113
129,143.4,172.2,192.2
133.8,1,177.8,43.4
194.6,317.8,269.8,382.6
125,184.2,173,229.8
39.4,14.6,141.8,114.6
175.4,208.2,221.8,248.2
90.6,274.6,131.4,325
