134.33,1,383.93,266.6
134.33,145,383.93,511.93
189.8,1,267.67,73.533
1,5.2667,383.93,511.93
1,1,383.93,511.93
152.47,1,383.93,297.53
1,1,383.93,297.53
4.2,1,383.93,338.07
138.6,1,383.93,267.67
1,9.5333,383.93,511.93
100.2,108.73,154.6,150.33
1,1,383.93,267.67
23.4,69.267,139.67,511.93
197.27,159.93,285.8,201.53
136.47,198.33,383.93,511.93
1,1,355.13,195.13
184.47,27.667,285.8,173.8
207.93,52.2,383.93,193
162.07,1,383.93,297.53
79.933,49,154.6,122.6
1,5.2667,140.73,511.93
1,1,383.93,374.33
12.733,23.4,143.93,150.33
152.47,1,339.13,194.07
135.4,177,383.93,511.93
172.73,1,291.13,157.8
184.47,1,383.93,202.6
138.6,1,383.93,511.93
166.33,1,267.67,163.13
72.467,66.067,136.47,179.13
289,158.87,383.93,202.6
165.27,1,291.13,163.13
265.53,1,383.93,286.87
252.73,1,383.93,152.47
163.13,71.4,312.47,250.6
311.4,33,383.93,151.4
1,1,188.73,511.93
1,241,111.93,511.93
111.93,143.93,159.93,511.93
299.67,199.4,383.93,511.93
291.13,1,383.93,132.2
163.13,62.867,383.93,267.67
89.533,1,383.93,511.93
111.93,75.667,383.93,511.93
1,1,185.53,186.6
334.87,237.8,383.93,511.93
1,1,383.93,284.73
142.87,209,227.13,511.93
151.4,1,383.93,267.67
251.67,380.73,309.27,482.07
5.2667,1,162.07,177
155.67,51.133,383.93,284.73
105.53,125.8,195.13,511.93
120.47,66.067,175.93,184.47
142.87,199.4,383.93,511.93
206.87,1,268.73,66.067
212.2,217.53,383.93,511.93
165.27,1,267.67,163.13
1,30.867,139.67,511.93
101.27,1,287.93,212.2
180.2,143.93,383.93,210.07
191.93,205.8,244.2,255.93
177,31.933,222.87,118.33
105.53,125.8,149.27,355.13
97,1,157.8,86.333
155.67,1,383.93,250.6
1,1,139.67,511.93
1,1,184.47,511.93
1,1,106.6,135.4
1,1,111.93,166.33
1,1,195.13,511.93
1,9.5333,139.67,511.93
5.2667,1,187.67,177
29.8,50.067,135.4,378.6
1,9.5333,146.07,511.93
262.33,1,339.13,86.333
156.73,202.6,227.13,271.93
92.733,125.8,383.93,511.93
153.53,1,219.67,172.73
162.07,200.47,243.13,250.6
89.533,124.73,383.93,511.93
100.2,57.533,316.73,374.33
225,1,383.93,152.47
1,309.27,68.2,511.93
4.2,1,188.73,177
155.67,69.267,383.93,247.4
142.87,209,223.93,511.93
1,1,287.93,241
29.8,50.067,94.867,207.93
162.07,108.73,383.93,297.53
1,1,186.6,184.47
4.2,1,187.67,177
285.8,220.73,337,286.87
135.4,198.33,383.93,511.93
186.6,130.07,249.53,193
163.13,51.133,383.93,266.6
1,1,109.8,511.93
293.27,187.67,383.93,252.73
1,1,185.53,212.2
85.267,1,162.07,143.93
235.67,1,287.93,69.267
251.67,222.87,342.33,398.87
1,5.2667,149.27,179.13
186.6,189.8,383.93,338.07
136.47,177,383.93,511.93
1,5.2667,139.67,511.93
113,56.467,153.53,97
1,1,193,241
25.533,1,94.867,81
1,52.2,139.67,511.93
311.4,33,383.93,145
180.2,69.267,383.93,206.87
14.867,313.53,70.333,399.93
147.13,61.8,260.2,196.2
154.6,1,355.13,195.13
154.6,61.8,260.2,195.13
100.2,1,383.93,374.33
5.2667,1,193,152.47
2.0667,1,186.6,126.87
143.93,57.533,316.73,284.73
2.0667,1,75.667,57.533
273,395.67,313.53,486.33
154.6,61.8,260.2,202.6
155.67,1,383.93,247.4
62.867,1,120.47,66.067
111.93,143.93,159.93,490.6
211.13,194.07,383.93,511.93
154.6,1,280.47,171.67
265.53,82.067,383.93,215.4
163.13,143.93,383.93,267.67
273,187.67,383.93,286.87
151.4,1,356.2,198.33
205.8,193,348.73,297.53
5.2667,1,188.73,150.33
275.13,185.53,383.93,253.8
274.07,1,340.2,85.267
282.6,217.53,383.93,511.93
142.87,209,246.33,511.93
172.73,22.333,274.07,157.8
134.33,1,250.6,194.07
242.07,222.87,351.93,511.93
2.0667,1,355.13,195.13
163.13,203.67,216.47,263.4
5.2667,10.6,73.533,69.267
1,12.733,139.67,511.93
152.47,142.87,212.2,198.33
1,1,291.13,184.47
142.87,75.667,246.33,511.93
170.6,298.6,223.93,511.93
142.87,209,351.93,511.93
136.47,197.27,383.93,511.93
1,1,152.47,150.33
111.93,75.667,246.33,511.93
221.8,193,275.13,291.13
280.47,69.267,383.93,173.8
151.4,47.933,245.27,177
89.533,124.73,229.27,511.93
328.47,183.4,383.93,241
1,1,175.93,186.6
155.67,1,383.93,284.73
162.07,145,383.93,246.33
1,259.13,101.27,511.93
104.47,1,166.33,129
212.2,222.87,325.27,511.93
62.867,9.5333,120.47,66.067
101.27,95.933,188.73,186.6
101.27,95.933,188.73,212.2
71.4,1,184.47,118.33
5.2667,1,118.33,41.533
155.67,1,383.93,297.53
156.73,71.4,286.87,202.6
155.67,198.33,213.27,245.27
285.8,217.53,383.93,511.93
120.47,33,169.53,145
156.73,173.8,383.93,266.6
242.07,222.87,383.93,511.93
151.4,1,287.93,184.47
30.867,1,186.6,184.47
30.867,1,186.6,126.87
4.2,1,356.2,198.33
251.67,380.73,302.87,474.6
170.6,182.33,383.93,266.6
167.4,1,282.6,159.93
163.13,197.27,258.07,263.4
155.67,1,383.93,201.53
328.47,183.4,383.93,247.4
1,1,184.47,179.13
225,52.2,280.47,148.2
319.93,1,383.93,145
207.93,65,383.93,193
1,1,113,104.47
152.47,1,356.2,198.33
169.53,241,247.4,511.93
214.33,199.4,383.93,511.93
104.47,1,185.53,152.47
4.2,1,188.73,150.33
153.53,1,287.93,185.53
273,1,339.13,70.333
162.07,145,383.93,247.4
273,62.867,329.53,170.6
1,1,69.267,65
279.4,187.67,383.93,252.73
246.33,9.5333,327.4,87.4
186.6,189.8,348.73,263.4
152.47,1,339.13,198.33
134.33,1,383.93,202.6
134.33,1,287.93,194.07
155.67,184.47,213.27,245.27
162.07,193,330.6,297.53
197.27,1,383.93,202.6
166.33,178.07,263.4,223.93
293.27,187.67,345.53,242.07
341.27,219.67,383.93,283.67
2.0667,1,186.6,184.47
142.87,209,247.4,511.93
292.2,33,346.6,127.93
62.867,1,140.73,122.6
92.733,125.8,183.4,511.93
1,348.73,68.2,511.93
135.4,150.33,184.47,511.93
273,187.67,383.93,252.73
204.73,108.73,383.93,232.47
233.53,1,287.93,69.267
156.73,182.33,383.93,266.6
155.67,1,383.93,338.07
143.93,121.53,188.73,186.6
204.73,108.73,383.93,248.47
168.47,203.67,216.47,263.4
5.2667,1,188.73,148.2
291.13,1,383.93,130.07
153.53,1,229.27,172.73
199.4,1,287.93,116.2
5.2667,1,127.93,81
12.733,23.4,152.47,150.33
197.27,61.8,383.93,193
156.73,213.27,342.33,431.93
1,1,184.47,163.13
155.67,156.73,212.2,204.73
71.4,1,184.47,122.6
177,1,222.87,118.33
151.4,22.333,319.93,177
79.933,49,152.47,122.6
186.6,70.333,286.87,193
207.93,1,383.93,193
184.47,75.667,258.07,173.8
306.07,34.067,348.73,143.93
142.87,209,248.47,511.93
162.07,33,383.93,250.6
296.47,1,383.93,119.4
321,33,383.93,114.07
162.07,129,383.93,250.6
172.73,54.333,232.47,157.8
156.73,57.533,316.73,202.6
89.533,1,157.8,86.333
317.8,183.4,383.93,248.47
162.07,145,383.93,243.13
291.13,14.867,350.87,132.2
1,30.867,47.933,293.27
1,1,184.47,122.6
151.4,1,353,177
170.6,205.8,243.13,258.07
1,1,154.6,122.6
134.33,145,184.47,511.93
273,117.27,322.07,170.6
89.533,124.73,136.47,383.93
244.2,185.53,383.93,267.67
291.13,1,383.93,131.13
5.2667,1,88.467,41.533
1,1,109.8,293.27
199.4,30.867,250.6,115.13
209,1,280.47,79.933
261.27,206.87,311.4,297.53
184.47,1,339.13,173.8
15.933,26.6,86.333,110.87
100.2,66.067,184.47,355.13
343.4,31.933,383.93,99.133
156.73,1,383.93,206.87
168.47,142.87,383.93,267.67
100.2,66.067,184.47,374.33
321,1,383.93,114.07
182.33,31.933,222.87,118.33
217.53,249.53,282.6,431.93
163.13,57.533,316.73,250.6
156.73,1,383.93,202.6
170.6,182.33,348.73,263.4
143.93,213.27,383.93,511.93
211.13,333.8,309.27,511.93
170.6,182.33,348.73,266.6
184.47,70.333,286.87,191.93
154.6,1,287.93,171.67
92.733,125.8,137.53,378.6
1,1,111.93,145
15.933,20.2,111.93,145
1,5.2667,86.333,108.73
134.33,30.867,250.6,194.07
154.6,1,222.87,171.67
214.33,209,351.93,511.93
244.2,196.2,312.47,267.67
5.2667,10.6,149.27,179.13
299.67,34.067,348.73,143.93
92.733,125.8,135.4,378.6
161,1,383.93,206.87
215.4,335.93,301.8,511.93
293.27,187.67,372.2,253.8
143.93,237.8,238.87,511.93
101.27,95.933,155.67,150.33
162.07,193,275.13,291.13
105.53,125.8,172.73,326.33
151.4,53.267,231.4,177
244.2,71.4,286.87,167.4
270.87,183.4,383.93,266.6
15.933,26.6,106.6,135.4
1,1,111.93,241
267.67,156.73,383.93,201.53
187.67,228.2,228.2,273
134.33,143.93,183.4,355.13
324.2,189.8,383.93,252.73
186.6,130.07,257,193
214.33,113,254.87,163.13
100.2,66.067,184.47,184.47
299.67,1,353,92.733
267.67,142.87,383.93,253.8
156.73,213.27,282.6,431.93
105.53,125.8,172.73,374.33
196.2,302.87,248.47,397.8
313.53,61.8,383.93,126.87
136.47,177,246.33,511.93
242.07,199.4,383.93,511.93
134.33,143.93,183.4,511.93
324.2,189.8,383.93,242.07
205.8,113,254.87,170.6
138.6,1,267.67,202.6
301.8,249.53,383.93,511.93
289,129,383.93,202.6
71.4,1,184.47,150.33
197.27,61.8,383.93,202.6
138.6,1,383.93,202.6
187.67,205.8,243.13,250.6
193,241,282.6,431.93
101.27,104.47,152.47,150.33
207.93,33,383.93,193
242.07,249.53,282.6,431.93
279.4,187.67,383.93,266.6
143.93,142.87,229.27,511.93
5.2667,10.6,106.6,135.4
156.73,70.333,286.87,202.6
328.47,186.6,383.93,241
154.6,47.933,260.2,202.6
324.2,189.8,375.4,242.07
163.13,51.133,383.93,250.6
295.4,203.67,383.93,338.07
243.13,97,383.93,187.67
12.733,23.4,157.8,150.33
104.47,1,193,152.47
153.53,94.867,209,185.53
155.67,198.33,255.93,284.73
243.13,61.8,383.93,187.67
156.73,1,383.93,267.67
248.47,206.87,291.13,259.13
1,309.27,72.467,511.93
215.4,22.333,274.07,94.867
299.67,26.6,344.47,92.733
72.467,66.067,149.27,179.13
260.2,61.8,383.93,155.67
202.6,1,268.73,68.2
238.87,65,383.93,187.67
317.8,185.53,367.93,237.8
166.33,1,291.13,163.13
236.73,1,383.93,173.8
243.13,82.067,383.93,187.67
295.4,203.67,383.93,511.93
214.33,335.93,317.8,511.93
214.33,327.4,317.8,511.93
1,5.2667,75.667,88.467
220.73,182.33,348.73,223.93
151.4,23.4,268.73,184.47
161,31.933,383.93,206.87
15.933,20.2,74.6,71.4
30.867,52.2,109.8,278.33
155.67,1,351.93,201.53
243.13,121.53,328.47,187.67
209,1,287.93,79.933
211.13,194.07,358.33,511.93
161,52.2,383.93,206.87
193,248.47,282.6,431.93
71.4,1,184.47,163.13
166.33,161,383.93,223.93
322.07,61.8,383.93,114.07
143.93,237.8,301.8,511.93
97,1,166.33,186.6
155.67,184.47,260.2,284.73
1,1,59.667,65
291.13,31.933,347.67,132.2
180.2,52.2,383.93,206.87
342.33,33,383.93,91.667
5.2667,1,153.53,122.6
243.13,104.47,286.87,161
143.93,148.2,260.2,284.73
258.07,199.4,343.4,271.93
191.93,197.27,258.07,255.93
183.4,291.13,246.33,415.93
105.53,125.8,172.73,511.93
238.87,137.53,319.93,187.67
5.2667,1,175.93,186.6
166.33,129,383.93,223.93
197.27,76.733,289,193
4.2,1,152.47,150.33
202.6,1,265.53,68.2
291.13,31.933,346.6,131.13
243.13,107.67,383.93,187.67
275.13,185.53,372.2,253.8
295.4,203.67,383.93,287.93
14.867,1,88.467,41.533
186.6,113,257,193
213.27,223.93,255.93,284.73
109.8,37.267,162.07,143.93
155.67,1,356.2,201.53
233.53,360.47,301.8,511.93
138.6,1,186.6,177
242.07,209,351.93,511.93
187.67,207.93,228.2,250.6
184.47,113,261.27,191.93
254.87,1,356.2,130.07
5.2667,1,140.73,122.6
163.13,82.067,383.93,250.6
97,1,175.93,186.6
287.93,237.8,337,286.87
135.4,150.33,184.47,505.53
251.67,343.4,309.27,481
153.53,105.53,202.6,175.93
143.93,142.87,223.93,343.4
163.13,141.8,312.47,250.6
191.93,205.8,252.73,255.93
265.53,1,383.93,215.4
1,1,94.867,81
187.67,205.8,228.2,250.6
279.4,187.67,383.93,265.53
243.13,65,383.93,187.67
14.867,1,127.93,81
154.6,31.933,222.87,171.67
155.67,197.27,260.2,284.73
252.73,1,351.93,152.47
319.93,84.2,383.93,140.73
255.93,161,383.93,232.47
180.2,159.93,292.2,206.87
162.07,158.87,383.93,243.13
311.4,84.2,383.93,143.93
120.47,91.667,175.93,184.47
142.87,1,187.67,158.87
47.933,46.867,106.6,135.4
72.467,66.067,123.67,146.07
217.53,206.87,318.87,431.93
120.47,66.067,184.47,184.47
185.53,71.4,286.87,194.07
258.07,199.4,355.13,357.27
12.733,23.4,130.07,150.33
277.27,194.07,348.73,277.27
289,145,383.93,185.53
185.53,114.07,254.87,194.07
324.2,189.8,382.87,252.73
168.47,190.87,312.47,267.67
151.4,21.267,274.07,184.47
246.33,22.333,319.93,120.47
42.6,282.6,83.133,391.4
134.33,143.93,183.4,284.73
275.13,109.8,315.67,150.33
153.53,118.33,195.13,175.93
202.6,1,268.73,66.067
154.6,47.933,245.27,177
204.73,1,265.53,68.2
235.67,1,280.47,69.267
331.67,275.13,378.6,511.93
59.667,46.867,106.6,135.4
30.867,52.2,75.667,177
259.13,69.267,383.93,173.8
242.07,1,351.93,171.67
305,108.73,383.93,179.13
82.067,1,157.8,86.333
155.67,70.333,286.87,201.53
291.13,31.933,346.6,130.07
242.07,132.2,319.93,179.13
278.33,9.5333,326.33,70.333
155.67,184.47,228.2,273
143.93,213.27,342.33,511.93
2.0667,1,60.733,57.533
14.867,309.27,72.467,390.33
259.13,380.73,305,486.33
47.933,54.333,98.067,129
211.13,333.8,358.33,511.93
5.2667,1,100.2,41.533
225,52.2,280.47,120.47
255.93,108.73,383.93,232.47
169.53,241,247.4,372.2
280.47,1,383.93,173.8
197.27,143.93,312.47,201.53
236.73,1,286.87,161
60.733,47.933,130.07,150.33
19.133,273,85.267,390.33
273,45.8,342.33,143.93
225,209,267.67,250.6
15.933,282.6,83.133,399.93
220.73,158.87,383.93,219.67
278.33,117.27,369,182.33
152.47,75.667,243.13,271.93
202.6,1,267.67,73.533
252.73,45.8,342.33,152.47
1,1,47.933,55.4
233.53,386.07,281.53,511.93
60.733,46.867,111.93,145
136.47,177,227.13,450.07
163.13,185.53,383.93,267.67
142.87,1,186.6,177
155.67,69.267,286.87,204.73
341.27,186.6,383.93,238.87
142.87,209,207.93,511.93
274.07,1,340.2,88.467
273,62.867,322.07,170.6
156.73,113,257,202.6
180.2,254.87,225,338.07
273,1,351.93,143.93
162.07,185.53,223.93,243.13
274.07,444.73,325.27,511.93
190.87,205.8,243.13,246.33
187.67,223.93,255.93,284.73
120.47,33,169.53,163.13
204.73,113,263.4,200.47
204.73,113,319.93,200.47
180.2,159.93,285.8,206.87
324.2,187.67,372.2,253.8
154.6,88.467,209,171.67
311.4,33,383.93,143.93
236.73,132.2,289,179.13
152.47,52.2,280.47,194.07
293.27,187.67,382.87,252.73
225,1,280.47,57.533
238.87,143.93,319.93,187.67
333.8,186.6,383.93,238.87
162.07,200.47,228.2,250.6
167.4,1,218.6,159.93
29.8,50.067,83.133,194.07
143.93,237.8,229.27,511.93
155.67,146.07,242.07,271.93
153.53,88.467,200.47,172.73
142.87,209,262.33,511.93
89.533,124.73,168.47,511.93
197.27,143.93,383.93,201.53
154.6,53.267,231.4,177
168.47,190.87,268.73,255.93
217.53,194.07,318.87,431.93
261.27,193,330.6,297.53
291.13,69.267,347.67,132.2
261.27,194.07,348.73,297.53
153.53,88.467,204.73,172.73
167.4,1,267.67,159.93
62.867,9.5333,153.53,122.6
261.27,193,311.4,297.53
204.73,113,261.27,184.47
62.867,9.5333,140.73,122.6
155.67,76.733,286.87,204.73
5.2667,1,89.533,41.533
104.47,1,166.33,186.6
104.47,1,151.4,63.933
186.6,219.67,261.27,263.4
205.8,193,275.13,291.13
154.6,1,267.67,202.6
155.67,198.33,197.27,245.27
292.2,56.467,339.13,127.93
184.47,75.667,243.13,173.8
259.13,380.73,302.87,474.6
47.933,29.8,113,104.47
162.07,200.47,229.27,258.07
85.267,1,188.73,148.2
243.13,117.27,369,187.67
327.4,1,383.93,71.4
229.27,206.87,318.87,371.13
5.2667,10.6,60.733,60.733
169.53,241,262.33,414.87
244.2,1,291.13,56.467
293.27,185.53,372.2,253.8
275.13,187.67,372.2,253.8
173.8,298.6,223.93,511.93
199.4,206.87,243.13,258.07
225,1,339.13,148.2
248.47,189.8,348.73,259.13
89.533,124.73,136.47,369
274.07,275.13,378.6,511.93
260.2,67.133,326.33,155.67
152.47,75.667,243.13,194.07
276.2,452.2,325.27,511.93
167.4,29.8,218.6,159.93
225,209,267.67,263.4
278.33,9.5333,327.4,87.4
219.67,335.93,313.53,486.33
156.73,213.27,216.47,337
152.47,75.667,247.4,194.07
5.2667,1,162.07,129
219.67,335.93,276.2,427.67
236.73,1,282.6,107.67
170.6,241,229.27,511.93
251.67,222.87,292.2,310.33
142.87,33,184.47,177
299.67,199.4,343.4,265.53
266.6,263.4,342.33,371.13
155.67,146.07,242.07,223.93
166.33,182.33,242.07,223.93
274.07,452.2,325.27,511.93
276.2,452.2,338.07,511.93
324.2,187.67,369,253.8
71.4,108.73,135.4,378.6
14.867,1,127.93,66.067
273,359.4,313.53,486.33
236.73,1,340.2,161
170.6,206.87,243.13,258.07
18.067,1,100.2,41.533
199.4,22.333,269.8,116.2
184.47,113,257,193
236.73,104.47,289,179.13
274.07,275.13,383.93,511.93
305,127.93,383.93,179.13
184.47,146.07,235.67,191.93
335.93,279.4,383.93,511.93
18.067,1,94.867,81
180.2,241,229.27,415.93
1,1,47.933,293.27
264.47,199.4,343.4,271.93
186.6,189.8,348.73,271.93
153.53,30.867,250.6,175.93
274.07,332.73,344.47,511.93
236.73,1,282.6,59.667
15.933,20.2,66.067,67.133
323.13,212.2,380.73,287.93
186.6,123.67,257,193
246.33,1,339.13,130.07
197.27,151.4,254.87,193
322.07,65,383.93,114.07
246.33,1,339.13,87.4
23.4,52.2,139.67,511.93
295.4,206.87,383.93,338.07
289,129,383.93,185.53
190.87,158.87,383.93,228.2
153.53,57.533,244.2,175.93
278.33,1,326.33,70.333
113,1,157.8,86.333
301.8,249.53,344.47,495.93
243.13,114.07,383.93,187.67
267.67,142.87,383.93,201.53
266.6,263.4,342.33,373.27
168.47,197.27,258.07,255.93
89.533,124.73,136.47,326.33
305,129,383.93,179.13
214.33,359.4,317.8,511.93
293.27,185.53,383.93,253.8
236.73,76.733,289,179.13
273,45.8,327.4,143.93
111.93,143.93,159.93,315.67
275.13,121.53,328.47,172.73
246.33,1,287.93,65
142.87,1,188.73,148.2
193,251.67,247.4,373.27
295.4,203.67,380.73,287.93
220.73,182.33,311.4,223.93
215.4,327.4,262.33,414.87
19.133,310.33,62.867,390.33
168.47,203.67,252.73,255.93
155.67,182.33,242.07,223.93
211.13,333.8,281.53,511.93
197.27,150.33,254.87,193
30.867,52.2,82.067,177
196.2,294.33,262.33,414.87
197.27,111.93,259.13,184.47
18.067,1,89.533,41.533
199.4,57.533,244.2,116.2
151.4,57.533,244.2,184.47
170.6,314.6,223.93,511.93
170.6,334.87,217.53,511.93
264.47,209,317.8,271.93
273,45.8,325.27,143.93
335.93,259.13,383.93,511.93
331.67,268.73,383.93,511.93
280.47,117.27,369,172.73
283.67,332.73,344.47,495.93
220.73,182.33,348.73,263.4
204.73,1,267.67,73.533
184.47,58.6,274.07,173.8
42.6,273,85.267,377.53
210.07,1,268.73,66.067
254.87,58.6,300.73,130.07
214.33,360.47,317.8,511.93
180.2,241,225,415.93
296.47,1,356.2,119.4
273,121.53,328.47,172.73
218.6,1,268.73,66.067
171.67,241,228.2,347.67
120.47,33,163.13,122.6
254.87,31.933,327.4,130.07
170.6,209,213.27,252.73
169.53,241,228.2,347.67
199.4,57.533,244.2,115.13
85.267,1,153.53,122.6
171.67,362.6,217.53,511.93
229.27,206.87,292.2,310.33
219.67,335.93,262.33,414.87
86.333,101.27,130.07,150.33
334.87,237.8,383.93,461.8
259.13,359.4,305,486.33
226.07,348.73,276.2,427.67
168.47,203.67,212.2,245.27
211.13,333.8,251.67,511.93
152.47,142.87,223.93,209
62.867,9.5333,127.93,66.067
142.87,1,187.67,148.2
85.267,50.067,153.53,122.6
266.6,257,318.87,371.13
47.933,29.8,94.867,81
85.267,54.333,143.93,122.6
301.8,249.53,342.33,420.2
274.07,433,358.33,511.93
170.6,249.53,216.47,337
1,5.2667,49,56.467
143.93,237.8,206.87,511.93
14.867,1,93.8,41.533
62.867,1,143.93,122.6
263.4,182.33,311.4,223.93
186.6,61.8,260.2,173.8
85.267,50.067,143.93,122.6
193,248.47,247.4,373.27
184.47,52.2,263.4,173.8
171.67,314.6,217.53,511.93
204.73,1,268.73,68.2
143.93,188.73,199.4,343.4
5.2667,1,143.93,122.6
266.6,263.4,342.33,398.87
171.67,241,247.4,372.2
173.8,314.6,223.93,511.93
155.67,111.93,259.13,204.73
232.47,58.6,274.07,146.07
266.6,263.4,318.87,371.13
229.27,206.87,277.27,291.13
180.2,241,225,338.07
325.27,225,383.93,338.07
276.2,444.73,338.07,511.93
171.67,314.6,238.87,511.93
204.73,17,245.27,68.2
273,1,326.33,70.333
18.067,1,88.467,41.533
148.2,209,199.4,298.6
274.07,332.73,347.67,511.93
15.933,282.6,83.133,391.4
276.2,332.73,344.47,511.93
233.53,360.47,289,511.93
233.53,360.47,297.53,511.93
