1,1,295.26,342.29
400.71,250.38,457,313.79
1,1,300.96,342.29
198.36,112.86,264.62,208.34
1,1,169.15,342.29
1,1,512.58,342.29
1,1,290.28,342.29
124.98,97.9,300.96,342.29
134.95,188.39,305.24,342.29
154.9,1,512.58,274.6
377.2,76.525,459.85,174.14
161.31,1,512.58,262.49
154.19,1,512.58,263.91
90.062,116.42,162.74,243.96
154.19,1,512.58,226.15
1,1,352.26,342.29
1,17.387,276.74,342.29
1,48.738,42.325,99.325
246.81,134.95,367.94,315.93
397.86,1,512.58,170.58
119.28,1,512.58,342.29
1,1,390.74,342.29
268.19,239.69,346.56,315.93
82.938,262.49,151.34,327.32
131.39,176.28,179.84,263.91
272.46,157.75,444.89,342.29
117.14,1,512.58,342.29
1,65.125,169.15,342.29
20.95,1,110.01,115.71
280.3,216.89,382.19,287.43
153.47,1,512.58,342.29
116.42,1,512.58,342.29
103.6,105.03,152.05,272.46
397.86,1,464.12,86.5
308.09,1,512.58,274.6
397.86,17.387,512.58,189.1
272.46,199.08,444.89,342.29
90.062,116.42,210.47,246.81
117.85,1,432.06,234.7
246.81,134.24,512.58,342.29
127.11,66.55,512.58,342.29
131.39,176.28,259.64,342.29
370.07,1,436.34,95.763
157.04,1,512.58,342.29
314.5,1,432.06,157.75
1,1,210.47,256.79
311.65,194.8,354.4,236.84
406.41,1,512.58,262.49
1,92.2,272.46,342.29
368.65,1,512.58,262.49
17.387,112.86,120.7,215.46
328.75,66.55,512.58,243.96
328.75,1,449.16,194.09
1,17.387,171.29,342.29
179.84,70.825,293.84,229
1,95.05,352.26,342.29
299.54,51.587,498.32,263.91
5.275,1,113.58,115
44.462,204.06,92.2,342.29
299.54,66.55,512.58,342.29
404.99,214.04,512.58,342.29
362.24,298.11,422.8,342.29
181.26,288.14,251.8,342.29
117.14,1,512.58,226.15
103.6,129.25,148.49,191.24
1,188.39,305.24,342.29
308.09,1,512.58,263.91
1,92.913,120.7,215.46
239.69,157.75,446.31,342.29
117.14,1,353.69,226.15
1,48.025,169.15,342.29
1,1,120.7,215.46
466.98,84.362,512.58,182.69
1,48.025,266.76,342.29
314.5,271.04,390.74,342.29
52.3,1,122.12,129.96
456.29,18.1,512.58,170.58
117.14,1,245.39,156.33
397.86,1,512.58,110.01
142.79,147.78,247.53,309.51
147.06,188.39,271.75,318.78
78.663,298.82,157.75,342.29
135.66,147.78,304.53,342.29
160.6,1,338.01,234.7
429.21,77.95,512.58,171.29
177.7,65.125,287.43,163.45
117.85,1,330.89,237.55
127.11,87.213,381.48,342.29
60.138,1,122.12,129.96
370.07,288.85,444.89,342.29
331.6,1,470.54,77.95
395.01,67.975,449.16,124.26
1,1,109.3,129.96
360.1,298.11,445.6,342.29
275.31,199.79,381.48,295.98
131.39,176.28,276.74,342.29
32.35,1,103.6,61.562
121.41,1,278.16,192.66
116.42,1,432.06,234.7
363.66,145.64,512.58,271.04
117.14,1,349.41,223.3
117.14,1,470.54,223.3
118.56,1,512.58,342.29
246.81,168.44,293.12,243.25
118.56,1,445.6,342.29
169.15,188.39,210.47,229.71
124.98,81.513,364.38,342.29
231.14,284.57,278.16,329.46
103.6,105.03,148.49,191.24
271.75,168.44,381.48,296.69
1,1,391.45,342.29
33.062,160.6,272.46,342.29
46.6,195.51,158.46,342.29
299.54,123.55,498.32,263.91
414.96,24.512,512.58,243.96
417.1,1,512.58,164.16
122.12,1,221.16,119.28
235.41,1,350.12,130.68
1,1,124.98,256.79
272.46,214.04,346.56,295.98
1,1,157.75,342.29
1,114.29,158.46,342.29
232.56,151.34,512.58,342.29
34.488,125.69,157.75,342.29
186.25,1,385.75,139.94
124.26,81.513,347.99,342.29
186.25,1,470.54,172.71
1,1,444.89,342.29
182.69,1,432.06,176.28
117.14,1,258.93,182.69
124.26,85.788,168.44,142.79
384.32,205.49,512.58,342.29
86.5,1,290.28,342.29
194.09,1,512.58,149.91
156.33,18.1,211.19,103.6
1,105.03,169.15,342.29
246.81,1,512.58,342.29
272.46,157.75,446.31,342.29
127.11,87.213,352.26,342.29
1,70.112,157.75,342.29
363.66,135.66,471.25,263.91
425.65,1,499.04,81.513
1,114.29,90.775,342.29
300.25,1,512.58,262.49
181.26,288.14,233.28,342.29
188.39,1,315.21,128.54
299.54,66.55,512.58,263.91
117.14,1,245.39,146.35
65.838,1,290.28,342.29
208.34,267.48,254.65,317.35
160.6,1,353.69,226.15
10.263,33.775,171.29,342.29
427.79,67.975,476.95,129.25
281.01,1,512.58,342.29
153.47,10.263,245.39,103.6
116.42,1,364.38,342.29
116.42,1,164.16,85.075
116.42,1,287.43,221.16
367.94,124.26,440.61,214.75
33.062,160.6,226.15,342.29
131.39,176.28,207.62,305.95
1,201.21,169.15,342.29
429.21,1,512.58,171.29
1,1,142.79,215.46
397.86,1,512.58,132.1
452.01,123.55,495.48,164.16
1,102.17,92.2,342.29
153.47,1,214.04,71.538
311.65,214.75,360.1,273.89
109.3,176.28,295.26,342.29
33.062,38.763,109.3,124.98
71.538,250.38,158.46,342.29
424.94,1,507.59,93.625
129.96,139.22,209.05,229.71
363.66,108.59,506.16,263.91
369.36,115,452.73,173.43
100.04,105.03,169.15,342.29
255.36,102.89,512.58,342.29
124.26,81.513,391.45,342.29
17.387,95.05,120.7,215.46
65.838,176.28,276.74,342.29
116.42,1,330.89,237.55
127.11,1,221.16,103.6
464.12,18.1,512.58,119.99
223.3,284.57,290.28,342.29
46.6,1,122.12,129.96
124.26,105.03,305.24,342.29
117.14,1,287.43,209.76
370.07,173.43,512.58,293.84
163.45,185.54,233.28,267.48
255.36,144.93,444.89,342.29
447.03,107.88,495.48,164.16
452.01,80.088,510.44,170.58
1,114.29,76.525,342.29
322.34,176.99,396.44,262.49
280.3,199.08,444.89,342.29
149.2,1,236.84,99.325
314.5,271.04,390.74,331.6
149.2,1,241.83,104.31
304.53,275.31,360.1,342.29
194.09,1,417.1,167.72
63.7,1,142.79,147.06
48.738,64.412,105.74,123.55
164.88,298.11,234.7,342.29
182.69,1,385.04,144.93
1,1,129.96,256.79
1,65.125,157.75,342.29
280.3,216.89,327.32,263.91
331.6,1,436.34,95.763
160.6,266.05,276.74,342.29
60.85,255.36,123.55,342.29
18.1,80.8,93.625,135.66
122.12,15.963,197.65,119.28
161.31,1,349.41,223.3
1,201.21,162.03,342.29
397.86,1,479.09,89.35
20.238,1,105.03,48.025
424.94,1,498.32,81.513
209.05,1,417.1,167.72
116.42,1,479.09,342.29
411.4,1,464.84,60.85
219.03,132.1,330.89,296.69
370.07,18.1,512.58,293.84
157.04,1,479.09,342.29
291.7,168.44,375.78,259.64
415.68,1,512.58,110.01
405.7,1,464.12,60.138
421.38,51.587,481.94,132.1
144.21,218.31,260.35,342.29
150.62,185.54,247.53,309.51
397.86,1,481.94,132.1
1,130.68,90.775,342.29
209.05,1,436.34,161.31
126.4,84.362,347.99,342.29
1,65.125,93.625,181.26
144.21,218.31,204.06,313.07
235.41,1,459.85,154.9
331.6,1,512.58,132.1
40.188,195.51,158.46,342.29
161.31,268.19,251.8,342.29
1,102.17,85.788,342.29
416.39,1,501.18,93.625
158.46,81.513,231.85,156.33
226.15,28.075,274.6,97.9
61.562,11.688,102.89,70.825
300.25,95.05,452.73,262.49
156.33,10.263,245.39,103.6
237.55,125.69,444.18,342.29
117.14,1,204.78,146.35
293.84,1,385.04,75.1
157.75,227.58,305.24,342.29
1,8.125,164.88,194.8
124.26,76.525,218.31,131.39
373.64,74.388,489.78,202.64
271.75,249.66,330.89,296.69
1,162.03,85.788,342.29
204.78,266.05,276.74,342.29
1,1,240.4,290.99
471.96,145.64,512.58,196.94
55.15,149.91,115.71,197.65
25.938,114.29,124.98,247.53
362.95,97.9,512.58,342.29
280.3,157.75,444.89,342.29
100.04,288.85,169.15,342.29
231.14,284.57,295.26,342.29
219.74,82.225,287.43,157.75
194.09,1,412.82,149.91
181.26,288.14,260.35,342.29
233.28,152.76,423.51,328.75
308.09,192.66,355.82,237.55
340.15,167.72,396.44,232.56
135.66,147.78,260.35,342.29
413.54,229.71,512.58,310.94
132.81,253.22,226.15,342.29
421.38,51.587,476.24,132.1
1,1,115.71,129.96
370.07,18.1,512.58,342.29
142.79,162.03,210.47,229.71
1,1,164.88,194.8
147.06,188.39,240.4,290.99
273.18,157.75,444.89,342.29
463.41,154.9,512.58,202.64
149.2,240.4,204.06,305.24
413.54,229.71,455.57,290.99
271.75,214.75,391.45,342.29
143.5,193.38,229,284.57
149.91,162.03,210.47,229.71
209.05,1,412.82,149.91
1,1,102.89,124.98
271.75,159.18,512.58,342.29
338.73,219.03,478.38,342.29
163.45,81.513,281.73,238.26
139.22,202.64,266.76,342.29
200.5,70.825,249.66,148.49
443.46,84.362,512.58,243.96
186.96,298.82,259.64,342.29
235.41,1,385.75,139.94
1,1,109.3,130.68
425.65,1,501.18,81.513
1,111.44,55.15,256.79
92.2,268.9,157.75,338.01
126.4,1,330.89,237.55
75.812,267.48,144.21,309.51
71.538,249.66,151.34,325.19
338.73,214.04,512.58,342.29
397.15,107.16,512.58,239.69
324.48,256.79,444.18,342.29
363.66,179.12,487.64,263.91
116.42,1,444.89,342.29
281.01,1,449.16,234.7
117.85,1,246.1,132.81
463.41,20.238,512.58,119.99
53.725,23.088,102.17,83.65
160.6,1,338.01,207.62
363.66,159.18,451.3,271.04
411.4,1,457,45.888
45.888,1,103.6,62.275
1,102.89,48.025,226.15
1,65.125,122.84,198.36
15.963,78.663,62.988,131.39
150.62,188.39,247.53,298.82
33.062,114.29,124.98,177.7
119.99,50.163,258.93,163.45
1,1,99.325,84.362
46.6,1,129.96,129.96
413.54,229.71,512.58,342.29
20.238,1,60.85,48.025
299.54,134.24,512.58,342.29
109.3,176.28,166.3,272.46
281.01,1,512.58,239.69
194.09,1,512.58,234.7
131.39,176.28,233.28,342.29
443.46,98.612,512.58,243.96
60.138,1,119.99,110.73
149.2,235.41,204.06,305.24
308.09,124.26,487.64,263.91
186.25,288.14,251.8,342.29
471.96,105.03,512.58,222.59
224.01,92.2,330.89,256.08
224.01,92.2,306.66,179.84
471.96,105.03,512.58,182.69
456.29,66.55,510.44,170.58
241.11,53.013,317.35,128.54
124.98,80.088,390.74,342.29
1,52.3,112.15,177.7
206.2,76.525,278.16,192.66
44.462,204.06,134.24,308.8
397.86,1,512.58,189.1
7.4125,23.088,110.01,130.68
397.15,1,470.54,67.263
186.25,1,459.85,202.64
124.98,85.788,359.39,342.29
257.5,75.812,339.44,176.28
116.42,1,512.58,263.91
318.78,133.53,382.9,191.24
1,84.362,56.575,157.75
117.14,1,201.93,90.775
471.96,105.03,512.58,150.62
149.2,235.41,191.95,285.29
137.09,50.163,189.81,97.9
397.15,1,512.58,171.29
324.48,284.57,390.74,342.29
154.9,1,385.04,207.62
248.24,53.013,317.35,139.94
364.38,44.462,466.98,147.78
335.88,226.86,512.58,342.29
363.66,145.64,512.58,342.29
268.19,214.75,367.94,315.93
39.475,9.55,103.6,61.562
194.09,1,274.6,97.9
103.6,105.03,166.3,272.46
363.66,159.18,451.3,263.91
124.26,76.525,359.39,342.29
460.56,35.913,512.58,99.325
132.81,188.39,179.12,271.75
422.09,167.72,501.18,233.99
1,92.913,90.775,342.29
324.48,268.9,444.18,342.29
363.66,256.79,444.18,342.29
119.28,1,293.84,229
1,1,122.84,198.36
462.7,17.387,512.58,144.21
223.3,263.91,290.28,342.29
135.66,201.93,260.35,342.29
368.65,74.388,512.58,262.49
62.275,62.988,164.88,194.8
40.188,199.08,92.2,342.29
124.98,80.088,352.26,342.29
1,9.55,62.988,84.362
17.387,112.86,76.525,176.28
299.54,100.75,498.32,263.91
318.78,95.05,452.73,262.49
395.01,80.8,457,186.25
182.69,1,432.06,157.75
200.5,70.825,293.84,229
5.275,1,103.6,69.4
197.65,221.16,295.26,342.29
363.66,102.89,512.58,342.29
109.3,176.28,288.85,342.29
164.88,268.19,224.72,335.88
154.9,1,338.01,207.62
137.8,152.76,210.47,229.71
90.062,116.42,210.47,243.96
460.56,1,512.58,43.038
90.062,1,142.79,147.06
186.96,300.25,266.76,342.29
443.46,66.55,512.58,243.96
328.75,1,512.58,194.09
363.66,173.43,437.05,263.91
429.21,82.225,512.58,171.29
25.938,105.74,70.112,147.78
149.2,1,209.05,70.112
216.89,82.938,334.45,211.19
463.41,65.125,512.58,119.99
434.2,246.1,512.58,342.29
397.86,18.1,512.58,224.72
194.09,1,386.46,234.7
209.05,1,315.21,128.54
436.34,33.062,501.18,93.625
127.11,81.513,364.38,342.29
436.34,33.062,479.09,89.35
256.79,123.55,300.25,172
231.14,284.57,288.85,342.29
124.26,92.913,347.99,342.29
160.6,268.19,251.8,342.29
271.75,197.65,381.48,296.69
1,63.7,112.15,177.7
324.48,214.04,512.58,342.29
136.38,188.39,276.74,342.29
131.39,176.28,196.94,246.81
402.85,137.8,512.58,215.46
394.3,80.8,457,186.25
1,52.3,149.2,241.83
131.39,176.28,196.94,263.91
422.09,190.53,503.31,257.5
164.88,82.225,262.49,192.66
179.84,70.825,258.93,182.69
165.59,86.5,264.62,209.76
298.11,197.65,381.48,287.43
264.62,144.93,444.89,342.29
159.89,268.19,204.06,313.07
161.31,268.19,224.01,330.18
231.85,150.62,285.29,254.65
116.42,1,278.16,192.66
63.7,201.21,162.03,342.29
150.62,188.39,288.85,342.29
413.54,201.93,496.19,294.55
397.15,2.425,512.58,119.99
59.425,144.93,110.01,191.24
154.9,1,206.2,56.575
66.55,176.28,276.74,342.29
394.3,102.89,440.61,152.05
331.6,1,440.61,95.763
10.263,63.7,74.388,118.56
413.54,201.93,496.19,329.46
1,102.89,92.2,342.29
231.85,125.69,330.89,256.08
1,102.89,124.98,256.79
117.14,5.9875,197.65,119.28
30.925,147.78,272.46,342.29
209.76,124.26,251.09,179.84
224.01,92.2,286.71,157.04
399.29,97.9,512.58,342.29
66.55,219.03,131.39,270.32
194.09,1,512.58,161.31
1,11.688,97.188,129.96
135.66,201.93,206.91,313.07
80.8,268.9,157.75,338.01
224.01,92.2,381.48,296.69
149.2,235.41,206.91,305.24
397.15,1,512.58,119.99
127.11,1,278.16,192.66
471.96,82.225,512.58,171.29
384.32,97.9,512.58,342.29
1,130.68,77.95,342.29
235.41,1,350.12,139.94
54.438,26.65,102.17,82.225
308.8,269.61,391.45,342.29
132.81,188.39,179.12,266.76
117.85,1,338.01,234.7
60.85,57.288,110.01,115.71
17.387,116.42,76.525,176.28
231.85,150.62,293.84,254.65
134.24,80.088,265.34,209.05
233.28,264.62,283.15,318.78
1,1,48.025,82.938
150.62,188.39,247.53,309.51
169.86,188.39,305.24,342.29
126.4,81.513,347.99,342.29
119.99,50.163,189.81,118.56
320.91,147.06,382.9,196.22
124.98,85.788,168.44,142.79
197.65,221.16,300.96,342.29
124.26,105.03,166.3,179.84
400.71,250.38,467.69,329.46
68.688,200.5,125.69,246.81
7.4125,63.7,74.388,130.68
299.54,173.43,437.05,263.91
131.39,176.28,172.71,243.96
233.28,152.76,445.6,342.29
1,75.1,69.4,181.26
1,1,62.988,84.362
50.163,124.98,115.71,197.65
124.26,92.913,512.58,342.29
188.39,1,385.04,131.39
102.89,119.99,148.49,180.55
365.09,48.025,427.79,144.21
362.95,246.1,403.56,292.41
25.938,102.17,74.388,147.78
164.88,278.16,251.8,342.29
103.6,105.03,169.15,342.29
231.85,139.94,293.84,229
256.08,1,318.78,59.425
436.34,53.013,476.95,129.25
271.04,1,385.04,112.15
397.15,1,464.12,60.138
419.95,1,512.58,171.29
1,1,109.3,182.69
194.09,1,313.07,139.94
300.25,44.462,466.98,172.71
338.73,15.25,512.58,342.29
26.65,115.71,75.812,245.39
10.263,11.688,87.925,100.04
137.8,144.93,210.47,229.71
161.31,1,459.85,223.3
124.26,105.03,300.96,342.29
1,1,110.01,130.68
116.42,1,359.39,342.29
200.5,70.825,258.93,182.69
134.95,188.39,206.91,312.36
456.29,66.55,512.58,170.58
59.425,195.51,118.56,245.39
25.938,52.3,149.2,241.83
129.96,139.22,191.95,211.19
161.31,268.19,260.35,342.29
327.32,284.57,390.74,332.31
464.12,77.95,512.58,131.39
33.062,38.763,110.01,124.98
33.062,158.46,169.15,342.29
335.88,256.08,444.89,342.29
280.3,216.89,422.8,342.29
160.6,270.32,219.03,330.18
164.88,82.225,327.32,288.85
131.39,176.28,179.84,243.96
429.21,1,512.58,99.325
299.54,119.99,498.32,263.91
124.98,87.213,352.26,342.29
471.96,110.01,512.58,262.49
338.73,233.28,381.48,286.71
116.42,1,190.53,119.28
124.26,105.03,171.29,192.66
117.14,1,245.39,119.28
308.09,124.26,397.15,195.51
143.5,193.38,229,293.84
194.09,1,417.1,234.7
343,87.213,414.25,161.31
281.01,100.04,386.46,234.7
397.15,1,512.58,239.69
160.6,271.04,219.03,342.29
158.46,81.513,218.31,131.39
1,84.362,56.575,182.69
1,208.34,76.525,342.29
301.68,252.51,397.15,332.31
160.6,270.32,229,342.29
407.12,1,464.12,60.138
299.54,175.56,362.24,242.54
24.512,1,113.58,115
242.54,1,385.04,131.39
72.963,246.1,129.96,290.99
464.12,1,512.58,119.99
272.46,214.04,327.32,288.85
331.6,1,398.57,41.613
370.79,255.36,479.09,342.29
160.6,270.32,251.8,342.29
31.637,1,103.6,61.562
1,92.2,90.775,342.29
33.062,160.6,162.03,342.29
300.25,1,470.54,172.71
1,65.125,69.4,181.26
65.838,260.35,123.55,342.29
223.3,263.91,295.26,342.29
10.263,63.7,74.388,130.68
308.09,1,476.95,274.6
367.94,51.587,476.95,204.78
31.637,1,110.01,115.71
92.2,293.12,146.35,338.01
1,26.65,109.3,129.96
124.98,85.788,352.26,342.29
137.8,144.93,181.26,208.34
1,102.89,55.15,256.79
160.6,271.04,219.03,335.88
1,1,97.188,129.96
155.61,256.79,229,342.29
377.2,53.013,476.95,174.14
10.263,11.688,97.188,123.55
121.41,50.163,190.53,119.28
117.14,1,287.43,175.56
384.32,254.65,512.58,342.29
275.31,199.79,381.48,273.89
199.79,96.475,241.11,148.49
293.84,1,385.75,112.15
176.99,82.938,226.15,139.22
66.55,206.91,229,342.29
448.45,281.73,512.58,342.29
399.29,196.94,512.58,342.29
80.088,268.9,157.75,338.01
272.46,214.04,422.8,342.29
199.79,96.475,265.34,184.11
400.71,214.04,512.58,342.29
416.39,1,512.58,93.625
168.44,266.05,276.74,342.29
1,17.387,157.75,342.29
37.337,114.29,93.625,163.45
173.43,77.95,265.34,184.11
397.86,44.462,496.19,189.1
186.96,214.04,233.28,267.48
119.28,1,444.18,342.29
169.86,188.39,300.96,342.29
368.65,74.388,489.78,208.34
255.36,53.013,317.35,128.54
160.6,178.41,300.96,342.29
157.75,268.19,260.35,342.29
135.66,10.975,201.93,56.575
25.938,115.71,75.812,245.39
464.84,110.01,512.58,243.96
170.58,286,233.99,335.88
176.99,278.16,224.01,327.32
121.41,50.163,204.78,146.35
383.61,255.36,454.86,342.29
338.01,1,396.44,41.613
205.49,18.812,288.85,103.6
75.812,251.09,162.03,342.29
66.55,249.66,151.34,325.19
246.81,156.33,329.46,243.25
273.18,222.59,342.29,290.99
118.56,1,258.93,164.88
397.86,123.55,481.23,189.1
417.81,1,501.18,93.625
413.54,203.35,512.58,342.29
179.84,85.075,232.56,149.2
209.05,1,414.25,161.31
109.3,176.28,152.05,272.46
49.45,228.29,92.2,273.89
395.01,82.225,449.16,124.26
377.2,125.69,417.81,174.14
186.25,296.69,229,342.29
186.96,298.82,251.09,342.29
164.88,288.85,233.28,342.29
85.075,270.32,146.35,338.01
383.61,226.86,512.58,342.29
64.412,176.99,120.7,247.53
30.925,114.29,120.7,215.46
397.86,1,464.12,60.138
214.75,248.95,295.26,342.29
182.69,1,385.04,188.39
1,209.05,76.525,342.29
232.56,151.34,286.71,259.64
116.42,1,282.44,221.16
205.49,82.938,330.89,237.55
443.46,98.612,491.2,184.83
159.89,266.05,204.06,313.07
409.98,10.975,470.54,77.95
124.26,76.525,265.34,209.76
131.39,176.28,207.62,307.38
282.44,157.75,327.32,202.64
20.238,1,115.71,107.88
315.93,199.08,444.89,342.29
92.2,268.9,146.35,338.01
463.41,59.425,512.58,119.99
443.46,119.99,484.07,184.83
85.075,268.9,157.75,338.01
164.88,82.225,330.89,237.55
419.95,1,512.58,170.58
273.18,222.59,355.11,290.99
58.712,1,103.6,62.275
33.062,162.74,120.7,215.46
13.113,78.663,62.988,131.39
397.86,137.8,512.58,215.46
328.75,1,455.57,194.09
170.58,286,224.72,335.88
17.387,63.7,112.15,176.28
30.925,114.29,93.625,178.41
93.625,17.387,148.49,180.55
127.11,92.913,347.99,342.29
335.16,1,436.34,95.763
425.65,1,501.18,93.625
464.12,18.1,512.58,101.46
159.89,178.41,304.53,342.29
328.75,87.213,414.96,194.09
422.09,154.9,512.58,257.5
409.98,1,464.12,60.138
154.9,1,212.61,65.125
169.86,188.39,278.88,314.5
93.625,17.387,240.4,290.99
149.2,233.99,206.91,313.07
171.29,194.8,233.28,267.48
186.25,1,362.95,202.64
116.42,1,164.16,59.425
233.99,122.12,287.43,175.56
1,8.125,86.5,101.46
260.35,129.96,306.66,179.84
22.375,1,110.01,115.71
28.788,1,115.71,102.89
85.075,293.84,158.46,335.88
1,113.58,92.2,342.29
135.66,201.93,179.84,263.91
60.138,1,115.71,84.362
33.062,23.088,110.01,124.98
18.1,80.8,157.75,342.29
31.637,1,103.6,66.55
308.09,256.79,445.6,342.29
246.81,134.95,329.46,243.25
15.963,78.663,59.425,131.39
324.48,1,432.06,85.788
122.12,1,293.84,229
439.9,20.238,512.58,119.99
324.48,284.57,390.74,332.31
452.01,66.55,510.44,170.58
241.11,279.59,304.53,342.29
177.7,65.125,330.89,234.7
338.73,24.512,512.58,342.29
53.725,53.013,100.04,96.475
13.825,76.525,75.1,129.96
149.2,235.41,207.62,305.95
372.21,1,432.06,85.788
114.29,223.3,178.41,338.73
350.84,268.19,423.51,328.75
15.963,71.538,74.388,172
417.81,1,499.75,55.863
465.55,97.9,512.58,239.69
119.99,50.163,190.53,118.56
159.89,178.41,274.6,309.51
397.86,1,464.12,77.237
216.89,82.938,334.45,234.7
226.86,258.93,274.6,309.51
299.54,134.24,490.49,263.91
1,1,48.025,84.362
324.48,1,432.06,157.75
25.938,115.71,84.362,245.39
441.32,226.15,512.58,342.29
46.6,167.72,120.7,247.53
429.21,1,471.25,45.175
164.88,276.03,224.72,335.88
126.4,137.8,300.96,342.29
131.39,176.28,219.03,330.18
403.56,10.975,480.51,99.325
85.075,270.32,148.49,338.01
139.22,202.64,179.84,266.76
44.462,204.06,169.15,342.29
48.738,1,115.71,102.89
331.6,1,439.19,70.825
118.56,1,334.45,234.7
124.98,97.9,171.29,191.95
38.763,226.86,92.2,316.64
157.75,268.19,290.28,342.29
422.09,190.53,501.89,257.5
1,45.888,169.15,342.29
256.08,1,385.75,112.15
1,208.34,92.2,342.29
301.68,252.51,397.15,337.3
154.19,1,353.69,226.15
271.04,1,327.32,59.425
154.19,1,206.2,56.575
301.68,252.51,396.44,332.31
370.07,173.43,512.58,342.29
139.22,202.64,206.91,288.85
56.575,195.51,118.56,245.39
328.75,80.8,457,214.75
368.65,74.388,489.78,202.64
1,1,149.2,241.83
404.99,123.55,471.96,189.1
1,130.68,85.075,342.29
466.26,1,512.58,110.01
328.75,46.6,459.85,154.9
188.39,1,432.06,157.75
117.85,1,223.3,119.28
400.71,291.7,446.31,342.29
466.26,63.7,512.58,110.01
419.95,37.337,484.07,140.65
117.85,1,201.93,161.31
273.18,222.59,383.61,290.99
154.19,1,214.04,71.538
291.7,168.44,339.44,216.89
205.49,65.838,246.1,132.81
165.59,293.12,213.33,335.88
194.09,1,436.34,161.31
18.1,78.663,62.988,127.11
46.6,195.51,132.1,290.99
30.925,144.21,120.7,215.46
318.78,133.53,382.9,196.22
181.97,87.213,252.51,172
237.55,125.69,330.89,256.08
448.45,276.03,512.58,342.29
181.26,297.4,233.28,342.29
1,11.688,109.3,129.96
324.48,1,476.95,174.14
153.47,1,206.2,56.575
311.65,194.8,375.78,259.64
413.54,203.35,512.58,312.36
154.9,256.79,204.06,305.24
363.66,268.9,444.18,342.29
271.75,222.59,342.29,296.69
445.6,1,512.58,171.29
246.81,134.95,329.46,252.51
425.65,1,492.62,68.688
364.38,48.025,412.82,94.338
465.55,97.9,512.58,230.43
324.48,276.03,390.74,342.29
54.438,26.65,102.17,83.65
82.938,250.38,158.46,338.01
20.238,1,92.913,48.025
406.41,134.24,512.58,262.49
208.34,267.48,276.74,342.29
36.625,9.55,103.6,61.562
159.89,266.05,207.62,307.38
204.06,227.58,305.24,342.29
103.6,129.25,164.88,194.8
399.29,196.94,509.01,329.46
45.175,216.89,87.925,333.03
164.88,278.16,260.35,342.29
209.05,1,362.95,202.64
60.85,60.85,113.58,115
405.7,1,457,45.888
332.31,280.3,396.44,332.31
427.79,67.975,484.07,140.65
66.55,223.3,131.39,268.9
380.76,84.362,427.79,124.98
209.05,1,317.35,128.54
397.86,1,458.43,48.025
164.88,278.16,253.22,342.29
231.14,35.913,288.85,103.6
280.3,215.46,404.28,295.26
370.79,1,439.19,70.825
20.238,1,142.79,107.88
66.55,219.03,132.1,290.99
1,92.913,48.025,226.15
283.86,162.74,381.48,271.04
33.062,38.763,86.5,101.46
17.387,102.89,73.675,172
460.56,35.913,512.58,98.612
154.19,1,206.91,60.138
255.36,146.35,329.46,233.99
206.91,235.41,274.6,309.51
392.16,137.8,490.49,196.94
1,1,102.89,119.99
215.46,22.375,313.07,139.94
1,65.125,110.01,198.36
194.09,1,234.7,47.312
414.96,24.512,512.58,144.21
118.56,1,236.84,102.17
30.925,147.78,74.388,197.65
38.05,1,103.6,62.275
85.075,293.12,146.35,338.01
44.462,204.06,157.75,342.29
119.99,50.163,199.08,161.31
115.71,236.12,162.03,293.12
194.09,1,288.85,103.6
164.88,278.16,233.28,342.29
33.062,160.6,157.75,342.29
114.29,231.14,169.15,338.73
149.2,1,189.81,41.613
335.88,256.08,410.69,342.29
232.56,151.34,286,238.26
182.69,1,250.38,66.55
232.56,151.34,275.31,214.04
308.09,256.79,404.28,328.75
149.91,162.03,194.09,219.03
71.538,249.66,151.34,323.76
308.09,124.26,409.26,274.6
247.53,139.94,330.89,234.7
85.075,231.14,169.15,342.29
64.412,185.54,162.03,293.12
126.4,137.8,171.29,191.95
308.8,269.61,391.45,331.6
397.15,97.9,512.58,239.69
242.54,1,350.12,131.39
190.53,85.075,287.43,220.45
239.69,164.88,327.32,288.85
471.96,102.89,512.58,182.69
117.14,1,221.16,119.28
452.01,1,512.58,170.58
223.3,263.91,271.75,318.78
432.06,51.587,476.24,96.475
238.97,273.18,305.24,342.29
143.5,193.38,276.74,342.29
419.95,59.425,481.94,144.93
160.6,268.19,272.46,342.29
256.08,1,327.32,59.425
41.613,144.93,110.01,197.65
238.26,271.04,278.88,314.5
367.94,80.8,457,214.75
209.05,1,263.2,73.675
216.89,82.938,318.06,201.21
465.55,84.362,512.58,144.21
343,88.638,414.25,161.31
132.1,176.28,276.74,342.29
129.96,139.22,300.96,342.29
139.22,202.64,233.99,342.29
397.86,44.462,481.23,189.1
75.812,267.48,151.34,323.76
335.88,240.4,444.89,342.29
437.05,48.738,512.58,144.21
370.79,255.36,454.86,342.29
102.89,17.387,148.49,180.55
308.09,124.26,397.15,234.7
331.6,1,391.45,42.325
53.725,53.013,105.74,102.89
464.12,18.1,512.58,77.95
409.98,10.975,469.11,77.237
139.22,202.64,191.95,285.29
273.18,222.59,444.18,342.29
318.78,178.41,409.26,274.6
422.09,157.75,501.18,233.99
219.03,132.1,275.31,214.04
176.99,70.825,258.93,163.45
17.387,112.15,76.525,176.28
464.84,145.64,512.58,243.96
139.22,202.64,229,342.29
56.575,202.64,111.44,248.24
92.2,294.55,146.35,338.01
1,1,113.58,119.99
50.163,124.98,112.15,176.99
154.9,256.79,204.06,313.07
233.28,264.62,300.96,342.29
364.38,46.6,448.45,144.21
17.387,63.7,112.15,177.7
1,75.1,90.775,181.26
47.312,246.81,90.775,342.29
53.725,53.013,106.45,102.89
271.75,159.18,409.26,342.29
462.7,77.95,512.58,144.21
364.38,44.462,466.98,107.88
167.01,10.263,245.39,103.6
364.38,46.6,420.66,98.612
463.41,18.1,512.58,137.8
384.32,250.38,479.09,342.29
445.6,276.03,512.58,342.29
163.45,81.513,226.15,139.22
126.4,140.65,171.29,191.95
465.55,97.9,512.58,222.59
33.062,114.29,124.98,247.53
70.825,201.21,131.39,246.81
170.58,286,233.99,342.29
1,45.888,112.15,177.7
283.15,157.75,331.6,204.78
149.2,1,222.59,85.075
334.45,91.487,388.6,157.75
117.85,1,245.39,161.31
176.99,278.16,233.28,342.29
255.36,295.26,304.53,342.29
248.24,53.013,315.21,128.54
157.75,235.41,206.91,290.28
157.75,235.41,201.21,290.28
338.73,1,455.57,194.09
363.66,167.72,434.2,263.91
127.11,1,211.19,103.6
13.825,26.65,109.3,129.96
413.54,221.88,512.58,310.94
206.91,235.41,304.53,342.29
363.66,179.12,422.8,263.91
315.21,48.025,427.79,157.75
249.66,285.29,305.24,342.29
278.88,247.53,346.56,295.98
414.96,24.512,479.09,89.35
275.31,199.79,423.51,328.75
421.38,51.587,476.24,96.475
164.88,82.225,287.43,220.45
318.78,133.53,387.89,237.55
70.825,200.5,125.69,246.1
363.66,135.66,474.1,263.91
33.062,160.6,179.84,342.29
337.3,235.41,383.61,287.43
394.3,51.587,476.24,186.25
443.46,98.612,506.88,184.83
370.79,203.35,512.58,342.29
62.275,67.263,109.3,124.98
13.825,76.525,63.7,129.96
301.68,253.94,391.45,342.29
154.9,253.22,206.91,313.07
374.35,268.19,445.6,342.29
463.41,72.25,512.58,137.8
168.44,288.85,233.28,342.29
154.19,1,209.05,70.112
156.33,42.325,211.19,103.6
416.39,1,501.18,102.89
417.81,1,512.58,93.625
248.24,168.44,340.15,308.09
445.6,1,512.58,137.8
338.73,87.213,414.96,194.09
376.49,46.6,448.45,119.28
216.89,82.938,287.43,159.18
424.94,1,512.58,110.01
149.2,233.99,196.94,291.7
312.36,159.18,409.26,274.6
117.85,7.4125,190.53,119.28
280.3,156.33,404.28,295.26
363.66,179.12,418.53,263.91
463.41,72.25,512.58,119.99
273.18,235.41,342.29,290.99
129.96,139.22,171.29,192.66
338.73,1,439.19,96.475
71.538,250.38,158.46,338.01
1,189.1,77.95,342.29
384.32,226.86,479.09,342.29
251.8,160.6,293.84,229
114.29,206.91,191.24,338.73
397.86,18.1,512.58,215.46
264.62,144.93,404.28,295.26
206.2,112.15,252.51,172
63.7,201.21,145.64,293.84
266.05,88.638,350.84,188.39
397.15,107.16,512.58,224.72
423.51,37.337,469.11,90.062
48.738,64.412,109.3,123.55
370.07,1,433.49,90.062
271.04,156.33,329.46,233.99
380.76,80.8,455.57,124.98
301.68,252.51,346.56,295.98
376.49,46.6,420.66,98.612
271.75,214.75,381.48,296.69
65.838,260.35,123.55,318.78
413.54,221.88,512.58,312.36
419.95,44.462,466.98,107.88
417.1,30.213,462.7,77.237
90.062,116.42,162.74,194.8
142.79,147.78,223.3,246.1
163.45,70.825,226.15,139.22
400.71,226.86,461.28,312.36
147.06,188.39,217.6,261.78
406.41,184.83,501.89,257.5
394.3,102.89,440.61,160.6
191.95,85.075,258.93,163.45
422.09,177.7,487.64,222.59
373.64,74.388,459.85,202.64
21.663,1,113.58,115
33.062,162.74,131.39,270.32
121.41,50.163,191.95,119.28
271.75,159.18,445.6,342.29
239.69,164.88,288.14,231.14
397.86,126.4,489.78,200.5
30.925,45.888,87.925,100.04
56.575,200.5,125.69,248.24
209.05,1,264.62,62.275
149.2,235.41,191.95,289.56
64.412,185.54,120.7,247.53
64.412,167.72,120.7,247.53
143.5,193.38,189.1,238.97
205.49,11.688,264.62,73.675
308.09,256.79,382.19,315.93
233.99,1,385.04,144.93
425.65,1,501.18,68.688
411.4,1,464.12,60.138
169.86,188.39,291.7,328.75
66.55,219.03,132.1,270.32
90.062,124.98,162.74,194.8
417.1,30.213,495.48,164.16
154.9,254.65,206.91,305.24
193.38,1,315.21,128.54
424.94,1,512.58,93.625
1,68.688,90.775,181.26
308.09,124.26,397.15,232.56
144.21,218.31,221.16,330.18
313.79,215.46,367.94,282.44
404.99,137.8,512.58,203.35
471.96,145.64,512.58,222.59
127.11,1,201.93,56.575
1,17.387,149.2,241.83
82.938,250.38,144.93,311.65
33.062,144.21,120.7,215.46
64.412,185.54,134.24,281.73
413.54,229.71,469.82,292.41
313.79,215.46,362.24,282.44
38.05,1,103.6,69.4
380.76,80.8,455.57,147.78
413.54,205.49,512.58,303.81
308.09,256.79,359.39,315.93
369.36,127.83,419.24,173.43
281.01,100.04,386.46,220.45
429.21,1,491.2,93.625
429.21,1,502.6,45.175
60.85,60.85,113.58,109.3
324.48,276.03,390.74,332.31
403.56,293.12,447.74,342.29
338.73,82.225,455.57,194.09
251.8,160.6,293.84,229.71
393.59,80.8,457,186.25
403.56,10.975,466.98,77.95
268.19,239.69,340.15,308.09
190.53,211.9,242.54,271.04
304.53,269.61,391.45,342.29
415.68,1,512.58,93.625
169.86,188.39,251.09,280.3
233.28,152.76,286,226.15
24.512,1,103.6,62.275
421.38,59.425,495.48,164.16
118.56,1,223.3,102.17
350.12,175.56,394.3,232.56
370.07,1,449.16,124.26
198.36,112.86,281.73,238.26
20.238,1,94.338,48.025
41.613,144.93,110.01,196.94
19.525,63.7,74.388,118.56
17.387,63.7,76.525,176.28
34.488,125.69,169.15,342.29
359.39,283.86,444.89,342.29
300.25,86.5,402.85,172.71
48.738,26.65,109.3,123.55
48.738,46.6,105.03,102.89
1,71.538,74.388,172
360.1,298.11,434.2,342.29
204.78,114.29,251.09,179.84
38.05,114.29,115.71,197.65
397.15,107.16,512.58,203.35
422.09,146.35,512.58,257.5
412.11,82.938,459.85,144.93
168.44,298.11,220.45,342.29
160.6,178.41,242.54,271.04
161.31,268.19,224.72,342.29
46.6,195.51,125.69,248.24
332.31,278.16,391.45,331.6
417.81,8.8375,464.12,60.138
447.74,108.59,496.19,162.74
416.39,1,498.32,93.625
118.56,1,258.93,163.45
26.65,145.64,75.812,245.39
170.58,276.03,224.72,335.88
191.95,85.788,243.96,155.61
324.48,1,444.89,157.75
85.075,293.84,158.46,338.01
65.125,122.84,110.01,167.01
65.125,202.64,131.39,270.32
188.39,1,265.34,89.35
304.53,275.31,391.45,342.29
447.74,108.59,506.16,171.29
114.29,206.91,178.41,338.73
367.94,51.587,476.24,204.78
46.6,144.21,90.062,196.94
463.41,75.812,505.45,137.8
215.46,22.375,263.2,73.675
400.71,205.49,512.58,329.46
275.31,216.89,322.34,264.62
201.21,85.075,258.93,163.45
121.41,50.163,191.24,119.28
219.74,82.225,260.35,127.83
208.34,288.14,251.8,342.29
293.84,1,459.85,154.9
233.28,152.76,286,238.26
122.12,53.725,197.65,119.28
33.062,114.29,124.98,197.65
464.12,18.1,512.58,85.075
360.1,298.11,421.38,342.29
158.46,81.513,265.34,209.05
280.3,214.75,327.32,263.91
161.31,18.812,241.83,104.31
198.36,112.86,261.78,192.66
320.91,134.24,490.49,204.78
1,1,110.73,129.96
322.34,178.41,396.44,262.49
408.55,82.938,459.85,146.35
161.31,18.812,221.16,80.088
280.3,250.38,346.56,315.93
323.05,202.64,375.78,259.64
349.41,179.12,487.64,263.91
304.53,275.31,352.26,329.46
383.61,226.86,461.28,342.29
328.75,87.213,414.25,161.31
464.12,1,512.58,101.46
169.15,21.663,221.16,80.8
1,189.1,76.525,342.29
200.5,76.525,287.43,175.56
315.93,199.79,381.48,271.04
397.86,167.72,441.32,224.72
332.31,284.57,390.74,332.31
65.125,202.64,111.44,248.24
190.53,85.075,251.09,167.01
338.01,1,436.34,95.763
114.29,231.14,169.15,342.29
409.98,10.975,469.11,77.95
155.61,256.79,204.06,307.38
358.68,288.85,444.89,342.29
226.15,28.075,313.07,139.94
177.7,65.125,258.93,163.45
117.85,1,160.6,83.65
146.35,1,211.19,103.6
149.2,1,245.39,104.31
11.688,123.55,62.988,273.18
253.22,285.29,305.24,342.29
367.94,124.26,439.9,204.78
337.3,235.41,380.05,287.43
168.44,298.11,224.01,342.29
53.725,29.5,102.17,83.65
422.09,167.72,487.64,222.59
164.88,288.14,251.8,342.29
283.86,159.18,409.26,274.6
419.95,37.337,486.21,140.65
182.69,1,315.21,128.54
117.85,1,201.93,83.65
24.512,1,113.58,109.3
454.86,5.275,512.58,54.438
204.06,227.58,273.89,308.8
149.2,233.99,191.95,291.7
431.35,154.9,490.49,196.22
377.2,82.938,459.85,174.14
340.15,278.16,390.74,320.2
247.53,45.888,315.21,128.54
224.72,253.22,273.89,308.8
119.99,49.45,190.53,119.28
38.763,226.86,92.2,342.29
278.88,247.53,327.32,288.85
144.93,218.31,195.51,266.76
103.6,129.25,144.21,191.24
75.812,283.15,159.89,342.29
137.8,144.93,178.41,190.53
82.938,250.38,144.21,311.65
413.54,201.93,509.01,329.46
397.86,154.19,441.32,224.72
255.36,53.013,315.21,128.54
404.99,126.4,483.36,200.5
333.74,1,439.19,96.475
404.28,293.12,446.31,342.29
174.85,194.09,223.3,246.1
13.825,80.8,62.988,130.68
427.79,67.975,474.81,132.1
338.01,1,398.57,41.613
194.09,1,240.4,47.312
230.43,149.2,287.43,220.45
471.96,145.64,512.58,199.79
255.36,47.312,315.21,128.54
315.21,64.412,388.6,157.75
463.41,1,512.58,137.8
82.938,262.49,144.21,311.65
142.79,147.78,304.53,342.29
452.01,119.99,496.19,162.74
450.59,98.612,491.2,164.88
338.73,87.213,455.57,194.09
157.75,253.22,226.15,320.2
266.05,208.34,330.89,296.69
466.98,84.362,512.58,144.21
114.29,206.91,229,342.29
377.2,122.12,419.24,174.14
33.062,158.46,131.39,270.32
237.55,125.69,381.48,287.43
234.7,272.46,295.26,342.29
332.31,280.3,422.8,342.29
155.61,253.94,207.62,305.95
280.3,214.75,367.94,282.44
85.075,206.91,229,342.29
33.062,160.6,129.96,263.91
164.88,82.225,238.97,164.16
397.15,107.16,455.57,147.78
429.21,1,512.58,54.438
299.54,175.56,396.44,262.49
126.4,84.362,199.08,161.31
48.738,125.69,124.98,177.7
373.64,115,426.36,181.97
231.85,150.62,275.31,214.04
234.7,272.46,281.01,324.48
411.4,1,458.43,48.025
90.062,62.988,164.88,194.8
338.73,67.975,455.57,194.09
462.7,77.95,512.58,131.39
144.21,218.31,202.64,305.24
177.7,65.125,287.43,208.34
164.88,298.11,220.45,342.29
397.15,2.425,442.75,54.438
471.96,105.03,512.58,159.18
421.38,59.425,481.94,144.93
85.075,270.32,168.44,342.29
156.33,41.613,221.16,103.6
82.938,262.49,147.78,318.06
471.96,105.03,512.58,156.33
216.89,112.86,262.49,162.03
1,75.1,72.963,181.26
450.59,119.99,491.2,164.88
10.263,11.688,97.188,129.96
209.05,1,257.5,51.587
64.412,185.54,132.1,267.48
454.86,5.275,498.32,54.438
33.062,114.29,93.625,177.7
44.462,204.06,92.2,308.8
181.26,289.56,222.59,342.29
338.01,1,399.29,50.163
144.93,218.31,206.91,312.36
391.45,15.963,435.62,96.475
126.4,1,223.3,102.89
232.56,150.62,275.31,214.04
310.94,121.41,359.39,167.72
338.01,1,432.06,85.788
361.53,87.213,402.85,149.91
256.79,1,385.04,112.15
157.75,271.04,199.08,320.2
419.95,44.462,476.95,132.1
404.99,135.66,471.25,182.69
48.738,46.6,105.74,102.89
404.99,137.8,465.55,189.1
48.738,64.412,98.612,123.55
338.73,1,402.85,42.325
471.96,105.03,512.58,166.3
300.25,124.98,350.12,172.71
1,161.31,85.788,342.29
161.31,270.32,221.16,330.18
92.2,270.32,146.35,338.01
77.95,125.69,124.98,172.71
135.66,10.975,183.4,56.575
422.09,145.64,512.58,257.5
109.3,159.18,240.4,290.99
424.94,1,498.32,93.625
128.54,251.09,169.15,342.29
374.35,268.19,423.51,318.78
1,71.538,110.01,180.55
471.96,105.03,512.58,181.26
1,114.29,56.575,253.94
359.39,283.86,403.56,332.31
118.56,1,190.53,69.4
188.39,1,263.2,73.675
352.26,240.4,404.28,295.26
174.85,194.09,274.6,309.51
266.05,82.225,313.07,139.94
397.86,126.4,483.36,200.5
169.86,188.39,236.12,265.34
437.05,48.738,479.09,89.35
154.9,256.79,202.64,305.24
206.91,235.41,257.5,288.85
413.54,205.49,496.19,292.41
271.04,1,318.78,48.025
320.91,134.24,415.68,204.78
127.11,1,201.93,72.25
339.44,288.14,391.45,331.6
391.45,15.25,439.19,70.825
149.2,233.99,202.64,305.24
384.32,262.49,479.09,342.29
300.25,113.58,359.39,172.71
124.26,85.788,168.44,146.35
370.79,1,421.38,58.712
314.5,48.025,427.79,157.75
369.36,115,419.24,173.43
211.9,97.188,258.93,163.45
413.54,205.49,496.19,290.99
308.09,124.26,397.15,209.05
255.36,60.138,315.21,128.54
360.1,268.19,445.6,342.29
280.3,216.89,324.48,263.91
144.93,218.31,195.51,288.85
127.11,1,223.3,102.17
118.56,1,160.6,53.013
214.75,248.95,281.01,324.48
186.25,1,264.62,73.675
68.688,201.21,131.39,246.81
300.25,121.41,359.39,188.39
318.78,133.53,378.62,191.24
335.88,276.74,390.74,342.29
124.26,76.525,204.78,146.35
369.36,95.05,452.73,173.43
462.7,20.238,512.58,144.21
233.28,152.76,295.26,226.15
209.76,233.28,256.79,287.43
338.73,1,435.62,96.475
308.09,124.26,397.15,204.78
165.59,86.5,265.34,209.76
182.69,1,242.54,61.562
157.75,253.22,211.19,320.2
206.2,76.525,262.49,162.03
256.79,1,318.78,48.025
300.25,121.41,362.95,202.64
200.5,76.525,260.35,133.53
373.64,115,434.2,202.64
372.21,298.11,421.38,342.29
1,71.538,84.362,180.55
149.2,1,221.16,80.088
307.38,1,385.04,75.1
28.788,1,103.6,62.275
49.45,226.86,92.2,273.89
149.2,240.4,191.24,285.29
33.062,160.6,75.812,245.39
248.24,65.838,309.51,139.94
275.31,214.75,365.09,281.73
337.3,288.14,391.45,342.29
275.31,214.75,360.1,273.89
318.78,95.05,452.73,237.55
271.04,1,380.05,112.15
328.75,46.6,448.45,154.9
336.59,142.08,397.15,195.51
63.7,233.99,145.64,293.84
308.09,124.26,352.98,177.7
373.64,92.913,439.9,202.64
406.41,184.83,468.4,231.14
338.73,147.06,382.9,196.22
275.31,214.75,381.48,286.71
350.84,268.19,423.51,318.78
392.16,137.8,456.29,196.94
1,65.125,110.01,180.55
324.48,1,399.29,50.163
336.59,276.74,390.74,318.06
128.54,176.28,240.4,290.99
281.01,156.33,355.82,237.55
186.96,301.68,247.53,342.29
161.31,268.19,224.72,331.6
434.2,140.65,483.36,200.5
365.8,95.05,452.73,189.1
425.65,1,492.62,48.025
404.99,123.55,481.23,189.1
429.21,1,498.32,93.625
471.96,82.225,512.58,164.16
266.05,88.638,326.61,159.89
209.76,233.28,305.24,342.29
182.69,1,265.34,89.35
416.39,268.9,461.28,312.36
409.98,1,455.57,48.738
435.62,205.49,496.19,283.86
1,71.538,76.525,180.55
334.45,86.5,402.85,154.9
266.05,88.638,339.44,176.28
419.95,67.975,484.07,140.65
465.55,80.088,512.58,131.39
233.99,1,385.04,131.39
188.39,2.425,242.54,61.562
257.5,75.812,326.61,159.89
75.812,267.48,144.21,313.07
223.3,284.57,272.46,328.04
340.15,278.16,390.74,331.6
15.963,71.538,74.388,121.41
410.69,44.462,466.98,107.88
280.3,215.46,362.24,282.44
409.26,74.388,459.85,144.93
134.24,95.05,352.26,342.29
161.31,270.32,221.16,331.6
300.25,125.69,350.84,188.39
300.25,175.56,342.29,216.18
370.79,134.24,415.68,204.78
429.21,98.612,481.23,163.45
311.65,214.75,365.09,281.73
404.99,126.4,448.45,182.69
271.04,172,329.46,233.99
248.24,53.013,317.35,128.54
365.09,48.025,427.79,112.86
124.26,76.525,177.7,119.28
413.54,201.93,496.19,290.99
143.5,193.38,219.03,273.18
275.31,97.188,362.95,202.64
365.09,48.025,427.79,124.98
364.38,46.6,412.82,94.338
154.9,254.65,206.91,312.36
422.09,185.54,487.64,231.14
191.95,85.788,258.93,163.45
217.6,82.225,260.35,133.53
377.2,80.8,459.85,174.14
311.65,214.75,365.09,273.89
464.12,18.1,510.44,79.375
60.85,255.36,157.75,342.29
271.04,1,327.32,48.025
338.73,1,391.45,42.325
161.31,270.32,222.59,342.29
66.55,223.3,130.68,268.9
399.29,185.54,487.64,251.09
336.59,147.78,378.62,191.24
349.41,183.4,396.44,237.55
160.6,271.04,229,342.29
149.2,240.4,191.24,288.85
419.95,44.462,477.66,132.1
404.99,126.4,449.16,182.69
299.54,175.56,342.29,216.18
377.2,115,426.36,174.14
17.387,114.29,73.675,172
438.48,38.05,490.49,93.625
161.31,270.32,229,342.29
369.36,115,448.45,173.43
155.61,256.79,219.03,342.29
441.32,254.65,512.58,342.29
364.38,48.025,412.82,124.98
169.15,294.55,216.89,342.29
364.38,48.025,412.82,144.21
328.75,48.025,427.79,157.75
328.75,91.487,388.6,157.75
119.99,73.675,164.16,118.56
256.79,1,318.78,59.425
328.75,86.5,379.34,154.9
33.062,160.6,75.812,212.61
58.712,13.113,103.6,62.275
67.263,198.36,117.14,247.53
363.66,167.72,440.61,263.91
334.45,86.5,379.34,154.9
193.38,301.68,247.53,342.29
209.76,124.26,265.34,199.79
404.99,137.8,456.29,182.69
