257,270.87,301.8,322.07
1,1,341.27,511.93
135.4,1,341.27,511.93
1,225,254.87,511.93
198.33,309.27,341.27,511.93
97,1,341.27,511.93
129,1,341.27,511.93
239.93,29.8,294.33,77.8
237.8,236.73,282.6,299.67
143.93,1,341.27,511.93
1,1,190.87,383.93
15.933,1,306.07,247.4
162.07,252.73,247.4,355.13
159.93,125.8,291.13,203.67
175.93,1,341.27,334.87
223.93,284.73,341.27,498.07
175.93,143.93,341.27,511.93
135.4,102.33,341.27,511.93
156.73,249.53,341.27,511.93
1,1,301.8,511.93
143.93,117.27,263.4,271.93
1,1,254.87,511.93
1,1,202.6,511.93
169.53,1,341.27,254.87
210.07,270.87,341.27,389.27
1,1,178.07,244.2
164.2,118.33,281.53,263.4
1,1,197.27,334.87
1,1,341.27,254.87
239.93,1,341.27,77.8
178.07,214.33,229.27,261.27
15.933,1,284.73,247.4
1,103.4,182.33,511.93
83.133,1,341.27,511.93
183.4,183.4,233.53,270.87
296.47,367.93,341.27,502.33
1,1,284.73,511.93
196.2,303.93,341.27,511.93
277.27,34.067,341.27,104.47
221.8,145,341.27,223.93
159.93,75.667,296.47,211.13
136.47,1,341.27,511.93
156.73,1,341.27,327.4
1,1,182.33,334.87
276.2,156.73,341.27,223.93
251.67,34.067,341.27,193
1,1,207.93,511.93
143.93,1,299.67,130.07
17,188.73,182.33,511.93
1,1,306.07,511.93
289,55.4,341.27,103.4
198.33,188.73,341.27,511.93
1,225,207.93,511.93
129,188.73,341.27,511.93
1,102.33,341.27,511.93
1,209,254.87,511.93
174.87,167.4,281.53,262.33
236.73,369,296.47,447.93
151.4,282.6,341.27,511.93
273,342.33,341.27,511.93
202.6,1,341.27,174.87
15.933,66.067,182.33,334.87
210.07,270.87,322.07,344.47
158.87,282.6,246.33,511.93
1,13.8,114.07,218.6
218.6,52.2,341.27,328.47
129,212.2,303.93,511.93
238.87,1,341.27,193
17,188.73,175.93,458.6
175.93,265.53,236.73,306.07
255.93,97,341.27,188.73
270.87,165.27,341.27,281.53
194.07,249.53,341.27,447.93
136.47,1,341.27,347.67
97,57.533,284.73,220.73
1,225,175.93,511.93
159.93,1,341.27,211.13
154.6,1,341.27,263.4
129,212.2,238.87,511.93
190.87,75.667,299.67,174.87
236.73,321,279.4,383.93
1,1,196.2,355.13
197.27,309.27,292.2,511.93
83.133,1,341.27,270.87
162.07,241,217.53,308.2
223.93,428.73,277.27,478.87
175.93,143.93,341.27,389.27
277.27,97,341.27,155.67
15.933,1,270.87,247.4
285.8,213.27,341.27,302.87
113,1,161,63.933
143.93,117.27,266.6,271.93
156.73,125.8,291.13,267.67
145,1,325.27,183.4
18.067,402.07,182.33,511.93
136.47,75.667,299.67,347.67
255.93,34.067,341.27,188.73
189.8,165.27,341.27,511.93
209,342.33,341.27,511.93
157.8,202.6,206.87,266.6
234.6,232.47,285.8,328.47
143.93,1,326.33,137.53
135.4,117.27,263.4,308.2
65,1,301.8,175.93
164.2,118.33,265.53,263.4
209,425.53,312.47,511.93
217.53,37.267,341.27,155.67
202.6,367.93,341.27,511.93
145,212.2,196.2,351.93
158.87,282.6,341.27,463.93
1,173.8,190.87,511.93
170.6,1,301.8,118.33
129,212.2,196.2,351.93
158.87,265.53,303.93,425.53
1,1,158.87,263.4
207.93,188.73,341.27,511.93
17,225,174.87,458.6
196.2,1,326.33,137.53
232.47,1,341.27,197.27
235.67,1,341.27,76.733
1,225,174.87,511.93
249.53,375.4,294.33,447.93
97,1,341.27,327.4
135.4,1,341.27,355.13
289,428.73,330.6,497
218.6,99.133,296.47,187.67
191.93,237.8,236.73,308.2
198.33,309.27,303.93,414.87
135.4,1,341.27,271.93
254.87,463.93,330.6,511.93
143.93,355.13,207.93,511.93
189.8,78.867,262.33,154.6
257,17,341.27,136.47
235.67,102.33,341.27,225
158.87,306.07,265.53,377.53
83.133,1,299.67,220.73
169.53,203.67,262.33,275.13
156.73,173.8,262.33,306.07
73.533,1,203.67,174.87
83.133,1,341.27,220.73
227.13,280.47,341.27,511.93
209,284.73,341.27,511.93
158.87,296.47,341.27,463.93
236.73,296.47,341.27,419.13
235.67,9.5333,330.6,76.733
159.93,35.133,296.47,211.13
1,1,157.8,218.6
202.6,1,341.27,157.8
167.4,1,326.33,131.13
83.133,104.47,218.6,220.73
223.93,428.73,284.73,479.93
220.73,39.4,341.27,155.67
189.8,303.93,292.2,511.93
189.8,303.93,296.47,511.93
175.93,265.53,226.07,306.07
191.93,29.8,341.27,328.47
156.73,281.53,341.27,511.93
135.4,102.33,341.27,331.67
232.47,154.6,331.67,217.53
17,433,159.93,511.93
175.93,182.33,291.13,308.2
210.07,242.07,302.87,327.4
191.93,265.53,236.73,308.2
209,372.2,251.67,447.93
275.13,1,341.27,57.533
251.67,102.33,341.27,188.73
266.6,29.8,323.13,97
154.6,1,341.27,213.27
210.07,27.667,341.27,328.47
162.07,237.8,247.4,353
223.93,428.73,277.27,477.8
189.8,345.53,254.87,511.93
283.67,468.2,329.53,511.93
185.53,167.4,233.53,246.33
143.93,327.4,254.87,511.93
210.07,232.47,302.87,327.4
274.07,29.8,341.27,108.73
97,1,325.27,220.73
283.67,285.8,341.27,381.8
263.4,165.27,341.27,302.87
235.67,1,341.27,153.53
217.53,39.4,341.27,155.67
266.6,53.267,311.4,97
189.8,143.93,254.87,217.53
175.93,334.87,249.53,511.93
1,337,152.47,511.93
143.93,1,270.87,130.07
227.13,453.27,329.53,511.93
290.07,34.067,341.27,104.47
214.33,1,341.27,223.93
175.93,143.93,341.27,308.2
145,270.87,238.87,511.93
258.07,102.33,341.27,188.73
194.07,319.93,292.2,383.93
191.93,174.87,239.93,235.67
259.13,188.73,341.27,321
255.93,39.4,341.27,155.67
167.4,1,270.87,131.13
227.13,102.33,341.27,242.07
175.93,324.2,277.27,511.93
239.93,1,341.27,193
253.8,385,296.47,435.13
238.87,1,341.27,188.73
254.87,52.2,341.27,153.53
273,184.47,341.27,279.4
219.67,75.667,294.33,135.4
234.6,232.47,285.8,298.6
233.53,428.73,277.27,477.8
194.07,271.93,341.27,412.73
227.13,130.07,327.4,242.07
173.8,324.2,277.27,511.93
143.93,1,299.67,134.33
277.27,97,341.27,153.53
222.87,14.867,319.93,76.733
223.93,284.73,341.27,511.93
218.6,34.067,341.27,328.47
159.93,129,229.27,211.13
175.93,324.2,249.53,511.93
169.53,130.07,284.73,254.87
143.93,209,254.87,511.93
237.8,215.4,341.27,328.47
253.8,385,296.47,446.87
228.2,358.33,311.4,447.93
198.33,309.27,303.93,425.53
277.27,39.4,341.27,105.53
197.27,211.13,302.87,327.4
23.4,17,182.33,353
217.53,75.667,294.33,141.8
297.53,285.8,341.27,389.27
259.13,188.73,341.27,389.27
210.07,262.33,290.07,327.4
259.13,188.73,341.27,381.8
159.93,125.8,341.27,223.93
289,437.27,330.6,497
213.27,227.13,308.2,328.47
197.27,232.47,302.87,327.4
156.73,216.47,200.47,278.33
210.07,242.07,302.87,326.33
183.4,99.133,341.27,242.07
220.73,106.6,296.47,187.67
143.93,1,270.87,134.33
273,111.93,333.8,153.53
266.6,165.27,341.27,281.53
169.53,203.67,274.07,286.87
1,1,325.27,244.2
125.8,1,299.67,134.33
236.73,369,287.93,420.2
156.73,125.8,341.27,327.4
190.87,345.53,254.87,406.33
209,415.93,330.6,511.93
194.07,271.93,341.27,447.93
145,333.8,238.87,511.93
255.93,120.47,341.27,188.73
285.8,166.33,331.67,214.33
1,103.4,106.6,385
158.87,270.87,223.93,347.67
190.87,75.667,294.33,174.87
145,265.53,303.93,511.93
257,162.07,341.27,279.4
143.93,282.6,254.87,511.93
174.87,338.07,238.87,511.93
225,325.27,277.27,422.33
202.6,417,287.93,511.93
63.933,433,159.93,511.93
273,198.33,341.27,297.53
143.93,1,341.27,354.07
210.07,27.667,316.73,142.87
158.87,265.53,236.73,347.67
169.53,203.67,302.87,327.4
235.67,319.93,299.67,393.53
210.07,262.33,302.87,327.4
223.93,363.67,341.27,511.93
135.4,102.33,341.27,355.13
136.47,104.47,228.2,347.67
291.13,439.4,341.27,511.93
175.93,354.07,228.2,447.93
233.53,145,341.27,223.93
158.87,296.47,341.27,447.93
210.07,262.33,302.87,326.33
210.07,1,341.27,142.87
292.2,367.93,341.27,511.93
156.73,173.8,302.87,327.4
255.93,51.133,310.33,98.067
187.67,35.133,282.6,137.53
175.93,182.33,291.13,306.07
251.67,34.067,341.27,188.73
220.73,89.533,338.07,155.67
239.93,6.3333,322.07,77.8
162.07,27.667,341.27,511.93
202.6,1,341.27,155.67
257,99.133,333.8,153.53
249.53,375.4,294.33,435.13
238.87,1,341.27,77.8
210.07,239.93,301.8,334.87
17,449,127.93,511.93
276.2,145,341.27,223.93
156.73,209,209,347.67
175.93,130.07,284.73,254.87
217.53,200.47,261.27,257
181.27,14.867,319.93,151.4
220.73,106.6,296.47,171.67
143.93,327.4,228.2,511.93
181.27,60.733,287.93,151.4
297.53,387.13,341.27,511.93
181.27,102.33,341.27,331.67
174.87,349.8,237.8,511.93
154.6,24.467,289,263.4
289,69.267,341.27,126.87
280.47,163.13,341.27,279.4
233.53,399.93,284.73,456.47
210.07,1,341.27,153.53
49,281.53,207.93,511.93
162.07,237.8,247.4,355.13
175.93,213.27,274.07,308.2
225,325.27,280.47,422.33
234.6,270.87,278.33,311.4
162.07,27.667,341.27,355.13
214.33,36.2,341.27,223.93
175.93,354.07,239.93,511.93
202.6,1,325.27,110.87
217.53,77.8,294.33,141.8
221.8,358.33,311.4,447.93
174.87,338.07,246.33,511.93
217.53,200.47,261.27,253.8
289,57.533,341.27,126.87
227.13,415.93,329.53,511.93
190.87,213.27,274.07,286.87
257,52.2,341.27,153.53
65,31.933,125.8,175.93
227.13,165.27,341.27,511.93
23.4,69.267,182.33,353
73.533,5.2667,203.67,174.87
175.93,324.2,260.2,511.93
156.73,281.53,239.93,511.93
154.6,24.467,289,213.27
214.33,39.4,341.27,223.93
210.07,92.733,299.67,142.87
166.33,117.27,263.4,169.53
143.93,282.6,246.33,511.93
135.4,173.8,180.2,271.93
236.73,369,283.67,409.53
210.07,29.8,315.67,142.87
280.47,280.47,341.27,381.8
260.2,313.53,341.27,511.93
65,33,125.8,175.93
219.67,325.27,277.27,422.33
162.07,130.07,281.53,355.13
145,345.53,238.87,511.93
236.73,284.73,341.27,419.13
1,1,301.8,244.2
249.53,270.87,306.07,344.47
174.87,354.07,228.2,487.4
162.07,167.4,281.53,355.13
220.73,39.4,341.27,188.73
260.2,313.53,341.27,431.93
151.4,282.6,206.87,440.47
235.67,102.33,341.27,279.4
190.87,129,252.73,174.87
161,292.2,245.27,355.13
217.53,77.8,338.07,155.67
209,425.53,287.93,511.93
222.87,1,341.27,76.733
270.87,271.93,341.27,412.73
167.4,1,308.2,131.13
225,369,284.73,462.87
209,465,287.93,511.93
174.87,167.4,235.67,262.33
156.73,125.8,302.87,327.4
236.73,296.47,341.27,383.93
175.93,265.53,236.73,308.2
285.8,219.67,341.27,302.87
210.07,239.93,302.87,327.4
283.67,296.47,341.27,375.4
174.87,187.67,235.67,262.33
210.07,239.93,291.13,311.4
207.93,89.533,261.27,137.53
194.07,323.13,247.4,376.47
1,1,114.07,218.6
283.67,392.47,341.27,511.93
217.53,182.33,291.13,266.6
214.33,145,341.27,223.93
217.53,51.133,310.33,141.8
241,296.47,341.27,412.73
217.53,182.33,284.73,249.53
217.53,36.2,316.73,141.8
198.33,309.27,276.2,414.87
289,17,341.27,103.4
223.93,428.73,297.53,488.47
235.67,114.07,319.93,194.07
206.87,75.667,296.47,187.67
162.07,252.73,236.73,355.13
260.2,311.4,303.93,353
257,52.2,341.27,149.27
145,327.4,228.2,511.93
207.93,187.67,249.53,252.73
158.87,306.07,231.4,354.07
246.33,290.07,301.8,334.87
175.93,334.87,241,447.93
202.6,381.8,297.53,511.93
175.93,213.27,301.8,334.87
202.6,1,341.27,110.87
263.4,143.93,341.27,281.53
239.93,375.4,297.53,498.07
202.6,417,249.53,493.8
264.47,39.4,341.27,155.67
255.93,1,326.33,42.6
221.8,1,341.27,77.8
156.73,173.8,257,267.67
174.87,156.73,265.53,263.4
210.07,71.4,299.67,142.87
254.87,449,307.13,511.93
143.93,355.13,206.87,511.93
135.4,167.4,206.87,271.93
273,296.47,341.27,412.73
283.67,324.2,330.6,375.4
273,198.33,341.27,279.4
196.2,303.93,312.47,511.93
244.2,113,319.93,173.8
174.87,354.07,222.87,487.4
175.93,184.47,266.6,257
15.933,1,114.07,63.933
273,324.2,328.47,412.73
280.47,163.13,341.27,305
203.67,130.07,257,182.33
135.4,167.4,285.8,355.13
271.93,194.07,337,279.4
164.2,117.27,263.4,195.13
143.93,358.33,206.87,511.93
210.07,262.33,290.07,325.27
227.13,102.33,341.27,297.53
290.07,369,341.27,511.93
1,213.27,49,264.47
1,188.73,175.93,458.6
209,376.47,330.6,511.93
263.4,165.27,341.27,281.53
204.73,130.07,284.73,252.73
216.47,198.33,286.87,259.13
210.07,270.87,291.13,311.4
235.67,1,341.27,97
1,173.8,180.2,458.6
283.67,285.8,341.27,344.47
174.87,338.07,238.87,487.4
181.27,1,341.27,328.47
169.53,203.67,269.8,286.87
275.13,213.27,341.27,321
194.07,174.87,239.93,230.33
201.53,1,326.33,123.67
284.73,201.53,332.73,264.47
255.93,102.33,341.27,188.73
196.2,303.93,284.73,438.33
18.067,458.6,126.87,511.93
17,343.4,207.93,511.93
273,342.33,328.47,412.73
216.47,198.33,261.27,253.8
156.73,216.47,209,347.67
253.8,18.067,303.93,60.733
181.27,1,341.27,151.4
198.33,1,326.33,137.53
162.07,237.8,247.4,354.07
274.07,91.667,321,133.27
170.6,1,261.27,118.33
217.53,205.8,261.27,253.8
223.93,358.33,284.73,479.93
214.33,145,341.27,214.33
158.87,306.07,247.4,354.07
263.4,143.93,341.27,204.73
143.93,65,316.73,354.07
185.53,195.13,230.33,246.33
183.4,183.4,233.53,242.07
159.93,159.93,228.2,211.13
1,103.4,106.6,511.93
213.27,184.47,308.2,328.47
198.33,309.27,276.2,425.53
231.4,450.07,273,498.07
1,219.67,106.6,385
162.07,252.73,247.4,353
277.27,39.4,341.27,155.67
77.8,417,152.47,466.07
201.53,1,307.13,123.67
202.6,376.47,341.27,511.93
225,325.27,284.73,438.33
237.8,395.67,284.73,438.33
223.93,344.47,341.27,511.93
218.6,106.6,296.47,187.67
182.33,200.47,236.73,257
209,415.93,315.67,503.4
125.8,1,270.87,134.33
161,252.73,245.27,355.13
187.67,35.133,266.6,129
225,1,325.27,66.067
1,282.6,190.87,511.93
201.53,57.533,282.6,123.67
235.67,321,279.4,393.53
271.93,34.067,341.27,126.87
255.93,29.8,323.13,97
233.53,150.33,310.33,214.33
239.93,418.07,287.93,477.8
169.53,203.67,262.33,306.07
113,1,325.27,118.33
239.93,343.4,299.67,498.07
216.47,198.33,286.87,253.8
210.07,89.533,299.67,142.87
178.07,213.27,274.07,286.87
290.07,284.73,341.27,376.47
237.8,236.73,308.2,328.47
218.6,75.667,296.47,187.67
280.47,213.27,337,279.4
153.53,58.6,287.93,168.47
218.6,184.47,335.93,328.47
228.2,242.07,269.8,286.87
182.33,198.33,248.47,257
259.13,188.73,332.73,266.6
246.33,184.47,301.8,242.07
159.93,241,221.8,308.2
196.2,303.93,247.4,356.2
175.93,99.133,341.27,334.87
251.67,89.533,341.27,188.73
257,50.067,311.4,100.2
218.6,198.33,265.53,253.8
258.07,102.33,341.27,225
228.2,242.07,280.47,286.87
151.4,344.47,206.87,440.47
158.87,270.87,209,347.67
17,362.6,67.133,463.93
181.27,292.2,236.73,355.13
143.93,65,316.73,271.93
159.93,129,231.4,211.13
273,162.07,341.27,279.4
266.6,1,334.87,65
83.133,104.47,217.53,220.73
239.93,1,334.87,77.8
249.53,375.4,311.4,447.93
236.73,319.93,292.2,383.93
194.07,334.87,241,376.47
175.93,183.4,236.73,306.07
283.67,431.93,341.27,502.33
233.53,356.2,280.47,397.8
204.73,156.73,284.73,252.73
225,369,284.73,456.47
239.93,406.33,297.53,498.07
136.47,104.47,217.53,207.93
257,55.4,311.4,100.2
241,321,292.2,383.93
113,1,325.27,168.47
285.8,1,341.27,42.6
189.8,401,242.07,511.93
38.333,219.67,106.6,340.2
225,367.93,341.27,511.93
156.73,281.53,207.93,383.93
266.6,1,341.27,65
281.53,201.53,332.73,281.53
297.53,285.8,341.27,370.07
183.4,99.133,296.47,242.07
280.47,285.8,341.27,381.8
257,34.067,318.87,100.2
210.07,17,341.27,142.87
239.93,415.93,315.67,511.93
188.73,167.4,233.53,211.13
223.93,428.73,330.6,511.93
162.07,252.73,205.8,307.13
276.2,165.27,341.27,223.93
65,417,152.47,466.07
143.93,140.73,197.27,212.2
161,232.47,285.8,355.13
225,369,315.67,511.93
285.8,1,341.27,71.4
254.87,415.93,315.67,511.93
174.87,156.73,246.33,262.33
227.13,124.73,291.13,171.67
135.4,173.8,180.2,242.07
1,1,90.6,47.933
212.2,425.53,287.93,479.93
18.067,433,143.93,511.93
210.07,89.533,294.33,142.87
233.53,145,341.27,214.33
201.53,130.07,284.73,252.73
271.93,55.4,341.27,126.87
145,77.8,220.73,183.4
246.33,212.2,291.13,266.6
234.6,270.87,291.13,311.4
154.6,212.2,196.2,351.93
281.53,165.27,341.27,281.53
113,1,161,105.53
249.53,270.87,301.8,334.87
135.4,167.4,181.27,271.93
218.6,198.33,265.53,263.4
232.47,145,341.27,217.53
267.67,296.47,341.27,375.4
221.8,1,325.27,76.733
227.13,130.07,327.4,197.27
273,107.67,333.8,153.53
220.73,99.133,296.47,187.67
285.8,247.4,341.27,302.87
239.93,428.73,297.53,498.07
158.87,270.87,211.13,347.67
181.27,1,325.27,151.4
211.13,182.33,291.13,286.87
153.53,58.6,239.93,168.47
207.93,312.47,341.27,511.93
266.6,185.53,308.2,247.4
158.87,296.47,341.27,412.73
233.53,172.73,303.93,214.33
181.27,198.33,341.27,331.67
298.6,296.47,341.27,376.47
151.4,282.6,237.8,511.93
143.93,140.73,231.4,239.93
210.07,270.87,306.07,344.47
189.8,90.6,259.13,154.6
235.67,284.73,341.27,393.53
252.73,184.47,301.8,242.07
292.2,367.93,341.27,502.33
135.4,173.8,221.8,308.2
72.467,31.933,116.2,79.933
290.07,363.67,341.27,511.93
50.067,434.07,158.87,494.87
1,213.27,106.6,385
225,428.73,330.6,511.93
209,395.67,287.93,511.93
175.93,184.47,266.6,254.87
227.13,469.27,295.4,511.93
143.93,117.27,263.4,239.93
229.27,469.27,298.6,510.87
283.67,376.47,341.27,511.93
299.67,102.33,341.27,222.87
263.4,158.87,341.27,204.73
292.2,376.47,341.27,467.13
223.93,430.87,297.53,488.47
218.6,184.47,301.8,253.8
210.07,239.93,291.13,326.33
158.87,306.07,228.2,353
235.67,25.533,295.4,76.733
239.93,449,297.53,498.07
1,17,47.933,63.933
198.33,57.533,282.6,137.53
65,188.73,175.93,447.93
227.13,52.2,341.27,197.27
287.93,52.2,341.27,107.67
219.67,323.13,292.2,422.33
246.33,210.07,286.87,259.13
230.33,376.47,284.73,431.93
209,323.13,292.2,511.93
227.13,313.53,341.27,511.93
210.07,65,316.73,142.87
65,1,203.67,175.93
209,425.53,298.6,511.93
183.4,99.133,306.07,242.07
188.73,156.73,246.33,211.13
50.067,433,159.93,511.93
203.67,130.07,257,177
1,247.4,63.933,385
233.53,433,277.27,477.8
181.27,237.8,244.2,331.67
266.6,1,326.33,42.6
209,449,307.13,503.4
204.73,156.73,281.53,252.73
190.87,229.27,235.67,271.93
1,337,159.93,511.93
273,213.27,317.8,279.4
210.07,53.267,311.4,142.87
185.53,417,246.33,511.93
65,126.87,125.8,175.93
220.73,213.27,274.07,286.87
235.67,284.73,341.27,498.07
283.67,439.4,341.27,511.93
159.93,241,217.53,308.2
113,1,261.27,118.33
223.93,270.87,278.33,325.27
143.93,140.73,209,239.93
227.13,131.13,327.4,197.27
223.93,428.73,277.27,479.93
182.33,207.93,236.73,257
135.4,173.8,180.2,225
220.73,99.133,296.47,171.67
220.73,106.6,296.47,181.27
189.8,156.73,246.33,217.53
191.93,232.47,285.8,328.47
289,74.6,341.27,126.87
273,428.73,330.6,511.93
1,213.27,42.6,264.47
296.47,367.93,341.27,511.93
260.2,313.53,337,431.93
227.13,102.33,341.27,197.27
234.6,232.47,335.93,328.47
257,99.133,316.73,149.27
1,70.333,178.07,244.2
296.47,367.93,341.27,500.2
229.27,212.2,291.13,266.6
237.8,236.73,303.93,306.07
1,1,114.07,63.933
210.07,239.93,291.13,325.27
174.87,354.07,222.87,511.93
185.53,417,249.53,511.93
181.27,268.73,247.4,331.67
280.47,143.93,341.27,225
1,247.4,63.933,367.93
164.2,118.33,261.27,199.4
244.2,29.8,341.27,188.73
220.73,232.47,335.93,328.47
232.47,162.07,311.4,217.53
225,1,301.8,66.067
161,292.2,236.73,355.13
127.93,282.6,190.87,511.93
228.2,358.33,282.6,408.47
266.6,15.933,315.67,65
281.53,237.8,328.47,281.53
289,51.133,341.27,108.73
47.933,450.07,143.93,497
185.53,418.07,239.93,511.93
244.2,113,290.07,173.8
264.47,89.533,341.27,148.2
257,78.867,341.27,136.47
233.53,376.47,284.73,431.93
297.53,285.8,341.27,376.47
162.07,252.73,245.27,355.13
1,103.4,65,264.47
296.47,163.13,341.27,225
191.93,166.33,262.33,235.67
143.93,122.6,197.27,185.53
213.27,227.13,282.6,299.67
202.6,417,297.53,511.93
49,343.4,207.93,511.93
214.33,57.533,282.6,123.67
217.53,205.8,261.27,249.53
297.53,392.47,341.27,511.93
289,55.4,341.27,108.73
244.2,102.33,341.27,188.73
261.27,392.47,341.27,511.93
156.73,159.93,228.2,347.67
292.2,376.47,341.27,440.47
1,213.27,65,264.47
225,381.8,282.6,423.4
298.6,198.33,341.27,242.07
238.87,1,307.13,61.8
287.93,52.2,341.27,102.33
245.27,1,301.8,55.4
191.93,29.8,341.27,235.67
290.07,369,341.27,501.27
225,1,296.47,66.067
290.07,284.73,341.27,328.47
50.067,450.07,142.87,494.87
261.27,415.93,317.8,497
297.53,392.47,341.27,452.2
153.53,58.6,239.93,142.87
135.4,167.4,180.2,234.6
235.67,321,279.4,383.93
296.47,367.93,341.27,445.8
211.13,246.33,280.47,286.87
162.07,252.73,217.53,308.2
286.87,296.47,341.27,367.93
243.13,274.07,284.73,328.47
210.07,91.667,280.47,142.87
202.6,417,245.27,485.27
299.67,102.33,341.27,175.93
297.53,285.8,341.27,328.47
207.93,156.73,281.53,252.73
162.07,258.07,207.93,308.2
193,237.8,236.73,282.6
186.6,214.33,229.27,270.87
270.87,271.93,335.93,321
229.27,469.27,295.4,510.87
228.2,325.27,280.47,397.8
237.8,227.13,282.6,299.67
175.93,206.87,227.13,254.87
225,381.8,282.6,433
220.73,78.867,262.33,126.87
296.47,78.867,341.27,119.4
1,271.93,67.133,511.93
181.27,198.33,286.87,331.67
220.73,246.33,280.47,286.87
281.53,199.4,332.73,281.53
201.53,184.47,266.6,239.93
190.87,60.733,287.93,151.4
292.2,376.47,341.27,449
210.07,270.87,278.33,325.27
18.067,417,152.47,511.93
210.07,65,310.33,142.87
161,363.67,206.87,408.47
187.67,57.533,241,129
181.27,268.73,243.13,331.67
164.2,148.2,229.27,195.13
65,5.2667,157.8,175.93
292.2,376.47,338.07,440.47
266.6,20.2,315.67,65
113,1,194.07,105.53
209,428.73,297.53,511.93
225,356.2,277.27,422.33
300.73,34.067,341.27,81
143.93,363.67,206.87,511.93
283.67,376.47,341.27,502.33
284.73,201.53,332.73,255.93
207.93,184.47,281.53,252.73
227.13,124.73,291.13,181.27
47.933,417,152.47,497
193,237.8,244.2,282.6
241,321,297.53,385
162.07,252.73,247.4,331.67
1,67.133,178.07,244.2
292.2,376.47,341.27,501.27
244.2,114.07,319.93,173.8
185.53,417,245.27,511.93
223.93,433,277.27,478.87
283.67,453.27,329.53,511.93
143.93,140.73,197.27,271.93
127.93,344.47,186.6,511.93
210.07,71.4,293.27,142.87
213.27,143.93,341.27,328.47
223.93,430.87,271.93,478.87
227.13,227.13,282.6,299.67
174.87,349.8,237.8,487.4
241,321,328.47,412.73
1,247.4,73.533,385
225,381.8,267.67,423.4
232.47,434.07,277.27,478.87
262.33,143.93,341.27,197.27
297.53,143.93,341.27,225
252.73,143.93,341.27,214.33
135.4,173.8,180.2,222.87
135.4,173.8,180.2,233.53
153.53,65,203.67,142.87
258.07,138.6,318.87,188.73
222.87,33,297.53,76.733
297.53,163.13,341.27,225
127.93,402.07,182.33,511.93
17,420.2,67.133,463.93
113,1,190.87,100.2
274.07,51.133,341.27,108.73
65,31.933,116.2,143.93
275.13,143.93,341.27,187.67
73.533,5.2667,157.8,174.87
210.07,92.733,273,142.87
47.933,433,143.93,497
292.2,398.87,333.8,440.47
225,1,270.87,66.067
181.27,74.6,228.2,138.6
197.27,58.6,239.93,104.47
73.533,5.2667,159.93,174.87
