1,1,383.93,511.93
1,1,187.67,511.93
246.33,1,365.8,263.4
115.13,113,335.93,511.93
119.4,373.27,213.27,473.53
187.67,1,383.93,511.93
258.07,1,383.93,511.93
270.87,82.067,338.07,130.07
193,1,383.93,511.93
1,1,300.73,511.93
1,25.533,193,511.93
1,221.8,300.73,511.93
218.6,36.2,293.27,99.133
92.733,1,321,511.93
1,1,338.07,511.93
120.47,216.47,322.07,511.93
1,251.67,165.27,378.6
172.73,66.067,280.47,166.33
247.4,1,383.93,229.27
8.4667,1,263.4,380.73
1,349.8,143.93,443.67
82.067,1,383.93,511.93
206.87,1,383.93,511.93
119.4,292.2,211.13,402.07
202.6,1,383.93,511.93
108.73,45.8,324.2,511.93
92.733,197.27,245.27,511.93
1,1,274.07,511.93
108.73,47.933,324.2,511.93
193,1,383.93,263.4
243.13,193,306.07,259.13
87.4,1,216.47,103.4
1,113,335.93,511.93
1,252.73,166.33,377.53
202.6,1,351.93,511.93
226.07,198.33,338.07,309.27
115.13,319.93,207.93,376.47
1,1,231.4,254.87
1,373.27,131.13,443.67
267.67,260.2,360.47,394.6
246.33,1,383.93,511.93
83.133,1,219.67,278.33
1,1,335.93,511.93
20.2,127.93,151.4,270.87
216.47,405.27,258.07,457.53
328.47,1,383.93,511.93
8.4667,1,263.4,236.73
1,1,223.93,297.53
219.67,246.33,289,410.6
1,1,311.4,298.6
1,1,145,294.33
235.67,402.07,285.8,452.2
151.4,118.33,227.13,242.07
1,1,171.67,293.27
209,110.87,305,197.27
202.6,404.2,346.6,511.93
193,1,294.33,118.33
1,373.27,132.2,511.93
228.2,1,351.93,302.87
264.47,1,383.93,511.93
274.07,175.93,383.93,511.93
1,26.6,191.93,511.93
61.8,441.53,119.4,497
1,197.27,245.27,511.93
247.4,1,383.93,511.93
1,25.533,100.2,290.07
1,434.07,185.53,511.93
1,271.93,165.27,378.6
204.73,131.13,314.6,291.13
132.2,1,383.93,511.93
270.87,58.6,341.27,130.07
161,98.067,206.87,193
115.13,181.27,232.47,511.93
87.4,1,207.93,47.933
1,434.07,118.33,511.93
82.067,1,353,310.33
1,1,274.07,82.067
76.733,268.73,262.33,403.13
59.667,1,145,267.67
152.47,98.067,353,293.27
132.2,123.67,284.73,511.93
27.667,305,79.933,373.27
132.2,166.33,276.2,511.93
132.2,1,324.2,511.93
204.73,151.4,314.6,399.93
1,268.73,300.73,511.93
211.13,151.4,264.47,199.4
198.33,381.8,285.8,511.93
87.4,1,207.93,49
109.8,397.8,312.47,511.93
17,439.4,121.53,511.93
1,251.67,210.07,511.93
143.93,292.2,199.4,376.47
318.87,177,383.93,511.93
1,250.6,187.67,511.93
154.6,265.53,210.07,383.93
67.133,372.2,199.4,451.13
218.6,360.47,268.73,471.4
82.067,1,220.73,148.2
1,1,274.07,290.07
204.73,113,314.6,409.53
116.2,458.6,226.07,511.93
289,1,374.33,495.93
289,1,383.93,511.93
1,25.533,182.33,511.93
246.33,399.93,300.73,452.2
115.13,271.93,206.87,376.47
120.47,371.13,219.67,455.4
132.2,1,316.73,399.93
195.13,457.53,277.27,511.93
211.13,151.4,314.6,410.6
134.33,414.87,277.27,511.93
84.2,1,223.93,193
92.733,371.13,226.07,511.93
1,11.667,222.87,290.07
1,11.667,130.07,290.07
175.93,9.5333,220.73,113
191.93,70.333,338.07,321
67.133,353,211.13,467.13
132.2,123.67,276.2,511.93
1,1,193,378.6
193,1,297.53,118.33
227.13,158.87,329.53,511.93
1,1,232.47,379.67
1,374.33,131.13,441.53
152.47,119.4,219.67,242.07
108.73,84.2,257,378.6
187.67,1,329.53,511.93
29.8,289,111.93,375.4
122.6,119.4,166.33,211.13
202.6,404.2,349.8,511.93
198.33,273,335.93,511.93
264.47,1,369,495.93
259.13,193,324.2,293.27
1,221.8,262.33,403.13
1,1,338.07,321
149.27,371.13,219.67,455.4
270.87,58.6,338.07,130.07
90.6,161,148.2,265.53
230.33,451.13,321,511.93
58.6,1,223.93,193
29.8,289,142.87,377.53
1,379.67,124.73,443.67
1,25.533,167.4,377.53
120.47,216.47,210.07,401
299.67,1,369,495.93
1,349.8,300.73,511.93
126.87,84.2,255.93,380.73
151.4,118.33,227.13,380.73
18.067,221.8,220.73,301.8
1,402.07,119.4,442.6
92.733,365.8,245.27,511.93
121.53,309.27,216.47,511.93
247.4,1,322.07,70.333
1,1,232.47,511.93
131.13,300.73,206.87,376.47
239.93,202.6,306.07,291.13
1,1,81,293.27
30.867,25.533,87.4,247.4
258.07,202.6,316.73,274.07
173.8,166.33,276.2,457.53
152.47,119.4,205.8,226.07
239.93,193,310.33,338.07
280.47,1,383.93,236.73
51.133,1,311.4,98.067
214.33,294.33,335.93,459.67
1,1,321,511.93
193,1,311.4,119.4
1,349.8,185.53,511.93
1,252.73,207.93,511.93
152.47,98.067,353,310.33
136.47,235.67,209,344.47
219.67,399.93,300.73,457.53
213.27,175.93,383.93,511.93
83.133,12.733,203.67,278.33
206.87,440.47,266.6,511.93
97,36.2,293.27,166.33
258.07,190.87,312.47,241
61.8,52.2,130.07,222.87
97,321,155.67,378.6
1,397.8,127.93,445.8
121.53,120.47,184.47,278.33
1,289,129,511.93
175.93,231.4,316.73,511.93
1,1,126.87,298.6
275.13,418.07,326.33,511.93
154.6,142.87,202.6,242.07
1,373.27,207.93,511.93
204.73,113,314.6,402.07
19.133,119.4,222.87,270.87
121.53,381.8,284.73,511.93
106.6,450.07,182.33,511.93
1,25.533,89.533,294.33
62.867,124.73,107.67,267.67
1,1,223.93,511.93
126.87,119.4,222.87,231.4
281.53,81,346.6,387.13
108.73,84.2,199.4,127.93
121.53,371.13,215.4,447.93
202.6,284.73,349.8,511.93
248.47,372.2,321,419.13
175.93,9.5333,219.67,94.867
1,280.47,105.53,374.33
92.733,414.87,180.2,511.93
227.13,193,324.2,402.07
261.27,1,351.93,159.93
173.8,414.87,277.27,511.93
204.73,151.4,316.73,399.93
228.2,69.267,346.6,302.87
109.8,461.8,155.67,511.93
145,353,207.93,402.07
212.2,45.8,280.47,181.27
1,1,216.47,298.6
1,436.2,119.4,497
1,1,89.533,294.33
120.47,216.47,316.73,511.93
113,318.87,178.07,377.53
168.47,271.93,262.33,403.13
114.07,119.4,171.67,235.67
1,26.6,151.4,374.33
1,402.07,119.4,497
108.73,71.4,186.6,121.53
1,1,59.667,298.6
180.2,47.933,233.53,146.07
1,436.2,119.4,511.93
121.53,402.07,196.2,451.13
52.2,1,122.6,205.8
172.73,197.27,231.4,379.67
82.067,1,353,511.93
107.67,455.4,168.47,511.93
275.13,1,333.8,74.6
136.47,181.27,232.47,436.2
75.667,290.07,162.07,356.2
153.53,135.4,202.6,258.07
180.2,1,305,162.07
156.73,405.27,209,511.93
213.27,381.8,285.8,457.53
122.6,120.47,171.67,235.67
204.73,45.8,314.6,410.6
83.133,1,338.07,321
213.27,381.8,261.27,457.53
108.73,71.4,186.6,140.73
174.87,119.4,231.4,254.87
213.27,232.47,371.13,511.93
234.6,372.2,321,509.8
251.67,162.07,303.93,227.13
62.867,119.4,171.67,267.67
121.53,378.6,300.73,511.93
108.73,43.667,207.93,127.93
59.667,1,122.6,217.53
14.867,436.2,114.07,478.87
87.4,1,219.67,228.2
50.067,401,143.93,442.6
8.4667,1,263.4,239.93
154.6,341.27,207.93,383.93
92.733,451.13,168.47,511.93
1,271.93,211.13,402.07
1,436.2,131.13,511.93
21.267,1,223.93,297.53
151.4,118.33,216.47,242.07
103.4,119.4,166.33,265.53
1,99.133,165.27,303.93
151.4,118.33,255.93,380.73
14.867,436.2,119.4,497
67.133,364.73,211.13,467.13
145,455.4,226.07,511.93
113,450.07,182.33,502.33
120.47,360.47,321,471.4
1,1,274.07,142.87
154.6,269.8,207.93,383.93
193,1,324.2,511.93
120.47,360.47,285.8,471.4
246.33,1,351.93,159.93
92.733,453.27,155.67,511.93
122.6,404.2,191.93,453.27
1,25.533,145,294.33
131.13,271.93,206.87,376.47
230.33,210.07,299.67,277.27
168.47,231.4,262.33,403.13
117.27,373.27,190.87,456.47
225,36.2,293.27,89.533
245.27,449,346.6,511.93
20.2,126.87,85.267,270.87
169.53,181.27,231.4,250.6
123.67,404.2,207.93,455.4
156.73,394.6,219.67,479.93
212.2,45.8,310.33,181.27
1,1,311.4,174.87
31.933,289,111.93,363.67
242.07,211.13,306.07,271.93
251.67,158.87,316.73,228.2
108.73,73.533,207.93,127.93
328.47,258.07,383.93,511.93
214.33,378.6,328.47,459.67
229.27,157.8,317.8,375.4
249.53,1,301.8,63.933
84.2,148.2,145,267.67
274.07,260.2,360.47,391.4
47.933,292.2,158.87,377.53
202.6,110.87,326.33,193
62.867,119.4,167.4,267.67
1,1,324.2,511.93
223.93,239.93,316.73,451.13
1,353,143.93,511.93
154.6,231.4,220.73,383.93
212.2,381.8,258.07,463.93
113,197.27,232.47,383.93
264.47,1,353,302.87
122.6,50.067,216.47,103.4
1,374.33,182.33,511.93
82.067,1,297.53,148.2
328.47,382.87,383.93,511.93
252.73,459.67,319.93,511.93
275.13,191.93,349.8,511.93
92.733,360.47,321,511.93
92.733,397.8,312.47,511.93
213.27,232.47,306.07,381.8
245.27,110.87,295.4,151.4
70.333,290.07,162.07,378.6
229.27,239.93,280.47,375.4
67.133,372.2,199.4,467.13
222.87,412.73,268.73,454.33
76.733,268.73,300.73,511.93
213.27,332.73,321,509.8
175.93,397.8,266.6,511.93
180.2,1,274.07,146.07
54.333,25.533,111.93,205.8
206.87,431.93,324.2,511.93
1,289,162.07,511.93
132.2,264.47,251.67,511.93
154.6,142.87,203.67,242.07
211.13,113,253.8,181.27
202.6,294.33,349.8,511.93
229.27,269.8,306.07,374.33
1,374.33,133.27,511.93
14.867,27.667,61.8,261.27
82.067,1,209,45.8
227.13,239.93,316.73,381.8
143.93,271.93,262.33,403.13
274.07,177,383.93,511.93
134.33,394.6,277.27,511.93
230.33,198.33,338.07,309.27
136.47,255.93,193,300.73
74.6,271.93,177,351.93
1,25.533,193,378.6
198.33,113,335.93,511.93
116.2,403.13,226.07,511.93
1,373.27,129,442.6
280.47,1,365.8,236.73
108.73,50.067,191.93,130.07
295.4,158.87,344.47,229.27
76.733,268.73,277.27,511.93
222.87,412.73,285.8,457.53
103.4,107.67,216.47,268.73
14.867,25.533,111.93,261.27
275.13,1,383.93,511.93
291.13,190.87,344.47,249.53
132.2,220.73,225,383.93
63.933,52.2,145,267.67
247.4,1,351.93,229.27
58.6,1,223.93,242.07
193,1,286.87,118.33
193,1,302.87,189.8
51.133,1,311.4,166.33
1,1,81,61.8
115.13,181.27,232.47,436.2
1,251.67,198.33,413.8
211.13,231.4,258.07,463.93
1,25.533,193,294.33
193,1,353,155.67
252.73,158.87,317.8,202.6
181.27,1,305,79.933
149.27,406.33,196.2,455.4
254.87,273,335.93,415.93
18.067,221.8,262.33,403.13
1,373.27,168.47,511.93
244.2,419.13,319.93,511.93
1,374.33,187.67,456.47
1,349.8,131.13,443.67
8.4667,1,130.07,110.87
247.4,1,383.93,191.93
90.6,177,142.87,265.53
122.6,40.467,216.47,140.73
168.47,306.07,262.33,403.13
264.47,1,350.87,302.87
1,436.2,119.4,499.13
258.07,77.8,383.93,511.93
239.93,190.87,314.6,291.13
222.87,78.867,271.93,123.67
229.27,190.87,314.6,380.73
67.133,372.2,199.4,442.6
180.2,1,316.73,399.93
191.93,70.333,312.47,236.73
175.93,418.07,311.4,511.93
246.33,132.2,310.33,174.87
230.33,418.07,321,511.93
121.53,371.13,219.67,455.4
230.33,451.13,321,495.93
108.73,60.733,207.93,127.93
251.67,162.07,303.93,206.87
246.33,1,383.93,263.4
29.8,298.6,111.93,375.4
1,373.27,129,511.93
1,25.533,59.667,293.27
158.87,462.87,209,511.93
154.6,271.93,207.93,383.93
1,434.07,119.4,511.93
1,27.667,57.533,290.07
239.93,264.47,310.33,338.07
126.87,119.4,222.87,268.73
8.4667,1,186.6,140.73
209,190.87,353,293.27
226.07,182.33,307.13,402.07
97,43.667,280.47,166.33
322.07,1,369,495.93
108.73,71.4,203.67,278.33
204.73,151.4,314.6,410.6
334.87,417,383.93,457.53
127.93,72.467,233.53,142.87
1,1,130.07,89.533
1,374.33,133.27,454.33
82.067,1,297.53,167.4
211.13,231.4,316.73,463.93
113,255.93,207.93,383.93
174.87,171.67,216.47,228.2
242.07,197.27,299.67,271.93
230.33,469.27,283.67,511.93
143.93,397.8,226.07,511.93
230.33,202.6,306.07,290.07
187.67,1,311.4,119.4
95.933,50.067,233.53,142.87
249.53,1,301.8,47.933
254.87,378.6,321,419.13
211.13,151.4,314.6,246.33
27.667,330.6,74.6,375.4
19.133,145,165.27,270.87
289,403.13,330.6,495.93
103.4,119.4,216.47,268.73
8.4667,1,311.4,89.533
136.47,271.93,209,344.47
328.47,335.93,383.93,511.93
234.6,446.87,298.6,495.93
259.13,234.6,324.2,293.27
276.2,1,383.93,511.93
246.33,1,305,95.933
120.47,216.47,216.47,511.93
1,380.73,122.6,443.67
214.33,383.93,285.8,457.53
252.73,161,314.6,202.6
122.6,40.467,216.47,103.4
120.47,360.47,268.73,471.4
76.733,221.8,220.73,301.8
90.6,1,220.73,132.2
1,252.73,114.07,374.33
204.73,156.73,296.47,291.13
215.4,381.8,262.33,457.53
59.667,1,130.07,110.87
1,402.07,210.07,511.93
1,289,142.87,377.53
1,251.67,157.8,377.53
148.2,34.067,220.73,148.2
264.47,206.87,313.53,278.33
167.4,222.87,227.13,380.73
1,8.4667,81,67.133
246.33,337,293.27,402.07
1,401,119.4,443.67
206.87,440.47,284.73,511.93
74.6,21.267,118.33,65
222.87,45.8,286.87,102.33
8.4667,1,311.4,174.87
121.53,378.6,284.73,511.93
195.13,466.07,277.27,511.93
82.067,1,231.4,254.87
252.73,1,383.93,263.4
167.4,264.47,209,307.13
218.6,360.47,268.73,454.33
1,26.6,191.93,374.33
211.13,151.4,314.6,399.93
1,436.2,143.93,511.93
251.67,183.4,296.47,227.13
252.73,369,378.6,511.93
334.87,335.93,383.93,457.53
33,298.6,95.933,367.93
193,1,294.33,119.4
215.4,381.8,258.07,453.27
121.53,402.07,187.67,449
172.73,220.73,220.73,373.27
243.13,211.13,306.07,259.13
87.4,1,263.4,236.73
92.733,371.13,215.4,477.8
193,1,312.47,155.67
251.67,372.2,321,419.13
108.73,71.4,186.6,278.33
319.93,1,374.33,417
21.267,250.6,178.07,297.53
175.93,450.07,226.07,511.93
205.8,181.27,262.33,238.87
119.4,373.27,213.27,467.13
218.6,360.47,263.4,452.2
21.267,120.47,191.93,297.53
226.07,190.87,353,292.2
59.667,9.5333,130.07,88.467
247.4,1,322.07,90.6
1,25.533,193,319.93
285.8,392.47,328.47,449
264.47,121.53,345.53,193
20.2,126.87,124.73,270.87
113,197.27,231.4,383.93
161,119.4,216.47,228.2
132.2,220.73,220.73,383.93
8.4667,1,81,41.533
254.87,273,335.93,460.73
121.53,392.47,207.93,447.93
74.6,263.4,177,351.93
20.2,97,151.4,270.87
154.6,300.73,207.93,383.93
152.47,122.6,202.6,258.07
75.667,290.07,162.07,335.93
335.93,305,383.93,396.73
218.6,1,305,162.07
14.867,436.2,119.4,478.87
167.4,222.87,210.07,307.13
91.667,442.6,143.93,511.93
228.2,1,301.8,151.4
247.4,78.867,346.6,229.27
246.33,1,365.8,243.13
1,250.6,178.07,377.53
211.13,151.4,314.6,338.07
281.53,81,346.6,231.4
181.27,414.87,251.67,511.93
115.13,257,245.27,511.93
229.27,239.93,311.4,375.4
230.33,210.07,306.07,277.27
205.8,166.33,263.4,238.87
206.87,81,383.93,511.93
87.4,1,214.33,49
253.8,371.13,329.53,418.07
1,1,72.467,298.6
246.33,130.07,310.33,174.87
108.73,50.067,191.93,133.27
1,25.533,110.87,290.07
1,1,209,45.8
122.6,40.467,216.47,228.2
282.6,357.27,371.13,457.53
62.867,58.6,126.87,198.33
90.6,119.4,191.93,268.73
173.8,227.13,262.33,457.53
245.27,1,305,63.933
1,25.533,167.4,293.27
202.6,110.87,301.8,193
226.07,190.87,353,293.27
331.67,1,374.33,393.53
20.2,127.93,85.267,270.87
1,28.733,151.4,298.6
52.2,289,95.933,351.93
1,434.07,168.47,511.93
232.47,131.13,303.93,177
281.53,404.2,349.8,511.93
180.2,89.533,220.73,193
274.07,260.2,358.33,378.6
174.87,119.4,222.87,228.2
213.27,401,285.8,457.53
87.4,1,219.67,49
27.667,287.93,178.07,373.27
117.27,399.93,187.67,456.47
82.067,1,210.07,78.867
246.33,101.27,312.47,155.67
175.93,397.8,311.4,511.93
132.2,216.47,210.07,373.27
83.133,97,127.93,201.53
251.67,419.13,319.93,511.93
152.47,119.4,200.47,194.07
281.53,158.87,344.47,229.27
1,251.67,158.87,377.53
186.6,47.933,324.2,402.07
75.667,290.07,162.07,378.6
1,401,120.47,443.67
333.8,1,383.93,404.2
205.8,166.33,276.2,289
209,110.87,312.47,197.27
246.33,51.133,289,95.933
134.33,454.33,185.53,511.93
204.73,131.13,314.6,402.07
74.6,268.73,177,351.93
109.8,466.07,155.67,511.93
109.8,455.4,188.73,511.93
247.4,140.73,345.53,191.93
186.6,47.933,283.67,236.73
187.67,1,311.4,197.27
242.07,162.07,311.4,271.93
1,25.533,87.4,290.07
219.67,360.47,263.4,410.6
154.6,220.73,220.73,383.93
193,66.067,280.47,130.07
285.8,392.47,328.47,479.93
271.93,294.33,335.93,387.13
1,303.93,198.33,413.8
229.27,239.93,287.93,375.4
213.27,162.07,311.4,246.33
1,99.133,193,319.93
1,27.667,68.2,293.27
239.93,211.13,306.07,291.13
18.067,251.67,68.2,293.27
122.6,397.8,226.07,511.93
147.13,298.6,195.13,373.27
97,43.667,207.93,135.4
258.07,202.6,306.07,271.93
110.87,450.07,182.33,511.93
226.07,198.33,338.07,321
82.067,1,183.4,47.933
1,289,111.93,373.27
149.27,371.13,215.4,455.4
222.87,412.73,284.73,454.33
193,1,293.27,118.33
218.6,45.8,280.47,181.27
247.4,1,301.8,63.933
173.8,119.4,222.87,228.2
132.2,278.33,216.47,403.13
226.07,270.87,307.13,402.07
123.67,408.47,187.67,449
229.27,1,322.07,71.4
18.067,106.6,60.733,228.2
293.27,188.73,343.4,302.87
90.6,161,167.4,265.53
25.533,337,142.87,378.6
27.667,298.6,97,373.27
193,67.133,258.07,116.2
183.4,201.53,227.13,242.07
243.13,36.2,293.27,89.533
253.8,286.87,310.33,338.07
134.33,470.33,175.93,511.93
162.07,135.4,216.47,228.2
193,1,322.07,511.93
264.47,206.87,306.07,274.07
30.867,25.533,72.467,246.33
120.47,9.5333,220.73,148.2
232.47,131.13,308.2,193
17,439.4,101.27,479.93
122.6,120.47,191.93,297.53
1,456.47,115.13,511.93
87.4,8.4667,207.93,49
273,1,351.93,159.93
30.867,25.533,87.4,246.33
206.87,302.87,383.93,511.93
228.2,51.133,289,117.27
281.53,335.93,349.8,511.93
218.6,49,286.87,99.133
138.6,1,220.73,113
108.73,71.4,186.6,151.4
177,353,225,436.2
258.07,101.27,365.8,226.07
274.07,260.2,357.27,378.6
246.33,130.07,310.33,182.33
242.07,157.8,317.8,292.2
1,402.07,119.4,511.93
275.13,226.07,339.13,394.6
121.53,379.67,197.27,447.93
275.13,226.07,349.8,511.93
281.53,81,346.6,460.73
228.2,69.267,346.6,191.93
1,251.67,105.53,374.33
90.6,161,142.87,265.53
114.07,466.07,155.67,511.93
313.53,11.667,365.8,226.07
225,132.2,280.47,181.27
228.2,51.133,295.4,151.4
13.8,26.6,61.8,247.4
215.4,381.8,262.33,451.13
175.93,418.07,311.4,499.13
166.33,89.533,231.4,293.27
335.93,287.93,383.93,396.73
109.8,397.8,311.4,511.93
122.6,119.4,166.33,263.4
242.07,290.07,286.87,341.27
132.2,318.87,178.07,374.33
274.07,252.73,338.07,309.27
115.13,47.933,324.2,511.93
174.87,309.27,216.47,453.27
87.4,1,219.67,72.467
250.6,449,311.4,511.93
241,289,310.33,380.73
230.33,202.6,306.07,277.27
258.07,77.8,383.93,313.53
126.87,119.4,170.6,211.13
59.667,9.5333,100.2,50.067
143.93,433,226.07,511.93
1,337,198.33,413.8
82.067,1,216.47,130.07
119.4,292.2,199.4,401
245.27,449,321,511.93
270.87,1,350.87,130.07
1,436.2,158.87,511.93
1,374.33,187.67,511.93
1,280.47,157.8,377.53
246.33,132.2,303.93,177
202.6,110.87,326.33,196.2
168.47,307.13,226.07,403.13
183.4,197.27,231.4,379.67
74.6,177,124.73,267.67
13.8,26.6,55.4,179.13
174.87,182.33,216.47,228.2
1,251.67,178.07,373.27
175.93,397.8,238.87,511.93
83.133,12.733,130.07,82.067
1,373.27,131.13,511.93
70.333,449,121.53,511.93
115.13,257,245.27,402.07
213.27,162.07,314.6,246.33
14.867,25.533,167.4,267.67
119.4,373.27,213.27,455.4
335.93,303.93,383.93,396.73
121.53,381.8,284.73,457.53
242.07,296.47,310.33,380.73
251.67,371.13,329.53,511.93
186.6,47.933,237.8,116.2
138.6,1,220.73,132.2
251.67,357.27,371.13,511.93
247.4,78.867,346.6,191.93
161,98.067,326.33,242.07
151.4,119.4,200.47,194.07
75.667,287.93,178.07,356.2
156.73,411.67,198.33,479.93
274.07,1,365.8,263.4
266.6,220.73,308.2,277.27
154.6,255.93,207.93,383.93
143.93,455.4,226.07,511.93
140.73,216.47,210.07,321
234.6,418.07,298.6,509.8
126.87,119.4,182.33,268.73
242.07,290.07,307.13,402.07
249.53,1,301.8,59.667
252.73,1,365.8,263.4
107.67,34.067,191.93,83.133
136.47,271.93,200.47,344.47
252.73,177,383.93,511.93
92.733,404.2,210.07,511.93
282.6,232.47,340.2,387.13
148.2,309.27,216.47,511.93
156.73,411.67,209,479.93
188.73,414.87,277.27,511.93
82.067,1,210.07,52.2
108.73,255.93,193,300.73
121.53,402.07,187.67,456.47
140.73,216.47,209,321
242.07,201.53,284.73,274.07
276.2,450.07,346.6,511.93
237.8,262.33,280.47,321
83.133,1,274.07,82.067
92.733,414.87,180.2,477.8
211.13,151.4,271.93,257
132.2,216.47,210.07,376.47
172.73,221.8,220.73,301.8
77.8,271.93,177,344.47
109.8,44.733,216.47,103.4
242.07,190.87,345.53,292.2
168.47,307.13,262.33,403.13
267.67,177,383.93,511.93
270.87,58.6,349.8,140.73
206.87,302.87,338.07,511.93
108.73,73.533,195.13,127.93
1,465,108.73,511.93
193,1,322.07,392.47
52.2,1,311.4,89.533
14.867,436.2,119.4,482.07
229.27,239.93,316.73,375.4
227.13,269.8,292.2,378.6
52.2,1,275.13,89.533
202.6,404.2,266.6,511.93
186.6,47.933,311.4,271.93
1,373.27,198.33,413.8
1,436.2,121.53,511.93
136.47,254.87,209,344.47
62.867,119.4,145,267.67
126.87,119.4,194.07,231.4
279.4,458.6,321,511.93
193,1,295.4,119.4
222.87,78.867,271.93,162.07
252.73,374.33,378.6,511.93
229.27,157.8,322.07,392.47
253.8,371.13,329.53,511.93
90.6,1,220.73,193
149.27,406.33,209,455.4
108.73,50.067,207.93,130.07
162.07,142.87,216.47,228.2
189.8,70.333,263.4,236.73
211.13,151.4,314.6,380.73
289,161,343.4,302.87
1,252.73,114.07,359.4
230.33,202.6,338.07,309.27
123.67,404.2,196.2,455.4
1,436.2,118.33,499.13
114.07,120.47,184.47,278.33
161,113,207.93,193
29.8,302.87,79.933,367.93
70.333,461.8,117.27,511.93
161,70.333,263.4,236.73
110.87,305,153.53,356.2
140.73,135.4,184.47,268.73
1,373.27,143.93,511.93
242.07,193,306.07,275.13
180.2,72.467,233.53,142.87
1,305,74.6,375.4
125.8,404.2,191.93,453.27
116.2,403.13,216.47,511.93
290.07,78.867,346.6,159.93
1,373.27,129,415.93
251.67,418.07,326.33,511.93
251.67,162.07,311.4,228.2
119.4,373.27,198.33,453.27
193,1,293.27,189.8
1,97,151.4,298.6
198.33,440.47,284.73,511.93
227.13,247.4,292.2,378.6
205.8,178.07,263.4,236.73
328.47,303.93,383.93,511.93
276.2,431.93,324.2,511.93
161,98.067,353,293.27
1,439.4,121.53,511.93
225,120.47,280.47,181.27
148.2,9.5333,220.73,148.2
161,98.067,207.93,193
297.53,77.8,383.93,313.53
1,251.67,166.33,303.93
1,289,111.93,375.4
229.27,190.87,314.6,296.47
267.67,188.73,376.47,394.6
328.47,367.93,383.93,511.93
126.87,119.4,193,297.53
213.27,372.2,321,509.8
328.47,417,383.93,470.33
92.733,404.2,207.93,511.93
169.53,181.27,232.47,371.13
248.47,334.87,289,398.87
202.6,1,275.13,65
328.47,403.13,383.93,511.93
276.2,462.87,372.2,511.93
223.93,182.33,271.93,246.33
229.27,158.87,317.8,374.33
14.867,27.667,68.2,264.47
13.8,26.6,55.4,111.93
211.13,114.07,253.8,181.27
258.07,97,347.67,249.53
229.27,202.6,306.07,374.33
152.47,119.4,203.67,212.2
204.73,156.73,314.6,291.13
194.07,231.4,262.33,457.53
211.13,231.4,262.33,457.53
108.73,71.4,182.33,139.67
18.067,106.6,60.733,247.4
218.6,1,301.8,162.07
114.07,119.4,181.27,268.73
236.73,51.133,289,117.27
191.93,70.333,271.93,236.73
218.6,45.8,271.93,123.67
223.93,172.73,271.93,246.33
65,9.5333,216.47,98.067
228.2,190.87,314.6,380.73
270.87,1,350.87,140.73
51.133,1,305,98.067
219.67,334.87,289,410.6
1,337,143.93,511.93
214.33,378.6,328.47,457.53
108.73,50.067,233.53,142.87
18.067,251.67,82.067,293.27
101.27,399.93,179.13,456.47
180.2,72.467,228.2,126.87
76.733,255.93,193,300.73
18.067,25.533,100.2,246.33
101.27,399.93,143.93,454.33
183.4,197.27,231.4,242.07
126.87,119.4,193,319.93
276.2,303.93,383.93,511.93
227.13,247.4,292.2,402.07
242.07,316.73,289,374.33
143.93,458.6,226.07,511.93
245.27,1,311.4,63.933
175.93,397.8,226.07,511.93
273,1,353,141.8
236.73,77.8,305,151.4
175.93,461.8,226.07,511.93
218.6,360.47,263.4,454.33
69.267,442.6,132.2,511.93
266.6,234.6,308.2,277.27
230.33,451.13,321,509.8
116.2,455.4,175.93,511.93
229.27,269.8,306.07,325.27
226.07,190.87,345.53,292.2
31.933,289,82.067,337
204.73,156.73,286.87,291.13
198.33,1,274.07,66.067
78.867,177,124.73,267.67
213.27,169.53,271.93,246.33
151.4,119.4,231.4,254.87
123.67,411.67,179.13,456.47
132.2,278.33,251.67,511.93
333.8,295.4,383.93,404.2
1,436.2,120.47,483.13
122.6,119.4,181.27,268.73
291.13,190.87,344.47,239.93
277.27,462.87,323.13,511.93
202.6,110.87,279.4,189.8
175.93,417,216.47,511.93
139.67,1,193,47.933
161,98.067,263.4,242.07
252.73,374.33,321,419.13
211.13,151.4,271.93,246.33
52.2,1,129,205.8
193,381.8,284.73,457.53
70.333,337,142.87,378.6
77.8,119.4,193,319.93
246.33,101.27,312.47,153.53
52.2,11.667,130.07,222.87
84.2,1,214.33,47.933
229.27,239.93,305,375.4
52.2,11.667,130.07,89.533
297.53,188.73,376.47,313.53
1,374.33,179.13,456.47
252.73,374.33,378.6,427.67
13.8,26.6,61.8,225
253.8,418.07,363.67,511.93
286.87,1,350.87,69.267
246.33,1,350.87,182.33
234.6,446.87,298.6,503.4
156.73,411.67,209,511.93
158.87,242.07,209,321
223.93,172.73,286.87,291.13
219.67,305,289,410.6
59.667,1,122.6,110.87
126.87,85.267,207.93,132.2
65,298.6,111.93,361.53
1,434.07,118.33,505.53
280.47,1,353,141.8
193,1,286.87,93.8
274.07,289,358.33,378.6
245.27,1,305,57.533
108.73,71.4,182.33,121.53
1,303.93,79.933,373.27
328.47,77.8,383.93,511.93
173.8,309.27,216.47,476.73
282.6,220.73,340.2,387.13
244.2,418.07,319.93,511.93
109.8,458.6,158.87,511.93
52.2,11.667,130.07,82.067
321,421.27,363.67,497
27.667,298.6,111.93,373.27
248.47,372.2,319.93,419.13
313.53,1,365.8,226.07
281.53,81,346.6,170.6
52.2,1,129,214.33
218.6,36.2,293.27,89.533
123.67,404.2,191.93,453.27
136.47,181.27,232.47,371.13
335.93,77.8,383.93,396.73
120.47,71.4,202.6,140.73
258.07,97,347.67,229.27
162.07,143.93,216.47,228.2
19.133,99.133,165.27,270.87
234.6,446.87,298.6,509.8
121.53,379.67,197.27,453.27
266.6,189.8,314.6,277.27
277.27,413.8,324.2,460.73
215.4,381.8,284.73,457.53
1,373.27,207.93,453.27
47.933,25.533,100.2,246.33
175.93,458.6,216.47,511.93
230.33,232.47,276.2,289
174.87,182.33,216.47,227.13
247.4,1,353,141.8
310.33,191.93,362.6,263.4
276.2,462.87,346.6,511.93
108.73,71.4,182.33,127.93
228.2,69.267,305,151.4
65,21.267,129,82.067
126.87,119.4,182.33,231.4
175.93,399.93,251.67,511.93
17,439.4,121.53,485.27
151.4,119.4,194.07,170.6
120.47,373.27,198.33,413.8
1,305,143.93,511.93
122.6,411.67,182.33,453.27
51.133,1,216.47,98.067
253.8,296.47,310.33,338.07
142.87,377.53,213.27,455.4
191.93,70.333,233.53,236.73
121.53,120.47,193,278.33
108.73,50.067,216.47,130.07
175.93,449,251.67,511.93
153.53,135.4,194.07,249.53
116.2,445.8,226.07,511.93
265.53,431.93,324.2,511.93
1,252.73,163.13,303.93
134.33,455.4,178.07,511.93
74.6,21.267,129,82.067
52.2,1,171.67,267.67
281.53,121.53,345.53,170.6
126.87,85.267,207.93,140.73
1,1,81,67.133
227.13,158.87,317.8,381.8
65,97,126.87,198.33
231.4,120.47,271.93,162.07
333.8,77.8,383.93,404.2
145,455.4,188.73,511.93
205.8,110.87,277.27,193
143.93,458.6,216.47,511.93
161,117.27,204.73,193
151.4,10.6,217.53,82.067
299.67,188.73,343.4,229.27
83.133,126.87,126.87,193
65,12.733,129,89.533
148.2,34.067,215.4,83.133
251.67,446.87,315.67,508.73
120.47,71.4,182.33,127.93
131.13,319.93,207.93,376.47
215.4,382.87,258.07,453.27
194.07,113,263.4,236.73
162.07,143.93,263.4,242.07
202.6,110.87,277.27,193
175.93,449,251.67,499.13
143.93,271.93,226.07,403.13
293.27,226.07,339.13,302.87
174.87,309.27,216.47,403.13
143.93,194.07,193,268.73
277.27,462.87,346.6,511.93
322.07,449,372.2,511.93
322.07,449,383.93,511.93
120.47,71.4,187.67,140.73
132.2,292.2,195.13,373.27
74.6,290.07,146.07,351.93
246.33,42.6,294.33,95.933
258.07,202.6,312.47,271.93
121.53,396.73,196.2,453.27
247.4,140.73,345.53,229.27
223.93,126.87,305,197.27
244.2,374.33,321,511.93
236.73,77.8,305,129
307.13,1,350.87,69.267
245.27,418.07,311.4,472.47
335.93,252.73,383.93,396.73
227.13,274.07,290.07,378.6
251.67,446.87,319.93,511.93
174.87,171.67,221.8,228.2
1,252.73,114.07,370.07
162.07,143.93,221.8,242.07
67.133,401,143.93,442.6
22.333,251.67,101.27,294.33
249.53,1,305,47.933
266.6,223.93,308.2,277.27
108.73,84.2,231.4,293.27
131.13,324.2,207.93,376.47
242.07,157.8,317.8,274.07
183.4,197.27,231.4,254.87
251.67,162.07,311.4,206.87
275.13,1,319.93,57.533
1,397.8,127.93,442.6
251.67,418.07,315.67,508.73
242.07,190.87,344.47,292.2
1,25.533,58.6,84.2
90.6,1,223.93,193
218.6,45.8,271.93,162.07
52.2,1,122.6,110.87
65,41.533,122.6,98.067
1,465,100.2,511.93
31.933,289,111.93,361.53
1,252.73,166.33,303.93
232.47,131.13,303.93,193
242.07,307.13,282.6,376.47
8.4667,1,59.667,178.07
247.4,152.47,345.53,229.27
278.33,226.07,339.13,302.87
79.933,388.2,196.2,447.93
82.067,1,178.07,47.933
227.13,270.87,307.13,402.07
213.27,182.33,257,378.6
235.67,78.867,280.47,131.13
143.93,119.4,216.47,268.73
276.2,458.6,321,511.93
242.07,290.07,290.07,341.27
253.8,378.6,328.47,449
282.6,392.47,371.13,457.53
154.6,321,207.93,383.93
143.93,271.93,199.4,376.47
60.733,35.133,107.67,110.87
213.27,402.07,258.07,457.53
251.67,166.33,311.4,206.87
177,257,225,388.2
223.93,172.73,286.87,253.8
20.2,58.6,126.87,270.87
1,388.2,196.2,447.93
310.33,200.47,353,249.53
228.2,59.667,286.87,102.33
278.33,459.67,319.93,511.93
92.733,453.27,149.27,511.93
258.07,101.27,347.67,154.6
257,290.07,316.73,331.67
278.33,226.07,339.13,306.07
218.6,52.2,286.87,99.133
258.07,1,311.4,70.333
274.07,1,365.8,243.13
278.33,188.73,343.4,302.87
141.8,255.93,193,297.53
276.2,460.73,321,511.93
282.6,294.33,335.93,387.13
13.8,26.6,58.6,163.13
162.07,135.4,216.47,242.07
258.07,101.27,319.93,143.93
58.6,1,130.07,88.467
154.6,142.87,202.6,231.4
188.73,414.87,251.67,499.13
63.933,124.73,107.67,267.67
83.133,12.733,185.53,78.867
1,25.533,58.6,293.27
294.33,418.07,363.67,497
115.13,257,225,388.2
216.47,405.27,258.07,463.93
242.07,290.07,293.27,402.07
213.27,402.07,261.27,457.53
136.47,271.93,177,344.47
122.6,120.47,191.93,268.73
225,157.8,322.07,392.47
242.07,220.73,308.2,292.2
251.67,418.07,315.67,485.27
233.53,306.07,280.47,375.4
98.067,305,143.93,356.2
235.67,401,285.8,452.2
83.133,12.733,125.8,82.067
289,232.47,340.2,302.87
216.47,404.2,258.07,457.53
253.8,378.6,328.47,419.13
259.13,273,335.93,387.13
1,465,76.733,511.93
212.2,385,258.07,463.93
258.07,190.87,344.47,241
13.8,26.6,59.667,178.07
202.6,404.2,265.53,479.93
107.67,1,220.73,132.2
230.33,202.6,316.73,277.27
227.13,241,292.2,402.07
330.6,460.73,383.93,511.93
289,161,341.27,302.87
1,388.2,207.93,453.27
274.07,260.2,360.47,378.6
148.2,34.067,216.47,86.333
251.67,446.87,298.6,495.93
330.6,460.73,379.67,511.93
271.93,121.53,345.53,193
235.67,172.73,286.87,217.53
108.73,84.2,207.93,127.93
229.27,239.93,284.73,375.4
274.07,289,357.27,378.6
22.333,251.67,84.2,294.33
90.6,119.4,131.13,266.6
33,298.6,85.267,367.93
275.13,419.13,326.33,511.93
1,436.2,118.33,511.93
202.6,110.87,277.27,189.8
1,251.67,163.13,303.93
132.2,278.33,195.13,373.27
61.8,52.2,122.6,174.87
121.53,392.47,197.27,447.93
310.33,212.2,350.87,263.4
334.87,303.93,383.93,457.53
242.07,307.13,290.07,376.47
92.733,451.13,134.33,511.93
13.8,26.6,61.8,205.8
267.67,308.2,311.4,369
1,26.6,151.4,298.6
278.33,418.07,363.67,511.93
149.27,8.4667,220.73,113
241,289,290.07,376.47
246.33,354.07,293.27,402.07
83.133,10.6,217.53,82.067
122.6,407.4,185.53,453.27
17,441.53,119.4,497
275.13,294.33,335.93,394.6
242.07,305,287.93,380.73
151.4,119.4,199.4,187.67
229.27,239.93,274.07,324.2
266.6,201.53,314.6,277.27
27.667,465,76.733,511.93
193,1,293.27,93.8
59.667,9.5333,122.6,110.87
220.73,73.533,279.4,118.33
47.933,292.2,157.8,377.53
264.47,121.53,345.53,302.87
180.2,72.467,233.53,146.07
152.47,9.5333,220.73,113
242.07,305,289,380.73
175.93,403.13,216.47,511.93
65,12.733,149.27,98.067
59.667,1,130.07,88.467
294.33,392.47,378.6,497
243.13,197.27,299.67,248.47
17,439.4,121.53,505.53
258.07,101.27,347.67,188.73
181.27,1,305,57.533
255.93,158.87,344.47,229.27
13.8,26.6,57.533,163.13
156.73,119.4,216.47,227.13
252.73,418.07,363.67,511.93
41.533,465,100.2,511.93
180.2,89.533,231.4,233.53
12.733,436.2,120.47,479.93
227.13,274.07,292.2,378.6
186.6,47.933,280.47,236.73
1,25.533,55.4,67.133
174.87,171.67,221.8,242.07
172.73,89.533,220.73,132.2
116.2,455.4,175.93,506.6
172.73,89.533,226.07,166.33
17,251.67,84.2,294.33
52.2,11.667,118.33,74.6
131.13,139.67,171.67,235.67
84.2,119.4,145,267.67
1,252.73,111.93,331.67
180.2,89.533,220.73,233.53
162.07,142.87,219.67,242.07
254.87,418.07,311.4,468.2
147.13,119.4,216.47,231.4
122.6,119.4,170.6,211.13
122.6,119.4,171.67,235.67
65,12.733,129,82.067
330.6,1,383.93,191.93
313.53,1,365.8,236.73
152.47,122.6,219.67,242.07
255.93,175.93,332.73,229.27
90.6,119.4,181.27,268.73
334.87,382.87,383.93,457.53
166.33,222.87,209,293.27
33,298.6,79.933,367.93
281.53,81,346.6,228.2
174.87,119.4,216.47,228.2
122.6,407.4,182.33,453.27
227.13,264.47,292.2,378.6
1,252.73,166.33,356.2
186.6,47.933,286.87,236.73
186.6,47.933,237.8,121.53
251.67,162.07,311.4,227.13
1,436.2,51.133,483.13
258.07,97,347.67,170.6
122.6,119.4,179.13,268.73
205.8,110.87,277.27,179.13
1,252.73,114.07,367.93
202.6,1,249.53,46.867
52.2,289,103.4,359.4
118.33,40.467,216.47,82.067
258.07,97,347.67,154.6
259.13,220.73,324.2,293.27
205.8,166.33,262.33,238.87
143.93,170.6,191.93,268.73
313.53,127.93,365.8,226.07
220.73,71.4,281.53,118.33
270.87,58.6,349.8,130.07
59.667,9.5333,130.07,82.067
235.67,406.33,284.73,452.2
1,436.2,47.933,483.13
143.93,216.47,191.93,268.73
274.07,260.2,360.47,394.6
83.133,123.67,126.87,193
84.2,119.4,167.4,267.67
194.07,113,264.47,236.73
194.07,113,237.8,187.67
74.6,290.07,153.53,351.93
1,252.73,111.93,318.87
52.2,1,214.33,89.533
83.133,97,126.87,193
235.67,406.33,285.8,452.2
175.93,9.5333,216.47,86.333
140.73,135.4,191.93,268.73
278.33,418.07,326.33,511.93
328.47,403.13,383.93,470.33
220.73,77.8,276.2,118.33
156.73,119.4,207.93,193
255.93,101.27,365.8,229.27
140.73,216.47,184.47,268.73
122.6,395.67,207.93,453.27
152.47,119.4,205.8,225
255.93,162.07,311.4,202.6
289,82.067,341.27,126.87
46.867,442.6,143.93,511.93
277.27,462.87,318.87,511.93
74.6,261.27,166.33,356.2
78.867,183.4,151.4,268.73
62.867,194.07,103.4,267.67
30.867,465,76.733,511.93
60.733,35.133,122.6,110.87
98.067,305,143.93,351.93
186.6,47.933,264.47,236.73
104.47,9.5333,216.47,82.067
29.8,298.6,95.933,367.93
259.13,251.67,324.2,293.27
21.267,69.267,61.8,205.8
17,439.4,108.73,485.27
171.67,180.2,216.47,227.13
52.2,1,213.27,89.533
65,21.267,129,98.067
52.2,1,129,89.533
228.2,66.067,280.47,130.07
131.13,321,206.87,376.47
194.07,113,237.8,236.73
52.2,289,114.07,359.4
255.93,157.8,317.8,202.6
12.733,436.2,57.533,479.93
281.53,81,346.6,154.6
282.6,327.4,327.4,387.13
74.6,261.27,166.33,314.6
1,373.27,129,421.27
65,29.8,122.6,98.067
139.67,1,214.33,47.933
270.87,58.6,341.27,140.73
270.87,82.067,341.27,130.07
181.27,1,249.53,46.867
78.867,183.4,124.73,267.67
286.87,14.867,335.93,69.267
335.93,417,383.93,457.53
286.87,294.33,335.93,369
108.73,84.2,156.73,127.93
121.53,396.73,196.2,447.93
193,67.133,237.8,116.2
