1,1,223.93,511.93
55.4,1,203.67,195.13
174.87,1,360.47,511.93
62.867,1,274.07,511.93
1,1,167.4,511.93
102.33,47.933,186.6,251.67
103.4,262.33,216.47,511.93
136.47,162.07,179.13,213.27
1,1,383.93,511.93
65,245.27,162.07,376.47
1,1,225,511.93
102.33,185.53,217.53,273
20.2,259.13,165.27,511.93
178.07,1,383.93,465
62.867,1,212.2,277.27
1,1,221.8,511.93
1,1,191.93,511.93
178.07,1,362.6,465
1,1,225,251.67
1,1,114.07,162.07
1,170.6,162.07,511.93
178.07,1,351.93,463.93
169.53,1,383.93,511.93
73.533,1,221.8,511.93
1,1,165.27,511.93
73.533,118.33,115.13,178.07
1,1,274.07,511.93
100.2,205.8,216.47,511.93
89.533,1,225,511.93
1,157.8,165.27,511.93
124.73,1,179.13,44.733
105.53,1,226.07,227.13
164.2,167.4,226.07,227.13
62.867,1,274.07,277.27
1,1,90.6,229.27
1,1,226.07,511.93
118.33,167.4,216.47,511.93
178.07,1,383.93,511.93
174.87,1,383.93,511.93
89.533,1,179.13,44.733
20.2,1,165.27,511.93
1,199.4,206.87,511.93
55.4,1,223.93,511.93
1,155.67,182.33,511.93
1,1,221.8,265.53
294.33,1,383.93,277.27
55.4,1,223.93,195.13
15.933,312.47,134.33,426.6
1,98.067,66.067,166.33
174.87,163.13,383.93,511.93
110.87,47.933,183.4,187.67
129,33,193,108.73
114.07,1,225,251.67
179.13,17,293.27,325.27
1,263.4,165.27,439.4
90.6,170.6,162.07,219.67
299.67,1,383.93,511.93
118.33,363.67,177,511.93
94.867,1,185.53,43.667
125.8,235.67,193,418.07
1,1,216.47,511.93
1,232.47,92.733,511.93
1,341.27,69.267,425.53
118.33,214.33,193,511.93
118.33,214.33,206.87,511.93
1,1,114.07,161
1,168.47,85.267,321
1,1,115.13,188.73
103.4,372.2,195.13,511.93
15.933,370.07,84.2,428.73
1,213.27,165.27,426.6
1,150.33,90.6,229.27
119.4,366.87,161,460.73
82.067,162.07,179.13,218.6
1,1,114.07,511.93
82.067,47.933,217.53,277.27
86.333,292.2,142.87,338.07
1,157.8,108.73,300.73
114.07,14.867,191.93,189.8
38.333,263.4,147.13,342.33
68.2,120.47,108.73,177
1,130.07,162.07,511.93
1,157.8,114.07,511.93
171.67,199.4,216.47,310.33
55.4,33,154.6,187.67
105.53,47.933,197.27,214.33
1,1,132.2,74.6
90.6,170.6,163.13,219.67
1,1,162.07,511.93
103.4,363.67,182.33,511.93
43.667,1,226.07,511.93
305,1,383.93,239.93
104.47,102.33,155.67,181.27
114.07,1,225,189.8
85.267,119.4,167.4,221.8
1,100.2,117.27,340.2
108.73,1,274.07,511.93
118.33,372.2,177,511.93
78.867,356.2,125.8,423.4
100.2,212.2,162.07,281.53
1,168.47,72.467,251.67
1,1,191.93,300.73
25.533,408.47,71.4,482.07
1,321,134.33,443.67
171.67,1,291.13,420.2
62.867,1,217.53,277.27
82.067,170.6,162.07,262.33
1,157.8,47.933,222.87
1,1,180.2,340.2
107.67,1,191.93,115.13
134.33,111.93,177,185.53
1,170.6,167.4,511.93
26.6,254.87,162.07,390.33
1,1,61.8,54.333
1,213.27,116.2,402.07
22.333,319.93,92.733,393.53
43.667,1,226.07,310.33
116.2,167.4,216.47,511.93
1,382.87,118.33,511.93
130.07,40.467,183.4,94.867
1,1,74.6,54.333
85.267,119.4,167.4,219.67
43.667,155.67,216.47,310.33
188.73,1,274.07,159.93
121.53,343.4,172.73,504.47
1,289,134.33,511.93
178.07,1,351.93,511.93
118.33,398.87,158.87,490.6
1,1,116.2,194.07
118.33,363.67,178.07,511.93
19.133,285.8,66.067,392.47
171.67,1,383.93,511.93
204.73,1,274.07,151.4
121.53,343.4,180.2,511.93
1,326.33,171.67,511.93
1,1,167.4,300.73
108.73,363.67,178.07,511.93
1,196.2,65,249.53
1,275.13,66.067,393.53
47.933,254.87,167.4,382.87
20.2,170.6,167.4,511.93
105.53,1,202.6,115.13
147.13,39.4,225,494.87
55.4,1,203.67,187.67
108.73,39.4,225,511.93
41.533,170.6,117.27,279.4
1,1,132.2,152.47
73.533,1,188.73,195.13
1,49,97,161
1,1,179.13,237.8
194.07,1,274.07,193
1,259.13,165.27,511.93
105.53,162.07,164.2,214.33
55.4,51.133,197.27,187.67
1,1,114.07,249.53
120.47,214.33,186.6,254.87
132.2,1,180.2,43.667
1,308.2,71.4,511.93
89.533,1,180.2,47.933
1,1,111.93,99.133
140.73,95.933,181.27,181.27
89.533,1,225,251.67
1,289,134.33,466.07
1,1,110.87,229.27
1,1,180.2,161
68.2,31.933,132.2,177
1,244.2,43.667,287.93
155.67,62.867,216.47,251.67
146.07,214.33,188.73,261.27
110.87,47.933,183.4,181.27
1,318.87,77.8,466.07
179.13,1,221.8,264.47
161,1,226.07,227.13
1,130.07,85.267,251.67
106.6,119.4,167.4,195.13
1,1,110.87,175.93
20.2,262.33,182.33,511.93
20.2,170.6,165.27,511.93
121.53,214.33,206.87,262.33
79.933,364.73,134.33,421.27
1,98.067,162.07,237.8
95.933,41.533,175.93,182.33
75.667,315.67,150.33,376.47
1,262.33,182.33,511.93
1,168.47,83.133,321
1,1,179.13,182.33
38.333,263.4,165.27,418.07
118.33,372.2,182.33,511.93
1,303.93,77.8,466.07
14.867,94.867,77.8,165.27
82.067,181.27,147.13,255.93
84.2,1,179.13,78.867
140.73,117.27,181.27,179.13
102.33,115.13,154.6,181.27
20.2,409.53,118.33,511.93
82.067,181.27,217.53,277.27
47.933,252.73,216.47,418.07
155.67,1,225,251.67
95.933,43.667,175.93,182.33
20.2,353,134.33,511.93
1,98.067,118.33,237.8
264.47,163.13,383.93,511.93
109.8,1,203.67,115.13
124.73,1,180.2,47.933
102.33,47.933,184.47,221.8
162.07,167.4,212.2,225
38.333,263.4,118.33,330.6
105.53,47.933,212.2,225
1,100.2,69.267,321
302.87,1,383.93,511.93
15.933,319.93,103.4,426.6
1,252.73,216.47,511.93
68.2,31.933,135.4,187.67
100.2,212.2,167.4,281.53
139.67,167.4,216.47,319.93
1,1,97,204.73
108.73,123.67,153.53,181.27
103.4,372.2,182.33,511.93
105.53,93.8,164.2,214.33
179.13,1,293.27,325.27
90.6,119.4,167.4,219.67
129,1,212.2,225
1,1,90.6,233.53
118.33,235.67,193,511.93
1,196.2,66.067,321
124.73,1,185.53,43.667
324.2,291.13,383.93,511.93
100.2,86.333,177,187.67
1,363.67,71.4,441.53
157.8,1,221.8,232.47
76.733,170.6,156.73,237.8
155.67,95.933,197.27,148.2
68.2,1,203.67,187.67
19.133,275.13,66.067,392.47
1,317.8,100.2,511.93
104.47,124.73,155.67,181.27
76.733,170.6,145,237.8
1,1,97,161
1,308.2,72.467,511.93
180.2,431.93,337,511.93
118.33,343.4,180.2,511.93
264.47,1,383.93,511.93
100.2,86.333,154.6,181.27
159.93,1,202.6,109.8
108.73,117.27,154.6,182.33
82.067,181.27,190.87,277.27
22.333,1,115.13,52.2
1,114.07,66.067,166.33
43.667,170.6,167.4,382.87
125.8,235.67,193,511.93
123.67,1,181.27,43.667
1,237.8,50.067,292.2
151.4,252.73,216.47,418.07
87.4,309.27,165.27,418.07
26.6,170.6,162.07,390.33
157.8,65,212.2,205.8
62.867,1,212.2,262.33
126.87,364.73,172.73,504.47
62.867,1,203.67,187.67
43.667,51.133,216.47,310.33
1,1,115.13,165.27
40.467,1,123.67,175.93
76.733,155.67,174.87,292.2
43.667,155.67,164.2,253.8
196.2,1,274.07,209
1,199.4,206.87,426.6
1,232.47,45.8,278.33
124.73,1,182.33,49
110.87,116.2,155.67,182.33
1,130.07,90.6,229.27
105.53,155.67,164.2,214.33
1,1,179.13,161
95.933,1,181.27,43.667
7.4,70.333,77.8,126.87
56.467,1,167.4,300.73
158.87,1,212.2,225
82.067,181.27,161,262.33
107.67,116.2,216.47,265.53
1,157.8,41.533,222.87
188.73,1,274.07,209
113,199.4,206.87,254.87
1,155.67,174.87,439.4
100.2,212.2,167.4,374.33
134.33,372.2,182.33,494.87
82.067,181.27,162.07,262.33
119.4,263.4,180.2,511.93
154.6,1,221.8,264.47
1,326.33,84.2,511.93
1,328.47,75.667,436.2
89.533,1,188.73,184.47
56.467,120.47,167.4,300.73
95.933,29.8,188.73,182.33
113,199.4,206.87,262.33
68.2,45.8,132.2,177
1,428.73,77.8,511.93
62.867,1,177,262.33
39.4,1,111.93,99.133
1,471.4,41.533,511.93
1,289,182.33,511.93
1,213.27,124.73,402.07
100.2,205.8,162.07,255.93
147.13,235.67,193,418.07
118.33,428.73,171.67,511.93
94.867,199.4,206.87,319.93
109.8,1,203.67,163.13
1,168.47,72.467,217.53
21.267,259.13,165.27,426.6
56.467,63.933,106.6,175.93
1,157.8,108.73,307.13
1,157.8,104.47,300.73
110.87,42.6,177,115.13
118.33,1,179.13,44.733
94.867,231.4,149.27,292.2
118.33,237.8,180.2,511.93
1,308.2,134.33,511.93
13.8,317.8,91.667,402.07
120.47,177,209,264.47
20.2,410.6,157.8,511.93
3.1333,275.13,66.067,393.53
39.4,1,111.93,74.6
1,321,134.33,511.93
1,1,115.13,72.467
122.6,354.07,168.47,456.47
1,157.8,104.47,276.2
110.87,51.133,181.27,181.27
1,232.47,92.733,466.07
90.6,170.6,162.07,218.6
62.867,31.933,177,177
342.33,1,383.93,102.33
1,142.87,90.6,229.27
102.33,93.8,178.07,221.8
1,146.07,75.667,249.53
179.13,17,291.13,325.27
103.4,407.4,147.13,491.67
1,1,116.2,188.73
119.4,414.87,159.93,460.73
124.73,1,180.2,43.667
158.87,119.4,205.8,190.87
89.533,1,188.73,182.33
150.33,252.73,216.47,418.07
108.73,124.73,155.67,181.27
172.73,201.53,216.47,251.67
1,168.47,74.6,321
20.2,408.47,135.4,511.93
105.53,1,191.93,115.13
342.33,225,383.93,277.27
12.733,1,110.87,175.93
117.27,1,221.8,511.93
73.533,118.33,117.27,195.13
20.2,410.6,116.2,511.93
52.2,170.6,117.27,279.4
82.067,181.27,147.13,245.27
56.467,60.733,110.87,175.93
15.933,229.27,90.6,271.93
62.867,1,138.6,147.13
38.333,259.13,162.07,380.73
1,100.2,117.27,321
109.8,29.8,188.73,182.33
38.333,259.13,165.27,439.4
57.533,313.53,114.07,383.93
100.2,205.8,162.07,262.33
337,291.13,383.93,353
20.2,408.47,157.8,511.93
73.533,68.2,115.13,178.07
117.27,214.33,193,511.93
73.533,68.2,216.47,265.53
85.267,119.4,167.4,195.13
120.47,119.4,167.4,188.73
147.13,194.07,217.53,273
146.07,217.53,188.73,261.27
119.4,414.87,159.93,482.07
207.93,1,274.07,87.4
139.67,263.4,180.2,508.73
1,364.73,41.533,425.53
127.93,262.33,178.07,419.13
118.33,262.33,182.33,511.93
95.933,1,188.73,182.33
1,155.67,174.87,300.73
1,328.47,71.4,438.33
1,419.13,75.667,511.93
103.4,170.6,162.07,218.6
1,371.13,71.4,438.33
1,371.13,69.267,441.53
20.2,408.47,127.93,511.93
79.933,353,134.33,421.27
38.333,259.13,165.27,418.07
1,130.07,69.267,185.53
154.6,177,205.8,225
49,271.93,111.93,329.53
20.2,354.07,171.67,511.93
100.2,212.2,162.07,255.93
41.533,1,179.13,147.13
118.33,420.2,195.13,511.93
94.867,1,180.2,43.667
1,1,102.33,204.73
1,228.2,76.733,337
139.67,263.4,180.2,511.93
78.867,408.47,127.93,511.93
1,1,221.8,232.47
100.2,214.33,156.73,281.53
38.333,259.13,93.8,346.6
69.267,130.07,110.87,187.67
110.87,51.133,183.4,181.27
1,275.13,134.33,439.4
78.867,467.13,121.53,511.93
1,1,72.467,95.933
1,363.67,77.8,466.07
17,1,115.13,72.467
171.67,17,291.13,420.2
181.27,1,223.93,177
126.87,427.67,169.53,504.47
53.267,408.47,127.93,511.93
62.867,31.933,177,262.33
82.067,102.33,162.07,262.33
161,114.07,226.07,227.13
181.27,1,225,186.6
1,341.27,41.533,425.53
13.8,317.8,100.2,402.07
15.933,202.6,99.133,276.2
110.87,33,193,115.13
305,1,383.93,244.2
110.87,1,203.67,115.13
1,100.2,62.867,162.07
119.4,415.93,161,460.73
1,289,71.4,438.33
1,409.53,118.33,511.93
61.8,170.6,116.2,243.13
83.133,1,180.2,43.667
41.533,1,102.33,74.6
106.6,285.8,162.07,331.67
1,402.07,42.6,475.67
173.8,303.93,216.47,420.2
1,213.27,108.73,340.2
71.4,263.4,142.87,380.73
1,419.13,41.533,508.73
104.47,118.33,154.6,183.4
145,1,203.67,109.8
118.33,354.07,171.67,511.93
118.33,364.73,171.67,511.93
20.2,410.6,127.93,511.93
1,130.07,162.07,376.47
1,168.47,85.267,508.73
65,292.2,150.33,376.47
155.67,62.867,213.27,215.4
1,321,71.4,511.93
139.67,167.4,216.47,260.2
158.87,1,203.67,190.87
118.33,262.33,180.2,511.93
89.533,31.933,177,120.47
1,168.47,72.467,273
1,363.67,71.4,466.07
71.4,118.33,154.6,187.67
159.93,1,203.67,109.8
117.27,226.07,190.87,277.27
117.27,306.07,162.07,347.67
1,213.27,108.73,300.73
1,157.8,70.333,235.67
41.533,1,138.6,147.13
1,363.67,71.4,511.93
131.13,51.133,183.4,181.27
15.933,319.93,134.33,426.6
1,202.6,104.47,300.73
40.467,1,102.33,74.6
164.2,130.07,226.07,227.13
114.07,14.867,189.8,126.87
1,411.67,81,511.93
99.133,214.33,147.13,255.93
15.933,375.4,75.667,428.73
1,98.067,70.333,235.67
1,98.067,72.467,204.73
15.933,229.27,99.133,276.2
1,453.27,55.4,511.93
131.13,47.933,184.47,179.13
119.4,167.4,216.47,511.93
26.6,321,92.733,390.33
100.2,214.33,155.67,255.93
22.333,319.93,103.4,393.53
56.467,120.47,118.33,237.8
1,328.47,75.667,511.93
172.73,1,225,251.67
117.27,191.93,216.47,310.33
34.067,239.93,111.93,307.13
27.667,356.2,125.8,511.93
3.1333,155.67,72.467,204.73
121.53,354.07,172.73,504.47
62.867,120.47,108.73,177
1,328.47,75.667,451.13
1,98.067,47.933,140.73
55.4,1,102.33,73.533
119.4,155.67,164.2,214.33
179.13,17,286.87,323.13
49,245.27,117.27,329.53
54.333,313.53,134.33,439.4
1,1,116.2,508.73
99.133,254.87,139.67,312.47
140.73,101.27,186.6,182.33
36.2,62.867,79.933,127.93
84.2,1,188.73,182.33
94.867,235.67,167.4,319.93
121.53,214.33,206.87,254.87
57.533,313.53,114.07,370.07
75.667,356.2,134.33,443.67
105.53,1,161,60.733
7.4,69.267,77.8,126.87
1,157.8,41.533,245.27
95.933,43.667,175.93,145
1,157.8,90.6,300.73
1,202.6,99.133,300.73
1,289,77.8,508.73
27.667,409.53,118.33,511.93
108.73,93.8,164.2,186.6
62.867,117.27,104.47,183.4
154.6,122.6,212.2,225
110.87,51.133,197.27,181.27
105.53,118.33,164.2,214.33
39.4,1,111.93,52.2
1,130.07,69.267,222.87
131.13,51.133,181.27,181.27
107.67,37.267,178.07,115.13
20.2,408.47,121.53,511.93
94.867,231.4,162.07,297.53
1,425.53,75.667,511.93
105.53,47.933,184.47,214.33
1,17,50.067,150.33
1,419.13,41.533,511.93
47.933,170.6,167.4,382.87
1,150.33,77.8,190.87
89.533,45.8,132.2,120.47
118.33,423.4,172.73,511.93
13.8,317.8,116.2,402.07
55.4,86.333,114.07,161
1,168.47,72.467,221.8
106.6,263.4,162.07,315.67
194.07,1,274.07,209
1,289,77.8,466.07
61.8,170.6,116.2,239.93
1,363.67,72.467,466.07
1,244.2,114.07,392.47
55.4,1,154.6,187.67
17,23.4,111.93,72.467
1,232.47,92.733,425.53
1,228.2,111.93,338.07
147.13,180.2,216.47,260.2
1,341.27,69.267,436.2
40.467,1,123.67,180.2
110.87,42.6,182.33,115.13
55.4,33,143.93,161
216.47,178.07,291.13,325.27
1,228.2,76.733,338.07
109.8,43.667,175.93,145
2.0667,49,68.2,127.93
34.067,261.27,111.93,307.13
1,1,90.6,105.53
94.867,235.67,175.93,319.93
100.2,214.33,156.73,255.93
6.3333,196.2,72.467,251.67
119.4,343.4,180.2,511.93
1,17,50.067,143.93
1,146.07,69.267,216.47
26.6,313.53,92.733,390.33
1,380.73,66.067,441.53
55.4,39.4,143.93,161
38.333,263.4,162.07,342.33
20.2,419.13,75.667,482.07
155.67,62.867,213.27,225
84.2,1,221.8,232.47
103.4,303.93,216.47,511.93
103.4,170.6,162.07,219.67
1,326.33,84.2,436.2
147.13,39.4,225,418.07
294.33,1,383.93,239.93
1,1,72.467,71.4
110.87,51.133,166.33,131.13
1,423.4,75.667,511.93
118.33,428.73,177,511.93
27.667,356.2,134.33,511.93
125.8,1,180.2,47.933
1,364.73,71.4,441.53
146.07,167.4,216.47,260.2
110.87,116.2,167.4,185.53
117.27,191.93,188.73,261.27
60.733,337,116.2,395.67
1,70.333,60.733,126.87
66.067,292.2,142.87,338.07
104.47,118.33,154.6,182.33
17,423.4,75.667,476.73
1,1,115.13,134.33
149.27,214.33,206.87,254.87
100.2,214.33,141.8,255.93
107.67,37.267,191.93,115.13
123.67,428.73,178.07,511.93
147.13,199.4,216.47,260.2
324.2,348.73,383.93,511.93
1,157.8,47.933,223.93
98.067,245.27,139.67,312.47
1,328.47,75.667,428.73
108.73,118.33,164.2,186.6
20.2,410.6,121.53,511.93
120.47,214.33,209,264.47
164.2,167.4,226.07,212.2
76.733,199.4,149.27,292.2
130.07,40.467,183.4,89.533
76.733,199.4,174.87,292.2
1,146.07,69.267,249.53
330.6,103.4,383.93,279.4
104.47,118.33,154.6,181.27
55.4,86.333,177,187.67
1,213.27,90.6,300.73
118.33,428.73,178.07,511.93
118.33,406.33,177,511.93
57.533,59.667,106.6,100.2
39.4,60.733,110.87,175.93
55.4,111.93,105.53,161
1,326.33,71.4,511.93
65,254.87,162.07,376.47
1,100.2,69.267,216.47
1,267.67,62.867,321
120.47,177,209,265.53
105.53,1,161,75.667
163.13,214.33,209,273
20.2,439.4,95.933,511.93
107.67,170.6,216.47,265.53
157.8,1,221.8,264.47
56.467,1,123.67,175.93
189.8,431.93,337,511.93
1,38.333,114.07,162.07
147.13,39.4,225,273
1,419.13,118.33,511.93
1,267.67,92.733,425.53
1,363.67,71.4,451.13
76.733,170.6,162.07,297.53
118.33,420.2,177,511.93
14.867,114.07,63.933,165.27
124.73,263.4,167.4,329.53
56.467,170.6,118.33,237.8
53.267,410.6,116.2,498.07
45.8,1,102.33,73.533
1,289,77.8,438.33
108.73,116.2,155.67,182.33
230.33,49,273,151.4
1,1,115.13,74.6
15.933,382.87,86.333,428.73
1,157.8,114.07,392.47
342.33,1,383.93,83.133
154.6,122.6,212.2,214.33
94.867,235.67,167.4,300.73
19.133,275.13,66.067,393.53
140.73,95.933,181.27,179.13
52.2,236.73,117.27,279.4
61.8,105.53,105.53,175.93
1,101.27,90.6,229.27
147.13,185.53,216.47,260.2
118.33,372.2,195.13,511.93
2.0667,43.667,114.07,161
147.13,214.33,209,273
1,43.667,114.07,162.07
78.867,436.2,127.93,511.93
12.733,1,102.33,97
1,157.8,47.933,245.27
76.733,155.67,117.27,207.93
89.533,42.6,177,120.47
1,399.93,45.8,508.73
1,196.2,66.067,278.33
1,157.8,114.07,393.53
1,45.8,66.067,166.33
1,130.07,111.93,338.07
147.13,167.4,216.47,260.2
169.53,303.93,216.47,462.87
1,428.73,75.667,511.93
1,157.8,41.533,218.6
88.467,318.87,134.33,380.73
20.2,410.6,118.33,500.2
1,401,86.333,511.93
100.2,214.33,141.8,254.87
27.667,419.13,118.33,511.93
109.8,29.8,188.73,133.27
15.933,229.27,104.47,276.2
1,399.93,45.8,475.67
1,267.67,92.733,393.53
120.47,177,216.47,265.53
75.667,263.4,142.87,380.73
1,98.067,50.067,146.07
204.73,1,274.07,86.333
57.533,313.53,134.33,383.93
43.667,170.6,117.27,253.8
25.533,419.13,71.4,482.07
123.67,428.73,177,511.93
157.8,1,221.8,205.8
19.133,285.8,114.07,392.47
55.4,111.93,99.133,161
1,341.27,71.4,482.07
146.07,214.33,186.6,254.87
6.3333,184.47,85.267,251.67
1,45.8,50.067,143.93
57.533,59.667,106.6,119.4
117.27,298.6,162.07,347.67
1,371.13,71.4,441.53
15.933,370.07,86.333,426.6
43.667,170.6,135.4,253.8
171.67,199.4,216.47,251.67
1,289,72.467,438.33
19.133,317.8,66.067,392.47
1,341.27,71.4,511.93
35.133,449,82.067,489.53
118.33,434.07,163.13,511.93
1,17,106.6,152.47
305,1,383.93,277.27
1,259.13,76.733,337
84.2,1,179.13,67.133
1,321,92.733,412.73
1,454.33,41.533,508.73
54.333,380.73,126.87,433
15.933,382.87,86.333,458.6
15.933,375.4,71.4,426.6
1,244.2,46.867,287.93
216.47,219.67,291.13,325.27
98.067,245.27,162.07,355.13
38.333,263.4,118.33,306.07
57.533,43.667,111.93,100.2
225,1,274.07,81
62.867,170.6,117.27,253.8
56.467,1,123.67,120.47
25.533,382.87,71.4,426.6
342.33,167.4,383.93,274.07
65,254.87,150.33,376.47
17,23.4,84.2,72.467
54.333,380.73,126.87,439.4
342.33,167.4,383.93,277.27
56.467,63.933,106.6,120.47
12.733,49,90.6,97
1,303.93,71.4,438.33
171.67,252.73,216.47,420.2
54.333,410.6,121.53,511.93
75.667,356.2,125.8,443.67
38.333,267.67,93.8,346.6
1,399.93,42.6,475.67
1,237.8,44.733,292.2
1,380.73,95.933,511.93
1,356.2,134.33,511.93
34.067,411.67,81,458.6
49,282.6,111.93,329.53
140.73,29.8,188.73,118.33
6.3333,196.2,85.267,251.67
1,228.2,50.067,292.2
62.867,170.6,117.27,239.93
1,245.27,43.667,287.93
94.867,219.67,162.07,297.53
342.33,225,383.93,274.07
25.533,382.87,71.4,438.33
75.667,263.4,142.87,351.93
15.933,382.87,86.333,489.53
1,380.73,66.067,428.73
65,300.73,150.33,376.47
66.067,292.2,147.13,342.33
53.267,43.667,111.93,100.2
15.933,382.87,71.4,438.33
1,1,90.6,102.33
1,449,65,511.93
230.33,20.2,274.07,151.4
1,259.13,74.6,321
62.867,170.6,117.27,232.47
1,1,90.6,97
71.4,263.4,162.07,380.73
75.667,263.4,142.87,338.07
26.6,321,92.733,391.4
43.667,170.6,117.27,232.47
1,1,67.133,54.333
89.533,309.27,165.27,418.07
49,170.6,117.27,329.53
54.333,410.6,118.33,500.2
60.733,318.87,134.33,383.93
44.733,170.6,117.27,329.53
2.0667,61.8,50.067,122.6
65,292.2,127.93,347.67
21.267,59.667,106.6,152.47
21.267,94.867,77.8,152.47
45.8,281.53,93.8,335.93
1,380.73,41.533,425.53
117.27,298.6,162.07,355.13
15.933,229.27,90.6,276.2
39.4,1,115.13,52.2
1,250.6,45.8,300.73
329.53,91.667,371.13,143.93
1,168.47,49,222.87
2.0667,49,50.067,116.2
147.13,199.4,216.47,252.73
45.8,281.53,93.8,346.6
117.27,263.4,162.07,355.13
7.4,70.333,60.733,126.87
17,23.4,66.067,72.467
14.867,204.73,72.467,273
329.53,91.667,371.13,133.27
6.3333,196.2,52.2,246.33
75.667,306.07,150.33,376.47
230.33,20.2,274.07,81
