1,1,512.2,384.2
276.2,28.2,388.2,353
349,1,403.4,351.4
138.6,271.4,261.8,321.8
1,204.2,512.2,384.2
381,22.6,512.2,122.6
193.8,1,512.2,342.6
370.6,1,512.2,221
72.2,341.8,420.2,384.2
265.8,1,381.8,362.6
290.6,1,512.2,384.2
271.4,1,408.2,353
128.2,1,512.2,118.6
1,1,274.6,384.2
132.2,209,259.4,270.6
108.2,1,277.8,209
265.8,1,512.2,384.2
265.8,1,419.4,356.2
107.4,1,512.2,212.2
177,273,257.8,316.2
124.2,7.4,276.2,206.6
72.2,1,512.2,384.2
360.2,94.6,512.2,342.6
132.2,263.4,265.8,321.8
1,1,338.6,384.2
1,204.2,338.6,384.2
290.6,28.2,368.2,94.6
273.8,215.4,357.8,354.6
273,1,384.2,193
375.4,103.4,512.2,175.4
122.6,6.6,277,363.4
372.2,157,512.2,209
258.6,1,512.2,384.2
381.8,1,512.2,89.8
245.8,1,512.2,356.2
133.8,195.4,267.4,271.4
72.2,313.8,512.2,384.2
378.6,103.4,471.4,155.4
285,14.6,413,351.4
107.4,1,377.8,212.2
285,16.2,373,70.6
276.2,89.8,364.2,353
120.2,7.4,267.4,332.2
294.6,211.4,512.2,384.2
1,1,277.8,359.4
1,203.4,89,384.2
134.6,265.8,265.8,321.8
65,193.8,512.2,384.2
127.4,85,262.6,153
360.2,97,512.2,342.6
65,1,512.2,384.2
108.2,1,512.2,354.6
108.2,1,274.6,113
72.2,313.8,345.8,384.2
373,1,512.2,209
89,1,277.8,363.4
126.6,81,264.2,157
360.2,1,512.2,349.8
1,104.2,105,384.2
345.8,1,419.4,351.4
161,85,241.8,125
126.6,28.2,388.2,353
128.2,80.2,264.2,147.4
126.6,1,512.2,353
126.6,80.2,281,346.6
273.8,1,389.8,352.2
370.6,154.6,512.2,221
1,314.6,73,384.2
89.8,1,274.6,86.6
285,89.8,360.2,273.8
89,209.8,263.4,360.2
137.8,273,257.8,317.8
266.6,1,317,353.8
72.2,319.4,512.2,384.2
265,1,390.6,354.6
120.2,23.4,267.4,332.2
361,103.4,512.2,341.8
1,1,148.2,384.2
381,25,512.2,90.6
369.8,211.4,512.2,269
273.8,9,377.8,352.2
128.2,84.2,320.2,297.8
361.8,258.6,512.2,349.8
402.6,93,512.2,167.4
265.8,1,391.4,356.2
375.4,155.4,512.2,209
65,84.2,512.2,384.2
1,1,138.6,356.2
360.2,25,512.2,349
108.2,1,274.6,224.2
126.6,84.2,231.4,161
442.6,102.6,493,157.8
362.6,258.6,512.2,341.8
328.2,1,395.4,351.4
373,154.6,512.2,209
128.2,84.2,278.6,288.2
17,239.4,73,313.8
265,1,512.2,354.6
360.2,1,512.2,349
290.6,1,512.2,351.4
128.2,84.2,249.8,151.4
401.8,102.6,512.2,207.4
1,1,131.4,384.2
278.6,123.4,320.2,297.8
107.4,1,512.2,351.4
122.6,7.4,279.4,271.4
126.6,80.2,276.2,270.6
277.8,28.2,380.2,353
285,14.6,512.2,351.4
72.2,343.4,321,384.2
65,295.4,512.2,384.2
132.2,205,269,321.8
245.8,1,419.4,356.2
85,193.8,353.8,357.8
361.8,220.2,512.2,349.8
89,293,136.2,360.2
193.8,1,512.2,193
333.8,1,512.2,351.4
125,23.4,264.2,83.4
139.4,271.4,265,323.4
345,1,405.8,353
1,1,112.2,320.2
376.2,211.4,512.2,269
130.6,209.8,261.8,271.4
276.2,215.4,357.8,353
133,271.4,265,323.4
127.4,137,267.4,224.2
122.6,6.6,277,206.6
359.4,17,413,288.2
130.6,129,264.2,209
371.4,1,512.2,215.4
126.6,83.4,231.4,156.2
116.2,1,277.8,207.4
265.8,1,405.8,368.2
89,273,263.4,360.2
273.8,67.4,353.8,352.2
126.6,83.4,272.2,161
371.4,153,512.2,215.4
126.6,84.2,272.2,161
161.8,218.6,267.4,271.4
125,21,265,82.6
225,343.4,512.2,384.2
341,1,512.2,132.2
89,1,277.8,313.8
328.2,57.8,380.2,353
126.6,23.4,247.4,77.8
258.6,1,408.2,355.4
265.8,1,512.2,368.2
285,1,512.2,118.6
369,209.8,512.2,269
278.6,197,331.4,296.2
1,152.2,82.6,275.4
373,88.2,457,194.6
232.2,343.4,321,384.2
369.8,211.4,512.2,269.8
120.2,23.4,265.8,332.2
371.4,150.6,512.2,216.2
265.8,1,389.8,368.2
108.2,1,277.8,84.2
194.6,25,265,78.6
281,57.8,362.6,245
472.2,228.2,512.2,269
298.6,309,347.4,351.4
281,189,356.2,296.2
1,203.4,89.8,384.2
345,295.4,512.2,353
132.2,205,269,270.6
108.2,1,277.8,241.8
285,19.4,365.8,70.6
1,303.4,73,384.2
373,1,512.2,207.4
20.2,24.2,113,325.8
369.8,212.2,512.2,269.8
286.6,147.4,365,197.8
72.2,341.8,512.2,384.2
265,1,405.8,354.6
125.8,8.2,276.2,207.4
294.6,216.2,354.6,278.6
256.2,17,311.4,199.4
396.2,27.4,512.2,89.8
285.8,104.2,329.8,165.8
1,1,281.8,384.2
381.8,13.8,512.2,89.8
388.2,159.4,448.2,208.2
89,6.6,263.4,360.2
415.4,30.6,512.2,84.2
277,241.8,320.2,297.8
345.8,1,408.2,351.4
285,1,397,119.4
124.2,7.4,276.2,207.4
132.2,205,250.6,270.6
289,1,504.2,43.4
415.4,30.6,464.2,83.4
376.2,88.2,512.2,156.2
283.4,104.2,362.6,178.6
285,17,413,351.4
285,1,391.4,97
91.4,1,274.6,357.8
273,1,512.2,193
35.4,1,113.8,362.6
281,187.4,356.2,229.8
245.8,1,317,353.8
372.2,154.6,512.2,209
363.4,258.6,440.2,320.2
278.6,123.4,359.4,297.8
1,283.4,72.2,354.6
133,93,195.4,147.4
278.6,1,389,152.2
129.8,37,181.8,80.2
134.6,156.2,260.2,208.2
271.4,1,389,353
125,15.4,274.6,85.8
120.2,6.6,277,332.2
418.6,107.4,497,157
1,157.8,73.8,237.8
265.8,57.8,362.6,356.2
285,89.8,360.2,176.2
125,21,265,85
365.8,210.6,505,272.2
128.2,84.2,271.4,152.2
285.8,93,349,167.4
290.6,1,408.2,351.4
1,162.6,90.6,359.4
281,211.4,512.2,384.2
376.2,85,512.2,158.6
285,1,391.4,110.6
89,277,176.2,360.2
89,209.8,263.4,363.4
127.4,25,208.2,82.6
127.4,85,272.2,161
373,89.8,512.2,207.4
377,89.8,512.2,159.4
377,1,512.2,207.4
1,1,89,158.6
415.4,30.6,512.2,89.8
89,1,138.6,316.2
125.8,23.4,265,207.4
1,1,138.6,359.4
381,25,512.2,96.2
122.6,1,512.2,368.2
361.8,258.6,512.2,349
122.6,6.6,277,352.2
265.8,187.4,356.2,356.2
360.2,13,512.2,349.8
313.8,161.8,359.4,228.2
122.6,6.6,277,248.2
1,104.2,105,357.8
285,89.8,360.2,256.2
285,1,512.2,101
1,1,113,356.2
378.6,113,471.4,155.4
372.2,153,512.2,209
55.4,1,134.6,356.2
348.2,1,408.2,351.4
1,1,265,384.2
91.4,8.2,264.2,357.8
65,337.8,512.2,384.2
276.2,28.2,380.2,353
283.4,89.8,360.2,297
1,1,86.6,159.4
1,1,277.8,360.2
360.2,157.8,512.2,342.6
360.2,25.8,512.2,349.8
281,258.6,512.2,384.2
78.6,209,266.6,360.2
1,161.8,68.2,225
413,29.8,512.2,87.4
72.2,337.8,376.2,384.2
360.2,265,512.2,342.6
124.2,18.6,274.6,84.2
127.4,25.8,208.2,82.6
404.2,161,507.4,207.4
276.2,257.8,357.8,353
321,343.4,512.2,384.2
130.6,129,264.2,241.8
271.4,97.8,317,353
376.2,89.8,512.2,161
146.6,213,244.2,264.2
108.2,1,281.8,321.8
290.6,28.2,355.4,68.2
360.2,209,512.2,349
92.2,308.2,134.6,356.2
15.4,224.2,89,381.8
1,154.6,81,285
365.8,1,408.2,119.4
1,154.6,338.6,384.2
1,162.6,90.6,356.2
381.8,25,512.2,87.4
308.2,1,512.2,384.2
361.8,258.6,440.2,349.8
269.8,241.8,320.2,297.8
91.4,225,264.2,357.8
381.8,25.8,512.2,91.4
381.8,24.2,512.2,89.8
1,189,113.8,384.2
276.2,187.4,356.2,352.2
128.2,84.2,271.4,151.4
1,1,90.6,384.2
305,93,349,134.6
108.2,7.4,274.6,321.8
65,301,345,384.2
281,1,512.2,384.2
381.8,24.2,512.2,101
1,1,277.8,356.2
49.8,73,113,356.2
224.2,186.6,278.6,256.2
381.8,29,512.2,89.8
371.4,157.8,512.2,212.2
360.2,265,512.2,349
273.8,1,390.6,354.6
283.4,89.8,326.6,296.2
1,1,138.6,320.2
126.6,84.2,276.2,270.6
265.8,201,353.8,356.2
278.6,123.4,365,297.8
360.2,88.2,512.2,349
291.4,161.8,359.4,225
1,282.6,73,384.2
349,17,413,351.4
301.8,215.4,352.2,280.2
289,1,384.2,75.4
133,153.8,267.4,210.6
306.6,96.2,361.8,154.6
122.6,7.4,279.4,321.8
105,9,148.2,309.8
371.4,159.4,512.2,215.4
283.4,89,349.8,172.2
108.2,1,277.8,83.4
1,1,263.4,360.2
85,197,353.8,357.8
278.6,57.8,380.2,353
360.2,150.6,512.2,349.8
294.6,313,512.2,384.2
194.6,25.8,261.8,80.2
381.8,25,512.2,89.8
1,1,134.6,356.2
366.6,211.4,512.2,277
276.2,293,353.8,344.2
285,16.2,413,351.4
89,209.8,265,363.4
285,89.8,326.6,233
225,327.4,512.2,384.2
381.8,1,512.2,85
1,154.6,90.6,359.4
335.4,215.4,395.4,351.4
127.4,93,176.2,151.4
116.2,1,277.8,209.8
1,161.8,49.8,201.8
194.6,25,265,80.2
120.2,24.2,205.8,332.2
335.4,215.4,392.2,351.4
276.2,1,381.8,352.2
129,260.2,258.6,328.2
285,44.2,365.8,96.2
127.4,85,261.8,153
127.4,153,259.4,208.2
273.8,1,384.2,354.6
126.6,84.2,276.2,212.2
279.4,6.6,384.2,246.6
308.2,337.8,512.2,384.2
276.2,280.2,345,352.2
337,343.4,512.2,384.2
283.4,15.4,381.8,178.6
89,8.2,176.2,360.2
373,157,438.6,207.4
108.2,7.4,208.2,205
308.2,20.2,377.8,61
265.8,230.6,349.8,356.2
129,209,266.6,342.6
211.4,93,272.2,144.2
224.2,209.8,269,268.2
1,187.4,76.2,252.2
177,273,254.6,316.2
1,129,85.8,293.8
265.8,152.2,356.2,356.2
395.4,272.2,496.2,317
1,289,73,384.2
126.6,23.4,261,81.8
127.4,153,267.4,275.4
146.6,213,244.2,266.6
108.2,7.4,274.6,205
249.8,314.6,332.2,370.6
362.6,258.6,512.2,323.4
365.8,210.6,473,272.2
346.6,1,393.8,255.4
1,202.6,338.6,384.2
127.4,94.6,275.4,212.2
283.4,89,359.4,172.2
361.8,211.4,512.2,349.8
291.4,201,341,245
402.6,102.6,509,167.4
175.4,197,353.8,351.4
281,187.4,356.2,297.8
128.2,85,241.8,147.4
1,203.4,86.6,384.2
376.2,211.4,505,269
276.2,197,353.8,351.4
249.8,314.6,306.6,370.6
131.4,206.6,266.6,363.4
285.8,89.8,365,185
132.2,207.4,267.4,271.4
373,153.8,457,194.6
1,152.2,85,293
72.2,314.6,332.2,384.2
294.6,215.4,354.6,289
154.6,213,244.2,264.2
1,1,86.6,154.6
281,137,360.2,197
363.4,258.6,509.8,320.2
108.2,7.4,274.6,224.2
134.6,270.6,261.8,321.8
360.2,157.8,512.2,349
137.8,273,254.6,317.8
65,337.8,376.2,384.2
360.2,269,512.2,342.6
126.6,81,264.2,209
65,305,345,384.2
308.2,315.4,512.2,384.2
328.2,1,408.2,351.4
126.6,209,176.2,309.8
276.2,210.6,346.6,352.2
127.4,153,261.8,208.2
395.4,271.4,506.6,323.4
154.6,213,269,268.2
265.8,1,397,356.2
281,189,347.4,269
381.8,25,512.2,84.2
404.2,159.4,509,207.4
406.6,157.8,508.2,205
127.4,137,195.4,224.2
365.8,209,512.2,272.2
395.4,272.2,509.8,317.8
285,1,391.4,70.6
285,1,504.2,85.8
1,1,131.4,351.4
361,150.6,512.2,341.8
125,225,229,327.4
362.6,258.6,509.8,341.8
124.2,22.6,196.2,84.2
265,1,355.4,353.8
1,1,113.8,384.2
352.2,1,405,350.6
333.8,1,408.2,351.4
277.8,189,356.2,337
133,153.8,268.2,215.4
365.8,214.6,473,272.2
125,15.4,265,84.2
278.6,28.2,380.2,353
130.6,153.8,195.4,206.6
442.6,102.6,504.2,163.4
211.4,86.6,272.2,151.4
127.4,85,264.2,209
292.2,28.2,366.6,69
381,81,465.8,122.6
406.6,154.6,512.2,206.6
376.2,88.2,512.2,158.6
91.4,309,264.2,357.8
369,214.6,473,268.2
373,157,512.2,209
145.8,85,241.8,147.4
127.4,114.6,269.8,224.2
365.8,210.6,512.2,272.2
373,157,512.2,207.4
211.4,93,272.2,151.4
433.8,217,512.2,269
89.8,1,274.6,357.8
225.8,114.6,269.8,212.2
85,208.2,168.2,357.8
137.8,221,193.8,265
303.4,295.4,512.2,353.8
399.4,272.2,500.2,313.8
225.8,114.6,276.2,212.2
124.2,14.6,274.6,85.8
107.4,1,281.8,212.2
289,1,389,52.2
376.2,89.8,512.2,159.4
285.8,89.8,365,209
381.8,24.2,438.6,85
417,157.8,512.2,206.6
227.4,7.4,277,352.2
277.8,280.2,334.6,331.4
273.8,314.6,349,354.6
126.6,81,276.2,212.2
130.6,153.8,260.2,206.6
127.4,85,261.8,207.4
367.4,269.8,512.2,323.4
126.6,84.2,176.2,151.4
285.8,55.4,365.8,96.2
283.4,57.8,352.2,140.2
193.8,271.4,258.6,317
1,161.8,76.2,252.2
132.2,209,266.6,271.4
144.2,343.4,321,384.2
361,297,449.8,341.8
364.2,269,512.2,321.8
285.8,89.8,349,185
124.2,29,181.8,84.2
137,221,192.2,267.4
348.2,1,403.4,351.4
297,158.6,358.6,213
276.2,201,353.8,316.2
256.2,11.4,377.8,199.4
361,269,512.2,341.8
298.6,309,347.4,349
357.8,1,408.2,292.2
177,85,248.2,143.4
197,157,259.4,205.8
441.8,105,512.2,158.6
128.2,84.2,249,151.4
381,24.2,512.2,122.6
376.2,89.8,437.8,156.2
283.4,89.8,360.2,296.2
197,157,257.8,205
136.2,242.6,266.6,363.4
128.2,37.8,181.8,81
376.2,89.8,445,156.2
91.4,225,265.8,357.8
278.6,89.8,365,297.8
393.8,282.6,512.2,341
381.8,89.8,485.8,155.4
381.8,89.8,512.2,157.8
124.2,22.6,182.6,84.2
117.8,6.6,264.2,83.4
367.4,269.8,512.2,321.8
133.8,213,185.8,256.2
49.8,1,138.6,356.2
127.4,137,261,224.2
187.4,271.4,261.8,321.8
9.8,1,55.4,110.6
132.2,205,265,270.6
133,153.8,261,209
367.4,211.4,512.2,270.6
364.2,270.6,506.6,317.8
1,89,56.2,154.6
369,17,413,155.4
345,1,408.2,351.4
85,208.2,263.4,357.8
1,1,72.2,158.6
406.6,157.8,508.2,206.6
399.4,272.2,509.8,317.8
89.8,1,281.8,159.4
134.6,270.6,216.2,317.8
401.8,157.8,512.2,207.4
285,19.4,344.2,70.6
134.6,271.4,261.8,321.8
126.6,23.4,265.8,84.2
182.6,24.2,261,77.8
224.2,113,270.6,157.8
298.6,297.8,353.8,344.2
1,129,105,357.8
1,1,116.2,356.2
132.2,158.6,259.4,208.2
294.6,313,512.2,358.6
89,306.6,136.2,360.2
183.4,155.4,245,205.8
285.8,15.4,381.8,69
127.4,123.4,260.2,208.2
125,7.4,277,83.4
273,5.8,366.6,193
1,161.8,68.2,225.8
283.4,89.8,364.2,178.6
300.2,147.4,365,197.8
265.8,197.8,353.8,356.2
224.2,213,269,268.2
345.8,15.4,393,351.4
379.4,155.4,512.2,209
122.6,7.4,276.2,271.4
285,1,512.2,85.8
396.2,89,512.2,167.4
417.8,217,512.2,267.4
310.6,215.4,353.8,277.8
1,161.8,55.4,201.8
1,152.2,82.6,278.6
131.4,156.2,261,209.8
304.2,245.8,349.8,296.2
369,211.4,512.2,269.8
367.4,220.2,503.4,269.8
283.4,89.8,349.8,172.2
1,1,55.4,132.2
294.6,215.4,344.2,265
366.6,220.2,503.4,273
369,17,413,141.8
127.4,24.2,193.8,81.8
224.2,85,278.6,288.2
133,260.2,258.6,317.8
276.2,230.6,340.2,332.2
161,213,244.2,264.2
197,93,249,151.4
295.4,20.2,377.8,96.2
35.4,1,131.4,351.4
369.8,211.4,512.2,270.6
283.4,57.8,362.6,178.6
369,210.6,512.2,269.8
276.2,257.8,357.8,344.2
381.8,25.8,512.2,101
285.8,129,357.8,172.2
290.6,28.2,366.6,69
376.2,89.8,512.2,158.6
20.2,24.2,105.8,236.2
126.6,22.6,265.8,84.2
381,217,449,263.4
177,85,272.2,148.2
381.8,24.2,512.2,85
129,273,263.4,342.6
383.4,13.8,461.8,72.2
224.2,186.6,278.6,288.2
366.6,259.4,509.8,317.8
470.6,92.2,512.2,154.6
132.2,209,193,267.4
126.6,23.4,261,77.8
377.8,97,512.2,167.4
132.2,271.4,261.8,321.8
401.8,159.4,512.2,207.4
131.4,206.6,266.6,271.4
132.2,209.8,260.2,271.4
127.4,153,183.4,205
276.2,189,356.2,352.2
381.8,89.8,512.2,155.4
137.8,273,216.2,317.8
366.6,220.2,504.2,273
371.4,16.2,512.2,132.2
399.4,272.2,496.2,317
289,1,384.2,49
1,157.8,68.2,225.8
1,1,48.2,97.8
290.6,147.4,365,197.8
271.4,89.8,364.2,353
1,1,56.2,154.6
279.4,29.8,366.6,246.6
20.2,24.2,113,356.2
401,157.8,512.2,206.6
1,129,82.6,275.4
289,1,389,63.4
146.6,337.8,376.2,384.2
273.8,89.8,365,354.6
1,1,87.4,210.6
317,113.8,361.8,154.6
122.6,7.4,265.8,101
1,1,86.6,157
453.8,133,512.2,180.2
377.8,157.8,512.2,205
126.6,23.4,261.8,82.6
393,161,449,207.4
89.8,1,131.4,351.4
89.8,1,209.8,86.6
285,1,389,109.8
115.4,312.2,264.2,355.4
125,7.4,277,84.2
126.6,23.4,247.4,80.2
367.4,220.2,504.2,269.8
231.4,305,345,370.6
289,6.6,384.2,75.4
132.2,209,179.4,255.4
281,57.8,362.6,196.2
282.6,60.2,366.6,155.4
357.8,1,405,263.4
141,343.4,321,384.2
127.4,85,262.6,208.2
177,224.2,259.4,270.6
373,97,512.2,194.6
1,1,87.4,154.6
313.8,161.8,359.4,225
127.4,96.2,231.4,156.2
364.2,267.4,512.2,321.8
395.4,29.8,512.2,89.8
89,8.2,263.4,360.2
133,151.4,267.4,210.6
17,269.8,68.2,313.8
133,156.2,184.2,201.8
276.2,67.4,353.8,344.2
1,1,87.4,151.4
283.4,15.4,381.8,172.2
360.2,88.2,512.2,349.8
130.6,209.8,261.8,273.8
371.4,16.2,413,132.2
1,1,98.6,158.6
126.6,81,264.2,123.4
127.4,153,245,207.4
362.6,258.6,440.2,317.8
305,20.2,377.8,96.2
249.8,314.6,320.2,370.6
35.4,1,113.8,321.8
380.2,25.8,512.2,97
377,61.8,512.2,207.4
418.6,106.6,512.2,158.6
127.4,153,259.4,207.4
161,263.4,265.8,315.4
330.6,1,393.8,255.4
276.2,280.2,348.2,353
360.2,269,506.6,342.6
1,1,105.8,285
137,224.2,177,267.4
281,158.6,358.6,245
137.8,213,244.2,265
412.2,158.6,512.2,205
406.6,157.8,512.2,206.6
224.2,17,276.2,85.8
265.8,215.4,353.8,356.2
362.6,258.6,512.2,349
283.4,1,381.8,178.6
89.8,1,208.2,159.4
115.4,225,265,355.4
196.2,273,263.4,317.8
285.8,89.8,349,167.4
211.4,93,269.8,144.2
276.2,289,353,344.2
183.4,155.4,245,205
442.6,114.6,490.6,157
399.4,271.4,506.6,323.4
378.6,103.4,512.2,158.6
381.8,89.8,512.2,206.6
265.8,230.6,347.4,356.2
114.6,1,274.6,84.2
29.8,33,70.6,96.2
225.8,113,276.2,212.2
328.2,215.4,395.4,351.4
133.8,211.4,193.8,265
125.8,83.4,265,153
1,1,42.6,100.2
364.2,269,503.4,317.8
370.6,265,512.2,326.6
453.8,127.4,512.2,203.4
361,267.4,512.2,341.8
345,16.2,393,353
298.6,191.4,341,245
389.8,276.2,440.2,317.8
35.4,1,112.2,315.4
285.8,89.8,365,197
305.8,101.8,361.8,155.4
279.4,341.8,420.2,384.2
279.4,1,384.2,246.6
282.6,64.2,361.8,155.4
126.6,13,276.2,224.2
1,1,265,356.2
417.8,214.6,512.2,267.4
285.8,84.2,361.8,154.6
183.4,153.8,257.8,205
429,33,512.2,84.2
78.6,251.4,136.2,360.2
95.4,1,138.6,319.4
276.2,187.4,353.8,344.2
7.4,224.2,73,328.2
265.8,201,349.8,356.2
315.4,161.8,359.4,228.2
49.8,152.2,113,356.2
21.8,169,68.2,225.8
130.6,153.8,260.2,208.2
399.4,272.2,500.2,313
1,269.8,73,377.8
125,22.6,265,84.2
373,88.2,512.2,194.6
377,61.8,512.2,159.4
17,256.2,89.8,384.2
281,337.8,512.2,384.2
281,1,381.8,197
433.8,217,512.2,258.6
284.2,253,331.4,296.2
465.8,93,512.2,152.2
137,213,252.2,265
285.8,20.2,377.8,154.6
418.6,107.4,512.2,158.6
369,211.4,504.2,269.8
133,153.8,259.4,208.2
137,213,244.2,265
281,189,340.2,269
378.6,213.8,455.4,266.6
404.2,159.4,507.4,206.6
381.8,29,456.2,84.2
133,93,195.4,148.2
289,1,389,45
108.2,7.4,208.2,113
348.2,1,405.8,351.4
224.2,13,276.2,224.2
126.6,81,275.4,212.2
363.4,258.6,440.2,317.8
12.2,13,83.4,155.4
126.6,23.4,261.8,81.8
1,1,50.6,120.2
132.2,273,184.2,317.8
125,21,263.4,82.6
89,1,277.8,360.2
369.8,212.2,512.2,269
225.8,95.4,275.4,212.2
125,22.6,182.6,68.2
293,137,360.2,197
365.8,211.4,512.2,272.2
130.6,153.8,185,205
362.6,269,506.6,317.8
277.8,280.2,348.2,337
276.2,216.2,357.8,344.2
127.4,96.2,233.8,161
309.8,257.8,357.8,312.2
127.4,85,262.6,153.8
381.8,89.8,512.2,154.6
130.6,153.8,259.4,208.2
296.2,201,353.8,300.2
395.4,271.4,512.2,342.6
365.8,157.8,512.2,272.2
125,22.6,182.6,81
381,1,512.2,112.2
348.2,1,393.8,351.4
75.4,1,148.2,309.8
369,150.6,512.2,269.8
1,168.2,90.6,384.2
78.6,251.4,205.8,360.2
125,22.6,208.2,81
364.2,269,506.6,317.8
348.2,1,405,351.4
133,154.6,195.4,205.8
464.2,107.4,512.2,158.6
127.4,96.2,231.4,161
279.4,60.2,366.6,246.6
26.6,224.2,89,384.2
139.4,273,263.4,323.4
302.6,196.2,356.2,296.2
161.8,85,272.2,148.2
464.2,93,512.2,152.2
276.2,210.6,317,352.2
124.2,15.4,274.6,85.8
281,157,356.2,201.8
361,268.2,512.2,341.8
283.4,89.8,357.8,178.6
309,30.6,373.8,75.4
282.6,64.2,342.6,151.4
276.2,230.6,347.4,332.2
1,17,82.6,159.4
415.4,30.6,512.2,83.4
132.2,209,246.6,270.6
384.2,25.8,512.2,91.4
276.2,280.2,348.2,352.2
276.2,230.6,335.4,332.2
296.2,186.6,356.2,230.6
281,89.8,364.2,297.8
130.6,153.8,245,205
283.4,89.8,360.2,178.6
306.6,101.8,353,152.2
225,113,276.2,212.2
118.6,209,263.4,344.2
285,89.8,326.6,273
276.2,201,349.8,332.2
277.8,263.4,347.4,313.8
126.6,23.4,260.2,82.6
373,122.6,457,194.6
283.4,95.4,362.6,178.6
122.6,7.4,276.2,224.2
13,1,86.6,112.2
209,18.6,274.6,85.8
1,203.4,86.6,313.8
375.4,130.6,437.8,175.4
403.4,157.8,512.2,205
362.6,258.6,512.2,339.4
125.8,23.4,265,86.6
285.8,31.4,373,154.6
281,187.4,356.2,245
44.2,25,85,177.8
134.6,211.4,269,268.2
107.4,1,281.8,82.6
276.2,230.6,349.8,332.2
376.2,105,512.2,158.6
276.2,210.6,339.4,352.2
193.8,271.4,259.4,311.4
394.6,1,512.2,89.8
200.2,272.2,260.2,312.2
291.4,187.4,352.2,297
55.4,1,100.2,223.4
232.2,343.4,320.2,384.2
124.2,22.6,265,84.2
17,189,113.8,384.2
132.2,207.4,192.2,271.4
276.2,310.6,345,352.2
1,109,46.6,154.6
177.8,153.8,267.4,210.6
78.6,251.4,264.2,360.2
209,154.6,262.6,202.6
285.8,93,329.8,165.8
132.2,207.4,192.2,256.2
183.4,155.4,260.2,205
466.6,107.4,512.2,158.6
129.8,25,196.2,79.4
278.6,193.8,327.4,297.8
193.8,337.8,322.6,384.2
373,157,437.8,207.4
226.6,8.2,276.2,206.6
161.8,86.6,248.2,129.8
256.2,11.4,311.4,199.4
9,1,55.4,96.2
3.4,265,73,328.2
285,89.8,360.2,228.2
129,27.4,179.4,80.2
146.6,337.8,322.6,384.2
285,1,389,96.2
126.6,84.2,231.4,156.2
177,195.4,267.4,239.4
273.8,305,349.8,352.2
278.6,186.6,356.2,297.8
412.2,161.8,505.8,205
177,25.8,261.8,80.2
276.2,289,353,353
36.2,13,83.4,149.8
377.8,97,446.6,156.2
125,22.6,265,81
298.6,297.8,353.8,351.4
115.4,225,263.4,355.4
305,93,359.4,153
306.6,101.8,361.8,154.6
194.6,25,264.2,77.8
363.4,1,408.2,292.2
285,29,366.6,85.8
381.8,89.8,512.2,207.4
306.6,89.8,361.8,154.6
442.6,105,493,157.8
373,155.4,512.2,209
381,217,505,269
286.6,48.2,368.2,97
1,1,55.4,100.2
193.8,271.4,259.4,317
279.4,341.8,376.2,384.2
1,203.4,86.6,305
1,1,55.4,128.2
285.8,89.8,360.2,176.2
127.4,94.6,264.2,156.2
366.6,220.2,507.4,277
351.4,16.2,393,350.6
44.2,25,85,210.6
211.4,112.2,264.2,152.2
126.6,23.4,247.4,81.8
376.2,97,437.8,156.2
194.6,25.8,246.6,77.8
231.4,337.8,322.6,384.2
369,213,455.4,266.6
365.8,211.4,473,272.2
296.2,201,353.8,281
175.4,257,275.4,350.6
32.2,300.2,89,381.8
17,265,73,313.8
413.8,102.6,509,167.4
125.8,23.4,274.6,206.6
1,203.4,89,381.8
123.4,88.2,268.2,224.2
128.2,84.2,271.4,132.2
466.6,97,512.2,152.2
281,89.8,364.2,207.4
197,154.6,262.6,205
128.2,153,267.4,210.6
282.6,64.2,332.2,151.4
373,103.4,512.2,209.8
298.6,201,341,245
178.6,337.8,322.6,384.2
294.6,215.4,354.6,278.6
133.8,211.4,185.8,256.2
294.6,187.4,337.8,245
285.8,104.2,326.6,165.8
365.8,211.4,508.2,272.2
1,203.4,86.6,377.8
177.8,218.6,267.4,263.4
285,9,377.8,154.6
91.4,8.2,134.6,357.8
352.2,17.8,393,350.6
1,1,105.8,236.2
128.2,37,181.8,81
137,221,177,267.4
115.4,225,159.4,355.4
132.2,209,192.2,267.4
128.2,225,261.8,321.8
373.8,157.8,512.2,209.8
224.2,86.6,270.6,224.2
373,155.4,512.2,209.8
196.2,154.6,262.6,209
133,156.2,195.4,205.8
370.6,270.6,506.6,313.8
369,103.4,512.2,269
281,157,356.2,207.4
285.8,15.4,381.8,101
196.2,271.4,265,317.8
126.6,23.4,260.2,81.8
402.6,102.6,512.2,167.4
285.8,60.2,366.6,154.6
1,203.4,55.4,305
273.8,216.2,357.8,354.6
289,1,403.4,43.4
412.2,32.2,456.2,85.8
226.6,23.4,274.6,206.6
231.4,305,332.2,370.6
298.6,201.8,340.2,269
285,60.2,366.6,155.4
412.2,160.2,512.2,205
1,1,87.4,177.8
369,210.6,456.2,266.6
276.2,197,353.8,316.2
196.2,273,256.2,316.2
441.8,105,495.4,157.8
298.6,291.4,348.2,337
129,25,196.2,77.8
161.8,195.4,267.4,271.4
281,187.4,347.4,297.8
124.2,14.6,265,82.6
369,213.8,455.4,266.6
362.6,258.6,440.2,339.4
441.8,271.4,512.2,317.8
132.2,159.4,195.4,207.4
404.2,159.4,512.2,207.4
265.8,305,332.2,353
1,165.8,82.6,275.4
283.4,89.8,359.4,178.6
132.2,209,242.6,270.6
301.8,216.2,353.8,281
379.4,221.8,444.2,266.6
129,271.4,265,342.6
89,293,178.6,360.2
364.2,271.4,497,317.8
381,217,504.2,263.4
89,6.6,178.6,360.2
404.2,161,505.8,207.4
445.8,117.8,495.4,157.8
9,37,53.8,96.2
199.4,157,257.8,205
1,289,73,377.8
128.2,149,270.6,212.2
281,189,347.4,297.8
302.6,196.2,356.2,281.8
9,88.2,56.2,151.4
441.8,272.2,509.8,317.8
138.6,274.6,185.8,315.4
1,1,86.6,128.2
23.4,265,73,312.2
1,1,87.4,155.4
313,257.8,357.8,312.2
138.6,271.4,229,317.8
175.4,257,272.2,350.6
364.2,273,502.6,317.8
186.6,271.4,265,323.4
17.8,1,87.4,90.6
14.6,1,89,153
373,127.4,512.2,209.8
1,157.8,66.6,209
1,208.2,57.8,305
129,25.8,182.6,77.8
395.4,271.4,512.2,317.8
373,150.6,512.2,209
360.2,271.4,431.4,342.6
1,157.8,55.4,198.6
198.6,154.6,262.6,202.6
89,318.6,135.4,360.2
429,33,512.2,83.4
281,189,341,245
1,269.8,73,384.2
2.6,129,82.6,275.4
224.2,17,276.2,224.2
133,153.8,259.4,205.8
396.2,217,508.2,269.8
15.4,202.6,68.2,245
224.2,86.6,270.6,157.8
123.4,88.2,182.6,224.2
139.4,273,191.4,316.2
305,93,359.4,148.2
10.6,1,55.4,96.2
17,224.2,89,384.2
139.4,273,197,316.2
196.2,273,243.4,316.2
232.2,343.4,310.6,384.2
153,94.6,264.2,156.2
364.2,271.4,497.8,317.8
133,155.4,194.6,204.2
197.8,112.2,264.2,156.2
134.6,209,266.6,271.4
370.6,270.6,506.6,317.8
194.6,25,261,78.6
133,153.8,198.6,205.8
17,224.2,73,313.8
417.8,224.2,505,267.4
418.6,114.6,497,157
1,104.2,53.8,180.2
353.8,1,393.8,255.4
134.6,274.6,216.2,317.8
289,6.6,384.2,49
311.4,216.2,352.2,281
75.4,1,120.2,249.8
6.6,80.2,56.2,122.6
199.4,154.6,267.4,205.8
1,203.4,77.8,360.2
13,1,87.4,112.2
133,153.8,262.6,209
1,203.4,77.8,384.2
124.2,22.6,224.2,84.2
1,203.4,86.6,303.4
406.6,113,463.4,155.4
138.6,274.6,187.4,315.4
127.4,153,259.4,205
133.8,213,185.8,254.6
291.4,187.4,353.8,297
6.6,49,56.2,122.6
15.4,300.2,89,381.8
384.2,25.8,480.2,91.4
1,154.6,75.4,249
418.6,114.6,490.6,157
305.8,89.8,361.8,155.4
127.4,153,195.4,207.4
381.8,29,456.2,87.4
124.2,22.6,208.2,84.2
406.6,106.6,512.2,158.6
127.4,107.4,213.8,153.8
302.6,199.4,356.2,281.8
285,9,377.8,66.6
225.8,114.6,269.8,215.4
225,218.6,267.4,267.4
161,30.6,208.2,80.2
127.4,137,182.6,224.2
369,210.6,512.2,269
276.2,217,353.8,344.2
348.2,1,393.8,350.6
133,153.8,198.6,208.2
133,154.6,195.4,208.2
9,224.2,57.8,305
412.2,160.2,509,205
17.8,1,70.6,96.2
453.8,127.4,512.2,180.2
132.2,207.4,252.2,271.4
194.6,25,265,81
13,49,54.6,112.2
127.4,25,263.4,82.6
382.6,217,449,263.4
404.2,161,449,207.4
379.4,221.8,448.2,266.6
77.8,64.2,134.6,356.2
26.6,300.2,89,384.2
183.4,155.4,259.4,205
177,273,263.4,323.4
127.4,24.2,179.4,80.2
134.6,271.4,216.2,317.8
370.6,271.4,512.2,321.8
92.2,193,134.6,356.2
301.8,216.2,352.2,281
194.6,24.2,260.2,77.8
1,1,41.8,97
183.4,153.8,267.4,205.8
92.2,308.2,140.2,356.2
369,210.6,456.2,268.2
138.6,273,216.2,315.4
459.4,107.4,512.2,158.6
187.4,272.2,261.8,321.8
197.8,274.6,255.4,317
17.8,1,70.6,90.6
129,25.8,177,69
306.6,113.8,361.8,154.6
399.4,273.8,496.2,317
101,1,160.2,159.4
1,1,56.2,155.4
128.2,153,186.6,208.2
374.6,155.4,512.2,209.8
90.6,308.2,140.2,357.8
6.6,49,56.2,155.4
389,273.8,440.2,317.8
127.4,24.2,177.8,66.6
182.6,24.2,260.2,77.8
281,297.8,353.8,351.4
1,49,69.8,151.4
291.4,187.4,352.2,280.2
369,211.4,455.4,266.6
400.2,155.4,512.2,207.4
381.8,89.8,485.8,154.6
197.8,272.2,261.8,321.8
141,275.4,197,315.4
118.6,267.4,263.4,344.2
386.6,25.8,433,73
194.6,25.8,244.2,77.8
89.8,1,160.2,159.4
377.8,155.4,507.4,206.6
1,265,77.8,360.2
381,221.8,444.2,263.4
133.8,165.8,186.6,208.2
132.2,209,176.2,256.2
127.4,25.8,177,82.6
305,20.2,377.8,93.8
127.4,137,176.2,224.2
85,208.2,140.2,357.8
364.2,267.4,506.6,317.8
115.4,225,260.2,355.4
1,265,77.8,384.2
1,283.4,77.8,360.2
291.4,187.4,337.8,245
127.4,25,265,82.6
17.8,1,87.4,96.2
379.4,155.4,512.2,207.4
200.2,272.2,260.2,314.6
197.8,25.8,261,78.6
138.6,271.4,199.4,315.4
294.6,197,337.8,245
133,153.8,257.8,210.6
136.2,267.4,261.8,321.8
1,49,56.2,151.4
196.2,25.8,261,78.6
138.6,272.2,261.8,321.8
1,203.4,57.8,305
200.2,272.2,261.8,321.8
177.8,153,267.4,210.6
26.6,169,68.2,225.8
138.6,273.8,199.4,315.4
394.6,273,502.6,317.8
9,49,56.2,151.4
161,25.8,208.2,80.2
384.2,25.8,433,91.4
406.6,113,471.4,155.4
381.8,25.8,456.2,91.4
301.8,215.4,349,261
410.6,161,507.4,206.6
285,9,366.6,66.6
161.8,273,216.2,313.8
384.2,25.8,440.2,91.4
385,25.8,433,84.2
2.6,129,53.8,180.2
133,153.8,257.8,205
137,25.8,182.6,77.8
44.2,25,85,159.4
17.8,1,70.6,80.2
1,203.4,55.4,285
197,154.6,257.8,205
410.6,161,505.8,206.6
23.4,239.4,73,312.2
