1,1,233.53,375.4
1,1,383.93,511.93
136.47,1,207.93,221.8
156.73,365.8,383.93,511.93
63.933,1,263.4,346.6
159.93,1,204.73,93.8
156.73,414.87,383.93,511.93
115.13,1,231.4,298.6
1,297.53,219.67,502.33
118.33,1,228.2,242.07
1,86.333,332.73,511.93
1,194.07,332.73,511.93
9.5333,423.4,116.2,511.93
78.867,165.27,125.8,300.73
1,1,162.07,358.33
1,187.67,383.93,511.93
191.93,257,329.53,358.33
138.6,1,232.47,236.73
1,1,231.4,353
1,194.07,383.93,511.93
157.8,107.67,202.6,151.4
1,165.27,383.93,511.93
153.53,1,383.93,434.07
1,1,383.93,420.2
156.73,348.73,383.93,511.93
1,1,383.93,434.07
46.867,1,133.27,275.13
1,165.27,311.4,511.93
191.93,258.07,299.67,358.33
117.27,98.067,233.53,305
1,1,297.53,366.87
1,280.47,383.93,511.93
65,11.667,138.6,166.33
65,1,233.53,305
65,142.87,122.6,229.27
1,1,216.47,358.33
250.6,451.13,309.27,511.93
1,297.53,383.93,511.93
177,344.47,221.8,403.13
151.4,137.53,210.07,243.13
329.53,1,383.93,156.73
1,1,332.73,511.93
1,327.4,383.93,511.93
142.87,383.93,209,450.07
1,1,168.47,292.2
1,327.4,237.8,511.93
329.53,1,383.93,113
97,437.27,259.13,511.93
204.73,302.87,245.27,419.13
232.47,321,305,422.33
215.4,1,383.93,420.2
328.47,1,383.93,294.33
153.53,206.87,267.67,339.13
1,168.47,113,375.4
1,1,168.47,290.07
1,349.8,69.267,511.93
54.333,297.53,174.87,455.4
119.4,219.67,233.53,371.13
97,441.53,236.73,511.93
139.67,333.8,232.47,471.4
1,11.667,140.73,324.2
255.93,1,383.93,420.2
1,142.87,297.53,366.87
1,1,383.93,423.4
1,330.6,217.53,511.93
1,221.8,332.73,511.93
65,11.667,138.6,246.33
153.53,206.87,301.8,434.07
1,209,97,324.2
1,1,138.6,218.6
215.4,260.2,299.67,358.33
1,1,156.73,257
1,297.53,222.87,502.33
3.1333,326.33,236.73,511.93
1,11.667,167.4,406.33
1,187.67,312.47,422.33
1,1,263.4,346.6
1,1,168.47,353
87.4,1,156.73,127.93
1,214.33,236.73,511.93
63.933,11.667,140.73,161
1,1,113,292.2
1,187.67,383.93,425.53
1,1,162.07,291.13
1,214.33,383.93,511.93
241,434.07,383.93,511.93
54.333,322.07,161,436.2
1,1,228.2,406.33
206.87,1,383.93,423.4
1,313.53,81,468.2
1,214.33,125.8,511.93
1,1,233.53,353
63.933,1,235.67,284.73
1,168.47,50.067,238.87
302.87,438.33,383.93,511.93
138.6,97,213.27,279.4
136.47,98.067,205.8,221.8
137.53,327.4,191.93,367.93
1,187.67,329.53,422.33
117.27,82.067,233.53,305
1,238.87,94.867,330.6
1,1,158.87,287.93
114.07,321,383.93,511.93
280.47,351.93,332.73,394.6
124.73,327.4,383.93,511.93
197.27,260.2,299.67,386.07
207.93,1,383.93,422.33
1,220.73,167.4,406.33
63.933,1,140.73,161
239.93,260.2,299.67,323.13
120.47,1,168.47,237.8
62.867,165.27,297.53,366.87
62.867,214.33,103.4,258.07
1,377.53,116.2,511.93
117.27,327.4,237.8,445.8
1,1,113,261.27
46.867,236.73,125.8,307.13
1,1,231.4,298.6
65,18.067,138.6,159.93
117.27,4.2,233.53,305
1,322.07,214.33,511.93
138.6,1,200.47,107.67
84.2,18.067,134.33,109.8
126.87,1,231.4,279.4
105.53,194.07,299.67,348.73
77.8,221.8,332.73,471.4
156.73,4.2,203.67,93.8
1,1,110.87,284.73
136.47,1,216.47,221.8
1,238.87,44.733,290.07
163.13,313.53,332.73,423.4
138.6,212.2,265.53,273
1,1,228.2,279.4
214.33,258.07,299.67,358.33
211.13,1,383.93,511.93
1,218.6,94.867,359.4
171.67,264.47,297.53,366.87
1,297.53,312.47,511.93
1,1,221.8,287.93
1,321,191.93,511.93
1,354.07,44.733,455.4
138.6,1,216.47,209
246.33,1,383.93,422.33
142.87,1,232.47,236.73
273,344.47,332.73,388.2
41.533,1,156.73,127.93
281.53,351.93,332.73,394.6
1,232.47,94.867,359.4
105.53,194.07,265.53,348.73
166.33,202.6,228.2,270.87
1,245.27,103.4,353
1,414.87,175.93,511.93
167.4,1,211.13,81
212.2,264.47,283.67,354.07
3.1333,405.27,174.87,511.93
72.467,230.33,167.4,351.93
1,321,209,511.93
211.13,260.2,300.73,354.07
165.27,312.47,207.93,366.87
1,97,63.933,217.53
1,1,127.93,257
39.4,199.4,81,261.27
10.6,142.87,122.6,269.8
142.87,4.2,207.93,145
86.333,140.73,263.4,346.6
1,244.2,108.73,353
1,297.53,332.73,511.93
215.4,1,313.53,290.07
186.6,439.4,339.13,511.93
156.73,257,383.93,511.93
3.1333,326.33,191.93,511.93
78.867,134.33,210.07,300.73
117.27,180.2,166.33,265.53
125.8,1,231.4,282.6
46.867,426.6,115.13,492.73
135.4,1,221.8,242.07
154.6,219.67,233.53,283.67
212.2,264.47,297.53,354.07
218.6,311.4,292.2,351.93
143.93,1,216.47,209
1,313.53,214.33,511.93
211.13,264.47,297.53,354.07
87.4,248.47,243.13,345.53
246.33,365.8,383.93,425.53
195.13,239.93,281.53,298.6
65,11.667,140.73,161
43.667,289,94.867,330.6
1,1,133.27,290.07
24.467,410.6,68.2,459.67
105.53,243.13,243.13,348.73
20.2,244.2,105.53,323.13
283.67,324.2,333.8,394.6
245.27,125.8,313.53,311.4
211.13,1,383.93,422.33
284.73,309.27,362.6,422.33
214.33,1,383.93,420.2
1,199.4,94.867,353
156.73,415.93,383.93,511.93
1,330.6,209,511.93
110.87,1,162.07,242.07
22.333,214.33,125.8,390.33
86.333,1,228.2,242.07
10.6,228.2,75.667,269.8
119.4,200.47,233.53,371.13
1,1,138.6,375.4
284.73,365.8,383.93,421.27
63.933,11.667,140.73,260.2
142.87,266.6,230.33,339.13
34.067,330.6,209,497
105.53,2.0667,166.33,265.53
199.4,443.67,301.8,511.93
205.8,1,383.93,511.93
85.267,11.667,138.6,107.67
1,86.333,269.8,459.67
214.33,415.93,383.93,511.93
62.867,1,231.4,298.6
1,142.87,123.67,353
138.6,97,213.27,235.67
253.8,51.133,383.93,423.4
136.47,1,206.87,221.8
248.47,442.6,317.8,504.47
93.8,255.93,174.87,345.53
175.93,257,335.93,422.33
78.867,1,233.53,371.13
1,248.47,91.667,358.33
1,354.07,94.867,502.33
207.93,1,343.4,226.07
1,165.27,113,375.4
3.1333,410.6,174.87,511.93
78.867,134.33,233.53,371.13
215.4,310.33,283.67,354.07
142.87,1,205.8,142.87
85.267,1,151.4,59.667
197.27,260.2,299.67,374.33
62.867,165.27,281.53,339.13
197.27,280.47,383.93,511.93
46.867,426.6,236.73,511.93
191.93,324.2,246.33,377.53
30.867,97,79.933,217.53
113,307.13,244.2,471.4
1,20.2,65,159.93
125.8,383.93,209,450.07
65,116.2,110.87,156.73
1,289,94.867,375.4
245.27,125.8,314.6,311.4
49,1,111.93,81
46.867,214.33,125.8,307.13
236.73,354.07,283.67,420.2
227.13,257,329.53,325.27
142.87,1,207.93,236.73
86.333,255.93,186.6,346.6
205.8,206.87,267.67,286.87
109.8,365.8,170.6,421.27
332.73,1,383.93,210.07
15.933,356.2,68.2,458.6
162.07,139.67,216.47,209
84.2,365.8,219.67,500.2
1,371.13,216.47,511.93
61.8,180.2,228.2,296.47
142.87,266.6,216.47,309.27
105.53,100.2,146.07,243.13
214.33,1,383.93,423.4
6.3333,292.2,49,353
239.93,444.73,312.47,511.93
126.87,206.87,211.13,279.4
170.6,437.27,243.13,511.93
1,1,133.27,275.13
20.2,245.27,103.4,322.07
246.33,357.27,383.93,425.53
197.27,248.47,329.53,373.27
124.73,321,383.93,511.93
18.067,47.933,113,218.6
63.933,1,162.07,229.27
1,409.53,383.93,511.93
175.93,321,233.53,366.87
86.333,140.73,186.6,346.6
50.067,45.8,122.6,218.6
54.333,339.13,150.33,436.2
1,295.4,236.73,511.93
105.53,194.07,332.73,423.4
12.733,311.4,72.467,390.33
184.47,1,228.2,242.07
39.4,199.4,81,266.6
215.4,260.2,299.67,351.93
194.07,1,235.67,284.73
81,344.47,170.6,442.6
85.267,1,168.47,237.8
215.4,1,313.53,292.2
78.867,1,232.47,265.53
217.53,445.8,263.4,511.93
1,248.47,67.133,330.6
163.13,311.4,332.73,423.4
206.87,1,322.07,327.4
1,1,108.73,279.4
163.13,298.6,216.47,371.13
70.333,187.67,181.27,280.47
33,295.4,236.73,511.93
105.53,243.13,217.53,348.73
77.8,249.53,230.33,339.13
254.87,437.27,383.93,511.93
46.867,426.6,116.2,511.93
1,248.47,91.667,324.2
154.6,98.067,207.93,145
297.53,88.467,383.93,342.33
20.2,269.8,60.733,323.13
62.867,165.27,152.47,331.67
70.333,142.87,123.67,230.33
205.8,1,313.53,292.2
163.13,1,214.33,130.07
205.8,1,383.93,423.4
214.33,1,383.93,289
205.8,195.13,329.53,361.53
53.267,238.87,94.867,307.13
51.133,1,94.867,52.2
231.4,443.67,309.27,511.93
94.867,11.667,140.73,84.2
173.8,1,215.4,121.53
197.27,437.27,259.13,511.93
175.93,105.53,216.47,209
159.93,1,206.87,92.733
33,426.6,236.73,511.93
171.67,415.93,282.6,471.4
62.867,165.27,175.93,338.07
65,107.67,127.93,166.33
225,331.67,291.13,420.2
142.87,396.73,209,455.4
1,228.2,88.467,511.93
168.47,436.2,221.8,487.4
241,414.87,383.93,511.93
47.933,433,126.87,511.93
1,1,51.133,159.93
12.733,243.13,246.33,390.33
63.933,1,207.93,242.07
245.27,125.8,314.6,290.07
186.6,445.8,263.4,511.93
117.27,1,233.53,305
62.867,165.27,122.6,273
241,439.4,339.13,511.93
214.33,302.87,333.8,423.4
246.33,313.53,310.33,390.33
284.73,365.8,383.93,423.4
105.53,438.33,174.87,511.93
239.93,260.2,289,323.13
1,321,383.93,511.93
207.93,1,361.53,342.33
142.87,1,212.2,145
1,1,56.467,257
143.93,238.87,197.27,289
22.333,297.53,183.4,390.33
206.87,1,312.47,311.4
173.8,1,232.47,236.73
78.867,136.47,210.07,300.73
143.93,140.73,198.33,209
246.33,296.47,362.6,422.33
1,199.4,89.533,353
195.13,313.53,307.13,423.4
115.13,1,220.73,298.6
1,297.53,321,511.93
149.27,408.47,223.93,471.4
177,348.73,236.73,427.67
175.93,105.53,232.47,236.73
1,349.8,44.733,419.13
78.867,165.27,153.53,300.73
119.4,235.67,174.87,296.47
197.27,260.2,299.67,358.33
1,430.87,236.73,511.93
1,313.53,68.2,468.2
200.47,434.07,383.93,511.93
65,11.667,138.6,197.27
65,27.667,136.47,161
153.53,133.27,207.93,236.73
175.93,302.87,335.93,422.33
157.8,1,202.6,93.8
3.1333,427.67,117.27,511.93
97,471.4,153.53,511.93
142.87,1,213.27,233.53
284.73,1,383.93,422.33
142.87,82.067,207.93,145
12.733,165.27,311.4,423.4
60.733,11.667,140.73,300.73
156.73,389.27,383.93,511.93
1,296.47,87.4,511.93
115.13,193,157.8,298.6
1,65,49,201.53
20.2,245.27,103.4,327.4
65,18.067,138.6,147.13
281.53,351.93,327.4,394.6
120.47,283.67,246.33,377.53
231.4,264.47,286.87,331.67
18.067,49,127.93,218.6
206.87,1,322.07,323.13
20.2,244.2,108.73,327.4
1,326.33,191.93,511.93
222.87,228.2,265.53,273
110.87,202.6,228.2,296.47
115.13,60.733,157.8,298.6
186.6,445.8,309.27,511.93
118.33,456.47,200.47,511.93
1,47.933,113,218.6
43.667,330.6,209,497
1,313.53,221.8,511.93
246.33,357.27,353,422.33
142.87,1,206.87,142.87
153.53,98.067,205.8,220.73
153.53,101.27,206.87,233.53
142.87,264.47,189.8,307.13
125.8,85.267,213.27,279.4
50.067,11.667,138.6,218.6
62.867,165.27,152.47,338.07
1,313.53,312.47,511.93
329.53,1,383.93,210.07
246.33,373.27,353,422.33
77.8,221.8,230.33,339.13
246.33,252.73,383.93,422.33
259.13,466.07,301.8,508.73
136.47,1,220.73,242.07
214.33,338.07,271.93,420.2
116.2,356.2,172.73,445.8
102.33,1,162.07,108.73
62.867,344.47,180.2,500.2
1,248.47,94.867,359.4
138.6,1,220.73,241
1,235.67,94.867,359.4
1,313.53,79.933,468.2
248.47,437.27,383.93,511.93
1,254.87,122.6,390.33
17,209,97,264.47
78.867,1,166.33,265.53
232.47,354.07,286.87,422.33
175.93,302.87,305,422.33
218.6,1,274.07,226.07
78.867,298.6,145,348.73
190.87,443.67,301.8,511.93
119.4,1,207.93,242.07
186.6,286.87,229.27,339.13
281.53,434.07,383.93,511.93
197.27,302.87,383.93,511.93
1,267.67,57.533,330.6
200.47,409.53,383.93,511.93
194.07,212.2,235.67,284.73
72.467,1,137.53,111.93
61.8,297.53,122.6,347.67
1,142.87,122.6,287.93
190.87,443.67,309.27,511.93
62.867,194.07,120.47,261.27
62.867,433,126.87,490.6
227.13,257,329.53,358.33
1,248.47,94.867,351.93
213.27,195.13,329.53,325.27
20.2,252.73,103.4,322.07
330.6,1,383.93,113
87.4,255.93,174.87,345.53
126.87,140.73,231.4,279.4
1,312.47,71.4,380.73
175.93,264.47,297.53,366.87
142.87,1,205.8,138.6
138.6,140.73,198.33,235.67
6.3333,313.53,66.067,360.47
105.53,445.8,172.73,495.93
1,292.2,74.6,358.33
34.067,289,94.867,332.73
77.8,261.27,152.47,331.67
50.067,419.13,120.47,497
46.867,426.6,221.8,511.93
143.93,392.47,184.47,445.8
117.27,363.67,209,453.27
104.47,297.53,203.67,366.87
254.87,434.07,383.93,511.93
8.4667,429.8,63.933,474.6
63.933,1,140.73,229.27
1,230.33,167.4,406.33
77.8,339.13,150.33,381.8
87.4,18.067,138.6,127.93
206.87,83.133,312.47,311.4
214.33,1,313.53,292.2
12.733,214.33,125.8,390.33
54.333,295.4,232.47,471.4
163.13,324.2,255.93,434.07
173.8,1,214.33,121.53
142.87,1,205.8,111.93
1,313.53,259.13,511.93
171.67,409.53,383.93,511.93
157.8,1,211.13,93.8
1,65,56.467,257
114.07,1,228.2,242.07
70.333,187.67,206.87,280.47
119.4,254.87,164.2,305
142.87,1,206.87,111.93
258.07,365.8,383.93,425.53
203.67,445.8,263.4,511.93
149.27,344.47,232.47,471.4
117.27,327.4,209,445.8
41.533,1,111.93,110.87
85.267,11.667,140.73,102.33
62.867,113,115.13,163.13
119.4,238.87,216.47,371.13
142.87,1,213.27,137.53
12.733,248.47,243.13,390.33
248.47,438.33,383.93,511.93
1,355.13,44.733,413.8
60.733,105.53,129,300.73
1,262.33,89.533,353
1,49,79.933,217.53
329.53,1,383.93,230.33
171.67,295.4,233.53,366.87
214.33,1,310.33,289
252.73,461.8,295.4,511.93
117.27,1,158.87,242.07
246.33,360.47,301.8,422.33
1,382.87,95.933,486.33
1,238.87,57.533,330.6
63.933,72.467,133.27,161
1,296.47,87.4,375.4
86.333,11.667,140.73,102.33
30.867,354.07,83.133,452.2
46.867,204.73,105.53,277.27
1,177,46.867,257
1,1,45.8,79.933
156.73,4.2,202.6,93.8
37.267,326.33,236.73,457.53
113,307.13,232.47,471.4
205.8,218.6,281.53,286.87
126.87,135.4,231.4,279.4
126.87,188.73,214.33,266.6
332.73,1,383.93,230.33
1,266.6,127.93,408.47
135.4,1,220.73,242.07
142.87,396.73,215.4,457.53
328.47,88.467,383.93,294.33
46.867,204.73,105.53,275.13
211.13,1,314.6,311.4
197.27,248.47,322.07,373.27
1,244.2,89.533,353
205.8,218.6,263.4,267.67
62.867,194.07,120.47,273
119.4,202.6,228.2,296.47
1,218.6,312.47,422.33
151.4,97,216.47,209
155.67,135.4,211.13,189.8
49,1,94.867,81
62.867,165.27,122.6,258.07
195.13,319.93,244.2,419.13
163.13,324.2,246.33,434.07
1,248.47,51.133,311.4
86.333,11.667,140.73,107.67
119.4,254.87,186.6,305
276.2,1,383.93,342.33
204.73,302.87,286.87,422.33
216.47,1,310.33,289
195.13,319.93,270.87,423.4
205.8,195.13,329.53,351.93
214.33,331.67,301.8,422.33
54.333,340.2,130.07,436.2
1,1,134.33,279.4
22.333,296.47,90.6,360.47
215.4,258.07,299.67,358.33
163.13,344.47,232.47,434.07
237.8,260.2,300.73,316.73
335.93,1,377.53,59.667
93.8,218.6,243.13,345.53
1,1,113,218.6
21.267,409.53,68.2,458.6
54.333,342.33,150.33,390.33
297.53,105.53,361.53,342.33
126.87,307.13,203.67,366.87
1,254.87,87.4,390.33
245.27,105.53,361.53,342.33
245.27,1,314.6,311.4
87.4,255.93,186.6,345.53
53.267,267.67,122.6,347.67
273,302.87,322.07,369
186.6,445.8,277.27,511.93
142.87,1,207.93,145
1,235.67,269.8,427.67
20.2,262.33,89.533,323.13
1,371.13,216.47,486.33
62.867,244.2,152.47,331.67
83.133,261.27,152.47,315.67
239.93,433,383.93,511.93
125.8,314.6,182.33,370.07
214.33,338.07,322.07,423.4
1,175.93,50.067,257
155.67,194.07,202.6,243.13
118.33,1,213.27,241
248.47,433,383.93,511.93
95.933,37.267,138.6,107.67
136.47,441.53,236.73,511.93
246.33,374.33,301.8,422.33
72.467,1,158.87,242.07
115.13,436.2,221.8,502.33
155.67,1,211.13,98.067
77.8,221.8,281.53,471.4
141.8,348.73,244.2,425.53
204.73,302.87,248.47,419.13
72.467,230.33,155.67,351.93
3.1333,427.67,126.87,511.93
78.867,1,156.73,43.667
18.067,49,113,218.6
1,262.33,89.533,327.4
1,175.93,49,257
1,214.33,269.8,459.67
46.867,322.07,180.2,502.33
22.333,311.4,72.467,360.47
1,354.07,219.67,502.33
212.2,264.47,286.87,354.07
204.73,409.53,383.93,493.8
142.87,1,206.87,113
213.27,223.93,263.4,283.67
1,315.67,45.8,390.33
253.8,434.07,383.93,511.93
77.8,261.27,175.93,331.67
204.73,302.87,245.27,397.8
197.27,409.53,383.93,511.93
42.6,349.8,95.933,452.2
101.27,161,181.27,267.67
116.2,1,168.47,241
161,193,206.87,236.73
154.6,219.67,228.2,273
245.27,1,383.93,423.4
1,228.2,75.667,330.6
24.467,324.2,91.667,459.67
61.8,165.27,228.2,296.47
194.07,241,235.67,284.73
138.6,98.067,207.93,229.27
1,235.67,269.8,459.67
105.53,100.2,146.07,241
197.27,415.93,383.93,511.93
161,139.67,216.47,209
1,354.07,69.267,458.6
1,177,56.467,260.2
164.2,350.87,206.87,398.87
153.53,98.067,207.93,209
81,142.87,123.67,219.67
1,177,56.467,292.2
1,1,94.867,98.067
93.8,444.73,200.47,511.93
213.27,266.6,268.73,325.27
252.73,313.53,312.47,386.07
24.467,354.07,71.4,459.67
284.73,252.73,383.93,422.33
77.8,221.8,281.53,339.13
93.8,444.73,137.53,499.13
170.6,453.27,213.27,506.6
205.8,195.13,329.53,325.27
218.6,294.33,322.07,358.33
1,254.87,122.6,406.33
50.067,1,133.27,231.4
125.8,85.267,231.4,282.6
1,1,122.6,287.93
197.27,433,383.93,511.93
46.867,426.6,180.2,502.33
1,1,134.33,291.13
156.73,4.2,198.33,93.8
22.333,296.47,90.6,390.33
53.267,426.6,115.13,483.13
118.33,463.93,200.47,511.93
217.53,310.33,278.33,354.07
196.2,245.27,242.07,285.8
154.6,219.67,221.8,271.93
87.4,248.47,242.07,341.27
1,168.47,50.067,257
6.3333,296.47,87.4,360.47
71.4,17,114.07,95.933
253.8,1,383.93,423.4
159.93,98.067,202.6,138.6
8.4667,429.8,63.933,502.33
65,11.667,140.73,152.47
278.33,344.47,335.93,395.67
5.2667,343.4,150.33,428.73
119.4,255.93,164.2,296.47
1,1,49,78.867
1,452.2,125.8,511.93
87.4,18.067,138.6,108.73
218.6,1,276.2,226.07
1,313.53,89.533,468.2
65,431.93,172.73,495.93
51.133,1,111.93,75.667
65,54.333,136.47,161
167.4,1,207.93,72.467
86.333,17,129,76.733
95.933,408.47,151.4,454.33
263.4,331.67,307.13,375.4
20.2,244.2,108.73,323.13
1,248.47,67.133,351.93
119.4,238.87,197.27,305
83.133,261.27,126.87,309.27
37.267,405.27,86.333,465
3.1333,410.6,126.87,511.93
211.13,266.6,252.73,316.73
163.13,324.2,301.8,434.07
328.47,1,383.93,113
125.8,314.6,193,395.67
1,1,108.73,291.13
23.4,431.93,68.2,492.73
342.33,252.73,383.93,415.93
65,88.467,123.67,152.47
1,1,122.6,291.13
1,228.2,88.467,330.6
12.733,243.13,243.13,390.33
1,228.2,88.467,359.4
116.2,1,168.47,146.07
53.267,209,97,262.33
246.33,313.53,332.73,394.6
53.267,426.6,115.13,486.33
214.33,337,269.8,417
1,122.6,122.6,287.93
46.867,204.73,105.53,286.87
110.87,180.2,228.2,296.47
191.93,290.07,299.67,358.33
151.4,98.067,207.93,209
97,437.27,243.13,511.93
183.4,344.47,232.47,426.6
63.933,62.867,134.33,260.2
77.8,261.27,230.33,339.13
287.93,296.47,337,382.87
46.867,204.73,113,316.73
214.33,312.47,332.73,420.2
239.93,437.27,383.93,511.93
31.933,442.6,105.53,508.73
59.667,419.13,120.47,491.67
177,313.53,311.4,423.4
195.13,313.53,332.73,423.4
46.867,277.27,94.867,327.4
212.2,269.8,283.67,354.07
1,218.6,243.13,408.47
118.33,1,162.07,242.07
329.53,1,375.4,82.067
84.2,380.73,209,456.47
118.33,1,162.07,241
84.2,380.73,216.47,457.53
1,238.87,53.267,291.13
1,426.6,50.067,506.6
246.33,331.67,301.8,422.33
1,200.47,46.867,257
142.87,348.73,236.73,457.53
215.4,290.07,299.67,358.33
117.27,180.2,161,265.53
9.5333,377.53,116.2,511.93
1,382.87,109.8,486.33
1,200.47,47.933,257
1,20.2,65,143.93
50.067,419.13,120.47,491.67
113,430.87,236.73,511.93
5.2667,327.4,237.8,445.8
153.53,133.27,207.93,209
125.8,97,213.27,279.4
153.53,264.47,226.07,339.13
175.93,302.87,248.47,419.13
273,302.87,333.8,394.6
251.67,374.33,301.8,420.2
65,95.933,121.53,147.13
105.53,283.67,182.33,341.27
241,446.87,289,507.67
87.4,63.933,136.47,127.93
339.13,302.87,380.73,414.87
1,20.2,65,217.53
143.93,1,207.93,113
227.13,258.07,299.67,322.07
241,439.4,341.27,507.67
1,298.6,49,359.4
24.467,379.67,68.2,459.67
276.2,1,353,148.2
57.533,252.73,103.4,302.87
231.4,294.33,297.53,346.6
1,244.2,49,291.13
1,354.07,44.733,419.13
125.8,295.4,232.47,471.4
1,351.93,44.733,408.47
88.467,344.47,170.6,442.6
218.6,248.47,322.07,358.33
1,257,67.133,330.6
78.867,1,156.73,76.733
129,441.53,202.6,500.2
168.47,415.93,282.6,511.93
65,104.47,123.67,152.47
1,354.07,44.733,436.2
1,235.67,247.4,427.67
126.87,140.73,211.13,279.4
245.27,372.2,322.07,423.4
24.467,342.33,91.667,459.67
138.6,194.07,206.87,252.73
71.4,17,114.07,106.6
329.53,1,374.33,59.667
1,1,50.067,98.067
151.4,136.47,210.07,243.13
241,248.47,312.47,311.4
172.73,302.87,312.47,422.33
230.33,212.2,281.53,262.33
217.53,310.33,286.87,354.07
126.87,188.73,210.07,266.6
105.53,286.87,156.73,341.27
142.87,218.6,281.53,339.13
142.87,50.067,207.93,145
84.2,366.87,137.53,471.4
186.6,295.4,230.33,339.13
276.2,1,345.53,140.73
87.4,284.73,173.8,341.27
1,354.07,81,511.93
1,1,111.93,110.87
61.8,267.67,105.53,331.67
1,200.47,49,257
214.33,331.67,291.13,420.2
187.67,441.53,236.73,511.93
276.2,1,383.93,230.33
246.33,372.2,301.8,422.33
276.2,1,345.53,148.2
143.93,257,242.07,303.93
99.133,356.2,214.33,446.87
211.13,260.2,300.73,346.6
1,356.2,68.2,458.6
153.53,266.6,230.33,329.53
135.4,323.13,203.67,366.87
1,286.87,50.067,330.6
1,269.8,60.733,327.4
138.6,191.93,206.87,265.53
87.4,248.47,242.07,345.53
24.467,354.07,68.2,459.67
177,344.47,232.47,426.6
329.53,1,383.93,162.07
125.8,295.4,198.33,395.67
142.87,1,213.27,148.2
157.8,1,200.47,71.4
164.2,350.87,232.47,434.07
1,177,47.933,257
53.267,124.73,122.6,262.33
119.4,219.67,233.53,305
22.333,254.87,87.4,360.47
204.73,302.87,312.47,422.33
155.67,135.4,196.2,175.93
95.933,356.2,174.87,455.4
205.8,206.87,263.4,286.87
131.13,218.6,263.4,325.27
46.867,165.27,107.67,261.27
82.067,415.93,282.6,511.93
158.87,4.2,203.67,58.6
143.93,238.87,247.4,303.93
164.2,219.67,221.8,271.93
169.53,206.87,211.13,279.4
186.6,287.93,229.27,339.13
199.4,447.93,275.13,511.93
1,199.4,46.867,257
1,204.73,113,375.4
97,284.73,173.8,341.27
87.4,1,151.4,127.93
12.733,267.67,122.6,390.33
50.067,419.13,133.27,497
1,297.53,203.67,502.33
1,356.2,68.2,468.2
199.4,443.67,295.4,511.93
101.27,140.73,181.27,267.67
9.5333,423.4,69.267,492.73
150.33,248.47,217.53,322.07
126.87,194.07,202.6,255.93
158.87,219.67,221.8,271.93
24.467,298.6,145,459.67
1,1,65,217.53
241,444.73,282.6,511.93
85.267,37.267,136.47,102.33
215.4,290.07,298.6,358.33
70.333,236.73,125.8,280.47
54.333,297.53,156.73,436.2
170.6,441.53,236.73,511.93
213.27,195.13,263.4,283.67
1,313.53,66.067,419.13
1,168.47,47.933,213.27
1,314.6,46.867,375.4
262.33,302.87,333.8,394.6
40.467,452.2,116.2,511.93
126.87,86.333,232.47,266.6
46.867,322.07,180.2,511.93
31.933,385,94.867,493.8
22.333,258.07,87.4,360.47
155.67,1,207.93,98.067
153.53,264.47,216.47,309.27
227.13,258.07,268.73,301.8
1,452.2,116.2,511.93
155.67,55.4,204.73,98.067
46.867,405.27,95.933,474.6
153.53,257,229.27,339.13
126.87,221.8,199.4,265.53
63.933,104.47,130.07,161
1,349.8,69.267,411.67
63.933,371.13,140.73,483.13
12.733,243.13,311.4,423.4
276.2,1,353,146.07
146.07,194.07,202.6,251.67
215.4,266.6,299.67,351.93
50.067,24.467,122.6,218.6
140.73,136.47,210.07,243.13
1,143.93,47.933,191.93
1,395.67,68.2,502.33
273,312.47,332.73,380.73
61.8,212.2,121.53,271.93
22.333,258.07,78.867,360.47
131.13,218.6,243.13,325.27
50.067,24.467,122.6,231.4
1,354.07,69.267,511.93
78.867,105.53,129,220.73
159.93,1,200.47,93.8
276.2,1,343.4,149.27
105.53,2.0667,154.6,243.13
44.733,1,94.867,94.867
62.867,261.27,152.47,331.67
87.4,266.6,127.93,342.33
24.467,349.8,69.267,411.67
246.33,348.73,307.13,390.33
94.867,37.267,136.47,84.2
15.933,356.2,69.267,458.6
177,313.53,307.13,423.4
43.667,343.4,150.33,428.73
117.27,187.67,181.27,267.67
141.8,327.4,383.93,511.93
121.53,356.2,174.87,442.6
1,327.4,46.867,375.4
87.4,284.73,131.13,333.8
119.4,251.67,165.27,305
215.4,266.6,268.73,311.4
214.33,1,314.6,311.4
1,20.2,50.067,143.93
37.267,326.33,191.93,452.2
173.8,52.2,214.33,121.53
172.73,212.2,265.53,273
155.67,194.07,202.6,254.87
63.933,72.467,133.27,260.2
92.733,397.8,209,456.47
1,322.07,180.2,511.93
99.133,356.2,172.73,446.87
260.2,1,313.53,172.73
207.93,1,274.07,226.07
1,258.07,62.867,324.2
86.333,298.6,129,346.6
58.6,236.73,125.8,307.13
117.27,219.67,233.53,305
138.6,98.067,207.93,228.2
167.4,385,214.33,429.8
231.4,443.67,295.4,511.93
231.4,294.33,297.53,354.07
153.53,107.67,206.87,233.53
170.6,441.53,234.6,506.6
65,95.933,127.93,159.93
1,355.13,47.933,429.8
4.2,431.93,49,504.47
62.867,328.47,122.6,376.47
78.867,297.53,156.73,346.6
257,1,343.4,201.53
86.333,297.53,156.73,346.6
153.53,140.73,206.87,233.53
138.6,194.07,206.87,265.53
1,65,56.467,201.53
113,437.27,243.13,511.93
214.33,1,276.2,239.93
84.2,365.8,184.47,471.4
141.8,348.73,255.93,425.53
15.933,356.2,69.267,427.67
1,296.47,90.6,408.47
1,235.67,246.33,380.73
45.8,349.8,95.933,452.2
1,280.47,113,380.73
158.87,219.67,233.53,283.67
172.73,202.6,228.2,270.87
126.87,231.4,169.53,274.07
22.333,319.93,78.867,360.47
241,248.47,299.67,302.87
211.13,266.6,255.93,316.73
103.4,230.33,155.67,296.47
241,444.73,312.47,511.93
81,371.13,216.47,457.53
305,365.8,383.93,420.2
1,248.47,62.867,324.2
142.87,396.73,209,450.07
1,414.87,172.73,511.93
1,49,46.867,143.93
84.2,12.733,135.4,87.4
222.87,206.87,263.4,286.87
231.4,264.47,297.53,346.6
153.53,266.6,230.33,339.13
135.4,194.07,265.53,273
245.27,125.8,313.53,290.07
225,338.07,283.67,420.2
195.13,319.93,245.27,397.8
253.8,257,329.53,325.27
155.67,195.13,202.6,243.13
1,1,94.867,217.53
1,426.6,50.067,511.93
27.667,312.47,71.4,353
87.4,63.933,136.47,108.73
15.933,292.2,74.6,353
211.13,264.47,297.53,346.6
65,280.47,113,338.07
167.4,344.47,232.47,429.8
3.1333,427.67,79.933,511.93
70.333,220.73,121.53,271.93
165.27,312.47,216.47,371.13
164.2,350.87,232.47,425.53
126.87,194.07,202.6,266.6
82.067,444.73,200.47,511.93
155.67,180.2,204.73,243.13
47.933,435.13,117.27,511.93
65,63.933,133.27,161
12.733,311.4,97,390.33
330.6,1,383.93,230.33
65,431.93,120.47,491.67
254.87,435.13,383.93,511.93
95.933,37.267,138.6,127.93
195.13,319.93,268.73,423.4
154.6,101.27,207.93,145
72.467,284.73,131.13,351.93
1,175.93,49,238.87
242.07,294.33,297.53,346.6
276.2,1,343.4,180.2
1,382.87,61.8,476.73
172.73,202.6,223.93,267.67
95.933,414.87,151.4,455.4
284.73,436.2,383.93,511.93
125.8,314.6,185.53,370.07
335.93,1,383.93,111.93
146.07,468.2,213.27,511.93
50.067,1,122.6,231.4
164.2,219.67,228.2,273
197.27,248.47,322.07,358.33
22.333,324.2,150.33,390.33
85.267,37.267,138.6,127.93
117.27,363.67,177,445.8
216.47,373.27,268.73,423.4
153.53,98.067,205.8,209
90.6,230.33,155.67,296.47
125.8,314.6,193,370.07
115.13,440.47,180.2,502.33
78.867,193,125.8,300.73
229.27,337,269.8,386.07
23.4,431.93,69.267,492.73
1,355.13,94.867,502.33
211.13,264.47,270.87,317.8
74.6,343.4,150.33,411.67
214.33,338.07,271.93,417
210.07,239.93,281.53,286.87
31.933,415.93,282.6,511.93
129,441.53,202.6,483.13
159.93,1,206.87,93.8
246.33,309.27,362.6,422.33
163.13,397.8,209,453.27
65,37.267,136.47,161
73.533,371.13,129,471.4
146.07,468.2,236.73,511.93
218.6,294.33,299.67,351.93
56.467,297.53,156.73,374.33
95.933,408.47,145,454.33
70.333,453.27,111.93,508.73
158.87,219.67,228.2,273
74.6,343.4,150.33,442.6
218.6,1,276.2,239.93
86.333,297.53,156.73,374.33
60.733,165.27,124.73,300.73
120.47,292.2,216.47,371.13
241,436.2,383.93,511.93
63.933,214.33,105.53,255.93
31.933,442.6,72.467,503.4
168.47,452.2,235.67,506.6
204.73,415.93,282.6,493.8
328.47,1,383.93,230.33
85.267,53.267,134.33,102.33
143.93,238.87,242.07,303.93
1,248.47,67.133,324.2
172.73,218.6,221.8,267.67
1,168.47,47.933,219.67
95.933,365.8,184.47,454.33
1,355.13,68.2,502.33
143.93,386.07,184.47,445.8
132.2,315.67,183.4,367.93
53.267,452.2,111.93,511.93
4.2,414.87,72.467,504.47
187.67,468.2,236.73,511.93
338.07,365.8,383.93,417
337,1,383.93,113
150.33,248.47,242.07,341.27
150.33,248.47,217.53,289
119.4,250.6,174.87,296.47
150.33,248.47,217.53,305
105.53,283.67,207.93,348.73
1,49,47.933,191.93
251.67,374.33,294.33,420.2
105.53,363.67,209,497
81,344.47,172.73,469.27
60.733,165.27,124.73,275.13
95.933,11.667,138.6,107.67
62.867,344.47,203.67,500.2
65,37.267,138.6,166.33
1,414.87,88.467,511.93
153.53,107.67,205.8,209
1,371.13,140.73,502.33
337,1,378.6,82.067
60.733,220.73,121.53,275.13
117.27,363.67,209,445.8
99.133,297.53,203.67,366.87
287.93,1,343.4,149.27
150.33,248.47,194.07,289
70.333,212.2,121.53,271.93
185.53,273,226.07,339.13
141.8,327.4,191.93,367.93
228.2,337,269.8,404.2
46.867,419.13,95.933,474.6
233.53,264.47,297.53,346.6
146.07,445.8,236.73,511.93
129,429.8,219.67,500.2
31.933,313.53,312.47,511.93
131.13,243.13,217.53,305
95.933,18.067,138.6,77.8
5.2667,354.07,52.2,413.8
143.93,386.07,184.47,450.07
248.47,374.33,301.8,422.33
156.73,35.133,198.33,93.8
206.87,212.2,265.53,273
133.27,356.2,174.87,442.6
63.933,204.73,105.53,255.93
92.733,398.87,168.47,456.47
1,168.47,50.067,290.07
1,235.67,247.4,380.73
65,63.933,133.27,152.47
197.27,266.6,268.73,325.27
204.73,439.4,276.2,493.8
53.267,267.67,103.4,315.67
1,235.67,125.8,380.73
164.2,344.47,232.47,434.07
329.53,1,383.93,147.13
202.6,415.93,282.6,471.4
78.867,124.73,122.6,220.73
329.53,1,377.53,59.667
1,355.13,47.933,413.8
151.4,97,213.27,180.2
1,199.4,49,257
43.667,355.13,105.53,428.73
97,284.73,156.73,341.27
24.467,395.67,68.2,459.67
36.2,385,94.867,485.27
43.667,330.6,166.33,442.6
241,442.6,317.8,507.67
263.4,313.53,307.13,375.4
1,150.33,49,201.53
20.2,278.33,60.733,323.13
9.5333,423.4,88.467,510.87
113,307.13,203.67,366.87
1,382.87,61.8,455.4
137.53,458.6,180.2,500.2
142.87,84.2,213.27,137.53
28.733,258.07,74.6,330.6
1,355.13,44.733,419.13
35.133,405.27,95.933,486.33
92.733,398.87,140.73,442.6
151.4,137.53,196.2,209
130.07,194.07,202.6,255.93
53.267,452.2,116.2,511.93
34.067,354.07,83.133,452.2
15.933,356.2,60.733,427.67
229.27,337,269.8,380.73
153.53,257,226.07,339.13
105.53,286.87,156.73,337
186.6,361.53,232.47,425.53
171.67,250.6,217.53,322.07
70.333,371.13,140.73,483.13
222.87,212.2,265.53,273
1,382.87,61.8,433
155.67,180.2,210.07,243.13
200.47,442.6,317.8,511.93
105.53,363.67,209,495.93
257,1,313.53,201.53
246.33,348.73,287.93,390.33
168.47,415.93,282.6,506.6
165.27,298.6,246.33,377.53
287.93,331.67,337,382.87
95.933,386.07,184.47,454.33
287.93,1,343.4,180.2
153.53,140.73,205.8,220.73
70.333,452.2,111.93,508.73
260.2,1,313.53,201.53
273,344.47,319.93,388.2
22.333,324.2,89.533,380.73
1,402.07,63.933,502.33
169.53,270.87,242.07,341.27
43.667,343.4,150.33,442.6
230.33,212.2,299.67,302.87
332.73,1,383.93,113
141.8,313.53,312.47,425.53
1,344.47,203.67,502.33
150.33,397.8,209,453.27
158.87,285.8,207.93,348.73
251.67,374.33,296.47,420.2
78.867,297.53,183.4,367.93
230.33,212.2,312.47,311.4
57.533,342.33,150.33,390.33
95.933,37.267,138.6,106.6
181.27,312.47,246.33,377.53
185.53,415.93,282.6,471.4
129,366.87,170.6,442.6
252.73,331.67,312.47,386.07
284.73,296.47,362.6,422.33
1,327.4,66.067,380.73
1,20.2,50.067,98.067
141.8,327.4,209,397.8
153.53,140.73,205.8,209
156.73,50.067,198.33,93.8
1,1,42.6,78.867
17,221.8,63.933,264.47
339.13,252.73,383.93,414.87
164.2,350.87,244.2,425.53
238.87,445.8,289,508.73
329.53,1,383.93,59.667
238.87,442.6,317.8,508.73
143.93,392.47,203.67,445.8
73.533,371.13,140.73,471.4
62.867,344.47,172.73,469.27
88.467,344.47,150.33,407.4
246.33,374.33,300.73,422.33
302.87,436.2,383.93,511.93
287.93,331.67,337,374.33
249.53,294.33,297.53,346.6
8.4667,429.8,63.933,485.27
151.4,137.53,195.13,209
249.53,442.6,317.8,504.47
