13.8,1,383.93,511.93
250.6,36.2,357.27,206.87
11.667,1,324.2,309.27
37.267,107.67,287.93,433
173.8,3.1333,223.93,45.8
39.4,171.67,154.6,266.6
13.8,190.87,190.87,508.73
68.2,1,287.93,140.73
204.73,135.4,383.93,511.93
91.667,245.27,287.93,433
12.733,1,383.93,511.93
11.667,1,383.93,511.93
1,1,383.93,511.93
1,1,194.07,241
143.93,1,310.33,211.13
50.067,3.1333,216.47,190.87
97,1,383.93,511.93
178.07,142.87,383.93,511.93
204.73,167.4,371.13,376.47
57.533,9.5333,197.27,146.07
11.667,76.733,161,309.27
8.4667,91.667,103.4,456.47
98.067,287.93,383.93,511.93
171.67,1,383.93,210.07
13.8,9.5333,197.27,328.47
198.33,1,262.33,58.6
130.07,150.33,183.4,223.93
152.47,1,383.93,162.07
45.8,1,383.93,196.2
264.47,435.13,332.73,504.47
305,1,383.93,333.8
40.467,1,383.93,511.93
49,1,223.93,154.6
137.53,222.87,178.07,273
13.8,189.8,383.93,511.93
97,1,383.93,263.4
165.27,365.8,365.8,511.93
296.47,135.4,383.93,511.93
31.933,322.07,214.33,511.93
120.47,105.53,383.93,511.93
106.6,230.33,162.07,281.53
120.47,99.133,383.93,356.2
305,1,383.93,318.87
337,274.07,383.93,322.07
124.73,222.87,249.53,425.53
47.933,118.33,156.73,227.13
187.67,330.6,383.93,511.93
12.733,99.133,383.93,511.93
182.33,217.53,309.27,359.4
139.67,1,279.4,65
135.4,1,383.93,162.07
283.67,238.87,364.73,366.87
337,258.07,383.93,318.87
1,1,324.2,511.93
302.87,79.933,383.93,237.8
135.4,1,383.93,511.93
1,1,193,511.93
68.2,278.33,365.8,511.93
28.733,331.67,239.93,511.93
50.067,1,324.2,163.13
50.067,57.533,185.53,190.87
30.867,299.67,154.6,410.6
31.933,164.2,227.13,455.4
182.33,1,383.93,511.93
13.8,85.267,149.27,328.47
173.8,88.467,383.93,338.07
274.07,252.73,355.13,319.93
171.67,77.8,330.6,210.07
245.27,300.73,383.93,511.93
50.067,1,383.93,190.87
40.467,62.867,315.67,425.53
245.27,105.53,383.93,511.93
120.47,149.27,359.4,395.67
45.8,79.933,130.07,196.2
177,422.33,273,511.93
12.733,105.53,383.93,511.93
238.87,1,383.93,154.6
105.53,3.1333,216.47,103.4
49,1,383.93,225
118.33,310.33,383.93,511.93
1,1,287.93,511.93
143.93,1,383.93,211.13
11.667,1,383.93,394.6
15.933,91.667,87.4,231.4
40.467,195.13,252.73,425.53
196.2,436.2,383.93,511.93
11.667,174.87,190.87,508.73
177,330.6,284.73,442.6
11.667,56.467,231.4,394.6
82.067,146.07,215.4,283.67
68.2,205.8,201.53,378.6
120.47,233.53,221.8,333.8
137.53,285.8,383.93,511.93
120.47,99.133,383.93,511.93
209,365.8,350.87,463.93
188.73,1,383.93,154.6
39.4,1,383.93,360.47
1,237.8,126.87,511.93
45.8,381.8,103.4,467.13
243.13,391.4,322.07,511.93
172.73,1,383.93,157.8
68.2,135.4,383.93,511.93
12.733,164.2,227.13,455.4
186.6,287.93,383.93,511.93
173.8,88.467,383.93,322.07
87.4,409.53,133.27,456.47
66.067,1,220.73,183.4
306.07,414.87,348.73,481
262.33,1,324.2,42.6
57.533,79.933,130.07,189.8
68.2,278.33,305,431.93
249.53,1,383.93,52.2
39.4,88.467,383.93,360.47
182.33,1,383.93,359.4
139.67,57.533,213.27,211.13
35.133,103.4,179.13,295.4
28.733,282.6,230.33,511.93
50.067,1,383.93,210.07
292.2,1,383.93,154.6
143.93,1,383.93,225
70.333,279.4,124.73,360.47
245.27,330.6,383.93,481
135.4,1,287.93,93.8
13.8,9.5333,284.73,462.87
70.333,258.07,284.73,447.93
239.93,1,383.93,367.93
35.133,103.4,222.87,451.13
263.4,252.73,383.93,356.2
113,413.8,199.4,511.93
173.8,88.467,378.6,248.47
109.8,420.2,179.13,485.27
211.13,470.33,271.93,511.93
39.4,69.267,215.4,356.2
277.27,454.33,317.8,501.27
146.07,298.6,259.13,364.73
12.733,164.2,318.87,511.93
44.733,333.8,105.53,408.47
67.133,58.6,159.93,132.2
141.8,57.533,191.93,142.87
142.87,1,287.93,109.8
173.8,88.467,383.93,511.93
79.933,439.4,230.33,511.93
137.53,357.27,299.67,511.93
178.07,255.93,350.87,511.93
1,367.93,143.93,511.93
202.6,98.067,243.13,140.73
1,1,227.13,511.93
91.667,322.07,242.07,433
1,1,129,227.13
335.93,186.6,383.93,338.07
302.87,1,383.93,145
137.53,357.27,294.33,511.93
98.067,292.2,284.73,495.93
171.67,99.133,325.27,333.8
139.67,1,324.2,125.8
68.2,77.8,130.07,130.07
269.8,359.4,329.53,440.47
246.33,68.2,383.93,246.33
173.8,95.933,281.53,252.73
1,235.67,122.6,511.93
58.6,136.47,103.4,189.8
30.867,299.67,172.73,511.93
264.47,330.6,383.93,424.47
120.47,99.133,325.27,333.8
121.53,407.4,214.33,470.33
173.8,88.467,350.87,211.13
246.33,63.933,383.93,251.67
97,1,227.13,92.733
11.667,3.1333,230.33,511.93
142.87,1,287.93,140.73
187.67,414.87,289,511.93
12.733,164.2,227.13,511.93
188.73,1,383.93,148.2
1,1,221.8,511.93
68.2,365.8,365.8,511.93
97,397.8,171.67,511.93
299.67,25.533,364.73,110.87
299.67,276.2,363.67,372.2
118.33,451.13,213.27,511.93
260.2,24.467,310.33,70.333
63.933,449,137.53,511.93
326.33,235.67,383.93,329.53
1,1,220.73,511.93
43.667,223.93,104.47,295.4
11.667,174.87,60.733,250.6
39.4,171.67,165.27,360.47
338.07,90.6,383.93,162.07
109.8,420.2,217.53,511.93
50.067,132.2,98.067,190.87
1,1,143.93,511.93
13.8,189.8,239.93,511.93
28.733,189.8,108.73,394.6
68.2,77.8,116.2,120.47
173.8,95.933,281.53,211.13
142.87,1,284.73,109.8
39.4,97,246.33,360.47
179.13,285.8,383.93,511.93
121.53,393.53,199.4,449
85.267,303.93,151.4,402.07
87.4,409.53,213.27,511.93
335.93,330.6,383.93,413.8
1,1,194.07,511.93
186.6,216.47,286.87,333.8
286.87,287.93,383.93,381.8
99.133,401,141.8,465
104.47,299.67,172.73,349.8
66.067,1,383.93,183.4
17,305,126.87,511.93
269.8,312.47,383.93,449
324.2,70.333,364.73,110.87
39.4,209,95.933,266.6
31.933,319.93,214.33,511.93
45.8,374.33,239.93,511.93
1,1,165.27,241
28.733,126.87,81,206.87
186.6,184.47,355.13,333.8
33,292.2,105.53,394.6
43.667,247.4,121.53,370.07
306.07,402.07,383.93,494.87
238.87,1,383.93,152.47
259.13,51.133,349.8,147.13
212.2,1,383.93,367.93
263.4,105.53,383.93,356.2
243.13,371.13,350.87,511.93
13.8,190.87,63.933,335.93
98.067,292.2,252.73,408.47
307.13,170.6,383.93,280.47
307.13,183.4,357.27,237.8
68.2,382.87,199.4,511.93
31.933,331.67,106.6,433
1,146.07,67.133,424.47
179.13,285.8,359.4,395.67
211.13,452.2,356.2,511.93
165.27,387.13,335.93,511.93
91.667,107.67,246.33,225
28.733,15.933,129,206.87
235.67,375.4,314.6,425.53
188.73,115.13,308.2,190.87
173.8,95.933,233.53,204.73
118.33,317.8,383.93,511.93
171.67,99.133,300.73,199.4
58.6,85.267,149.27,189.8
51.133,263.4,97,308.2
31.933,331.67,239.93,511.93
143.93,169.53,229.27,301.8
269.8,131.13,378.6,248.47
180.2,332.73,317.8,483.13
143.93,17,193,66.067
100.2,389.27,214.33,470.33
142.87,217.53,246.33,335.93
71.4,409.53,213.27,511.93
11.667,3.1333,223.93,276.2
282.6,105.53,383.93,280.47
180.2,185.53,366.87,322.07
31.933,322.07,213.27,511.93
338.07,268.73,383.93,338.07
30.867,299.67,318.87,511.93
270.87,1,383.93,120.47
196.2,443.67,383.93,511.93
245.27,330.6,383.93,511.93
127.93,149.27,229.27,237.8
337,228.2,383.93,318.87
11.667,110.87,161,250.6
99.133,177,154.6,242.07
1,1,220.73,273
177,422.33,383.93,511.93
332.73,1,383.93,74.6
1,235.67,104.47,511.93
269.8,203.67,347.67,248.47
197.27,142.87,354.07,422.33
131.13,56.467,231.4,328.47
200.47,185.53,284.73,252.73
143.93,3.1333,216.47,95.933
39.4,177,95.933,266.6
259.13,51.133,371.13,147.13
67.133,17,207.93,156.73
104.47,11.667,159.93,59.667
70.333,121.53,187.67,227.13
124.73,249.53,181.27,295.4
1,1,129,511.93
302.87,1,383.93,154.6
82.067,73.533,215.4,283.67
68.2,382.87,141.8,476.73
69.267,398.87,126.87,511.93
183.4,266.6,241,369
44.733,322.07,106.6,433
156.73,267.67,229.27,335.93
1,184.47,67.133,415.93
30.867,299.67,183.4,511.93
118.33,443.67,363.67,511.93
250.6,375.4,313.53,438.33
183.4,255.93,303.93,380.73
312.47,147.13,383.93,318.87
310.33,423.4,383.93,511.93
8.4667,91.667,137.53,511.93
292.2,1,383.93,157.8
274.07,287.93,332.73,347.67
13.8,184.47,63.933,328.47
1,184.47,124.73,511.93
57.533,79.933,107.67,146.07
13.8,189.8,63.933,328.47
137.53,357.27,318.87,511.93
201.53,49,277.27,114.07
87.4,409.53,165.27,467.13
210.07,287.93,383.93,511.93
154.6,1,324.2,114.07
1,1,122.6,511.93
28.733,103.4,230.33,511.93
197.27,36.2,357.27,231.4
250.6,369,318.87,438.33
202.6,430.87,281.53,511.93
177,422.33,347.67,511.93
11.667,174.87,69.267,250.6
140.73,1,383.93,133.27
85.267,150.33,183.4,297.53
172.73,1,355.13,136.47
223.93,1,383.93,120.47
11.667,177,55.4,250.6
31.933,322.07,109.8,433
202.6,418.07,262.33,493.8
140.73,23.4,277.27,114.07
257,369,318.87,422.33
1,184.47,50.067,242.07
97,87.4,300.73,263.4
109.8,420.2,179.13,511.93
120.47,67.133,236.73,148.2
172.73,1,383.93,120.47
187.67,465,239.93,511.93
50.067,74.6,185.53,190.87
101.27,339.13,234.6,495.93
49,29.8,169.53,154.6
116.2,3.1333,216.47,103.4
1,1,220.73,227.13
227.13,298.6,359.4,395.67
40.467,1,315.67,425.53
178.07,255.93,303.93,511.93
49,331.67,100.2,374.33
270.87,391.4,322.07,437.27
177,422.33,274.07,511.93
50.067,62.867,315.67,289
68.2,382.87,122.6,467.13
68.2,76.733,130.07,130.07
165.27,387.13,242.07,511.93
195.13,117.27,300.73,164.2
141.8,407.4,195.13,449
47.933,56.467,231.4,328.47
199.4,10.6,287.93,93.8
74.6,397.8,172.73,511.93
210.07,446.87,383.93,511.93
212.2,177,325.27,264.47
227.13,252.73,371.13,376.47
193,332.73,284.73,483.13
158.87,23.4,277.27,114.07
70.333,258.07,156.73,360.47
182.33,191.93,351.93,359.4
174.87,149.27,246.33,211.13
331.67,133.27,378.6,174.87
312.47,302.87,383.93,511.93
143.93,356.2,222.87,431.93
189.8,99.133,300.73,181.27
302.87,24.467,356.2,111.93
297.53,1,365.8,51.133
62.867,415.93,143.93,511.93
187.67,418.07,335.93,511.93
229.27,24.467,310.33,90.6
39.4,177,106.6,308.2
18.067,238.87,61.8,328.47
261.27,287.93,363.67,388.2
319.93,147.13,383.93,235.67
312.47,312.47,383.93,421.27
51.133,241,108.73,308.2
1,1,221.8,335.93
264.47,287.93,383.93,424.47
71.4,401,239.93,511.93
118.33,1,383.93,511.93
339.13,1,383.93,59.667
1,381.8,124.73,511.93
264.47,317.8,383.93,511.93
180.2,225,361.53,322.07
131.13,258.07,183.4,324.2
120.47,149.27,229.27,333.8
142.87,1,279.4,65
143.93,1,310.33,90.6
109.8,420.2,239.93,511.93
216.47,395.67,268.73,442.6
111.93,17,156.73,59.667
180.2,46.867,308.2,190.87
70.333,258.07,284.73,462.87
204.73,167.4,325.27,315.67
44.733,322.07,105.53,408.47
312.47,218.6,383.93,318.87
332.73,49,383.93,145
323.13,135.4,381.8,178.07
227.13,331.67,302.87,395.67
250.6,408.47,332.73,501.27
104.47,13.8,159.93,59.667
311.4,436.2,356.2,488.47
131.13,197.27,231.4,328.47
11.667,125.8,108.73,394.6
67.133,74.6,185.53,188.73
11.667,17,207.93,276.2
104.47,12.733,170.6,56.467
13.8,189.8,126.87,511.93
216.47,217.53,289,274.07
339.13,229.27,383.93,338.07
269.8,27.667,330.6,123.67
227.13,331.67,285.8,395.67
197.27,62.867,337,231.4
219.67,1,279.4,43.667
71.4,406.33,239.93,511.93
155.67,88.467,300.73,244.2
68.2,278.33,222.87,431.93
68.2,278.33,151.4,357.27
227.13,309.27,322.07,376.47
273,302.87,359.4,394.6
222.87,98.067,337,231.4
1,149.27,67.133,335.93
39.4,171.67,132.2,308.2
104.47,11.667,165.27,59.667
198.33,1,262.33,44.733
211.13,461.8,356.2,511.93
79.933,466.07,157.8,511.93
30.867,299.67,118.33,410.6
212.2,184.47,325.27,260.2
97,1,223.93,42.6
180.2,198.33,362.6,322.07
180.2,46.867,309.27,211.13
177,287.93,383.93,511.93
172.73,10.6,281.53,110.87
273,302.87,349.8,391.4
275.13,264.47,351.93,342.33
312.47,312.47,383.93,386.07
269.8,198.33,362.6,248.47
312.47,328.47,359.4,394.6
156.73,245.27,246.33,335.93
173.8,88.467,378.6,322.07
248.47,1,383.93,120.47
222.87,1,319.93,130.07
121.53,317.8,383.93,511.93
57.533,65,146.07,146.07
118.33,442.6,363.67,511.93
68.2,77.8,119.4,130.07
305,25.533,383.93,149.27
209,49,277.27,111.93
264.47,330.6,383.93,412.73
57.533,65,122.6,146.07
71.4,420.2,239.93,511.93
143.93,156.73,257,248.47
264.47,287.93,383.93,511.93
307.13,1,367.93,50.067
319.93,217.53,383.93,268.73
333.8,1,383.93,65
146.07,330.6,242.07,433
188.73,46.867,273,126.87
11.667,76.733,161,250.6
1,230.33,124.73,511.93
249.53,1,383.93,145
74.6,453.27,172.73,511.93
37.267,292.2,79.933,345.53
339.13,229.27,383.93,300.73
273,105.53,383.93,210.07
70.333,258.07,172.73,393.53
50.067,333.8,105.53,408.47
335.93,174.87,383.93,238.87
273,203.67,347.67,248.47
50.067,305,104.47,356.2
33,325.27,105.53,393.53
109.8,420.2,194.07,511.93
187.67,418.07,383.93,511.93
218.6,365.8,350.87,439.4
120.47,149.27,229.27,310.33
146.07,298.6,305,414.87
45.8,381.8,93.8,430.87
246.33,63.933,383.93,263.4
222.87,98.067,323.13,231.4
186.6,216.47,315.67,333.8
335.93,90.6,383.93,338.07
1,1,110.87,424.47
152.47,1,383.93,120.47
1,237.8,143.93,511.93
209,365.8,365.8,463.93
140.73,1,383.93,120.47
69.267,376.47,230.33,511.93
101.27,346.6,196.2,437.27
49,331.67,106.6,397.8
135.4,10.6,287.93,93.8
154.6,27.667,284.73,114.07
158.87,49,277.27,114.07
309.27,255.93,371.13,306.07
78.867,9.5333,197.27,130.07
50.067,1,243.13,163.13
86.333,202.6,151.4,262.33
66.067,117.27,132.2,183.4
312.47,330.6,383.93,511.93
263.4,252.73,355.13,319.93
50.067,1,236.73,148.2
13.8,173.8,63.933,328.47
8.4667,226.07,103.4,456.47
68.2,77.8,116.2,130.07
109.8,420.2,179.13,499.13
299.67,17,364.73,131.13
139.67,1,324.2,114.07
217.53,287.93,383.93,449
180.2,185.53,289,296.47
151.4,66.067,194.07,127.93
115.13,97,246.33,335.93
309.27,378.6,376.47,420.2
238.87,17,285.8,73.533
135.4,17,206.87,65
338.07,268.73,383.93,346.6
186.6,177,325.27,333.8
189.8,135.4,269.8,181.27
172.73,10.6,283.67,136.47
172.73,1,383.93,145
332.73,423.4,383.93,511.93
180.2,46.867,308.2,211.13
98.067,54.333,139.67,95.933
222.87,98.067,300.73,231.4
115.13,205.8,201.53,378.6
261.27,298.6,301.8,350.87
125.8,150.33,183.4,223.93
37.267,107.67,246.33,370.07
1,230.33,67.133,415.93
273,105.53,383.93,280.47
182.33,36.2,357.27,359.4
39.4,171.67,165.27,266.6
306.07,173.8,383.93,511.93
197.27,62.867,246.33,105.53
135.4,1,281.53,77.8
105.53,17,156.73,59.667
326.33,173.8,383.93,261.27
219.67,1,265.53,43.667
327.4,274.07,383.93,333.8
241,27.667,284.73,87.4
337,268.73,383.93,356.2
175.93,235.67,221.8,301.8
97,397.8,171.67,473.53
261.27,298.6,332.73,376.47
307.13,131.13,378.6,248.47
76.733,107.67,246.33,267.67
335.93,159.93,383.93,338.07
307.13,189.8,362.6,248.47
296.47,135.4,383.93,329.53
244.2,461.8,383.93,511.93
156.73,261.27,284.73,442.6
47.933,58.6,183.4,297.53
258.07,443.67,335.93,511.93
1,381.8,103.4,511.93
17,305,104.47,385
131.13,238.87,205.8,328.47
97,401,239.93,511.93
87.4,10.6,182.33,95.933
179.13,184.47,359.4,395.67
180.2,332.73,316.73,483.13
217.53,287.93,383.93,504.47
337,47.933,383.93,152.47
66.067,117.27,149.27,183.4
98.067,292.2,284.73,447.93
102.33,343.4,154.6,402.07
11.667,126.87,101.27,250.6
218.6,365.8,350.87,449
306.07,150.33,383.93,511.93
317.8,363.67,383.93,502.33
91.667,107.67,204.73,225
97,343.4,222.87,431.93
338.07,280.47,383.93,338.07
239.93,108.73,383.93,367.93
306.07,173.8,383.93,494.87
179.13,285.8,280.47,366.87
312.47,93.8,383.93,318.87
127.93,149.27,229.27,310.33
113,49,190.87,130.07
202.6,357.27,259.13,411.67
307.13,131.13,362.6,248.47
311.4,401,383.93,449
186.6,364.73,332.73,501.27
40.467,195.13,249.53,425.53
39.4,171.67,132.2,321
33,340.2,105.53,393.53
39.4,69.267,284.73,462.87
274.07,71.4,383.93,120.47
97,87.4,300.73,262.33
210.07,417,383.93,511.93
179.13,255.93,301.8,366.87
99.133,401,239.93,511.93
198.33,10.6,287.93,93.8
196.2,466.07,253.8,511.93
137.53,271.93,238.87,342.33
173.8,95.933,332.73,252.73
13.8,227.13,56.467,275.13
118.33,422.33,186.6,508.73
293.27,287.93,363.67,385
138.6,422.33,179.13,470.33
264.47,330.6,358.33,403.13
130.07,471.4,194.07,511.93
305,1,383.93,149.27
62.867,415.93,126.87,511.93
58.6,117.27,149.27,189.8
105.53,17,156.73,57.533
163.13,428.73,234.6,495.93
197.27,142.87,334.87,361.53
299.67,25.533,364.73,97
87.4,409.53,139.67,461.8
47.933,58.6,159.93,227.13
104.47,9.5333,197.27,82.067
98.067,1,236.73,148.2
1,1,169.53,335.93
326.33,218.6,383.93,329.53
101.27,331.67,196.2,437.27
1,29.8,169.53,335.93
135.4,24.467,203.67,65
143.93,98.067,300.73,287.93
22.333,333.8,122.6,511.93
332.73,417,378.6,502.33
270.87,22.333,383.93,120.47
68.2,77.8,110.87,130.07
189.8,455.4,230.33,498.07
319.93,223.93,383.93,268.73
295.4,369,362.6,449
68.2,205.8,222.87,451.13
281.53,302.87,332.73,376.47
91.667,136.47,161,205.8
226.07,119.4,280.47,186.6
251.67,287.93,309.27,347.67
172.73,10.6,281.53,136.47
121.53,407.4,195.13,459.67
11.667,125.8,98.067,276.2
237.8,95.933,350.87,166.33
222.87,1,355.13,130.07
37.267,247.4,121.53,370.07
339.13,92.733,383.93,162.07
97,343.4,155.67,403.13
66.067,9.5333,197.27,183.4
339.13,229.27,383.93,277.27
1,1,121.53,227.13
135.4,1,262.33,65
189.8,216.47,286.87,333.8
210.07,470.33,290.07,511.93
206.87,298.6,258.07,380.73
137.53,245.27,265.53,342.33
205.8,259.13,254.87,315.67
250.6,195.13,316.73,246.33
271.93,145,312.47,197.27
177,330.6,241,442.6
300.73,446.87,383.93,511.93
37.267,179.13,155.67,370.07
118.33,451.13,193,508.73
45.8,374.33,126.87,511.93
187.67,463.93,281.53,511.93
217.53,287.93,338.07,376.47
172.73,1,319.93,130.07
110.87,1,221.8,42.6
88.467,397.8,171.67,473.53
310.33,299.67,383.93,381.8
126.87,339.13,196.2,437.27
143.93,17,226.07,90.6
40.467,179.13,104.47,309.27
282.6,1,383.93,98.067
28.733,30.867,129,206.87
311.4,404.2,362.6,470.33
115.13,146.07,196.2,211.13
202.6,427.67,335.93,511.93
327.4,274.07,383.93,356.2
104.47,9.5333,197.27,130.07
1,1,115.13,335.93
273,203.67,323.13,244.2
74.6,459.67,157.8,511.93
264.47,470.33,356.2,511.93
269.8,145,332.73,223.93
217.53,287.93,290.07,376.47
248.47,252.73,371.13,372.2
155.67,1,223.93,43.667
307.13,198.33,362.6,248.47
182.33,77.8,261.27,136.47
210.07,446.87,363.67,511.93
121.53,374.33,214.33,470.33
281.53,105.53,330.6,147.13
212.2,177,325.27,260.2
212.2,184.47,355.13,319.93
13.8,191.93,63.933,242.07
197.27,142.87,383.93,511.93
188.73,73.533,237.8,114.07
70.333,260.2,127.93,357.27
249.53,287.93,290.07,376.47
120.47,67.133,233.53,148.2
69.267,397.8,199.4,511.93
273,142.87,330.6,210.07
116.2,17,196.2,103.4
171.67,77.8,300.73,199.4
187.67,465,228.2,511.93
196.2,461.8,383.93,511.93
227.13,302.87,359.4,395.67
111.93,196.2,167.4,242.07
323.13,135.4,383.93,227.13
33,282.6,141.8,476.73
222.87,189.8,263.4,231.4
97,63.933,383.93,263.4
244.2,461.8,356.2,511.93
209,365.8,350.87,449
202.6,353,271.93,411.67
282.6,105.53,383.93,356.2
179.13,255.93,285.8,366.87
254.87,157.8,306.07,211.13
186.6,184.47,359.4,395.67
79.933,457.53,230.33,511.93
269.8,36.2,319.93,123.67
268.73,99.133,330.6,147.13
188.73,73.533,273,126.87
19.133,238.87,63.933,335.93
296.47,135.4,383.93,264.47
77.8,126.87,133.27,179.13
85.267,179.13,178.07,297.53
202.6,353,305,414.87
188.73,1,253.8,93.8
271.93,287.93,363.67,388.2
337,236.73,383.93,289
321,262.33,383.93,420.2
203.67,331.67,284.73,417
173.8,88.467,383.93,252.73
53.267,164.2,122.6,227.13
13.8,205.8,63.933,328.47
339.13,90.6,383.93,162.07
97,1,221.8,42.6
97,1,223.93,59.667
326.33,173.8,383.93,258.07
50.067,245.27,156.73,360.47
259.13,13.8,383.93,152.47
68.2,10.6,182.33,130.07
49,331.67,106.6,433
168.47,1,223.93,43.667
104.47,9.5333,197.27,56.467
249.53,1,354.07,51.133
133.27,471.4,194.07,511.93
207.93,259.13,254.87,315.67
177,422.33,273,495.93
40.467,213.27,108.73,308.2
13.8,189.8,63.933,242.07
273,27.667,330.6,81
248.47,1,324.2,42.6
173.8,100.2,280.47,252.73
339.13,229.27,383.93,317.8
202.6,414.87,289,493.8
50.067,72.467,204.73,246.33
1,237.8,124.73,511.93
87.4,409.53,190.87,508.73
47.933,8.4667,165.27,179.13
99.133,401,194.07,511.93
68.2,382.87,141.8,467.13
156.73,318.87,211.13,361.53
243.13,375.4,314.6,425.53
199.4,10.6,262.33,58.6
133.27,435.13,186.6,485.27
306.07,408.47,383.93,494.87
210.07,446.87,356.2,511.93
217.53,287.93,363.67,388.2
325.27,71.4,383.93,120.47
141.8,17,196.2,95.933
118.33,446.87,363.67,511.93
67.133,381.8,143.93,479.93
239.93,226.07,282.6,271.93
312.47,228.2,383.93,318.87
30.867,299.67,171.67,511.93
50.067,31.933,126.87,140.73
100.2,389.27,145,446.87
91.667,143.93,149.27,205.8
259.13,58.6,311.4,113
33,282.6,105.53,394.6
338.07,268.73,383.93,356.2
248.47,1,383.93,142.87
283.67,259.13,364.73,322.07
180.2,317.8,383.93,511.93
270.87,108.73,383.93,201.53
13.8,214.33,58.6,309.27
221.8,88.467,350.87,166.33
39.4,73.533,215.4,356.2
101.27,339.13,196.2,437.27
249.53,345.53,354.07,403.13
104.47,9.5333,197.27,90.6
1,401,81,511.93
137.53,245.27,287.93,380.73
196.2,452.2,383.93,511.93
143.93,17,196.2,95.933
187.67,418.07,281.53,511.93
99.133,401,156.73,465
335.93,159.93,383.93,238.87
53.267,126.87,133.27,227.13
215.4,118.33,281.53,211.13
332.73,1,383.93,145
50.067,72.467,205.8,246.33
326.33,236.73,383.93,329.53
246.33,195.13,322.07,246.33
175.93,225,231.4,301.8
79.933,397.8,199.4,511.93
259.13,51.133,330.6,147.13
302.87,57.533,356.2,111.93
297.53,1,375.4,51.133
261.27,241,334.87,361.53
68.2,67.133,147.13,130.07
165.27,387.13,244.2,511.93
306.07,131.13,378.6,248.47
281.53,68.2,383.93,237.8
238.87,142.87,330.6,210.07
156.73,261.27,251.67,356.2
311.4,253.8,361.53,322.07
209,77.8,261.27,136.47
244.2,285.8,309.27,359.4
337,268.73,383.93,322.07
158.87,55.4,215.4,99.133
209,167.4,274.07,211.13
204.73,167.4,284.73,276.2
270.87,394.6,329.53,440.47
104.47,13.8,165.27,59.667
137.53,169.53,229.27,310.33
1,230.33,68.2,415.93
143.93,17,207.93,66.067
197.27,167.4,274.07,289
238.87,332.73,284.73,414.87
313.53,13.8,383.93,152.47
257,375.4,313.53,422.33
203.67,226.07,282.6,281.53
137.53,233.53,203.67,310.33
53.267,126.87,142.87,227.13
307.13,170.6,383.93,237.8
49,331.67,106.6,408.47
254.87,142.87,308.2,211.13
218.6,435.13,273,486.33
98.067,10.6,182.33,95.933
267.67,417,378.6,502.33
116.2,258.07,156.73,313.53
118.33,422.33,213.27,511.93
1,367.93,103.4,511.93
223.93,463.93,281.53,511.93
177,422.33,290.07,511.93
79.933,413.8,199.4,511.93
63.933,377.53,106.6,433
177,372.2,277.27,442.6
319.93,205.8,383.93,280.47
183.4,263.4,241,369
143.93,141.8,257,287.93
50.067,1,194.07,140.73
98.067,299.67,172.73,393.53
273,302.87,349.8,394.6
270.87,372.2,350.87,437.27
148.2,298.6,249.53,425.53
268.73,77.8,330.6,147.13
215.4,143.93,280.47,211.13
39.4,171.67,132.2,356.2
270.87,391.4,329.53,440.47
281.53,79.933,383.93,237.8
264.47,330.6,358.33,390.33
45.8,374.33,139.67,511.93
322.07,300.73,363.67,356.2
104.47,13.8,159.93,54.333
249.53,1,356.2,97
229.27,214.33,270.87,254.87
326.33,312.47,383.93,367.93
163.13,358.33,214.33,405.27
68.2,205.8,201.53,402.07
227.13,322.07,302.87,395.67
282.6,105.53,383.93,184.47
139.67,56.467,213.27,211.13
269.8,1,383.93,142.87
137.53,233.53,221.8,333.8
141.8,407.4,195.13,459.67
206.87,298.6,287.93,380.73
259.13,24.467,310.33,100.2
44.733,322.07,109.8,433
199.4,10.6,281.53,77.8
180.2,323.13,332.73,504.47
88.467,397.8,171.67,511.93
67.133,74.6,185.53,179.13
309.27,378.6,383.93,511.93
182.33,87.4,227.13,127.93
13.8,227.13,58.6,309.27
275.13,252.73,371.13,306.07
227.13,331.67,297.53,395.67
73.533,258.07,130.07,360.47
13.8,190.87,69.267,349.8
332.73,463.93,383.93,511.93
180.2,225,282.6,281.53
81,85.267,130.07,129
334.87,466.07,383.93,507.67
182.33,77.8,276.2,136.47
227.13,298.6,332.73,395.67
183.4,10.6,284.73,106.6
76.733,190.87,237.8,267.67
33,282.6,105.53,393.53
79.933,376.47,230.33,511.93
276.2,108.73,383.93,201.53
136.47,107.67,204.73,225
335.93,437.27,383.93,511.93
269.8,203.67,366.87,322.07
143.93,418.07,189.8,511.93
321,274.07,383.93,356.2
137.53,233.53,221.8,310.33
249.53,226.07,298.6,274.07
178.07,332.73,273,511.93
221.8,88.467,378.6,195.13
332.73,450.07,383.93,511.93
200.47,185.53,275.13,252.73
313.53,470.33,356.2,511.93
181.27,104.47,233.53,148.2
191.93,245.27,246.33,301.8
1,1,110.87,226.07
44.733,374.33,190.87,508.73
143.93,356.2,222.87,451.13
173.8,141.8,246.33,211.13
267.67,427.67,317.8,501.27
178.07,387.13,238.87,472.47
35.133,126.87,142.87,295.4
299.67,17,376.47,131.13
31.933,345.53,105.53,408.47
102.33,471.4,157.8,511.93
115.13,97,215.4,234.6
123.67,146.07,196.2,211.13
188.73,73.533,257,125.8
155.67,197.27,225,244.2
186.6,381.8,294.33,483.13
194.07,37.267,284.73,106.6
85.267,179.13,149.27,262.33
44.733,374.33,139.67,438.33
331.67,119.4,374.33,186.6
269.8,359.4,362.6,449
183.4,291.13,241,369
28.733,282.6,141.8,476.73
183.4,37.267,284.73,114.07
223.93,287.93,309.27,347.67
217.53,287.93,309.27,347.67
181.27,98.067,300.73,216.47
197.27,62.867,261.27,105.53
143.93,62.867,300.73,287.93
202.6,430.87,259.13,492.73
67.133,81,159.93,132.2
180.2,225,228.2,269.8
309.27,71.4,383.93,120.47
249.53,285.8,297.53,345.53
210.07,452.2,319.93,511.93
210.07,452.2,290.07,511.93
146.07,306.07,259.13,364.73
189.8,115.13,308.2,190.87
217.53,287.93,383.93,388.2
39.4,171.67,119.4,308.2
143.93,169.53,229.27,237.8
207.93,267.67,254.87,315.67
273,302.87,332.73,391.4
180.2,332.73,332.73,504.47
269.8,158.87,332.73,223.93
165.27,428.73,234.6,495.93
293.27,287.93,338.07,375.4
306.07,369,362.6,449
202.6,441.53,262.33,493.8
31.933,345.53,190.87,508.73
269.8,27.667,348.73,123.67
97,87.4,226.07,262.33
70.333,147.13,182.33,227.13
140.73,141.8,195.13,187.67
312.47,316.73,363.67,385
249.53,229.27,376.47,367.93
44.733,322.07,105.53,410.6
37.267,282.6,79.933,345.53
47.933,164.2,123.67,227.13
13.8,205.8,63.933,259.13
335.93,159.93,383.93,300.73
311.4,401,383.93,441.53
88.467,258.07,142.87,323.13
163.13,330.6,223.93,408.47
319.93,223.93,375.4,268.73
31.933,333.8,190.87,508.73
210.07,458.6,290.07,511.93
295.4,379.67,360.47,420.2
197.27,62.867,246.33,104.47
40.467,195.13,149.27,357.27
87.4,409.53,137.53,456.47
319.93,223.93,383.93,280.47
270.87,287.93,363.67,388.2
157.8,219.67,207.93,260.2
63.933,15.933,129,125.8
339.13,228.2,383.93,318.87
39.4,177,154.6,266.6
214.33,268.73,309.27,359.4
120.47,471.4,194.07,511.93
129,331.67,170.6,378.6
35.133,103.4,179.13,308.2
292.2,229.27,350.87,280.47
113,49,169.53,130.07
204.73,167.4,325.27,276.2
178.07,353,273,492.73
146.07,313.53,211.13,362.6
312.47,312.47,383.93,431.93
37.267,247.4,93.8,343.4
76.733,194.07,169.53,267.67
173.8,100.2,281.53,252.73
143.93,62.867,315.67,289
238.87,155.67,284.73,196.2
260.2,130.07,300.73,187.67
238.87,1,383.93,73.533
39.4,171.67,106.6,308.2
302.87,49,383.93,145
295.4,369,362.6,463.93
303.93,24.467,356.2,97
49,29.8,129,154.6
219.67,426.6,262.33,468.2
137.53,109.8,187.67,156.73
98.067,54.333,139.67,108.73
331.67,119.4,374.33,173.8
115.13,327.4,201.53,378.6
303.93,24.467,356.2,73.533
142.87,10.6,220.73,65
178.07,353,305,414.87
335.93,330.6,383.93,397.8
172.73,331.67,284.73,447.93
124.73,14.867,170.6,56.467
305,26.6,383.93,149.27
50.067,245.27,106.6,321
161,92.733,232.47,145
66.067,110.87,161,169.53
14.867,247.4,55.4,372.2
67.133,57.533,174.87,156.73
161,92.733,223.93,145
249.53,345.53,354.07,422.33
319.93,205.8,383.93,268.73
218.6,417,378.6,502.33
181.27,98.067,300.73,255.93
67.133,49,182.33,156.73
146.07,345.53,194.07,425.53
130.07,121.53,199.4,223.93
211.13,226.07,282.6,296.47
211.13,470.33,274.07,511.93
95.933,230.33,165.27,274.07
97,179.13,149.27,262.33
248.47,252.73,371.13,322.07
11.667,177,63.933,250.6
154.6,24.467,203.67,65
174.87,141.8,246.33,211.13
110.87,459.67,157.8,511.93
141.8,393.53,199.4,449
335.93,417,378.6,502.33
193,332.73,316.73,483.13
250.6,101.27,302.87,163.13
239.93,196.2,376.47,367.93
189.8,115.13,300.73,181.27
91.667,322.07,177,378.6
73.533,258.07,172.73,393.53
173.8,10.6,284.73,109.8
87.4,409.53,133.27,461.8
270.87,231.4,355.13,291.13
106.6,1,209,43.667
212.2,265.53,270.87,321
62.867,463.93,126.87,511.93
250.6,36.2,319.93,163.13
1,237.8,68.2,424.47
91.667,397.8,171.67,460.73
329.53,262.33,371.13,306.07
218.6,395.67,268.73,437.27
121.53,374.33,199.4,449
180.2,101.27,223.93,145
50.067,121.53,187.67,228.2
178.07,332.73,294.33,511.93
88.467,398.87,138.6,450.07
335.93,186.6,383.93,238.87
28.733,189.8,108.73,308.2
229.27,187.67,325.27,274.07
172.73,23.4,306.07,113
237.8,95.933,378.6,195.13
229.27,214.33,298.6,254.87
318.87,379.67,369,421.27
50.067,333.8,100.2,379.67
264.47,394.6,329.53,504.47
99.133,146.07,215.4,234.6
243.13,380.73,299.67,425.53
120.47,86.333,184.47,131.13
49,381.8,103.4,467.13
287.93,169.53,330.6,213.27
276.2,108.73,332.73,196.2
273,204.73,327.4,248.47
267.67,427.67,342.33,501.27
70.333,258.07,199.4,447.93
33,292.2,105.53,393.53
271.93,145,332.73,209
274.07,287.93,338.07,375.4
270.87,108.73,383.93,222.87
57.533,79.933,107.67,189.8
267.67,372.2,383.93,511.93
337,253.8,383.93,318.87
189.8,292.2,252.73,378.6
337,312.47,380.73,367.93
50.067,245.27,106.6,308.2
131.13,258.07,194.07,324.2
69.267,243.13,155.67,328.47
333.8,1,383.93,56.467
195.13,84.2,248.47,148.2
270.87,231.4,366.87,322.07
253.8,270.87,297.53,345.53
106.6,1,223.93,43.667
199.4,10.6,241,58.6
172.73,55.4,215.4,99.133
212.2,177,284.73,225
157.8,190.87,237.8,260.2
267.67,427.67,308.2,468.2
61.8,305,104.47,356.2
184.47,291.13,231.4,339.13
142.87,24.467,203.67,65
163.13,292.2,252.73,408.47
285.8,253.8,366.87,322.07
183.4,37.267,284.73,109.8
319.93,195.13,383.93,235.67
133.27,121.53,199.4,187.67
172.73,372.2,277.27,447.93
241,27.667,284.73,77.8
184.47,291.13,241,355.13
173.8,1,284.73,109.8
218.6,422.33,273,486.33
211.13,470.33,290.07,511.93
47.933,126.87,101.27,179.13
166.33,428.73,234.6,495.93
137.53,97,187.67,156.73
13.8,190.87,63.933,242.07
118.33,422.33,190.87,508.73
118.33,465,239.93,511.93
155.67,99.133,300.73,244.2
253.8,196.2,327.4,248.47
267.67,435.13,317.8,501.27
229.27,214.33,286.87,254.87
92.733,222.87,178.07,297.53
221.8,88.467,383.93,207.93
237.8,332.73,284.73,417
264.47,332.73,335.93,382.87
312.47,218.6,383.93,357.27
146.07,469.27,193,511.93
246.33,63.933,383.93,246.33
211.13,226.07,289,296.47
337,312.47,383.93,367.93
88.467,258.07,156.73,323.13
141.8,393.53,195.13,449
244.2,285.8,297.53,345.53
311.4,404.2,362.6,449
143.93,62.867,300.73,289
92.733,279.4,134.33,326.33
70.333,398.87,117.27,478.87
168.47,1,209,43.667
82.067,177,154.6,262.33
173.8,10.6,284.73,106.6
1,1,127.93,241
146.07,313.53,201.53,362.6
186.6,401,271.93,483.13
189.8,457.53,230.33,498.07
124.73,222.87,238.87,342.33
194.07,245.27,265.53,305
99.133,177,215.4,234.6
338.07,437.27,381.8,482.07
326.33,236.73,383.93,289
183.4,37.267,284.73,106.6
249.53,196.2,325.27,274.07
98.067,43.667,149.27,95.933
50.067,125.8,98.067,189.8
49,177,91.667,219.67
285.8,253.8,361.53,322.07
258.07,470.33,356.2,511.93
180.2,185.53,284.73,269.8
113,73.533,187.67,156.73
273,204.73,321,246.33
143.93,439.4,185.53,511.93
270.87,231.4,361.53,322.07
312.47,26.6,383.93,98.067
70.333,258.07,196.2,437.27
47.933,126.87,101.27,187.67
68.2,257,153.53,343.4
322.07,300.73,363.67,348.73
98.067,10.6,168.47,108.73
309.27,379.67,376.47,420.2
68.2,382.87,130.07,467.13
37.267,247.4,81,328.47
194.07,23.4,257,83.133
129,326.33,198.33,378.6
249.53,331.67,354.07,422.33
313.53,25.533,364.73,68.2
276.2,108.73,350.87,197.27
75.667,117.27,141.8,157.8
50.067,72.467,204.73,228.2
222.87,159.93,300.73,231.4
341.27,324.2,383.93,381.8
246.33,195.13,316.73,246.33
91.667,322.07,177,402.07
260.2,318.87,322.07,376.47
172.73,49,306.07,113
332.73,418.07,383.93,473.53
157.8,219.67,229.27,260.2
78.867,194.07,169.53,267.67
40.467,195.13,113,267.67
180.2,46.867,273,127.93
231.4,331.67,284.73,408.47
332.73,466.07,383.93,511.93
306.07,262.33,383.93,494.87
204.73,167.4,284.73,225
243.13,371.13,335.93,511.93
131.13,258.07,194.07,328.47
146.07,345.53,220.73,433
49,381.8,92.733,430.87
299.67,1,383.93,131.13
1,401,124.73,511.93
196.2,466.07,253.8,506.6
166.33,99.133,300.73,244.2
98.067,326.33,198.33,393.53
188.73,10.6,253.8,90.6
249.53,1,354.07,41.533
98.067,299.67,198.33,393.53
146.07,298.6,264.47,364.73
283.67,259.13,364.73,366.87
178.07,367.93,259.13,411.67
98.067,1,223.93,108.73
269.8,203.67,323.13,246.33
318.87,408.47,383.93,481
292.2,434.07,332.73,495.93
68.2,77.8,116.2,129
216.47,223.93,289,274.07
183.4,27.667,284.73,114.07
163.13,358.33,220.73,433
264.47,363.67,383.93,504.47
163.13,358.33,214.33,398.87
223.93,287.93,275.13,338.07
77.8,118.33,156.73,185.53
88.467,243.13,136.47,296.47
98.067,17,158.87,95.933
186.6,381.8,332.73,501.27
188.73,1,318.87,148.2
187.67,149.27,246.33,211.13
172.73,49,277.27,101.27
237.8,95.933,346.6,166.33
178.07,419.13,221.8,472.47
190.87,465,239.93,511.93
263.4,427.67,325.27,481
120.47,72.467,190.87,131.13
211.13,446.87,356.2,511.93
121.53,374.33,199.4,459.67
195.13,29.8,279.4,148.2
189.8,308.2,242.07,378.6
297.53,125.8,353,206.87
172.73,49,277.27,111.93
115.13,146.07,215.4,234.6
177,428.73,234.6,495.93
312.47,249.53,366.87,305
86.333,146.07,215.4,283.67
249.53,362.6,305,403.13
197.27,62.867,261.27,104.47
332.73,418.07,383.93,469.27
183.4,27.667,284.73,106.6
139.67,57.533,191.93,163.13
97,158.87,149.27,205.8
182.33,237.8,250.6,287.93
312.47,466.07,383.93,511.93
97,303.93,151.4,402.07
309.27,379.67,369,420.2
120.47,67.133,232.47,145
204.73,1,276.2,51.133
92.733,257,153.53,297.53
264.47,317.8,358.33,403.13
293.27,299.67,338.07,375.4
335.93,437.27,383.93,506.6
237.8,95.933,378.6,174.87
137.53,277.27,209,340.2
259.13,58.6,330.6,147.13
63.933,30.867,129,125.8
184.47,291.13,241,339.13
142.87,451.13,193,494.87
40.467,195.13,167.4,402.07
222.87,207.93,270.87,255.93
61.8,143.93,103.4,189.8
281.53,331.67,322.07,376.47
68.2,287.93,125.8,343.4
133.27,271.93,238.87,342.33
226.07,98.067,300.73,197.27
118.33,426.6,186.6,508.73
203.67,375.4,262.33,417
319.93,195.13,362.6,235.67
227.13,318.87,322.07,376.47
97,303.93,151.4,393.53
219.67,426.6,294.33,468.2
331.67,326.33,376.47,367.93
317.8,466.07,383.93,511.93
172.73,55.4,264.47,100.2
141.8,57.533,191.93,127.93
214.33,285.8,309.27,359.4
177,330.6,242.07,442.6
113,73.533,165.27,130.07
312.47,316.73,383.93,386.07
197.27,290.07,274.07,380.73
73.533,258.07,156.73,360.47
204.73,1,310.33,90.6
290.07,100.2,353,206.87
142.87,435.13,186.6,485.27
98.067,17,182.33,95.933
67.133,81,159.93,156.73
17,319.93,68.2,385
156.73,225,231.4,310.33
142.87,217.53,207.93,302.87
145,190.87,215.4,234.6
178.07,353,273,511.93
115.13,319.93,201.53,378.6
286.87,308.2,332.73,366.87
189.8,117.27,300.73,181.27
313.53,13.8,378.6,97
270.87,22.333,383.93,94.867
253.8,191.93,327.4,248.47
155.67,197.27,231.4,310.33
317.8,417,378.6,502.33
335.93,437.27,381.8,502.33
312.47,218.6,383.93,333.8
321,300.73,383.93,415.93
210.07,99.133,300.73,164.2
318.87,330.6,383.93,481
146.07,469.27,214.33,511.93
249.53,187.67,325.27,274.07
264.47,427.67,317.8,504.47
178.07,353,271.93,411.67
11.667,177,57.533,250.6
155.67,199.4,225,244.2
1,1,115.13,229.27
321,262.33,383.93,415.93
215.4,37.267,255.93,93.8
47.933,15.933,132.2,179.13
270.87,212.2,325.27,264.47
1,146.07,67.133,241
50.067,345.53,105.53,408.47
243.13,427.67,295.4,511.93
43.667,223.93,108.73,295.4
98.067,344.47,146.07,393.53
309.27,379.67,360.47,420.2
270.87,231.4,355.13,319.93
267.67,369,313.53,412.73
82.067,177,154.6,242.07
143.93,425.53,189.8,511.93
259.13,77.8,330.6,147.13
143.93,413.8,199.4,511.93
259.13,49,317.8,113
238.87,21.267,283.67,73.533
86.333,215.4,150.33,262.33
113,10.6,168.47,69.267
172.73,387.13,242.07,511.93
197.27,215.4,260.2,289
102.33,457.53,230.33,511.93
296.47,179.13,374.33,264.47
156.73,330.6,242.07,378.6
326.33,173.8,383.93,282.6
43.667,223.93,95.933,286.87
269.8,36.2,315.67,123.67
270.87,212.2,316.73,264.47
307.13,1,367.93,51.133
249.53,212.2,325.27,274.07
264.47,317.8,383.93,403.13
100.2,303.93,151.4,354.07
264.47,330.6,338.07,382.87
343.4,229.27,383.93,282.6
183.4,37.267,255.93,93.8
148.2,277.27,209,321
105.53,345.53,151.4,402.07
290.07,100.2,332.73,169.53
1,1,127.93,226.07
267.67,454.33,317.8,501.27
333.8,26.6,383.93,98.067
177,372.2,241,442.6
44.733,374.33,124.73,438.33
226.07,98.067,280.47,196.2
156.73,267.67,229.27,356.2
173.8,100.2,233.53,204.73
33,292.2,94.867,370.07
197.27,282.6,303.93,380.73
338.07,282.6,383.93,338.07
73.533,279.4,124.73,360.47
155.67,1,209,43.667
193,397.8,234.6,476.73
212.2,268.73,258.07,321
66.067,117.27,141.8,169.53
267.67,372.2,360.47,425.53
174.87,156.73,257,248.47
200.47,143.93,280.47,252.73
150.33,233.53,190.87,310.33
40.467,179.13,155.67,328.47
86.333,202.6,182.33,283.67
172.73,471.4,242.07,511.93
151.4,83.133,194.07,127.93
107.67,203.67,149.27,257
327.4,357.27,383.93,397.8
305,26.6,383.93,106.6
102.33,345.53,151.4,402.07
211.13,215.4,260.2,289
50.067,72.467,190.87,228.2
194.07,37.267,255.93,93.8
302.87,135.4,383.93,227.13
264.47,330.6,383.93,397.8
126.87,147.13,182.33,200.47
22.333,333.8,108.73,481
121.53,379.67,199.4,449
243.13,391.4,335.93,511.93
261.27,318.87,308.2,361.53
326.33,217.53,374.33,264.47
238.87,21.267,283.67,68.2
250.6,108.73,302.87,163.13
313.53,25.533,359.4,97
14.867,247.4,55.4,335.93
120.47,67.133,184.47,131.13
126.87,346.6,196.2,437.27
46.867,348.73,105.53,393.53
148.2,330.6,249.53,425.53
63.933,463.93,124.73,511.93
211.13,215.4,260.2,276.2
290.07,59.667,357.27,206.87
81,67.133,147.13,108.73
174.87,204.73,226.07,248.47
44.733,374.33,106.6,433
195.13,1,318.87,148.2
249.53,1,327.4,41.533
143.93,141.8,257,248.47
227.13,167.4,274.07,211.13
204.73,10.6,253.8,51.133
250.6,408.47,322.07,456.47
259.13,229.27,366.87,366.87
253.8,191.93,351.93,342.33
120.47,72.467,169.53,131.13
283.67,259.13,333.8,310.33
213.27,331.67,258.07,380.73
258.07,471.4,319.93,511.93
306.07,414.87,348.73,494.87
166.33,169.53,225,244.2
248.47,255.93,303.93,322.07
311.4,125.8,353,206.87
309.27,372.2,350.87,426.6
98.067,43.667,149.27,108.73
202.6,353,271.93,414.87
270.87,108.73,383.93,230.33
79.933,279.4,134.33,327.4
210.07,99.133,300.73,181.27
193,397.8,268.73,483.13
1,237.8,67.133,424.47
146.07,457.53,230.33,511.93
186.6,401,243.13,483.13
223.93,452.2,281.53,511.93
216.47,217.53,303.93,300.73
195.13,24.467,310.33,148.2
150.33,233.53,191.93,328.47
270.87,365.8,350.87,437.27
223.93,452.2,281.53,506.6
338.07,437.27,381.8,487.4
238.87,332.73,284.73,395.67
182.33,217.53,303.93,300.73
264.47,317.8,367.93,403.13
323.13,135.4,381.8,212.2
43.667,247.4,95.933,351.93
174.87,190.87,237.8,238.87
313.53,25.533,364.73,97
322.07,300.73,383.93,397.8
263.4,427.67,335.93,511.93
197.27,142.87,308.2,289
318.87,392.47,383.93,481
310.33,299.67,369,348.73
267.67,412.73,311.4,463.93
118.33,435.13,186.6,508.73
197.27,255.93,303.93,380.73
70.333,174.87,149.27,227.13
226.07,98.067,300.73,196.2
341.27,315.67,383.93,381.8
113,264.47,155.67,328.47
321,300.73,383.93,413.8
257,241,334.87,361.53
229.27,29.8,279.4,90.6
115.13,233.53,201.53,378.6
43.667,126.87,142.87,295.4
131.13,258.07,183.4,317.8
43.667,247.4,93.8,343.4
97,343.4,150.33,393.53
153.53,35.133,226.07,90.6
210.07,117.27,300.73,164.2
43.667,223.93,97,295.4
286.87,287.93,332.73,366.87
43.667,223.93,108.73,308.2
181.27,104.47,223.93,145
261.27,241,327.4,361.53
181.27,98.067,300.73,197.27
299.67,25.533,364.73,131.13
97,343.4,155.67,408.47
178.07,353,271.93,492.73
283.67,470.33,356.2,511.93
91.667,376.47,171.67,460.73
341.27,1,383.93,74.6
338.07,437.27,383.93,506.6
102.33,309.27,151.4,402.07
311.4,401,383.93,511.93
238.87,1,318.87,68.2
326.33,217.53,369,258.07
188.73,10.6,253.8,93.8
79.933,243.13,136.47,327.4
186.6,401,230.33,476.73
250.6,408.47,332.73,495.93
249.53,196.2,376.47,367.93
259.13,229.27,376.47,367.93
97,179.13,146.07,262.33
209,167.4,274.07,220.73
216.47,217.53,289,300.73
53.267,164.2,123.67,227.13
31.933,367.93,103.4,467.13
170.6,97,213.27,211.13
249.53,270.87,297.53,345.53
81,194.07,167.4,247.4
1,149.27,67.133,274.07
310.33,299.67,364.73,348.73
74.6,260.2,127.93,357.27
33,292.2,94.867,372.2
97,343.4,150.33,402.07
307.13,79.933,383.93,237.8
315.67,404.2,362.6,449
237.8,332.73,284.73,441.53
193,397.8,243.13,483.13
178.07,387.13,259.13,492.73
330.6,111.93,383.93,201.53
332.73,408.47,383.93,469.27
331.67,312.47,376.47,367.93
276.2,108.73,338.07,197.27
321,300.73,383.93,397.8
124.73,222.87,188.73,295.4
273,36.2,315.67,93.8
204.73,1,253.8,51.133
133.27,150.33,183.4,200.47
50.067,179.13,104.47,255.93
332.73,408.47,383.93,473.53
243.13,427.67,295.4,485.27
146.07,310.33,259.13,364.73
40.467,232.47,97,309.27
70.333,415.93,117.27,479.93
276.2,108.73,324.2,169.53
63.933,29.8,129,107.67
156.73,330.6,223.93,374.33
216.47,381.8,294.33,468.2
309.27,378.6,377.53,450.07
170.6,121.53,213.27,211.13
40.467,195.13,167.4,357.27
275.13,252.73,327.4,361.53
197.27,310.33,259.13,380.73
142.87,249.53,209,321
253.8,191.93,350.87,280.47
209,84.2,257,125.8
68.2,257,168.47,343.4
1,158.87,61.8,241
276.2,108.73,324.2,179.13
296.47,179.13,357.27,237.8
275.13,241,327.4,361.53
231.4,461.8,356.2,511.93
264.47,330.6,353,382.87
67.133,381.8,117.27,479.93
98.067,37.267,158.87,95.933
342.33,40.467,383.93,98.067
85.267,303.93,151.4,357.27
143.93,357.27,188.73,419.13
130.07,172.73,183.4,223.93
62.867,463.93,124.73,511.93
137.53,298.6,222.87,342.33
194.07,245.27,238.87,305
164.2,356.2,222.87,431.93
174.87,156.73,246.33,248.47
202.6,367.93,259.13,411.67
79.933,243.13,155.67,328.47
174.87,175.93,246.33,248.47
136.47,141.8,195.13,225
267.67,435.13,332.73,501.27
14.867,247.4,55.4,311.4
68.2,287.93,151.4,357.27
81,275.13,123.67,357.27
53.267,164.2,117.27,227.13
307.13,135.4,381.8,237.8
97,121.53,199.4,262.33
202.6,441.53,259.13,492.73
249.53,356.2,305,410.6
270.87,195.13,316.73,246.33
205.8,149.27,246.33,211.13
269.8,27.667,348.73,142.87
283.67,264.47,351.93,310.33
162.07,277.27,209,331.67
137.53,249.53,222.87,342.33
313.53,1,383.93,98.067
81,174.87,149.27,227.13
197.27,310.33,259.13,364.73
40.467,195.13,127.93,357.27
276.2,452.2,335.93,511.93
77.8,118.33,156.73,179.13
267.67,379.67,360.47,425.53
290.07,106.6,332.73,169.53
313.53,25.533,359.4,68.2
102.33,279.4,145,340.2
148.2,345.53,194.07,425.53
81,262.33,123.67,357.27
226.07,98.067,280.47,186.6
182.33,387.13,238.87,446.87
98.067,142.87,161,183.4
98.067,121.53,187.67,183.4
216.47,381.8,275.13,442.6
253.8,191.93,310.33,243.13
120.47,72.467,164.2,131.13
139.67,107.67,204.73,152.47
136.47,141.8,195.13,211.13
98.067,124.73,187.67,183.4
238.87,332.73,287.93,378.6
137.53,301.8,187.67,342.33
137.53,277.27,216.47,342.33
283.67,229.27,366.87,366.87
62.867,31.933,126.87,140.73
163.13,358.33,220.73,405.27
62.867,15.933,132.2,140.73
148.2,330.6,218.6,425.53
124.73,222.87,207.93,295.4
70.333,425.53,117.27,479.93
267.67,412.73,316.73,463.93
126.87,147.13,177,187.67
40.467,213.27,85.267,263.4
74.6,260.2,123.67,357.27
137.53,277.27,216.47,340.2
40.467,213.27,113,267.67
238.87,332.73,284.73,378.6
