1,383.93,269.8,511.93
1,1,343.4,511.93
21.267,1,270.87,145
168.47,84.2,243.13,126.87
1,1,109.8,503.4
297.53,207.93,343.4,398.87
12.733,1,114.07,492.73
29.8,1,299.67,157.8
84.2,106.6,307.13,511.93
1,1,297.53,511.93
274.07,207.93,343.4,511.93
53.267,135.4,292.2,382.87
210.07,29.8,343.4,511.93
1,177,77.8,487.4
82.067,280.47,230.33,379.67
99.133,379.67,297.53,511.93
14.867,1,273,142.87
28.733,1,343.4,143.93
1,1,114.07,503.4
113,453.27,226.07,503.4
259.13,104.47,326.33,302.87
49,150.33,186.6,411.67
12.733,129,279.4,511.93
38.333,180.2,79.933,371.13
73.533,335.93,194.07,501.27
14.867,1,135.4,183.4
274.07,207.93,343.4,463.93
189.8,242.07,343.4,511.93
217.53,375.4,289,443.67
1,216.47,95.933,489.53
46.867,123.67,292.2,390.33
1,339.13,301.8,511.93
1,377.53,297.53,511.93
84.2,151.4,295.4,332.73
82.067,280.47,263.4,382.87
22.333,1,343.4,382.87
34.067,1,221.8,136.47
118.33,1,273,135.4
84.2,211.13,292.2,332.73
164.2,1,310.33,186.6
1,1,114.07,504.47
1,84.2,343.4,511.93
171.67,1,244.2,45.8
1,167.4,54.333,487.4
18.067,222.87,107.67,504.47
23.4,255.93,73.533,468.2
172.73,211.13,261.27,331.67
1,1,307.13,511.93
1,1,279.4,511.93
205.8,375.4,287.93,511.93
1,1,118.33,511.93
47.933,97,159.93,142.87
197.27,1,343.4,511.93
1,1,299.67,511.93
169.53,123.67,291.13,280.47
52.2,129,279.4,335.93
1,335.93,269.8,511.93
1,1,270.87,511.93
283.67,207.93,343.4,462.87
161,132.2,262.33,193
184.47,242.07,308.2,511.93
14.867,1,299.67,223.93
28.733,1,343.4,511.93
193,339.13,291.13,511.93
14.867,1,159.93,142.87
277.27,43.667,343.4,120.47
84.2,123.67,292.2,334.87
244.2,1,343.4,234.6
12.733,1,279.4,511.93
18.067,141.8,114.07,492.73
1,283.67,47.933,469.27
21.267,376.47,77.8,488.47
198.33,242.07,295.4,374.33
46.867,138.6,264.47,390.33
87.4,379.67,258.07,511.93
1,132.2,277.27,511.93
1,1,122.6,493.8
215.4,84.2,343.4,511.93
273,1,343.4,78.867
150.33,1,243.13,69.267
184.47,242.07,295.4,374.33
1,123.67,303.93,511.93
1,312.47,270.87,511.93
1,339.13,291.13,511.93
238.87,1,343.4,259.13
1,1,277.27,511.93
205.8,62.867,270.87,129
143.93,1,299.67,138.6
28.733,1,343.4,161
84.2,216.47,179.13,327.4
1,165.27,77.8,487.4
50.067,150.33,186.6,411.67
150.33,1,268.73,83.133
1,1,286.87,511.93
257,1,343.4,206.87
244.2,1,343.4,350.87
65,201.53,177,379.67
250.6,1,343.4,129
169.53,157.8,271.93,330.6
28.733,1,146.07,84.2
46.867,135.4,265.53,390.33
257,44.733,343.4,129
246.33,1,343.4,511.93
21.267,1,343.4,146.07
243.13,116.2,299.67,225
274.07,207.93,343.4,462.87
189.8,1,343.4,511.93
242.07,1,297.53,86.333
151.4,141.8,307.13,330.6
1,355.13,303.93,511.93
243.13,62.867,300.73,122.6
29.8,1,175.93,157.8
111.93,385,238.87,473.53
1,379.67,254.87,511.93
238.87,29.8,343.4,302.87
22.333,1,274.07,382.87
84.2,157.8,277.27,387.13
196.2,377.53,296.47,511.93
184.47,1,343.4,511.93
170.6,206.87,230.33,250.6
243.13,1,300.73,122.6
202.6,79.933,258.07,127.93
196.2,356.2,343.4,511.93
1,135.4,297.53,511.93
84.2,209,292.2,332.73
14.867,1,161,223.93
220.73,254.87,295.4,310.33
118.33,452.2,194.07,501.27
89.533,310.33,265.53,454.33
38.333,180.2,189.8,376.47
113,58.6,204.73,100.2
262.33,106.6,343.4,511.93
284.73,1,343.4,78.867
198.33,1,343.4,511.93
266.6,303.93,331.67,511.93
20.2,1,265.53,235.67
274.07,386.07,334.87,511.93
150.33,1,270.87,133.27
18.067,216.47,104.47,490.6
29.8,1,249.53,238.87
1,1,95.933,489.53
184.47,242.07,305,374.33
238.87,29.8,343.4,252.73
21.267,1,270.87,390.33
215.4,242.07,292.2,374.33
101.27,215.4,179.13,327.4
84.2,1,343.4,511.93
180.2,311.4,263.4,378.6
1,379.67,264.47,511.93
84.2,106.6,307.13,334.87
1,177,77.8,502.33
238.87,1,343.4,511.93
196.2,430.87,289,511.93
65,132.2,262.33,238.87
18.067,180.2,102.33,489.53
29.8,1,146.07,79.933
92.733,379.67,196.2,501.27
210.07,29.8,343.4,493.8
88.467,379.67,254.87,511.93
1,311.4,284.73,511.93
172.73,189.8,273,332.73
280.47,35.133,343.4,111.93
38.333,132.2,277.27,387.13
196.2,349.8,308.2,511.93
1,379.67,258.07,511.93
202.6,1,299.67,225
278.33,49,343.4,111.93
33,340.2,73.533,468.2
170.6,155.67,279.4,335.93
1,1,109.8,504.47
1,425.53,284.73,511.93
86.333,415.93,194.07,501.27
45.8,87.4,161,223.93
42.6,1,273,135.4
243.13,1,343.4,126.87
73.533,335.93,179.13,495.93
257,44.733,310.33,129
291.13,451.13,334.87,511.93
53.267,221.8,114.07,492.73
120.47,401,303.93,511.93
172.73,211.13,292.2,332.73
252.73,269.8,295.4,331.67
20.2,1,135.4,57.533
93.8,347.67,186.6,411.67
252.73,106.6,307.13,155.67
52.2,129,271.93,212.2
50.067,139.67,161,223.93
275.13,106.6,343.4,243.13
29.8,1,254.87,238.87
21.267,1,207.93,145
195.13,425.53,259.13,511.93
84.2,123.67,292.2,340.2
161,1,299.67,225
197.27,445.8,269.8,511.93
1,417,213.27,511.93
38.333,157.8,277.27,387.13
244.2,1,343.4,463.93
275.13,106.6,343.4,264.47
174.87,155.67,279.4,330.6
150.33,1,343.4,133.27
71.4,201.53,162.07,280.47
1,1,53.267,260.2
84.2,214.33,292.2,334.87
280.47,213.27,321,350.87
34.067,66.067,79.933,372.2
205.8,375.4,299.67,511.93
84.2,1,343.4,332.73
12.733,415.93,260.2,511.93
74.6,350.87,117.27,493.8
49,129,279.4,411.67
296.47,106.6,343.4,243.13
1,1,53.267,357.27
166.33,1,243.13,62.867
33,353,73.533,467.13
215.4,315.67,292.2,374.33
273,1,343.4,79.933
243.13,1,343.4,122.6
63.933,215.4,122.6,376.47
238.87,135.4,307.13,259.13
225,254.87,295.4,371.13
289,207.93,343.4,415.93
56.467,136.47,261.27,237.8
242.07,242.07,295.4,332.73
53.267,135.4,261.27,260.2
186.6,204.73,271.93,271.93
210.07,254.87,295.4,493.8
20.2,1,159.93,143.93
300.73,327.4,343.4,511.93
202.6,79.933,267.67,130.07
150.33,1,243.13,50.067
1,247.4,77.8,488.47
243.13,1,343.4,129
74.6,342.33,117.27,493.8
126.87,216.47,167.4,265.53
84.2,189.8,280.47,334.87
250.6,1,310.33,121.53
70.333,23.4,153.53,69.267
280.47,106.6,343.4,350.87
21.267,376.47,73.533,488.47
1,1,71.4,340.2
1,445.8,225,511.93
50.067,150.33,123.67,223.93
255.93,86.333,343.4,511.93
99.133,377.53,297.53,511.93
280.47,232.47,321,350.87
1,1,114.07,492.73
21.267,1,343.4,145
151.4,189.8,271.93,334.87
50.067,148.2,196.2,501.27
84.2,289,164.2,330.6
259.13,75.667,310.33,121.53
1,1,135.4,492.73
246.33,123.67,291.13,262.33
279.4,226.07,321,463.93
12.733,310.33,265.53,511.93
246.33,100.2,343.4,511.93
39.4,22.333,204.73,143.93
265.53,104.47,343.4,511.93
239.93,307.13,295.4,371.13
216.47,375.4,278.33,466.07
273,380.73,343.4,511.93
47.933,95.933,161,142.87
107.67,311.4,277.27,387.13
106.6,216.47,179.13,327.4
50.067,116.2,286.87,411.67
50.067,150.33,177,379.67
1,1,107.67,504.47
215.4,357.27,291.13,410.6
60.733,148.2,161,188.73
215.4,254.87,295.4,449
198.33,255.93,265.53,298.6
54.333,215.4,122.6,493.8
1,260.2,41.533,357.27
95.933,350.87,186.6,411.67
137.53,135.4,261.27,238.87
57.533,215.4,122.6,492.73
1,1,42.6,254.87
215.4,242.07,295.4,374.33
169.53,226.07,259.13,330.6
31.933,111.93,114.07,492.73
89.533,311.4,277.27,473.53
257,1,343.4,121.53
56.467,34.067,158.87,120.47
281.53,30.867,343.4,79.933
298.6,49,343.4,90.6
253.8,45.8,310.33,155.67
262.33,84.2,343.4,511.93
252.73,1,310.33,155.67
266.6,123.67,343.4,511.93
20.2,1,265.53,143.93
1,165.27,77.8,502.33
281.53,125.8,324.2,207.93
259.13,60.733,310.33,119.4
94.867,214.33,292.2,334.87
157.8,79.933,299.67,138.6
45.8,300.73,86.333,449
104.47,383.93,266.6,473.53
1,377.53,264.47,511.93
103.4,116.2,286.87,335.93
197.27,242.07,295.4,374.33
1,148.2,284.73,511.93
269.8,125.8,321,258.07
89.533,334.87,175.93,379.67
164.2,1,343.4,186.6
45.8,133.27,161,223.93
220.73,254.87,295.4,317.8
56.467,34.067,158.87,123.67
45.8,95.933,161,223.93
99.133,380.73,258.07,474.6
254.87,269.8,295.4,331.67
46.867,129,264.47,237.8
102.33,238.87,159.93,280.47
297.53,106.6,343.4,234.6
168.47,81,243.13,122.6
1,1,102.33,489.53
56.467,135.4,261.27,238.87
23.4,257,76.733,469.27
45.8,88.467,153.53,143.93
166.33,1,243.13,58.6
1,1,54.333,276.2
276.2,104.47,330.6,511.93
30.867,1,159.93,142.87
196.2,431.93,286.87,495.93
278.33,1,343.4,120.47
1,255.93,73.533,468.2
84.2,1,343.4,335.93
82.067,209,292.2,382.87
195.13,417,273,511.93
11.667,468.2,214.33,511.93
151.4,237.8,252.73,334.87
238.87,29.8,343.4,251.67
73.533,335.93,132.2,495.93
1,1,90.6,487.4
106.6,385,254.87,473.53
93.8,379.67,258.07,494.87
118.33,458.6,194.07,501.27
22.333,1,153.53,143.93
243.13,31.933,343.4,126.87
74.6,350.87,117.27,479.93
1,283.67,66.067,469.27
104.47,153.53,295.4,332.73
1,1,71.4,276.2
29.8,1,307.13,335.93
257,1,310.33,121.53
216.47,389.27,271.93,437.27
20.2,377.53,77.8,488.47
28.733,1,343.4,91.667
97,355.13,303.93,511.93
1,1,143.93,493.8
169.53,204.73,273,326.33
255.93,104.47,343.4,511.93
1,167.4,77.8,488.47
255.93,110.87,343.4,511.93
106.6,23.4,153.53,69.267
281.53,35.133,343.4,111.93
169.53,157.8,271.93,335.93
101.27,141.8,307.13,330.6
290.07,35.133,339.13,82.067
72.467,97,161,138.6
1,158.87,41.533,357.27
281.53,35.133,339.13,82.067
174.87,155.67,279.4,312.47
134.33,140.73,209,235.67
161,1,247.4,126.87
189.8,242.07,308.2,380.73
1,247.4,54.333,487.4
55.4,138.6,249.53,238.87
39.4,24.467,143.93,68.2
121.53,458.6,194.07,501.27
65,215.4,189.8,376.47
216.47,254.87,308.2,380.73
53.267,198.33,114.07,492.73
215.4,249.53,295.4,449
104.47,215.4,189.8,328.47
257,44.733,310.33,121.53
65,225,175.93,376.47
181.27,237.8,252.73,332.73
79.933,81,270.87,135.4
39.4,60.733,167.4,143.93
289,207.93,343.4,398.87
113,453.27,194.07,501.27
169.53,123.67,291.13,291.13
21.267,1,270.87,146.07
220.73,254.87,295.4,331.67
244.2,117.27,321,234.6
22.333,1,264.47,237.8
84.2,289,277.27,387.13
243.13,1,343.4,131.13
1,1,71.4,346.6
246.33,123.67,291.13,251.67
107.67,216.47,292.2,334.87
63.933,225,122.6,370.07
252.73,135.4,297.53,225
102.33,238.87,145,280.47
56.467,141.8,164.2,237.8
161,1,265.53,89.533
215.4,254.87,295.4,374.33
281.53,1,343.4,65
65,138.6,249.53,238.87
30.867,1,146.07,103.4
212.2,210.07,269.8,253.8
1,222.87,90.6,487.4
181.27,237.8,229.27,332.73
197.27,457.53,298.6,511.93
1,1,54.333,260.2
1,1,117.27,493.8
33,1,175.93,69.267
38.333,141.8,114.07,492.73
259.13,110.87,309.27,302.87
11.667,451.13,225,511.93
257,1,310.33,119.4
164.2,148.2,261.27,202.6
284.73,1,343.4,59.667
242.07,242.07,292.2,332.73
262.33,125.8,321,258.07
243.13,1,343.4,511.93
287.93,29.8,343.4,234.6
104.47,235.67,178.07,328.47
196.2,430.87,284.73,511.93
279.4,373.27,343.4,502.33
54.333,98.067,264.47,146.07
1,167.4,41.533,357.27
195.13,425.53,257,485.27
213.27,254.87,295.4,493.8
242.07,1,290.07,65
18.067,141.8,104.47,490.6
52.2,22.333,262.33,235.67
12.733,1,66.067,252.73
300.73,326.33,343.4,511.93
104.47,235.67,178.07,312.47
161,116.2,286.87,212.2
295.4,380.73,343.4,511.93
195.13,417,297.53,511.93
100.2,339.13,291.13,511.93
53.267,142.87,159.93,255.93
101.27,141.8,307.13,335.93
29.8,22.333,161,157.8
1,283.67,74.6,511.93
47.933,54.333,158.87,142.87
45.8,86.333,153.53,143.93
53.267,142.87,274.07,382.87
246.33,377.53,287.93,443.67
84.2,262.33,173.8,325.27
277.27,43.667,343.4,100.2
238.87,114.07,286.87,251.67
56.467,141.8,161,184.47
73.533,177,204.73,327.4
107.67,216.47,179.13,327.4
238.87,141.8,307.13,258.07
44.733,36.2,146.07,79.933
196.2,427.67,343.4,511.93
12.733,1,59.667,252.73
50.067,150.33,162.07,375.4
262.33,106.6,343.4,430.87
1,445.8,76.733,511.93
33,353,76.733,469.27
215.4,254.87,295.4,446.87
205.8,429.8,285.8,511.93
120.47,458.6,196.2,501.27
89.533,311.4,268.73,473.53
120.47,444.73,303.93,511.93
47.933,221.8,114.07,492.73
257,44.733,310.33,119.4
74.6,350.87,117.27,492.73
225,254.87,292.2,326.33
205.8,375.4,289,511.93
173.8,135.4,261.27,186.6
172.73,228.2,222.87,271.93
164.2,1,270.87,134.33
120.47,254.87,303.93,511.93
281.53,35.133,339.13,87.4
34.067,66.067,117.27,493.8
150.33,1,259.13,68.2
39.4,24.467,146.07,68.2
170.6,155.67,279.4,330.6
269.8,149.27,343.4,434.07
257,44.733,343.4,121.53
205.8,1,343.4,511.93
39.4,21.267,270.87,143.93
132.2,235.67,189.8,328.47
118.33,1,213.27,63.933
125.8,215.4,168.47,267.67
262.33,260.2,308.2,430.87
205.8,375.4,312.47,511.93
129,441.53,260.2,503.4
262.33,84.2,343.4,323.13
150.33,1,299.67,138.6
104.47,385,259.13,497
242.07,270.87,292.2,332.73
283.67,321,327.4,436.2
172.73,189.8,261.27,331.67
151.4,189.8,280.47,334.87
216.47,242.07,308.2,380.73
1,116.2,286.87,511.93
161,20.2,205.8,69.267
255.93,102.33,343.4,511.93
225,315.67,292.2,374.33
246.33,373.27,343.4,511.93
1,445.8,54.333,487.4
275.13,100.2,338.07,191.93
225,254.87,295.4,310.33
99.133,379.67,238.87,473.53
12.733,1,71.4,252.73
150.33,135.4,261.27,202.6
38.333,180.2,114.07,492.73
104.47,385,259.13,472.47
84.2,153.53,295.4,332.73
175.93,1,243.13,56.467
177,1,243.13,45.8
215.4,357.27,291.13,446.87
197.27,456.47,273,511.93
246.33,106.6,307.13,251.67
169.53,200.47,273,330.6
197.27,457.53,260.2,511.93
151.4,237.8,252.73,332.73
274.07,104.47,343.4,511.93
172.73,123.67,291.13,262.33
296.47,1,343.4,53.267
168.47,81,270.87,134.33
277.27,303.93,331.67,511.93
172.73,135.4,265.53,183.4
99.133,380.73,303.93,511.93
84.2,235.67,187.67,328.47
12.733,1,58.6,237.8
120.47,133.27,271.93,212.2
281.53,100.2,343.4,206.87
49,150.33,162.07,239.93
199.4,1,265.53,79.933
299.67,31.933,343.4,82.067
104.47,215.4,168.47,292.2
50.067,150.33,162.07,241
269.8,100.2,343.4,434.07
276.2,104.47,343.4,511.93
290.07,1,343.4,62.867
297.53,1,343.4,46.867
186.6,204.73,273,271.93
254.87,76.733,300.73,122.6
238.87,124.73,343.4,259.13
181.27,237.8,292.2,334.87
54.333,215.4,122.6,492.73
52.2,129,271.93,327.4
60.733,139.67,161,188.73
172.73,135.4,265.53,181.27
301.8,101.27,343.4,323.13
278.33,1,343.4,142.87
255.93,303.93,331.67,511.93
34.067,1,264.47,237.8
99.133,379.67,182.33,449
61.8,322.07,114.07,492.73
197.27,444.73,303.93,511.93
49,150.33,162.07,241
197.27,458.6,269.8,511.93
189.8,267.67,253.8,312.47
101.27,1,307.13,335.93
280.47,260.2,321,350.87
300.73,380.73,343.4,511.93
172.73,189.8,261.27,332.73
1,199.4,71.4,346.6
257,1,343.4,129
242.07,1,343.4,86.333
104.47,189.8,273,332.73
278.33,39.4,343.4,120.47
218.6,429.8,285.8,511.93
106.6,456.47,185.53,501.27
49,150.33,163.13,375.4
216.47,358.33,291.13,466.07
274.07,226.07,334.87,511.93
294.33,404.2,343.4,511.93
173.8,135.4,261.27,183.4
278.33,39.4,337,79.933
251.67,270.87,292.2,332.73
196.2,431.93,286.87,474.6
120.47,458.6,196.2,499.13
1,225,54.333,487.4
244.2,1,321,234.6
50.067,150.33,162.07,239.93
216.47,375.4,273,437.27
254.87,45.8,310.33,129
245.27,401,303.93,511.93
107.67,216.47,179.13,326.33
297.53,1,343.4,45.8
169.53,189.8,271.93,280.47
1,222.87,51.133,346.6
107.67,232.47,179.13,326.33
95.933,347.67,186.6,411.67
18.067,222.87,90.6,487.4
287.93,29.8,343.4,111.93
196.2,377.53,290.07,511.93
107.67,216.47,187.67,327.4
296.47,1,343.4,47.933
156.73,438.33,269.8,511.93
225,254.87,295.4,337
73.533,177,179.13,265.53
215.4,254.87,295.4,493.8
118.33,1,213.27,127.93
137.53,135.4,261.27,234.6
151.4,237.8,259.13,334.87
82.067,280.47,198.33,378.6
237.8,106.6,307.13,251.67
103.4,250.6,165.27,293.27
73.533,335.93,114.07,492.73
86.333,415.93,185.53,501.27
274.07,373.27,343.4,511.93
238.87,62.867,310.33,251.67
89.533,329.53,175.93,371.13
111.93,421.27,185.53,481
21.267,376.47,72.467,483.13
238.87,135.4,306.07,259.13
113,453.27,226.07,501.27
151.4,204.73,271.93,330.6
195.13,425.53,284.73,511.93
1,433,54.333,487.4
255.93,1,343.4,86.333
71.4,201.53,162.07,249.53
296.47,149.27,343.4,242.07
217.53,374.33,273,446.87
278.33,125.8,321,234.6
120.47,457.53,260.2,511.93
238.87,215.4,284.73,258.07
297.53,207.93,343.4,415.93
215.4,301.8,292.2,493.8
238.87,124.73,307.13,259.13
33,1,175.93,66.067
246.33,377.53,290.07,443.67
218.6,393.53,273,446.87
21.267,376.47,72.467,488.47
45.8,300.73,118.33,493.8
130.07,312.47,270.87,386.07
185.53,453.27,226.07,497
215.4,333.8,291.13,474.6
291.13,451.13,335.93,511.93
45.8,133.27,132.2,186.6
119.4,452.2,188.73,501.27
113,453.27,184.47,493.8
113,453.27,189.8,493.8
89.533,310.33,263.4,386.07
277.27,31.933,343.4,100.2
239.93,315.67,292.2,364.73
150.33,1,243.13,45.8
1,433,74.6,511.93
198.33,157.8,271.93,285.8
162.07,134.33,262.33,193
104.47,383.93,269.8,511.93
12.733,1,71.4,243.13
218.6,434.07,285.8,495.93
215.4,254.87,292.2,374.33
103.4,200.47,273,330.6
276.2,45.8,343.4,206.87
235.67,116.2,299.67,225
189.8,266.6,258.07,310.33
39.4,21.267,239.93,143.93
1,1,65,186.6
139.67,312.47,263.4,380.73
22.333,1,71.4,143.93
28.733,1,147.13,84.2
274.07,451.13,334.87,511.93
84.2,235.67,187.67,326.33
173.8,1,310.33,186.6
196.2,430.87,286.87,485.27
215.4,315.67,292.2,493.8
164.2,22.333,270.87,133.27
202.6,1,268.73,130.07
273,1,343.4,65
243.13,62.867,300.73,126.87
1,339.13,46.867,438.33
20.2,1,213.27,143.93
284.73,1,343.4,90.6
107.67,23.4,153.53,69.267
215.4,329.53,292.2,374.33
207.93,204.73,271.93,254.87
169.53,210.07,269.8,280.47
161,1,243.13,69.267
1,50.067,53.267,260.2
301.8,107.67,343.4,323.13
11.667,451.13,104.47,511.93
235.67,444.73,303.93,511.93
276.2,45.8,343.4,115.13
1,283.67,118.33,511.93
178.07,1,268.73,83.133
1,283.67,54.333,487.4
273,1,343.4,82.067
106.6,421.27,185.53,497
42.6,34.067,159.93,142.87
166.33,81,270.87,134.33
1,468.2,214.33,511.93
157.8,81,299.67,138.6
106.6,426.6,185.53,501.27
161,116.2,286.87,193
12.733,1,71.4,237.8
104.47,153.53,275.13,332.73
277.27,31.933,343.4,90.6
196.2,430.87,286.87,492.73
218.6,429.8,285.8,495.93
82.067,280.47,162.07,326.33
63.933,225,122.6,376.47
279.4,373.27,343.4,511.93
93.8,379.67,138.6,494.87
53.267,142.87,159.93,260.2
281.53,123.67,322.07,312.47
294.33,446.87,335.93,511.93
243.13,62.867,300.73,124.73
52.2,79.933,262.33,191.93
103.4,216.47,177,327.4
104.47,383.93,262.33,473.53
63.933,225,274.07,382.87
20.2,415.93,77.8,488.47
107.67,232.47,187.67,327.4
172.73,189.8,271.93,238.87
262.33,110.87,309.27,302.87
150.33,385,259.13,442.6
239.93,254.87,292.2,354.07
215.4,331.67,291.13,446.87
20.2,415.93,72.467,483.13
173.8,135.4,261.27,181.27
202.6,62.867,267.67,130.07
101.27,228.2,161,280.47
216.47,356.2,289,443.67
53.267,225,143.93,375.4
178.07,157.8,271.93,285.8
215.4,333.8,291.13,493.8
57.533,233.53,114.07,492.73
279.4,373.27,343.4,492.73
12.733,441.53,260.2,511.93
244.2,114.07,286.87,212.2
219.67,277.27,292.2,331.67
44.733,88.467,159.93,142.87
273,433,335.93,511.93
30.867,1,143.93,45.8
217.53,389.27,273,446.87
92.733,379.67,188.73,501.27
257,45.8,297.53,86.333
120.47,357.27,303.93,511.93
246.33,375.4,289,443.67
238.87,209,306.07,259.13
53.267,142.87,159.93,231.4
147.13,453.27,226.07,501.27
251.67,242.07,292.2,332.73
195.13,339.13,291.13,511.93
139.67,287.93,189.8,328.47
184.47,315.67,292.2,374.33
89.533,312.47,263.4,386.07
169.53,235.67,241,326.33
159.93,311.4,263.4,382.87
89.533,311.4,267.67,380.73
165.27,1,252.73,91.667
82.067,280.47,274.07,382.87
137.53,235.67,187.67,326.33
273,110.87,343.4,476.73
121.53,459.67,194.07,501.27
157.8,46.867,254.87,135.4
28.733,1,214.33,69.267
177,241,259.13,330.6
156.73,438.33,260.2,483.13
164.2,21.267,270.87,134.33
106.6,383.93,254.87,503.4
287.93,65,343.4,111.93
283.67,321,327.4,462.87
277.27,43.667,343.4,90.6
169.53,229.27,222.87,280.47
53.267,225,163.13,375.4
139.67,311.4,267.67,380.73
273,110.87,343.4,453.27
87.4,468.2,214.33,511.93
295.4,1,343.4,56.467
202.6,79.933,264.47,131.13
88.467,383.93,254.87,511.93
132.2,235.67,177,325.27
1,339.13,47.933,439.4
210.07,211.13,261.27,254.87
29.8,22.333,156.73,157.8
172.73,189.8,271.93,235.67
181.27,237.8,292.2,332.73
65,201.53,162.07,376.47
137.53,459.67,194.07,501.27
254.87,62.867,310.33,129
1,247.4,63.933,417
50.067,102.33,167.4,143.93
159.93,311.4,274.07,382.87
1,283.67,46.867,469.27
89.533,311.4,267.67,387.13
157.8,81,244.2,135.4
104.47,235.67,178.07,313.53
104.47,215.4,179.13,325.27
239.93,277.27,292.2,326.33
161,20.2,247.4,122.6
275.13,106.6,343.4,235.67
189.8,266.6,292.2,317.8
21.267,380.73,72.467,483.13
188.73,386.07,297.53,511.93
42.6,1,213.27,63.933
47.933,97,150.33,142.87
30.867,1,109.8,45.8
273,427.67,343.4,511.93
50.067,148.2,177,379.67
183.4,455.4,259.13,503.4
161,20.2,247.4,89.533
46.867,58.6,186.6,100.2
250.6,444.73,303.93,511.93
194.07,394.6,266.6,443.67
281.53,30.867,343.4,74.6
104.47,215.4,179.13,327.4
72.467,350.87,118.33,493.8
206.87,136.47,261.27,191.93
216.47,254.87,292.2,372.2
253.8,1,310.33,155.67
52.2,79.933,262.33,235.67
296.47,1,343.4,90.6
266.6,307.13,331.67,511.93
125.8,216.47,167.4,265.53
215.4,329.53,278.33,373.27
1,268.73,77.8,487.4
29.8,1,143.93,45.8
1,351.93,47.933,439.4
1,351.93,47.933,469.27
174.87,189.8,257,238.87
186.6,204.73,271.93,273
25.533,415.93,66.067,466.07
45.8,141.8,132.2,186.6
169.53,226.07,222.87,281.53
281.53,123.67,343.4,453.27
300.73,327.4,341.27,493.8
238.87,255.93,295.4,310.33
164.2,1,243.13,50.067
254.87,45.8,310.33,149.27
148.2,1,273,135.4
1,283.67,47.933,439.4
89.533,334.87,186.6,411.67
50.067,153.53,97,234.6
107.67,232.47,179.13,311.4
47.933,97,161,142.87
124.73,458.6,194.07,501.27
137.53,235.67,178.07,312.47
246.33,375.4,287.93,443.67
297.53,100.2,343.4,175.93
103.4,116.2,286.87,330.6
216.47,358.33,291.13,474.6
284.73,65,343.4,120.47
244.2,117.27,302.87,182.33
241,254.87,292.2,354.07
104.47,385,259.13,511.93
290.07,207.93,343.4,398.87
126.87,216.47,177,325.27
47.933,34.067,159.93,142.87
148.2,79.933,273,135.4
175.93,13.8,237.8,56.467
238.87,209,303.93,259.13
197.27,431.93,284.73,511.93
1,60.733,71.4,346.6
223.93,204.73,271.93,254.87
20.2,429.8,72.467,483.13
278.33,53.267,343.4,103.4
119.4,452.2,194.07,501.27
275.13,106.6,329.53,191.93
18.067,216.47,95.933,489.53
106.6,383.93,254.87,473.53
173.8,142.87,249.53,194.07
244.2,124.73,291.13,182.33
20.2,1,247.4,143.93
87.4,468.2,225,511.93
244.2,117.27,299.67,182.33
134.33,177,179.13,235.67
56.467,136.47,261.27,234.6
49,153.53,97,234.6
94.867,177,164.2,237.8
215.4,339.13,291.13,466.07
111.93,421.27,185.53,475.67
241,254.87,292.2,332.73
277.27,307.13,331.67,511.93
221.8,463.93,273,511.93
178.07,24.467,254.87,83.133
89.533,332.73,186.6,411.67
169.53,84.2,243.13,126.87
143.93,61.8,194.07,127.93
28.733,1,252.73,91.667
189.8,261.27,263.4,312.47
73.533,140.73,209,235.67
76.733,417,213.27,511.93
284.73,404.2,343.4,511.93
169.53,204.73,271.93,330.6
30.867,1,143.93,97
89.533,311.4,267.67,473.53
1,339.13,46.867,469.27
132.2,235.67,182.33,327.4
1,60.733,49,233.53
47.933,97,113,142.87
56.467,66.067,156.73,120.47
172.73,228.2,258.07,310.33
216.47,375.4,283.67,474.6
174.87,155.67,249.53,223.93
47.933,54.333,159.93,142.87
104.47,312.47,270.87,511.93
207.93,157.8,271.93,254.87
262.33,315.67,308.2,380.73
113,58.6,186.6,100.2
89.533,334.87,164.2,375.4
281.53,110.87,343.4,453.27
164.2,135.4,261.27,202.6
172.73,211.13,261.27,310.33
150.33,1,254.87,135.4
183.4,455.4,237.8,503.4
172.73,211.13,261.27,271.93
104.47,406.33,210.07,454.33
82.067,54.333,158.87,95.933
254.87,62.867,305,122.6
126.87,458.6,194.07,501.27
281.53,123.67,322.07,340.2
159.93,133.27,262.33,174.87
81,241,143.93,293.27
137.53,137.53,261.27,234.6
236.73,426.6,283.67,474.6
148.2,79.933,264.47,135.4
34.067,1,221.8,69.267
154.6,133.27,262.33,202.6
34.067,66.067,77.8,325.27
284.73,446.87,335.93,511.93
139.67,312.47,263.4,381.8
111.93,385,254.87,473.53
69.267,216.47,153.53,260.2
34.067,1,221.8,134.33
126.87,216.47,177,327.4
49,150.33,158.87,234.6
169.53,204.73,273,330.6
276.2,45.8,330.6,90.6
189.8,254.87,266.6,312.47
297.53,100.2,338.07,175.93
65,225,149.27,376.47
82.067,280.47,198.33,379.67
126.87,458.6,185.53,501.27
186.6,177,279.4,271.93
216.47,329.53,290.07,372.2
165.27,34.067,270.87,134.33
58.6,170.6,157.8,231.4
169.53,235.67,241,315.67
132.2,235.67,179.13,325.27
137.53,140.73,261.27,234.6
81,241,140.73,282.6
161,1,247.4,122.6
186.6,177,279.4,312.47
172.73,211.13,261.27,326.33
50.067,150.33,162.07,234.6
98.067,177,164.2,237.8
235.67,436.2,285.8,495.93
1,290.07,47.933,469.27
58.6,170.6,159.93,231.4
236.73,375.4,278.33,466.07
278.33,53.267,343.4,111.93
45.8,243.13,86.333,449
281.53,1,343.4,56.467
46.867,58.6,204.73,100.2
262.33,301.8,308.2,430.87
53.267,142.87,157.8,231.4
113,22.333,204.73,134.33
172.73,211.13,261.27,332.73
296.47,138.6,343.4,235.67
28.733,1,146.07,69.267
82.067,280.47,145,326.33
1,269.8,77.8,487.4
238.87,177,279.4,257
39.4,60.733,148.2,125.8
82.067,54.333,158.87,123.67
104.47,250.6,165.27,293.27
120.47,1,213.27,63.933
195.13,135.4,261.27,191.93
73.533,177,179.13,235.67
103.4,250.6,168.47,299.67
18.067,199.4,59.667,302.87
22.333,337,63.933,417
53.267,225,121.53,375.4
186.6,229.27,239.93,271.93
154.6,133.27,271.93,212.2
21.267,428.73,72.467,482.07
137.53,148.2,261.27,234.6
181.27,84.2,243.13,125.8
149.27,311.4,263.4,382.87
45.8,243.13,102.33,489.53
20.2,1,65,143.93
150.33,385,259.13,427.67
130.07,312.47,263.4,386.07
154.6,140.73,209,202.6
83.133,235.67,204.73,327.4
281.53,110.87,322.07,312.47
21.267,376.47,72.467,482.07
113,58.6,204.73,134.33
59.667,209,121.53,375.4
281.53,110.87,322.07,340.2
189.8,311.4,263.4,359.4
56.467,137.53,261.27,234.6
183.4,455.4,259.13,511.93
151.4,22.333,195.13,127.93
150.33,385,265.53,442.6
52.2,79.933,262.33,165.27
46.867,22.333,204.73,134.33
46.867,58.6,204.73,134.33
151.4,22.333,195.13,83.133
137.53,235.67,182.33,312.47
262.33,315.67,308.2,430.87
179.13,46.867,247.4,89.533
104.47,385,265.53,454.33
52.2,118.33,244.2,165.27
183.4,457.53,237.8,503.4
89.533,334.87,175.93,375.4
89.533,312.47,198.33,378.6
137.53,188.73,179.13,234.6
120.47,1,190.87,63.933
174.87,155.67,249.53,218.6
196.2,431.93,285.8,472.47
202.6,79.933,262.33,127.93
132.2,235.67,182.33,312.47
197.27,463.93,239.93,511.93
42.6,1,190.87,63.933
1,60.733,42.6,254.87
133.27,415.93,257,472.47
182.33,79.933,245.27,122.6
133.27,415.93,250.6,472.47
165.27,441.53,260.2,503.4
165.27,34.067,252.73,91.667
83.133,250.6,165.27,301.8
18.067,199.4,71.4,302.87
168.47,86.333,235.67,126.87
50.067,150.33,158.87,215.4
72.467,380.73,118.33,493.8
50.067,150.33,158.87,234.6
132.2,235.67,204.73,327.4
66.067,225,121.53,375.4
210.07,204.73,271.93,255.93
75.667,54.333,158.87,132.2
165.27,441.53,257,503.4
50.067,153.53,93.8,215.4
