360.81,209.05,440.61,288.85
1,1,512.58,342.29
1,1,350.84,342.29
1,1,199.79,305.24
1,1,330.89,342.29
1,1,351.55,342.29
368.65,238.97,512.58,342.29
252.51,65.838,315.21,168.44
1,1,87.925,262.49
68.688,1,135.66,342.29
92.2,1,370.07,342.29
1,1,135.66,342.29
431.35,271.04,497.61,342.29
165.59,1,323.76,288.85
1,1,111.44,342.29
67.263,1,248.24,342.29
329.46,1,512.58,147.78
229.71,1,289.56,102.17
207.62,82.938,262.49,167.72
300.96,60.85,512.58,342.29
134.24,1,251.8,217.6
142.79,94.338,243.25,282.44
313.07,137.8,512.58,342.29
88.638,192.66,352.26,342.29
185.54,1,512.58,342.29
142.79,1,273.89,282.44
1,1,216.89,342.29
293.12,1,512.58,342.29
213.33,91.487,324.48,342.29
312.36,134.95,512.58,342.29
315.93,144.21,512.58,342.29
95.05,211.19,167.01,275.31
1,1,370.07,342.29
236.12,1,512.58,342.29
375.06,1,440.61,104.31
166.3,1,512.58,342.29
90.775,1,323.76,342.29
92.2,37.337,179.84,230.43
82.938,1,350.84,342.29
280.3,1,352.26,115
68.688,1,276.03,342.29
368.65,246.81,512.58,342.29
1,1,309.51,342.29
137.8,1,512.58,342.29
1,1,82.225,342.29
238.26,1,512.58,342.29
131.39,1,206.91,169.86
92.2,28.075,232.56,296.69
88.638,1,512.58,342.29
82.938,57.288,209.05,269.61
432.78,134.95,512.58,209.05
213.33,198.36,305.95,342.29
88.638,1,417.81,342.29
1,214.75,223.3,342.29
92.2,65.125,231.85,300.96
131.39,23.8,198.36,169.86
310.23,136.38,512.58,342.29
67.263,1,250.38,342.29
147.78,1,216.89,107.16
165.59,1,417.81,288.85
249.66,1,512.58,342.29
229.71,55.15,417.81,307.38
67.263,56.575,115,342.29
1,192.66,42.325,240.4
91.487,1,239.69,144.21
166.3,1,493.34,342.29
167.01,131.39,208.34,200.5
1,1,143.5,342.29
95.05,65.125,206.2,293.84
92.2,1,248.24,293.84
317.35,1,493.34,235.41
1,1,276.03,342.29
250.38,221.16,306.66,318.78
247.53,1,512.58,342.29
353.69,228.29,434.2,310.23
304.53,1,512.58,288.85
362.24,1,490.49,155.61
105.74,1,148.49,72.963
176.99,100.04,305.95,342.29
131.39,1,227.58,169.86
238.26,37.337,512.58,342.29
300.96,1,512.58,342.29
165.59,75.812,298.11,288.85
1,226.86,204.78,342.29
235.41,1,351.55,191.95
92.2,1,231.85,300.96
137.8,1,320.91,219.74
368.65,208.34,512.58,342.29
92.913,1,135.66,85.075
82.938,1,248.24,342.29
185.54,1,490.49,342.29
372.93,1,426.36,80.8
300.96,149.2,483.36,342.29
233.99,1,306.66,138.51
364.38,282.44,432.06,342.29
67.263,56.575,115,318.78
312.36,232.56,419.95,342.29
91.487,1,135.66,141.36
142.79,140.65,231.14,282.44
236.12,1,512.58,274.6
311.65,1,512.58,246.1
313.79,224.72,497.61,342.29
68.688,1,273.89,342.29
293.84,11.688,355.11,97.188
137.8,1,254.65,144.93
82.938,53.013,248.24,342.29
167.72,115.71,231.85,235.41
313.79,224.72,480.51,342.29
83.65,1,351.55,342.29
447.03,112.86,512.58,162.74
112.86,23.8,198.36,191.95
137.8,1,417.81,307.38
372.21,261.78,512.58,339.44
425.65,60.85,512.58,224.01
1,1,136.38,342.29
353.69,1,418.53,80.8
325.19,241.11,400.71,313.79
134.24,122.12,206.2,217.6
201.21,97.188,317.35,342.29
233.28,1,308.09,139.22
83.65,1,273.89,342.29
315.93,285.29,373.64,342.29
82.938,53.013,187.68,251.8
314.5,250.38,395.73,302.39
204.78,1,273.89,135.66
105.03,181.97,228.29,296.69
319.49,144.21,512.58,342.29
313.07,134.95,512.58,335.88
91.487,37.337,179.84,230.43
292.41,55.15,417.81,259.64
257.5,176.99,298.11,274.6
97.188,57.288,161.31,176.28
312.36,138.51,512.58,342.29
176.99,1,345.85,342.29
420.66,138.51,511.86,231.14
85.075,139.22,248.24,342.29
167.72,141.36,231.85,235.41
368.65,256.79,512.58,342.29
137.8,1,365.8,219.74
165.59,94.338,243.25,269.61
1,1,131.39,342.29
469.11,207.62,512.58,258.21
409.26,1,484.07,97.9
159.89,226.86,204.78,342.29
372.21,230.43,512.58,342.29
247.53,1,289.56,79.375
125.69,1,181.26,153.47
313.79,145.64,512.58,342.29
1,1,250.38,342.29
291.7,1,493.34,236.12
207.62,1,350.84,342.29
98.612,202.64,167.01,254.65
261.06,1,335.88,140.65
323.76,102.89,416.39,241.11
197.65,72.25,298.11,230.43
105.03,183.4,231.85,295.98
186.96,206.91,228.29,342.29
288.14,1,490.49,236.12
437.76,1,512.58,143.5
335.16,121.41,408.55,211.9
340.86,224.01,512.58,342.29
238.26,138.51,512.58,342.29
1,1,80.088,342.29
1,192.66,42.325,303.1
83.65,53.013,189.1,342.29
361.53,282.44,432.06,342.29
313.79,209.05,446.31,341.57
320.2,112.86,512.58,318.78
77.95,1,200.5,165.59
164.16,234.7,209.05,342.29
319.49,147.06,512.58,342.29
1,1,92.2,342.29
18.1,10.975,86.5,53.725
417.1,238.97,512.58,342.29
82.938,1,273.89,342.29
288.14,1,406.41,236.12
465.55,37.337,512.58,92.2
130.68,1,217.6,107.88
253.94,192.66,309.51,307.38
167.01,93.625,309.51,342.29
87.213,232.56,172,342.29
165.59,157.75,224.72,269.61
411.4,166.3,480.51,229
172,94.338,236.12,214.04
68.688,1,112.15,342.29
261.06,1,344.43,140.65
221.88,198.36,305.95,342.29
176.99,1,351.55,342.29
147.78,15.25,219.74,167.01
233.28,1,308.09,138.51
409.98,1,457.71,84.362
82.938,80.088,162.74,189.1
137.09,234.7,209.05,342.29
92.2,65.125,206.2,300.96
165.59,177.7,209.05,269.61
187.68,91.487,325.9,342.29
157.04,157.75,248.24,342.29
335.88,1,458.43,208.34
83.65,53.013,206.91,342.29
185.54,1,322.34,197.65
96.475,64.412,142.79,213.33
422.09,283.86,480.51,342.29
213.33,91.487,314.5,342.29
228.29,142.08,274.6,306.66
313.07,218.31,427.79,337.3
1,1,144.21,342.29
129.96,1,200.5,165.59
154.19,1,273.89,182.69
92.2,1,223.3,293.84
352.98,121.41,417.81,207.62
329.46,1,373.64,204.78
164.16,82.938,204.78,170.58
304.53,11.688,352.26,70.112
96.475,65.125,206.2,293.84
117.85,70.825,168.44,174.14
372.93,1,457.71,127.83
1,93.625,309.51,342.29
412.82,271.04,497.61,342.29
283.15,210.47,324.48,278.16
229.71,129.25,298.11,274.6
416.39,216.89,499.75,278.16
190.53,97.188,330.89,342.29
87.213,240.4,151.34,293.84
1,239.69,86.5,342.29
154.19,1,233.99,182.69
249.66,253.94,320.2,342.29
261.06,8.8375,344.43,140.65
293.84,1,417.81,236.12
200.5,99.325,249.66,225.44
100.04,1,239.69,153.47
315.93,224.72,437.05,341.57
313.07,112.86,512.58,335.88
272.46,233.28,395.73,302.39
226.15,1,345.85,197.65
166.3,152.76,248.24,336.59
259.64,50.163,320.91,143.5
446.31,141.36,512.58,209.05
238.26,65.125,512.58,342.29
174.14,76.525,215.46,156.33
96.475,64.412,187.68,251.8
417.1,141.36,512.58,342.29
258.21,62.988,324.48,280.3
330.89,112.86,417.81,241.83
361.53,223.3,512.58,342.29
104.31,129.25,298.11,342.29
371.5,227.58,512.58,342.29
261.06,1,307.38,65.125
471.96,285.29,512.58,342.29
375.06,1,439.9,103.6
112.86,92.2,209.05,269.61
68.688,1,217.6,342.29
276.03,91.487,324.48,278.16
442.75,141.36,512.58,212.61
293.12,1,350.84,72.25
247.53,1,289.56,101.46
91.487,1,136.38,136.38
169.86,147.06,298.11,288.85
293.12,189.1,369.36,292.41
262.49,271.75,314.5,323.76
320.91,272.46,366.51,313.79
90.775,1,330.89,342.29
238.26,1,492.62,342.29
236.12,1,416.39,274.6
313.07,1,365.8,49.45
147.78,20.238,200.5,104.31
83.65,256.08,164.16,342.29
226.15,1,322.34,197.65
88.638,214.75,223.3,342.29
451.3,37.337,512.58,144.93
448.45,271.04,497.61,323.05
185.54,1,262.49,164.16
148.49,62.275,191.24,165.59
185.54,176.99,248.24,251.09
313.07,65.125,512.58,335.88
213.33,189.81,308.09,342.29
209.05,1,275.31,128.54
248.95,129.25,298.11,271.75
261.06,1,417.81,259.64
77.95,1,137.09,85.075
244.68,1,512.58,342.29
87.213,157.75,248.24,342.29
91.487,1,248.24,170.58
174.85,1,216.89,94.338
112.86,127.83,156.33,251.8
198.36,1,273.89,144.93
160.6,140.65,231.14,245.39
288.14,1,458.43,236.12
343.71,121.41,408.55,199.08
105.03,188.39,231.85,296.69
446.31,141.36,512.58,217.6
211.19,211.19,325.9,342.29
160.6,1,216.89,103.6
239.69,226.15,325.9,342.29
372.21,226.86,512.58,342.29
368.65,300.25,464.84,342.29
313.07,1,360.81,49.45
329.46,8.125,372.93,156.33
201.21,97.188,330.89,342.29
167.01,92.913,231.14,200.5
372.21,215.46,512.58,342.29
24.512,1,107.16,323.05
263.91,1,308.8,83.65
1,144.93,66.55,342.29
105.03,124.98,231.85,295.98
374.35,1,443.46,100.04
137.8,1,205.49,107.88
102.89,1,148.49,72.963
98.612,105.74,206.91,254.65
207.62,31.637,259.64,129.25
189.81,59.425,254.65,144.93
204.78,47.312,251.8,135.66
301.68,136.38,512.58,342.29
422.09,283.86,484.79,342.29
388.6,17.387,448.45,136.38
83.65,256.08,187.68,342.29
87.213,204.78,170.58,293.84
104.31,97.9,301.68,342.29
293.84,1,417.81,259.64
238.26,194.09,512.58,342.29
99.325,85.075,187.68,251.8
169.86,194.8,228.29,269.61
249.66,57.288,512.58,342.29
308.09,9.55,372.93,198.36
24.512,1,135.66,323.05
186.25,82.938,244.68,200.5
201.21,91.487,314.5,342.29
132.1,1,214.04,107.16
87.213,221.88,172,342.29
174.14,1,214.75,107.88
324.48,103.6,416.39,211.9
313.07,138.51,512.58,342.29
105.03,194.8,228.29,296.69
1,241.83,41.613,304.53
369.36,298.82,479.8,342.29
409.26,1,512.58,143.5
201.21,192.66,352.26,342.29
1,132.1,73.675,262.49
233.28,4.5625,306.66,139.22
92.2,180.55,204.78,296.69
100.75,80.088,162.74,182.69
102.89,1,144.21,45.175
99.325,85.075,176.28,240.4
1,284.57,65.838,342.29
91.487,1,214.04,230.43
1,1,86.5,70.112
256.08,97.188,298.11,230.43
292.41,70.112,346.56,259.64
236.12,1,351.55,190.53
321.62,57.288,479.8,288.85
233.28,1,320.91,219.74
53.725,1,136.38,305.24
176.99,1,323.76,230.43
83.65,1,219.74,342.29
229.71,191.24,298.11,304.53
167.72,176.99,248.24,269.61
300.96,241.11,400.71,342.29
91.487,1,239.69,167.01
92.2,1,136.38,124.98
285.29,8.8375,344.43,106.45
412.82,294.55,484.79,342.29
16.675,241.11,84.362,322.34
140.65,1,217.6,107.88
329.46,1,406.41,204.78
409.26,1,466.98,97.9
419.95,138.51,512.58,231.85
211.19,97.188,317.35,342.29
85.075,283.15,133.53,342.29
166.3,140.65,272.46,342.29
184.83,1,239.69,125.69
155.61,1,370.07,236.12
417.1,191.24,512.58,342.29
112.86,1,227.58,191.95
233.99,1,308.8,138.51
293.84,1,368.65,236.12
312.36,209.05,445.6,342.29
137.8,137.8,187.68,230.43
185.54,1,346.56,197.65
372.21,208.34,512.58,342.29
261.06,252.51,352.26,342.29
176.99,1,290.28,144.93
190.53,80.088,330.89,342.29
335.16,72.963,384.32,154.19
276.74,62.988,324.48,253.94
131.39,85.075,172.71,169.86
166.3,1,378.62,342.29
320.91,141.36,512.58,333.03
185.54,1,351.55,197.65
97.188,64.412,139.94,167.72
105.03,169.15,231.85,296.69
249.66,65.125,464.84,342.29
329.46,65.125,372.93,154.19
186.25,82.938,246.81,200.5
420.66,139.22,511.86,231.14
181.97,93.625,246.81,232.56
372.93,268.19,464.12,310.23
321.62,1,512.58,288.85
92.2,1,248.24,296.69
273.18,5.275,373.64,236.12
385.04,15.963,444.89,84.362
96.475,64.412,176.28,251.8
312.36,194.09,512.58,342.29
236.12,1,416.39,259.64
1,1,86.5,112.86
368.65,48.738,435.62,119.99
174.85,1,273.89,177.7
92.2,39.475,231.85,300.96
176.99,1,323.76,149.2
207.62,1,350.84,190.53
377.91,55.15,449.16,151.34
1,13.113,80.088,342.29
167.01,93.625,246.81,288.85
366.51,65.125,464.84,188.39
112.86,1,219.74,191.95
164.16,1,248.24,170.58
238.26,16.675,298.82,130.68
88.638,234.7,209.05,342.29
368.65,268.19,464.84,342.29
373.64,112.86,512.58,256.79
314.5,233.99,422.8,341.57
291.7,1,458.43,236.12
448.45,148.49,512.58,218.31
366.51,149.2,483.36,271.04
174.14,1,216.89,88.638
313.07,141.36,512.58,342.29
197.65,82.225,245.39,167.72
1,1,75.1,42.325
229.71,176.28,298.11,304.53
313.07,209.05,440.61,335.88
112.86,129.25,154.19,227.58
77.95,1,216.89,165.59
127.83,85.788,171.29,160.6
137.8,1,181.26,95.763
238.26,226.15,354.4,342.29
133.53,161.31,174.85,266.05
448.45,284.57,496.9,325.19
100.04,1,248.24,170.58
419.24,145.64,512.58,238.26
248.24,16.675,308.8,115
92.2,1,135.66,124.98
335.88,1,491.2,208.34
161.31,1,226.86,77.237
112.86,1,273.89,217.6
138.51,263.2,181.26,342.29
285.29,24.512,338.01,106.45
204.78,1,248.95,94.338
313.79,265.34,480.51,342.29
329.46,1,457.71,147.78
341.57,265.34,464.12,336.59
353.69,216.89,499.75,310.23
77.95,1,216.89,325.19
1,13.113,82.225,342.29
1,1,86.5,342.29
209.05,148.49,268.19,280.3
176.99,1,275.31,144.93
362.24,1,405.7,159.18
431.35,271.04,497.61,330.18
249.66,65.125,512.58,342.29
238.26,268.9,293.12,342.29
329.46,15.25,372.93,160.6
67.263,1,115,336.59
184.83,1,233.99,104.31
320.91,138.51,512.58,332.31
1,13.113,80.8,171.29
96.475,53.013,187.68,251.8
424.94,203.35,495.48,256.08
105.03,1,148.49,83.65
156.33,23.8,198.36,120.7
174.85,1,243.25,164.16
186.25,1,317.35,200.5
288.14,10.263,360.1,236.12
412.11,1,490.49,102.89
314.5,251.8,382.9,302.39
1,10.263,82.225,342.29
385.04,209.05,446.31,270.32
213.33,222.59,273.18,342.29
256.08,198.36,299.54,315.21
327.32,212.61,442.04,327.32
151.34,112.86,208.34,219.74
82.938,57.288,162.74,189.1
165.59,1,216.89,94.338
362.24,1,414.25,155.61
104.31,122.84,298.11,342.29
246.1,1,360.81,187.68
67.263,129.25,115,318.78
399.29,65.125,464.84,130.68
87.213,225.44,134.24,293.84
92.2,65.125,224.72,300.96
417.81,1,512.58,144.93
90.775,1,248.24,342.29
293.12,65.125,464.84,292.41
412.82,65.125,464.84,120.7
83.65,64.412,189.1,342.29
437.76,1,512.58,67.263
238.26,252.51,352.26,342.29
372.21,261.78,512.58,342.29
233.28,47.312,283.15,139.22
137.8,1,251.8,138.51
82.938,1,217.6,269.61
340.86,268.9,464.12,342.29
92.2,1,199.79,296.69
92.2,1,215.46,293.84
329.46,13.113,380.05,147.78
311.65,138.51,512.58,342.29
91.487,1,217.6,141.36
130.68,37.337,199.79,289.56
187.68,91.487,314.5,342.29
417.81,137.8,512.58,232.56
96.475,64.412,168.44,213.33
353.69,1,512.58,158.46
1,132.1,77.237,342.29
233.28,30.213,290.99,139.22
70.825,230.43,158.46,342.29
74.388,1,136.38,298.82
174.14,28.075,215.46,121.41
163.45,1,227.58,138.51
1,13.113,86.5,342.29
252.51,9.55,372.93,198.36
362.24,1,458.43,132.1
92.2,1,147.06,296.69
363.66,1,414.25,132.1
401.43,1,457.71,84.362
100.04,1,262.49,210.47
190.53,91.487,314.5,342.29
261.06,134.95,512.58,342.29
155.61,1,236.84,186.25
82.938,53.013,206.2,254.65
424.23,272.46,501.89,329.46
313.79,224.72,437.05,342.29
185.54,1,364.38,197.65
131.39,20.238,200.5,168.44
310.23,187.68,462.7,342.29
204.78,1,248.24,94.338
1,144.93,73.675,303.1
256.08,1,370.07,236.12
197.65,160.6,246.81,288.85
176.99,176.99,248.24,342.29
257.5,150.62,300.96,274.6
375.06,1,458.43,103.6
137.8,1,205.49,95.763
372.93,1,512.58,144.93
388.6,50.875,448.45,136.38
99.325,85.075,176.28,231.85
453.44,1,512.58,91.487
320.91,272.46,366.51,318.78
448.45,283.15,496.9,325.19
211.19,100.75,325.9,342.29
374.35,1,427.07,100.04
120.7,227.58,209.05,342.29
167.01,93.625,246.81,232.56
112.86,15.25,219.74,191.95
1,119.99,82.225,342.29
100.04,1,239.69,167.72
97.188,65.125,175.56,266.05
96.475,64.412,139.94,187.68
304.53,1,512.58,204.78
417.1,1,512.58,97.9
398.57,223.3,501.18,312.36
115,140.65,231.14,293.12
384.32,194.09,458.43,270.32
16.675,161.31,65.125,292.41
272.46,55.15,417.81,302.39
127.83,1,217.6,112.15
252.51,4.5625,372.93,198.36
197.65,85.788,245.39,167.72
104.31,234.7,209.05,342.29
33.062,275.31,86.5,342.29
291.7,8.125,360.81,100.04
305.24,241.11,400.71,335.88
1,144.93,42.325,256.08
361.53,282.44,432.78,342.29
229.71,186.96,298.11,304.53
100.75,92.913,155.61,161.31
221.88,248.95,305.95,342.29
226.15,1,289.56,144.21
90.775,222.59,209.05,342.29
375.06,1,458.43,104.31
162.74,139.22,248.24,325.19
16.675,1,136.38,342.29
252.51,4.5625,372.93,274.6
162.74,1,273.89,170.58
385.04,1,457.71,84.362
304.53,1,350.84,67.263
102.17,1,148.49,53.013
337.3,55.15,384.32,165.59
234.7,1,317.35,143.5
92.2,28.075,215.46,325.19
87.213,64.412,176.28,293.84
249.66,107.88,418.53,342.29
331.6,89.35,479.8,276.03
185.54,1,257.5,164.16
174.14,75.812,215.46,185.54
288.14,1,360.81,236.12
117.85,85.075,176.28,222.59
229.71,97.9,300.96,307.38
320.2,231.85,419.95,331.6
133.53,119.28,176.99,266.05
83.65,253.22,189.1,342.29
1,284.57,86.5,342.29
375.06,1,440.61,102.17
137.8,1,217.6,107.88
184.83,94.338,236.12,200.5
91.487,1,236.12,144.21
196.22,47.312,251.8,149.91
132.1,263.2,181.26,342.29
87.213,180.55,172,342.29
288.14,5.275,373.64,236.12
197.65,66.55,298.11,230.43
304.53,11.688,435.62,204.78
94.338,85.788,171.29,212.61
305.24,112.86,512.58,335.88
362.95,246.81,512.58,342.29
368.65,271.04,497.61,342.29
320.2,147.78,512.58,342.29
417.81,1,512.58,97.9
353.69,1,427.79,80.8
1,1,136.38,305.24
1,10.263,53.725,74.388
353.69,1,512.58,132.1
291.7,1,364.38,100.04
100.04,1,273.89,282.44
221.88,263.2,277.45,342.29
225.44,1,307.38,138.51
105.03,1,148.49,91.487
436.34,298.82,479.8,342.29
148.49,1,219.74,165.59
320.91,57.288,480.51,288.85
361.53,215.46,504.74,342.29
67.263,1,115,342.29
206.2,163.45,253.22,223.3
313.79,299.54,403.56,342.29
238.26,288.85,340.86,342.29
246.1,1,364.38,187.68
417.1,203.35,495.48,284.57
1,132.1,77.95,342.29
214.75,1,308.8,130.68
140.65,1,200.5,104.31
233.99,1,308.09,138.51
1,134.95,42.325,256.08
313.07,139.22,512.58,342.29
134.24,28.075,215.46,219.74
236.12,1,350.84,190.53
137.8,1,214.75,107.88
431.35,272.46,501.89,329.46
362.24,1,414.25,132.1
97.188,65.125,174.85,251.8
184.11,1,227.58,100.04
308.09,9.55,367.94,195.51
134.24,163.45,221.16,278.88
447.03,60.85,512.58,162.74
185.54,1,273.89,164.16
192.66,93.625,243.96,172
431.35,283.15,496.9,329.46
88.638,273.18,164.16,342.29
166.3,133.53,211.19,236.12
329.46,5.275,372.93,179.84
115.71,159.89,156.33,251.8
191.95,148.49,268.19,280.3
112.86,1,206.91,191.95
313.07,143.5,512.58,342.29
176.99,1,308.8,143.5
248.24,16.675,320.91,143.5
198.36,91.487,314.5,342.29
23.088,64.412,68.688,141.36
246.1,100.04,297.4,220.45
373.64,159.89,478.38,256.79
185.54,1,373.64,342.29
229,1,282.44,102.17
259.64,247.53,305.95,310.23
1,97.9,51.587,209.76
104.31,280.3,158.46,342.29
113.58,53.013,162.74,149.2
247.53,197.65,309.51,320.91
374.35,1,512.58,102.89
416.39,1,458.43,82.225
329.46,1,449.16,147.78
419.24,203.35,495.48,256.08
1,144.93,42.325,342.29
330.89,124.26,417.81,241.83
48.738,1,136.38,305.24
167.72,140.65,231.85,235.41
155.61,75.812,215.46,186.25
229.71,176.28,298.11,307.38
115,190.53,198.36,293.12
176.99,8.125,251.8,130.68
134.24,1,273.89,217.6
312.36,208.34,446.31,342.29
1,132.1,82.225,342.29
91.487,1,248.24,296.69
1,144.93,86.5,342.29
420.66,139.94,511.86,231.14
458.43,238.97,512.58,330.18
420.66,139.22,511.86,231.85
261.06,23.8,335.88,140.65
331.6,78.663,372.93,152.05
133.53,1,214.04,107.16
112.15,93.625,251.8,293.12
68.688,1,132.1,342.29
255.36,129.25,298.11,265.34
167.72,124.98,231.14,235.41
196.94,161.31,256.79,291.7
313.07,224.01,437.76,342.29
323.76,96.475,417.81,241.83
137.8,1,195.51,138.51
207.62,42.325,293.12,189.81
99.325,85.075,176.28,251.8
340.15,103.6,406.41,164.88
211.19,211.19,305.95,342.29
100.75,105.03,188.39,234.7
112.15,1,323.76,293.12
98.612,203.35,167.01,254.65
324.48,103.6,416.39,233.99
420.66,138.51,512.58,231.85
204.78,30.213,253.22,135.66
362.95,238.97,512.58,342.29
459.14,276.03,512.58,327.32
100.75,80.088,142.79,161.31
320.2,137.8,512.58,332.31
209.76,91.487,314.5,342.29
137.8,1,236.12,144.21
1,97.9,50.875,159.89
323.76,150.62,374.35,225.44
83.65,253.22,187.68,342.29
92.2,28.075,215.46,293.84
134.24,263.2,181.26,342.29
236.12,1,380.05,190.53
257.5,176.28,298.11,274.6
311.65,211.9,442.04,342.29
238.26,1,298.82,130.68
299.54,23.8,349.41,236.12
315.21,141.36,512.58,341.57
209.76,1,263.91,124.26
164.16,27.363,237.55,170.58
201.21,192.66,309.51,342.29
1,1,77.237,242.54
373.64,196.22,437.05,256.79
174.85,1,243.25,163.45
110.73,57.288,172,174.14
228.29,1,307.38,138.51
256.08,198.36,305.95,315.21
1,1,92.2,74.388
293.84,11.688,355.11,236.12
92.2,1,301.68,342.29
420.66,139.94,511.86,231.85
252.51,65.838,315.21,195.51
308.09,9.55,360.81,195.51
190.53,157.75,272.46,342.29
174.85,67.263,219.03,177.7
320.91,98.612,479.8,288.85
224.72,147.06,298.11,288.85
140.65,1,181.26,103.6
446.31,141.36,512.58,208.34
165.59,75.812,231.14,269.61
236.12,52.3,317.35,190.53
271.75,256.79,351.55,342.29
464.12,38.05,512.58,143.5
90.775,222.59,131.39,342.29
133.53,143.5,176.28,266.05
47.312,1,111.44,342.29
259.64,65.838,308.09,142.79
288.14,1,360.81,120.7
314.5,233.99,422.8,342.29
155.61,1,263.91,197.65
155.61,1,308.8,197.65
304.53,11.688,435.62,127.83
132.81,137.8,187.68,240.4
313.07,295.98,389.31,342.29
83.65,256.08,133.53,342.29
186.96,5.275,373.64,342.29
366.51,112.86,512.58,271.04
174.85,1,239.69,144.21
92.2,57.288,209.05,293.84
313.07,212.61,442.04,342.29
329.46,1,400.71,147.78
233.28,1,318.06,219.74
236.12,38.05,317.35,190.53
444.18,113.58,486.21,158.46
207.62,1,350.84,189.81
47.312,1,91.487,297.4
201.21,224.72,269.61,342.29
131.39,180.55,176.28,289.56
385.04,15.963,438.48,84.362
1,80.8,77.95,271.75
1,13.113,78.663,256.08
97.188,75.1,139.94,167.72
253.22,1,317.35,107.16
197.65,180.55,241.11,288.85
335.16,72.963,417.81,211.9
197.65,59.425,254.65,144.93
156.33,1,262.49,210.47
272.46,233.28,323.05,295.98
115,237.55,167.01,293.12
155.61,1,320.2,197.65
16.675,1,111.44,342.29
248.24,1,318.06,121.41
377.91,8.125,457.71,151.34
226.15,1,317.35,197.65
353.69,1,512.58,143.5
337.3,55.15,384.32,144.21
290.28,1,360.81,100.04
320.2,139.22,511.86,332.31
228.29,5.275,373.64,306.66
134.24,105.03,208.34,219.74
90.775,222.59,131.39,319.49
229.71,1,283.15,102.17
176.99,1,248.24,143.5
1,64.412,87.925,262.49
390.74,281.01,479.8,342.29
442.75,142.08,512.58,212.61
96.475,70.825,168.44,187.68
432.06,1,512.58,143.5
228.29,134.95,277.45,306.66
397.86,50.875,448.45,120.7
92.2,28.075,215.46,219.74
256.79,216.18,305.95,310.23
253.22,1,323.76,149.2
92.2,192.66,171.29,295.98
238.26,291.7,283.15,342.29
313.07,139.94,512.58,342.29
90.062,253.22,169.86,296.69
186.96,1,248.24,129.25
125.69,1,205.49,153.47
313.79,265.34,464.84,342.29
108.59,70.825,168.44,174.14
149.91,226.86,204.78,342.29
105.74,1,148.49,53.013
226.15,1,317.35,144.21
100.75,137.8,187.68,251.8
123.55,211.19,165.59,269.61
162.74,1,217.6,107.88
374.35,1,443.46,102.89
104.31,124.98,298.11,342.29
1,192.66,42.325,256.08
227.58,157.75,272.46,265.34
280.3,30.925,334.45,115
190.53,206.2,256.08,342.29
94.338,37.337,171.29,227.58
155.61,1,347.99,197.65
421.38,138.51,512.58,231.85
1,9.55,86.5,112.86
256.08,1,370.07,159.89
131.39,57.288,172,120.7
214.75,1,289.56,80.088
95.05,203.35,167.01,293.84
77.95,1,135.66,85.075
162.74,1,233.99,167.72
165.59,137.09,209.05,236.84
1,13.113,78.663,242.54
140.65,1,200.5,165.59
323.76,121.41,417.81,241.83
233.99,1,307.38,138.51
467.69,112.86,512.58,174.85
221.88,208.34,305.24,342.29
134.24,211.9,188.39,282.44
400.71,138.51,512.58,256.08
174.14,1,216.89,94.338
417.81,137.8,512.58,231.85
400.71,138.51,512.58,258.21
112.15,1,299.54,293.12
419.95,138.51,512.58,231.14
176.99,8.125,243.96,144.93
174.14,8.125,251.8,130.68
186.96,27.363,237.55,129.25
161.31,1,204.78,77.237
169.86,175.56,251.8,278.16
362.24,1,458.43,159.18
377.91,1,458.43,151.34
164.16,1,251.8,170.58
417.1,145.64,512.58,284.57
314.5,209.76,446.31,341.57
323.76,55.15,417.81,241.83
361.53,223.3,501.18,342.29
206.2,163.45,253.22,291.7
335.16,72.963,417.81,154.19
246.1,1,378.62,236.12
132.1,194.09,175.56,260.35
174.14,1,217.6,107.88
320.2,137.8,512.58,331.6
87.213,189.81,172,342.29
226.86,140.65,272.46,320.91
125.69,1,239.69,153.47
265.34,1,317.35,99.325
178.41,141.36,231.85,219.74
83.65,256.08,143.5,342.29
449.16,191.24,512.58,256.08
464.12,37.337,512.58,143.5
87.213,115.71,248.24,342.29
162.74,139.22,248.24,342.29
338.73,98.612,479.8,271.04
100.75,92.913,155.61,176.28
129.96,85.075,176.28,240.4
362.95,299.54,403.56,342.29
165.59,191.24,206.2,269.61
229,1,290.28,102.17
165.59,137.09,209.05,214.04
300.96,289.56,352.98,342.29
370.79,102.89,416.39,165.59
197.65,72.25,278.16,225.44
112.86,1,273.89,191.95
102.89,159.89,156.33,251.8
246.1,100.04,293.84,187.68
1,1,80.8,171.29
372.93,268.19,435.62,310.23
100.75,192.66,143.5,245.39
366.51,103.6,418.53,188.39
313.79,268.19,464.84,342.29
151.34,28.075,215.46,162.03
91.487,1,135.66,136.38
100.75,1,248.24,234.7
112.15,129.25,176.28,260.35
320.2,251.8,377.91,293.12
219.74,1,262.49,69.4
310.23,231.85,419.24,342.29
94.338,37.337,179.84,227.58
85.075,276.03,164.16,342.29
253.94,208.34,299.54,307.38
235.41,1,317.35,149.91
85.075,94.338,248.24,342.29
70.825,276.03,158.46,342.29
313.07,211.9,442.04,342.29
288.14,10.263,360.1,120.7
419.24,167.72,496.19,238.26
380.05,58,443.46,110.73
1,47.312,92.2,342.29
186.25,1,317.35,211.9
90.775,279.59,132.1,342.29
162.74,1,251.8,170.58
313.79,141.36,512.58,341.57
100.75,92.913,155.61,171.29
92.2,1,135.66,104.31
362.95,256.79,512.58,342.29
90.062,204.78,170.58,293.84
368.65,298.82,480.51,342.29
308.09,9.55,372.93,195.51
324.48,1,368.65,48.738
140.65,1,181.26,112.15
133.53,155.61,206.2,292.41
133.53,161.31,175.56,266.05
311.65,1,416.39,246.1
375.06,1,438.48,102.17
133.53,211.9,188.39,292.41
362.95,224.01,512.58,342.29
311.65,103.6,416.39,246.1
92.2,240.4,144.21,293.84
82.225,1,136.38,74.388
271.75,288.85,320.2,330.89
469.82,207.62,512.58,258.21
91.487,1,133.53,141.36
166.3,152.76,248.24,342.29
391.45,65.125,464.84,120.7
165.59,1,214.75,107.88
352.26,241.11,400.71,291.7
226.15,1,317.35,149.91
98.612,135.66,206.2,254.65
308.09,9.55,366.51,195.51
329.46,5.275,373.64,179.84
236.12,1,416.39,241.11
256.08,30.925,345.14,159.89
184.83,1,233.99,125.69
211.19,100.04,305.95,342.29
320.2,37.337,512.58,318.78
374.35,1,422.8,100.04
329.46,15.25,373.64,197.65
299.54,8.8375,378.62,236.12
158.46,156.33,199.79,274.6
1,132.1,42.325,255.36
248.95,226.15,351.55,342.29
393.59,136.38,512.58,256.08
315.93,247.53,411.4,342.29
100.04,1,164.88,91.487
417.1,203.35,495.48,256.79
313.07,295.98,367.94,342.29
229,1,282.44,94.338
311.65,232.56,420.66,342.29
165.59,135.66,206.2,204.06
48.738,1,107.16,323.05
206.2,177.7,248.24,223.3
1,1,86.5,58
174.85,1,236.12,144.21
1,64.412,78.663,304.53
353.69,1,512.58,102.89
176.99,176.99,248.24,267.48
329.46,8.125,372.93,154.19
1,1,131.39,136.38
313.07,295.98,416.39,342.29
206.91,53.725,250.38,134.24
22.375,264.62,77.237,342.29
96.475,140.65,137.8,187.68
207.62,1,317.35,189.81
313.07,295.98,368.65,342.29
263.91,197.65,309.51,296.69
419.24,167.72,504.03,238.26
112.86,157.04,156.33,251.8
92.2,115.71,204.78,296.69
235.41,1,317.35,140.65
447.03,157.04,499.04,209.05
394.3,209.05,440.61,256.08
248.95,226.15,354.4,342.29
326.61,231.85,419.24,324.48
183.4,3.85,225.44,102.89
229.71,1,283.15,94.338
417.81,257.5,512.58,342.29
92.2,192.66,177.7,325.19
315.21,209.05,446.31,341.57
100.04,1,148.49,91.487
320.2,251.8,382.9,302.39
240.4,268.9,293.12,338.73
166.3,94.338,236.12,235.41
104.31,148.49,268.19,342.29
211.19,192.66,309.51,342.29
448.45,283.86,496.9,330.18
229.71,196.22,273.18,304.53
1,23.088,77.237,242.54
313.07,216.89,512.58,342.29
133.53,1,174.85,80.8
248.24,1,323.76,121.41
341.57,268.19,464.12,336.59
313.07,13.113,435.62,127.83
67.263,1,115,318.78
102.89,1,143.5,45.175
1,64.412,78.663,271.75
432.06,57.288,480.51,127.83
137.09,1,217.6,107.88
362.95,298.82,479.8,342.29
256.08,97.188,298.11,159.89
251.8,1,317.35,149.91
134.24,93.625,251.8,278.88
323.76,150.62,377.91,225.44
353.69,1,402.14,80.8
186.25,95.05,236.12,200.5
229.71,1,307.38,138.51
385.04,25.938,449.16,99.325
1,1,75.1,74.388
94.338,85.788,171.29,227.58
320.91,270.32,383.61,333.03
96.475,64.412,168.44,187.68
9.55,161.31,80.088,303.1
190.53,221.88,256.08,342.29
236.12,98.612,288.85,190.53
16.675,161.31,66.55,292.41
374.35,268.9,464.12,310.23
272.46,233.28,323.05,298.82
304.53,9.55,372.93,198.36
96.475,139.22,137.8,187.68
130.68,70.112,171.29,160.6
82.225,1,135.66,74.388
95.05,253.94,147.06,296.69
226.86,1,275.31,92.2
288.14,35.2,343.71,120.7
85.075,204.78,170.58,342.29
82.938,57.288,162.74,234.7
253.22,1,317.35,122.84
314.5,254.65,402.85,342.29
238.26,256.79,350.84,342.29
161.31,1,231.85,81.513
137.09,236.12,199.08,342.29
113.58,159.89,156.33,251.8
165.59,124.98,231.14,269.61
115,204.78,170.58,293.12
87.213,240.4,134.24,293.84
1,10.263,77.237,112.86
271.75,288.85,340.86,342.29
233.99,31.637,290.99,138.51
416.39,1,458.43,93.625
97.188,159.89,174.85,251.8
238.26,6.7,289.56,130.68
1,26.65,51.587,70.112
375.06,1,438.48,104.31
464.12,48.738,512.58,143.5
184.83,1,236.12,125.69
338.73,98.612,479.8,288.85
340.86,298.82,392.88,342.29
412.11,1,458.43,102.89
256.08,11.688,355.11,159.89
419.95,139.22,511.86,231.14
147.78,81.513,191.24,167.01
416.39,176.99,512.58,270.32
132.1,167.72,175.56,266.05
417.81,138.51,511.86,232.56
166.3,1,317.35,342.29
130.68,1,236.12,144.21
1,64.412,92.2,342.29
372.93,1,457.71,105.03
416.39,236.84,483.36,278.16
97.188,65.125,186.25,266.05
256.08,65.125,318.06,159.89
314.5,251.09,404.99,341.57
96.475,243.96,139.94,293.84
87.213,204.06,172,342.29
272.46,252.51,352.26,320.91
327.32,32.35,371.5,115
70.825,226.86,204.78,342.29
129.96,85.075,176.28,215.46
313.07,13.113,371.5,115
197.65,189.1,241.11,233.28
83.65,256.08,146.35,342.29
312.36,209.05,446.31,342.29
186.96,1,248.95,129.96
385.04,1,426.36,42.325
196.94,163.45,256.79,291.7
224.72,147.06,277.45,288.85
258.21,248.95,305.95,311.65
329.46,65.125,372.93,152.05
92.2,159.89,147.06,296.69
214.75,1,263.91,75.812
165.59,139.22,243.25,269.61
257.5,65.838,315.21,159.89
362.95,272.46,501.89,342.29
305.24,23.8,349.41,92.2
212.61,97.188,330.89,342.29
228.29,100.04,297.4,275.31
132.1,194.09,175.56,266.05
227.58,157.75,272.46,263.2
315.21,295.98,361.53,342.29
140.65,1,181.26,95.763
155.61,75.812,236.84,186.25
92.2,1,135.66,108.59
176.99,189.1,236.12,267.48
167.72,184.11,238.97,269.61
133.53,177.7,209.05,293.12
229,1,282.44,100.04
35.913,280.3,92.2,342.29
181.26,92.913,231.14,176.99
228.29,100.04,297.4,306.66
155.61,1,263.91,186.25
96.475,64.412,142.79,187.68
329.46,5.275,373.64,204.78
119.28,129.25,176.28,260.35
1,192.66,42.325,342.29
425.65,134.95,512.58,224.01
214.75,1,289.56,75.812
100.75,80.088,155.61,182.69
320.91,37.337,512.58,288.85
320.91,208.34,445.6,333.03
196.94,110.73,297.4,291.7
226.86,100.75,299.54,335.16
92.2,129.25,177.7,325.19
449.16,208.34,512.58,256.08
271.75,288.85,324.48,342.29
161.31,1,216.89,77.237
246.1,1,364.38,220.45
22.375,264.62,75.1,342.29
129.96,129.25,176.28,215.46
320.2,251.8,382.9,293.12
256.08,1,368.65,159.89
372.93,1,427.79,80.8
385.04,268.19,435.62,310.23
197.65,82.225,249.66,225.44
112.15,93.625,299.54,293.12
97.188,57.288,171.29,176.28
162.74,139.22,243.25,325.19
430.64,149.2,484.07,206.2
261.06,296.69,321.62,342.29
102.17,276.03,164.16,342.29
165.59,157.75,248.24,342.29
257.5,103.6,298.11,219.74
313.07,134.95,512.58,337.3
185.54,189.1,236.12,251.09
459.14,230.43,512.58,279.59
417.81,36.625,466.98,97.9
361.53,215.46,512.58,342.29
174.85,132.1,217.6,204.78
197.65,59.425,241.83,144.93
1,13.113,80.088,256.08
291.7,1,373.64,236.12
419.24,191.24,496.9,256.08
211.19,198.36,305.95,342.29
417.1,238.97,512.58,330.18
134.24,47.312,251.8,217.6
1,1,86.5,53.725
122.12,70.825,168.44,174.14
123.55,1,170.58,107.16
167.72,137.09,209.05,214.04
233.28,1,318.06,140.65
241.11,281.73,282.44,337.3
415.68,1,457.71,96.475
170.58,188.39,231.85,268.9
130.68,1,217.6,112.15
9.55,161.31,65.125,303.1
369.36,209.76,446.31,287.43
313.07,144.21,512.58,342.29
299.54,23.8,349.41,105.74
184.83,29.5,243.25,163.45
82.225,1,135.66,64.412
233.28,1,308.8,149.2
225.44,286.71,269.61,342.29
1,193.38,42.325,239.69
90.775,279.59,131.39,342.29
447.03,112.86,490.49,162.74
87.213,240.4,151.34,342.29
318.06,107.88,418.53,292.41
415.68,21.663,457.71,96.475
337.3,55.15,379.34,144.21
327.32,13.113,371.5,115
156.33,20.238,200.5,120.7
249.66,243.25,320.91,342.29
176.99,8.8375,239.69,130.68
190.53,157.75,309.51,342.29
278.16,233.28,323.05,286.71
197.65,85.788,247.53,197.65
446.31,141.36,512.58,207.62
385.04,25.938,448.45,99.325
261.06,65.125,305.95,140.65
250.38,192.66,309.51,318.78
214.75,1,289.56,130.68
211.19,272.46,269.61,342.29
197.65,163.45,256.79,291.7
229,1,284.57,102.17
253.22,25.938,296.69,149.2
85.075,280.3,158.46,342.29
1,64.412,78.663,303.1
152.76,20.238,200.5,103.6
327.32,231.85,419.95,325.19
129.96,85.075,176.28,211.9
419.24,144.21,512.58,238.26
92.2,129.25,176.28,293.84
380.76,1,457.71,105.03
313.07,281.01,479.8,342.29
362.24,247.53,411.4,295.26
430.64,112.86,512.58,206.2
340.86,263.91,464.12,342.29
379.34,48.738,427.07,99.325
92.2,57.288,176.28,293.84
130.68,37.337,179.84,160.6
92.2,1,232.56,296.69
421.38,139.94,512.58,231.85
100.75,92.913,142.79,161.31
99.325,204.78,170.58,293.84
420.66,140.65,511.86,231.85
256.79,110.73,297.4,243.96
246.1,100.75,296.69,187.68
97.188,80.088,174.85,251.8
146.35,67.263,219.03,199.79
326.61,136.38,512.58,323.76
315.21,252.51,404.28,341.57
162.74,1,214.75,107.88
147.78,1,216.89,104.31
313.07,228.29,434.2,342.29
404.99,144.21,512.58,251.8
452.73,38.05,512.58,144.93
133.53,170.58,174.85,266.05
92.2,42.325,172,174.14
214.75,1,263.91,80.8
176.99,1,243.96,144.93
417.1,141.36,512.58,256.79
100.75,80.088,162.74,189.1
417.1,246.81,496.9,289.56
221.88,208.34,299.54,342.29
233.28,72.25,278.16,190.53
99.325,85.075,176.28,222.59
248.95,241.11,323.05,342.29
92.913,1,135.66,64.412
327.32,211.9,442.04,327.32
174.85,1,243.25,177.7
100.75,129.25,176.99,266.05
174.14,75.812,215.46,168.44
131.39,112.15,199.79,289.56
161.31,1,214.04,103.6
123.55,137.09,209.05,269.61
236.84,1,351.55,189.81
313.79,11.688,355.11,92.2
98.612,192.66,144.21,273.18
312.36,270.32,384.32,342.29
129.96,129.25,176.28,260.35
318.78,285.29,373.64,339.44
312.36,208.34,445.6,342.29
368.65,26.65,435.62,119.99
461.28,1,512.58,48.738
174.85,29.5,243.25,163.45
416.39,144.21,512.58,270.32
416.39,1,466.98,97.9
313.07,256.79,512.58,342.29
233.28,72.25,278.16,149.2
185.54,29.5,243.25,164.16
176.99,32.35,243.96,144.93
196.94,103.6,299.54,291.7
335.16,103.6,416.39,211.9
463.41,1,512.58,48.738
312.36,194.09,458.43,342.29
161.31,1,204.78,103.6
419.24,148.49,512.58,238.26
35.913,284.57,78.663,342.29
134.24,116.42,176.99,213.33
213.33,216.18,305.95,342.29
148.49,80.8,191.24,165.59
320.2,140.65,511.86,332.31
291.7,1,373.64,197.65
197.65,85.788,246.81,179.84
117.85,57.288,161.31,159.89
133.53,201.93,196.22,292.41
315.21,288.14,369.36,341.57
209.05,148.49,268.19,278.16
134.24,115.71,191.95,217.6
329.46,8.8375,378.62,164.88
136.38,177.7,209.05,292.41
432.78,142.79,506.88,209.05
1,64.412,87.925,192.66
23.088,144.93,68.688,208.34
225.44,272.46,269.61,342.29
16.675,272.46,63.7,322.34
127.83,91.487,171.29,160.6
405.7,144.21,512.58,250.38
99.325,204.06,167.01,254.65
426.36,176.99,473.39,224.01
125.69,70.825,168.44,153.47
68.688,70.825,112.15,342.29
147.06,137.09,209.05,236.84
131.39,156.33,199.79,289.56
304.53,11.688,352.26,65.125
311.65,280.3,374.35,342.29
165.59,157.75,248.24,308.09
441.32,134.95,512.58,208.34
95.05,180.55,167.01,293.84
132.1,160.6,176.99,266.05
233.99,16.675,298.11,138.51
323.76,167.01,374.35,225.44
329.46,8.8375,372.93,164.88
426.36,139.22,511.86,224.72
206.2,163.45,256.79,291.7
165.59,157.75,248.24,269.61
124.26,91.487,171.29,174.14
259.64,1,351.55,142.79
1,64.412,68.688,159.89
176.99,35.2,241.11,142.08
259.64,50.163,320.91,142.79
392.88,215.46,504.74,312.36
112.86,92.2,173.43,251.8
458.43,285.29,512.58,342.29
393.59,137.8,512.58,256.08
120.7,261.06,177.7,342.29
1,10.975,77.237,112.86
110.73,80.8,171.29,174.14
186.25,95.05,236.12,176.28
207.62,82.938,262.49,189.81
313.07,13.113,435.62,119.99
211.19,272.46,257.5,342.29
253.94,251.09,306.66,307.38
459.14,276.03,512.58,342.29
248.95,241.11,351.55,342.29
313.07,213.33,442.04,342.29
320.91,232.56,420.66,332.31
442.75,153.47,501.18,211.9
166.3,176.99,248.24,336.59
323.76,102.89,416.39,225.44
226.86,157.75,272.46,271.75
453.44,1,512.58,48.738
253.94,231.14,299.54,307.38
1,280.3,92.2,342.29
117.85,78.663,161.31,159.89
167.01,132.1,207.62,200.5
1,23.088,77.237,112.86
259.64,51.587,320.91,142.79
246.1,100.75,297.4,306.66
194.09,29.5,243.25,149.91
167.01,82.225,232.56,234.7
320.2,112.86,512.58,293.12
92.2,241.83,147.06,296.69
97.188,65.125,206.2,292.41
238.26,33.062,288.85,130.68
352.98,121.41,408.55,207.62
372.21,253.94,512.58,342.29
417.81,256.79,512.58,342.29
140.65,1,217.6,112.15
289.56,1,364.38,104.31
167.01,131.39,208.34,219.74
268.9,1,320.2,82.225
440.61,1,512.58,67.263
100.75,82.938,162.74,176.28
315.21,233.99,422.8,341.57
1,145.64,42.325,240.4
315.21,252.51,404.28,342.29
130.68,37.337,171.29,160.6
176.99,1,234.7,143.5
209.05,175.56,251.8,278.16
133.53,1,214.04,103.6
32.35,176.99,73.675,262.49
112.86,129.25,154.19,219.03
420.66,139.94,512.58,231.85
416.39,203.35,495.48,270.32
95.05,189.81,167.01,293.84
100.75,124.26,142.08,213.33
311.65,231.85,420.66,342.29
246.1,100.75,299.54,306.66
113.58,233.28,171.29,293.12
139.22,28.075,215.46,191.24
441.32,142.79,506.88,208.34
249.66,271.75,314.5,342.29
352.98,130.68,404.28,207.62
419.24,138.51,512.58,256.08
416.39,1,458.43,59.425
1,10.975,86.5,112.86
164.16,23.8,237.55,170.58
134.24,214.75,186.25,278.88
131.39,187.68,176.28,248.24
432.06,298.82,479.8,342.29
100.75,129.25,157.75,229.71
256.79,247.53,305.95,310.23
165.59,167.72,222.59,269.61
366.51,107.88,418.53,188.39
318.06,189.1,369.36,292.41
301.68,1,352.26,80.088
198.36,124.98,240.4,189.81
246.1,100.75,297.4,220.45
94.338,37.337,179.84,230.43
134.24,93.625,246.1,278.88
448.45,148.49,512.58,209.76
23.8,162.03,65.125,262.49
430.64,159.89,478.38,206.2
320.91,231.85,420.66,332.31
191.24,49.45,241.11,120.7
94.338,81.513,144.93,199.79
417.1,167.72,496.19,256.79
400.71,193.38,457.71,250.38
326.61,187.68,462.7,324.48
448.45,283.15,496.9,329.46
251.09,208.34,299.54,318.78
134.24,125.69,189.1,217.6
236.12,49.45,298.11,219.74
102.89,159.89,174.85,251.8
379.34,48.738,435.62,119.99
211.19,211.19,261.06,342.29
98.612,226.15,144.21,273.18
164.16,89.35,208.34,170.58
92.2,233.28,171.29,295.98
312.36,269.61,384.32,342.29
112.15,129.25,176.28,266.05
92.2,48.738,147.06,296.69
442.75,141.36,512.58,211.9
259.64,77.237,305.95,142.79
196.22,1,251.8,149.91
92.2,226.86,204.78,296.69
308.8,289.56,352.98,335.88
69.4,70.825,112.15,342.29
95.05,241.83,147.06,296.69
1,145.64,42.325,256.08
169.86,183.4,231.85,269.61
400.71,138.51,511.86,250.38
330.18,70.825,372.93,152.05
1,13.113,77.237,242.54
384.32,206.91,447.74,269.61
367.94,102.89,416.39,165.59
233.28,17.387,290.99,140.65
465.55,37.337,512.58,143.5
1,97.9,58,209.76
308.8,241.11,400.71,335.88
97.9,159.89,139.94,253.94
465.55,37.337,512.58,91.487
23.088,144.93,68.688,262.49
236.12,49.45,292.41,190.53
253.94,221.16,306.66,307.38
112.86,157.04,156.33,216.89
131.39,187.68,176.28,289.56
174.14,1,216.89,75.812
112.86,159.89,156.33,251.8
390.03,298.82,479.8,342.29
92.2,251.8,147.06,295.98
313.79,271.04,384.32,341.57
238.26,274.6,288.85,342.29
375.06,212.61,442.04,279.59
191.24,8.125,251.8,120.7
463.41,138.51,511.86,186.96
421.38,298.82,479.8,342.29
167.72,224.72,209.05,269.61
327.32,32.35,367.94,86.5
417.81,187.68,462.7,232.56
1,241.83,41.613,303.81
374.35,102.89,416.39,156.33
400.71,176.99,473.39,250.38
33.062,277.45,77.237,342.29
1,95.05,50.875,159.89
176.99,35.2,241.11,124.26
100.75,80.088,142.79,182.69
92.913,38.763,135.66,104.31
444.18,1,512.58,67.263
259.64,32.35,329.46,142.79
221.88,97.188,330.89,342.29
369.36,209.05,446.31,287.43
1,192.66,42.325,239.69
133.53,161.31,176.28,266.05
320.2,196.22,437.05,293.12
384.32,206.91,447.74,270.32
329.46,8.8375,372.93,160.6
113.58,237.55,167.01,293.12
212.61,271.75,256.08,342.29
100.75,80.088,162.74,176.28
120.7,270.32,170.58,342.29
174.14,15.25,219.74,121.41
23.088,162.03,65.125,262.49
320.91,269.61,383.61,332.31
442.75,141.36,512.58,211.19
134.24,105.03,188.39,217.6
100.75,96.475,155.61,161.31
399.29,55.15,449.16,121.41
248.24,1,318.06,115
112.86,119.28,156.33,191.95
268.9,1,318.06,82.225
301.68,144.21,502.6,342.29
176.99,35.2,241.11,144.93
210.47,221.88,256.08,342.29
253.94,221.16,299.54,307.38
323.76,167.01,374.35,211.9
432.06,57.288,512.58,143.5
91.487,40.9,133.53,141.36
271.75,288.85,320.2,342.29
459.14,276.03,512.58,335.16
35.913,280.3,90.775,342.29
446.31,141.36,512.58,218.31
92.913,48.738,144.93,199.79
327.32,232.56,419.95,325.19
286,256.79,351.55,319.49
352.98,124.26,417.81,207.62
374.35,268.9,418.53,310.23
15.25,264.62,75.1,342.29
92.2,28.075,215.46,296.69
326.61,233.28,417.1,323.76
181.97,127.11,246.81,232.56
100.75,92.913,142.79,150.62
458.43,139.22,511.86,192.66
248.95,257.5,320.2,342.29
124.26,270.32,170.58,342.29
459.14,140.65,511.86,193.38
167.01,82.225,232.56,200.5
327.32,211.9,442.04,326.61
1,239.69,74.388,304.53
134.24,112.15,195.51,217.6
115,37.337,160.6,160.6
30.213,239.69,74.388,281.01
327.32,231.85,419.95,324.48
257.5,77.237,305.95,159.89
384.32,138.51,512.58,269.61
134.24,132.1,221.16,278.88
458.43,138.51,511.86,192.66
404.99,154.19,501.89,251.8
384.32,194.09,458.43,268.9
369.36,194.09,458.43,287.43
1,193.38,42.325,255.36
35.913,284.57,86.5,342.29
241.11,274.6,288.85,337.3
248.95,281.01,289.56,342.29
33.062,239.69,74.388,281.01
327.32,280.3,374.35,327.32
315.93,288.14,369.36,341.57
197.65,180.55,241.11,233.28
134.24,132.1,246.1,278.88
36.625,284.57,78.663,342.29
320.2,232.56,419.95,332.31
260.35,77.237,305.95,143.5
212.61,290.28,253.94,342.29
261.06,256.79,301.68,303.1
212.61,288.14,256.08,342.29
416.39,191.24,496.9,270.32
1,132.1,43.75,255.36
261.06,247.53,305.24,303.1
314.5,271.75,384.32,341.57
187.68,49.45,241.11,124.26
23.088,144.93,73.675,262.49
28.788,64.412,76.525,111.44
94.338,138.51,137.8,212.61
28.788,64.412,78.663,116.42
315.21,288.14,368.65,341.57
360.81,233.99,404.99,288.85
320.91,269.61,383.61,333.03
313.07,231.85,419.95,335.88
1,144.93,73.675,262.49
286,256.79,350.84,319.49
98.612,203.35,167.01,253.94
134.24,175.56,210.47,278.88
353.69,228.29,434.2,304.53
385.04,209.05,445.6,269.61
