307.13,1,383.93,127.93
1,1,383.93,511.93
23.4,1,383.93,511.93
250.6,143.93,383.93,428.73
145,1,383.93,236.73
189.8,1,315.67,52.2
58.6,1,383.93,511.93
23.4,1,163.13,511.93
50.067,1,383.93,511.93
142.87,1,343.4,402.07
283.67,195.13,325.27,239.93
127.93,81,383.93,374.33
50.067,1,179.13,511.93
197.27,63.933,383.93,403.13
49,1,130.07,143.93
154.6,337,383.93,511.93
72.467,56.467,168.47,423.4
84.2,365.8,247.4,468.2
142.87,1,383.93,391.4
1,1,74.6,511.93
82.067,1,143.93,375.4
254.87,332.73,383.93,471.4
72.467,299.67,331.67,511.93
226.07,58.6,383.93,499.13
127.93,81,383.93,375.4
1,1,168.47,511.93
72.467,1,383.93,511.93
309.27,326.33,383.93,428.73
98.067,1,383.93,403.13
85.267,1,173.8,387.13
58.6,1,171.67,438.33
72.467,314.6,134.33,484.2
72.467,337,383.93,511.93
72.467,412.73,132.2,511.93
215.4,297.53,383.93,511.93
72.467,289,383.93,511.93
259.13,63.933,371.13,181.27
230.33,81,383.93,374.33
145,1,323.13,180.2
142.87,104.47,273,393.53
185.53,1,337,110.87
76.733,261.27,383.93,511.93
1,1,47.933,511.93
310.33,56.467,371.13,172.73
111.93,211.13,266.6,418.07
200.47,1,383.93,195.13
239.93,215.4,285.8,300.73
214.33,200.47,357.27,511.93
211.13,218.6,259.13,339.13
247.4,408.47,312.47,511.93
302.87,82.067,383.93,500.2
265.53,408.47,316.73,460.73
255.93,229.27,316.73,294.33
71.4,1,123.67,484.2
145,91.667,278.33,266.6
243.13,56.467,383.93,511.93
72.467,56.467,143.93,423.4
72.467,314.6,383.93,511.93
72.467,211.13,383.93,511.93
262.33,424.47,303.93,473.53
180.2,1,383.93,403.13
142.87,1,323.13,379.67
186.6,1,343.4,181.27
118.33,350.87,293.27,452.2
76.733,316.73,312.47,511.93
214.33,56.467,383.93,511.93
83.133,339.13,184.47,456.47
115.13,350.87,383.93,511.93
143.93,198.33,274.07,396.73
1,1,72.467,511.93
242.07,1,383.93,375.4
1,1,77.8,511.93
265.53,289,383.93,511.93
185.53,335.93,323.13,428.73
115.13,350.87,305,511.93
75.667,1,383.93,511.93
1,1,71.4,511.93
317.8,371.13,383.93,443.67
71.4,1,161,511.93
1,1,138.6,511.93
143.93,218.6,212.2,327.4
143.93,314.6,383.93,511.93
307.13,1,383.93,177
71.4,1,163.13,511.93
142.87,1,383.93,511.93
91.667,379.67,265.53,500.2
110.87,436.2,263.4,511.93
1,1,69.267,511.93
197.27,293.27,306.07,403.13
1,1,70.333,511.93
235.67,74.6,372.2,341.27
242.07,1,383.93,374.33
141.8,1,348.73,393.53
23.4,1,167.4,511.93
180.2,1,383.93,172.73
79.933,118.33,131.13,183.4
330.6,280.47,376.47,332.73
71.4,21.267,138.6,497
253.8,264.47,331.67,351.93
223.93,308.2,305,426.6
200.47,1,383.93,372.2
15.933,1,70.333,313.53
72.467,339.13,209,511.93
309.27,82.067,383.93,500.2
142.87,166.33,290.07,402.07
84.2,1,383.93,511.93
98.067,1,266.6,327.4
83.133,1,323.13,456.47
58.6,1,101.27,484.2
70.333,1,130.07,511.93
143.93,213.27,274.07,388.2
250.6,92.733,338.07,195.13
235.67,74.6,383.93,500.2
148.2,117.27,194.07,177
298.6,458.6,383.93,511.93
197.27,157.8,365.8,403.13
98.067,1,383.93,234.6
58.6,1,109.8,249.53
142.87,213.27,280.47,402.07
280.47,349.8,323.13,428.73
305,261.27,365.8,306.07
311.4,269.8,362.6,314.6
259.13,63.933,383.93,385
262.33,1,383.93,242.07
58.6,1,153.53,511.93
58.6,1,123.67,438.33
15.933,1,138.6,497
310.33,154.6,383.93,237.8
197.27,215.4,346.6,403.13
253.8,297.53,307.13,351.93
1,1,130.07,511.93
84.2,261.27,383.93,511.93
142.87,106.6,290.07,402.07
226.07,45.8,324.2,145
215.4,39.4,322.07,141.8
99.133,1,143.93,186.6
283.67,157.8,383.93,374.33
189.8,100.2,253.8,143.93
276.2,202.6,358.33,270.87
23.4,1,168.47,511.93
98.067,1,140.73,186.6
141.8,103.4,266.6,339.13
75.667,74.6,383.93,511.93
299.67,421.27,383.93,511.93
50.067,1,130.07,511.93
165.27,91.667,278.33,266.6
145,314.6,323.13,428.73
180.2,91.667,295.4,212.2
188.73,218.6,253.8,293.27
1,1,45.8,511.93
211.13,230.33,290.07,341.27
127.93,117.27,343.4,314.6
72.467,424.47,141.8,511.93
298.6,421.27,383.93,511.93
90.6,1,161,419.13
121.53,339.13,184.47,426.6
98.067,1,383.93,375.4
75.667,297.53,383.93,511.93
236.73,293.27,306.07,403.13
15.933,1,168.47,423.4
139.67,273,227.13,337
50.067,1,308.2,511.93
145,391.4,282.6,447.93
154.6,408.47,316.73,511.93
263.4,299.67,315.67,354.07
141.8,123.67,207.93,293.27
250.6,1,383.93,375.4
71.4,1,167.4,511.93
242.07,1,383.93,237.8
15.933,1,71.4,79.933
76.733,339.13,290.07,511.93
280.47,332.73,383.93,444.73
79.933,109.8,131.13,183.4
189.8,1,323.13,141.8
317.8,210.07,383.93,346.6
198.33,230.33,290.07,351.93
183.4,1,383.93,120.47
258.07,81,383.93,175.93
180.2,1,255.93,99.133
141.8,103.4,273,408.47
301.8,143.93,383.93,263.4
339.13,125.8,383.93,177
197.27,218.6,274.07,294.33
238.87,143.93,383.93,372.2
85.267,1,142.87,375.4
331.67,280.47,383.93,343.4
262.33,143.93,383.93,291.13
241,413.8,306.07,488.47
141.8,1,383.93,408.47
268.73,89.533,371.13,209
188.73,104.47,253.8,151.4
180.2,1,333.8,151.4
84.2,365.8,165.27,463.93
75.667,307.13,282.6,511.93
145,341.27,308.2,447.93
76.733,402.07,119.4,450.07
198.33,127.93,293.27,300.73
238.87,332.73,293.27,408.47
92.733,1,143.93,385
145,60.733,187.67,296.47
189.8,1,348.73,145
314.6,367.93,383.93,443.67
238.87,200.47,357.27,488.47
313.53,351.93,383.93,440.47
99.133,1,143.93,375.4
226.07,1,383.93,499.13
71.4,1,127.93,511.93
72.467,378.6,179.13,511.93
77.8,95.933,132.2,183.4
76.733,1,383.93,511.93
199.4,337,383.93,511.93
165.27,163.13,248.47,225
1,1,171.67,511.93
143.93,103.4,266.6,327.4
74.6,222.87,127.93,293.27
115.13,1,383.93,511.93
58.6,1,323.13,511.93
226.07,186.6,377.53,314.6
299.67,353,383.93,511.93
120.47,341.27,308.2,511.93
188.73,36.2,348.73,145
72.467,415.93,264.47,511.93
145,159.93,187.67,234.6
72.467,424.47,299.67,511.93
235.67,93.8,372.2,341.27
331.67,435.13,383.93,479.93
243.13,56.467,383.93,308.2
275.13,195.13,377.53,314.6
143.93,123.67,202.6,293.27
76.733,261.27,362.6,511.93
25.533,25.533,70.333,511.93
275.13,195.13,342.33,350.87
110.87,436.2,274.07,511.93
205.8,354.07,280.47,420.2
118.33,390.33,203.67,490.6
83.133,403.13,179.13,500.2
280.47,264.47,331.67,350.87
188.73,1,323.13,181.27
75.667,307.13,248.47,511.93
83.133,213.27,280.47,456.47
309.27,1,383.93,94.867
141.8,1,298.6,408.47
70.333,1,179.13,511.93
98.067,1,205.8,227.13
263.4,56.467,383.93,277.27
76.733,402.07,119.4,455.4
270.87,35.133,323.13,145
237.8,93.8,372.2,341.27
233.53,297.53,323.13,488.47
47.933,1,130.07,89.533
270.87,1,337,84.2
165.27,1,323.13,379.67
85.267,1,383.93,396.73
186.6,230.33,287.93,296.47
171.67,408.47,316.73,495.93
198.33,244.2,248.47,329.53
84.2,233.53,129,292.2
197.27,215.4,343.4,403.13
274.07,193,329.53,237.8
236.73,261.27,314.6,349.8
189.8,36.2,308.2,99.133
115.13,341.27,308.2,511.93
268.73,130.07,317.8,207.93
319.93,1,383.93,94.867
250.6,103.4,338.07,195.13
250.6,229.27,343.4,313.53
58.6,1,143.93,511.93
236.73,293.27,293.27,370.07
142.87,91.667,287.93,391.4
72.467,316.73,312.47,511.93
84.2,332.73,383.93,511.93
311.4,425.53,383.93,511.93
145,1,268.73,180.2
305,213.27,372.2,253.8
226.07,186.6,296.47,269.8
307.13,252.73,363.67,301.8
316.73,372.2,383.93,456.47
230.33,81,383.93,237.8
82.067,1,171.67,375.4
141.8,1,348.73,408.47
311.4,263.4,383.93,354.07
85.267,1,173.8,389.27
209,308.2,331.67,511.93
250.6,58.6,383.93,195.13
328.47,257,383.93,374.33
75.667,383.93,248.47,511.93
200.47,1,332.73,93.8
186.6,36.2,268.73,101.27
147.13,51.133,216.47,143.93
145,314.6,383.93,511.93
319.93,85.267,383.93,142.87
165.27,91.667,295.4,351.93
200.47,1,383.93,118.33
197.27,218.6,254.87,278.33
145,186.6,343.4,314.6
145,213.27,246.33,392.47
141.8,1,383.93,393.53
248.47,213.27,294.33,269.8
154.6,437.27,305,511.93
295.4,1,383.93,83.133
198.33,226.07,248.47,339.13
236.73,261.27,362.6,405.27
188.73,104.47,253.8,150.33
141.8,123.67,259.13,339.13
319.93,89.533,371.13,142.87
317.8,1,383.93,109.8
172.73,296.47,268.73,367.93
280.47,138.6,332.73,190.87
142.87,60.733,187.67,296.47
87.4,1,140.73,186.6
182.33,222.87,294.33,339.13
253.8,264.47,383.93,372.2
227.13,1,280.47,56.467
262.33,156.73,321,277.27
226.07,186.6,300.73,284.73
238.87,222.87,357.27,344.47
98.067,1,260.2,234.6
238.87,270.87,291.13,341.27
253.8,143.93,383.93,372.2
263.4,299.67,311.4,345.53
280.47,318.87,349.8,437.27
127.93,117.27,191.93,289
142.87,188.73,279.4,396.73
236.73,261.27,362.6,354.07
111.93,211.13,248.47,373.27
283.67,341.27,334.87,417
189.8,1,280.47,62.867
72.467,56.467,142.87,270.87
265.53,299.67,335.93,417
309.27,344.47,364.73,428.73
274.07,193,329.53,246.33
87.4,195.13,129,235.67
199.4,376.47,293.27,435.13
198.33,230.33,278.33,296.47
280.47,349.8,344.47,428.73
141.8,218.6,273,408.47
79.933,307.13,142.87,420.2
15.933,1,130.07,143.93
85.267,332.73,383.93,511.93
70.333,1,120.47,453.27
142.87,1,323.13,391.4
139.67,217.53,248.47,337
200.47,36.2,270.87,94.867
77.8,10.6,122.6,89.533
142.87,220.73,273,393.53
75.667,279.4,123.67,322.07
165.27,163.13,254.87,266.6
316.73,369,383.93,444.73
269.8,1,319.93,59.667
200.47,1,343.4,118.33
188.73,1,322.07,181.27
227.13,49,274.07,89.533
145,1,343.4,181.27
142.87,198.33,274.07,396.73
72.467,424.47,139.67,511.93
316.73,372.2,383.93,450.07
268.73,103.4,317.8,175.93
127.93,383.93,247.4,468.2
209,1,280.47,57.533
250.6,195.13,342.33,350.87
268.73,157.8,383.93,374.33
271.93,1,321,57.533
145,123.67,187.67,296.47
85.267,1,140.73,375.4
271.93,1,323.13,57.533
197.27,293.27,255.93,339.13
314.6,82.067,383.93,291.13
250.6,126.87,292.2,215.4
76.733,316.73,250.6,468.2
303.93,415.93,383.93,511.93
271.93,1,313.53,46.867
134.33,391.4,282.6,447.93
147.13,1,195.13,85.267
291.13,129,371.13,242.07
85.267,175.93,140.73,216.47
220.73,229.27,343.4,314.6
316.73,63.933,366.87,139.67
98.067,194.07,139.67,375.4
13.8,113,69.267,511.93
265.53,261.27,314.6,349.8
88.467,431.93,137.53,497
145,1,322.07,236.73
118.33,390.33,205.8,452.2
142.87,331.67,266.6,418.07
334.87,295.4,383.93,374.33
143.93,123.67,187.67,234.6
309.27,276.2,383.93,500.2
269.8,45.8,323.13,104.47
316.73,365.8,383.93,476.73
184.47,103.4,266.6,180.2
141.8,1,312.47,408.47
241,426.6,287.93,488.47
180.2,1,239.93,99.133
185.53,8.4667,230.33,52.2
268.73,58.6,371.13,209
223.93,308.2,305,429.8
242.07,187.67,289,237.8
233.53,332.73,311.4,488.47
146.07,1,205.8,161
331.67,280.47,383.93,375.4
298.6,252.73,383.93,511.93
314.6,82.067,383.93,225
307.13,1,383.93,106.6
262.33,143.93,383.93,253.8
226.07,143.93,383.93,372.2
146.07,1,298.6,161
111.93,211.13,161,373.27
15.933,1,138.6,511.93
58.6,1,132.2,511.93
155.67,455.4,204.73,497
270.87,45.8,323.13,99.133
141.8,1,296.47,393.53
141.8,103.4,293.27,408.47
70.333,1,120.47,511.93
146.07,1,343.4,181.27
262.33,1,383.93,270.87
236.73,261.27,362.6,331.67
319.93,1,383.93,83.133
316.73,369,383.93,476.73
317.8,253.8,383.93,346.6
147.13,166.33,290.07,402.07
188.73,1,343.4,181.27
115.13,434.07,209,511.93
145,1,254.87,180.2
268.73,126.87,338.07,188.73
302.87,245.27,383.93,374.33
213.27,261.27,259.13,314.6
145,123.67,195.13,236.73
262.33,158.87,326.33,253.8
98.067,1,142.87,186.6
171.67,408.47,316.73,499.13
265.53,299.67,366.87,470.33
250.6,195.13,383.93,428.73
74.6,222.87,127.93,310.33
84.2,365.8,165.27,447.93
321,227.13,373.27,306.07
337,111.93,383.93,169.53
15.933,1,130.07,99.133
274.07,170.6,383.93,385
198.33,157.8,365.8,242.07
241,217.53,293.27,300.73
294.33,261.27,362.6,313.53
319.93,1,383.93,120.47
142.87,1,296.47,393.53
233.53,261.27,362.6,511.93
316.73,369,383.93,478.87
236.73,261.27,362.6,511.93
215.4,297.53,360.47,511.93
334.87,280.47,376.47,332.73
241,222.87,294.33,291.13
115.13,434.07,305,511.93
186.6,36.2,227.13,104.47
317.8,276.2,383.93,346.6
241,145,293.27,237.8
257,424.47,312.47,511.93
83.133,1,142.87,491.67
212.2,229.27,253.8,293.27
342.33,427.67,383.93,479.93
145,314.6,250.6,421.27
200.47,98.067,274.07,145
310.33,143.93,383.93,250.6
297.53,421.27,383.93,511.93
183.4,1,337,110.87
209,127.93,280.47,193
85.267,1,279.4,396.73
84.2,98.067,132.2,147.13
238.87,297.53,302.87,344.47
238.87,275.13,291.13,330.6
1,1,51.133,511.93
258.07,81,383.93,190.87
238.87,222.87,357.27,369
125.8,328.47,266.6,418.07
255.93,229.27,383.93,374.33
337,338.07,383.93,385
189.8,35.133,323.13,145
82.067,299.67,129,343.4
85.267,152.47,129,235.67
251.67,408.47,316.73,495.93
72.467,435.13,132.2,511.93
73.533,196.2,123.67,270.87
50.067,1,109.8,108.73
193,139.67,253.8,180.2
146.07,1,212.2,179.13
323.13,425.53,383.93,478.87
230.33,127.93,361.53,237.8
171.67,460.73,239.93,502.33
259.13,92.733,324.2,181.27
291.13,63.933,383.93,242.07
141.8,122.6,205.8,293.27
220.73,222.87,294.33,313.53
309.27,276.2,383.93,367.93
85.267,1,125.8,82.067
265.53,299.67,383.93,511.93
319.93,58.6,383.93,158.87
142.87,213.27,287.93,391.4
84.2,98.067,132.2,222.87
115.13,390.33,209,511.93
260.2,341.27,308.2,409.53
172.73,299.67,268.73,367.93
303.93,421.27,379.67,511.93
322.07,58.6,364.73,104.47
228.2,424.47,312.47,511.93
145,186.6,252.73,300.73
120.47,434.07,183.4,490.6
243.13,235.67,285.8,300.73
142.87,198.33,279.4,396.73
248.47,227.13,294.33,269.8
188.73,38.333,322.07,141.8
223.93,308.2,305,405.27
15.933,1,70.333,511.93
1,1,44.733,511.93
267.67,337,348.73,428.73
117.27,379.67,250.6,452.2
211.13,230.33,254.87,278.33
71.4,21.267,138.6,270.87
259.13,63.933,371.13,204.73
205.8,91.667,278.33,169.53
183.4,1,337,116.2
196.2,89.533,294.33,168.47
143.93,213.27,217.53,332.73
275.13,195.13,377.53,289
120.47,434.07,209,511.93
210.07,408.47,305,473.53
143.93,122.6,205.8,293.27
298.6,302.87,383.93,511.93
340.2,170.6,383.93,249.53
120.47,435.13,273,511.93
188.73,103.4,266.6,180.2
332.73,435.13,383.93,502.33
58.6,1,109.8,438.33
337,111.93,383.93,172.73
188.73,91.667,295.4,169.53
81,435.13,132.2,511.93
328.47,154.6,383.93,216.47
127.93,117.27,186.6,289
82.067,66.067,132.2,343.4
298.6,157.8,383.93,227.13
331.67,237.8,383.93,343.4
143.93,213.27,287.93,332.73
110.87,436.2,251.67,511.93
298.6,425.53,383.93,511.93
143.93,198.33,274.07,388.2
79.933,307.13,166.33,468.2
158.87,341.27,308.2,431.93
309.27,302.87,383.93,428.73
186.6,18.067,254.87,97
185.53,1,287.93,57.533
191.93,329.53,290.07,402.07
118.33,376.47,293.27,452.2
143.93,136.47,187.67,234.6
180.2,36.2,239.93,99.133
74.6,222.87,127.93,324.2
77.8,5.2667,122.6,89.533
331.67,382.87,383.93,440.47
145,47.933,279.4,143.93
331.67,270.87,383.93,343.4
251.67,433,307.13,495.93
243.13,381.8,284.73,426.6
250.6,195.13,365.8,350.87
21.267,1,71.4,79.933
278.33,345.53,348.73,428.73
189.8,36.2,323.13,141.8
23.4,1,130.07,89.533
281.53,229.27,383.93,374.33
280.47,129,345.53,190.87
243.13,251.67,285.8,300.73
309.27,437.27,383.93,511.93
283.67,157.8,383.93,306.07
245.27,376.47,293.27,435.13
188.73,36.2,324.2,145
241,433,306.07,488.47
98.067,1,143.93,186.6
311.4,353,383.93,443.67
110.87,436.2,264.47,511.93
72.467,194.07,143.93,423.4
275.13,199.4,342.33,277.27
79.933,316.73,127.93,386.07
143.93,273,213.27,327.4
319.93,82.067,383.93,158.87
317.8,367.93,383.93,440.47
226.07,186.6,271.93,234.6
84.2,299.67,331.67,511.93
165.27,1,323.13,351.93
213.27,233.53,254.87,278.33
223.93,315.67,269.8,380.73
87.4,222.87,127.93,293.27
283.67,321,335.93,417
206.87,408.47,312.47,511.93
98.067,1,195.13,186.6
259.13,93.8,338.07,277.27
291.13,174.87,361.53,231.4
276.2,187.67,383.93,291.13
189.8,36.2,255.93,99.133
255.93,244.2,297.53,292.2
102.33,339.13,142.87,429.8
209,299.67,331.67,511.93
85.267,1,142.87,186.6
186.6,1,383.93,118.33
73.533,415.93,183.4,500.2
143.93,122.6,202.6,293.27
85.267,379.67,265.53,511.93
182.33,186.6,259.13,339.13
146.07,1,322.07,219.67
58.6,1,111.93,484.2
147.13,173.8,290.07,341.27
311.4,170.6,383.93,385
307.13,1,383.93,99.133
206.87,424.47,312.47,511.93
250.6,126.87,292.2,195.13
187.67,181.27,252.73,243.13
145,123.67,187.67,236.73
187.67,184.47,252.73,243.13
200.47,1,321,93.8
331.67,104.47,383.93,195.13
198.33,229.27,248.47,329.53
182.33,218.6,259.13,339.13
186.6,1,230.33,76.733
250.6,58.6,383.93,499.13
175.93,89.533,292.2,219.67
209,1,333.8,104.47
311.4,219.67,372.2,369
220.73,237.8,300.73,314.6
76.733,379.67,250.6,468.2
305,332.73,383.93,385
166.33,161,207.93,225
236.73,261.27,314.6,381.8
328.47,154.6,383.93,234.6
259.13,92.733,301.8,181.27
143.93,213.27,232.47,332.73
238.87,270.87,291.13,330.6
188.73,1,323.13,141.8
316.73,369,383.93,450.07
198.33,173.8,289,221.8
243.13,257,285.8,300.73
268.73,130.07,334.87,172.73
334.87,328.47,383.93,375.4
226.07,186.6,271.93,251.67
187.67,104.47,257,243.13
265.53,302.87,314.6,349.8
250.6,195.13,383.93,381.8
175.93,38.333,322.07,219.67
143.93,436.2,264.47,511.93
147.13,173.8,290.07,402.07
199.4,337,383.93,435.13
84.2,89.533,132.2,222.87
79.933,316.73,170.6,420.2
166.33,103.4,266.6,225
15.933,1,130.07,89.533
206.87,462.87,299.67,511.93
188.73,36.2,271.93,99.133
331.67,82.067,383.93,195.13
303.93,421.27,383.93,511.93
145,381.8,284.73,426.6
321,276.2,383.93,372.2
238.87,290.07,291.13,330.6
305,253.8,365.8,314.6
280.47,351.93,337,437.27
339.13,157.8,383.93,259.13
141.8,218.6,212.2,349.8
145,186.6,255.93,300.73
269.8,1,333.8,104.47
145,106.6,213.27,236.73
314.6,173.8,383.93,225
188.73,91.667,295.4,181.27
250.6,58.6,371.13,215.4
259.13,69.267,324.2,181.27
165.27,124.73,290.07,351.93
331.67,435.13,383.93,476.73
264.47,130.07,319.93,234.6
87.4,86.333,127.93,175.93
298.6,166.33,361.53,227.13
72.467,255.93,137.53,497
313.53,261.27,365.8,306.07
248.47,237.8,291.13,291.13
341.27,1,383.93,65
198.33,127.93,280.47,253.8
183.4,1,230.33,76.733
298.6,440.47,383.93,511.93
215.4,451.13,315.67,506.6
243.13,207.93,300.73,284.73
225,1,280.47,57.533
226.07,186.6,296.47,250.6
142.87,213.27,246.33,392.47
291.13,135.4,365.8,242.07
236.73,424.47,312.47,511.93
85.267,164.2,140.73,375.4
227.13,35.133,323.13,145
72.467,459.67,126.87,511.93
120.47,433,183.4,490.6
210.07,408.47,312.47,511.93
291.13,174.87,361.53,229.27
303.93,353,383.93,511.93
307.13,252.73,383.93,375.4
188.73,36.2,322.07,141.8
180.2,1,298.6,151.4
117.27,379.67,205.8,468.2
188.73,124.73,266.6,180.2
159.93,381.8,289,426.6
188.73,36.2,239.93,99.133
264.47,454.33,309.27,500.2
233.53,341.27,308.2,430.87
145,34.067,253.8,178.07
319.93,85.267,383.93,158.87
120.47,435.13,219.67,490.6
198.33,127.93,289,253.8
269.8,1,313.53,46.867
308.2,1,383.93,99.133
98.067,1,143.93,216.47
145,213.27,244.2,329.53
199.4,108.73,261.27,163.13
214.33,454.33,309.27,511.93
79.933,339.13,290.07,497
233.53,379.67,311.4,488.47
15.933,18.067,69.267,511.93
85.267,1,142.87,235.67
117.27,436.2,299.67,511.93
79.933,124.73,125.8,183.4
198.33,218.6,290.07,351.93
188.73,91.667,278.33,169.53
87.4,222.87,127.93,310.33
165.27,163.13,254.87,264.47
316.73,371.13,383.93,476.73
82.067,98.067,132.2,343.4
301.8,143.93,383.93,253.8
239.93,215.4,343.4,385
77.8,109.8,132.2,183.4
309.27,312.47,377.53,367.93
214.33,454.33,310.33,511.93
82.067,279.4,129,343.4
270.87,45.8,323.13,145
100.2,124.73,143.93,186.6
317.8,1,383.93,88.467
243.13,207.93,302.87,308.2
200.47,92.733,296.47,209
305,253.8,365.8,306.07
117.27,436.2,263.4,511.93
317.8,1,383.93,172.73
71.4,21.267,138.6,292.2
72.467,390.33,209,511.93
241,253.8,294.33,300.73
248.47,220.73,302.87,308.2
186.6,18.067,255.93,100.2
255.93,244.2,300.73,300.73
71.4,12.733,127.93,511.93
85.267,195.13,129,235.67
157.8,436.2,239.93,502.33
309.27,1,383.93,82.067
145,213.27,223.93,329.53
180.2,91.667,295.4,211.13
116.2,390.33,203.67,507.67
200.47,92.733,296.47,194.07
200.47,1,332.73,94.867
237.8,207.93,372.2,341.27
236.73,261.27,362.6,346.6
123.67,436.2,251.67,511.93
199.4,374.33,293.27,435.13
143.93,108.73,260.2,234.6
298.6,219.67,383.93,511.93
226.07,1,321,63.933
307.13,262.33,372.2,308.2
188.73,91.667,278.33,181.27
85.267,222.87,127.93,324.2
146.07,1,195.13,85.267
198.33,230.33,245.27,296.47
264.47,130.07,319.93,277.27
98.067,1,188.73,227.13
270.87,43.667,322.07,89.533
291.13,174.87,361.53,227.13
342.33,427.67,383.93,476.73
255.93,187.67,383.93,374.33
275.13,199.4,377.53,289
126.87,1,173.8,387.13
189.8,1,303.93,52.2
181.27,390.33,248.47,431.93
317.8,371.13,383.93,440.47
174.87,171.67,275.13,212.2
213.27,218.6,254.87,266.6
238.87,207.93,372.2,330.6
99.133,1,143.93,135.4
98.067,1,143.93,385
220.73,244.2,300.73,314.6
230.33,127.93,295.4,237.8
250.6,143.93,383.93,499.13
236.73,440.47,294.33,488.47
298.6,81,383.93,227.13
98.067,1,143.93,375.4
172.73,311.4,269.8,376.47
142.87,92.733,296.47,393.53
266.6,424.47,312.47,511.93
142.87,296.47,268.73,391.4
173.8,217.53,248.47,329.53
343.4,137.53,383.93,195.13
213.27,218.6,254.87,264.47
145,47.933,216.47,143.93
76.733,162.07,123.67,270.87
307.13,89.533,371.13,162.07
118.33,390.33,203.67,452.2
15.933,169.53,70.333,511.93
321,429.8,366.87,470.33
180.2,36.2,226.07,99.133
120.47,434.07,183.4,499.13
280.47,129,332.73,190.87
255.93,229.27,343.4,308.2
73.533,415.93,264.47,511.93
212.2,229.27,259.13,314.6
117.27,434.07,219.67,511.93
189.8,1,296.47,56.467
72.467,424.47,136.47,511.93
91.667,365.8,165.27,447.93
191.93,301.8,290.07,402.07
87.4,206.87,129,292.2
79.933,339.13,290.07,508.73
143.93,181.27,259.13,327.4
258.07,92.733,319.93,175.93
141.8,218.6,246.33,388.2
92.733,1,167.4,385
58.6,1,100.2,108.73
328.47,154.6,383.93,228.2
77.8,91.667,132.2,183.4
118.33,316.73,170.6,420.2
220.73,228.2,343.4,314.6
251.67,408.47,316.73,499.13
143.93,34.067,260.2,234.6
298.6,81,383.93,231.4
98.067,1,150.33,186.6
236.73,293.27,293.27,346.6
127.93,438.33,273,511.93
84.2,98.067,132.2,292.2
87.4,89.533,132.2,147.13
315.67,81,383.93,172.73
265.53,408.47,316.73,473.53
250.6,103.4,338.07,188.73
123.67,436.2,218.6,500.2
331.67,137.53,383.93,195.13
239.93,215.4,343.4,313.53
85.267,379.67,312.47,511.93
83.133,327.4,138.6,491.67
311.4,252.73,383.93,354.07
145,1,294.33,143.93
268.73,103.4,318.87,209
79.933,339.13,121.53,406.33
72.467,279.4,137.53,497
162.07,438.33,301.8,511.93
210.07,409.53,303.93,473.53
331.67,104.47,383.93,168.47
209,423.4,331.67,511.93
143.93,436.2,207.93,499.13
215.4,451.13,360.47,511.93
129,383.93,247.4,452.2
190.87,390.33,248.47,431.93
198.33,230.33,278.33,328.47
316.73,371.13,383.93,444.73
223.93,330.6,273,390.33
189.8,37.267,308.2,99.133
70.333,1,123.67,453.27
262.33,297.53,302.87,344.47
175.93,154.6,274.07,219.67
85.267,343.4,312.47,511.93
145,106.6,195.13,236.73
250.6,229.27,383.93,375.4
72.467,279.4,127.93,511.93
268.73,1,312.47,49
189.8,1,280.47,53.267
258.07,107.67,319.93,175.93
305,143.93,383.93,250.6
337,105.53,383.93,172.73
311.4,170.6,383.93,369
200.47,36.2,277.27,94.867
237.8,297.53,312.47,379.67
215.4,454.33,309.27,506.6
237.8,237.8,278.33,294.33
189.8,1,308.2,99.133
298.6,466.07,360.47,511.93
250.6,234.6,299.67,313.53
141.8,123.67,188.73,293.27
220.73,270.87,290.07,313.53
338.07,295.4,382.87,343.4
298.6,435.13,383.93,511.93
100.2,194.07,143.93,385
198.33,230.33,287.93,296.47
211.13,230.33,274.07,300.73
189.8,36.2,270.87,99.133
184.47,8.4667,230.33,76.733
242.07,81,383.93,237.8
206.87,462.87,287.93,511.93
76.733,162.07,142.87,216.47
223.93,330.6,273,393.53
127.93,438.33,264.47,511.93
205.8,91.667,295.4,169.53
178.07,103.4,266.6,180.2
25.533,370.07,66.067,511.93
87.4,135.4,130.07,184.47
158.87,390.33,248.47,431.93
314.6,111.93,383.93,225
206.87,462.87,290.07,511.93
257,429.8,308.2,511.93
117.27,379.67,203.67,452.2
311.4,312.47,377.53,354.07
316.73,63.933,371.13,147.13
248.47,408.47,312.47,488.47
259.13,354.07,300.73,403.13
72.467,252.73,120.47,423.4
291.13,166.33,365.8,242.07
142.87,328.47,266.6,418.07
178.07,438.33,264.47,501.27
87.4,65,130.07,124.73
75.667,403.13,219.67,511.93
198.33,157.8,297.53,221.8
71.4,1,123.67,511.93
145,166.33,290.07,402.07
117.27,379.67,250.6,468.2
182.33,226.07,248.47,339.13
184.47,186.6,252.73,244.2
90.6,178.07,161,373.27
146.07,1,254.87,180.2
189.8,1,323.13,145
238.87,207.93,372.2,341.27
264.47,130.07,317.8,207.93
170.6,161,250.6,211.13
83.133,403.13,219.67,511.93
71.4,12.733,122.6,246.33
300.73,466.07,360.47,511.93
87.4,1,130.07,114.07
85.267,183.4,129,235.67
147.13,173.8,274.07,274.07
329.53,58.6,383.93,109.8
25.533,321,67.133,511.93
142.87,213.27,236.73,391.4
209,1,333.8,151.4
280.47,147.13,332.73,190.87
212.2,229.27,253.8,296.47
1,1,46.867,511.93
58.6,1,109.8,108.73
280.47,332.73,383.93,471.4
265.53,338.07,306.07,403.13
242.07,169.53,293.27,237.8
145,34.067,222.87,143.93
243.13,217.53,293.27,300.73
259.13,126.87,338.07,191.93
199.4,337,348.73,435.13
260.2,341.27,308.2,408.47
339.13,157.8,383.93,228.2
79.933,307.13,142.87,451.13
283.67,202.6,329.53,246.33
174.87,181.27,259.13,314.6
250.6,229.27,321,313.53
88.467,14.867,130.07,89.533
254.87,338.07,306.07,403.13
188.73,89.533,294.33,181.27
271.93,1,313.53,42.6
251.67,412.73,307.13,495.93
309.27,344.47,383.93,500.2
236.73,440.47,294.33,487.4
248.47,220.73,294.33,287.93
79.933,307.13,142.87,468.2
98.067,1,143.93,163.13
174.87,91.667,278.33,212.2
73.533,415.93,214.33,511.93
283.67,202.6,358.33,270.87
238.87,237.8,357.27,330.6
259.13,338.07,306.07,403.13
311.4,219.67,372.2,301.8
47.933,1,122.6,89.533
223.93,308.2,269.8,380.73
249.53,92.733,296.47,169.53
83.133,328.47,138.6,491.67
259.13,127.93,301.8,181.27
319.93,1,383.93,65
232.47,440.47,331.67,511.93
188.73,104.47,257,181.27
305,213.27,350.87,253.8
309.27,344.47,364.73,485.27
147.13,198.33,255.93,275.13
190.87,391.4,252.73,436.2
316.73,63.933,383.93,130.07
255.93,234.6,297.53,294.33
311.4,255.93,383.93,354.07
143.93,332.73,246.33,388.2
49,1,109.8,143.93
275.13,195.13,342.33,277.27
249.53,92.733,296.47,194.07
309.27,276.2,383.93,372.2
84.2,365.8,165.27,455.4
236.73,261.27,314.6,405.27
250.6,103.4,317.8,182.33
211.13,230.33,274.07,296.47
209,186.6,252.73,245.27
198.33,127.93,280.47,219.67
314.6,367.93,383.93,440.47
150.33,314.6,246.33,388.2
141.8,123.67,188.73,227.13
230.33,145,293.27,237.8
280.47,349.8,344.47,444.73
143.93,311.4,269.8,388.2
226.07,49,286.87,92.733
184.47,186.6,259.13,314.6
72.467,56.467,123.67,270.87
142.87,313.53,236.73,391.4
241,413.8,307.13,488.47
230.33,127.93,293.27,237.8
111.93,218.6,161,373.27
238.87,207.93,357.27,330.6
279.4,43.667,323.13,141.8
292.2,249.53,343.4,308.2
165.27,124.73,248.47,225
198.33,230.33,290.07,328.47
259.13,93.8,338.07,191.93
309.27,302.87,381.8,367.93
146.07,1,303.93,179.13
1,1,49,511.93
337,276.2,383.93,332.73
238.87,237.8,357.27,344.47
88.467,406.33,204.73,497
309.27,1,383.93,99.133
205.8,354.07,280.47,408.47
71.4,1,130.07,511.93
188.73,105.53,254.87,150.33
145,220.73,191.93,291.13
118.33,390.33,262.33,452.2
211.13,218.6,259.13,327.4
211.13,230.33,254.87,296.47
328.47,463.93,379.67,511.93
317.8,380.73,383.93,443.67
72.467,375.4,179.13,511.93
327.4,332.73,383.93,385
227.13,1,296.47,56.467
180.2,1,230.33,99.133
311.4,219.67,358.33,270.87
292.2,63.933,371.13,178.07
271.93,43.667,322.07,141.8
238.87,222.87,357.27,488.47
99.133,194.07,143.93,385
276.2,193,358.33,270.87
173.8,226.07,218.6,293.27
189.8,36.2,231.4,93.8
258.07,205.8,300.73,284.73
75.667,242.07,120.47,327.4
188.73,1,322.07,141.8
99.133,1,150.33,186.6
291.13,111.93,371.13,242.07
166.33,186.6,252.73,245.27
236.73,261.27,362.6,437.27
305,213.27,351.93,253.8
117.27,379.67,265.53,452.2
262.33,129,317.8,198.33
157.8,173.8,274.07,229.27
258.07,85.267,323.13,175.93
311.4,435.13,383.93,511.93
242.07,129,310.33,237.8
314.6,166.33,365.8,242.07
215.4,39.4,271.93,89.533
331.67,280.47,383.93,339.13
283.67,195.13,373.27,306.07
310.33,421.27,359.4,485.27
319.93,81,383.93,140.73
310.33,143.93,383.93,237.8
85.267,164.2,140.73,259.13
238.87,297.53,323.13,344.47
223.93,330.6,269.8,390.33
205.8,342.33,273,408.47
143.93,218.6,218.6,327.4
123.67,436.2,251.67,502.33
188.73,89.533,292.2,168.47
145,123.67,187.67,234.6
84.2,241,129,292.2
253.8,297.53,312.47,379.67
162.07,438.33,264.47,506.6
262.33,298.6,313.53,361.53
127.93,434.07,219.67,491.67
264.47,129,317.8,181.27
188.73,124.73,253.8,167.4
118.33,235.67,161,420.2
314.6,373.27,383.93,440.47
226.07,45.8,323.13,104.47
205.8,349.8,323.13,428.73
145,332.73,246.33,392.47
312.47,219.67,356.2,266.6
180.2,171.67,275.13,212.2
91.667,431.93,183.4,500.2
196.2,89.533,292.2,168.47
267.67,337,319.93,403.13
242.07,108.73,324.2,237.8
72.467,241,127.93,511.93
319.93,1,383.93,110.87
85.267,179.13,131.13,222.87
241,244.2,294.33,300.73
262.33,158.87,318.87,209
118.33,280.47,161,420.2
281.53,229.27,343.4,301.8
322.07,58.6,363.67,104.47
148.2,198.33,255.93,262.33
72.467,438.33,132.2,511.93
215.4,39.4,322.07,89.533
271.93,1,313.53,44.733
181.27,173.8,274.07,219.67
143.93,220.73,213.27,331.67
209,157.8,297.53,198.33
76.733,162.07,138.6,219.67
141.8,136.47,188.73,227.13
312.47,219.67,358.33,270.87
248.47,227.13,294.33,287.93
321,276.2,383.93,346.6
183.4,1,294.33,76.733
79.933,124.73,122.6,174.87
223.93,1,287.93,57.533
188.73,38.333,271.93,99.133
253.8,454.33,309.27,511.93
117.27,379.67,205.8,452.2
241,358.33,318.87,488.47
248.47,220.73,299.67,287.93
339.13,157.8,383.93,216.47
143.93,213.27,269.8,388.2
198.33,226.07,248.47,329.53
143.93,123.67,187.67,293.27
225,1,298.6,57.533
238.87,357.27,280.47,403.13
262.33,297.53,323.13,399.93
84.2,98.067,132.2,184.47
185.53,1,337,84.2
189.8,1,315.67,57.533
243.13,207.93,295.4,269.8
190.87,89.533,294.33,168.47
291.13,1,383.93,242.07
233.53,397.8,307.13,488.47
188.73,89.533,294.33,168.47
117.27,404.2,250.6,452.2
223.93,308.2,305,381.8
92.733,403.13,179.13,500.2
339.13,171.67,383.93,216.47
274.07,113,319.93,175.93
328.47,170.6,383.93,216.47
243.13,213.27,295.4,269.8
145,186.6,252.73,291.13
232.47,446.87,331.67,511.93
15.933,1,70.333,186.6
238.87,264.47,323.13,344.47
339.13,157.8,383.93,234.6
307.13,252.73,372.2,308.2
321,326.33,383.93,372.2
243.13,213.27,294.33,269.8
302.87,245.27,343.4,301.8
268.73,130.07,338.07,188.73
233.53,397.8,287.93,488.47
147.13,1,212.2,179.13
209,49,286.87,151.4
117.27,465,213.27,511.93
322.07,458.6,376.47,511.93
271.93,1,332.73,68.2
283.67,351.93,337,437.27
152.47,220.73,210.07,287.93
180.2,1,298.6,99.133
150.33,332.73,246.33,388.2
248.47,408.47,312.47,511.93
145,314.6,246.33,392.47
98.067,11.667,143.93,186.6
210.07,45.8,323.13,110.87
184.47,100.2,253.8,178.07
72.467,95.933,123.67,484.2
227.13,1,280.47,53.267
91.667,370.07,159.93,447.93
79.933,339.13,204.73,497
79.933,370.07,204.73,497
263.4,130.07,319.93,277.27
99.133,1,142.87,54.333
100.2,124.73,188.73,227.13
315.67,89.533,356.2,135.4
142.87,220.73,246.33,392.47
123.67,436.2,263.4,511.93
143.93,123.67,187.67,291.13
117.27,370.07,159.93,435.13
265.53,299.67,331.67,349.8
267.67,337,312.47,379.67
185.53,1,337,99.133
315.67,82.067,383.93,135.4
303.93,415.93,366.87,511.93
90.6,178.07,161,419.13
193,108.73,266.6,180.2
133.27,406.33,204.73,452.2
85.267,164.2,140.73,216.47
184.47,186.6,253.8,293.27
77.8,109.8,132.2,170.6
209,186.6,252.73,237.8
133.27,438.33,264.47,506.6
147.13,47.933,216.47,143.93
265.53,289,314.6,349.8
79.933,406.33,204.73,497
315.67,81,383.93,149.27
317.8,380.73,383.93,440.47
307.13,252.73,373.27,301.8
273,337,314.6,381.8
73.533,162.07,138.6,270.87
133.27,406.33,247.4,452.2
205.8,355.13,269.8,408.47
341.27,1,383.93,45.8
210.07,68.2,323.13,108.73
269.8,237.8,357.27,300.73
143.93,220.73,213.27,327.4
157.8,436.2,251.67,502.33
150.33,328.47,246.33,388.2
283.67,195.13,350.87,263.4
133.27,452.2,182.33,500.2
191.93,329.53,281.53,402.07
188.73,108.73,266.6,180.2
143.93,436.2,264.47,501.27
188.73,38.333,267.67,99.133
276.2,202.6,322.07,246.33
309.27,159.93,383.93,225
241,167.4,293.27,237.8
73.533,194.07,122.6,270.87
145,213.27,215.4,329.53
72.467,314.6,127.93,511.93
123.67,449,164.2,500.2
198.33,173.8,273,219.67
157.8,436.2,207.93,478.87
325.27,21.267,383.93,83.133
186.6,263.4,244.2,314.6
309.27,56.467,383.93,248.47
143.93,436.2,218.6,486.33
341.27,1,383.93,68.2
211.13,229.27,259.13,327.4
193,139.67,253.8,184.47
143.93,273,211.13,327.4
248.47,226.07,294.33,291.13
249.53,237.8,291.13,289
173.8,244.2,248.47,329.53
91.667,194.07,139.67,375.4
72.467,279.4,134.33,484.2
87.4,194.07,139.67,375.4
340.2,125.8,383.93,172.73
193,108.73,260.2,184.47
242.07,129,302.87,237.8
211.13,218.6,290.07,341.27
191.93,329.53,269.8,376.47
242.07,108.73,310.33,237.8
189.8,36.2,244.2,99.133
133.27,435.13,219.67,491.67
120.47,450.07,164.2,490.6
292.2,135.4,347.67,178.07
317.8,380.73,383.93,431.93
215.4,454.33,309.27,503.4
72.467,314.6,127.93,484.2
298.6,440.47,379.67,511.93
322.07,458.6,383.93,511.93
146.07,123.67,187.67,185.53
72.467,415.93,132.2,511.93
318.87,125.8,383.93,172.73
209,89.533,279.4,151.4
316.73,371.13,383.93,441.53
268.73,130.07,317.8,171.67
81,46.867,122.6,89.533
181.27,154.6,274.07,219.67
334.87,431.93,383.93,476.73
309.27,437.27,366.87,511.93
309.27,159.93,383.93,248.47
234.6,1,303.93,52.2
211.13,230.33,274.07,332.73
317.8,367.93,383.93,437.27
106.6,403.13,179.13,467.13
98.067,1,150.33,207.93
183.4,1,287.93,76.733
306.07,378.6,366.87,470.33
205.8,347.67,247.4,390.33
331.67,382.87,383.93,430.87
142.87,343.4,247.4,390.33
142.87,328.47,239.93,388.2
293.27,237.8,357.27,298.6
157.8,436.2,218.6,478.87
227.13,49,271.93,89.533
307.13,252.73,383.93,374.33
271.93,1,322.07,57.533
262.33,156.73,321,245.27
170.6,108.73,260.2,211.13
262.33,298.6,318.87,399.93
191.93,329.53,281.53,376.47
241,433,282.6,488.47
322.07,458.6,379.67,511.93
73.533,194.07,122.6,252.73
71.4,12.733,122.6,242.07
117.27,378.6,179.13,440.47
277.27,446.87,331.67,511.93
270.87,43.667,322.07,141.8
73.533,194.07,122.6,246.33
314.6,174.87,361.53,227.13
241,167.4,289,237.8
315.67,81,383.93,140.73
315.67,81,383.93,166.33
211.13,230.33,274.07,341.27
210.07,68.2,323.13,110.87
310.33,86.333,371.13,172.73
71.4,21.267,122.6,242.07
225,45.8,271.93,89.533
99.133,1,150.33,63.933
334.87,178.07,383.93,225
262.33,156.73,315.67,207.93
325.27,21.267,383.93,94.867
311.4,312.47,377.53,367.93
264.47,454.33,309.27,497
99.133,1,195.13,85.267
310.33,421.27,354.07,471.4
315.67,86.333,371.13,145
322.07,111.93,371.13,185.53
142.87,328.47,246.33,392.47
142.87,331.67,239.93,386.07
75.667,275.13,120.47,327.4
88.467,429.8,204.73,497
90.6,175.93,138.6,219.67
145,155.67,187.67,236.73
307.13,259.13,363.67,301.8
143.93,273,227.13,337
116.2,306.07,161,373.27
142.87,343.4,266.6,418.07
72.467,317.8,114.07,511.93
142.87,343.4,235.67,386.07
123.67,449,204.73,500.2
171.67,438.33,251.67,502.33
142.87,331.67,239.93,388.2
170.6,161,239.93,210.07
111.93,194.07,161,373.27
163.13,460.73,239.93,502.33
