202.6,1,383.93,511.93
1,1,383.93,511.93
1,135.4,332.73,511.93
1,268.73,257,511.93
1,1,351.93,511.93
278.33,56.467,383.93,511.93
1,1,232.47,511.93
21.267,134.33,199.4,260.2
101.27,1,299.67,215.4
1,1,289,168.47
173.8,1,383.93,511.93
318.87,175.93,383.93,511.93
23.4,393.53,351.93,511.93
1,165.27,50.067,255.93
22.333,113,114.07,203.67
140.73,1,289,168.47
1,1,299.67,169.53
204.73,301.8,267.67,487.4
1,149.27,360.47,511.93
1,65,178.07,335.93
105.53,1,227.13,70.333
35.133,239.93,163.13,372.2
1,1,300.73,129
1,1,299.67,266.6
327.4,79.933,383.93,511.93
1,1,332.73,511.93
1,242.07,351.93,511.93
172.73,367.93,319.93,511.93
1,56.467,383.93,511.93
1,1,383.93,262.33
1,1,299.67,511.93
69.267,437.27,199.4,488.47
1,65,383.93,511.93
44.733,277.27,199.4,381.8
1,1,383.93,222.87
231.4,284.73,323.13,511.93
101.27,1,291.13,215.4
17,196.2,115.13,274.07
1,1,119.4,129
246.33,150.33,359.4,385
140.73,1,383.93,296.47
1,181.27,260.2,339.13
82.067,358.33,186.6,460.73
84.2,1,383.93,222.87
222.87,1,383.93,364.73
314.6,154.6,359.4,293.27
319.93,95.933,383.93,511.93
62.867,279.4,235.67,495.93
177,278.33,339.13,511.93
211.13,59.667,319.93,222.87
338.07,95.933,383.93,459.67
117.27,149.27,325.27,356.2
316.73,103.4,383.93,511.93
21.267,163.13,106.6,228.2
184.47,367.93,319.93,511.93
65,358.33,198.33,472.47
1,97,87.4,511.93
78.867,358.33,180.2,440.47
281.53,215.4,362.6,511.93
65,130.07,383.93,511.93
1,189.8,45.8,411.67
98.067,1,239.93,287.93
202.6,1,383.93,179.13
227.13,89.533,318.87,179.13
1,65,228.2,409.53
117.27,149.27,359.4,374.33
280.47,1,331.67,55.4
1,196.2,46.867,255.93
241,216.47,291.13,305
1,393.53,92.733,450.07
1,1,325.27,169.53
76.733,358.33,186.6,472.47
295.4,26.6,383.93,260.2
1,83.133,201.53,381.8
71.4,337,141.8,412.73
1,34.067,59.667,88.467
252.73,154.6,360.47,435.13
1,181.27,260.2,511.93
1,65,332.73,511.93
186.6,367.93,319.93,511.93
1,268.73,257,500.2
1,1,383.93,364.73
46.867,1,383.93,511.93
231.4,284.73,334.87,511.93
338.07,95.933,383.93,362.6
79.933,270.87,172.73,329.53
46.867,302.87,255.93,511.93
172.73,460.73,257,511.93
120.47,302.87,258.07,451.13
196.2,38.333,293.27,222.87
54.333,453.27,276.2,511.93
1,1,312.47,409.53
173.8,38.333,293.27,318.87
330.6,81,378.6,253.8
225,1,324.2,82.067
151.4,184.47,200.47,257
1,1,239.93,399.93
279.4,26.6,383.93,268.73
33,1,239.93,307.13
338.07,65,383.93,114.07
202.6,1,383.93,373.27
1,268.73,244.2,511.93
1,323.13,254.87,511.93
211.13,301.8,262.33,375.4
241,278.33,331.67,478.87
95.933,374.33,174.87,454.33
65,321,319.93,511.93
1,1,312.47,129
233.53,380.73,319.93,511.93
78.867,358.33,183.4,460.73
246.33,130.07,383.93,511.93
280.47,1,383.93,260.2
1,273,92.733,511.93
69.267,257,283.67,488.47
46.867,302.87,330.6,511.93
204.73,204.73,342.33,487.4
1,27.667,273,511.93
281.53,174.87,383.93,511.93
323.13,131.13,383.93,511.93
77.8,94.867,284.73,236.73
1,22.333,154.6,262.33
257,1,383.93,511.93
301.8,8.4667,383.93,91.667
1,1,231.4,126.87
1,155.67,348.73,511.93
82.067,358.33,186.6,457.53
123.67,242.07,251.67,414.87
246.33,210.07,324.2,373.27
117.27,149.27,360.47,435.13
5.2667,1,119.4,63.933
159.93,83.133,233.53,123.67
35.133,226.07,193,412.73
1,65,127.93,243.13
211.13,1,383.93,222.87
281.53,1,383.93,194.07
30.867,65,127.93,153.53
202.6,284.73,318.87,511.93
65,321,255.93,472.47
143.93,67.133,258.07,169.53
1,219.67,115.13,302.87
1,213.27,193,511.93
229.27,1,289,79.933
246.33,131.13,383.93,511.93
78.867,358.33,197.27,460.73
78.867,220.73,175.93,293.27
1,27.667,273,335.93
93.8,366.87,186.6,457.53
323.13,191.93,383.93,511.93
84.2,1,300.73,121.53
58.6,337,212.2,494.87
150.33,75.667,237.8,159.93
319.93,260.2,360.47,511.93
236.73,1,300.73,82.067
1,1,231.4,262.33
297.53,26.6,383.93,268.73
202.6,1,383.93,222.87
300.73,152.47,348.73,344.47
1,273,212.2,511.93
338.07,95.933,383.93,511.93
156.73,83.133,229.27,151.4
105.53,1,291.13,167.4
140.73,68.2,242.07,168.47
131.13,413.8,231.4,479.93
215.4,75.667,319.93,181.27
101.27,27.667,273,327.4
222.87,1,383.93,321
54.333,372.2,318.87,511.93
315.67,49,373.27,127.93
232.47,207.93,291.13,305
62.867,338.07,231.4,495.93
265.53,232.47,311.4,306.07
141.8,84.2,228.2,161
1,279.4,227.13,500.2
30.867,35.133,114.07,154.6
231.4,174.87,383.93,511.93
54.333,453.27,188.73,511.93
12.733,293.27,71.4,409.53
78.867,358.33,198.33,472.47
1,268.73,101.27,511.93
83.133,337,209,433
229.27,173.8,284.73,222.87
246.33,154.6,359.4,373.27
251.67,277.27,315.67,385
1,279.4,257,500.2
225,1,300.73,82.067
280.47,1,383.93,91.667
35.133,226.07,193,372.2
199.4,161,284.73,222.87
146.07,426.6,319.93,511.93
207.93,82.067,261.27,168.47
281.53,351.93,347.67,511.93
244.2,62.867,306.07,114.07
1,83.133,201.53,258.07
145,83.133,237.8,168.47
269.8,233.53,318.87,299.67
1,1,95.933,83.133
77.8,164.2,201.53,257
1,213.27,318.87,511.93
26.6,113,120.47,184.47
81,242.07,251.67,414.87
300.73,155.67,348.73,268.73
1,293.27,101.27,511.93
140.73,63.933,213.27,166.33
1,1,383.93,399.93
170.6,161,284.73,222.87
185.53,363.67,319.93,511.93
229.27,161,284.73,222.87
71.4,337,197.27,451.13
113,1,223.93,67.133
257,200.47,301.8,241
156.73,181.27,260.2,327.4
1,1,164.2,108.73
1,65,178.07,257
1,1,289,381.8
84.2,1,298.6,76.733
83.133,395.67,159.93,453.27
1,1,114.07,214.33
204.73,204.73,331.67,487.4
167.4,278.33,339.13,511.93
169.53,183.4,248.47,236.73
1,1,312.47,173.8
1,440.47,177,511.93
290.07,12.733,383.93,206.87
105.53,12.733,163.13,70.333
222.87,152.47,348.73,321
196.2,105.53,281.53,187.67
270.87,1,383.93,260.2
77.8,113,132.2,214.33
300.73,152.47,348.73,267.67
140.73,68.2,258.07,168.47
1,1,313.53,129
104.47,18.067,153.53,68.2
148.2,75.667,237.8,159.93
215.4,95.933,317.8,181.27
91.667,358.33,168.47,406.33
98.067,26.6,225,105.53
76.733,323.13,254.87,511.93
71.4,354.07,111.93,412.73
212.2,1,257,47.933
1,65,127.93,399.93
54.333,257,318.87,511.93
140.73,63.933,214.33,166.33
101.27,83.133,238.87,287.93
207.93,95.933,254.87,168.47
83.133,337,219.67,438.33
174.87,363.67,319.93,511.93
20.2,194.07,193,372.2
143.93,67.133,258.07,167.4
1,22.333,83.133,106.6
95.933,364.73,186.6,459.67
201.53,459.67,249.53,506.6
69.267,358.33,200.47,488.47
140.73,10.6,248.47,168.47
1,189.8,57.533,255.93
66.067,279.4,227.13,425.53
274.07,1,383.93,49
46.867,149.27,359.4,511.93
65,321,322.07,511.93
281.53,58.6,362.6,164.2
78.867,321,255.93,472.47
247.4,1,346.6,67.133
30.867,62.867,139.67,163.13
146.07,393.53,351.93,511.93
279.4,380.73,319.93,511.93
46.867,429.8,225,511.93
257,1,383.93,270.87
58.6,379.67,102.33,449
81,94.867,248.47,236.73
27.667,401,68.2,449
1,79.933,47.933,214.33
332.73,95.933,383.93,194.07
324.2,65,383.93,138.6
225,38.333,290.07,162.07
1,1,273,167.4
249.53,278.33,335.93,482.07
174.87,321,322.07,511.93
58.6,311.4,199.4,449
148.2,35.133,290.07,167.4
140.73,1,383.93,222.87
150.33,63.933,243.13,148.2
270.87,1,383.93,163.13
145,271.93,251.67,414.87
263.4,337,313.53,385
82.067,357.27,186.6,460.73
302.87,26.6,383.93,260.2
1,65,228.2,401
83.133,399.93,159.93,453.27
1,197.27,164.2,302.87
98.067,372.2,167.4,444.73
21.267,174.87,178.07,254.87
297.53,155.67,348.73,268.73
330.6,81,378.6,139.67
184.47,321,255.93,442.6
174.87,321,330.6,511.93
241,284.73,323.13,491.67
1,1,139.67,163.13
120.47,226.07,170.6,295.4
30.867,65,95.933,152.47
82.067,358.33,190.87,460.73
24.467,1,135.4,108.73
140.73,63.933,242.07,168.47
247.4,1,331.67,55.4
291.13,212.2,357.27,511.93
143.93,67.133,242.07,167.4
186.6,321,322.07,511.93
207.93,105.53,250.6,168.47
263.4,321,322.07,385
233.53,426.6,290.07,511.93
1,343.4,87.4,511.93
183.4,409.53,267.67,511.93
141.8,10.6,257,167.4
187.67,426.6,319.93,511.93
58.6,379.67,203.67,494.87
261.27,413.8,319.93,511.93
77.8,83.133,201.53,257
216.47,265.53,299.67,399.93
203.67,1,301.8,115.13
17,196.2,59.667,255.93
1,213.27,87.4,511.93
202.6,174.87,383.93,511.93
185.53,372.2,318.87,511.93
62.867,436.2,134.33,487.4
244.2,68.2,293.27,114.07
332.73,131.13,383.93,239.93
20.2,196.2,115.13,274.07
268.73,75.667,343.4,209
225,1,383.93,296.47
191.93,101.27,237.8,159.93
84.2,1,312.47,126.87
62.867,401,231.4,495.93
148.2,73.533,196.2,150.33
30.867,65,88.467,152.47
81,452.2,203.67,494.87
58.6,9.5333,229.27,126.87
202.6,461.8,290.07,511.93
140.73,63.933,242.07,173.8
62.867,338.07,235.67,495.93
120.47,302.87,253.8,386.07
21.267,174.87,178.07,233.53
156.73,83.133,233.53,151.4
174.87,321,325.27,511.93
323.13,175.93,383.93,511.93
84.2,1,248.47,76.733
21.267,134.33,199.4,266.6
120.47,334.87,235.67,386.07
65,321,257,511.93
281.53,321,347.67,511.93
318.87,215.4,362.6,511.93
338.07,81,383.93,190.87
201.53,459.67,257,511.93
204.73,301.8,262.33,470.33
120.47,226.07,184.47,295.4
97,358.33,190.87,410.6
99.133,364.73,186.6,460.73
12.733,277.27,108.73,423.4
343.4,103.4,383.93,511.93
222.87,152.47,348.73,305
246.33,154.6,359.4,385
301.8,1,383.93,111.93
196.2,82.067,299.67,187.67
46.867,437.27,188.73,511.93
1,65,178.07,254.87
227.13,204.73,301.8,310.33
1,1,232.47,372.2
81,271.93,225,331.67
280.47,1,383.93,170.6
221.8,161,284.73,222.87
1,227.13,45.8,411.67
257,75.667,343.4,270.87
210.07,155.67,348.73,399.93
71.4,1,248.47,105.53
77.8,174.87,200.47,257
150.33,83.133,233.53,159.93
302.87,26.6,383.93,244.2
120.47,226.07,193,297.53
77.8,1,383.93,236.73
193,303.93,254.87,428.73
91.667,338.07,210.07,457.53
21.267,222.87,61.8,274.07
173.8,38.333,342.33,487.4
125.8,382.87,197.27,460.73
148.2,63.933,243.13,167.4
312.47,292.2,357.27,511.93
142.87,114.07,228.2,161
249.53,297.53,331.67,423.4
44.733,220.73,175.93,335.93
1,417,59.667,511.93
84.2,19.133,300.73,121.53
242.07,372.2,318.87,511.93
338.07,95.933,383.93,428.73
215.4,59.667,319.93,181.27
278.33,321,322.07,381.8
291.13,1,332.73,65
279.4,28.733,319.93,74.6
1,268.73,235.67,511.93
131.13,438.33,231.4,479.93
161,323.13,254.87,511.93
77.8,67.133,284.73,236.73
221.8,74.6,319.93,184.47
300.73,152.47,348.73,364.73
271.93,50.067,344.47,163.13
98.067,1,248.47,105.53
202.6,1,383.93,259.13
211.13,75.667,319.93,222.87
141.8,63.933,243.13,167.4
84.2,1,319.93,222.87
140.73,63.933,214.33,161
246.33,210.07,324.2,385
1,292.2,92.733,489.53
207.93,82.067,299.67,169.53
140.73,68.2,258.07,173.8
97,278.33,168.47,323.13
290.07,152.47,348.73,364.73
69.267,1,119.4,63.933
21.267,174.87,106.6,228.2
169.53,181.27,260.2,339.13
1,1,199.4,266.6
98.067,24.467,159.93,70.333
207.93,82.067,299.67,168.47
1,242.07,251.67,511.93
145,100.2,237.8,168.47
1,35.133,114.07,214.33
84.2,18.067,209,103.4
225,54.333,343.4,296.47
281.53,58.6,362.6,170.6
228.2,1,298.6,44.733
278.33,212.2,357.27,511.93
82.067,364.73,186.6,460.73
33,164.2,180.2,307.13
1,273,92.733,489.53
185.53,425.53,252.73,473.53
300.73,189.8,348.73,246.33
58.6,303.93,254.87,504.47
318.87,174.87,383.93,511.93
20.2,194.07,115.13,274.07
293.27,97,369,206.87
24.467,277.27,106.6,383.93
71.4,302.87,255.93,460.73
241,94.867,299.67,166.33
295.4,131.13,383.93,511.93
306.07,150.33,355.13,209
202.6,1,252.73,50.067
73.533,357.27,186.6,472.47
210.07,341.27,251.67,398.87
311.4,154.6,359.4,366.87
21.267,163.13,114.07,254.87
1,1,119.4,214.33
249.53,278.33,331.67,466.07
95.933,375.4,174.87,454.33
1,1,248.47,163.13
228.2,1,313.53,44.733
83.133,321,255.93,442.6
1,196.2,175.93,335.93
225,35.133,273,107.67
115.13,393.53,167.4,447.93
241,353,318.87,463.93
315.67,73.533,374.33,127.93
188.73,362.6,257,444.73
81,94.867,232.47,236.73
189.8,306.07,251.67,414.87
140.73,63.933,213.27,140.73
234.6,172.73,293.27,214.33
202.6,460.73,257,511.93
1,22.333,106.6,109.8
76.733,438.33,231.4,479.93
77.8,94.867,248.47,236.73
222.87,1,383.93,296.47
39.4,278.33,339.13,511.93
211.13,157.8,284.73,222.87
81,94.867,231.4,234.6
222.87,152.47,323.13,305
1,1,119.4,70.333
1,1,164.2,399.93
93.8,1,150.33,76.733
1,296.47,66.067,511.93
1,145,79.933,199.4
98.067,374.33,167.4,444.73
1,458.6,63.933,511.93
241,353,321,478.87
209,314.6,257,375.4
1,1,255.93,110.87
148.2,73.533,196.2,148.2
65,262.33,180.2,307.13
143.93,67.133,242.07,172.73
35.133,239.93,178.07,412.73
1,1,257,167.4
1,1,119.4,236.73
295.4,26.6,383.93,253.8
198.33,1,383.93,216.47
232.47,207.93,299.67,305
105.53,1,291.13,92.733
1,97,79.933,411.67
233.53,284.73,323.13,511.93
241,411.67,287.93,478.87
311.4,154.6,359.4,316.73
1,467.13,47.933,511.93
227.13,204.73,318.87,310.33
174.87,362.6,257,451.13
1,271.93,254.87,511.93
21.267,145,199.4,260.2
49,11.667,107.67,61.8
124.73,234.6,170.6,295.4
120.47,257,283.67,451.13
300.73,155.67,348.73,318.87
202.6,462.87,257,511.93
330.6,108.73,376.47,193
332.73,95.933,383.93,259.13
49,11.667,135.4,108.73
305,49,374.33,127.93
265.53,154.6,359.4,369
154.6,73.533,238.87,148.2
1,22.333,83.133,91.667
295.4,26.6,383.93,127.93
30.867,113,120.47,179.13
319.93,1,383.93,54.333
76.733,358.33,235.67,479.93
197.27,420.2,267.67,511.93
114.07,146.07,200.47,221.8
1,389.27,55.4,492.73
290.07,1,383.93,206.87
251.67,210.07,324.2,373.27
35.133,239.93,178.07,372.2
105.53,1,163.13,44.733
113,1,212.2,44.733
247.4,1,298.6,41.533
120.47,302.87,257,451.13
1,65,95.933,214.33
305,26.6,383.93,159.93
1,197.27,175.93,302.87
1,1,232.47,262.33
22.333,113,110.87,195.13
210.07,210.07,318.87,399.93
241,152.47,323.13,305
26.6,163.13,106.6,228.2
141.8,73.533,237.8,161
241,284.73,318.87,491.67
1,389.27,63.933,511.93
1,393.53,66.067,511.93
173.8,188.73,263.4,318.87
58.6,9.5333,209,103.4
313.53,154.6,359.4,246.33
181.27,83.133,237.8,148.2
279.4,417,319.93,511.93
232.47,94.867,343.4,241
324.2,56.467,383.93,511.93
101.27,83.133,229.27,287.93
204.73,204.73,318.87,487.4
274.07,1,383.93,253.8
13.8,268.73,79.933,325.27
202.6,297.53,290.07,511.93
291.13,212.2,332.73,366.87
261.27,426.6,315.67,511.93
122.6,455.4,191.93,504.47
102.33,1,248.47,52.2
95.933,375.4,166.33,444.73
315.67,73.533,357.27,127.93
23.4,469.27,233.53,511.93
58.6,311.4,227.13,504.47
113,1,227.13,44.733
293.27,97,366.87,157.8
210.07,297.53,277.27,404.2
316.73,49,373.27,114.07
1,197.27,115.13,302.87
115.13,405.27,167.4,446.87
246.33,257,315.67,385
225,1,291.13,82.067
12.733,293.27,68.2,409.53
150.33,63.933,243.13,167.4
140.73,68.2,242.07,145
324.2,108.73,369,181.27
280.47,1,383.93,54.333
225,1,325.27,82.067
253.8,241,301.8,306.07
266.6,289,308.2,369
49,271.93,225,358.33
331.67,131.13,373.27,218.6
291.13,1,345.53,65
291.13,212.2,331.67,370.07
222.87,50.067,344.47,296.47
97,372.2,167.4,444.73
281.53,1,383.93,157.8
95.933,366.87,172.73,419.13
78.867,358.33,180.2,444.73
232.47,54.333,343.4,296.47
184.47,463.93,269.8,511.93
74.6,134.33,120.47,198.33
1,1,154.6,262.33
73.533,357.27,194.07,472.47
280.47,1,377.53,54.333
30.867,79.933,106.6,153.53
203.67,1,383.93,179.13
26.6,163.13,95.933,228.2
70.333,311.4,199.4,381.8
108.73,36.2,229.27,126.87
44.733,277.27,106.6,335.93
244.2,68.2,293.27,115.13
1,1,95.933,88.467
241,75.667,290.07,166.33
279.4,75.667,344.47,163.13
22.333,113,111.93,203.67
193,10.6,248.47,91.667
84.2,1,306.07,126.87
249.53,278.33,339.13,511.93
78.867,220.73,164.2,293.27
251.67,277.27,315.67,373.27
283.67,97,369,216.47
273,152.47,323.13,209
1,1,114.07,110.87
82.067,364.73,174.87,454.33
156.73,99.133,217.53,151.4
300.73,152.47,348.73,270.87
291.13,1,383.93,109.8
79.933,437.27,140.73,488.47
12.733,268.73,108.73,423.4
107.67,174.87,168.47,233.53
324.2,56.467,383.93,181.27
301.8,1,383.93,109.8
1,1,167.4,163.13
300.73,189.8,348.73,267.67
109.8,393.53,167.4,449
281.53,393.53,351.93,511.93
83.133,321,255.93,438.33
310.33,154.6,360.47,435.13
188.73,73.533,238.87,147.13
225,35.133,290.07,166.33
270.87,43.667,311.4,88.467
79.933,437.27,199.4,488.47
131.13,413.8,235.67,479.93
56.467,175.93,125.8,243.13
195.13,302.87,239.93,356.2
39.4,440.47,233.53,511.93
287.93,393.53,351.93,511.93
191.93,104.47,237.8,159.93
281.53,361.53,325.27,511.93
114.07,1,248.47,42.6
24.467,274.07,106.6,383.93
114.07,1,229.27,42.6
343.4,103.4,383.93,394.6
102.33,390.33,174.87,453.27
172.73,83.133,237.8,161
143.93,67.133,242.07,159.93
81,94.867,231.4,236.73
298.6,21.267,383.93,127.93
101.27,83.133,200.47,221.8
1,227.13,87.4,511.93
244.2,1,287.93,47.933
257,149.27,322.07,241
281.53,1,346.6,41.533
161,461.8,254.87,511.93
1,338.07,134.33,487.4
35.133,239.93,163.13,412.73
146.07,403.13,319.93,511.93
1,227.13,50.067,411.67
123.67,242.07,191.93,332.73
99.133,337,198.33,383.93
1,99.133,47.933,159.93
74.6,134.33,120.47,187.67
69.267,437.27,200.47,488.47
44.733,191.93,100.2,254.87
93.8,28.733,148.2,76.733
15.933,202.6,68.2,299.67
140.73,10.6,270.87,168.47
1,1,119.4,106.6
331.67,131.13,383.93,253.8
51.133,209,100.2,254.87
111.93,46.867,199.4,105.53
247.4,154.6,359.4,374.33
198.33,1,346.6,67.133
301.8,8.4667,383.93,111.93
1,293.27,79.933,511.93
133.27,1,231.4,46.867
1,219.67,199.4,381.8
247.4,274.07,290.07,374.33
1,189.8,76.733,255.93
99.133,164.2,168.47,255.93
202.6,461.8,267.67,511.93
203.67,1,318.87,179.13
324.2,108.73,369,157.8
194.07,181.27,238.87,253.8
71.4,354.07,111.93,399.93
316.73,180.2,366.87,511.93
44.733,277.27,106.6,346.6
118.33,393.53,167.4,447.93
274.07,1,383.93,88.467
211.13,301.8,262.33,399.93
71.4,333.8,141.8,412.73
265.53,187.67,313.53,369
44.733,270.87,172.73,329.53
191.93,101.27,242.07,159.93
91.667,364.73,186.6,463.93
77.8,113,145,213.27
21.267,174.87,106.6,231.4
172.73,73.533,237.8,161
61.8,113,109.8,154.6
273,113,317.8,159.93
24.467,1,164.2,108.73
62.867,436.2,124.73,487.4
84.2,18.067,153.53,103.4
102.33,401,170.6,453.27
269.8,300.73,331.67,366.87
79.933,408.47,149.27,458.6
69.267,1,119.4,55.4
193,1,289,79.933
183.4,409.53,231.4,471.4
21.267,202.6,68.2,299.67
113,1,255.93,67.133
212.2,1,291.13,49
1,65,127.93,153.53
167.4,74.6,319.93,222.87
207.93,82.067,263.4,168.47
204.73,1,291.13,92.733
241,152.47,323.13,296.47
183.4,353,321,511.93
241,200.47,307.13,296.47
1,65,95.933,152.47
331.67,129,377.53,253.8
310.33,154.6,359.4,313.53
78.867,222.87,170.6,293.27
247.4,1,331.67,67.133
293.27,65,383.93,206.87
324.2,56.467,383.93,303.93
31.933,1,135.4,106.6
300.73,26.6,383.93,127.93
210.07,211.13,286.87,318.87
1,197.27,175.93,335.93
11.667,165.27,125.8,243.13
1,1,163.13,110.87
10.6,101.27,114.07,203.67
49,469.27,233.53,511.93
33,308.2,76.733,423.4
26.6,163.13,68.2,206.87
125.8,393.53,183.4,460.73
91.667,358.33,186.6,457.53
189.8,102.33,242.07,167.4
316.73,292.2,357.27,511.93
330.6,181.27,374.33,303.93
46.867,436.2,225,511.93
225,1,312.47,82.067
33,440.47,177,511.93
281.53,1,332.73,65
1,393.53,66.067,450.07
193,1,289,91.667
98.067,36.2,199.4,105.53
105.53,24.467,159.93,70.333
168.47,271.93,225,328.47
204.73,386.07,254.87,470.33
202.6,1,266.6,50.067
12.733,350.87,68.2,409.53
233.53,353,321,511.93
181.27,79.933,242.07,159.93
177,353,321,511.93
281.53,1,383.93,109.8
283.67,1,383.93,216.47
87.4,364.73,174.87,454.33
1,466.07,47.933,511.93
1,292.2,66.067,466.07
1,417,52.2,511.93
1,34.067,114.07,110.87
1,296.47,134.33,500.2
283.67,97,369,170.6
83.133,389.27,159.93,453.27
23.4,165.27,125.8,243.13
120.47,339.13,196.2,386.07
150.33,76.733,237.8,159.93
257,200.47,301.8,255.93
310.33,154.6,359.4,435.13
56.467,175.93,125.8,232.47
84.2,28.733,306.07,126.87
315.67,21.267,383.93,127.93
196.2,82.067,281.53,187.67
28.733,337,92.733,489.53
210.07,234.6,263.4,318.87
1,22.333,83.133,68.2
249.53,278.33,331.67,394.6
180.2,271.93,251.67,414.87
91.667,347.67,210.07,457.53
97,358.33,186.6,460.73
76.733,358.33,201.53,472.47
193,303.93,238.87,344.47
252.73,187.67,319.93,403.13
210.07,314.6,252.73,404.2
114.07,154.6,166.33,196.2
280.47,1,345.53,43.667
156.73,86.333,233.53,151.4
169.53,181.27,260.2,327.4
225,1,287.93,70.333
13.8,268.73,63.933,325.27
284.73,94.867,340.2,159.93
226.07,265.53,291.13,399.93
143.93,67.133,239.93,159.93
140.73,183.4,248.47,236.73
309.27,215.4,350.87,364.73
229.27,1,289,70.333
73.533,187.67,125.8,232.47
211.13,1,291.13,92.733
58.6,11.667,110.87,53.267
58.6,379.67,159.93,469.27
305,26.6,383.93,127.93
1,459.67,47.933,511.93
83.133,337,196.2,386.07
62.867,436.2,231.4,487.4
114.07,146.07,200.47,203.67
316.73,21.267,362.6,83.133
283.67,67.133,383.93,216.47
1,271.93,225,511.93
185.53,425.53,276.2,491.67
241,211.13,291.13,305
266.6,289,319.93,403.13
225,1,287.93,79.933
131.13,364.73,186.6,459.67
283.67,97,355.13,164.2
77.8,113,132.2,213.27
1,22.333,106.6,255.93
115.13,401,167.4,446.87
1,271.93,225,487.4
120.47,231.4,164.2,293.27
283.67,79.933,362.6,164.2
86.333,338.07,132.2,378.6
169.53,183.4,248.47,234.6
84.2,36.2,229.27,126.87
21.267,163.13,199.4,260.2
181.27,83.133,237.8,156.73
1,97,79.933,199.4
87.4,364.73,169.53,440.47
54.333,35.133,114.07,110.87
310.33,154.6,359.4,265.53
184.47,463.93,257,511.93
227.13,74.6,319.93,179.13
58.6,9.5333,121.53,53.267
24.467,277.27,108.73,367.93
93.8,380.73,167.4,449
65,259.13,172.73,335.93
1,62.867,139.67,163.13
1,108.73,106.6,213.27
33,191.93,100.2,258.07
102.33,393.53,167.4,453.27
65,220.73,175.93,293.27
329.53,52.2,383.93,94.867
249.53,278.33,339.13,482.07
28.733,338.07,92.733,489.53
120.47,226.07,172.73,297.53
187.67,446.87,267.67,511.93
180.2,271.93,225,328.47
56.467,174.87,106.6,228.2
91.667,358.33,210.07,457.53
184.47,321,255.93,428.73
1,65,95.933,159.93
154.6,70.333,242.07,168.47
1,22.333,106.6,91.667
116.2,372.2,169.53,439.4
1,293.27,71.4,511.93
236.73,1,291.13,49
172.73,463.93,214.33,511.93
27.667,63.933,154.6,262.33
172.73,453.27,276.2,511.93
100.2,380.73,174.87,454.33
167.4,161,284.73,222.87
39.4,376.47,92.733,489.53
300.73,193,348.73,268.73
140.73,84.2,214.33,161
298.6,21.267,383.93,253.8
188.73,334.87,255.93,444.73
1,34.067,55.4,83.133
173.8,236.73,238.87,287.93
202.6,465,257,511.93
330.6,81,383.93,253.8
33,350.87,76.733,423.4
102.33,391.4,174.87,453.27
30.867,62.867,119.4,153.53
101.27,83.133,158.87,157.8
266.6,289,313.53,369
241,383.93,307.13,478.87
98.067,1,225,105.53
46.867,437.27,225,511.93
127.93,1,180.2,42.6
175.93,70.333,242.07,168.47
150.33,75.667,233.53,159.93
83.133,337,191.93,401
309.27,215.4,362.6,511.93
24.467,277.27,107.67,367.93
247.4,1,296.47,43.667
83.133,337,198.33,463.93
71.4,337,141.8,399.93
57.533,379.67,101.27,450.07
209,297.53,277.27,463.93
99.133,164.2,168.47,233.53
22.333,113,106.6,170.6
209,323.13,254.87,463.93
113,203.67,199.4,260.2
1,99.133,47.933,214.33
216.47,210.07,318.87,399.93
178.07,109.8,230.33,154.6
12.733,308.2,76.733,423.4
126.87,234.6,169.53,297.53
1,458.6,45.8,511.93
270.87,43.667,344.47,163.13
266.6,297.53,308.2,369
222.87,171.67,290.07,213.27
141.8,364.73,186.6,459.67
162.07,103.4,242.07,167.4
330.6,108.73,376.47,159.93
241,225,301.8,310.33
181.27,73.533,238.87,148.2
249.53,278.33,331.67,423.4
157.8,70.333,242.07,168.47
268.73,141.8,343.4,209
1,403.13,59.667,511.93
15.933,202.6,88.467,299.67
140.73,63.933,221.8,168.47
39.4,418.07,87.4,489.53
62.867,401,231.4,487.4
274.07,1,346.6,49
195.13,302.87,253.8,363.67
266.6,5.2667,312.47,71.4
1,418.07,66.067,500.2
233.53,413.8,319.93,511.93
44.733,270.87,172.73,335.93
196.2,145,293.27,222.87
265.53,187.67,313.53,306.07
65,259.13,172.73,329.53
49,271.93,225,373.27
241,374.33,307.13,478.87
49,11.667,135.4,61.8
156.73,205.8,199.4,260.2
225,29.8,273,70.333
28.733,338.07,76.733,433
1,219.67,170.6,323.13
300.73,193,348.73,267.67
225,1,293.27,82.067
33,222.87,164.2,294.33
98.067,1,238.87,287.93
130.07,358.33,181.27,410.6
1,459.67,43.667,511.93
252.73,284.73,319.93,403.13
1,393.53,66.067,500.2
241,211.13,301.8,310.33
196.2,113,270.87,187.67
172.73,302.87,255.93,444.73
241,225,301.8,306.07
95.933,372.2,174.87,454.33
140.73,63.933,241,168.47
154.6,73.533,196.2,148.2
315.67,78.867,373.27,127.93
172.73,462.87,225,511.93
155.67,86.333,196.2,148.2
203.67,1,301.8,105.53
21.267,202.6,68.2,249.53
241,353,318.87,478.87
147.13,234.6,193,277.27
1,393.53,134.33,500.2
1,65,127.93,213.27
60.733,83.133,127.93,138.6
287.93,466.07,329.53,511.93
161,362.6,212.2,457.53
216.47,265.53,291.13,399.93
324.2,108.73,369,153.53
222.87,152.47,323.13,296.47
20.2,196.2,61.8,274.07
148.2,70.333,242.07,168.47
203.67,28.733,271.93,105.53
1,97,79.933,255.93
247.4,471.4,290.07,511.93
71.4,302.87,255.93,451.13
330.6,106.6,376.47,193
130.07,358.33,190.87,410.6
1,7.4,114.07,110.87
234.6,211.13,286.87,267.67
21.267,163.13,106.6,254.87
1,393.53,134.33,487.4
5.2667,369,66.067,466.07
1,42.6,53.267,91.667
161,363.67,212.2,457.53
1,395.67,68.2,466.07
83.133,337,212.2,463.93
125.8,358.33,186.6,460.73
210.07,234.6,260.2,318.87
305,26.6,383.93,244.2
211.13,10.6,257,92.733
305,31.933,383.93,127.93
207.93,95.933,250.6,168.47
73.533,357.27,194.07,504.47
28.733,338.07,72.467,410.6
66.067,175.93,125.8,232.47
58.6,311.4,209,449
181.27,88.467,227.13,148.2
78.867,222.87,164.2,294.33
162.07,26.6,225,68.2
71.4,337,196.2,412.73
61.8,113,120.47,165.27
33,222.87,180.2,307.13
310.33,154.6,359.4,307.13
81,94.867,231.4,203.67
113,1,181.27,44.733
125.8,393.53,186.6,460.73
129,366.87,186.6,457.53
315.67,21.267,373.27,127.93
1,189.8,57.533,237.8
172.73,462.87,257,511.93
213.27,362.6,255.93,429.8
60.733,437.27,134.33,487.4
232.47,113,343.4,241
58.6,311.4,227.13,449
10.6,108.73,114.07,203.67
95.933,366.87,172.73,436.2
197.27,420.2,250.6,511.93
21.267,154.6,106.6,207.93
173.8,236.73,230.33,287.93
300.73,26.6,383.93,218.6
54.333,437.27,188.73,511.93
111.93,1,248.47,52.2
200.47,103.4,242.07,159.93
133.27,1,248.47,46.867
273,353,318.87,423.4
114.07,1,212.2,56.467
54.333,62.867,119.4,108.73
331.67,131.13,373.27,253.8
1,79.933,42.6,123.67
269.8,300.73,331.67,423.4
330.6,81,378.6,159.93
24.467,1,154.6,108.73
197.27,452.2,267.67,511.93
305,49,383.93,127.93
241,105.53,281.53,166.33
1,296.47,66.067,466.07
203.67,28.733,306.07,114.07
120.47,226.07,169.53,297.53
331.67,131.13,373.27,244.2
285.8,1,329.53,55.4
173.8,236.73,260.2,287.93
319.93,1,377.53,54.333
97,271.93,225,328.47
247.4,1,301.8,78.867
316.73,225,357.27,511.93
284.73,75.667,340.2,159.93
338.07,95.933,383.93,194.07
274.07,1,340.2,88.467
338.07,81,378.6,139.67
44.733,277.27,107.67,318.87
1,230.33,115.13,302.87
1,227.13,45.8,397.8
60.733,83.133,118.33,129
58.6,379.67,102.33,469.27
65,222.87,170.6,323.13
21.267,146.07,106.6,207.93
225,25.533,282.6,70.333
1,389.27,55.4,486.33
330.6,106.6,376.47,218.6
33,440.47,79.933,492.73
291.13,1,331.67,55.4
126.87,234.6,193,297.53
85.267,337,196.2,386.07
280.47,1,340.2,43.667
31.933,11.667,107.67,106.6
210.07,28.733,271.93,105.53
150.33,63.933,243.13,108.73
204.73,386.07,254.87,462.87
269.8,278.33,331.67,366.87
60.733,437.27,110.87,487.4
209,369,254.87,463.93
194.07,82.067,237.8,150.33
196.2,145,293.27,214.33
1,25.533,59.667,88.467
62.867,436.2,110.87,487.4
279.4,50.067,344.47,163.13
77.8,174.87,201.53,257
229.27,1,289,47.933
194.07,188.73,238.87,241
127.93,1,229.27,42.6
213.27,392.47,254.87,440.47
115.13,401,170.6,446.87
225,25.533,276.2,70.333
300.73,29.8,383.93,127.93
30.867,65,109.8,154.6
65,262.33,168.47,307.13
110.87,401,170.6,446.87
95.933,394.6,174.87,454.33
194.07,85.267,235.67,150.33
1,395.67,134.33,487.4
172.73,334.87,255.93,444.73
194.07,334.87,255.93,429.8
87.4,364.73,167.4,440.47
101.27,27.667,273,215.4
283.67,97,359.4,170.6
300.73,49,373.27,127.93
188.73,362.6,255.93,444.73
1,108.73,106.6,258.07
1,97,79.933,218.6
113,184.47,200.47,257
8.4667,343.4,87.4,499.13
1,202.6,88.467,399.93
189.8,82.067,242.07,159.93
66.067,175.93,113,228.2
156.73,70.333,242.07,168.47
281.53,1,345.53,41.533
227.13,95.933,317.8,179.13
1,337,134.33,487.4
181.27,82.067,242.07,159.93
193,303.93,251.67,409.53
120.47,339.13,213.27,386.07
101.27,83.133,200.47,203.67
285.8,1,331.67,55.4
241,411.67,287.93,463.93
60.733,437.27,124.73,487.4
82.067,1,135.4,43.667
261.27,426.6,319.93,511.93
84.2,131.13,132.2,213.27
193,70.333,242.07,159.93
193,303.93,251.67,398.87
127.93,1,212.2,42.6
290.07,94.867,340.2,154.6
78.867,222.87,164.2,293.27
1,389.27,41.533,486.33
72.467,271.93,225,335.93
140.73,187.67,204.73,234.6
1,343.4,87.4,499.13
143.93,67.133,239.93,127.93
26.6,175.93,125.8,243.13
204.73,386.07,254.87,454.33
200.47,82.067,242.07,159.93
316.73,21.267,370.07,83.133
188.73,370.07,232.47,444.73
133.27,1,212.2,42.6
229.27,1,287.93,47.933
341.27,29.8,383.93,90.6
133.27,1,180.2,42.6
193,21.267,241,91.667
190.87,70.333,242.07,164.2
232.47,172.73,277.27,222.87
49,11.667,135.4,79.933
182.33,82.067,242.07,159.93
9.5333,292.2,50.067,383.93
257,200.47,301.8,270.87
241,383.93,307.13,463.93
232.47,94.867,343.4,296.47
193,303.93,251.67,399.93
257,141.8,343.4,241
111.93,26.6,225,105.53
85.267,231.4,164.2,293.27
130.07,146.07,200.47,203.67
44.733,191.93,88.467,238.87
77.8,174.87,140.73,215.4
83.133,337,198.33,383.93
114.07,1,243.13,42.6
171.67,26.6,225,68.2
49,1,135.4,108.73
1,395.67,68.2,449
210.07,386.07,254.87,428.73
65,262.33,168.47,323.13
269.8,300.73,315.67,366.87
261.27,413.8,308.2,511.93
24.467,277.27,106.6,353
269.8,278.33,315.67,366.87
161,205.8,229.27,287.93
193,70.333,241,110.87
133.27,1,212.2,56.467
194.07,181.27,238.87,241
225,38.333,290.07,108.73
173.8,232.47,229.27,287.93
5.2667,401,66.067,466.07
22.333,113,106.6,177
65,113,106.6,153.53
1,230.33,50.067,302.87
49,469.27,161,511.93
232.47,141.8,343.4,241
196.2,145,270.87,187.67
281.53,1,340.2,41.533
274.07,1,340.2,49
44.733,191.93,88.467,249.53
173.8,188.73,260.2,287.93
76.733,11.667,135.4,55.4
225,38.333,270.87,108.73
268.73,149.27,322.07,209
44.733,277.27,106.6,321
33,245.27,115.13,289
197.27,452.2,249.53,511.93
232.47,172.73,293.27,222.87
173.8,237.8,229.27,287.93
299.67,1,340.2,41.533
