51.133,1,158.87,511.93
63.933,1,145,340.2
1,170.6,54.333,296.47
1,1,341.27,511.93
1,1,233.53,511.93
1,169.53,125.8,511.93
1,1,158.87,511.93
1,298.6,122.6,511.93
1,1,186.6,511.93
177,1,239.93,401
209,1,341.27,295.4
1,355.13,76.733,511.93
207.93,292.2,297.53,437.27
209,1,341.27,511.93
46.867,1,158.87,511.93
1,1,194.07,511.93
1,356.2,76.733,511.93
171.67,1,341.27,511.93
63.933,303.93,104.47,393.53
1,61.8,88.467,306.07
230.33,1,341.27,290.07
138.6,1,186.6,511.93
178.07,1,245.27,511.93
1,1,253.8,511.93
199.4,1,341.27,295.4
191.93,221.8,233.53,511.93
177,1,341.27,511.93
74.6,348.73,122.6,511.93
123.67,1,185.53,511.93
78.867,161,122.6,300.73
199.4,1,280.47,295.4
122.6,1,194.07,511.93
23.4,1,72.467,165.27
46.867,1,253.8,511.93
1,1,145,340.2
1,1,98.067,366.87
1,1,216.47,511.93
1,69.267,68.2,302.87
203.67,1,341.27,511.93
297.53,273,341.27,351.93
218.6,268.73,341.27,511.93
217.53,1,341.27,511.93
50.067,414.87,102.33,511.93
20.2,301.8,132.2,511.93
49,1,158.87,511.93
56.467,1,145,477.8
21.267,1,153.53,469.27
254.87,277.27,341.27,435.13
126.87,1,341.27,511.93
252.73,1,294.33,146.07
254.87,280.47,341.27,435.13
1,434.07,46.867,494.87
171.67,1,239.93,511.93
204.73,268.73,341.27,511.93
180.2,1,341.27,511.93
214.33,1,265.53,323.13
21.267,1,101.27,366.87
184.47,1,227.13,410.6
1,69.267,63.933,302.87
1,351.93,76.733,511.93
1,139.67,125.8,511.93
127.93,1,216.47,511.93
87.4,1,133.27,316.73
275.13,317.8,341.27,511.93
170.6,1,341.27,511.93
191.93,1,341.27,511.93
244.2,402.07,290.07,511.93
14.867,43.667,88.467,203.67
1,300.73,158.87,511.93
1,66.067,59.667,301.8
275.13,445.8,341.27,511.93
1,1,153.53,511.93
126.87,1,260.2,511.93
270.87,300.73,341.27,511.93
215.4,107.67,278.33,402.07
1,357.27,87.4,511.93
180.2,1,245.27,511.93
93.8,1,233.53,511.93
177,1,299.67,511.93
271.93,53.267,341.27,280.47
204.73,1,341.27,511.93
1,66.067,50.067,185.53
62.867,298.6,122.6,434.07
239.93,53.267,341.27,295.4
1,371.13,41.533,490.6
227.13,1,341.27,292.2
15.933,1,179.13,340.2
1,1,93.8,379.67
197.27,180.2,239.93,401
203.67,44.733,294.33,511.93
1,1,125.8,511.93
209,273,341.27,511.93
215.4,1,341.27,511.93
51.133,348.73,158.87,511.93
1,1,60.733,163.13
241,1,294.33,287.93
210.07,1,300.73,402.07
251.67,1,295.4,153.53
191.93,280.47,341.27,511.93
210.07,1,278.33,402.07
1,1,94.867,297.53
145,159.93,188.73,511.93
88.467,186.6,154.6,511.93
85.267,99.133,126.87,321
122.6,1,165.27,511.93
218.6,433,264.47,511.93
87.4,1,132.2,246.33
1,351.93,100.2,511.93
183.4,1,245.27,511.93
1,302.87,82.067,423.4
247.4,291.13,290.07,429.8
1,1,135.4,511.93
266.6,1,341.27,284.73
62.867,1,135.4,321
62.867,1,106.6,216.47
14.867,119.4,66.067,182.33
284.73,52.2,341.27,159.93
1,459.67,71.4,511.93
1,172.73,50.067,294.33
1,463.93,70.333,511.93
1,357.27,86.333,511.93
177,1,233.53,511.93
215.4,75.667,278.33,402.07
191.93,129,245.27,511.93
1,1,245.27,511.93
284.73,287.93,341.27,485.27
116.2,1,188.73,511.93
23.4,165.27,92.733,366.87
232.47,1,341.27,334.87
117.27,1,200.47,511.93
261.27,1,341.27,290.07
1,1,135.4,379.67
199.4,1,295.4,295.4
228.2,273,341.27,511.93
93.8,392.47,158.87,511.93
85.267,36.2,126.87,188.73
283.67,315.67,337,484.2
266.6,53.267,341.27,284.73
270.87,53.267,341.27,275.13
29.8,167.4,84.2,296.47
180.2,1,228.2,511.93
210.07,1,341.27,402.07
1,1,143.93,409.53
1,1,122.6,511.93
1,118.33,54.333,300.73
1,300.73,84.2,444.73
180.2,1,253.8,511.93
116.2,83.133,173.8,511.93
210.07,1,259.13,250.6
62.867,201.53,113,335.93
1,65,57.533,177
90.6,163.13,153.53,469.27
1,301.8,82.067,444.73
276.2,1,341.27,215.4
180.2,1,231.4,296.47
1,1,72.467,165.27
1,1,98.067,444.73
289,1,341.27,116.2
250.6,394.6,299.67,511.93
229.27,1,341.27,295.4
209,372.2,290.07,511.93
123.67,1,186.6,511.93
270.87,155.67,341.27,280.47
254.87,282.6,339.13,424.47
284.73,55.4,341.27,159.93
78.867,1,135.4,321
1,59.667,68.2,194.07
248.47,273,341.27,511.93
186.6,1,230.33,451.13
1,118.33,125.8,511.93
210.07,1,253.8,138.6
21.267,140.73,67.133,187.67
203.67,191.93,264.47,511.93
93.8,1,188.73,511.93
270.87,315.67,341.27,511.93
254.87,241,341.27,511.93
1,66.067,66.067,301.8
1,1,179.13,511.93
289,41.533,341.27,116.2
1,61.8,65,302.87
1,1,88.467,444.73
116.2,412.73,158.87,511.93
236.73,14.867,280.47,289
294.33,443.67,341.27,484.2
23.4,1,69.267,165.27
49,303.93,158.87,511.93
217.53,280.47,341.27,511.93
1,1,60.733,164.2
1,1,88.467,203.67
47.933,410.6,102.33,511.93
209,372.2,255.93,511.93
177,1,230.33,511.93
207.93,191.93,260.2,387.13
190.87,158.87,245.27,511.93
203.67,177,294.33,511.93
78.867,1,158.87,511.93
1,1,179.13,340.2
1,1,81,165.27
1,59.667,68.2,302.87
27.667,1,94.867,252.73
88.467,1,194.07,511.93
265.53,1,341.27,283.67
1,118.33,54.333,297.53
21.267,140.73,86.333,297.53
25.533,1,74.6,122.6
1,170.6,49,292.2
207.93,191.93,260.2,390.33
1,452.2,41.533,497
1,348.73,122.6,511.93
85.267,303.93,158.87,511.93
21.267,1,98.067,366.87
266.6,140.73,341.27,284.73
45.8,1,245.27,511.93
126.87,1,189.8,511.93
1,301.8,87.4,511.93
227.13,1,341.27,274.07
127.93,1,188.73,511.93
1,1,61.8,177
275.13,385,341.27,511.93
52.2,414.87,102.33,511.93
76.733,161,145,340.2
1,302.87,82.067,444.73
147.13,164.2,188.73,511.93
1,61.8,66.067,297.53
46.867,1,200.47,511.93
1,300.73,82.067,439.4
241,103.4,282.6,287.93
43.667,31.933,98.067,250.6
191.93,290.07,341.27,511.93
117.27,1,188.73,511.93
122.6,1,190.87,511.93
207.93,290.07,341.27,511.93
248.47,324.2,333.8,511.93
1,167.4,54.333,297.53
45.8,1,158.87,511.93
281.53,428.73,341.27,511.93
88.467,186.6,161,511.93
218.6,268.73,341.27,484.2
270.87,66.067,341.27,275.13
229.27,1,294.33,289
23.4,1,81,165.27
25.533,1,81,241
270.87,158.87,341.27,275.13
203.67,44.733,341.27,511.93
1,356.2,118.33,511.93
1,119.4,50.067,294.33
1,456.47,68.2,511.93
1,61.8,65,303.93
270.87,324.2,341.27,511.93
14.867,119.4,66.067,181.27
123.67,1,245.27,511.93
57.533,83.133,145,340.2
1,457.53,46.867,502.33
223.93,164.2,273,294.33
1,293.27,158.87,511.93
28.733,167.4,84.2,296.47
209,1,280.47,295.4
228.2,291.13,290.07,429.8
228.2,130.07,280.47,295.4
1,175.93,49,293.27
1,119.4,54.333,296.47
273,53.267,341.27,275.13
207.93,287.93,290.07,431.93
56.467,235.67,142.87,409.53
27.667,1,87.4,252.73
73.533,1,143.93,300.73
191.93,239.93,245.27,511.93
289,1,341.27,115.13
29.8,169.53,85.267,297.53
50.067,425.53,100.2,511.93
63.933,1,136.47,261.27
257,268.73,341.27,334.87
25.533,1,94.867,252.73
191.93,340.2,264.47,511.93
1,59.667,60.733,164.2
215.4,1,260.2,390.33
218.6,315.67,341.27,484.2
191.93,340.2,258.07,511.93
138.6,1,216.47,511.93
270.87,52.2,341.27,280.47
193,358.33,291.13,511.93
89.533,303.93,152.47,511.93
187.67,1,230.33,357.27
251.67,1,295.4,152.47
274.07,324.2,341.27,511.93
51.133,380.73,118.33,511.93
23.4,1,98.067,366.87
254.87,280.47,341.27,485.27
209,1,252.73,230.33
251.67,1,341.27,283.67
1,266.6,84.2,444.73
78.867,1,143.93,300.73
291.13,1,341.27,109.8
78.867,1,154.6,511.93
62.867,1,153.53,469.27
210.07,1,265.53,323.13
15.933,1,145,340.2
74.6,1,135.4,321
1,456.47,71.4,511.93
270.87,55.4,341.27,280.47
273,140.73,341.27,275.13
210.07,1,295.4,402.07
20.2,139.67,85.267,297.53
279.4,53.267,341.27,213.27
20.2,138.6,68.2,194.07
238.87,1,341.27,334.87
15.933,44.733,115.13,205.8
284.73,66.067,341.27,163.13
204.73,387.13,293.27,511.93
1,1,50.067,147.13
88.467,301.8,145,466.07
171.67,1,216.47,511.93
243.13,392.47,341.27,511.93
15.933,99.133,104.47,205.8
285.8,453.27,341.27,511.93
20.2,301.8,158.87,511.93
109.8,186.6,154.6,511.93
57.533,184.47,104.47,335.93
250.6,1,300.73,328.47
227.13,1,283.67,230.33
261.27,38.333,341.27,290.07
1,457.53,70.333,511.93
248.47,1,295.4,169.53
116.2,353,168.47,511.93
215.4,1,278.33,402.07
238.87,1,341.27,281.53
191.93,340.2,291.13,511.93
291.13,1,341.27,108.73
1,43.667,88.467,203.67
15.933,44.733,115.13,335.93
20.2,138.6,61.8,182.33
134.33,1,188.73,511.93
62.867,1,133.27,316.73
216.47,372.2,290.07,511.93
239.93,241,341.27,295.4
284.73,53.267,341.27,167.4
20.2,135.4,66.067,185.53
291.13,39.4,341.27,109.8
190.87,178.07,245.27,511.93
85.267,36.2,130.07,242.07
92.733,383.93,158.87,511.93
45.8,1,99.133,212.2
1,456.47,69.267,511.93
298.6,39.4,341.27,99.133
270.87,324.2,333.8,511.93
85.267,99.133,154.6,511.93
207.93,292.2,299.67,511.93
89.533,303.93,158.87,511.93
1,1,88.467,297.53
28.733,1,143.93,409.53
140.73,1,190.87,511.93
1,301.8,82.067,443.67
180.2,1,227.13,511.93
1,65,68.2,298.6
93.8,392.47,152.47,511.93
135.4,1,186.6,511.93
291.13,1,341.27,107.67
91.667,1,132.2,220.73
123.67,1,200.47,511.93
210.07,1,265.53,402.07
15.933,1,134.33,239.93
140.73,1,185.53,511.93
1,1,84.2,296.47
145,1,185.53,426.6
134.33,1,185.53,511.93
210.07,1,280.47,402.07
117.27,1,163.13,511.93
250.6,1,300.73,292.2
1,1,98.067,301.8
105.53,392.47,152.47,511.93
250.6,9.5333,303.93,281.53
23.4,165.27,79.933,379.67
2.0667,456.47,47.933,497
61.8,301.8,142.87,394.6
203.67,135.4,294.33,511.93
50.067,299.67,158.87,511.93
50.067,353,158.87,511.93
29.8,169.53,85.267,295.4
83.133,200.47,143.93,477.8
1,65,66.067,185.53
228.2,130.07,280.47,206.87
51.133,348.73,114.07,445.8
123.67,1,165.27,511.93
271.93,428.73,341.27,511.93
191.93,191.93,341.27,511.93
20.2,301.8,147.13,511.93
116.2,83.133,168.47,511.93
243.13,280.47,341.27,511.93
1,299.67,158.87,511.93
291.13,40.467,341.27,116.2
248.47,396.73,317.8,511.93
1,1,59.667,162.07
90.6,166.33,131.13,370.07
25.533,1,93.8,276.2
84.2,83.133,136.47,261.27
21.267,135.4,66.067,185.53
95.933,83.133,145,340.2
218.6,378.6,264.47,511.93
184.47,1,233.53,511.93
243.13,402.07,291.13,511.93
193,358.33,264.47,511.93
296.47,1,341.27,93.8
217.53,287.93,299.67,511.93
126.87,1,186.6,511.93
63.933,305,125.8,511.93
1,351.93,90.6,511.93
1,357.27,74.6,511.93
286.87,53.267,341.27,151.4
203.67,361.53,264.47,511.93
109.8,300.73,154.6,511.93
209,1,265.53,295.4
231.4,1,280.47,289
274.07,1,323.13,230.33
243.13,396.73,290.07,511.93
47.933,380.73,118.33,511.93
1,364.73,41.533,451.13
25.533,1,93.8,241
253.8,286.87,334.87,436.2
127.93,1,179.13,229.27
47.933,411.67,102.33,511.93
62.867,201.53,125.8,511.93
223.93,106.6,276.2,294.33
286.87,66.067,341.27,151.4
270.87,147.13,341.27,275.13
1,119.4,46.867,273
1,59.667,66.067,181.27
61.8,302.87,102.33,394.6
250.6,1,294.33,153.53
91.667,1,135.4,244.2
203.67,221.8,264.47,511.93
91.667,1,135.4,220.73
227.13,1,283.67,274.07
79.933,1,131.13,188.73
287.93,1,341.27,145
193,1,260.2,511.93
73.533,161,122.6,300.73
286.87,53.267,341.27,154.6
1,59.667,68.2,229.27
126.87,1,171.67,511.93
1,1,65,179.13
1,356.2,46.867,494.87
283.67,324.2,333.8,484.2
218.6,345.53,294.33,446.87
55.4,414.87,102.33,511.93
177,1,260.2,511.93
85.267,1,131.13,242.07
191.93,191.93,260.2,511.93
113,361.53,158.87,511.93
253.8,286.87,334.87,424.47
1,167.4,49,293.27
289,68.2,329.53,115.13
216.47,273,260.2,323.13
287.93,1,341.27,111.93
217.53,410.6,264.47,511.93
57.533,184.47,102.33,335.93
51.133,163.13,158.87,511.93
254.87,280.47,341.27,511.93
266.6,204.73,341.27,284.73
29.8,169.53,125.8,511.93
1,301.8,79.933,422.33
251.67,1,341.27,153.53
254.87,280.47,341.27,446.87
266.6,53.267,341.27,283.67
284.73,43.667,341.27,131.13
15.933,99.133,123.67,239.93
1,201.53,125.8,511.93
254.87,282.6,339.13,435.13
1,118.33,49,293.27
295.4,277.27,341.27,475.67
15.933,44.733,104.47,205.8
61.8,301.8,145,466.07
1,118.33,54.333,299.67
294.33,290.07,341.27,484.2
271.93,156.73,341.27,280.47
218.6,332.73,294.33,446.87
51.133,33,158.87,511.93
248.47,396.73,294.33,462.87
274.07,1,341.27,230.33
25.533,1,98.067,250.6
81,305,125.8,511.93
207.93,271.93,298.6,440.47
1,356.2,73.533,511.93
145,158.87,186.6,511.93
193,358.33,257,511.93
216.47,273,263.4,328.47
249.53,392.47,291.13,437.27
85.267,1,135.4,321
30.867,171.67,85.267,297.53
223.93,387.13,293.27,511.93
281.53,287.93,341.27,511.93
56.467,1,143.93,409.53
1,302.87,84.2,444.73
297.53,287.93,341.27,475.67
250.6,394.6,298.6,440.47
228.2,291.13,294.33,462.87
41.533,380.73,118.33,511.93
215.4,106.6,278.33,294.33
79.933,1,131.13,143.93
135.4,1,179.13,334.87
203.67,191.93,294.33,511.93
243.13,399.93,291.13,511.93
254.87,280.47,341.27,425.53
61.8,301.8,158.87,511.93
1,61.8,60.733,302.87
203.67,273,264.47,511.93
1,65,79.933,379.67
1,362.6,76.733,511.93
271.93,277.27,341.27,333.8
1,170.6,49,293.27
253.8,277.27,341.27,475.67
6.3333,434.07,46.867,486.33
265.53,1,323.13,283.67
229.27,332.73,294.33,446.87
214.33,161,260.2,323.13
88.467,353,129,410.6
50.067,408.47,100.2,511.93
90.6,390.33,152.47,511.93
93.8,200.47,143.93,311.4
15.933,129,90.6,205.8
280.47,449,341.27,511.93
50.067,408.47,100.2,505.53
123.67,51.133,165.27,511.93
262.33,1,341.27,290.07
297.53,290.07,341.27,475.67
33,399.93,82.067,444.73
217.53,292.2,297.53,511.93
233.53,1,280.47,181.27
180.2,1,227.13,290.07
274.07,43.667,341.27,230.33
103.4,161,145,340.2
253.8,277.27,341.27,436.2
52.2,246.33,92.733,366.87
261.27,187.67,341.27,292.2
43.667,1,98.067,250.6
1,356.2,46.867,486.33
193,295.4,257,511.93
261.27,41.533,341.27,290.07
254.87,280.47,341.27,475.67
61.8,33,125.8,307.13
1,175.93,51.133,291.13
180.2,1,231.4,243.13
243.13,392.47,291.13,511.93
1,396.73,90.6,511.93
13.8,110.87,60.733,164.2
84.2,161,127.93,261.27
219.67,332.73,294.33,446.87
1,1,50.067,146.07
287.93,59.667,341.27,150.33
14.867,43.667,82.067,183.4
88.467,353,129,411.67
266.6,1,341.27,281.53
283.67,315.67,341.27,484.2
14.867,119.4,62.867,167.4
1,1,68.2,229.27
83.133,353,141.8,511.93
93.8,164.2,143.93,300.73
83.133,1,145,477.8
283.67,287.93,341.27,475.67
1,219.67,54.333,296.47
111.93,383.93,158.87,511.93
207.93,271.93,299.67,511.93
283.67,324.2,341.27,484.2
47.933,411.67,100.2,511.93
219.67,277.27,341.27,511.93
127.93,1,171.67,229.27
230.33,1,280.47,289
215.4,56.467,260.2,390.33
285.8,53.267,341.27,151.4
81,33,125.8,246.33
291.13,39.4,341.27,108.73
215.4,107.67,264.47,316.73
203.67,298.6,264.47,511.93
207.93,295.4,251.67,431.93
283.67,287.93,341.27,457.53
1,414.87,76.733,511.93
40.467,26.6,87.4,252.73
286.87,55.4,341.27,151.4
273,155.67,341.27,275.13
218.6,362.6,294.33,446.87
49,410.6,102.33,511.93
19.133,135.4,68.2,187.67
228.2,387.13,290.07,511.93
41.533,380.73,90.6,450.07
286.87,52.2,341.27,147.13
209,372.2,250.6,511.93
212.2,1,253.8,132.2
238.87,130.07,281.53,219.67
265.53,241,341.27,310.33
47.933,429.8,102.33,511.93
63.933,303.93,104.47,398.87
1,302.87,84.2,425.53
43.667,31.933,89.533,165.27
189.8,180.2,239.93,401
45.8,43.667,88.467,203.67
1,463.93,65,511.93
204.73,423.4,257,511.93
217.53,287.93,290.07,511.93
219.67,277.27,341.27,475.67
279.4,445.8,341.27,511.93
50.067,201.53,125.8,511.93
93.8,301.8,142.87,381.8
95.933,83.133,136.47,209
215.4,107.67,264.47,402.07
1,428.73,41.533,490.6
292.2,1,341.27,104.47
83.133,353,158.87,511.93
31.933,174.87,85.267,295.4
1,1,93.8,298.6
146.07,164.2,188.73,511.93
279.4,453.27,341.27,511.93
289,66.067,341.27,149.27
287.93,63.933,333.8,145
287.93,53.267,341.27,133.27
25.533,1,79.933,181.27
247.4,396.73,294.33,446.87
85.267,99.133,143.93,511.93
207.93,337,248.47,390.33
1,460.73,71.4,511.93
43.667,31.933,93.8,230.33
29.8,169.53,86.333,297.53
217.53,422.33,264.47,511.93
81,305,121.53,418.07
43.667,31.933,93.8,250.6
221.8,274.07,262.33,402.07
1,61.8,59.667,297.53
94.867,299.67,145,381.8
1,167.4,46.867,273
291.13,1,335.93,107.67
78.867,161,125.8,300.73
1,458.6,68.2,511.93
279.4,465,341.27,511.93
270.87,414.87,317.8,511.93
228.2,387.13,293.27,511.93
207.93,337,251.67,431.93
297.53,290.07,341.27,457.53
76.733,202.6,121.53,299.67
83.133,353,141.8,485.27
1,118.33,51.133,291.13
88.467,348.73,145,466.07
223.93,157.8,276.2,294.33
61.8,166.33,122.6,307.13
29.8,170.6,84.2,296.47
50.067,425.53,100.2,505.53
290.07,53.267,341.27,127.93
266.6,241,341.27,286.87
233.53,292.2,297.53,437.27
63.933,1,134.33,161
207.93,271.93,290.07,431.93
286.87,66.067,341.27,154.6
85.267,252.73,126.87,321
193,358.33,244.2,511.93
90.6,303.93,152.47,511.93
78.867,161,143.93,300.73
281.53,446.87,341.27,511.93
41.533,406.33,90.6,450.07
90.6,349.8,145,463.93
223.93,387.13,290.07,511.93
63.933,302.87,107.67,398.87
63.933,299.67,145,463.93
231.4,287.93,290.07,473.53
83.133,200.47,145,477.8
215.4,75.667,278.33,294.33
284.73,428.73,341.27,485.27
31.933,345.53,82.067,444.73
1,302.87,79.933,422.33
217.53,424.47,264.47,511.93
85.267,1,131.13,260.2
83.133,386.07,141.8,485.27
285.8,53.267,341.27,155.67
116.2,361.53,158.87,511.93
14.867,101.27,61.8,177
93.8,164.2,137.53,261.27
62.867,298.6,107.67,396.73
58.6,425.53,100.2,505.53
271.93,155.67,341.27,280.47
19.133,135.4,65,182.33
193,429.8,237.8,511.93
297.53,287.93,341.27,457.53
89.533,200.47,143.93,386.07
215.4,106.6,276.2,294.33
295.4,277.27,341.27,474.6
295.4,277.27,341.27,409.53
229.27,332.73,281.53,415.93
83.133,353,129,477.8
90.6,299.67,145,463.93
94.867,303.93,140.73,381.8
51.133,406.33,118.33,511.93
191.93,345.53,245.27,511.93
50.067,201.53,118.33,335.93
85.267,99.133,132.2,321
193,358.33,237.8,511.93
1,65,45.8,261.27
244.2,411.67,290.07,511.93
293.27,1,341.27,100.2
23.4,165.27,68.2,298.6
62.867,201.53,118.33,335.93
296.47,1,341.27,92.733
295.4,438.33,341.27,481
291.13,445.8,341.27,503.4
1,351.93,78.867,444.73
31.933,341.27,82.067,443.67
248.47,287.93,290.07,428.73
47.933,429.8,100.2,511.93
1,345.53,82.067,444.73
257,268.73,299.67,334.87
295.4,277.27,341.27,333.8
286.87,465,341.27,511.93
