1,1,341.27,511.93
124.73,131.13,217.53,427.67
242.07,199.4,316.73,402.07
1,123.67,177,271.93
242.07,1,341.27,467.13
188.73,1,341.27,511.93
1,129,173.8,511.93
253.8,230.33,299.67,402.07
235.67,41.533,278.33,124.73
1,85.267,216.47,443.67
114.07,126.87,341.27,511.93
1,287.93,167.4,511.93
1,262.33,341.27,511.93
1,124.73,168.47,511.93
188.73,1,341.27,399.93
1,1,341.27,209
190.87,121.53,341.27,207.93
179.13,254.87,331.67,461.8
1,251.67,126.87,315.67
1,1,303.93,131.13
180.2,426.6,223.93,472.47
1,124.73,158.87,269.8
1,1,322.07,161
194.07,136.47,306.07,299.67
1,377.53,140.73,511.93
122.6,334.87,338.07,511.93
1,168.47,124.73,252.73
161,1,341.27,502.33
1,1,168.47,121.53
1,131.13,217.53,427.67
1,1,253.8,294.33
204.73,374.33,334.87,461.8
1,1,303.93,427.67
184.47,131.13,341.27,500.2
1,394.6,210.07,511.93
114.07,126.87,205.8,511.93
4.2,289,122.6,372.2
1,118.33,341.27,511.93
149.27,447.93,294.33,511.93
1,1,322.07,443.67
280.47,424.47,335.93,465
1,123.67,217.53,511.93
190.87,1,341.27,207.93
220.73,235.67,297.53,355.13
1,124.73,341.27,511.93
1,124.73,174.87,273
206.87,31.933,294.33,113
161,423.4,225,479.93
282.6,141.8,324.2,351.93
123.67,132.2,195.13,399.93
172.73,36.2,273,102.33
183.4,239.93,228.2,410.6
1,1,341.27,140.73
85.267,1,341.27,140.73
24.467,409.53,68.2,472.47
147.13,1,204.73,78.867
169.53,131.13,338.07,503.4
161,129,331.67,503.4
24.467,1,168.47,70.333
161,131.13,341.27,511.93
13.8,290.07,98.067,372.2
169.53,137.53,331.67,503.4
8.4667,189.8,121.53,250.6
183.4,131.13,311.4,410.6
114.07,126.87,273,511.93
1,1,331.67,511.93
1,251.67,167.4,410.6
175.93,129,331.67,503.4
123.67,132.2,303.93,404.2
1,123.67,251.67,511.93
1,158.87,127.93,258.07
1,407.4,121.53,477.8
184.47,136.47,329.53,439.4
1,401,44.733,484.2
1,1,167.4,124.73
11.667,170.6,115.13,230.33
23.4,407.4,121.53,474.6
25.533,171.67,122.6,250.6
1,133.27,214.33,511.93
1,284.73,167.4,380.73
19.133,1,141.8,94.867
235.67,212.2,300.73,369
220.73,268.73,277.27,334.87
1,1,341.27,139.67
257,129,341.27,511.93
1,85.267,199.4,170.6
65,1,131.13,68.2
1,1,303.93,130.07
275.13,409.53,341.27,511.93
245.27,262.33,321,399.93
8.4667,171.67,111.93,249.53
47.933,407.4,111.93,461.8
145,131.13,341.27,511.93
1,168.47,125.8,252.73
1,262.33,188.73,415.93
14.867,290.07,98.067,372.2
189.8,405.27,236.73,473.53
1,377.53,173.8,511.93
173.8,1,303.93,109.8
1,161,168.47,294.33
175.93,133.27,331.67,503.4
1,113,196.2,161
130.07,123.67,217.53,417
243.13,186.6,309.27,395.67
1,1,57.533,120.47
1,1,216.47,130.07
1,401,166.33,499.13
1,410.6,294.33,511.93
122.6,118.33,341.27,511.93
1,377.53,331.67,511.93
1,1,130.07,126.87
161,405.27,341.27,511.93
187.67,220.73,273,355.13
169.53,131.13,341.27,503.4
275.13,129,341.27,511.93
1,1,303.93,258.07
1,124.73,168.47,271.93
163.13,1,341.27,209
59.667,29.8,122.6,81
123.67,445.8,165.27,505.53
1,113,177,159.93
1,73.533,196.2,258.07
1,443.67,164.2,511.93
147.13,1,303.93,108.73
60.733,58.6,153.53,101.27
1,123.67,181.27,410.6
219.67,186.6,301.8,259.13
1,450.07,165.27,511.93
1,124.73,179.13,271.93
19.133,1,168.47,94.867
1,123.67,331.67,511.93
1,445.8,341.27,511.93
26.6,72.467,216.47,130.07
1,124.73,179.13,294.33
19.133,1,168.47,88.467
1,1,323.13,139.67
1,401,341.27,511.93
6.3333,262.33,124.73,311.4
69.267,171.67,122.6,249.53
254.87,409.53,341.27,511.93
1,396.73,341.27,511.93
8.4667,170.6,125.8,252.73
94.867,332.73,214.33,443.67
1,1,303.93,120.47
1,262.33,205.8,511.93
1,284.73,141.8,375.4
1,168.47,122.6,250.6
122.6,334.87,252.73,505.53
253.8,168.47,303.93,402.07
59.667,34.067,274.07,131.13
12.733,170.6,124.73,252.73
161,134.33,335.93,503.4
1,1,322.07,108.73
1,1,310.33,108.73
214.33,452.2,276.2,494.87
1,131.13,341.27,511.93
1,251.67,167.4,420.2
1,169.53,125.8,252.73
19.133,1,69.267,88.467
125.8,133.27,216.47,427.67
187.67,220.73,251.67,353
59.667,73.533,163.13,121.53
1,159.93,173.8,364.73
1,262.33,141.8,377.53
161,421.27,298.6,503.4
58.6,46.867,138.6,91.667
161,137.53,335.93,503.4
243.13,186.6,303.93,395.67
187.67,137.53,306.07,406.33
1,123.67,341.27,511.93
202.6,131.13,325.27,344.47
1,1,311.4,156.73
1,113,177,161
191.93,134.33,283.67,209
59.667,22.333,130.07,81
61.8,74.6,161,121.53
59.667,50.067,274.07,131.13
1,287.93,100.2,374.33
195.13,131.13,341.27,500.2
149.27,129,331.67,511.93
19.133,1,61.8,53.267
1,294.33,124.73,398.87
87.4,78.867,155.67,127.93
1,36.2,167.4,125.8
1,1,253.8,154.6
53.267,290.07,94.867,370.07
241,410.6,341.27,511.93
24.467,1,168.47,78.867
88.467,127.93,177,271.93
1,262.33,167.4,410.6
19.133,1,62.867,54.333
242.07,282.6,290.07,402.07
10.6,290.07,98.067,372.2
1,252.73,140.73,511.93
1,377.53,165.27,511.93
29.8,1,110.87,76.733
1,284.73,65,366.87
1,377.53,331.67,503.4
1,402.07,149.27,499.13
65,14.867,123.67,68.2
1,1,77.8,120.47
235.67,24.467,310.33,124.73
4.2,289,141.8,375.4
1,252.73,125.8,374.33
175.93,137.53,335.93,503.4
114.07,126.87,234.6,511.93
274.07,127.93,341.27,511.93
1,158.87,170.6,274.07
213.27,417,282.6,494.87
146.07,126.87,234.6,419.13
212.2,348.73,252.73,392.47
146.07,126.87,204.73,419.13
1,267.67,251.67,511.93
275.13,1,341.27,395.67
223.93,418.07,334.87,472.47
169.53,437.27,276.2,495.93
203.67,222.87,270.87,267.67
133.27,334.87,188.73,415.93
1,22.333,161,125.8
220.73,268.73,277.27,355.13
163.13,1,341.27,139.67
1,445.8,295.4,511.93
86.333,38.333,165.27,111.93
3.1333,289,161,372.2
1,85.267,115.13,125.8
1,107.67,199.4,162.07
230.33,154.6,285.8,204.73
1,124.73,234.6,419.13
154.6,362.6,195.13,415.93
151.4,123.67,217.53,417
235.67,17,318.87,124.73
193,187.67,300.73,295.4
114.07,408.47,341.27,511.93
242.07,282.6,290.07,399.93
184.47,137.53,309.27,406.33
99.133,294.33,161,369
1,443.67,162.07,511.93
201.53,260.2,280.47,406.33
207.93,137.53,303.93,251.67
190.87,121.53,341.27,162.07
259.13,166.33,301.8,243.13
28.733,1,303.93,113
87.4,72.467,216.47,130.07
1,252.73,165.27,511.93
186.6,10.6,276.2,108.73
125.8,262.33,169.53,330.6
81,294.33,123.67,367.93
205.8,137.53,306.07,230.33
21.267,406.33,113,485.27
114.07,401,162.07,474.6
245.27,136.47,329.53,399.93
60.733,39.4,140.73,88.467
4.2,313.53,50.067,372.2
1,284.73,161,372.2
123.67,305,168.47,378.6
127.93,267.67,251.67,393.53
1,51.133,161,125.8
1,129,143.93,250.6
214.33,428.73,276.2,494.87
164.2,1,341.27,501.27
187.67,220.73,254.87,355.13
58.6,1,205.8,91.667
1,402.07,139.67,511.93
1,402.07,159.93,499.13
1,377.53,138.6,498.07
26.6,1,341.27,139.67
28.733,1,205.8,106.6
202.6,118.33,341.27,511.93
123.67,431.93,166.33,477.8
124.73,162.07,170.6,273
61.8,411.67,165.27,505.53
213.27,377.53,323.13,439.4
188.73,1,341.27,139.67
1,85.267,308.2,156.73
1,401,113,476.73
1,73.533,196.2,161
145,415.93,341.27,511.93
161,424.47,225,473.53
161,348.73,341.27,511.93
1,133.27,216.47,443.67
121.53,434.07,166.33,494.87
1,232.47,170.6,287.93
10.6,306.07,59.667,372.2
276.2,449,341.27,511.93
147.13,1,298.6,108.73
285.8,129,327.4,392.47
1,126.87,234.6,419.13
99.133,445.8,165.27,511.93
121.53,410.6,178.07,504.47
1,107.67,199.4,170.6
1,158.87,127.93,252.73
125.8,262.33,171.67,364.73
161,377.53,331.67,503.4
187.67,186.6,309.27,395.67
130.07,365.8,207.93,425.53
24.467,1,131.13,68.2
241,410.6,331.67,499.13
1,138.6,135.4,180.2
79.933,173.8,120.47,246.33
125.8,131.13,177,271.93
242.07,199.4,341.27,467.13
122.6,410.6,166.33,477.8
124.73,153.53,177,273
222.87,262.33,277.27,335.93
203.67,137.53,303.93,247.4
184.47,254.87,329.53,439.4
188.73,1,341.27,162.07
193,187.67,303.93,402.07
1,252.73,125.8,378.6
1,377.53,125.8,418.07
187.67,209,273,355.13
1,262.33,124.73,374.33
161,424.47,235.67,498.07
62.867,1,168.47,70.333
1,36.2,253.8,154.6
164.2,1,341.27,209
148.2,442.6,341.27,511.93
1,125.8,219.67,338.07
203.67,262.33,277.27,354.07
188.73,212.2,300.73,406.33
161,407.4,341.27,502.33
207.93,137.53,303.93,235.67
213.27,377.53,331.67,461.8
260.2,1,341.27,139.67
271.93,131.13,341.27,500.2
1,169.53,46.867,249.53
87.4,410.6,178.07,506.6
161,137.53,341.27,502.33
151.4,362.6,207.93,424.47
1,158.87,170.6,273
1,1,161,125.8
233.53,414.87,284.73,461.8
184.47,220.73,228.2,383.93
1,408.47,50.067,491.67
150.33,446.87,295.4,511.93
180.2,405.27,341.27,511.93
1,401,165.27,511.93
1,408.47,54.333,482.07
169.53,133.27,216.47,415.93
1,332.73,165.27,511.93
1,264.47,169.53,378.6
243.13,282.6,289,395.67
145,446.87,295.4,511.93
1,363.67,205.8,511.93
78.867,264.47,169.53,376.47
151.4,133.27,210.07,427.67
9.5333,1,76.733,69.267
126.87,268.73,169.53,333.8
1,1,195.13,130.07
26.6,72.467,163.13,121.53
196.2,375.4,331.67,461.8
121.53,330.6,167.4,380.73
1,407.4,149.27,499.13
115.13,1,341.27,140.73
1,332.73,207.93,443.67
1,401,119.4,495.93
136.47,362.6,195.13,415.93
173.8,1,296.47,109.8
71.4,7.4,142.87,56.467
123.67,334.87,205.8,434.07
191.93,134.33,234.6,197.27
123.67,434.07,166.33,494.87
67.133,172.73,121.53,249.53
1,1,184.47,124.73
274.07,450.07,341.27,511.93
150.33,415.93,225,478.87
1,284.73,53.267,366.87
24.467,1,105.53,66.067
26.6,171.67,74.6,249.53
159.93,332.73,207.93,425.53
169.53,254.87,331.67,503.4
58.6,270.87,188.73,415.93
1,402.07,164.2,511.93
3.1333,289,54.333,338.07
169.53,260.2,338.07,503.4
1,284.73,123.67,399.93
59.667,1,164.2,81
1,401,53.267,484.2
1,1,113,126.87
188.73,186.6,301.8,399.93
1,1,303.93,136.47
28.733,290.07,97,353
85.267,1,273,129
3.1333,281.53,141.8,375.4
4.2,281.53,122.6,375.4
183.4,273,228.2,401
23.4,407.4,113,474.6
92.733,35.133,172.73,85.267
298.6,211.13,341.27,500.2
97,287.93,141.8,377.53
203.67,152.47,252.73,206.87
145,127.93,341.27,511.93
248.47,218.6,294.33,266.6
126.87,228.2,173.8,333.8
257,129,327.4,397.8
114.07,401,191.93,511.93
67.133,175.93,111.93,246.33
40.467,290.07,97,332.73
1,394.6,164.2,511.93
19.133,1,69.267,53.267
1,354.07,161,410.6
183.4,134.33,303.93,404.2
1,113,181.27,161
173.8,1,310.33,67.133
282.6,136.47,329.53,351.93
193,218.6,294.33,399.93
184.47,260.2,280.47,406.33
1,168.47,170.6,287.93
134.33,371.13,214.33,429.8
65,1,141.8,68.2
3.1333,290.07,98.067,363.67
137.53,132.2,179.13,271.93
270.87,254.87,325.27,425.53
1,1,43.667,82.067
4.2,281.53,114.07,375.4
123.67,133.27,214.33,429.8
298.6,131.13,341.27,500.2
7.4,287.93,100.2,353
1,289,53.267,366.87
1,1,47.933,91.667
184.47,186.6,309.27,406.33
169.53,386.07,338.07,503.4
231.4,254.87,273,301.8
171.67,1,341.27,140.73
235.67,260.2,280.47,334.87
1,169.53,123.67,249.53
249.53,139.67,303.93,216.47
1,123.67,219.67,399.93
24.467,1,114.07,78.867
4.2,290.07,161,372.2
145,442.6,341.27,511.93
235.67,212.2,300.73,278.33
125.8,227.13,169.53,273
42.6,51.133,95.933,121.53
175.93,374.33,334.87,503.4
1,85.267,199.4,287.93
1,306.07,98.067,374.33
1,129,169.53,378.6
69.267,170.6,125.8,252.73
275.13,11.667,341.27,207.93
1,394.6,207.93,511.93
1,1,43.667,122.6
196.2,73.533,269.8,130.07
226.07,268.73,266.6,328.47
173.8,1,303.93,67.133
61.8,445.8,165.27,505.53
278.33,410.6,338.07,501.27
209,42.6,260.2,98.067
121.53,410.6,166.33,494.87
188.73,273,268.73,399.93
175.93,455.4,234.6,502.33
19.133,1,66.067,53.267
151.4,123.67,207.93,417
28.733,1,303.93,109.8
25.533,428.73,83.133,474.6
94.867,332.73,207.93,443.67
1,251.67,166.33,330.6
134.33,371.13,188.73,415.93
123.67,132.2,174.87,379.67
195.13,155.67,283.67,209
58.6,35.133,184.47,124.73
25.533,171.67,74.6,249.53
202.6,137.53,303.93,251.67
188.73,135.4,308.2,399.93
175.93,453.27,298.6,503.4
1,401,178.07,499.13
1,158.87,170.6,410.6
184.47,273,271.93,406.33
187.67,220.73,254.87,353
245.27,127.93,341.27,511.93
209,386.07,331.67,461.8
43.667,35.133,161,98.067
58.6,330.6,167.4,380.73
49,1,205.8,84.2
1,1,62.867,86.333
167.4,133.27,209,402.07
229.27,47.933,275.13,109.8
164.2,12.733,341.27,501.27
189.8,405.27,282.6,494.87
275.13,137.53,341.27,511.93
196.2,377.53,323.13,439.4
190.87,274.07,243.13,329.53
24.467,1,116.2,56.467
187.67,349.8,252.73,406.33
183.4,134.33,294.33,401
270.87,131.13,325.27,396.73
58.6,262.33,188.73,415.93
126.87,132.2,195.13,399.93
167.4,1,277.27,102.33
114.07,408.47,167.4,494.87
1,332.73,214.33,511.93
1,407.4,91.667,499.13
196.2,377.53,331.67,494.87
179.13,254.87,331.67,495.93
125.8,162.07,170.6,274.07
124.73,131.13,210.07,427.67
1,123.67,181.27,271.93
1,443.67,149.27,511.93
183.4,187.67,303.93,410.6
204.73,407.4,257,461.8
188.73,137.53,303.93,406.33
1,1,73.533,121.53
187.67,1,277.27,46.867
87.4,78.867,166.33,127.93
19.133,1,184.47,124.73
187.67,186.6,303.93,353
61.8,447.93,165.27,498.07
14.867,289,98.067,375.4
29.8,1,303.93,113
151.4,123.67,202.6,417
190.87,137.53,306.07,329.53
124.73,131.13,177,273
26.6,171.67,124.73,252.73
175.93,375.4,331.67,503.4
122.6,401,194.07,505.53
154.6,1,341.27,140.73
188.73,212.2,300.73,399.93
123.67,228.2,173.8,364.73
253.8,168.47,301.8,402.07
149.27,447.93,198.33,511.93
8.4667,168.47,122.6,250.6
1,42.6,311.4,161
133.27,127.93,177,271.93
1,1,46.867,97
1,401,54.333,482.07
190.87,133.27,308.2,219.67
194.07,136.47,323.13,346.6
46.867,315.67,87.4,372.2
241,453.27,289,499.13
1,124.73,165.27,269.8
131.13,410.6,341.27,511.93
10.6,306.07,59.667,371.13
252.73,1,303.93,67.133
175.93,452.2,289,503.4
9.5333,1,167.4,106.6
276.2,449,316.73,511.93
169.53,447.93,276.2,495.93
173.8,1,310.33,108.73
26.6,73.533,116.2,115.13
205.8,338.07,319.93,456.47
193,142.87,247.4,254.87
188.73,50.067,274.07,131.13
85.267,38.333,164.2,119.4
67.133,180.2,111.93,246.33
97,74.6,153.53,115.13
58.6,55.4,165.27,121.53
1,452.2,163.13,511.93
4.2,290.07,122.6,372.2
136.47,343.4,195.13,415.93
7.4,168.47,122.6,250.6
46.867,291.13,97,372.2
4.2,290.07,74.6,372.2
42.6,1,140.73,121.53
19.133,1,131.13,68.2
4.2,310.33,52.2,372.2
9.5333,1,76.733,71.4
191.93,121.53,341.27,162.07
62.867,1,142.87,70.333
1,1,43.667,81
29.8,1,205.8,91.667
175.93,452.2,276.2,502.33
161,338.07,341.27,502.33
111.93,270.87,188.73,415.93
164.2,36.2,267.67,129
164.2,63.933,234.6,130.07
169.53,437.27,289,499.13
195.13,136.47,306.07,235.67
21.267,406.33,119.4,485.27
47.933,42.6,164.2,94.867
164.2,1,341.27,129
43.667,42.6,161,98.067
286.87,195.13,341.27,420.2
253.8,230.33,303.93,402.07
1,85.267,311.4,156.73
125.8,133.27,216.47,415.93
1,1,61.8,97
131.13,447.93,287.93,511.93
1,412.73,134.33,498.07
4.2,290.07,98.067,372.2
59.667,22.333,122.6,81
220.73,49,271.93,101.27
274.07,409.53,341.27,511.93
161,421.27,234.6,502.33
206.87,31.933,294.33,109.8
114.07,295.4,205.8,511.93
207.93,386.07,338.07,495.93
92.733,1,205.8,85.267
114.07,408.47,167.4,474.6
69.267,78.867,146.07,119.4
254.87,141.8,341.27,511.93
248.47,410.6,331.67,492.73
162.07,372.2,236.73,417
179.13,254.87,331.67,452.2
123.67,445.8,164.2,497
206.87,36.2,271.93,86.333
162.07,349.8,252.73,417
125.8,262.33,184.47,363.67
114.07,295.4,205.8,434.07
207.93,386.07,338.07,461.8
1,125.8,219.67,399.93
127.93,267.67,184.47,383.93
268.73,67.133,311.4,135.4
204.73,374.33,334.87,493.8
1,259.13,167.4,330.6
193,186.6,301.8,300.73
193,187.67,301.8,329.53
94.867,365.8,207.93,443.67
123.67,163.13,173.8,364.73
1,56.467,163.13,121.53
1,1,140.73,121.53
20.2,407.4,111.93,465
60.733,1,104.47,51.133
24.467,1,66.067,53.267
151.4,348.73,210.07,427.67
123.67,163.13,169.53,379.67
127.93,332.73,188.73,415.93
1,129,143.93,374.33
135.4,50.067,274.07,131.13
134.33,133.27,214.33,429.8
151.4,362.6,210.07,427.67
191.93,107.67,301.8,153.53
175.93,137.53,331.67,503.4
78.867,1,131.13,61.8
203.67,137.53,303.93,206.87
173.8,1,296.47,56.467
193,134.33,308.2,209
275.13,450.07,341.27,511.93
42.6,1,205.8,106.6
57.533,445.8,178.07,504.47
126.87,265.53,171.67,363.67
1,434.07,166.33,511.93
163.13,11.667,341.27,139.67
193,154.6,238.87,209
147.13,1,205.8,79.933
148.2,453.27,309.27,511.93
194.07,218.6,293.27,299.67
59.667,275.13,123.67,315.67
29.8,1,164.2,76.733
1,232.47,170.6,286.87
175.93,453.27,309.27,511.93
1,251.67,167.4,380.73
173.8,1,303.93,113
207.93,36.2,275.13,109.8
1,42.6,269.8,130.07
241,410.6,338.07,499.13
136.47,135.4,186.6,271.93
207.93,171.67,295.4,235.67
24.467,402.07,141.8,474.6
285.8,137.53,341.27,420.2
40.467,290.07,97,342.33
19.133,396.73,140.73,443.67
1,159.93,135.4,249.53
187.67,225,251.67,353
123.67,228.2,169.53,364.73
49,1,164.2,84.2
162.07,425.53,225,472.47
134.33,371.13,200.47,415.93
125.8,132.2,195.13,399.93
194.07,186.6,303.93,299.67
123.67,126.87,204.73,379.67
177,407.4,223.93,468.2
126.87,132.2,179.13,271.93
161,423.4,223.93,468.2
135.4,153.53,177,271.93
161,421.27,226.07,474.6
74.6,184.47,120.47,249.53
59.667,72.467,216.47,130.07
169.53,374.33,338.07,503.4
191.93,134.33,249.53,232.47
143.93,35.133,184.47,124.73
270.87,118.33,341.27,511.93
164.2,11.667,341.27,139.67
1,206.87,114.07,258.07
226.07,389.27,269.8,434.07
1,290.07,70.333,373.27
141.8,1,204.73,79.933
205.8,137.53,306.07,249.53
1,252.73,125.8,327.4
203.67,137.53,303.93,235.67
78.867,1,131.13,51.133
1,81,41.533,122.6
1,129,143.93,180.2
8.4667,170.6,124.73,252.73
19.133,1,141.8,68.2
148.2,386.07,338.07,511.93
241,169.53,299.67,210.07
85.267,73.533,161,119.4
1,287.93,165.27,511.93
1,402.07,166.33,499.13
1,168.47,120.47,251.67
167.4,1,273,101.27
67.133,171.67,122.6,250.6
169.53,437.27,264.47,498.07
162.07,386.07,338.07,495.93
180.2,405.27,282.6,494.87
44.733,171.67,124.73,252.73
29.8,1,122.6,56.467
253.8,234.6,309.27,395.67
190.87,135.4,308.2,219.67
226.07,440.47,276.2,493.8
166.33,125.8,219.67,338.07
58.6,40.467,161,91.667
204.73,282.6,251.67,353
133.27,132.2,174.87,273
1,85.267,308.2,154.6
71.4,1,142.87,56.467
241,410.6,338.07,501.27
1,259.13,167.4,399.93
107.67,1,164.2,53.267
203.67,187.67,259.13,235.67
1,407.4,134.33,498.07
198.33,77.8,311.4,135.4
124.73,435.13,191.93,511.93
223.93,155.67,273,202.6
123.67,228.2,169.53,379.67
19.133,1,168.47,70.333
86.333,38.333,164.2,89.533
169.53,133.27,219.67,338.07
282.6,137.53,324.2,351.93
169.53,447.93,235.67,498.07
183.4,220.73,254.87,401
259.13,187.67,300.73,255.93
6.3333,170.6,65,250.6
222.87,417,282.6,461.8
169.53,437.27,296.47,503.4
8.4667,170.6,124.73,249.53
126.87,331.67,168.47,372.2
1,402.07,165.27,511.93
268.73,77.8,311.4,135.4
173.8,1,279.4,45.8
49,408.47,113,461.8
92.733,42.6,172.73,85.267
29.8,1,205.8,106.6
103.4,262.33,167.4,380.73
12.733,170.6,124.73,244.2
173.8,1,303.93,44.733
42.6,37.267,172.73,106.6
23.4,428.73,68.2,472.47
29.8,1,107.67,76.733
245.27,279.4,321,399.93
194.07,135.4,308.2,219.67
1,113,203.67,154.6
1,1,62.867,121.53
169.53,447.93,261.27,495.93
1,259.13,167.4,335.93
78.867,172.73,121.53,247.4
207.93,389.27,284.73,495.93
1,1,50.067,65
1,116.2,177,162.07
254.87,409.53,341.27,502.33
6.3333,163.13,126.87,250.6
1,168.47,45.8,250.6
161,424.47,287.93,511.93
1,71.4,163.13,125.8
123.67,435.13,167.4,494.87
1,290.07,98.067,374.33
147.13,1,205.8,81
58.6,58.6,161,123.67
126.87,265.53,168.47,328.47
3.1333,290.07,97,342.33
218.6,178.07,283.67,278.33
1,56.467,57.533,120.47
275.13,1,341.27,207.93
151.4,17,205.8,79.933
172.73,42.6,269.8,130.07
275.13,425.53,341.27,511.93
85.267,57.533,161,119.4
191.93,131.13,311.4,232.47
29.8,1,130.07,76.733
230.33,137.53,303.93,243.13
278.33,410.6,341.27,511.93
35.133,227.13,168.47,287.93
183.4,273,226.07,401
175.93,452.2,276.2,503.4
21.267,406.33,119.4,495.93
1,363.67,205.8,443.67
1,445.8,165.27,511.93
184.47,273,228.2,383.93
125.8,135.4,186.6,271.93
34.067,290.07,74.6,372.2
1,443.67,91.667,494.87
179.13,348.73,236.73,435.13
20.2,402.07,166.33,474.6
59.667,14.867,130.07,81
24.467,1,141.8,78.867
124.73,259.13,173.8,372.2
183.4,134.33,303.93,402.07
188.73,235.67,297.53,399.93
253.8,234.6,297.53,395.67
58.6,281.53,123.67,335.93
58.6,42.6,164.2,123.67
29.8,1,77.8,76.733
28.733,290.07,84.2,332.73
1,1,204.73,97
1,1,46.867,86.333
164.2,1,273,129
1,433,164.2,511.93
1,366.87,161,410.6
26.6,171.67,111.93,249.53
221.8,410.6,341.27,511.93
1,168.47,125.8,287.93
193,185.53,301.8,300.73
66.067,171.67,121.53,249.53
1,378.6,162.07,443.67
1,46.867,113,126.87
26.6,173.8,74.6,249.53
56.467,408.47,113,472.47
211.13,137.53,303.93,252.73
3.1333,281.53,122.6,375.4
125.8,262.33,171.67,363.67
123.67,351.93,205.8,434.07
203.67,179.13,248.47,252.73
191.93,134.33,249.53,186.6
191.93,67.133,311.4,161
209,77.8,311.4,135.4
24.467,407.4,121.53,474.6
213.27,453.27,264.47,494.87
1,252.73,125.8,311.4
1,445.8,111.93,499.13
172.73,36.2,273,101.27
235.67,212.2,300.73,329.53
94.867,338.07,162.07,443.67
123.67,259.13,173.8,372.2
29.8,1,107.67,56.467
1,227.13,168.47,294.33
58.6,74.6,161,121.53
154.6,36.2,273,129
1,401,52.2,491.67
193,142.87,243.13,209
235.67,260.2,280.47,399.93
217.53,254.87,331.67,452.2
167.4,133.27,207.93,381.8
24.467,408.47,113,473.53
191.93,134.33,283.67,232.47
24.467,1,105.53,56.467
298.6,211.13,341.27,511.93
4.2,281.53,98.067,375.4
1,287.93,123.67,376.47
271.93,137.53,325.27,346.6
23.4,408.47,113,472.47
217.53,254.87,329.53,439.4
198.33,284.73,251.67,382.87
180.2,437.27,238.87,487.4
87.4,72.467,163.13,120.47
1,261.27,123.67,315.67
106.6,1,168.47,55.4
154.6,36.2,267.67,129
193,137.53,303.93,300.73
207.93,386.07,331.67,461.8
173.8,1,267.67,56.467
3.1333,289,98.067,372.2
1,252.73,125.8,293.27
203.67,24.467,310.33,124.73
161,421.27,264.47,502.33
24.467,407.4,113,474.6
283.67,353,341.27,467.13
1,377.53,139.67,511.93
209,412.73,255.93,461.8
270.87,254.87,329.53,425.53
229.27,47.933,275.13,108.73
59.667,1,205.8,85.267
173.8,1,266.6,41.533
73.533,180.2,120.47,249.53
169.53,371.13,338.07,503.4
8.4667,170.6,122.6,250.6
188.73,212.2,300.73,355.13
207.93,386.07,338.07,490.6
1,162.07,125.8,374.33
270.87,118.33,341.27,425.53
183.4,134.33,283.67,401
59.667,78.867,146.07,121.53
230.33,137.53,303.93,210.07
169.53,386.07,338.07,495.93
125.8,262.33,169.53,329.53
193,179.13,258.07,300.73
1,412.73,121.53,498.07
53.267,290.07,97,332.73
275.13,449,341.27,511.93
187.67,212.2,300.73,406.33
85.267,73.533,161,114.07
298.6,132.2,341.27,500.2
1,168.47,116.2,250.6
177,424.47,222.87,468.2
195.13,136.47,306.07,212.2
211.13,198.33,261.27,252.73
193,210.07,258.07,295.4
225,374.33,319.93,443.67
230.33,154.6,299.67,210.07
235.67,235.67,297.53,326.33
78.867,22.333,122.6,65
85.267,36.2,273,129
169.53,447.93,264.47,498.07
206.87,31.933,294.33,86.333
283.67,353,325.27,431.93
186.6,10.6,275.13,108.73
190.87,135.4,308.2,300.73
248.47,410.6,331.67,452.2
46.867,72.467,163.13,121.53
175.93,374.33,335.93,503.4
58.6,1,138.6,91.667
177,440.47,276.2,495.93
135.4,72.467,216.47,130.07
62.867,1,105.53,56.467
150.33,415.93,194.07,505.53
125.8,264.47,169.53,329.53
85.267,57.533,162.07,119.4
147.13,1,200.47,60.733
1,1,138.6,97
42.6,1,104.47,121.53
203.67,36.2,273,102.33
1,407.4,121.53,498.07
108.73,295.4,161,369
1,163.13,126.87,249.53
271.93,137.53,323.13,346.6
206.87,36.2,275.13,108.73
202.6,137.53,322.07,344.47
85.267,65,136.47,119.4
226.07,386.07,331.67,450.07
203.67,137.53,303.93,239.93
1,290.07,73.533,373.27
88.467,78.867,161,119.4
111.93,270.87,167.4,330.6
42.6,58.6,167.4,106.6
188.73,273,247.4,350.87
3.1333,290.07,73.533,337
124.73,330.6,188.73,415.93
177,425.53,222.87,472.47
136.47,139.67,177,271.93
78.867,1,164.2,57.533
1,330.6,167.4,380.73
219.67,374.33,334.87,455.4
60.733,55.4,165.27,101.27
282.6,136.47,329.53,377.53
203.67,137.53,303.93,252.73
1,401,50.067,491.67
254.87,424.47,335.93,502.33
198.33,11.667,341.27,139.67
1,412.73,165.27,511.93
1,407.4,51.133,477.8
1,162.07,125.8,287.93
203.67,137.53,306.07,250.6
122.6,334.87,194.07,505.53
225,390.33,271.93,434.07
99.133,129,165.27,269.8
198.33,12.733,341.27,141.8
193,248.47,253.8,329.53
147.13,1,198.33,42.6
219.67,390.33,316.73,434.07
14.867,170.6,123.67,249.53
175.93,454.33,275.13,502.33
191.93,134.33,249.53,209
27.667,170.6,117.27,248.47
4.2,289,122.6,375.4
62.867,14.867,116.2,56.467
151.4,362.6,200.47,417
14.867,290.07,74.6,345.53
229.27,36.2,275.13,108.73
204.73,185.53,248.47,252.73
190.87,287.93,268.73,399.93
124.73,259.13,173.8,335.93
237.8,212.2,300.73,369
203.67,171.67,301.8,235.67
268.73,386.07,319.93,433
213.27,453.27,259.13,494.87
123.67,363.67,205.8,434.07
142.87,1,204.73,78.867
68.2,22.333,122.6,78.867
235.67,218.6,294.33,399.93
1,161,135.4,262.33
183.4,273,228.2,410.6
121.53,433,164.2,494.87
141.8,1,204.73,78.867
126.87,265.53,168.47,329.53
243.13,137.53,303.93,196.2
214.33,198.33,259.13,249.53
123.67,445.8,178.07,504.47
180.2,437.27,238.87,478.87
220.73,235.67,297.53,369
268.73,386.07,338.07,493.8
71.4,8.4667,121.53,56.467
131.13,447.93,191.93,511.93
206.87,67.133,311.4,161
9.5333,1,76.733,47.933
183.4,220.73,228.2,401
283.67,353,341.27,455.4
242.07,1,303.93,67.133
35.133,290.07,94.867,367.93
60.733,56.467,165.27,101.27
89.533,1,164.2,57.533
167.4,1,341.27,124.73
190.87,135.4,308.2,243.13
90.6,1,131.13,41.533
219.67,198.33,261.27,241
71.4,7.4,131.13,56.467
25.533,413.8,83.133,474.6
191.93,134.33,234.6,195.13
24.467,408.47,113,472.47
193,137.53,306.07,254.87
29.8,1,167.4,106.6
193,210.07,281.53,295.4
235.67,260.2,280.47,369
8.4667,171.67,49,231.4
231.4,260.2,280.47,348.73
196.2,377.53,323.13,445.8
151.4,17,200.47,60.733
1,46.867,43.667,120.47
35.133,290.07,97,372.2
124.73,435.13,167.4,495.93
123.67,367.93,205.8,434.07
1,168.47,115.13,250.6
172.73,34.067,277.27,102.33
161,424.47,222.87,472.47
253.8,281.53,294.33,402.07
24.467,1,114.07,66.067
23.4,407.4,113,473.53
127.93,132.2,179.13,271.93
270.87,254.87,324.2,396.73
136.47,157.8,177,271.93
131.13,449,191.93,511.93
161,423.4,222.87,468.2
216.47,198.33,259.13,247.4
229.27,40.467,275.13,108.73
150.33,415.93,225,461.8
235.67,260.2,278.33,399.93
88.467,75.667,162.07,119.4
212.2,260.2,280.47,399.93
183.4,271.93,251.67,393.53
172.73,50.067,216.47,130.07
169.53,440.47,276.2,502.33
298.6,438.33,341.27,501.27
24.467,407.4,113,473.53
1,293.27,70.333,373.27
147.13,1,204.73,79.933
235.67,235.67,297.53,287.93
1,206.87,43.667,258.07
62.867,1,131.13,70.333
95.933,74.6,153.53,120.47
235.67,260.2,278.33,316.73
1,407.4,113,482.07
167.4,1,341.27,102.33
223.93,137.53,306.07,228.2
204.73,185.53,247.4,234.6
77.8,332.73,214.33,443.67
280.47,449,324.2,501.27
1,56.467,82.067,120.47
254.87,453.27,296.47,502.33
1,1,113,124.73
1,321,98.067,374.33
258.07,178.07,300.73,228.2
68.2,72.467,163.13,121.53
1,1,47.933,86.333
136.47,154.6,177,271.93
1,227.13,168.47,293.27
169.53,437.27,289,503.4
237.8,212.2,300.73,328.47
213.27,453.27,261.27,495.93
127.93,1,204.73,79.933
4.2,290.07,54.333,372.2
214.33,417,331.67,494.87
83.133,72.467,163.13,120.47
42.6,60.733,172.73,106.6
205.8,188.73,247.4,254.87
275.13,11.667,341.27,132.2
223.93,418.07,341.27,500.2
1,85.267,203.67,154.6
29.8,1,164.2,87.4
1,227.13,168.47,287.93
27.667,170.6,116.2,249.53
127.93,267.67,184.47,366.87
259.13,146.07,302.87,243.13
23.4,407.4,113,472.47
124.73,270.87,172.73,335.93
226.07,262.33,277.27,328.47
243.13,137.53,303.93,187.67
226.07,452.2,276.2,493.8
173.8,1,279.4,41.533
264.47,12.733,341.27,141.8
235.67,260.2,278.33,334.87
150.33,415.93,202.6,461.8
1,168.47,120.47,250.6
173.8,1,267.67,44.733
205.8,134.33,308.2,179.13
29.8,1,72.467,87.4
205.8,338.07,252.73,426.6
150.33,446.87,198.33,511.93
248.47,171.67,301.8,225
9.5333,172.73,65,248.47
274.07,453.27,341.27,511.93
175.93,455.4,264.47,502.33
226.07,386.07,331.67,452.2
26.6,173.8,74.6,233.53
146.07,351.93,200.47,419.13
235.67,452.2,276.2,493.8
56.467,408.47,113,461.8
1,377.53,138.6,418.07
20.2,402.07,140.73,474.6
85.267,58.6,153.53,119.4
223.93,142.87,299.67,203.67
298.6,118.33,341.27,501.27
4.2,305,50.067,372.2
1,85.267,161,125.8
203.67,262.33,277.27,355.13
26.6,195.13,68.2,249.53
225,390.33,271.93,443.67
50.067,407.4,121.53,474.6
235.67,235.67,297.53,278.33
46.867,293.27,98.067,375.4
122.6,401,167.4,475.67
245.27,279.4,295.4,399.93
213.27,377.53,331.67,439.4
180.2,452.2,276.2,502.33
148.2,442.6,290.07,511.93
56.467,408.47,113,471.4
123.67,264.47,169.53,330.6
94.867,338.07,141.8,415.93
108.73,72.467,163.13,117.27
264.47,12.733,341.27,209
20.2,406.33,121.53,474.6
223.93,418.07,334.87,500.2
125.8,262.33,168.47,330.6
1,443.67,91.667,499.13
190.87,187.67,300.73,329.53
196.2,377.53,331.67,461.8
94.867,338.07,207.93,443.67
249.53,186.6,301.8,259.13
164.2,42.6,269.8,130.07
35.133,290.07,98.067,372.2
220.73,139.67,303.93,199.4
193,137.53,306.07,295.4
220.73,155.67,283.67,199.4
26.6,172.73,111.93,246.33
225,452.2,276.2,493.8
213.27,212.2,300.73,397.8
125.8,227.13,168.47,273
164.2,17,204.73,78.867
34.067,290.07,74.6,345.53
129,365.8,207.93,443.67
1,56.467,43.667,120.47
202.6,137.53,252.73,199.4
194.07,29.8,298.6,108.73
205.8,338.07,319.93,443.67
69.267,73.533,163.13,119.4
242.07,321,282.6,399.93
24.467,1,69.267,54.333
57.533,290.07,98.067,372.2
151.4,17,204.73,78.867
95.933,1,164.2,57.533
134.33,132.2,179.13,271.93
249.53,137.53,303.93,225
1,407.4,52.2,482.07
21.267,407.4,113,485.27
150.33,415.93,212.2,461.8
250.6,137.53,306.07,216.47
14.867,281.53,98.067,375.4
88.467,129,163.13,271.93
28.733,290.07,97,332.73
283.67,353,341.27,431.93
27.667,170.6,116.2,245.27
69.267,172.73,117.27,248.47
175.93,452.2,289,502.33
24.467,407.4,113,472.47
122.6,434.07,167.4,475.67
103.4,262.33,166.33,330.6
212.2,350.87,252.73,392.47
248.47,187.67,301.8,266.6
193,187.67,300.73,302.87
164.2,36.2,235.67,126.87
230.33,154.6,299.67,243.13
225,178.07,267.67,228.2
161,407.4,276.2,502.33
25.533,193,66.067,249.53
225,211.13,283.67,278.33
164.2,12.733,341.27,141.8
6.3333,172.73,65,250.6
35.133,290.07,94.867,372.2
220.73,137.53,303.93,199.4
73.533,172.73,120.47,249.53
193,214.33,258.07,300.73
207.93,389.27,284.73,461.8
219.67,390.33,271.93,434.07
95.933,74.6,161,120.47
193,248.47,253.8,299.67
69.267,172.73,111.93,246.33
74.6,173.8,121.53,249.53
134.33,350.87,188.73,415.93
232.47,155.67,299.67,203.67
244.2,257,287.93,328.47
188.73,73.533,234.6,130.07
172.73,63.933,216.47,130.07
213.27,453.27,266.6,495.93
69.267,172.73,115.13,248.47
14.867,290.07,67.133,340.2
298.6,211.13,341.27,501.27
209,42.6,261.27,108.73
226.07,389.27,284.73,461.8
209,29.8,298.6,108.73
205.8,137.53,306.07,250.6
180.2,426.6,222.87,472.47
175.93,440.47,276.2,502.33
180.2,426.6,225,472.47
218.6,178.07,267.67,244.2
85.267,264.47,169.53,376.47
164.2,63.933,216.47,120.47
59.667,36.2,104.47,81
4.2,170.6,124.73,252.73
268.73,386.07,331.67,493.8
6.3333,170.6,117.27,250.6
223.93,138.6,303.93,202.6
205.8,142.87,299.67,230.33
126.87,265.53,169.53,329.53
78.867,171.67,122.6,249.53
184.47,273,226.07,383.93
161,423.4,223.93,474.6
4.2,323.13,49,372.2
161,407.4,223.93,468.2
4.2,306.07,59.667,372.2
98.067,264.47,169.53,330.6
219.67,374.33,319.93,434.07
108.73,76.733,157.8,117.27
195.13,158.87,244.2,209
203.67,179.13,247.4,254.87
228.2,212.2,300.73,369
261.27,447.93,322.07,500.2
239.93,235.67,296.47,286.87
25.533,407.4,113,472.47
123.67,271.93,169.53,330.6
58.6,81,147.13,123.67
196.2,42.6,269.8,130.07
1,1,46.867,61.8
1,1,46.867,121.53
203.67,212.2,300.73,355.13
20.2,407.4,111.93,466.07
193,178.07,283.67,295.4
150.33,415.93,194.07,461.8
169.53,447.93,227.13,495.93
231.4,12.733,341.27,141.8
205.8,138.6,255.93,179.13
187.67,1,341.27,46.867
46.867,291.13,98.067,372.2
209,404.2,255.93,461.8
25.533,170.6,118.33,249.53
223.93,138.6,303.93,228.2
81,406.33,121.53,474.6
1,56.467,46.867,121.53
25.533,170.6,122.6,249.53
268.73,386.07,331.67,450.07
275.13,11.667,341.27,139.67
175.93,440.47,276.2,499.13
209,93.8,301.8,135.4
172.73,63.933,216.47,116.2
85.267,58.6,161,120.47
74.6,180.2,115.13,246.33
250.6,171.67,295.4,235.67
237.8,212.2,300.73,286.87
248.47,218.6,291.13,266.6
190.87,274.07,234.6,328.47
239.93,212.2,300.73,306.07
239.93,235.67,296.47,306.07
239.93,212.2,300.73,286.87
10.6,310.33,66.067,372.2
205.8,188.73,247.4,234.6
30.867,171.67,74.6,247.4
258.07,159.93,301.8,228.2
14.867,289,73.533,367.93
73.533,172.73,115.13,248.47
10.6,290.07,67.133,372.2
81,175.93,121.53,247.4
46.867,330.6,87.4,372.2
205.8,407.4,257,461.8
25.533,171.67,74.6,236.73
207.93,187.67,254.87,232.47
196.2,142.87,243.13,186.6
214.33,452.2,276.2,502.33
225,390.33,316.73,443.67
56.467,291.13,97,353
239.93,235.67,296.47,278.33
