1,1,512.2,384.2
112.2,1,437.8,384.2
120.2,241,432.2,384.2
1,1,249,384.2
85.8,43.4,277,384.2
259.4,245.8,353,384.2
89,43.4,242.6,384.2
1,1,224.2,384.2
65,1,127.4,68.2
89,1,433,157.8
217,199.4,315.4,384.2
201.8,1,512.2,384.2
49,25.8,128.2,344.2
217.8,47.4,269.8,124.2
84.2,1,512.2,384.2
1,1,315.4,384.2
177,1,512.2,384.2
201.8,1,433.8,384.2
1,1,241,144.2
217.8,1,414.6,337.8
83.4,1,426.6,384.2
85.8,1,512.2,384.2
268.2,1,437.8,369
262.6,38.6,439.4,384.2
313,1,454.6,384.2
85,1,512.2,384.2
218.6,47.4,321,161
1,1,52.2,160.2
179.4,46.6,426.6,380.2
405.8,1,512.2,384.2
425.8,1,512.2,384.2
65,1,113,95.4
181,42.6,437.8,384.2
307.4,59.4,368.2,109.8
269,59.4,416.2,331.4
370.6,1,512.2,384.2
224.2,243.4,333,384.2
258.6,224.2,318.6,311.4
1,1,299.4,384.2
320.2,229.8,369,308.2
128.2,260.2,175.4,384.2
425.8,1,512.2,164.2
136.2,1,426.6,380.2
170.6,261,237.8,384.2
1,1,241,384.2
429,297,485,384.2
181,43.4,422.6,370.6
170.6,197,333,384.2
85,1,426.6,384.2
325.8,1,512.2,384.2
85.8,43.4,315.4,384.2
190.6,221.8,433,384.2
101.8,1,315.4,334.6
433,1,512.2,384.2
307.4,175.4,416.2,337.8
135.4,1,512.2,384.2
169,43.4,422.6,370.6
265,37,413,172.2
411.4,1,512.2,384.2
1,1,170.6,384.2
42.6,70.6,128.2,384.2
83.4,1,512.2,384.2
137.8,1,181,101.8
33,1,96.2,41.8
1,1,127.4,384.2
301.8,224.2,369,308.2
269,42.6,437.8,344.2
273.8,267.4,318.6,334.6
306.6,38.6,439.4,355.4
174.6,1,414.6,156.2
179.4,46.6,392.2,373.8
1,1,49,336.2
29,97,128.2,384.2
405.8,1,465,344.2
1,1,128.2,384.2
120.2,151.4,315.4,384.2
201,199.4,333,384.2
313,1,512.2,384.2
112.2,1,309.8,290.6
112.2,1,512.2,384.2
190.6,340.2,261,384.2
119.4,170.6,185,240.2
307.4,57.8,386.6,109.8
193,13,309.8,156.2
289.8,51.4,409,185
278.6,1,512.2,384.2
1,1,242.6,384.2
87.4,39.4,174.6,129
177,1,433,384.2
279.4,1,371.4,57
83.4,45.8,223.4,348.2
363.4,256.2,421,364.2
277.8,1,326.6,58.6
265,1,428.2,274.6
259.4,249.8,305.8,342.6
339.4,332.2,426.6,377.8
84.2,45.8,190.6,384.2
260.2,321.8,332.2,384.2
177.8,40.2,426.6,384.2
101.8,1,426.6,384.2
405,1,512.2,384.2
186.6,333,315.4,384.2
177,261.8,245,384.2
142.6,1,241,101
283.4,217,376.2,325.8
257,221.8,422.6,375.4
333,332.2,426.6,377.8
217,325,433,384.2
174.6,32.2,240.2,101.8
177,197,433,384.2
169.8,260.2,237.8,384.2
231.4,185,351.4,330.6
443.4,192.2,512.2,384.2
399.4,1,512.2,384.2
351.4,1,416.2,55.4
261,225,343.4,325
97.8,200.2,257.8,384.2
169,45.8,423.4,376.2
61.8,1,127.4,353
190.6,197,433,384.2
221.8,101.8,412.2,337.8
176.2,1,241,41
219.4,46.6,411.4,274.6
275.4,58.6,426.6,377.8
138.6,259.4,242.6,384.2
89.8,151.4,315.4,384.2
438.6,81,512.2,259.4
113.8,115.4,185,290.6
118.6,141,185,198.6
269,124.2,356.2,248.2
306.6,74.6,408.2,218.6
1,97,96.2,384.2
112.2,1,432.2,384.2
397,42.6,437.8,337.8
1,45.8,224.2,384.2
291.4,223.4,422.6,375.4
65.8,17,113.8,340.2
177.8,40.2,426.6,377
85.8,1,257.8,384.2
248.2,152.2,289.8,208.2
85.8,1,439.4,384.2
306.6,51.4,409,285.8
112.2,103.4,217.8,272.2
213.8,1,416.2,337.8
193.8,151.4,269,341
85.8,1,299.4,384.2
174.6,1,294.6,109.8
345.8,317.8,432.2,384.2
201.8,141,276.2,217.8
277.8,1,428.2,65
219.4,46.6,412.2,337.8
279.4,1,414.6,57
1,1,56.2,128.2
307.4,225,352.2,280.2
259.4,321.8,333,384.2
332.2,199.4,412.2,332.2
365,305,421,364.2
217.8,97.8,315.4,217
1,1,207.4,384.2
229,1,304.2,112.2
177.8,1,299.4,290.6
89,38.6,242.6,384.2
267.4,1,341.8,110.6
220.2,265.8,315.4,384.2
225,265.8,315.4,384.2
306.6,60.2,412.2,332.2
85,41,176.2,337
213.8,1,416.2,112.2
363.4,42.6,437.8,344.2
1,1,80.2,129
124.2,255.4,184.2,301
89,32.2,240.2,103.4
103.4,113,185,332.2
268.2,51.4,414.6,332.2
89,41,176.2,115.4
1,1,52.2,336.2
97,1,221.8,100.2
269.8,146.6,315.4,217
224.2,244.2,269,340.2
85.8,1,190.6,336.2
413,161,512.2,384.2
131.4,1,241,103.4
97,1,433,157.8
210.6,199.4,315.4,384.2
181,38.6,439.4,384.2
267.4,319.4,333,384.2
84.2,1,341.8,384.2
233,129,313,219.4
135.4,1,437.8,384.2
169.8,259.4,245,384.2
97.8,245.8,257.8,384.2
201,199.4,281,384.2
1,1,221.8,384.2
62.6,102.6,117,353
217,29.8,274.6,124.2
97,1,207.4,101.8
131.4,47.4,174.6,103.4
217,38.6,274.6,124.2
179.4,1,416.2,373.8
84.2,1,426.6,384.2
103.4,96.2,174.6,329.8
113,114.6,185.8,257.8
233,130.6,273.8,197.8
269,42.6,437.8,369
269,59.4,410.6,331.4
169.8,260.2,245,384.2
121,41,175.4,103.4
85.8,38.6,439.4,384.2
217,258.6,277,364.2
339.4,1,512.2,384.2
264.2,329,325,384.2
103.4,51.4,200.2,346.6
105.8,247.4,249,384.2
113,256.2,234.6,384.2
113.8,104.2,186.6,258.6
124.2,255.4,249,384.2
214.6,42.6,276.2,143.4
102.6,104.2,176.2,333
307.4,224.2,358.6,289
306.6,74.6,405.8,116.2
285,1,433,110.6
87.4,39.4,217.8,344.2
1,1,184.2,384.2
413,161,500.2,384.2
1,97.8,49,241
369,42.6,437.8,344.2
112.2,51.4,185,290.6
102.6,104.2,190.6,336.2
425.8,1,512.2,64.2
306.6,60.2,408.2,288.2
233,130.6,313,219.4
317.8,183.4,407.4,303.4
260.2,224.2,433.8,384.2
437,191.4,484.2,257.8
29,89.8,128.2,384.2
219.4,46.6,425,337.8
224.2,324.2,315.4,384.2
425.8,1,497,64.2
273,263.4,360.2,375.4
83.4,45.8,224.2,384.2
325.8,1,440.2,384.2
301.8,224.2,358.6,289
135.4,1,414.6,156.2
1,9,80.2,241
99.4,1,224.2,101
269,58.6,405.8,157.8
217.8,49.8,344.2,222.6
1,1,109.8,384.2
268.2,117.8,321,177.8
87.4,300.2,131.4,384.2
1,191.4,96.2,384.2
137.8,1,207.4,101.8
105,257,242.6,384.2
333,1,433,56.2
61.8,55.4,117,353
120.2,241,315.4,384.2
190.6,325,433,384.2
418.6,1,512.2,384.2
307.4,309.8,425,377
161,1,241,43.4
259.4,245.8,432.2,384.2
324.2,38.6,437,384.2
181,45.8,378.6,370.6
108.2,1,224.2,101
33,1,110.6,42.6
217,197,277.8,384.2
177.8,40.2,362.6,369.8
283.4,1,341,54.6
1,1,113,384.2
362.6,57,425,110.6
217,197,333,384.2
169,129,277,350.6
268.2,1,414.6,112.2
142.6,1,224.2,101
265,1,428.2,172.2
177.8,1,297,136.2
201,258.6,278.6,384.2
89,37.8,135.4,103.4
443.4,221,507.4,376.2
121.8,260.2,175.4,384.2
102.6,46.6,174.6,144.2
109,103.4,190.6,322.6
65.8,1,221.8,346.6
268.2,54.6,414.6,288.2
425.8,1,512.2,259.4
269,117.8,344.2,219.4
217,197,277,364.2
324.2,1,512.2,384.2
258.6,246.6,305.8,342.6
279.4,1,337,55.4
208.2,1,284.2,41
65,209,119.4,345.8
1,1,96.2,384.2
1,1,235.4,144.2
277.8,1,422.6,57.8
87.4,39.4,176.2,128.2
83.4,39.4,217.8,344.2
87.4,1,341.8,129
362.6,57.8,413,109.8
469,113,512.2,256.2
315.4,120.2,412.2,337.8
65,1,127.4,42.6
289.8,56.2,372.2,112.2
217.8,49,369,222.6
113,142.6,277,384.2
309,111.4,408.2,285.8
105.8,247.4,173,331.4
83.4,45.8,136.2,336.2
259.4,42.6,437.8,384.2
317.8,183.4,412.2,337.8
1,113.8,44.2,289.8
217.8,49.8,344.2,209
112.2,103.4,186.6,258.6
256.2,48.2,414.6,332.2
273,322.6,333,384.2
196.2,296.2,255.4,342.6
83.4,39.4,333,384.2
85.8,43.4,190.6,348.2
214.6,37,333.8,217
174.6,1,289,124.2
307.4,50.6,414.6,109.8
89,43.4,183.4,176.2
144.2,1,221.8,101
278.6,1,337.8,55.4
217.8,49.8,271.4,175.4
308.2,54.6,414.6,209.8
177.8,40.2,398.6,369.8
42.6,70.6,96.2,384.2
289.8,51.4,408.2,112.2
201.8,120.2,433.8,384.2
224.2,123.4,399.4,323.4
118.6,1,164.2,101
310.6,139.4,365,257
319.4,61,385,107.4
174.6,1,414.6,125
136.2,1,289,128.2
285.8,224.2,372.2,333.8
118.6,115.4,184.2,156.2
97.8,253,184.2,384.2
65,1,122.6,42.6
112.2,1,207.4,101.8
174.6,35.4,216.2,101.8
174.6,1,309.8,156.2
224.2,48.2,426.6,384.2
213.8,1,275.4,41.8
1,1,83.4,384.2
174.6,1,414.6,124.2
108.2,259.4,175.4,384.2
190.6,1,241,41.8
128.2,260.2,224.2,384.2
278.6,1,337.8,59.4
269.8,122.6,385.8,293.8
87.4,260.2,224.2,384.2
309,51.4,413,112.2
112.2,103.4,217.8,344.2
120.2,198.6,185,240.2
376.2,38.6,437,355.4
177.8,1,299.4,384.2
269.8,122.6,416.2,337.8
79.4,313,128.2,384.2
1,102.6,49,191.4
223.4,258.6,269,341.8
1,1,110.6,129
5.8,229.8,63.4,384.2
334.6,1,390.6,57
85.8,43.4,190.6,346.6
259.4,249.8,305.8,332.2
217,324.2,315.4,384.2
33,1,109.8,72.2
121,39.4,174.6,102.6
462.6,81.8,512.2,158.6
1,1,176.2,129
89,43.4,177,176.2
232.2,128.2,315.4,217
461,36.2,512.2,81
170.6,1,289,124.2
272.2,263.4,318.6,338.6
81,259.4,184.2,384.2
225,265.8,315.4,377.8
87.4,39.4,174.6,102.6
128.2,260.2,181.8,384.2
179.4,46.6,398.6,373.8
97,1,221.8,101
213.8,1,416.2,217
264.2,325,333,384.2
1,113.8,44.2,384.2
107.4,253,184.2,384.2
1,1,47.4,129
185,337.8,245,384.2
87.4,259.4,224.2,384.2
365,326.6,422.6,374.6
438.6,96.2,512.2,276.2
138.6,259.4,184.2,384.2
268.2,49,408.2,112.2
203.4,34.6,315.4,217.8
308.2,225,352.2,281
201,199.4,289.8,384.2
223.4,199.4,269,341
89,43.4,176.2,176.2
392.2,38.6,437,337.8
362.6,57,425,109
170.6,1,341.8,124.2
113,102.6,185.8,258.6
118.6,116.2,190.6,198.6
414.6,1,454.6,384.2
406.6,1,454.6,384.2
257,117.8,422.6,375.4
218.6,49,267.4,124.2
35.4,17,83.4,239.4
176.2,31.4,235.4,102.6
320.2,1,371.4,57
84.2,45.8,190.6,336.2
281,1,371.4,57
272.2,155.4,313,219.4
102.6,43.4,190.6,346.6
89,43.4,176.2,331.4
97,1,175.4,100.2
283.4,217,384.2,325.8
462.6,81,512.2,164.2
118.6,115.4,169,155.4
105.8,253,185,384.2
324.2,318.6,433.8,384.2
229,37,304.2,112.2
1,97.8,49,289.8
370.6,1,416.2,57
65,33,128.2,95.4
117,255.4,184.2,317.8
260.2,262.6,306.6,333.8
427.4,96.2,512.2,384.2
217.8,47.4,269.8,121
217,325,426.6,384.2
315.4,52.2,413,148.2
257,60.2,426.6,380.2
313,333.8,427.4,380.2
269.8,122.6,353,245
108.2,1,156.2,101
89,37.8,175.4,103.4
299.4,160.2,347.4,234.6
120.2,1,176.2,101.8
317,1,433,57.8
102.6,104.2,176.2,336.2
260.2,305,433.8,384.2
1,1,109.8,336.2
225.8,47.4,276.2,122.6
336.2,117.8,382.6,233
225.8,222.6,425,377
363.4,42.6,437.8,369
193,1,371.4,124.2
301.8,224.2,353,279.4
369.8,117,413,218.6
89.8,257,184.2,336.2
306.6,223.4,422.6,375.4
351.4,1,422.6,54.6
109,103.4,223.4,348.2
118.6,117,185,157
307.4,224.2,422.6,364.2
217.8,1,321,217
425.8,1,512.2,208.2
120.2,157,184.2,197.8
168.2,1,289,128.2
334.6,1,424.2,58.6
309.8,1,433,105
214.6,37,330.6,217
41.8,17,83.4,190.6
232.2,128.2,277,207.4
285.8,260.2,344.2,327.4
187.4,142.6,235.4,342.6
397,42.6,437.8,344.2
325.8,302.6,433,384.2
339.4,318.6,433.8,384.2
384.2,42.6,437.8,369
137.8,1,241,101.8
44.2,70.6,96.2,384.2
194.6,168.2,269,341
187.4,245.8,257.8,372.2
385.8,42.6,437.8,344.2
174.6,1,315.4,217.8
89,1,221.8,346.6
433,1,512.2,144.2
87.4,39.4,176.2,329.8
203.4,34.6,278.6,175.4
108.2,258.6,185,384.2
109,103.4,190.6,257
285.8,254.6,335.4,313.8
105,257,184.2,333
1,1,112.2,384.2
268.2,112.2,369,163.4
413,297,485,384.2
285,28.2,386.6,110.6
285.8,222.6,425,377
334.6,1,384.2,57
208.2,13,284.2,60.2
405.8,1,512.2,344.2
171.4,256.2,248.2,384.2
125,1,221.8,100.2
269.8,122.6,415.4,337.8
81,300.2,131.4,384.2
171.4,265.8,234.6,384.2
259.4,245,426.6,380.2
306.6,51.4,396.2,109.8
25.8,97,96.2,384.2
257,221.8,351.4,327.4
186.6,142.6,266.6,350.6
29,193,82.6,316.2
332.2,302.6,433,384.2
102.6,42.6,176.2,128.2
87.4,1,154.6,101
309.8,1,433,72.2
222.6,157.8,276.2,217.8
433,1,512.2,272.2
129,257,184.2,305
97,1,337,157.8
233,341.8,277.8,384.2
103.4,41.8,174.6,129
425.8,1,512.2,160.2
309,60.2,409,119.4
269,57.8,405.8,157.8
220.2,110.6,303.4,156.2
269,57,410.6,331.4
118.6,155.4,185,198.6
193,13,309.8,96.2
307.4,59.4,373,109.8
188.2,1,309.8,156.2
224.2,243.4,305.8,342.6
349,317.8,432.2,384.2
306.6,74.6,408.2,197.8
217,317.8,315.4,384.2
152.2,260.2,237.8,384.2
169,136.2,269,346.6
190.6,340.2,249,384.2
34.6,97,82.6,320.2
306.6,51.4,414.6,337.8
208.2,1,294.6,109.8
113.8,104.2,190.6,290.6
81,305,152.2,384.2
103.4,96.2,174.6,144.2
309,101.8,412.2,337.8
186.6,142.6,277,350.6
364.2,38.6,439.4,355.4
201.8,120.2,356.2,248.2
133,42.6,176.2,103.4
269.8,58.6,426.6,377.8
44.2,97,96.2,384.2
362.6,101.8,411.4,304.2
99.4,1,176.2,101.8
256.2,48.2,426.6,377.8
85.8,1,154.6,336.2
191.4,1,284.2,109.8
65,25.8,128.2,95.4
273,217,433.8,384.2
374.6,104.2,414.6,337.8
277.8,1,341,54.6
259.4,320.2,333,384.2
273,318.6,433.8,384.2
1,101.8,65,384.2
25.8,229.8,96.2,384.2
168.2,31.4,235.4,128.2
65,1,112.2,48.2
119.4,170.6,185,241
269,101.8,412.2,337.8
219.4,47.4,321,161
29,29.8,128.2,384.2
437,97,484.2,257.8
135.4,37.8,177.8,102.6
233,129,289.8,207.4
213.8,1,341,54.6
1,1,176.2,384.2
260.2,322.6,332.2,384.2
113.8,104.2,190.6,258.6
437,97,484.2,272.2
89,1,221.8,176.2
225,338.6,280.2,384.2
231.4,185,289.8,265
433,1,512.2,64.2
171.4,256.2,234.6,384.2
109.8,113,190.6,264.2
325.8,117.8,411.4,274.6
113.8,117,185,257
268.2,51.4,414.6,288.2
256.2,49,369,163.4
121,260.2,175.4,384.2
223.4,197,351.4,372.2
352.2,245.8,415.4,337.8
168.2,41,209.8,128.2
224.2,228.2,270.6,340.2
97.8,253,189,384.2
111.4,101.8,183.4,176.2
225.8,59.4,426.6,377
217.8,49.8,267.4,121
264.2,320.2,333,384.2
171.4,256.2,249,384.2
121.8,199.4,185,240.2
1,229.8,63.4,384.2
305.8,57.8,386.6,109.8
219.4,47.4,409,185
217,327.4,325,384.2
174.6,1,371.4,124.2
34.6,97,82.6,241
239.4,199.4,351.4,330.6
104.2,41.8,145,129
113,103.4,185,290.6
262.6,126.6,433.8,384.2
138.6,257.8,242.6,384.2
187.4,1,241,43.4
324.2,1,437,384.2
273.8,224.2,421,372.2
131.4,48.2,174.6,103.4
384.2,42.6,437.8,344.2
87.4,39.4,184.2,329.8
224.2,245.8,265,332.2
101.8,48.2,175.4,334.6
182.6,57,331.4,297
433,1,512.2,95.4
187.4,1,289,43.4
171.4,259.4,234.6,384.2
302.6,272.2,351.4,327.4
1,1,80.2,241
1,101.8,65,178.6
469,113,512.2,272.2
221,122.6,336.2,211.4
320.2,335.4,426.6,380.2
113,51.4,185,290.6
294.6,288.2,355.4,369.8
65,1,112.2,42.6
193,1,309.8,124.2
236.2,344.2,315.4,384.2
201.8,120.2,398.6,323.4
101.8,48.2,185.8,334.6
239.4,199.4,331.4,325
1,129,44.2,384.2
193.8,151.4,238.6,340.2
217.8,49.8,289,202.6
345,277,422.6,364.2
112.2,103.4,186.6,265
65,1,127.4,48.2
169,45.8,378.6,370.6
203.4,141,276.2,217.8
283.4,1,337.8,55.4
351.4,1,392.2,49.8
201.8,120.2,356.2,289
87.4,1,176.2,102.6
112.2,103.4,177,161
120.2,241,245.8,373
365,315.4,421,364.2
281,1,337,55.4
273.8,267.4,384.2,372.2
307.4,59.4,383.4,109.8
112.2,103.4,190.6,265
306.6,57.8,396.2,109.8
264.2,325,325,384.2
269.8,46.6,311.4,113
201,340.2,278.6,384.2
224.2,228.2,270.6,338.6
121,199.4,185,254.6
1,1,113,241
5.8,225,65.8,384.2
113.8,115.4,169.8,290.6
309,117.8,365,257
187.4,44.2,276.2,210.6
329,1,384.2,57.8
427.4,161,500.2,377.8
109,103.4,190.6,192.2
268.2,112.2,408.2,288.2
112.2,1,164.2,101
425.8,1,512.2,144.2
268.2,1,337,157.8
175.4,340.2,237.8,384.2
218.6,49,303.4,156.2
425.8,1,512.2,81
191.4,1,284.2,60.2
1,1,50.6,97
325.8,117,411.4,274.6
187.4,46.6,269.8,136.2
308.2,60.2,403.4,110.6
128.2,259.4,184.2,384.2
272.2,176.2,313,219.4
309,241,422.6,375.4
107.4,253,184.2,329.8
129.8,260.2,175.4,384.2
168.2,35.4,215.4,128.2
221.8,126.6,316.2,217
397,42.6,437.8,286.6
306.6,225,353,281
325.8,117.8,385.8,274.6
368.2,1,422.6,54.6
269.8,56.2,330.6,161
470.6,337,512.2,384.2
331.4,144.2,412.2,332.2
369,117,413.8,224.2
392.2,38.6,437,320.2
350.6,224.2,421,364.2
265,110.6,311.4,172.2
1,129,44.2,289.8
1,1,83.4,289.8
362.6,101.8,412.2,337.8
313,333,426.6,384.2
113,241,234.6,384.2
265,103.4,369,172.2
437,97,484.2,289.8
224.2,259.4,269,340.2
283.4,1,341,58.6
261,225,351.4,330.6
177.8,1,284.2,109.8
186.6,337,315.4,384.2
217.8,49,267.4,124.2
231.4,128.2,316.2,217
113.8,115.4,183.4,290.6
217,38.6,274.6,95.4
130.6,258.6,173,301
1,193,82.6,384.2
190.6,241.8,266.6,346.6
113.8,157,186.6,258.6
201.8,134.6,243.4,181.8
169,45.8,422.6,370.6
1,1,49,241
193,13,309.8,124.2
135.4,37.8,177,101.8
97,1,175.4,101
89,42.6,176.2,115.4
32.2,97,82.6,320.2
213.8,1,416.2,57
392.2,38.6,437,349
308.2,54.6,410.6,110.6
229,184.2,333,289
429,313,485,384.2
260.2,334.6,321,384.2
269.8,46.6,321,113
193,13,309.8,125
217.8,109,271.4,175.4
272.2,263.4,318.6,337
268.2,117,412.2,337.8
273.8,224.2,384.2,372.2
225.8,47.4,321,161
97,1,176.2,101
169,129,270.6,350.6
218.6,1,321,161
185,131.4,235.4,341.8
272.2,263.4,332.2,384.2
405.8,1,465,143.4
376.2,38.6,439.4,355.4
196.2,245.8,257.8,372.2
312.2,286.6,384.2,357
260.2,325,427.4,384.2
334.6,1,416.2,57
269,146.6,315.4,217.8
278.6,1,337,55.4
446.6,33.8,512.2,109
113,113.8,185.8,257.8
331.4,317.8,432.2,384.2
1,193,96.2,384.2
197,168.2,269,341
225.8,240.2,315.4,322.6
111.4,109,183.4,155.4
304.2,241,358.6,289
324.2,117.8,408.2,288.2
269,325,333,384.2
110.6,185.8,186.6,322.6
433,1,512.2,376.2
298.6,237.8,353,316.2
294.6,286.6,384.2,372.2
191.4,13,284.2,60.2
214.6,42.6,264.2,108.2
271.4,155.4,318.6,222.6
363.4,263.4,420.2,347.4
235.4,129,289.8,207.4
97.8,253,237.8,384.2
33,1,109.8,239.4
449,321.8,512.2,384.2
438.6,96.2,512.2,259.4
349,1,425,56.2
308.2,225.8,353,279.4
251.4,344.2,315.4,384.2
1,1,48.2,120.2
262.6,126.6,399.4,323.4
217,327.4,277.8,384.2
120.2,129,190.6,346.6
354.6,318.6,433.8,384.2
285.8,222.6,420.2,370.6
5.8,229.8,53.8,384.2
376.2,38.6,437,337.8
313,333.8,353,375.4
268.2,117,311.4,172.2
97,1,284.2,109.8
349.8,302.6,433,384.2
102.6,43.4,183.4,331.4
102.6,31.4,235.4,144.2
273.8,267.4,318.6,332.2
111.4,102.6,183.4,155.4
260.2,325,330.6,384.2
283.4,1,422.6,57.8
186.6,1,289,124.2
225.8,47.4,309.8,161
439.4,64.2,495.4,160.2
307.4,57.8,386.6,110.6
102.6,46.6,174.6,128.2
214.6,37,304.2,143.4
224.2,199.4,284.2,384.2
324.2,111.4,408.2,288.2
320.2,62.6,409,129
268.2,117.8,344.2,209
462.6,81.8,512.2,256.2
87.4,39.4,133.8,128.2
249.8,47.4,306.6,157.8
273,263.4,433.8,384.2
102.6,43.4,176.2,115.4
303.4,169,353,245
186.6,142.6,227.4,350.6
224.2,324.2,315.4,373
102.6,39.4,176.2,128.2
232.2,185,289.8,265
257,60.2,422.6,375.4
14.6,9,80.2,241
225.8,1,275.4,41.8
177,1,241,43.4
370.6,1,424.2,58.6
120.2,1,164.2,101
231.4,128.2,312.2,217
168.2,35.4,264.2,128.2
306.6,223.4,369.8,304.2
392.2,38.6,437,208.2
1,1,83.4,192.2
213.8,1,289,41.8
33,1,110.6,64.2
104.2,37,184.2,143.4
347.4,317.8,432.2,384.2
461,81,512.2,208.2
113,52.2,185.8,258.6
232.2,128.2,289.8,207.4
439.4,64.2,495.4,144.2
462.6,81,502.6,144.2
121.8,273,169.8,384.2
214.6,37,330.6,161
265,37,369,172.2
120.2,185.8,186.6,265
224.2,324.2,284.2,373
120.2,186.6,185,254.6
217,327.4,426.6,384.2
187.4,142.6,266.6,348.2
125,129,190.6,192.2
263.4,127.4,398.6,323.4
437,81.8,512.2,272.2
121,211.4,185,254.6
201.8,120.2,316.2,223.4
120.2,198.6,184.2,240.2
306.6,225,353,280.2
462.6,33.8,512.2,109
368.2,1,421.8,56.2
223.4,197,270.6,340.2
190.6,340.2,237.8,384.2
213.8,1,289,124.2
112.2,1,154.6,101
186.6,191.4,270.6,350.6
185,131.4,284.2,384.2
120.2,185.8,186.6,254.6
102.6,43.4,185,331.4
225.8,57,276.2,122.6
281,1,336.2,53.8
353.8,224.2,397.8,303.4
213.8,1,297,41.8
269,120.2,356.2,248.2
253.8,265.8,315.4,377.8
29,89.8,176.2,384.2
324.2,117.8,391.4,288.2
443.4,192.2,512.2,376.2
176.2,341.8,237.8,384.2
92.2,38.6,133.8,100.2
113,104.2,176.2,258.6
234.6,147.4,276.2,192.2
313,333.8,427.4,384.2
111.4,102.6,183.4,176.2
270.6,161.8,312.2,217
125,129,190.6,198.6
196.2,245.8,257.8,342.6
307.4,51.4,409,119.4
273,322.6,332.2,384.2
268.2,117,320.2,181
362.6,57.8,413,111.4
268.2,117.8,412.2,332.2
461,78.6,512.2,160.2
449,64.2,495.4,144.2
447.4,113,512.2,376.2
118.6,116.2,190.6,192.2
217,38.6,274.6,96.2
103.4,48.2,145,129
268.2,48.2,321,157.8
291.4,223.4,369.8,317
201,258.6,281,384.2
313,333,426.6,380.2
102.6,42.6,176.2,144.2
120.2,241,217,352.2
124.2,256.2,189,349.8
41.8,113.8,82.6,239.4
254.6,177,330.6,289
14.6,9,80.2,190.6
283.4,1,337.8,51.4
274.6,325,330.6,384.2
306.6,51.4,409,129
285.8,265,331.4,325
259.4,245,351.4,372.2
112.2,103.4,185,172.2
368.2,1,454.6,384.2
249,152.2,289.8,207.4
191.4,1,284.2,109
269,109,321,157.8
260.2,225,344.2,327.4
362.6,57,425,107.4
267.4,37,333,110.6
268.2,117.8,344.2,198.6
118.6,117.8,190.6,192.2
348.2,1,512.2,384.2
224.2,245.8,265,340.2
113.8,117,186.6,257
177,1,289,124.2
225,245.8,281,384.2
120.2,171.4,185,240.2
312.2,258.6,359.4,325
34.6,113.8,82.6,241
113.8,117.8,184.2,257
103.4,86.6,174.6,144.2
275.4,263.4,426.6,377.8
42.6,98.6,96.2,384.2
257,221.8,309.8,293
260.2,325,341.8,384.2
112.2,103.4,177,258.6
327.4,60.2,403.4,110.6
264.2,329,306.6,384.2
249.8,47.4,409,185
362.6,57,413,148.2
304.2,241,344.2,301.8
277.8,1,422.6,65
437,194.6,484.2,289.8
239.4,199.4,289.8,265
259.4,322.6,333,384.2
307.4,224.2,353,277
190.6,341.8,237.8,384.2
217.8,97.8,274.6,143.4
231.4,129,289,202.6
392.2,38.6,437,127.4
439.4,1,512.2,95.4
110.6,257,184.2,322.6
289.8,56.2,330.6,160.2
269,109,405.8,157.8
187.4,1,241,41
269.8,146.6,316.2,217
195.4,171.4,235.4,342.6
257,207.4,333,289
104.2,37,190.6,264.2
118.6,116.2,185,172.2
349,1,433,56.2
273,263.4,357,375.4
214.6,42.6,264.2,102.6
135.4,33,175.4,101
313,333,409.8,377
304.2,224.2,406.6,359.4
226.6,128.2,271.4,175.4
113.8,117.8,190.6,198.6
113,259.4,184.2,384.2
213.8,1,289,45
269.8,103.4,369,144.2
222.6,199.4,270.6,345
221.8,123.4,398.6,323.4
299.4,129.8,356.2,248.2
405,1,454.6,384.2
425.8,1,502.6,144.2
219.4,47.4,411.4,274.6
447.4,192.2,512.2,376.2
304.2,241,406.6,359.4
79.4,1,221.8,112.2
362.6,135.4,411.4,304.2
231.4,129,271.4,175.4
358.6,324.2,422.6,364.2
103.4,109,175.4,333
224.2,200.2,266.6,252.2
317,1,425,57.8
425.8,1,512.2,181.8
254.6,146.6,316.2,223.4
81,305.8,130.6,352.2
117.8,261.8,170.6,384.2
305,1,353,49.8
306.6,60.2,405.8,116.2
354.6,324.2,426.6,377.8
267.4,1,337.8,110.6
307.4,51.4,383.4,108.2
14.6,9,80.2,112.2
326.6,198.6,400.2,303.4
214.6,42.6,276.2,122.6
312.2,287.4,352.2,333.8
1,102.6,49,178.6
269.8,122.6,336.2,211.4
224.2,258.6,265,332.2
177.8,1,297,65.8
109,103.4,185,192.2
223.4,191.4,266.6,329.8
113,102.6,185.8,257.8
289.8,56.2,330.6,110.6
224.2,199.4,284.2,273.8
333,1,383.4,56.2
283.4,1,384.2,57.8
136.2,37.8,176.2,101.8
113.8,117.8,190.6,258.6
177.8,40.2,362.6,342.6
291.4,225,353,317
320.2,57.8,413,112.2
224.2,200.2,266.6,329.8
374.6,104.2,414.6,304.2
103.4,48.2,174.6,129
283.4,1,335.4,51.4
120.2,185.8,186.6,227.4
225,327.4,281,384.2
186.6,1,241,41.8
1,1,52.2,176.2
14.6,9,80.2,231.4
217.8,49.8,269.8,142.6
121,259.4,175.4,384.2
306.6,74.6,408.2,164.2
222.6,191.4,270.6,345
185,131.4,235.4,342.6
190.6,294.6,266.6,346.6
104.2,41.8,178.6,143.4
464.2,1,512.2,53.8
353.8,224.2,400.2,303.4
294.6,288.2,357,372.2
320.2,62.6,400.2,112.2
320.2,335.4,409.8,377
285.8,241,358.6,333.8
273.8,37,337,110.6
339.4,1,425,56.2
113.8,117.8,166.6,173.8
320.2,335.4,427.4,380.2
268.2,1,326.6,157.8
187.4,46.6,227.4,136.2
349,318.6,433.8,384.2
254.6,177,305.8,223.4
281,1,326.6,53.8
326.6,198.6,407.4,303.4
229,184.2,281,225.8
269,49.8,321,157.8
65,261.8,170.6,384.2
260.2,223.4,422.6,375.4
234.6,147.4,289,202.6
217.8,120.2,274.6,175.4
283.4,1,353,51.4
125,1,175.4,100.2
113,261.8,170.6,384.2
229,184.2,294.6,261
333,286.6,384.2,357
265,110.6,306.6,161
187.4,44.2,269.8,136.2
120.2,186.6,186.6,258.6
363.4,256.2,413,337.8
285.8,222.6,406.6,370.6
201.8,141,253,185
65,40.2,113,95.4
249,128.2,312.2,217
182.6,57,299.4,290.6
224.2,258.6,265,340.2
215.4,120.2,278.6,210.6
35.4,113,81,239.4
193,171.4,235.4,304.2
299.4,160.2,356.2,248.2
392.2,38.6,437,108.2
65,259.4,176.2,384.2
217.8,120.2,278.6,197
337.8,1,384.2,49.8
177.8,40.2,276.2,210.6
309,62.6,400.2,112.2
232.2,245.8,273.8,342.6
307.4,309.8,357,372.2
427.4,96.2,512.2,377.8
315.4,52.2,400.2,112.2
81,261.8,170.6,384.2
304.2,241,358.6,333.8
103.4,47.4,174.6,129
201.8,120.2,278.6,210.6
177.8,40.2,362.6,266.6
362.6,57.8,413,107.4
312.2,258.6,353,316.2
113,86.6,178.6,143.4
33,1,83.4,192.2
425.8,1,497,143.4
275.4,263.4,357,375.4
113.8,117.8,185,173.8
182.6,57,331.4,342.6
269,117.8,401,322.6
252.2,177,330.6,289
437,129.8,484.2,289.8
130.6,260.2,175.4,367.4
213.8,1,275.4,41
260.2,224.2,321.8,305
41.8,17,83.4,192.2
270.6,161.8,316.2,217
309,62.6,409,119.4
113.8,117.8,186.6,258.6
459.4,1,512.2,52.2
289.8,51.4,337,110.6
270.6,257,315.4,322.6
213.8,1,291.4,41.8
368.2,62.6,413,148.2
350.6,224.2,400.2,303.4
269,124.2,353,248.2
215.4,126.6,276.2,210.6
104.2,48.2,145,129
336.2,117.8,382.6,185
217,38.6,274.6,113
252.2,177,331.4,297
269,124.2,362.6,266.6
315.4,241.8,358.6,289
312.2,283.4,355.4,333.8
289.8,109,405.8,185
269.8,146.6,316.2,215.4
447.4,221,507.4,376.2
265,122.6,362.6,266.6
447.4,225,507.4,376.2
121.8,297.8,163.4,384.2
285.8,222.6,406.6,359.4
337,286.6,384.2,357
195.4,171.4,235.4,295.4
257,207.4,330.6,289
433,1,512.2,160.2
289,222.6,406.6,359.4
187.4,44.2,261.8,136.2
113.8,157,184.2,257
439.4,64.2,502.6,160.2
464.2,1,512.2,52.2
312.2,286.6,406.6,359.4
307.4,224.2,372.2,308.2
113.8,117.8,166.6,177
437,194.6,484.2,257.8
269,124.2,333.8,219.4
