141.8,1,383.93,511.93
1,1,165.27,511.93
105.53,1,383.93,511.93
297.53,1,340.2,231.4
76.733,1,276.2,511.93
207.93,6.3333,315.67,188.73
1,1,383.93,511.93
217.53,1,310.33,153.53
142.87,1,383.93,511.93
1,1,261.27,511.93
105.53,1,276.2,511.93
327.4,213.27,381.8,359.4
102.33,1,216.47,361.53
135.4,1,383.93,511.93
204.73,20.2,271.93,138.6
198.33,454.33,249.53,511.93
313.53,1,383.93,488.47
1,1,216.47,511.93
151.4,1,383.93,511.93
191.93,1,341.27,281.53
298.6,1,340.2,281.53
157.8,1,383.93,511.93
141.8,330.6,246.33,399.93
150.33,369,216.47,447.93
217.53,1,292.2,124.73
141.8,232.47,383.93,511.93
326.33,1,383.93,430.87
295.4,338.07,349.8,451.13
198.33,430.87,383.93,511.93
135.4,168.47,341.27,377.53
287.93,1,383.93,461.8
248.47,366.87,290.07,498.07
156.73,1,287.93,185.53
273,193,383.93,454.33
300.73,1,383.93,264.47
1,1,276.2,511.93
220.73,1,261.27,102.33
330.6,356.2,382.87,452.2
159.93,1,321,364.73
338.07,106.6,383.93,264.47
273,244.2,383.93,451.13
242.07,1,383.93,511.93
331.67,369,373.27,450.07
313.53,342.33,383.93,452.2
221.8,1,341.27,281.53
330.6,360.47,381.8,452.2
141.8,233.53,383.93,511.93
143.93,1,383.93,364.73
251.67,1,383.93,511.93
255.93,1,383.93,282.6
141.8,328.47,259.13,511.93
248.47,366.87,290.07,427.67
1,1,266.6,511.93
198.33,454.33,247.4,511.93
105.53,1,383.93,461.8
105.53,1,267.67,359.4
204.73,1,308.2,301.8
170.6,369,232.47,421.27
135.4,303.93,383.93,511.93
156.73,65,222.87,175.93
209,1,261.27,79.933
145,1,383.93,250.6
337,107.67,383.93,227.13
81,1,187.67,367.93
105.53,1,323.13,364.73
242.07,430.87,325.27,511.93
207.93,1,383.93,362.6
212.2,366.87,383.93,511.93
341.27,70.333,383.93,132.2
204.73,1,290.07,301.8
243.13,1,383.93,511.93
326.33,1,383.93,241
185.53,1,340.2,281.53
331.67,361.53,381.8,451.13
313.53,278.33,383.93,452.2
191.93,104.47,321,255.93
312.47,283.67,383.93,461.8
287.93,241,383.93,511.93
186.6,161,323.13,364.73
154.6,1,261.27,151.4
312.47,241,383.93,375.4
326.33,1,383.93,364.73
330.6,70.333,383.93,213.27
331.67,369,380.73,450.07
207.93,123.67,287.93,185.53
290.07,175.93,383.93,461.8
287.93,241,383.93,479.93
297.53,1,340.2,282.6
1,1,51.133,399.93
185.53,1,315.67,280.47
1,1,164.2,511.93
37.267,306.07,137.53,511.93
188.73,209,278.33,252.73
191.93,1,383.93,488.47
253.8,168.47,341.27,282.6
187.67,123.67,287.93,206.87
157.8,33,299.67,462.87
167.4,252.73,268.73,363.67
156.73,1,263.4,175.93
323.13,440.47,379.67,511.93
141.8,211.13,383.93,511.93
331.67,369,379.67,450.07
245.27,253.8,302.87,363.67
330.6,354.07,383.93,488.47
198.33,431.93,255.93,511.93
251.67,378.6,318.87,436.2
185.53,1,383.93,281.53
159.93,1,340.2,364.73
307.13,241,383.93,461.8
243.13,430.87,307.13,511.93
297.53,1,383.93,488.47
151.4,33,299.67,462.87
315.67,1,383.93,306.07
322.07,356.2,383.93,461.8
338.07,252.73,381.8,359.4
342.33,1,383.93,253.8
141.8,247.4,346.6,366.87
290.07,248.47,333.8,351.93
135.4,168.47,383.93,511.93
247.4,366.87,312.47,430.87
156.73,1,323.13,364.73
155.67,366.87,254.87,426.6
249.53,443.67,329.53,511.93
242.07,253.8,383.93,511.93
135.4,303.93,294.33,447.93
331.67,335.93,383.93,451.13
311.4,201.53,383.93,326.33
221.8,118.33,292.2,186.6
290.07,243.13,383.93,436.2
65,369,113,511.93
247.4,253.8,330.6,511.93
311.4,193,383.93,326.33
76.733,1,178.07,511.93
334.87,1,383.93,227.13
326.33,1,383.93,264.47
102.33,1,169.53,151.4
327.4,213.27,383.93,359.4
265.53,103.4,308.2,175.93
327.4,440.47,383.93,511.93
158.87,1,263.4,175.93
142.87,211.13,383.93,389.27
337,1,383.93,218.6
170.6,366.87,318.87,437.27
263.4,441.53,327.4,511.93
249.53,367.93,329.53,511.93
157.8,247.4,294.33,377.53
326.33,1,383.93,452.2
313.53,169.53,383.93,488.47
172.73,65,222.87,175.93
141.8,330.6,190.87,399.93
141.8,233.53,346.6,404.2
330.6,1,383.93,364.73
337,1,383.93,227.13
171.67,370.07,241,507.67
273,193,383.93,451.13
326.33,175.93,383.93,283.67
142.87,211.13,383.93,511.93
249.53,232.47,383.93,511.93
245.27,213.27,383.93,366.87
287.93,193,383.93,452.2
236.73,366.87,329.53,511.93
250.6,430.87,329.53,511.93
337,243.13,383.93,363.67
338.07,201.53,383.93,264.47
326.33,1,383.93,229.27
261.27,1,308.2,82.067
186.6,223.93,319.93,364.73
194.07,249.53,244.2,360.47
209,366.87,291.13,511.93
263.4,434.07,327.4,511.93
287.93,175.93,383.93,461.8
102.33,1,187.67,361.53
157.8,1,308.2,427.67
250.6,422.33,329.53,511.93
156.73,1,312.47,185.53
255.93,1,383.93,452.2
273,193,383.93,452.2
142.87,241,383.93,511.93
218.6,103.4,310.33,153.53
191.93,102.33,303.93,280.47
330.6,374.33,381.8,452.2
300.73,1,341.27,281.53
209,401,254.87,511.93
178.07,249.53,266.6,362.6
141.8,328.47,255.93,511.93
28.733,1,118.33,159.93
142.87,213.27,383.93,389.27
204.73,5.2667,293.27,138.6
278.33,434.07,323.13,479.93
214.33,124.73,289,227.13
322.07,335.93,383.93,461.8
312.47,316.73,383.93,461.8
253.8,253.8,302.87,338.07
253.8,168.47,302.87,238.87
323.13,440.47,383.93,511.93
223.93,54.333,293.27,125.8
245.27,253.8,322.07,364.73
290.07,243.13,383.93,461.8
142.87,241,344.47,511.93
205.8,366.87,318.87,460.73
243.13,366.87,383.93,511.93
102.33,1,276.2,362.6
28.733,1,118.33,306.07
241,294.33,289,364.73
209,401,291.13,511.93
141.8,331.67,337,511.93
226.07,367.93,309.27,472.47
330.6,354.07,383.93,452.2
205.8,367.93,263.4,460.73
141.8,247.4,346.6,404.2
198.33,430.87,254.87,511.93
249.53,366.87,331.67,511.93
262.33,23.4,315.67,161
322.07,369,383.93,454.33
150.33,369,255.93,511.93
331.67,362.6,380.73,451.13
322.07,396.73,382.87,454.33
338.07,175.93,383.93,264.47
242.07,253.8,330.6,511.93
1,1,116.2,511.93
135.4,249.53,319.93,377.53
312.47,241,369,362.6
177,1,276.2,362.6
331.67,360.47,380.73,451.13
257,1,307.13,81
331.67,369,380.73,451.13
17,273,70.333,430.87
143.93,118.33,292.2,364.73
276.2,443.67,329.53,511.93
338.07,193,383.93,264.47
151.4,305,207.93,362.6
10.6,241,110.87,498.07
249.53,367.93,290.07,427.67
39.4,33,116.2,305
287.93,1,383.93,277.27
313.53,354.07,381.8,450.07
159.93,1,383.93,452.2
262.33,1,312.47,78.867
143.93,366.87,383.93,511.93
1,241,116.2,511.93
143.93,154.6,289,364.73
330.6,369,383.93,452.2
178.07,227.13,276.2,362.6
185.53,233.53,303.93,363.67
342.33,106.6,383.93,253.8
330.6,371.13,382.87,452.2
261.27,13.8,307.13,81
335.93,1,383.93,132.2
263.4,104.47,310.33,211.13
250.6,367.93,299.67,426.6
142.87,233.53,330.6,389.27
227.13,366.87,287.93,484.2
225,175.93,275.13,219.67
225,53.267,267.67,125.8
201.53,102.33,303.93,280.47
255.93,1,308.2,125.8
245.27,253.8,310.33,364.73
198.33,430.87,258.07,511.93
135.4,303.93,180.2,369
257,1,307.13,118.33
312.47,241,381.8,375.4
207.93,1,293.27,154.6
95.933,341.27,137.53,511.93
185.53,1,303.93,280.47
257,1,312.47,125.8
255.93,1,307.13,190.87
331.67,362.6,380.73,452.2
330.6,429.8,383.93,488.47
156.73,1,222.87,175.93
312.47,283.67,359.4,436.2
262.33,1,315.67,211.13
102.33,1,276.2,511.93
207.93,1,264.47,153.53
249.53,367.93,331.67,511.93
217.53,15.933,258.07,124.73
212.2,161,323.13,267.67
212.2,184.47,290.07,248.47
270.87,1,383.93,244.2
155.67,366.87,255.93,511.93
204.73,1,293.27,301.8
338.07,169.53,383.93,346.6
198.33,462.87,243.13,511.93
212.2,393.53,255.93,511.93
321,441.53,383.93,511.93
313.53,342.33,383.93,450.07
135.4,249.53,266.6,375.4
330.6,354.07,381.8,450.07
262.33,1,312.47,50.067
1,150.33,164.2,511.93
330.6,361.53,381.8,452.2
66.067,399.93,111.93,511.93
251.67,53.267,330.6,511.93
249.53,435.13,329.53,511.93
249.53,362.6,383.93,511.93
171.67,223.93,276.2,363.67
295.4,1,335.93,81
143.93,366.87,207.93,415.93
142.87,241,369,511.93
221.8,154.6,275.13,211.13
28.733,1,118.33,153.53
307.13,175.93,383.93,287.93
214.33,154.6,276.2,207.93
337,244.2,383.93,367.93
242.07,258.07,319.93,364.73
323.13,446.87,383.93,511.93
290.07,248.47,359.4,436.2
207.93,1,299.67,154.6
338.07,169.53,383.93,264.47
150.33,369,249.53,511.93
207.93,6.3333,315.67,161
193,223.93,276.2,361.53
251.67,1,347.67,511.93
81,1,216.47,367.93
287.93,193,383.93,437.27
275.13,232.47,383.93,375.4
249.53,366.87,329.53,511.93
245.27,253.8,330.6,511.93
207.93,1,321,364.73
221.8,1,263.4,119.4
119.4,1,216.47,359.4
135.4,223.93,276.2,511.93
212.2,161,290.07,248.47
335.93,446.87,383.93,511.93
313.53,354.07,383.93,488.47
337,446.87,383.93,511.93
287.93,248.47,333.8,351.93
158.87,1,222.87,175.93
184.47,196.2,278.33,254.87
287.93,1,335.93,277.27
141.8,330.6,190.87,394.6
222.87,1,312.47,175.93
228.2,81,310.33,277.27
338.07,209,378.6,264.47
207.93,1,332.73,362.6
324.2,1,383.93,306.07
298.6,1,340.2,199.4
161,366.87,318.87,511.93
1,374.33,52.2,511.93
251.67,253.8,302.87,338.07
171.67,229.27,275.13,363.67
189.8,247.4,289,364.73
161,366.87,383.93,511.93
243.13,366.87,331.67,511.93
92.733,306.07,137.53,511.93
157.8,280.47,301.8,427.67
98.067,292.2,138.6,511.93
37.267,341.27,137.53,511.93
1,1,118.33,399.93
286.87,443.67,329.53,511.93
135.4,223.93,276.2,399.93
207.93,52.2,263.4,153.53
331.67,360.47,381.8,451.13
334.87,107.67,383.93,227.13
264.47,452.2,306.07,498.07
191.93,1,303.93,280.47
147.13,360.47,255.93,511.93
207.93,1,314.6,153.53
331.67,360.47,380.73,450.07
259.13,1,312.47,47.933
327.4,1,383.93,364.73
266.6,53.267,323.13,267.67
249.53,366.87,290.07,427.67
337,247.4,383.93,363.67
287.93,241,383.93,461.8
273,248.47,333.8,362.6
245.27,290.07,294.33,363.67
261.27,5.2667,307.13,82.067
228.2,1,332.73,362.6
247.4,253.8,311.4,364.73
141.8,328.47,245.27,404.2
241,308.2,289,364.73
211.13,428.73,254.87,511.93
330.6,1,383.93,258.07
161,254.87,261.27,363.67
10.6,241,116.2,511.93
265.53,30.867,310.33,175.93
145,113,250.6,239.93
330.6,244.2,383.93,452.2
338.07,252.73,383.93,359.4
341.27,247.4,383.93,326.33
226.07,366.87,309.27,472.47
259.13,1,308.2,82.067
327.4,282.6,369,359.4
291.13,1,335.93,277.27
337,251.67,381.8,359.4
337,455.4,377.53,511.93
143.93,322.07,294.33,373.27
321,440.47,383.93,511.93
157.8,280.47,301.8,367.93
338.07,209,379.67,264.47
141.8,331.67,337,376.47
285.8,446.87,383.93,511.93
190.87,248.47,289,364.73
337,252.73,383.93,359.4
207.93,101.27,263.4,153.53
248.47,366.87,317.8,435.13
315.67,241,369,362.6
312.47,316.73,359.4,433
273,248.47,338.07,362.6
249.53,366.87,300.73,498.07
145,1,289,250.6
143.93,366.87,318.87,511.93
245.27,247.4,346.6,366.87
249.53,366.87,299.67,426.6
212.2,124.73,299.67,261.27
245.27,252.73,301.8,362.6
245.27,290.07,301.8,363.67
76.733,1,137.53,367.93
285.8,441.53,327.4,511.93
211.13,154.6,279.4,245.27
221.8,154.6,275.13,219.67
171.67,370.07,242.07,507.67
189.8,247.4,265.53,358.33
1,369,113,511.93
207.93,127.93,275.13,211.13
212.2,422.33,383.93,511.93
263.4,104.47,321,244.2
242.07,262.33,319.93,364.73
28.733,1,84.2,97
264.47,30.867,310.33,175.93
315.67,169.53,383.93,359.4
251.67,1,335.93,511.93
171.67,233.53,275.13,363.67
243.13,430.87,383.93,511.93
287.93,233.53,344.47,437.27
142.87,332.73,330.6,389.27
102.33,1,169.53,207.93
225,104.47,321,255.93
141.8,252.73,268.73,363.67
243.13,430.87,327.4,511.93
249.53,430.87,331.67,511.93
307.13,259.13,383.93,461.8
253.8,1,314.6,119.4
141.8,331.67,337,431.93
207.93,1,271.93,153.53
283.67,430.87,331.67,511.93
251.67,367.93,327.4,511.93
255.93,1,307.13,181.27
273,430.87,327.4,511.93
341.27,243.13,383.93,300.73
312.47,283.67,359.4,433
141.8,321,190.87,415.93
138.6,1,276.2,362.6
222.87,1,266.6,52.2
266.6,53.267,330.6,377.53
107.67,150.33,164.2,511.93
184.47,154.6,278.33,254.87
253.8,254.87,301.8,328.47
190.87,248.47,274.07,358.33
312.47,283.67,359.4,365.8
188.73,168.47,341.27,337
315.67,169.53,383.93,364.73
250.6,367.93,300.73,498.07
331.67,371.13,380.73,451.13
331.67,369,379.67,451.13
275.13,232.47,321,363.67
250.6,430.87,300.73,498.07
268.73,53.267,310.33,196.2
221.8,142.87,275.13,186.6
275.13,209,323.13,267.67
277.27,1,335.93,282.6
187.67,151.4,264.47,206.87
106.6,95.933,152.47,207.93
262.33,6.3333,315.67,161
143.93,369,216.47,447.93
262.33,1,332.73,282.6
188.73,219.67,298.6,271.93
216.47,137.53,287.93,185.53
327.4,213.27,372.2,359.4
1,374.33,73.533,511.93
188.73,219.67,298.6,337
295.4,239.93,344.47,437.27
170.6,369,252.73,433
228.2,37.267,321,277.27
193,223.93,319.93,364.73
337,247.4,383.93,358.33
204.73,1,290.07,248.47
170.6,366.87,317.8,435.13
158.87,51.133,222.87,151.4
226.07,380.73,289,472.47
249.53,441.53,329.53,511.93
135.4,303.93,216.47,447.93
312.47,316.73,359.4,365.8
333.8,446.87,383.93,511.93
226.07,366.87,316.73,472.47
204.73,20.2,290.07,248.47
159.93,154.6,289,364.73
271.93,1,335.93,81
312.47,241,369,363.67
225,249.53,266.6,335.93
249.53,367.93,315.67,501.27
252.73,434.07,329.53,511.93
271.93,262.33,319.93,363.67
273,244.2,383.93,362.6
198.33,462.87,252.73,511.93
226.07,366.87,329.53,511.93
341.27,247.4,383.93,356.2
323.13,201.53,383.93,326.33
225,190.87,303.93,255.93
198.33,367.93,263.4,511.93
155.67,366.87,255.93,454.33
257,1,341.27,281.53
289,247.4,346.6,366.87
143.93,247.4,289,364.73
159.93,248.47,289,364.73
150.33,367.93,263.4,511.93
342.33,1,383.93,114.07
251.67,280.47,301.8,338.07
201.53,190.87,303.93,280.47
198.33,449,249.53,511.93
178.07,1,258.07,127.93
263.4,1,312.47,78.867
207.93,1,263.4,153.53
270.87,1,335.93,81
102.33,1,187.67,316.73
31.933,33,116.2,306.07
92.733,150.33,164.2,511.93
287.93,35.133,345.53,244.2
170.6,369,249.53,433
143.93,322.07,294.33,377.53
156.73,1,258.07,175.93
315.67,213.27,381.8,359.4
330.6,359.4,381.8,452.2
28.733,1,116.2,306.07
157.8,124.73,299.67,462.87
211.13,196.2,279.4,242.07
198.33,460.73,258.07,511.93
222.87,1,312.47,52.2
193,129,287.93,185.53
201.53,247.4,303.93,363.67
37.267,369,111.93,511.93
245.27,254.87,301.8,362.6
285.8,367.93,329.53,511.93
209,401,254.87,498.07
209,393.53,291.13,511.93
267.67,81,310.33,196.2
221.8,104.47,321,255.93
341.27,446.87,383.93,511.93
277.27,1,383.93,282.6
315.67,241,358.33,317.8
161,305,207.93,362.6
212.2,422.33,329.53,511.93
1,374.33,52.2,463.93
331.67,362.6,383.93,452.2
263.4,1,314.6,119.4
25.533,241,110.87,498.07
251.67,367.93,318.87,436.2
188.73,196.2,278.33,254.87
1,241,113,511.93
331.67,374.33,373.27,450.07
277.27,1,342.33,282.6
221.8,37.267,321,277.27
331.67,370.07,380.73,451.13
145,113,289,250.6
156.73,305,207.93,362.6
161,366.87,318.87,437.27
228.2,104.47,310.33,362.6
154.6,1,222.87,63.933
289,241,383.93,375.4
250.6,430.87,315.67,497
340.2,107.67,383.93,306.07
188.73,196.2,278.33,252.73
228.2,104.47,310.33,260.2
267.67,81,310.33,211.13
250.6,428.73,315.67,497
247.4,366.87,301.8,428.73
270.87,1,345.53,244.2
143.93,369,242.07,511.93
315.67,241,369,333.8
245.27,250.6,301.8,362.6
158.87,1,209,143.93
220.73,248.47,270.87,338.07
337,251.67,383.93,359.4
248.47,366.87,298.6,418.07
340.2,1,383.93,132.2
333.8,1,383.93,227.13
334.87,375.4,375.4,450.07
267.67,104.47,310.33,211.13
327.4,282.6,367.93,359.4
159.93,242.07,289,364.73
220.73,1,261.27,57.533
177,65,222.87,151.4
143.93,303.93,185.53,361.53
337,251.67,383.93,367.93
337,255.93,383.93,363.67
250.6,367.93,291.13,426.6
330.6,95.933,383.93,213.27
129,37.267,216.47,359.4
331.67,369,375.4,450.07
221.8,37.267,321,364.73
228.2,37.267,315.67,277.27
220.73,1,293.27,125.8
263.4,1,314.6,78.867
340.2,107.67,383.93,291.13
150.33,369,216.47,511.93
194.07,248.47,270.87,361.53
242.07,430.87,383.93,511.93
207.93,130.07,275.13,211.13
39.4,1,116.2,306.07
214.33,154.6,289,227.13
150.33,370.07,197.27,511.93
138.6,1,250.6,239.93
263.4,104.47,310.33,196.2
187.67,123.67,273,233.53
340.2,108.73,381.8,258.07
287.93,1,335.93,210.07
135.4,303.93,262.33,375.4
187.67,123.67,289,250.6
170.6,369,252.73,507.67
212.2,130.07,290.07,248.47
249.53,366.87,383.93,511.93
161,370.07,241,511.93
266.6,53.267,310.33,267.67
253.8,254.87,301.8,338.07
330.6,1,383.93,213.27
209,1,255.93,124.73
145,1,250.6,239.93
98.067,150.33,178.07,511.93
157.8,247.4,294.33,462.87
186.6,229.27,228.2,273
201.53,127.93,303.93,280.47
247.4,315.67,311.4,364.73
171.67,369,249.53,507.67
327.4,213.27,372.2,308.2
337,244.2,383.93,359.4
188.73,219.67,298.6,273
135.4,249.53,319.93,375.4
295.4,1,335.93,277.27
177,66.067,222.87,151.4
285.8,467.13,329.53,511.93
245.27,290.07,289,362.6
228.2,81,310.33,253.8
223.93,82.067,293.27,125.8
211.13,196.2,279.4,245.27
333.8,1,383.93,133.27
300.73,139.67,341.27,281.53
102.33,1,145,151.4
133.27,161,187.67,316.73
330.6,359.4,380.73,451.13
340.2,108.73,383.93,258.07
222.87,118.33,292.2,161
249.53,385,315.67,501.27
262.33,23.4,315.67,211.13
157.8,296.47,294.33,367.93
10.6,241,110.87,511.93
252.73,430.87,327.4,511.93
250.6,415.93,300.73,498.07
273,430.87,323.13,500.2
250.6,430.87,300.73,497
226.07,366.87,287.93,484.2
154.6,1,222.87,151.4
247.4,366.87,289,423.4
143.93,321,190.87,362.6
158.87,1,207.93,143.93
92.733,292.2,149.27,511.93
161,369,216.47,447.93
184.47,154.6,289,246.33
243.13,430.87,291.13,511.93
142.87,327.4,337,396.73
247.4,366.87,318.87,436.2
245.27,253.8,319.93,364.73
1,433,73.533,511.93
102.33,1,143.93,207.93
337,95.933,383.93,218.6
221.8,118.33,292.2,168.47
242.07,296.47,309.27,364.73
62.867,1,118.33,159.93
178.07,227.13,275.13,362.6
286.87,438.33,329.53,511.93
154.6,1,261.27,79.933
271.93,1,312.47,47.933
177,1,273,233.53
81,18.067,137.53,367.93
135.4,303.93,185.53,375.4
228.2,190.87,301.8,260.2
17,289,66.067,430.87
266.6,53.267,323.13,364.73
39.4,33,116.2,306.07
225,190.87,303.93,268.73
248.47,366.87,290.07,430.87
171.67,248.47,270.87,363.67
242.07,280.47,309.27,364.73
215.4,130.07,270.87,185.53
263.4,1,312.47,71.4
249.53,367.93,315.67,497
135.4,303.93,180.2,399.93
289,247.4,337,363.67
334.87,375.4,379.67,450.07
157.8,254.87,294.33,377.53
266.6,53.267,310.33,196.2
253.8,271.93,298.6,338.07
285.8,422.33,329.53,511.93
252.73,441.53,329.53,511.93
184.47,154.6,279.4,246.33
330.6,10.6,383.93,213.27
289,241,344.47,331.67
248.47,366.87,289,418.07
262.33,1,323.13,199.4
273,248.47,319.93,328.47
190.87,249.53,265.53,358.33
198.33,249.53,265.53,358.33
276.2,435.13,323.13,488.47
143.93,321,245.27,363.67
217.53,15.933,258.07,103.4
142.87,241,344.47,396.73
178.07,233.53,275.13,362.6
249.53,392.47,315.67,501.27
246.33,315.67,309.27,364.73
249.53,366.87,315.67,501.27
245.27,315.67,318.87,364.73
286.87,441.53,329.53,511.93
268.73,53.267,310.33,129
247.4,253.8,330.6,377.53
1,374.33,52.2,470.33
246.33,280.47,301.8,362.6
170.6,369,255.93,511.93
1,433,47.933,511.93
262.33,1,323.13,78.867
249.53,392.47,315.67,497
150.33,370.07,195.13,505.53
245.27,310.33,287.93,362.6
287.93,241,344.47,331.67
191.93,252.73,244.2,360.47
194.07,250.6,248.47,361.53
205.8,369,251.67,430.87
264.47,452.2,306.07,501.27
142.87,327.4,337,376.47
245.27,253.8,318.87,364.73
263.4,462.87,306.07,503.4
252.73,367.93,329.53,511.93
334.87,97,383.93,227.13
187.67,177,289,250.6
335.93,454.33,380.73,511.93
227.13,366.87,317.8,435.13
285.8,441.53,329.53,511.93
267.67,104.47,310.33,196.2
289,247.4,337,331.67
187.67,123.67,264.47,229.27
17,289,70.333,430.87
337,454.33,380.73,511.93
297.53,181.27,341.27,282.6
209,1,255.93,79.933
205.8,369,249.53,430.87
341.27,1,383.93,132.2
1,374.33,63.933,479.93
187.67,151.4,264.47,223.93
198.33,249.53,265.53,298.6
66.067,399.93,113,511.93
330.6,95.933,383.93,145
194.07,252.73,244.2,360.47
187.67,151.4,264.47,229.27
10.6,273,70.333,430.87
334.87,107.67,376.47,179.13
334.87,362.6,380.73,450.07
245.27,321,298.6,364.73
143.93,369,197.27,511.93
66.067,414.87,113,511.93
212.2,219.67,298.6,261.27
245.27,271.93,318.87,364.73
191.93,249.53,266.6,360.47
65,306.07,116.2,511.93
205.8,177,289,229.27
340.2,107.67,383.93,258.07
245.27,290.07,289,363.67
212.2,190.87,299.67,261.27
246.33,310.33,287.93,359.4
98.067,150.33,164.2,511.93
285.8,455.4,358.33,511.93
334.87,97,383.93,179.13
252.73,430.87,325.27,511.93
177,1,255.93,127.93
216.47,127.93,275.13,185.53
278.33,434.07,325.27,492.73
214.33,137.53,287.93,185.53
228.2,190.87,301.8,253.8
216.47,124.73,275.13,185.53
76.733,18.067,137.53,367.93
154.6,1,212.2,63.933
213.27,154.6,275.13,219.67
334.87,370.07,380.73,450.07
133.27,161,187.67,361.53
66.067,414.87,111.93,511.93
193,1,255.93,127.93
10.6,289,70.333,479.93
170.6,369,232.47,415.93
216.47,138.6,275.13,185.53
10.6,289,70.333,430.87
