1,1,343.4,511.93
82.067,170.6,343.4,511.93
1,348.73,343.4,511.93
69.267,173.8,343.4,511.93
121.53,253.8,343.4,511.93
1,140.73,159.93,511.93
1,1,185.53,511.93
174.87,1,343.4,69.267
109.8,1,343.4,125.8
70.333,1,343.4,511.93
70.333,241,135.4,303.93
199.4,108.73,343.4,227.13
70.333,30.867,137.53,113
70.333,245.27,226.07,409.53
62.867,260.2,343.4,511.93
1,1,139.67,111.93
1,87.4,343.4,511.93
214.33,138.6,343.4,312.47
136.47,182.33,343.4,511.93
59.667,109.8,343.4,323.13
56.467,1,343.4,239.93
1,105.53,343.4,511.93
129,1,343.4,200.47
213.27,197.27,269.8,241
1,1,343.4,237.8
1,1,248.47,183.4
77.8,321,206.87,478.87
1,1,343.4,233.53
60.733,122.6,343.4,380.73
60.733,242.07,117.27,345.53
1,140.73,343.4,511.93
51.133,225,235.67,415.93
69.267,173.8,278.33,471.4
239.93,1,299.67,44.733
49,79.933,89.533,139.67
1,140.73,149.27,511.93
1,1,343.4,323.13
142.87,434.07,343.4,511.93
82.067,197.27,310.33,511.93
290.07,122.6,343.4,180.2
113,170.6,343.4,511.93
1,108.73,343.4,511.93
1,75.667,149.27,511.93
1,1,75.667,137.53
184.47,182.33,343.4,454.33
171.67,245.27,226.07,312.47
1,1,217.53,233.53
51.133,225,235.67,409.53
184.47,232.47,319.93,313.53
77.8,225,255.93,478.87
99.133,392.47,255.93,511.93
77.8,178.07,343.4,511.93
22.333,1,343.4,511.93
60.733,197.27,260.2,345.53
167.4,198.33,271.93,261.27
197.27,178.07,343.4,289
1,140.73,102.33,482.07
60.733,198.33,197.27,345.53
68.2,365.8,343.4,511.93
1,62.867,59.667,166.33
180.2,1,343.4,157.8
236.73,1,343.4,123.67
145,434.07,343.4,511.93
298.6,65,343.4,127.93
1,145,140.73,511.93
1,145,343.4,511.93
289,116.2,343.4,194.07
24.467,19.133,78.867,79.933
1,177,115.13,511.93
78.867,30.867,185.53,150.33
1,1,77.8,81
216.47,22.333,303.93,120.47
68.2,365.8,257,511.93
185.53,178.07,343.4,455.4
1,1,249.53,172.73
219.67,250.6,343.4,312.47
214.33,233.53,311.4,286.87
103.4,459.67,213.27,511.93
1,360.47,149.27,511.93
22.333,1,343.4,251.67
136.47,182.33,343.4,420.2
175.93,1,218.6,45.8
59.667,186.6,143.93,412.73
284.73,122.6,343.4,200.47
102.33,445.8,343.4,511.93
105.53,366.87,257,454.33
231.4,260.2,343.4,397.8
60.733,279.4,117.27,363.67
20.2,145,237.8,364.73
1,75.667,343.4,511.93
83.133,198.33,231.4,453.27
180.2,115.13,343.4,241
123.67,1,222.87,57.533
55.4,348.73,255.93,472.47
129,441.53,343.4,511.93
257,122.6,343.4,261.27
1,1,343.4,239.93
51.133,233.53,133.27,328.47
72.467,1,146.07,51.133
239.93,1,343.4,68.2
191.93,302.87,313.53,392.47
172.73,197.27,260.2,291.13
213.27,174.87,298.6,241
1,1,104.47,171.67
180.2,1,343.4,127.93
184.47,269.8,343.4,420.2
51.133,182.33,343.4,511.93
70.333,216.47,255.93,511.93
40.467,108.73,343.4,511.93
92.733,359.4,143.93,412.73
237.8,1,285.8,43.667
1,1,343.4,172.73
56.467,117.27,214.33,239.93
40.467,108.73,343.4,380.73
59.667,189.8,136.47,364.73
43.667,83.133,89.533,142.87
290.07,122.6,343.4,200.47
212.2,71.4,324.2,121.53
51.133,211.13,141.8,339.13
170.6,87.4,343.4,453.27
82.067,173.8,278.33,332.73
69.267,232.47,255.93,471.4
40.467,108.73,296.47,263.4
20.2,145,278.33,364.73
187.67,166.33,243.13,229.27
284.73,113,343.4,200.47
129,1,343.4,123.67
70.333,198.33,271.93,314.6
58.6,120.47,178.07,165.27
218.6,232.47,313.53,290.07
109.8,393.53,167.4,470.33
146.07,445.8,343.4,511.93
1,140.73,278.33,482.07
1,1,343.4,183.4
1,1,75.667,255.93
72.467,1,133.27,42.6
1,290.07,114.07,351.93
105.53,225,231.4,365.8
180.2,1,343.4,150.33
187.67,166.33,278.33,229.27
55.4,348.73,255.93,477.8
219.67,241,311.4,286.87
199.4,366.87,343.4,455.4
257,170.6,343.4,380.73
1,1,79.933,166.33
129,178.07,343.4,511.93
1,145,142.87,511.93
185.53,226.07,343.4,455.4
1,145,152.47,511.93
1,1,105.53,142.87
1,177,136.47,511.93
70.333,247.4,134.33,287.93
157.8,260.2,200.47,308.2
1,1,215.4,189.8
1,447.93,71.4,511.93
131.13,247.4,207.93,308.2
238.87,63.933,343.4,150.33
72.467,310.33,310.33,511.93
92.733,468.2,238.87,511.93
93.8,354.07,235.67,471.4
195.13,108.73,343.4,229.27
82.067,385,310.33,511.93
1,1,185.53,255.93
1,299.67,87.4,403.13
1,177,114.07,351.93
83.133,344.47,168.47,453.27
255.93,286.87,343.4,386.07
170.6,181.27,343.4,453.27
62.867,233.53,108.73,289
76.733,1,201.53,47.933
58.6,1,297.53,232.47
94.867,426.6,167.4,472.47
51.133,225,215.4,268.73
172.73,227.13,238.87,279.4
58.6,18.067,311.4,233.53
83.133,359.4,168.47,453.27
70.333,225,196.2,314.6
1,214.33,92.733,403.13
70.333,198.33,197.27,313.53
172.73,108.73,296.47,227.13
69.267,211.13,139.67,305
1,105.53,120.47,511.93
43.667,75.667,104.47,142.87
62.867,283.67,119.4,346.6
46.867,83.133,87.4,141.8
180.2,87.4,343.4,312.47
174.87,173.8,278.33,281.53
109.8,1,179.13,47.933
68.2,28.733,153.53,111.93
113,170.6,343.4,394.6
223.93,226.07,343.4,377.53
72.467,253.8,343.4,511.93
1,1,297.53,232.47
1,145,115.13,511.93
33,145,191.93,220.73
109.8,388.2,255.93,470.33
43.667,75.667,95.933,142.87
29.8,79.933,94.867,145
82.067,118.33,214.33,223.93
110.87,1,222.87,57.533
235.67,1,343.4,113
227.13,235.67,296.47,289
68.2,1,222.87,111.93
142.87,181.27,343.4,511.93
105.53,295.4,155.67,341.27
1,140.73,108.73,482.07
1,47.933,54.333,137.53
51.133,225,343.4,511.93
143.93,440.47,343.4,511.93
170.6,295.4,343.4,453.27
46.867,62.867,101.27,142.87
60.733,173.8,319.93,345.53
231.4,260.2,343.4,402.07
109.8,329.53,206.87,393.53
1,127.93,92.733,328.47
1,1,222.87,171.67
1,1,78.867,79.933
56.467,117.27,146.07,172.73
143.93,1,248.47,103.4
119.4,173.8,278.33,281.53
93.8,354.07,152.47,431.93
107.67,287.93,231.4,365.8
70.333,248.47,135.4,303.93
1,383.93,159.93,511.93
45.8,66.067,101.27,141.8
45.8,66.067,94.867,136.47
183.4,460.73,343.4,511.93
235.67,1,343.4,107.67
158.87,311.4,221.8,361.53
175.93,74.6,218.6,120.47
172.73,227.13,238.87,291.13
108.73,459.67,219.67,511.93
46.867,79.933,101.27,142.87
20.2,211.13,237.8,364.73
76.733,1,131.13,42.6
59.667,186.6,136.47,364.73
1,18.067,89.533,170.6
1,127.93,120.47,511.93
111.93,325.27,177,365.8
181.27,246.33,226.07,301.8
62.867,197.27,271.93,323.13
151.4,173.8,306.07,239.93
81,325.27,209,409.53
236.73,1,343.4,111.93
97,398.87,234.6,468.2
12.733,81,69.267,143.93
94.867,388.2,255.93,472.47
1,299.67,120.47,511.93
212.2,44.733,343.4,121.53
151.4,11.667,225,97
56.467,62.867,101.27,111.93
93.8,198.33,231.4,364.73
124.73,55.4,184.47,98.067
109.8,329.53,206.87,394.6
1,1,78.867,89.533
207.93,182.33,343.4,310.33
82.067,157.8,181.27,223.93
1,1,79.933,193
109.8,225,203.67,314.6
197.27,198.33,271.93,241
1,1,133.27,170.6
139.67,197.27,260.2,291.13
196.2,173.8,278.33,226.07
70.333,248.47,125.8,303.93
1,1,248.47,170.6
166.33,115.13,343.4,241
159.93,1,343.4,286.87
113,310.33,225,394.6
46.867,87.4,94.867,141.8
45.8,1,222.87,111.93
254.87,184.47,297.53,239.93
111.93,232.47,231.4,313.53
180.2,88.467,316.73,129
111.93,232.47,207.93,308.2
62.867,260.2,343.4,402.07
78.867,297.53,148.2,362.6
46.867,18.067,311.4,233.53
1,1,78.867,170.6
111.93,232.47,226.07,313.53
119.4,173.8,278.33,310.33
237.8,455.4,343.4,511.93
45.8,1,101.27,111.93
81,323.13,234.6,469.27
1,145,102.33,482.07
234.6,37.267,343.4,83.133
1,62.867,154.6,183.4
257,122.6,343.4,380.73
297.53,122.6,343.4,174.87
204.73,124.73,287.93,179.13
230.33,244.2,332.73,286.87
49,467.13,92.733,511.93
33,15.933,75.667,62.867
69.267,232.47,255.93,417
76.733,1,222.87,57.533
111.93,232.47,209,308.2
270.87,295.4,343.4,380.73
175.93,75.667,219.67,120.47
1,103.4,63.933,171.67
78.867,31.933,130.07,113
109.8,329.53,225,397.8
62.867,241,135.4,364.73
1,360.47,47.933,425.53
103.4,418.07,221.8,511.93
1,1,343.4,200.47
1,434.07,343.4,511.93
94.867,1,202.6,46.867
22.333,81,343.4,251.67
68.2,28.733,131.13,111.93
62.867,283.67,150.33,346.6
56.467,1,235.67,239.93
119.4,329.53,251.67,395.67
12.733,62.867,101.27,143.93
53.267,75.667,95.933,142.87
132.2,1,230.33,47.933
300.73,65,343.4,127.93
113,329.53,225,394.6
159.93,1,343.4,125.8
73.533,119.4,181.27,263.4
207.93,232.47,343.4,309.27
236.73,46.867,343.4,111.93
108.73,323.13,177,373.27
70.333,241,122.6,303.93
40.467,1,343.4,237.8
180.2,44.733,343.4,127.93
214.33,1,343.4,127.93
70.333,247.4,195.13,313.53
199.4,375.4,343.4,455.4
49,113,343.4,251.67
148.2,246.33,207.93,289
119.4,232.47,226.07,281.53
235.67,44.733,343.4,150.33
283.67,1,343.4,56.467
70.333,198.33,271.93,323.13
1,62.867,59.667,141.8
78.867,275.13,133.27,369
59.667,118.33,214.33,253.8
76.733,1,179.13,47.933
195.13,177,297.53,239.93
109.8,254.87,195.13,313.53
223.93,242.07,319.93,290.07
1,1,104.47,166.33
237.8,188.73,299.67,263.4
123.67,1,179.13,57.533
51.133,225,194.07,268.73
167.4,127.93,214.33,237.8
266.6,115.13,314.6,185.53
81,343.4,234.6,447.93
166.33,65,343.4,286.87
289,115.13,343.4,180.2
1,65,63.933,166.33
72.467,310.33,247.4,471.4
180.2,223.93,227.13,286.87
59.667,109.8,343.4,299.67
82.067,407.4,151.4,471.4
195.13,178.07,317.8,289
148.2,1,343.4,150.33
81,323.13,234.6,447.93
268.73,1,343.4,54.333
82.067,198.33,310.33,511.93
235.67,1,343.4,111.93
102.33,333.8,343.4,511.93
51.133,228.2,194.07,268.73
83.133,359.4,143.93,430.87
235.67,23.4,343.4,107.67
1,1,222.87,111.93
143.93,442.6,343.4,511.93
132.2,1,218.6,47.933
109.8,30.867,186.6,99.133
124.73,385,247.4,455.4
267.67,185.53,343.4,259.13
51.133,200.47,141.8,362.6
94.867,408.47,147.13,472.47
175.93,75.667,228.2,125.8
1,65,54.333,137.53
279.4,295.4,343.4,386.07
49,113,297.53,251.67
255.93,1,343.4,57.533
110.87,325.27,177,373.27
40.467,119.4,214.33,237.8
207.93,182.33,343.4,309.27
92.733,1,222.87,57.533
1,315.67,98.067,482.07
138.6,366.87,228.2,407.4
145,443.67,343.4,511.93
108.73,459.67,213.27,511.93
55.4,348.73,228.2,431.93
68.2,390.33,221.8,511.93
58.6,18.067,217.53,233.53
62.867,282.6,264.47,365.8
1,1,165.27,170.6
170.6,333.8,251.67,399.93
1,449,45.8,511.93
49,146.07,127.93,218.6
6.3333,103.4,63.933,146.07
105.53,225,251.67,395.67
104.47,419.13,161,471.4
109.8,250.6,196.2,314.6
214.33,1,343.4,200.47
1,1,104.47,81
45.8,66.067,94.867,141.8
60.733,198.33,255.93,345.53
20.2,233.53,114.07,342.33
20.2,211.13,139.67,342.33
129,1,248.47,103.4
102.33,406.33,343.4,511.93
69.267,248.47,135.4,305
107.67,260.2,201.53,333.8
130.07,1,248.47,120.47
30.867,75.667,104.47,146.07
184.47,269.8,343.4,454.33
72.467,1,127.93,51.133
152.47,81,219.67,121.53
148.2,333.8,251.67,421.27
30.867,422.33,142.87,511.93
99.133,393.53,149.27,447.93
196.2,173.8,278.33,233.53
113,339.13,225,394.6
110.87,323.13,177,373.27
184.47,297.53,313.53,387.13
33,145,191.93,243.13
234.6,44.733,343.4,92.733
77.8,367.93,255.93,478.87
201.53,375.4,343.4,455.4
82.067,118.33,214.33,239.93
57.533,1,249.53,172.73
33,145,143.93,220.73
210.07,188.73,326.33,286.87
156.73,407.4,238.87,455.4
279.4,310.33,343.4,420.2
119.4,340.2,251.67,395.67
107.67,228.2,207.93,308.2
1,1,85.267,255.93
155.67,413.8,255.93,455.4
30.867,445.8,121.53,511.93
129,1,248.47,120.47
75.667,152.47,126.87,207.93
82.067,385,247.4,471.4
212.2,1,343.4,150.33
111.93,251.67,200.47,311.4
152.47,61.8,219.67,121.53
180.2,164.2,343.4,241
29.8,79.933,91.667,145
239.93,1,343.4,57.533
212.2,40.467,343.4,121.53
199.4,166.33,243.13,217.53
199.4,109.8,296.47,227.13
159.93,1,267.67,123.67
279.4,295.4,343.4,397.8
79.933,159.93,191.93,220.73
59.667,1,139.67,111.93
76.733,241,122.6,299.67
292.2,122.6,343.4,200.47
265.53,1,343.4,69.267
1,141.8,99.133,403.13
198.33,452.2,343.4,508.73
289,116.2,343.4,186.6
143.93,468.2,238.87,511.93
276.2,1,343.4,54.333
51.133,225,235.67,303.93
49,146.07,209,251.67
70.333,251.67,125.8,303.93
1,62.867,60.733,142.87
174.87,1,325.27,62.867
214.33,42.6,315.67,116.2
127.93,397.8,255.93,463.93
72.467,334.87,168.47,471.4
214.33,188.73,311.4,286.87
81,297.53,234.6,469.27
72.467,1,165.27,51.133
234.6,1,343.4,83.133
92.733,359.4,143.93,410.6
143.93,468.2,221.8,511.93
1,33,49,79.933
129,469.27,238.87,511.93
83.133,389.27,180.2,478.87
129,469.27,309.27,511.93
69.267,246.33,135.4,305
91.667,119.4,210.07,229.27
151.4,173.8,319.93,313.53
1,62.867,60.733,137.53
1,140.73,139.67,482.07
141.8,286.87,257,395.67
127.93,159.93,191.93,210.07
94.867,408.47,168.47,472.47
218.6,184.47,313.53,290.07
51.133,225,235.67,286.87
105.53,365.8,257,454.33
105.53,391.4,257,433
60.733,188.73,140.73,363.67
62.867,283.67,132.2,364.73
62.867,198.33,271.93,323.13
111.93,246.33,226.07,311.4
109.8,1,234.6,125.8
1,1,78.867,143.93
156.73,393.53,255.93,463.93
82.067,393.53,234.6,471.4
93.8,354.07,167.4,471.4
127.93,245.27,226.07,318.87
108.73,1,235.67,100.2
267.67,118.33,343.4,194.07
1,1,201.53,193
90.6,278.33,148.2,339.13
1,66.067,94.867,166.33
180.2,166.33,255.93,237.8
188.73,226.07,343.4,383.93
78.867,312.47,177,372.2
49,447.93,92.733,511.93
72.467,330.6,168.47,471.4
76.733,241,122.6,303.93
123.67,1,203.67,57.533
177,1,248.47,99.133
79.933,156.73,170.6,227.13
1,65,69.267,143.93
139.67,287.93,231.4,332.73
236.73,44.733,343.4,150.33
1,18.067,54.333,170.6
83.133,1,248.47,142.87
58.6,18.067,217.53,165.27
110.87,406.33,255.93,466.07
92.733,468.2,310.33,511.93
109.8,1,234.6,99.133
257,122.6,343.4,371.13
58.6,118.33,209,232.47
214.33,1,343.4,116.2
180.2,87.4,295.4,195.13
83.133,407.4,180.2,478.87
81,119.4,214.33,237.8
93.8,198.33,231.4,341.27
146.07,441.53,343.4,511.93
113,309.27,239.93,394.6
261.27,185.53,343.4,259.13
43.667,79.933,91.667,142.87
51.133,225,235.67,369
159.93,1,267.67,125.8
174.87,173.8,278.33,289
1,47.933,54.333,170.6
156.73,410.6,254.87,455.4
174.87,189.8,248.47,239.93
78.867,246.33,237.8,364.73
91.667,211.13,141.8,251.67
78.867,316.73,143.93,362.6
22.333,81,68.2,145
70.333,216.47,226.07,318.87
99.133,443.67,219.67,511.93
60.733,247.4,134.33,363.67
202.6,261.27,244.2,310.33
195.13,109.8,343.4,299.67
108.73,30.867,186.6,100.2
136.47,188.73,343.4,420.2
239.93,375.4,316.73,447.93
72.467,334.87,168.47,453.27
78.867,312.47,143.93,362.6
109.8,251.67,195.13,313.53
78.867,323.13,125.8,369
174.87,173.8,248.47,281.53
108.73,323.13,180.2,373.27
236.73,1,343.4,76.733
1,65,54.333,143.93
289,116.2,343.4,180.2
93.8,354.07,152.47,412.73
236.73,1,290.07,47.933
70.333,247.4,134.33,303.93
219.67,233.53,311.4,289
267.67,185.53,343.4,299.67
87.4,163.13,209,251.67
1,1,105.53,89.533
97,398.87,161,459.67
151.4,173.8,306.07,266.6
230.33,244.2,311.4,286.87
152.47,61.8,219.67,125.8
201.53,397.8,343.4,455.4
1,140.73,99.133,403.13
1,67.133,61.8,166.33
127.93,397.8,255.93,455.4
175.93,75.667,219.67,125.8
82.067,393.53,161,471.4
78.867,11.667,225,150.33
1,1,105.53,79.933
141.8,296.47,255.93,395.67
89.533,390.33,221.8,511.93
180.2,95.933,296.47,195.13
40.467,119.4,181.27,263.4
62.867,283.67,119.4,364.73
94.867,1,178.07,46.867
193,105.53,297.53,193
267.67,289,343.4,420.2
143.93,375.4,343.4,511.93
149.27,406.33,255.93,455.4
93.8,354.07,152.47,447.93
82.067,271.93,125.8,319.93
223.93,246.33,303.93,289
94.867,1,165.27,44.733
255.93,181.27,343.4,253.8
1,141.8,92.733,403.13
151.4,173.8,214.33,237.8
110.87,406.33,255.93,455.4
22.333,81,68.2,142.87
109.8,310.33,247.4,455.4
46.867,79.933,91.667,142.87
292.2,140.73,343.4,200.47
124.73,388.2,255.93,463.93
82.067,271.93,130.07,332.73
55.4,363.67,99.133,424.47
1,1,154.6,183.4
207.93,232.47,343.4,289
20.2,290.07,114.07,342.33
257,170.6,343.4,299.67
270.87,286.87,343.4,380.73
180.2,87.4,311.4,195.13
105.53,225,233.53,365.8
213.27,65,343.4,241
1,1,75.667,79.933
107.67,262.33,183.4,314.6
180.2,166.33,278.33,286.87
133.27,1,179.13,47.933
1,67.133,63.933,166.33
127.93,413.8,255.93,455.4
199.4,109.8,314.6,227.13
201.53,348.73,343.4,454.33
257,170.6,343.4,261.27
109.8,262.33,183.4,314.6
254.87,1,343.4,54.333
223.93,178.07,317.8,289
136.47,286.87,257,395.67
133.27,1,222.87,47.933
196.2,173.8,278.33,236.73
78.867,324.2,125.8,369
214.33,233.53,332.73,286.87
102.33,467.13,149.27,511.93
270.87,250.6,343.4,371.13
83.133,357.27,152.47,399.93
77.8,367.93,180.2,478.87
130.07,1,248.47,103.4
119.4,351.93,251.67,395.67
156.73,406.33,237.8,455.4
1,1,105.53,189.8
292.2,156.73,343.4,200.47
136.47,311.4,228.2,395.67
251.67,1,343.4,62.867
172.73,211.13,255.93,291.13
1,449,159.93,511.93
51.133,211.13,141.8,328.47
93.8,198.33,231.4,313.53
94.867,354.07,228.2,395.67
109.8,397.8,255.93,469.27
99.133,388.2,234.6,447.93
40.467,127.93,126.87,187.67
1,447.93,159.93,511.93
1,449,46.867,511.93
69.267,29.8,205.8,142.87
113,339.13,206.87,394.6
113,184.47,313.53,394.6
1,177,102.33,482.07
173.8,1,222.87,45.8
94.867,1,175.93,46.867
1,120.47,63.933,255.93
150.33,1,248.47,101.27
55.4,359.4,152.47,431.93
195.13,178.07,332.73,289
107.67,216.47,226.07,318.87
239.93,1,299.67,54.333
148.2,389.27,255.93,463.93
94.867,1,215.4,46.867
218.6,184.47,313.53,313.53
297.53,122.6,343.4,200.47
172.73,123.67,214.33,210.07
83.133,359.4,136.47,412.73
55.4,354.07,228.2,431.93
263.4,115.13,343.4,194.07
133.27,1,175.93,45.8
174.87,1,343.4,125.8
69.267,232.47,231.4,313.53
109.8,418.07,167.4,469.27
88.467,157.8,181.27,223.93
1,371.13,142.87,511.93
81,245.27,226.07,409.53
212.2,1,343.4,121.53
293.27,460.73,343.4,511.93
143.93,452.2,343.4,508.73
132.2,1,179.13,47.933
24.467,19.133,89.533,139.67
91.667,119.4,178.07,181.27
1,360.47,68.2,511.93
73.533,188.73,140.73,263.4
81,321,206.87,478.87
199.4,109.8,343.4,299.67
268.73,1,343.4,68.2
124.73,468.2,213.27,511.93
207.93,232.47,296.47,289
178.07,452.2,343.4,511.93
46.867,83.133,154.6,183.4
78.867,314.6,133.27,369
165.27,410.6,237.8,455.4
1,445.8,115.13,511.93
91.667,119.4,178.07,159.93
253.8,182.33,343.4,252.73
196.2,173.8,245.27,217.53
142.87,418.07,221.8,467.13
148.2,1,248.47,103.4
1,1,81,81
30.867,380.73,142.87,511.93
113,329.53,206.87,394.6
180.2,65,343.4,286.87
267.67,286.87,343.4,420.2
87.4,174.87,211.13,233.53
199.4,109.8,343.4,227.13
223.93,231.4,303.93,289
1,1,76.733,166.33
136.47,348.73,228.2,395.67
159.93,1,243.13,123.67
81,343.4,152.47,413.8
145,443.67,319.93,511.93
213.27,174.87,296.47,241
1,315.67,115.13,511.93
214.33,221.8,343.4,312.47
167.4,198.33,271.93,291.13
180.2,73.533,221.8,116.2
210.07,188.73,311.4,286.87
223.93,260.2,331.67,377.53
124.73,389.27,255.93,463.93
146.07,445.8,327.4,499.13
70.333,216.47,234.6,469.27
184.47,242.07,319.93,313.53
220.73,231.4,303.93,289
107.67,228.2,209,318.87
137.53,259.13,196.2,307.13
83.133,329.53,206.87,478.87
83.133,186.6,187.67,239.93
228.2,251.67,343.4,357.27
248.47,184.47,299.67,266.6
178.07,442.6,343.4,511.93
81,321,143.93,364.73
1,62.867,72.467,141.8
172.73,118.33,214.33,184.47
204.73,113,297.53,193
93.8,354.07,167.4,469.27
156.73,406.33,255.93,463.93
97,122.6,178.07,181.27
239.93,1,290.07,44.733
51.133,211.13,141.8,362.6
89.533,390.33,175.93,472.47
130.07,1,215.4,47.933
107.67,228.2,216.47,318.87
104.47,461.8,159.93,511.93
109.8,310.33,225,397.8
143.93,46.867,209,103.4
188.73,333.8,248.47,383.93
110.87,325.27,177,365.8
197.27,198.33,317.8,289
255.93,188.73,300.73,243.13
214.33,233.53,343.4,312.47
92.733,470.33,155.67,511.93
136.47,311.4,255.93,417
195.13,109.8,343.4,232.47
151.4,173.8,297.53,239.93
251.67,44.733,343.4,150.33
279.4,1,343.4,50.067
43.667,1,185.53,177
148.2,333.8,343.4,455.4
93.8,198.33,197.27,313.53
51.133,233.53,103.4,310.33
82.067,393.53,151.4,471.4
6.3333,69.267,62.867,135.4
78.867,247.4,155.67,303.93
107.67,225,231.4,365.8
79.933,228.2,194.07,268.73
78.867,294.33,221.8,364.73
266.6,115.13,343.4,299.67
266.6,115.13,314.6,196.2
180.2,44.733,343.4,150.33
255.93,138.6,343.4,253.8
99.133,410.6,254.87,511.93
78.867,294.33,237.8,364.73
97,398.87,161,471.4
156.73,407.4,247.4,455.4
87.4,174.87,154.6,215.4
239.93,1,343.4,54.333
255.93,138.6,300.73,243.13
82.067,407.4,125.8,471.4
110.87,1,175.93,45.8
97,119.4,178.07,181.27
40.467,1,249.53,237.8
129,1,215.4,47.933
214.33,42.6,258.07,114.07
70.333,30.867,130.07,113
1,299.67,99.133,403.13
1,380.73,142.87,511.93
279.4,1,343.4,54.333
143.93,440.47,343.4,508.73
180.2,95.933,311.4,195.13
1,1,75.667,46.867
1,177,102.33,326.33
180.2,95.933,295.4,195.13
267.67,122.6,343.4,187.67
226.07,188.73,300.73,243.13
109.8,248.47,195.13,313.53
102.33,467.13,238.87,511.93
109.8,329.53,206.87,397.8
22.333,82.067,62.867,142.87
49,447.93,115.13,511.93
156.73,406.33,255.93,455.4
137.53,259.13,179.13,300.73
70.333,225,196.2,307.13
180.2,166.33,296.47,241
228.2,375.4,343.4,451.13
236.73,58.6,332.73,107.67
264.47,1,343.4,54.333
197.27,198.33,303.93,289
87.4,119.4,211.13,233.53
165.27,410.6,254.87,455.4
157.8,294.33,221.8,364.73
219.67,181.27,343.4,312.47
175.93,1,325.27,62.867
253.8,190.87,298.6,239.93
181.27,246.33,226.07,310.33
62.867,282.6,264.47,346.6
255.93,286.87,343.4,407.4
108.73,294.33,221.8,364.73
23.4,1,85.267,102.33
166.33,179.13,209,229.27
78.867,235.67,186.6,303.93
56.467,117.27,178.07,172.73
70.333,34.067,123.67,113
1,305,61.8,351.93
81,357.27,152.47,409.53
219.67,247.4,343.4,312.47
228.2,299.67,283.67,357.27
127.93,169.53,191.93,210.07
191.93,251.67,343.4,392.47
236.73,58.6,332.73,106.6
83.133,38.333,205.8,142.87
255.93,295.4,343.4,397.8
68.2,383.93,122.6,472.47
196.2,232.47,275.13,281.53
81,343.4,152.47,411.67
58.6,1,229.27,232.47
83.133,359.4,180.2,478.87
109.8,393.53,168.47,453.27
198.33,453.27,343.4,508.73
1,1,133.27,61.8
136.47,251.67,200.47,303.93
223.93,241,317.8,289
78.867,225,196.2,307.13
79.933,161,143.93,220.73
219.67,231.4,303.93,289
89.533,390.33,175.93,434.07
83.133,127.93,214.33,239.93
40.467,127.93,114.07,183.4
1,1,75.667,61.8
265.53,65,343.4,194.07
44.733,460.73,139.67,511.93
1,449,49,511.93
157.8,294.33,221.8,361.53
267.67,122.6,343.4,194.07
69.267,1,235.67,142.87
107.67,228.2,194.07,303.93
170.6,333.8,248.47,385
236.73,46.867,343.4,90.6
30.867,445.8,115.13,511.93
273,310.33,343.4,420.2
1,145,76.733,255.93
93.8,359.4,152.47,431.93
107.67,228.2,226.07,318.87
81,357.27,153.53,409.53
111.93,330.6,209,379.67
131.13,310.33,205.8,364.73
166.33,122.6,210.07,229.27
127.93,120.47,178.07,172.73
107.67,260.2,162.07,329.53
68.2,422.33,111.93,472.47
136.47,335.93,228.2,395.67
136.47,228.2,194.07,268.73
107.67,228.2,209,308.2
111.93,232.47,226.07,308.2
195.13,233.53,258.07,281.53
197.27,178.07,317.8,289
129,469.27,221.8,511.93
212.2,71.4,324.2,117.27
111.93,246.33,207.93,308.2
23.4,1,78.867,77.8
1,1,75.667,62.867
185.53,300.73,241,345.53
195.13,177,276.2,229.27
43.667,79.933,89.533,142.87
141.8,297.53,239.93,395.67
111.93,246.33,207.93,303.93
1,449,114.07,511.93
83.133,357.27,152.47,409.53
19.133,214.33,92.733,328.47
138.6,11.667,225,104.47
109.8,11.667,234.6,99.133
110.87,418.07,167.4,470.33
133.27,1,203.67,47.933
107.67,245.27,226.07,333.8
236.73,58.6,343.4,125.8
174.87,189.8,248.47,281.53
109.8,11.667,225,99.133
237.8,1,343.4,54.333
34.067,379.67,149.27,511.93
38.333,290.07,114.07,342.33
84.2,343.4,152.47,397.8
46.867,99.133,93.8,141.8
109.8,389.27,166.33,429.8
104.47,419.13,161,459.67
93.8,359.4,152.47,429.8
78.867,41.533,122.6,113
199.4,108.73,296.47,227.13
266.6,115.13,343.4,200.47
268.73,1,343.4,57.533
279.4,1,331.67,50.067
110.87,325.27,209,379.67
299.67,65,343.4,125.8
1,177,102.33,335.93
81,343.4,152.47,397.8
178.07,452.2,343.4,493.8
1,360.47,120.47,511.93
91.667,211.13,139.67,262.33
137.53,248.47,196.2,307.13
1,447.93,139.67,511.93
177,297.53,239.93,348.73
222.87,453.27,343.4,510.87
43.667,73.533,185.53,177
108.73,328.47,177,372.2
1,15.933,75.667,62.867
289,116.2,343.4,174.87
105.53,366.87,257,433
175.93,1,239.93,49
108.73,1,248.47,101.27
93.8,198.33,197.27,268.73
236.73,1,343.4,70.333
56.467,117.27,214.33,237.8
270.87,295.4,343.4,371.13
263.4,188.73,343.4,252.73
175.93,1,271.93,49
289,65,343.4,194.07
60.733,279.4,117.27,345.53
1,67.133,61.8,140.73
81,119.4,181.27,229.27
78.867,249.53,122.6,299.67
58.6,118.33,178.07,165.27
171.67,1,241,123.67
97,199.4,187.67,239.93
228.2,375.4,343.4,447.93
156.73,183.4,199.4,232.47
127.93,249.53,200.47,318.87
59.667,189.8,136.47,253.8
136.47,233.53,311.4,395.67
177,453.27,343.4,511.93
6.3333,69.267,53.267,134.33
230.33,460.73,343.4,511.93
44.733,460.73,114.07,511.93
82.067,173.8,154.6,225
238.87,1,285.8,43.667
235.67,44.733,343.4,107.67
78.867,1,229.27,150.33
185.53,226.07,343.4,383.93
69.267,1,139.67,111.93
161,46.867,207.93,100.2
263.4,188.73,343.4,275.13
161,46.867,209,100.2
47.933,290.07,114.07,342.33
292.2,118.33,343.4,200.47
279.4,2.0667,331.67,50.067
127.93,173.8,170.6,227.13
204.73,124.73,295.4,193
58.6,120.47,139.67,165.27
141.8,296.47,257,395.67
23.4,1,78.867,87.4
177,297.53,239.93,341.27
239.93,375.4,343.4,447.93
97,119.4,210.07,229.27
127.93,261.27,182.33,318.87
124.73,468.2,219.67,511.93
161,1,248.47,100.2
1,141.8,82.067,319.93
111.93,333.8,209,379.67
165.27,418.07,221.8,463.93
298.6,65,343.4,125.8
131.13,247.4,207.93,302.87
254.87,178.07,305,239.93
275.13,411.67,343.4,452.2
43.667,86.333,89.533,142.87
223.93,188.73,317.8,289
147.13,1,218.6,45.8
70.333,1,137.53,154.6
1,1,76.733,81
249.53,181.27,343.4,263.4
70.333,29.8,121.53,89.533
69.267,29.8,124.73,111.93
1,67.133,54.333,137.53
150.33,339.13,209,379.67
297.53,122.6,343.4,168.47
49,146.07,127.93,207.93
87.4,174.87,159.93,225
209,127.93,278.33,195.13
191.93,302.87,313.53,387.13
265.53,1,343.4,56.467
78.867,225,186.6,303.93
267.67,1,343.4,54.333
169.53,113,297.53,193
287.93,1,343.4,42.6
180.2,237.8,227.13,286.87
175.93,235.67,226.07,281.53
1,299.67,87.4,402.07
82.067,174.87,187.67,239.93
43.667,83.133,139.67,165.27
198.33,453.27,343.4,499.13
78.867,30.867,137.53,113
86.333,73.533,185.53,150.33
56.467,117.27,181.27,223.93
93.8,359.4,152.47,412.73
180.2,95.933,295.4,184.47
152.47,329.53,206.87,378.6
46.867,83.133,146.07,183.4
137.53,250.6,196.2,307.13
235.67,44.733,343.4,92.733
75.667,152.47,127.93,207.93
153.53,166.33,209,232.47
69.267,29.8,129,111.93
149.27,406.33,237.8,455.4
132.2,1,172.73,47.933
169.53,122.6,235.67,185.53
269.8,460.73,343.4,501.27
1,141.8,82.067,316.73
129,469.27,232.47,511.93
56.467,120.47,146.07,172.73
1,18.067,49,79.933
253.8,174.87,298.6,239.93
253.8,190.87,298.6,243.13
75.667,1,133.27,65
191.93,1,248.47,99.133
230.33,251.67,343.4,309.27
119.4,329.53,206.87,389.27
34.067,379.67,121.53,511.93
1,141.8,92.733,328.47
56.467,117.27,146.07,183.4
87.4,163.13,209,232.47
216.47,106.6,311.4,168.47
47.933,290.07,95.933,342.33
226.07,348.73,326.33,447.93
191.93,188.73,343.4,420.2
171.67,1,243.13,123.67
76.733,248.47,119.4,303.93
235.67,23.4,343.4,113
1,145,63.933,255.93
273,269.8,343.4,420.2
217.53,135.4,295.4,193
28.733,214.33,92.733,328.47
139.67,282.6,264.47,345.53
58.6,103.4,209,232.47
87.4,174.87,154.6,225
183.4,23.4,234.6,98.067
279.4,286.87,343.4,386.07
127.93,119.4,178.07,177
34.067,379.67,120.47,511.93
195.13,1,241,123.67
19.133,214.33,92.733,326.33
78.867,30.867,130.07,113
79.933,73.533,185.53,177
70.333,248.47,119.4,303.93
267.67,411.67,343.4,454.33
1,15.933,75.667,79.933
241,455.4,343.4,511.93
93.8,357.27,152.47,397.8
217.53,145,282.6,193
108.73,1,229.27,100.2
267.67,348.73,326.33,402.07
167.4,118.33,214.33,211.13
1,67.133,54.333,111.93
167.4,118.33,214.33,237.8
226.07,348.73,326.33,402.07
193,124.73,295.4,193
191.93,188.73,343.4,392.47
219.67,233.53,296.47,289
30.867,445.8,142.87,511.93
207.93,251.67,343.4,361.53
87.4,163.13,161,225
184.47,297.53,283.67,361.53
70.333,30.867,137.53,154.6
201.53,397.8,270.87,454.33
298.6,65,343.4,123.67
265.53,182.33,343.4,252.73
127.93,258.07,200.47,318.87
188.73,333.8,246.33,383.93
93.8,165.27,181.27,223.93
231.4,260.2,331.67,377.53
285.8,269.8,343.4,349.8
79.933,119.4,178.07,177
63.933,460.73,115.13,511.93
140.73,122.6,209,232.47
267.67,310.33,343.4,420.2
1,177,102.33,342.33
127.93,118.33,214.33,184.47
46.867,99.133,91.667,141.8
169.53,122.6,222.87,185.53
28.733,214.33,92.733,326.33
93.8,73.533,185.53,150.33
191.93,291.13,316.73,392.47
141.8,339.13,228.2,395.67
131.13,251.67,200.47,302.87
217.53,145,275.13,193
140.73,122.6,209,211.13
207.93,299.67,283.67,361.53
49,447.93,121.53,511.93
201.53,411.67,343.4,454.33
1,1,55.4,46.867
165.27,166.33,209,217.53
78.867,41.533,132.2,113
127.93,119.4,178.07,161
198.33,453.27,343.4,493.8
228.2,299.67,268.73,357.27
276.2,357.27,326.33,402.07
49,460.73,115.13,511.93
265.53,188.73,343.4,252.73
91.667,211.13,132.2,251.67
1,1,55.4,47.933
1,1,75.667,47.933
