111.93,1,253.8,511.93
125.8,374.33,195.13,511.93
179.13,1,383.93,511.93
179.13,1,312.47,179.13
1,21.267,143.93,511.93
180.2,1,383.93,511.93
223.93,1,383.93,511.93
151.4,1,248.47,511.93
1,1,249.53,511.93
104.47,1,173.8,274.07
273,1,383.93,511.93
303.93,1,383.93,391.4
1,1,175.93,511.93
1,1,127.93,467.13
1,1,120.47,88.467
1,1,383.93,511.93
220.73,1,338.07,322.07
1,1,145,511.93
1,1,76.733,65
138.6,1,383.93,511.93
59.667,229.27,111.93,383.93
149.27,1,253.8,511.93
215.4,1,383.93,511.93
1,17,151.4,326.33
1,26.6,143.93,511.93
1,1,248.47,511.93
152.47,317.8,254.87,511.93
1,97,117.27,511.93
226.07,1,312.47,343.4
1,1,253.8,511.93
315.67,1,383.93,393.53
1,87.4,129,511.93
66.067,294.33,145,467.13
92.733,1,175.93,253.8
152.47,1,253.8,511.93
55.4,138.6,156.73,231.4
1,1,179.13,204.73
102.33,1,249.53,511.93
111.93,1,383.93,511.93
111.93,1,177,253.8
125.8,1,242.07,511.93
331.67,428.73,383.93,511.93
182.33,1,383.93,511.93
123.67,1,202.6,325.27
1,25.533,129,511.93
1,1,120.47,325.27
1,24.467,68.2,511.93
1,1,242.07,511.93
31.933,257,169.53,511.93
1,1,173.8,197.27
182.33,1,242.07,151.4
171.67,1,244.2,157.8
43.667,17,173.8,383.93
201.53,209,308.2,438.33
265.53,44.733,358.33,386.07
259.13,440.47,316.73,511.93
152.47,1,226.07,417
150.33,1,253.8,511.93
317.8,1,383.93,237.8
151.4,1,201.53,361.53
81,308.2,143.93,511.93
221.8,1,295.4,343.4
102.33,1,178.07,505.53
29.8,99.133,100.2,283.67
72.467,1,201.53,511.93
123.67,79.933,181.27,287.93
90.6,1,242.07,511.93
115.13,245.27,172.73,511.93
13.8,25.533,69.267,118.33
1,1,143.93,511.93
1,1,154.6,511.93
72.467,1,156.73,111.93
1,1,179.13,511.93
149.27,1,227.13,265.53
1,1,129,315.67
1,1,179.13,197.27
1,1,145,467.13
250.6,236.73,292.2,312.47
1,1,156.73,326.33
1,26.6,129,511.93
308.2,1,383.93,343.4
182.33,1,234.6,146.07
221.8,1,383.93,511.93
94.867,1,249.53,511.93
72.467,1,248.47,511.93
56.467,120.47,108.73,217.53
180.2,1,383.93,357.27
186.6,372.2,242.07,511.93
1,1,120.47,275.13
103.4,1,253.8,511.93
297.53,179.13,383.93,386.07
138.6,1,261.27,511.93
1,1,129,511.93
226.07,345.53,279.4,511.93
86.333,79.933,151.4,151.4
61.8,1,175.93,511.93
152.47,1,231.4,381.8
294.33,1,383.93,307.13
77.8,308.2,169.53,511.93
61.8,245.27,172.73,511.93
1,26.6,154.6,511.93
133.27,280.47,217.53,511.93
1,21.267,117.27,511.93
114.07,121.53,201.53,511.93
221.8,1,383.93,393.53
46.867,113,116.2,233.53
98.067,43.667,163.13,255.93
1,1,76.733,104.47
14.867,24.467,71.4,69.267
223.93,21.267,383.93,511.93
125.8,310.33,238.87,511.93
125.8,362.6,177,431.93
63.933,145,113,257
186.6,185.53,253.8,511.93
94.867,145,175.93,511.93
150.33,1,249.53,511.93
139.67,326.33,186.6,380.73
179.13,1,244.2,157.8
14.867,40.467,69.267,197.27
1,17,173.8,511.93
180.2,1,242.07,457.53
147.13,35.133,205.8,314.6
29.8,101.27,77.8,269.8
111.93,1,308.2,511.93
1,1,120.47,121.53
1,21.267,76.733,286.87
67.133,265.53,113,315.67
1,1,126.87,346.6
24.467,97,97,283.67
215.4,226.07,383.93,511.93
184.47,1,242.07,151.4
265.53,1,383.93,393.53
29.8,100.2,76.733,259.13
95.933,310.33,143.93,511.93
72.467,1,156.73,54.333
149.27,1,232.47,265.53
301.8,1,383.93,393.53
29.8,100.2,126.87,346.6
114.07,236.73,254.87,511.93
43.667,94.867,116.2,315.67
244.2,52.2,355.13,292.2
104.47,1,178.07,505.53
179.13,137.53,238.87,329.53
152.47,1,226.07,381.8
46.867,152.47,110.87,275.13
44.733,23.4,108.73,271.93
20.2,118.33,103.4,383.93
226.07,348.73,279.4,511.93
179.13,126.87,249.53,511.93
331.67,443.67,383.93,511.93
138.6,279.4,261.27,511.93
215.4,226.07,345.53,511.93
61.8,258.07,143.93,511.93
1,97,175.93,511.93
190.87,185.53,253.8,511.93
31.933,17,173.8,511.93
297.53,179.13,383.93,391.4
133.27,280.47,237.8,511.93
114.07,209,308.2,511.93
98.067,145,175.93,403.13
291.13,1,383.93,380.73
111.93,1,231.4,381.8
188.73,185.53,253.8,511.93
150.33,35.133,201.53,198.33
154.6,212.2,235.67,511.93
225,44.733,358.33,386.07
309.27,121.53,355.13,198.33
179.13,1,312.47,168.47
29.8,100.2,75.667,259.13
151.4,1,201.53,375.4
225,341.27,383.93,511.93
29.8,99.133,110.87,292.2
62.867,17,151.4,151.4
186.6,315.67,249.53,511.93
302.87,38.333,383.93,307.13
125.8,373.27,173.8,431.93
1,1,131.13,331.67
43.667,23.4,111.93,273
149.27,1,244.2,157.8
1,1,121.53,283.67
328.47,408.47,383.93,511.93
180.2,131.13,248.47,511.93
220.73,1,383.93,343.4
182.33,1,242.07,167.4
222.87,226.07,345.53,511.93
60.733,174.87,126.87,346.6
180.2,1,245.27,410.6
225,1,383.93,511.93
152.47,345.53,194.07,511.93
67.133,145,175.93,511.93
266.6,1,312.47,88.467
1,1,111.93,273
123.67,1,249.53,511.93
189.8,397.8,238.87,511.93
225,341.27,283.67,511.93
138.6,279.4,196.2,511.93
19.133,62.867,66.067,141.8
270.87,365.8,361.53,463.93
13.8,60.733,65,104.47
1,1,120.47,271.93
90.6,1,201.53,375.4
284.73,1,383.93,391.4
342.33,293.27,383.93,386.07
72.467,1,163.13,255.93
94.867,180.2,156.73,253.8
179.13,1,244.2,237.8
133.27,1,201.53,325.27
180.2,1,245.27,421.27
220.73,1,383.93,511.93
66.067,265.53,113,325.27
18.067,1,111.93,273
305,293.27,383.93,386.07
273,342.33,370.07,511.93
78.867,19.133,119.4,121.53
113,245.27,172.73,511.93
111.93,1,171.67,253.8
138.6,118.33,211.13,511.93
213.27,247.4,383.93,511.93
71.4,1,156.73,54.333
184.47,1,229.27,146.07
81,157.8,143.93,511.93
273,327.4,383.93,511.93
223.93,229.27,343.4,511.93
44.733,200.47,116.2,383.93
19.133,40.467,115.13,118.33
188.73,295.4,261.27,511.93
125.8,379.67,173.8,431.93
121.53,343.4,169.53,403.13
1,1,156.73,104.47
161,310.33,238.87,511.93
265.53,1,328.47,119.4
125.8,226.07,201.53,511.93
133.27,280.47,235.67,511.93
179.13,1,235.67,168.47
57.533,113,116.2,163.13
52.2,106.6,100.2,195.13
43.667,17,173.8,326.33
125.8,121.53,201.53,511.93
133.27,1,181.27,76.733
114.07,236.73,172.73,511.93
340.2,1,383.93,69.267
123.67,77.8,181.27,287.93
123.67,1,201.53,325.27
1,1,120.47,118.33
182.33,1,242.07,289
270.87,359.4,383.93,511.93
1,1,120.47,97
294.33,1,383.93,415.93
158.87,77.8,201.53,325.27
266.6,1,329.53,68.2
180.2,131.13,227.13,287.93
290.07,1,383.93,343.4
123.67,1,237.8,511.93
147.13,35.133,235.67,417
152.47,1,212.2,305
114.07,257,172.73,373.27
19.133,62.867,116.2,275.13
342.33,293.27,383.93,359.4
1,25.533,93.8,326.33
290.07,184.47,332.73,245.27
1,24.467,71.4,69.267
297.53,232.47,339.13,329.53
29.8,99.133,90.6,283.67
1,81,129,511.93
1,1,120.47,46.867
1,21.267,63.933,286.87
227.13,50.067,310.33,322.07
74.6,17,151.4,150.33
315.67,207.93,383.93,393.53
182.33,1,242.07,178.07
273,342.33,383.93,511.93
225,262.33,383.93,511.93
94.867,310.33,164.2,511.93
182.33,1,242.07,164.2
307.13,424.47,380.73,499.13
222.87,228.2,345.53,511.93
339.13,298.6,383.93,363.67
114.07,239.93,172.73,505.53
155.67,196.2,201.53,361.53
29.8,101.27,90.6,283.67
158.87,36.2,201.53,325.27
67.133,247.4,131.13,331.67
331.67,439.4,383.93,511.93
284.73,1,383.93,228.2
44.733,23.4,108.73,217.53
24.467,97,82.067,283.67
14.867,39.4,69.267,104.47
114.07,249.53,170.6,362.6
177,185.53,235.67,417
179.13,1,358.33,386.07
265.53,1,312.47,119.4
220.73,1,355.13,511.93
111.93,1,196.2,511.93
1,1,121.53,273
29.8,100.2,76.733,247.4
283.67,1,383.93,141.8
179.13,126.87,238.87,329.53
179.13,1,312.47,189.8
104.47,141.8,161,253.8
90.6,99.133,165.27,175.93
103.4,1,211.13,511.93
254.87,247.4,326.33,399.93
19.133,41.533,92.733,118.33
155.67,279.4,196.2,511.93
147.13,1,244.2,417
1,1,120.47,95.933
177,99.133,235.67,417
180.2,131.13,227.13,268.73
156.73,148.2,212.2,258.07
152.47,279.4,194.07,511.93
308.2,1,383.93,380.73
14.867,24.467,70.333,104.47
47.933,116.2,115.13,276.2
104.47,14.867,161,253.8
226.07,1,278.33,94.867
43.667,23.4,100.2,195.13
302.87,155.67,359.4,251.67
227.13,262.33,383.93,511.93
29.8,99.133,70.333,210.07
156.73,148.2,212.2,417
113,118.33,211.13,511.93
226.07,1,295.4,343.4
133.27,367.93,173.8,439.4
53.267,60.733,95.933,106.6
113,236.73,196.2,511.93
19.133,19.133,117.27,276.2
189.8,251.67,253.8,511.93
227.13,270.87,361.53,511.93
114.07,195.13,162.07,303.93
21.267,23.4,115.13,271.93
290.07,87.4,356.2,245.27
13.8,40.467,69.267,104.47
56.467,66.067,97,131.13
180.2,131.13,227.13,346.6
67.133,271.93,126.87,346.6
59.667,229.27,116.2,383.93
227.13,1,358.33,386.07
155.67,226.07,201.53,325.27
60.733,174.87,113,302.87
139.67,307.13,195.13,511.93
334.87,439.4,383.93,511.93
114.07,236.73,175.93,403.13
78.867,19.133,119.4,116.2
282.6,273,335.93,342.33
90.6,125.8,158.87,175.93
1,1,120.47,104.47
55.4,142.87,97,212.2
44.733,17,151.4,326.33
115.13,43.667,158.87,175.93
14.867,24.467,59.667,104.47
180.2,1,383.93,164.2
118.33,1,173.8,127.93
273,351.93,343.4,487.4
20.2,159.93,62.867,286.87
329.53,207.93,383.93,311.4
180.2,131.13,227.13,457.53
226.07,1,355.13,322.07
111.93,1,175.93,253.8
194.07,437.27,235.67,511.93
1,1,70.333,104.47
227.13,50.067,383.93,357.27
30.867,1,156.73,54.333
168.47,279.4,211.13,381.8
29.8,99.133,113,325.27
283.67,1,383.93,162.07
315.67,424.47,383.93,511.93
55.4,138.6,156.73,217.53
68.2,271.93,126.87,346.6
1,26.6,103.4,511.93
1,21.267,60.733,113
58.6,66.067,115.13,106.6
147.13,118.33,211.13,417
67.133,274.07,111.93,315.67
56.467,174.87,113,326.33
67.133,210.07,113,315.67
114.07,233.53,172.73,505.53
72.467,1,165.27,255.93
286.87,113,383.93,357.27
227.13,180.2,282.6,338.07
56.467,138.6,111.93,217.53
307.13,424.47,356.2,491.67
19.133,84.2,66.067,150.33
47.933,108.73,115.13,276.2
154.6,212.2,201.53,511.93
1,1,121.53,73.533
19.133,19.133,117.27,325.27
1,97,47.933,511.93
159.93,317.8,254.87,511.93
273,350.87,383.93,491.67
147.13,35.133,201.53,227.13
1,24.467,71.4,104.47
223.93,1,355.13,511.93
18.067,14.867,69.267,97
21.267,23.4,108.73,271.93
294.33,20.2,356.2,130.07
20.2,118.33,62.867,286.87
151.4,380.73,196.2,511.93
47.933,98.067,116.2,276.2
18.067,62.867,66.067,141.8
29.8,99.133,72.467,210.07
43.667,94.867,129,315.67
1,1,156.73,54.333
63.933,145,127.93,467.13
19.133,84.2,66.067,141.8
273,350.87,383.93,511.93
18.067,39.4,69.267,97
1,13.8,120.47,88.467
103.4,1,175.93,253.8
18.067,40.467,69.267,91.667
125.8,374.33,186.6,431.93
114.07,233.53,162.07,303.93
315.67,412.73,383.93,511.93
78.867,19.133,119.4,86.333
61.8,1,121.53,138.6
342.33,293.27,383.93,362.6
43.667,94.867,116.2,163.13
29.8,99.133,77.8,269.8
1,1,173.8,127.93
250.6,222.87,296.47,313.53
114.07,233.53,178.07,505.53
114.07,249.53,170.6,377.53
114.07,237.8,172.73,422.33
290.07,151.4,332.73,245.27
114.07,239.93,172.73,373.27
14.867,30.867,71.4,104.47
131.13,463.93,179.13,511.93
284.73,1,372.2,117.27
152.47,1,212.2,185.53
155.67,212.2,201.53,380.73
161,204.73,205.8,314.6
65,138.6,111.93,180.2
1,21.267,92.733,326.33
254.87,283.67,326.33,399.93
61.8,258.07,122.6,380.73
188.73,331.67,253.8,511.93
72.467,1,121.53,138.6
317.8,1,383.93,164.2
59.667,248.47,109.8,326.33
44.733,23.4,113,326.33
317.8,1,383.93,228.2
179.13,1,236.73,237.8
312.47,1,383.93,390.33
317.8,1,383.93,311.4
1,1,91.667,65
226.07,1,294.33,322.07
156.73,175.93,212.2,258.07
306.07,1,350.87,43.667
46.867,113,116.2,275.13
78.867,36.2,119.4,86.333
186.6,251.67,253.8,511.93
81,157.8,154.6,511.93
45.8,217.53,100.2,283.67
225,50.067,282.6,338.07
283.67,52.2,355.13,241
50.067,97,108.73,217.53
55.4,180.2,101.27,273
43.667,23.4,91.667,90.6
133.27,1,177,74.6
220.73,1,355.13,322.07
47.933,98.067,131.13,331.67
114.07,195.13,173.8,326.33
290.07,1,356.2,88.467
13.8,40.467,69.267,118.33
1,13.8,120.47,95.933
297.53,232.47,339.13,311.4
29.8,98.067,131.13,331.67
50.067,23.4,100.2,195.13
1,21.267,60.733,118.33
11.667,177,97,511.93
196.2,402.07,238.87,504.47
88.467,310.33,135.4,467.13
166.33,242.07,211.13,361.53
189.8,397.8,238.87,497
182.33,1,299.67,164.2
133.27,307.13,195.13,511.93
14.867,24.467,59.667,83.133
61.8,210.07,143.93,511.93
273,293.27,383.93,511.93
43.667,94.867,116.2,275.13
45.8,98.067,131.13,331.67
318.87,140.73,376.47,237.8
156.73,175.93,212.2,305
76.733,180.2,156.73,303.93
24.467,113,92.733,326.33
1,1,120.47,111.93
196.2,402.07,241,504.47
43.667,17,151.4,195.13
56.467,138.6,156.73,217.53
159.93,372.2,254.87,511.93
45.8,217.53,116.2,325.27
189.8,402.07,238.87,497
227.13,303.93,292.2,366.87
326.33,54.333,372.2,117.27
189.8,251.67,235.67,469.27
155.67,327.4,196.2,511.93
88.467,310.33,145,467.13
152.47,279.4,196.2,511.93
303.93,1,383.93,390.33
190.87,185.53,235.67,329.53
152.47,1,231.4,417
270.87,363.67,361.53,463.93
180.2,131.13,226.07,457.53
254.87,283.67,338.07,399.93
131.13,463.93,194.07,511.93
254.87,247.4,383.93,511.93
254.87,1,321,90.6
155.67,212.2,201.53,458.6
61.8,227.13,104.47,275.13
177,276.2,226.07,417
328.47,431.93,380.73,499.13
14.867,24.467,69.267,104.47
179.13,116.2,249.53,511.93
228.2,1,317.8,179.13
191.93,314.6,253.8,511.93
343.4,443.67,383.93,511.93
311.4,381.8,362.6,433
294.33,20.2,353,88.467
180.2,1,299.67,164.2
215.4,291.13,261.27,410.6
290.07,121.53,355.13,245.27
68.2,271.93,124.73,329.53
1,1,121.53,65
311.4,314.6,379.67,433
44.733,23.4,95.933,90.6
1,8.4667,120.47,95.933
31.933,257,97,511.93
76.733,179.13,173.8,326.33
118.33,14.867,158.87,175.93
329.53,227.13,371.13,311.4
266.6,1,316.73,68.2
297.53,231.4,339.13,329.53
275.13,303.93,326.33,386.07
11.667,118.33,103.4,511.93
114.07,236.73,196.2,511.93
14.867,60.733,66.067,197.27
125.8,350.87,169.53,511.93
317.8,1,383.93,386.07
342.33,1,383.93,67.133
38.333,1,97,46.867
1,24.467,70.333,104.47
318.87,140.73,383.93,311.4
53.267,222.87,103.4,383.93
52.2,121.53,100.2,195.13
286.87,184.47,332.73,241
139.67,326.33,195.13,511.93
188.73,331.67,229.27,511.93
316.73,60.733,383.93,130.07
342.33,293.27,383.93,337
44.733,23.4,95.933,115.13
1,25.533,52.2,111.93
179.13,146.07,249.53,511.93
1,26.6,52.2,111.93
123.67,314.6,169.53,471.4
67.133,274.07,113,315.67
339.13,285.8,383.93,361.53
295.4,120.47,359.4,251.67
45.8,217.53,105.53,306.07
213.27,293.27,261.27,421.27
14.867,25.533,60.733,69.267
286.87,121.53,355.13,241
201.53,222.87,308.2,438.33
14.867,33,60.733,104.47
138.6,380.73,196.2,511.93
18.067,23.4,111.93,273
226.07,1,299.67,94.867
1,25.533,52.2,123.67
250.6,226.07,299.67,342.33
339.13,298.6,383.93,357.27
179.13,137.53,249.53,511.93
313.53,10.6,356.2,66.067
19.133,41.533,90.6,118.33
19.133,61.8,61.8,118.33
294.33,1,356.2,130.07
147.13,118.33,205.8,310.33
250.6,44.733,358.33,386.07
155.67,226.07,201.53,388.2
1,1,120.47,86.333
317.8,1,372.2,117.27
228.2,1,312.47,179.13
114.07,237.8,172.73,511.93
116.2,247.4,173.8,326.33
177,296.47,226.07,417
196.2,331.67,253.8,511.93
319.93,250.6,383.93,415.93
1,24.467,59.667,111.93
1,25.533,67.133,286.87
82.067,17,151.4,150.33
162.07,1,212.2,130.07
94.867,79.933,151.4,151.4
114.07,251.67,162.07,303.93
321,210.07,383.93,386.07
227.13,262.33,361.53,511.93
115.13,245.27,172.73,364.73
19.133,62.867,92.733,123.67
213.27,293.27,279.4,511.93
332.73,69.267,383.93,228.2
155.67,105.53,226.07,381.8
254.87,247.4,357.27,399.93
155.67,212.2,201.53,497
56.467,174.87,113,298.6
114.07,236.73,175.93,351.93
50.067,60.733,95.933,130.07
331.67,380.73,383.93,511.93
315.67,301.8,383.93,393.53
149.27,1,201.53,198.33
77.8,308.2,127.93,511.93
295.4,120.47,355.13,198.33
55.4,138.6,173.8,326.33
317.8,1,372.2,84.2
61.8,1,121.53,46.867
19.133,40.467,92.733,118.33
57.533,106.6,100.2,149.27
76.733,179.13,156.73,303.93
114.07,257,172.73,326.33
290.07,119.4,355.13,245.27
46.867,152.47,110.87,233.53
59.667,267.67,110.87,383.93
19.133,62.867,63.933,118.33
179.13,1,236.73,157.8
259.13,314.6,383.93,511.93
239.93,305,292.2,366.87
63.933,194.07,111.93,257
95.933,308.2,143.93,511.93
156.73,148.2,212.2,361.53
215.4,291.13,261.27,343.4
254.87,229.27,343.4,399.93
339.13,301.8,383.93,361.53
114.07,195.13,161,247.4
193,175.93,249.53,511.93
294.33,10.6,356.2,130.07
321,222.87,383.93,386.07
114.07,236.73,172.73,362.6
179.13,137.53,227.13,303.93
13.8,89.533,63.933,257
56.467,145,111.93,217.53
147.13,118.33,194.07,227.13
334.87,113,383.93,357.27
116.2,275.13,172.73,326.33
270.87,363.67,361.53,511.93
44.733,23.4,95.933,130.07
247.4,57.533,295.4,222.87
196.2,412.73,242.07,511.93
114.07,236.73,173.8,303.93
155.67,212.2,201.53,474.6
185.53,105.53,226.07,229.27
321,227.13,383.93,386.07
57.533,120.47,108.73,180.2
223.93,385,266.6,511.93
168.47,105.53,226.07,381.8
196.2,412.73,253.8,511.93
180.2,131.13,226.07,495.93
194.07,459.67,235.67,511.93
270.87,363.67,383.93,511.93
182.33,1,245.27,410.6
266.6,1,314.6,66.067
184.47,1,242.07,164.2
123.67,314.6,169.53,511.93
98.067,145,163.13,255.93
189.8,314.6,232.47,469.27
302.87,229.27,343.4,289
334.87,198.33,383.93,292.2
104.47,14.867,173.8,274.07
156.73,148.2,226.07,417
155.67,238.87,201.53,325.27
206.87,418.07,248.47,511.93
286.87,120.47,359.4,291.13
159.93,372.2,242.07,511.93
259.13,424.47,380.73,511.93
268.73,1,314.6,66.067
44.733,41.533,90.6,88.467
182.33,1,229.27,146.07
201.53,303.93,308.2,438.33
196.2,412.73,239.93,511.93
273,327.4,383.93,491.67
1,24.467,68.2,286.87
19.133,19.133,117.27,131.13
125.8,314.6,169.53,471.4
259.13,351.93,380.73,511.93
307.13,424.47,356.2,499.13
56.467,215.4,101.27,271.93
180.2,131.13,226.07,327.4
254.87,127.93,310.33,292.2
308.2,119.4,355.13,198.33
265.53,1,321,90.6
155.67,212.2,201.53,482.07
298.6,424.47,380.73,511.93
49,257,97,511.93
223.93,348.73,279.4,511.93
186.6,315.67,230.33,478.87
226.07,1,321,322.07
118.33,1,173.8,95.933
47.933,142.87,99.133,276.2
328.47,222.87,371.13,346.6
283.67,1,356.2,141.8
156.73,138.6,212.2,305
59.667,232.47,110.87,383.93
196.2,437.27,238.87,504.47
319.93,250.6,362.6,389.27
47.933,125.8,115.13,276.2
227.13,1,317.8,338.07
191.93,152.47,249.53,511.93
268.73,465,316.73,511.93
118.33,275.13,175.93,351.93
286.87,184.47,332.73,261.27
308.2,87.4,356.2,198.33
19.133,84.2,66.067,197.27
56.467,66.067,115.13,131.13
305,327.4,362.6,380.73
247.4,111.93,294.33,222.87
227.13,50.067,282.6,338.07
31.933,19.133,117.27,131.13
340.2,60.733,383.93,210.07
250.6,222.87,296.47,307.13
317.8,1,383.93,390.33
225,169.53,282.6,338.07
152.47,1,205.8,185.53
196.2,398.87,253.8,511.93
31.933,19.133,117.27,71.4
271.93,441.53,355.13,511.93
76.733,180.2,156.73,255.93
227.13,50.067,275.13,199.4
56.467,180.2,101.27,273
60.733,250.6,109.8,302.87
47.933,206.87,99.133,276.2
44.733,220.73,93.8,326.33
273,351.93,362.6,491.67
43.667,23.4,88.467,90.6
254.87,1,321,122.6
311.4,314.6,383.93,511.93
114.07,236.73,182.33,511.93
328.47,222.87,371.13,311.4
152.47,354.07,194.07,511.93
312.47,381.8,362.6,433
244.2,57.533,310.33,292.2
297.53,179.13,345.53,329.53
268.73,247.4,335.93,342.33
55.4,125.8,115.13,212.2
55.4,153.53,97,212.2
168.47,185.53,222.87,381.8
223.93,345.53,279.4,511.93
228.2,1,312.47,89.533
254.87,52.2,355.13,292.2
47.933,198.33,99.133,276.2
307.13,381.8,362.6,491.67
126.87,367.93,168.47,505.53
50.067,23.4,91.667,113
62.867,17,119.4,113
56.467,77.8,97,131.13
189.8,332.73,232.47,469.27
69.267,17,119.4,86.333
244.2,127.93,310.33,292.2
317.8,1,383.93,254.87
43.667,23.4,111.93,195.13
17,97,68.2,286.87
114.07,244.2,172.73,373.27
339.13,199.4,383.93,321
125.8,314.6,169.53,373.27
282.6,229.27,343.4,330.6
328.47,452.2,375.4,499.13
43.667,23.4,92.733,90.6
115.13,14.867,158.87,175.93
226.07,1,278.33,322.07
267.67,270.87,361.53,511.93
316.73,33,383.93,130.07
166.33,194.07,212.2,305
317.8,250.6,383.93,415.93
227.13,303.93,308.2,366.87
294.33,10.6,356.2,88.467
114.07,236.73,172.73,476.73
333.8,314.6,379.67,389.27
340.2,60.733,383.93,130.07
233.53,50.067,275.13,199.4
339.13,199.4,383.93,357.27
31.933,274.07,75.667,511.93
21.267,114.07,93.8,326.33
125.8,314.6,169.53,404.2
334.87,113,383.93,244.2
306.07,1,350.87,60.733
184.47,1,235.67,168.47
270.87,365.8,361.53,511.93
155.67,91.667,212.2,185.53
226.07,1,278.33,70.333
268.73,247.4,357.27,350.87
282.6,273,335.93,330.6
339.13,227.13,383.93,321
59.667,267.67,103.4,383.93
286.87,184.47,343.4,291.13
125.8,348.73,169.53,404.2
114.07,237.8,172.73,362.6
114.07,237.8,172.73,377.53
43.667,23.4,92.733,113
184.47,1,234.6,164.2
104.47,141.8,156.73,253.8
273,342.33,362.6,491.67
155.67,91.667,205.8,185.53
311.4,376.47,362.6,433
337,38.333,383.93,210.07
113,182.33,156.73,253.8
321,297.53,383.93,386.07
21.267,114.07,67.133,286.87
125.8,348.73,169.53,401
223.93,345.53,316.73,511.93
275.13,303.93,338.07,386.07
274.07,52.2,355.13,241
104.47,141.8,156.73,204.73
114.07,257,162.07,303.93
227.13,303.93,271.93,363.67
297.53,229.27,343.4,291.13
283.67,365.8,361.53,452.2
283.67,52.2,335.93,141.8
302.87,155.67,373.27,307.13
267.67,465,316.73,511.93
283.67,52.2,335.93,147.13
286.87,120.47,355.13,241
227.13,50.067,275.13,322.07
