353,1,512.2,384.2
1,1,140.2,384.2
1,145,452.2,384.2
1,1,512.2,384.2
1,1,489,384.2
113,153,453,384.2
25,1,512.2,384.2
330.6,1,421.8,87.4
101,161,438.6,384.2
37.8,122.6,449,384.2
416.2,1,512.2,321.8
99.4,169.8,440.2,384.2
15.4,1,445,213.8
169.8,95.4,291.4,169
1,1,488.2,232.2
20.2,79.4,423.4,206.6
348.2,1,512.2,384.2
25,95.4,291.4,194.6
15.4,1,488.2,206.6
445.8,153.8,505,303.4
229,255.4,436.2,384.2
352.2,29.8,442.6,120.2
25,1,468.2,207.4
20.2,1,512.2,384.2
1,160.2,130.6,384.2
350.6,1,512.2,384.2
25,1,450.6,194.6
228.2,1,317.8,106.6
20.2,79.4,437.8,384.2
107.4,145,440.2,384.2
113,145,168.2,200.2
105,157.8,437.8,384.2
323.4,39.4,401,91.4
1,1,489,207.4
1,1,421,188.2
363.4,1,456.2,159.4
229,175.4,436.2,384.2
214.6,97.8,357.8,169
15.4,1,512.2,384.2
446.6,51.4,489,118.6
109,123.4,436.2,384.2
123.4,173.8,384.2,384.2
393.8,136.2,512.2,384.2
169.8,122.6,449,384.2
109,133.8,436.2,384.2
1,1,260.2,384.2
1,1,488.2,384.2
15.4,1,488.2,384.2
25,1,489,207.4
125.8,281,283.4,384.2
125.8,1,422.6,109
107.4,151.4,440.2,384.2
257.8,65.8,448.2,207.4
1,1,256.2,384.2
345.8,101.8,392.2,142.6
394.6,1,512.2,384.2
1,96.2,453,384.2
446.6,62.6,489,118.6
293.8,65.8,413,138.6
422.6,1,512.2,197
31.4,102.6,325,173.8
101,157.8,452.2,384.2
1,1,445,384.2
99.4,1,512.2,384.2
395.4,144.2,505,322.6
113,166.6,218.6,384.2
25,1,450.6,384.2
177,342.6,336.2,384.2
42.6,1,241,109.8
217,190.6,260.2,243.4
25,1,468.2,384.2
107.4,166.6,440.2,384.2
109,1,512.2,384.2
20.2,1,450.6,194.6
140.2,291.4,384.2,384.2
285.8,1,422.6,90.6
427.4,1,512.2,197
169.8,122.6,325,183.4
125.8,1,512.2,384.2
25,92.2,382.6,195.4
117.8,157.8,432.2,338.6
229.8,1,445.8,123.4
125.8,281,452.2,384.2
30.6,89.8,450.6,194.6
20.2,79.4,423.4,208.2
85,133,216.2,194.6
285.8,1,445,120.2
217,153,453,384.2
213.8,274.6,258.6,340.2
101,174.6,238.6,384.2
177,1,445,138.6
221,280.2,284.2,337
25,89,450.6,194.6
161,303.4,340.2,384.2
221,1,421.8,97.8
290.6,1,362.6,65
273.8,93.8,393,173
140.2,280.2,384.2,384.2
350.6,29.8,445.8,120.2
171.4,201,221,251.4
20.2,114.6,124.2,194.6
109,139.4,272.2,384.2
164.2,108.2,216.2,157.8
42.6,1,445,138.6
397,144.2,467.4,266.6
20.2,79.4,450.6,194.6
232.2,1,293.8,95.4
21,96.2,234.6,270.6
25,95.4,321,194.6
30.6,79.4,450.6,194.6
257.8,177,329,223.4
417,137,512.2,384.2
112.2,171.4,440.2,384.2
1,1,241.8,142.6
394.6,246.6,436.2,297.8
37.8,157.8,272.2,384.2
177,1,425,109
161.8,301.8,265.8,356.2
101,157.8,272.2,384.2
121,1,325,105.8
387.4,286.6,512.2,384.2
273.8,93.8,357,156.2
317,175.4,394.6,287.4
397,161,451.4,266.6
237.8,189,323.4,271.4
165.8,185.8,356.2,291.4
177,218.6,246.6,266.6
257.8,65.8,413,138.6
169,1,488.2,232.2
363.4,1,489,159.4
137,265.8,265.8,360.2
177,337,336.2,384.2
105,192.2,230.6,384.2
206.6,171.4,440.2,333.8
217,105,268.2,155.4
316.2,124.2,450.6,172.2
152.2,178.6,209,278.6
430.6,1,512.2,384.2
15.4,1,445.8,174.6
238.6,174.6,394.6,305
305.8,1,425,91.4
257.8,1,489,207.4
345.8,305.8,388.2,384.2
249.8,93.8,405.8,167.4
99.4,173.8,140.2,384.2
373,1,488.2,232.2
390.6,300.2,452.2,384.2
81,133,124.2,194.6
109,133.8,394.6,384.2
1,1,421.8,128.2
353,1,512.2,206.6
20.2,79.4,488.2,206.6
394.6,137,512.2,384.2
25.8,121.8,107.4,173.8
110.6,145,168.2,229
231.4,174.6,394.6,332.2
30.6,93.8,393.8,174.6
25,101.8,182.6,166.6
229.8,1,445.8,152.2
417,1,512.2,192.2
1,1,241.8,128.2
317,175.4,394.6,303.4
283.4,276.2,389.8,384.2
385,161,452.2,319.4
357,218.6,397,272.2
353,1,496.2,206.6
123.4,173.8,305,228.2
113,166.6,384.2,384.2
293,120.2,397.8,177
1,1,147.4,384.2
381.8,31.4,421.8,83.4
415.4,1,512.2,139.4
284.2,32.2,325,101.8
169,43.4,420.2,179.4
285.8,48.2,325.8,97.8
395.4,144.2,467.4,266.6
227.4,1,325,101.8
233,174.6,297.8,283.4
144.2,270.6,258.6,377.8
341.8,161,453,384.2
30.6,61.8,405.8,169.8
30.6,99.4,224.2,145
353,89.8,512.2,384.2
373,1,488.2,207.4
133,173.8,266.6,332.2
214.6,97.8,357.8,161
20.2,100.2,177.8,173.8
445.8,161.8,505,303.4
285.8,1,360.2,72.2
101,174.6,253,384.2
37.8,157.8,135.4,384.2
292.2,123.4,382.6,171.4
121,1,421,105.8
133,173,413,227.4
447.4,1,512.2,112.2
154.6,255.4,436.2,384.2
302.6,250.6,432.2,309
174.6,44.2,279.4,109.8
31.4,79.4,423.4,206.6
341.8,305.8,434.6,384.2
342.6,305.8,388.2,384.2
386.6,327.4,440.2,384.2
353,120.2,450.6,323.4
253.8,176.2,297.8,227.4
117.8,157.8,385.8,325
150.6,173,413.8,280.2
322.6,1,400.2,86.6
132.2,225.8,238.6,323.4
33.8,102.6,226.6,172.2
448.2,322.6,512.2,384.2
217,93.8,423.4,206.6
174.6,121.8,225,165.8
136.2,242.6,227.4,322.6
108.2,191.4,197,384.2
169,45.8,390.6,179.4
241,173,432.2,338.6
397,89.8,446.6,149.8
285.8,1,327.4,97.8
122.6,109,189,165.8
20.2,103.4,125.8,189
305.8,1,425,93
217,153,405.8,305.8
201.8,1,345,106.6
353,1,512.2,300.2
226.6,1,346.6,106.6
300.2,330.6,342.6,371.4
233,122.6,449,323.4
173.8,133.8,394.6,332.2
233,174.6,387.4,283.4
272.2,121,448.2,206.6
464.2,1,512.2,128.2
430.6,137,505,319.4
393.8,1,512.2,384.2
125.8,1,346.6,109
144.2,261,238.6,363.4
297.8,1,357,92.2
419.4,1,512.2,197
20.2,100.2,177.8,182.6
433.8,1,489.8,118.6
315.4,65.8,412.2,152.2
174.6,1,346.6,109
33.8,102.6,325,173.8
393.8,205.8,512.2,384.2
228.2,1,346.6,106.6
285.8,1,445.8,120.2
15.4,95.4,231.4,213.8
20.2,104.2,84.2,161
217,79.4,423.4,206.6
330.6,1,377,79.4
169.8,124.2,325,173.8
433.8,1,512.2,136.2
394.6,136.2,512.2,326.6
99.4,176.2,140.2,384.2
337,318.6,385,384.2
143.4,175.4,225.8,294.6
433.8,1,512.2,117.8
156.2,1,425.8,112.2
396.2,9.8,445.8,103.4
322.6,1,422.6,82.6
167.4,175.4,254.6,325
217,79.4,488.2,177.8
137,265.8,265.8,384.2
161,316.2,340.2,384.2
229,259.4,352.2,339.4
133,184.2,192.2,241
30.6,89,450.6,194.6
394.6,237.8,512.2,384.2
164.2,225,213.8,289.8
217,105.8,283.4,160.2
127.4,281,167.4,384.2
1,1,130.6,384.2
461,13.8,512.2,136.2
384.2,286.6,512.2,384.2
30.6,95.4,232.2,194.6
436.2,205.8,512.2,309
193,185.8,266.6,242.6
42.6,1,260.2,109.8
251.4,173,431.4,272.2
233,174.6,387.4,298.6
283.4,276.2,337,384.2
125,157.8,218.6,295.4
235.4,89.8,450.6,173
25,95.4,329.8,194.6
42.6,1,241,98.6
15.4,39.4,405.8,213.8
175.4,1,262.6,98.6
132.2,201,345,357.8
385,153,451.4,207.4
348.2,1,512.2,301.8
117.8,169.8,200.2,293.8
149,276.2,189.8,321
1,103.4,133.8,384.2
297,1,360.2,78.6
117.8,157.8,452.2,384.2
300.2,305.8,423.4,384.2
45.8,137,126.6,195.4
315.4,65.8,413,168.2
125,157.8,260.2,330.6
301,65.8,409.8,138.6
257.8,65.8,448.2,206.6
235.4,1,306.6,97.8
30.6,93.8,393.8,173
19.4,97,181,142.6
224.2,253,272.2,299.4
132.2,183.4,207.4,289.8
228.2,1,445,138.6
155.4,225,213.8,292.2
117.8,192.2,180.2,384.2
397,161,451.4,316.2
153.8,174.6,266.6,230.6
169.8,122.6,449,323.4
231.4,174.6,394.6,305
168.2,174.6,272.2,363.4
125,157.8,207.4,289.8
180.2,124.2,230.6,165.8
217,79.4,448.2,177.8
144.2,277,238.6,363.4
341.8,303.4,388.2,384.2
117.8,169.8,209,293.8
397,174.6,448.2,249.8
228.2,1,345,104.2
448.2,161.8,505,287.4
31.4,93,325,173.8
110.6,161,385.8,274.6
133,192.2,194.6,289.8
237.8,189,323.4,291.4
202.6,286.6,452.2,384.2
140.2,291.4,196.2,384.2
297.8,1,356.2,90.6
397.8,177.8,447.4,241.8
356.2,65.8,420.2,120.2
133,200.2,192.2,241
118.6,166.6,218.6,384.2
314.6,175.4,437.8,323.4
125,157.8,437.8,377.8
121,1,262.6,100.2
395.4,188.2,447.4,252.2
173.8,133.8,385.8,174.6
348.2,1,512.2,208.2
31.4,93,325,195.4
227.4,1,293.8,96.2
235.4,133.8,385.8,174.6
445,160.2,506.6,300.2
291.4,10.6,374.6,89
217,173,437.8,333.8
37,99.4,224.2,145
310.6,1,356.2,85
315.4,43.4,420.2,168.2
194.6,233.8,240.2,293.8
25,92.2,382.6,173
140.2,291.4,348.2,384.2
445.8,154.6,505,303.4
416.2,1,512.2,192.2
1,1,241.8,384.2
316.2,175.4,437.8,323.4
439.4,33,489,118.6
105,192.2,182.6,384.2
442.6,160.2,512.2,321.8
353,241,393.8,283.4
430.6,225,499.4,319.4
217,89.8,429,177.8
237.8,37,348.2,123.4
273.8,93.8,359.4,156.2
281.8,205.8,321.8,248.2
363.4,152.2,450.6,323.4
418.6,115.4,488.2,160.2
20.2,114.6,129,194.6
174.6,1,279.4,109.8
1,145,133.8,384.2
154.6,322.6,226.6,384.2
305.8,1,421,90.6
121,1,421.8,101.8
20.2,100.2,177.8,189
394.6,329.8,440.2,384.2
25.8,121.8,124.2,173.8
397.8,64.2,496.2,206.6
229,175.4,423.4,384.2
177,1,345,109
109,156.2,272.2,367.4
229,259.4,385,340.2
235.4,1,329,97.8
101,174.6,161,384.2
230.6,45.8,338.6,112.2
101,173,438.6,384.2
125,157.8,260.2,377.8
417.8,1,512.2,197
322.6,1,421,86.6
133.8,223.4,183.4,289.8
385,224.2,431.4,272.2
168.2,175.4,260.2,325
397,89.8,449,149.8
154.6,322.6,238.6,384.2
233,133.8,397.8,298.6
394.6,153.8,455.4,318.6
15.4,96.2,185.8,188.2
353,87.4,512.2,384.2
133,219.4,200.2,268.2
293.8,65.8,409.8,138.6
396.2,328.2,436.2,384.2
15.4,61.8,405.8,213.8
289,79.4,446.6,149.8
238.6,228.2,281,269.8
114.6,108.2,212.2,157.8
185.8,187.4,235.4,242.6
229,255.4,389.8,384.2
29.8,130.6,111.4,305
417,153.8,512.2,384.2
1,96.2,234.6,384.2
75.4,101,189,194.6
263.4,113,310.6,170.6
238.6,228.2,281,278.6
1,1,248.2,160.2
328.2,175.4,437.8,323.4
115.4,108.2,216.2,157.8
325,179.4,397.8,227.4
241,250.6,432.2,338.6
285.8,1,360.2,90.6
134.6,285,183.4,384.2
357,224.2,431.4,272.2
19.4,103.4,133.8,384.2
297.8,1,421.8,93.8
436.2,152.2,505,323.4
233,228.2,281,284.2
363.4,1,431.4,94.6
385,144.2,468.2,207.4
393.8,296.2,512.2,384.2
133,176.2,240.2,227.4
421.8,321.8,512.2,384.2
217,89.8,448.2,177.8
165.8,331.4,238.6,384.2
373,1,448.2,96.2
123.4,245,167.4,384.2
30.6,79.4,448.2,194.6
112.2,193,180.2,384.2
310.6,1,421.8,92.2
136.2,242.6,227.4,285
402.6,122.6,449,164.2
319.4,1,421.8,84.2
139.4,186.6,231.4,227.4
306.6,175.4,394.6,305
395.4,1,512.2,322.6
394.6,161,451.4,321
429,102.6,512.2,263.4
341,321,382.6,380.2
85,143.4,129,195.4
167.4,175.4,242.6,325
315.4,208.2,367.4,248.2
163.4,95.4,291.4,169
353,89.8,450.6,323.4
394.6,273,512.2,326.6
425.8,237.8,512.2,328.2
177,1,271.4,109
125.8,281,197,384.2
133,173,438.6,318.6
174.6,1,445.8,152.2
30.6,93.8,405.8,169.8
430.6,1,512.2,184.2
235.4,125.8,325,172.2
239.4,212.2,438.6,384.2
396.2,1,456.2,159.4
357.8,267.4,404.2,309
213.8,275.4,258.6,337
206.6,171.4,437.8,333.8
285,175.4,362.6,384.2
393.8,153.8,455.4,318.6
29.8,141.8,125.8,188.2
45.8,146.6,126.6,195.4
162.6,301.8,348.2,384.2
224.2,253,385,340.2
394.6,237.8,512.2,328.2
417,318.6,512.2,384.2
461,29.8,512.2,136.2
132.2,225.8,208.2,323.4
464.2,3.4,512.2,112.2
448.2,153.8,505,287.4
401.8,153,447.4,208.2
358.6,4.2,420.2,49.8
105,175.4,436.2,384.2
310.6,1,401,92.2
229,175.4,303.4,384.2
253.8,174.6,297.8,227.4
123.4,173.8,345,357.8
401.8,157.8,445.8,208.2
393.8,196.2,512.2,384.2
417.8,153.8,505,322.6
410.6,115.4,496.2,161
350.6,1,489,159.4
37.8,157.8,110.6,304.2
215.4,253,388.2,329.8
1,102.6,118.6,384.2
30.6,95.4,357.8,194.6
342.6,89.8,429,177.8
172.2,270.6,231.4,325
241,259.4,352.2,339.4
397,115.4,496.2,161
1,1,248.2,188.2
215.4,272.2,304.2,329.8
215.4,253,348.2,329.8
288.2,1,468.2,207.4
350.6,253.8,418.6,319.4
42.6,1,260.2,98.6
133,173,440.2,384.2
229,259.4,373,339.4
397,9.8,445.8,103.4
302.6,250.6,432.2,313
292.2,95.4,362.6,151.4
101,174.6,147.4,384.2
341.8,303.4,453,384.2
20.2,79.4,488.2,177.8
231.4,1,319.4,96.2
229,175.4,362.6,384.2
101,157.8,260.2,384.2
168.2,174.6,245,323.4
401.8,157.8,447.4,208.2
29.8,141.8,126.6,270.6
348.2,9.8,496.2,208.2
393.8,321.8,512.2,384.2
1,1,65.8,256.2
304.2,43.4,420.2,168.2
19.4,103.4,125,157
133.8,174.6,218.6,295.4
20.2,105,226.6,177.8
293,133.8,397.8,177
440.2,135.4,512.2,296.2
225,285,345,330.6
469,325.8,512.2,373
233,237,277,297
466.6,331.4,512.2,384.2
275.4,177,397,305.8
319.4,1,374.6,84.2
417,321.8,473.8,384.2
394.6,196.2,512.2,326.6
144.2,274.6,264.2,384.2
81,209.8,130.6,377.8
149,274.6,189.8,321
121,166.6,235.4,384.2
362.6,151.4,448.2,206.6
289,298.6,340.2,339.4
297.8,1,356.2,41
217,201,257.8,243.4
352.2,29.8,420.2,120.2
272.2,237.8,322.6,291.4
224.2,205.8,321.8,300.2
350.6,102.6,512.2,196.2
20.2,114.6,107.4,173.8
393.8,296.2,512.2,342.6
169,98.6,390.6,179.4
20.2,105,226.6,157.8
397.8,152.2,450.6,194.6
390.6,327.4,436.2,384.2
401,153,448.2,196.2
425.8,318.6,512.2,384.2
125,157.8,260.2,325
245.8,174.6,297.8,246.6
145.8,262.6,189.8,321
177,201,345,330.6
300.2,286.6,398.6,384.2
101,174.6,146.6,311.4
271.4,237.8,313.8,298.6
261.8,281.8,302.6,333.8
433.8,1,512.2,139.4
283.4,276.2,436.2,384.2
356.2,1,496.2,206.6
311.4,254.6,436.2,384.2
373,1,445.8,111.4
125,157.8,184.2,200.2
20.2,105,216.2,157.8
417,321.8,512.2,384.2
330.6,1,421.8,79.4
436.2,160.2,512.2,321.8
387.4,278.6,440.2,330.6
15.4,1,264.2,174.6
161,298.6,434.6,384.2
213.8,274.6,264.2,340.2
228.2,1,345,97.8
194.6,226.6,246.6,281
302.6,286.6,348.2,339.4
230.6,179.4,438.6,384.2
125,157.8,184.2,225
1,145,121.8,384.2
394.6,153.8,512.2,384.2
165.8,185.8,356.2,325
154.6,277,199.4,326.6
365.8,152.2,450.6,323.4
430.6,137,512.2,384.2
21,96.2,234.6,157
305.8,1,421,91.4
315.4,89.8,401,129.8
285.8,1,363.4,90.6
33.8,125.8,132.2,167.4
37.8,157.8,140.2,384.2
198.6,253,389,329.8
350.6,1,512.2,196.2
169.8,122.6,325,173.8
168.2,174.6,242.6,323.4
121,1,325,101.8
228.2,44.2,279.4,109.8
395.4,153.8,455.4,301
101,157.8,260.2,330.6
192.2,123.4,266.6,169.8
317,1,421,90.6
314.6,122.6,449,323.4
397.8,137,448.2,208.2
316.2,125.8,450.6,172.2
226.6,1,270.6,92.2
202.6,297.8,310.6,384.2
310.6,250.6,389,300.2
145,295.4,197,358.6
368.2,29.8,419.4,88.2
25,109,97.8,157
430.6,1,512.2,192.2
217,93.8,411.4,177.8
235.4,89.8,450.6,172.2
156.2,1,329,112.2
297.8,1,401,93.8
30.6,77.8,405.8,169.8
99.4,175.4,140.2,384.2
228.2,1,273,112.2
241,259.4,320.2,338.6
436.2,322.6,483.4,384.2
33.8,102.6,216.2,167.4
290.6,9,362.6,65
156.2,1,421.8,112.2
285,175.4,423.4,384.2
177,344.2,336.2,384.2
109,156.2,272.2,384.2
1,1,248.2,169.8
171.4,174.6,235.4,251.4
20.2,100.2,226.6,177.8
21,96.2,234.6,170.6
25,101.8,382.6,173
395.4,328.2,436.2,384.2
230.6,1,317.8,96.2
193,185.8,356.2,291.4
356.2,29.8,420.2,120.2
194.6,190.6,260.2,293.8
433.8,1,489.8,117.8
170.6,243.4,268.2,325
105,192.2,180.2,384.2
348.2,115.4,496.2,208.2
221.8,1,271.4,106.6
313,9,362.6,61.8
1,1,248.2,384.2
261.8,276.2,304.2,333.8
319.4,1,421,89
394.6,121,456.2,196.2
466.6,328.2,512.2,384.2
217,173,437.8,323.4
121,166.6,227.4,384.2
30.6,99.4,224.2,194.6
389,327.4,434.6,377.8
390.6,300.2,438.6,380.2
430.6,321.8,512.2,384.2
430.6,1,512.2,170.6
115.4,166.6,235.4,384.2
433.8,1,512.2,170.6
132.2,173.8,266.6,228.2
341,321,382.6,377.8
117.8,169.8,356.2,325
142.6,209.8,225.8,277.8
261,304.2,301,368.2
205.8,226.6,246.6,267.4
433.8,1,499.4,118.6
436.2,305,512.2,384.2
377.8,254.6,438.6,349.8
217,94.6,283.4,155.4
329,79.4,404.2,138.6
228.2,1,319.4,138.6
229,259.4,385,339.4
393.8,301,512.2,384.2
185,331.4,238.6,377.8
25.8,121.8,129,177.8
292.2,301,343.4,342.6
393.8,301,512.2,342.6
350.6,1,512.2,317
272.2,131.4,384.2,173
133,175.4,246.6,332.2
117.8,169.8,240.2,293.8
261.8,270.6,307.4,333.8
154.6,255.4,301,384.2
143.4,175.4,217,294.6
152.2,183.4,207.4,229.8
1,158.6,118.6,384.2
30.6,79.4,448.2,174.6
285.8,192.2,325.8,238.6
341,318.6,384.2,368.2
231.4,228.2,281,298.6
229,297.8,310.6,384.2
335.4,276.2,389.8,384.2
133,192.2,182.6,289.8
217,94.6,283.4,156.2
356.2,30.6,420.2,91.4
349.8,1,468.2,207.4
285.8,1,363.4,72.2
301,65.8,409.8,129.8
107.4,166.6,287.4,384.2
144.2,277,238.6,360.2
397,161,451.4,252.2
275.4,235.4,387.4,305.8
194.6,246.6,238.6,293.8
293,179.4,397,224.2
153.8,174.6,266.6,277
233,174.6,297.8,297
302.6,254.6,436.2,384.2
144.2,277,238.6,351.4
109,156.2,266.6,332.2
99.4,169.8,232.2,384.2
352.2,29.8,445.8,120.2
81,141,123.4,194.6
105,192.2,225,384.2
393,177.8,433.8,280.2
285.8,192.2,325.8,234.6
140.2,209.8,225.8,277.8
161.8,209.8,225.8,277.8
373,1,462.6,125
107.4,166.6,235.4,384.2
310.6,250.6,360.2,300.2
206.6,171.4,437.8,303.4
33.8,148.2,133.8,384.2
448.2,325.8,512.2,384.2
137,173,438.6,384.2
144.2,174.6,272.2,384.2
25,101,189,194.6
201.8,1,271.4,106.6
132.2,188.2,196.2,289.8
165.8,205.8,259.4,277
356.2,1,442.6,91.4
316.2,131.4,381.8,172.2
452.2,136.2,512.2,281.8
125.8,281,217.8,384.2
177,337,338.6,384.2
169,98.6,382.6,179.4
356.2,253.8,418.6,319.4
350.6,241,393.8,293.8
348.2,29.8,496.2,208.2
121,191.4,227.4,384.2
109,156.2,216.2,200.2
217,105,282.6,167.4
221,289.8,263.4,337
323.4,39.4,397,91.4
214.6,97,291.4,144.2
283.4,95.4,362.6,156.2
285,175.4,397.8,384.2
271.4,228.2,316.2,298.6
129,108.2,216.2,157.8
315.4,65.8,409.8,129.8
444.2,157,508.2,301.8
289,177,329,223.4
289.8,61.8,353.8,121.8
239.4,209,310.6,261.8
297,1,421,89
332.2,1,374.6,41.8
281.8,207.4,321.8,248.2
115.4,112.2,157.8,157
20.2,114.6,85,161.8
350.6,144.2,467.4,196.2
165,225,213.8,271.4
281.8,208.2,355.4,248.2
231.4,1,295.4,94.6
283.4,276.2,337.8,384.2
430.6,1,512.2,161.8
90.6,220.2,135.4,384.2
385,93,488.2,207.4
217,105.8,273,157
25,109,166.6,169.8
133,225.8,208.2,297.8
429,1,512.2,263.4
45,146.6,125.8,188.2
108.2,191.4,180.2,384.2
174.6,98.6,310.6,169
253.8,174.6,329.8,229.8
265,1,327.4,94.6
174.6,123.4,225,165.8
137,265.8,199.4,326.6
101,191.4,197,384.2
41.8,105,182.6,166.6
193,221,241,269.8
430.6,1,512.2,197
167.4,272.2,226.6,359.4
289,286.6,343.4,339.4
433.8,1,481,112.2
229,255.4,293.8,384.2
113.8,224.2,161,384.2
121,191.4,183.4,384.2
321,173,431.4,259.4
315.4,65.8,413,154.6
398.6,327.4,440.2,384.2
174.6,121.8,239.4,165.8
150.6,174.6,329,280.2
350.6,1,468.2,207.4
348.2,225,438.6,318.6
239.4,212.2,431.4,320.2
152.2,188.2,196.2,229.8
273.8,93.8,360.2,173
329,79.4,446.6,149.8
154.6,322.6,197.8,367.4
234.6,105.8,357.8,156.2
444.2,252.2,499.4,319.4
321,173,431.4,272.2
193,185.8,325.8,291.4
349.8,311.4,400.2,378.6
229,333,337,384.2
165.8,224.2,213.8,272.2
352.2,29.8,445,120.2
391.4,278.6,440.2,323.4
352.2,9.8,445.8,120.2
297.8,1,356.2,92.2
395.4,153,448.2,196.2
133,192.2,252.2,384.2
411.4,115.4,488.2,172.2
153.8,174.6,266.6,244.2
229,255.4,421.8,384.2
49.8,158.6,109,294.6
375.4,1,456.2,111.4
311.4,254.6,397.8,384.2
221,296.2,263.4,337
221,281.8,269,337
121,200.2,176.2,384.2
141,174.6,218.6,295.4
421.8,321.8,512.2,373
137,265.8,265.8,356.2
295.4,175.4,437.8,303.4
449,323.4,512.2,384.2
276.2,253,349,304.2
85,133,216.2,180.2
153,279.4,247.4,357.8
150.6,174.6,266.6,277
410.6,115.4,488.2,160.2
229.8,1,348.2,123.4
230.6,1,317.8,94.6
397,87.4,446.6,149.8
241,259.4,320.2,315.4
466.6,324.2,512.2,384.2
99.4,173.8,158.6,384.2
326.6,305.8,388.2,384.2
377,1,445.8,111.4
433.8,1,489,117.8
285,37,348.2,121
387.4,301,512.2,384.2
201.8,225,247.4,267.4
141,272.2,238.6,384.2
132.2,173.8,298.6,228.2
436.2,135.4,512.2,321.8
230.6,79.4,291.4,138.6
368.2,259.4,418.6,308.2
396.2,92.2,450.6,159.4
306.6,175.4,427.4,303.4
144.2,290.6,201.8,367.4
314.6,215.4,360.2,276.2
316.2,215.4,360.2,276.2
214.6,97.8,291.4,144.2
37.8,157.8,109,221
373,1,462.6,149
141.8,266.6,185,325.8
385,308.2,453,352.2
445,172.2,506.6,300.2
285.8,174.6,387.4,234.6
75.4,101,189,165.8
217,93.8,359.4,173.8
133,241.8,208.2,297.8
1,102.6,138.6,384.2
15.4,96.2,185.8,169.8
305.8,18.6,347.4,65
122.6,111.4,182.6,166.6
161.8,225,219.4,277.8
177,205.8,321.8,300.2
226.6,1,271.4,69
144.2,274.6,258.6,377.8
142.6,108.2,216.2,157.8
206.6,173.8,329.8,227.4
401.8,122.6,449,208.2
230.6,45.8,277.8,112.2
161,296.2,434.6,384.2
193,176.2,266.6,225
397,115.4,496.2,208.2
384.2,280.2,512.2,384.2
114.6,108.2,216.2,167.4
283.4,93.8,328.2,156.2
128.2,295.4,197,384.2
233,173,413.8,225.8
124.2,1,264.2,126.6
213.8,255.4,293,384.2
112.2,175.4,281,384.2
20.2,104.2,113.8,189
316.2,131.4,384.2,172.2
217,93.8,393,173.8
135.4,176.2,240.2,221.8
375.4,1,456.2,149.8
345.8,326.6,388.2,384.2
391.4,246.6,437,323.4
377,30.6,421.8,96.2
288.2,301,343.4,342.6
357.8,267.4,420.2,310.6
272.2,121,384.2,173
21,109,181,157
300.2,286.6,452.2,384.2
226.6,1,271.4,92.2
137,173,413.8,384.2
1,110.6,118.6,384.2
226.6,1,271.4,106.6
239.4,212.2,360.2,320.2
217,153,405.8,223.4
377.8,289.8,452.2,384.2
141.8,287.4,182.6,384.2
241,259.4,343.4,339.4
228.2,1,329,112.2
156.2,1,264.2,97.8
315.4,65.8,413,152.2
276.2,256.2,347.4,304.2
341.8,305.8,395.4,384.2
185,175.4,272.2,367.4
228.2,1,313.8,97.8
300.2,305.8,398.6,384.2
172.2,190.6,260.2,325
445,160.2,509,300.2
1,110.6,133,384.2
112.2,191.4,180.2,384.2
310.6,1,357.8,85
168.2,175.4,242.6,323.4
417,322.6,512.2,384.2
394.6,153,448.2,196.2
368.2,259.4,418.6,319.4
217,93.8,395.4,157
132.2,188.2,183.4,289.8
144.2,190.6,260.2,377.8
285.8,1,445,115.4
33.8,109,187.4,155.4
228.2,1,319.4,96.2
241,259.4,304.2,303.4
144.2,277,209,351.4
237.8,189,325.8,291.4
239.4,206.6,438.6,318.6
1,95.4,147.4,384.2
329,79.4,411.4,120.2
396.2,94.6,449,149.8
33.8,108.2,216.2,167.4
321.8,201,431.4,259.4
214.6,97.8,357.8,157.8
319.4,308.2,364.2,367.4
316.2,125.8,413,172.2
122.6,109,187.4,165.8
315.4,64.2,417,168.2
304.2,65.8,409.8,129.8
272.2,131.4,384.2,172.2
377,30.6,421.8,83.4
393,260.2,444.2,319.4
466.6,344.2,512.2,384.2
141,275.4,193,367.4
25,101.8,224.2,166.6
133,175.4,281,384.2
169.8,97,291.4,169
283.4,93.8,405.8,167.4
318.6,208.2,367.4,248.2
397,115.4,496.2,172.2
285.8,174.6,437.8,323.4
395.4,153,448.2,206.6
214.6,97,291.4,169
230.6,212.2,438.6,384.2
283.4,93.8,360.2,156.2
33.8,146.6,118.6,188.2
177,337,283.4,384.2
33.8,148.2,118.6,188.2
215.4,253.8,304.2,329.8
42.6,147.4,113.8,189
377,1,456.2,111.4
230.6,96.2,291.4,138.6
397,1,456.2,111.4
349.8,327.4,436.2,384.2
217,93.8,362.6,157
132.2,225.8,247.4,357.8
189.8,269.8,268.2,309.8
315.4,64.2,420.2,168.2
357,1,421.8,75.4
295.4,177,397,272.2
294.6,305.8,423.4,384.2
229,255.4,293,384.2
454.6,136.2,512.2,296.2
217,93.8,298.6,157
121,191.4,225.8,384.2
342.6,130.6,411.4,177.8
285.8,1,325.8,97.8
161.8,218.6,223.4,277.8
331.4,107.4,405.8,167.4
375.4,10.6,422.6,94.6
133,184.2,200.2,268.2
25,101.8,328.2,172.2
194.6,201,257.8,293.8
20.2,104.2,125.8,189
289,79.4,448.2,149.8
349.8,327.4,400.2,378.6
389.8,254.6,432.2,309
337,305.8,398.6,384.2
225,105.8,357.8,157.8
45,146.6,118.6,188.2
133.8,223.4,182.6,289.8
363.4,1,422.6,94.6
394.6,327.4,440.2,384.2
417,322.6,473.8,384.2
1,102.6,79.4,272.2
387.4,297.8,512.2,384.2
217,173,297.8,297
192.2,1,260.2,96.2
214.6,97,291.4,161
150.6,174.6,329,277
306.6,175.4,394.6,303.4
273.8,93.8,393.8,173
316.2,89.8,450.6,172.2
417,64.2,495.4,152.2
401.8,161,445.8,206.6
293.8,334.6,340.2,374.6
132.2,218.6,183.4,289.8
269.8,225,438.6,318.6
224.2,201,288.2,244.2
253.8,174.6,329.8,227.4
33.8,108.2,216.2,157.8
375.4,30.6,419.4,94.6
123.4,173.8,298.6,228.2
285,37,346.6,105.8
30.6,108.2,226.6,167.4
397,174.6,448.2,252.2
133,175.4,217,332.2
233,237,277,283.4
304.2,89,401,129.8
275.4,235.4,385.8,284.2
283.4,93.8,327.4,156.2
397.8,137,447.4,208.2
137,265.8,265.8,363.4
14.6,333,96.2,384.2
30.6,94.6,283.4,169.8
394.6,246.6,437,297.8
343.4,309,436.2,384.2
343.4,313,386.6,377
239.4,212.2,438.6,349.8
257,105.8,357.8,156.2
49,158.6,110.6,305
153,279.4,223.4,357.8
30.6,110.6,89,154.6
229.8,37,348.2,123.4
110.6,169.8,200.2,274.6
30.6,94.6,283.4,157.8
401.8,161,446.6,206.6
30.6,105,282.6,167.4
101,145,174.6,194.6
202.6,301.8,265.8,364.2
230.6,297.8,303.4,360.2
141.8,266.6,247.4,357.8
464.2,1,512.2,112.2
25,109,89,157
397,93,488.2,161
401.8,25.8,445.8,101
302.6,250.6,389,300.2
321.8,220.2,431.4,272.2
322.6,1,421,91.4
213,191.4,259.4,240.2
283.4,93.8,331.4,156.2
185,274.6,258.6,377.8
133,192.2,238.6,384.2
394.6,119.4,468.2,196.2
291.4,10.6,355.4,50.6
167.4,278.6,222.6,359.4
167.4,298.6,214.6,359.4
275.4,235.4,385.8,276.2
193.8,206.6,252.2,281.8
215.4,253,389,329.8
15.4,96.2,147.4,174.6
144.2,274.6,184.2,328.2
436.2,137,512.2,323.4
133,256.2,183.4,384.2
215.4,253,387.4,329.8
272.2,93.8,359.4,173.8
206.6,205.8,259.4,257
144.2,277,208.2,351.4
164.2,235.4,209,278.6
385,308.2,453,377.8
454.6,136.2,512.2,231.4
472.2,335.4,512.2,384.2
154.6,255.4,293.8,384.2
140.2,296.2,183.4,384.2
368.2,29.8,415.4,88.2
15.4,95.4,147.4,213.8
144.2,274.6,201.8,367.4
234.6,125,282.6,169.8
422.6,64.2,495.4,152.2
288.2,89.8,364.2,154.6
293,9,362.6,65
394.6,153,448.2,201.8
317,220.2,357.8,273.8
144.2,277,199.4,326.6
321.8,173,431.4,259.4
377.8,327.4,436.2,384.2
429,102.6,512.2,182.6
448.2,1,489.8,65
33.8,148.2,112.2,305
170.6,269.8,268.2,325
174.6,98.6,301.8,169
194.6,225.8,247.4,293.8
176.2,272.2,226.6,329
202.6,241,248.2,283.4
239.4,212.2,287.4,257.8
202.6,321,256.2,364.2
133.8,201,194.6,289.8
358.6,4.2,421,49.8
362.6,144.2,467.4,196.2
224.2,1,325,101.8
133,175.4,217,294.6
297.8,1,356.2,49
1,1,72.2,256.2
377,1,448.2,96.2
177,337,244.2,384.2
177.8,272.2,226.6,329
30.6,110.6,89,157
239.4,212.2,360.2,300.2
33.8,109,187.4,194.6
107.4,166.6,389,384.2
123.4,192.2,180.2,384.2
433.8,1,499.4,112.2
233,226.6,281.8,297
165.8,205.8,259.4,257
200.2,174.6,245,265
153,273,214.6,322.6
145,289,205.8,332.2
217,95.4,283.4,155.4
385,308.2,425.8,352.2
442.6,153.8,505,322.6
285.8,1,421,115.4
465.8,137,512.2,320.2
357,225,397,272.2
342.6,305.8,398.6,384.2
273.8,93.8,360.2,156.2
215.4,113,328.2,170.6
238.6,175.4,303.4,278.6
377,29.8,417,111.4
377,30.6,419.4,97.8
401,144.2,467.4,196.2
109,157.8,173.8,200.2
385,64.2,496.2,206.6
305.8,125.8,382.6,173
185,333,340.2,384.2
144.2,274.6,238.6,384.2
466.6,335.4,512.2,384.2
215.4,253.8,323.4,329.8
442.6,153.8,509,322.6
271.4,242.6,314.6,301
140.2,296.2,180.2,384.2
176.2,226.6,246.6,329
326.6,335.4,385,384.2
297,22.6,347.4,62.6
134.6,241,200.2,293.8
341.8,307.4,388.2,384.2
310.6,1,357.8,86.6
231.4,1,319.4,94.6
271.4,245.8,313.8,298.6
217,105.8,268.2,157
109,156.2,184.2,200.2
465,1,512.2,112.2
165.8,224.2,213.8,265
315.4,91.4,364.2,154.6
133,184.2,200.2,274.6
191.4,174.6,272.2,363.4
153.8,174.6,266.6,225
25,105,182.6,166.6
230.6,297.8,423.4,384.2
169.8,107.4,254.6,166.6
391.4,177.8,445,323.4
180.2,205.8,259.4,257
466.6,325,512.2,384.2
232.2,1,317.8,95.4
125.8,1,264.2,103.4
25,97.8,382.6,173
232.2,1,325,101.8
162.6,224.2,213.8,292.2
231.4,48.2,306.6,97.8
133,176.2,240.2,221.8
465,325.8,509.8,370.6
224.2,45.8,338.6,112.2
365.8,156.2,445,323.4
162.6,108.2,216.2,167.4
316.2,131.4,413,172.2
198.6,31.4,240.2,94.6
401.8,1,445.8,101
437,322.6,512.2,384.2
300.2,305.8,388.2,384.2
429,102.6,484.2,151.4
154.6,321.8,201.8,367.4
417,305,512.2,384.2
237.8,212.2,320.2,271.4
228.2,1,306.6,97.8
249.8,93.8,393.8,173
391.4,177.8,444.2,323.4
133,192.2,281,384.2
128.2,295.4,180.2,384.2
133,192.2,258.6,384.2
262.6,189,323.4,233.8
214.6,97.8,271.4,144.2
291.4,1,421.8,89
75.4,99.4,224.2,145
273.8,93.8,385,173
446.6,32.2,499.4,112.2
288.2,91.4,364.2,154.6
121,200.2,176.2,340.2
297,1,356.2,61
357,225,438.6,318.6
238.6,174.6,329.8,301
221,1,292.2,96.2
224.2,45.8,338.6,118.6
117.8,169.8,192.2,241
224.2,1,285,96.2
394.6,205.8,445,274.6
133,173,438.6,384.2
319.4,1,421,84.2
390.6,300.2,438.6,378.6
317,249.8,360.2,303.4
291.4,276.2,389.8,384.2
397.8,64.2,496.2,168.2
252.2,121,301.8,169
236.2,174.6,329.8,227.4
164.2,224.2,213.8,278.6
405.8,64.2,449,149
444.2,225,499.4,319.4
417,1,512.2,161.8
285.8,189,325.8,229.8
442.6,267.4,512.2,321.8
238.6,175.4,314.6,301
17,337,96.2,384.2
297,1,356.2,78.6
325,173,400.2,227.4
291.4,10.6,374.6,87.4
306.6,175.4,362.6,303.4
350.6,92.2,468.2,207.4
465.8,137,512.2,310.6
122.6,109,187.4,155.4
173.8,333,238.6,384.2
397.8,153,450.6,194.6
417.8,246.6,499.4,322.6
306.6,175.4,437.8,303.4
289,321,340.2,372.2
393,249.8,438.6,318.6
30.6,108.2,212.2,157.8
15.4,102.6,79.4,176.2
121,200.2,176.2,280.2
334.6,179.4,397,224.2
239.4,212.2,322.6,291.4
411.4,93,473.8,159.4
342.6,326.6,388.2,384.2
223.4,106.6,301.8,169
310.6,1,356.2,50.6
377,31.4,417,111.4
352.2,100.2,468.2,196.2
227.4,1,285,96.2
293.8,307.4,344.2,374.6
319.4,35.4,370.6,84.2
429,102.6,512.2,157
19.4,89,181,142.6
231.4,1,306.6,97.8
246.6,54.6,292.2,96.2
162.6,329.8,282.6,384.2
157,297,220.2,357.8
185,333,337,384.2
261.8,234.6,314.6,333.8
133,174.6,384.2,227.4
231.4,228.2,281,284.2
134.6,286.6,180.2,384.2
316.2,131.4,362.6,172.2
377.8,323.4,421.8,384.2
397,93,473.8,161
433.8,1,479.4,117.8
153,279.4,220.2,357.8
132.2,173.8,197,221.8
317,220.2,360.2,303.4
215.4,301.8,348.2,372.2
141,275.4,238.6,384.2
285.8,48.2,347.4,107.4
436.2,153.8,505,323.4
430.6,321.8,483.4,384.2
394.6,150.6,448.2,196.2
201.8,226.6,246.6,267.4
162.6,329.8,337,384.2
30.6,108.2,216.2,167.4
393,328.2,434.6,377.8
123.4,193,180.2,384.2
293,176.2,415.4,232.2
237.8,212.2,287.4,271.4
49.8,158.6,111.4,305
377,30.6,420.2,87.4
393,270.6,438.6,318.6
232.2,1,291.4,94.6
177,205.8,345,330.6
306.6,175.4,437,303.4
295.4,177,395.4,228.2
466.6,338.6,512.2,384.2
451.4,137,505,231.4
429,102.6,496.2,157
283.4,225,438.6,318.6
345,303.4,388.2,384.2
206.6,173.8,437.8,303.4
177,218.6,264.2,273
129,108.2,216.2,167.4
447.4,278.6,512.2,321.8
33.8,148.2,112.2,188.2
174.6,98.6,382.6,173
30.6,108.2,226.6,157.8
319.4,1,420.2,84.2
461,1,512.2,136.2
221,1,327.4,97.8
352.2,100.2,468.2,207.4
285.8,48.2,347.4,115.4
177,225,246.6,266.6
161,301.8,340.2,384.2
394.6,153,451.4,201.8
121,200.2,164.2,280.2
249.8,297.8,303.4,360.2
369,243.4,438.6,318.6
275.4,235.4,367.4,276.2
1,102.6,113.8,305
215.4,301.8,340.2,372.2
162.6,108.2,212.2,157.8
433.8,1,477,52.2
224.2,209.8,315.4,300.2
239.4,176.2,438.6,318.6
243.4,321,340.2,372.2
391.4,177.8,437,323.4
263.4,113,324.2,170.6
201.8,206.6,252.2,267.4
223.4,98.6,301.8,169
330.6,1,374.6,79.4
239.4,213,310.6,261.8
132.2,173.8,217,221.8
1,305,96.2,384.2
216.2,173.8,329.8,227.4
343.4,309,388.2,377
208.2,344.2,282.6,384.2
352.2,179.4,397,224.2
213.8,275.4,264.2,337
385,161,452.2,274.6
235.4,1,293.8,96.2
271.4,242.6,314.6,285
261.8,298.6,434.6,384.2
341.8,303.4,434.6,384.2
315.4,89.8,383.4,129.8
140.2,296.2,196.2,384.2
385,153,451.4,201.8
352.2,119.4,468.2,196.2
295.4,179.4,397,224.2
177.8,113,328.2,170.6
273,129,382.6,173
377,1,431.4,96.2
306.6,175.4,362.6,277.8
341.8,305.8,389.8,384.2
464.2,181,505,231.4
263.4,113,328.2,170.6
293,176.2,397,224.2
118.6,193,180.2,384.2
239.4,209.8,315.4,269.8
173.8,174.6,266.6,228.2
29.8,141.8,112.2,188.2
221,1,265,96.2
444.2,252.2,488.2,319.4
162.6,225,219.4,277.8
451.4,137,503.4,223.4
213.8,255.4,293.8,384.2
185,340.2,282.6,384.2
316.2,225,438.6,318.6
49,158.6,101.8,209
273,1,317.8,77.8
465.8,137,512.2,289
156.2,31.4,241,97.8
394.6,121,468.2,196.2
254.6,333,337,384.2
356.2,30.6,418.6,91.4
49,157.8,113.8,305
442.6,278.6,512.2,321.8
230.6,1,273,112.2
25,101.8,328.2,170.6
161,316.2,216.2,363.4
239.4,213,315.4,269.8
235.4,113,328.2,170.6
234.6,113,328.2,170.6
15.4,111.4,105,213.8
224.2,254.6,311.4,300.2
221,1,266.6,96.2
341.8,326.6,388.2,384.2
239.4,206.6,310.6,261.8
394.6,161,452.2,274.6
235.4,1,290.6,92.2
239.4,213,287.4,261
369,225,438.6,318.6
235.4,1,325.8,97.8
122.6,222.6,164.2,280.2
451.4,153.8,498.6,223.4
425.8,321.8,512.2,384.2
341.8,305.8,388.2,384.2
465,325,512.2,370.6
448.2,137,505,287.4
436.2,252.2,499.4,323.4
49,158.6,109,304.2
448.2,157,505,287.4
299.4,33.8,374.6,87.4
330.6,1,374.6,60.2
235.4,1,292.2,96.2
449.8,161.8,505,253.8
235.4,1,290.6,96.2
464.2,161.8,505,231.4
