1,1,383.93,511.93
1,98.067,286.87,204.73
270.87,155.67,383.93,505.53
1,122.6,383.93,511.93
1,69.267,313.53,259.13
302.87,138.6,383.93,308.2
1,69.267,313.53,409.53
1,1,287.93,81
270.87,133.27,383.93,505.53
1,136.47,383.93,511.93
1,1,383.93,501.27
169.53,1,383.93,413.8
6.3333,415.93,313.53,511.93
1,295.4,383.93,511.93
213.27,156.73,309.27,213.27
1,1,312.47,123.67
1,1,383.93,203.67
1,159.93,130.07,511.93
270.87,385,383.93,505.53
265.53,1,383.93,498.07
319.93,175.93,376.47,302.87
1,377.53,383.93,511.93
1,218.6,65,511.93
101.27,292.2,159.93,347.67
267.67,1,312.47,68.2
1,125.8,282.6,411.67
1,1,289,84.2
30.867,449,383.93,511.93
238.87,228.2,280.47,278.33
229.27,137.53,341.27,371.13
6.3333,331.67,383.93,511.93
7.4,359.4,303.93,471.4
34.067,196.2,307.13,409.53
7.4,380.73,203.67,441.53
275.13,73.533,383.93,199.4
1,1,296.47,106.6
1,136.47,235.67,399.93
30.867,314.6,383.93,511.93
6.3333,390.33,383.93,511.93
228.2,321,299.67,412.73
1,372.2,383.93,511.93
1,1,289,81
177,130.07,383.93,511.93
1,1,313.53,191.93
7.4,155.67,383.93,511.93
292.2,1,383.93,501.27
1,1,383.93,204.73
149.27,153.53,308.2,417
1,1,383.93,205.8
1,113,231.4,207.93
7.4,314.6,383.93,511.93
1,1,383.93,413.8
1,1,337,204.73
249.53,421.27,306.07,463.93
1,1,337,138.6
229.27,1,383.93,501.27
265.53,1,383.93,278.33
1,70.333,294.33,156.73
1,122.6,316.73,511.93
1,71.4,313.53,511.93
228.2,321,299.67,383.93
21.267,347.67,306.07,463.93
1,125.8,189.8,226.07
21.267,369,306.07,463.93
1,338.07,49,392.47
278.33,63.933,371.13,172.73
1,183.4,177,511.93
17,447.93,383.93,511.93
123.67,359.4,210.07,411.67
30.867,450.07,372.2,511.93
265.53,138.6,383.93,503.4
1,1,313.53,409.53
1,183.4,383.93,511.93
1,71.4,204.73,511.93
1,1,383.93,417
97,249.53,167.4,328.47
172.73,317.8,353,453.27
1,184.47,207.93,347.67
1,138.6,383.93,511.93
1,376.47,100.2,511.93
6.3333,423.4,313.53,484.2
1,191.93,181.27,339.13
1,43.667,313.53,191.93
4.2,187.67,206.87,357.27
21.267,347.67,285.8,447.93
1,71.4,383.93,511.93
13.8,68.2,337,191.93
45.8,381.8,177,428.73
21.267,138.6,383.93,503.4
1,1,296.47,84.2
1,1,340.2,200.47
1,376.47,130.07,511.93
1,98.067,292.2,204.73
1,155.67,383.93,511.93
116.2,463.93,237.8,511.93
129,471.4,303.93,511.93
1,113,383.93,511.93
1,155.67,370.07,417
273,138.6,383.93,511.93
30.867,447.93,78.867,511.93
7.4,346.6,319.93,477.8
1,295.4,89.533,392.47
67.133,226.07,164.2,345.53
22.333,182.33,210.07,361.53
1,338.07,98.067,425.53
93.8,187.67,206.87,361.53
7.4,378.6,283.67,458.6
122.6,70.333,290.07,148.2
1,78.867,126.87,249.53
209,122.6,316.73,362.6
129,276.2,210.07,361.53
230.33,165.27,316.73,362.6
1,1,291.13,108.73
167.4,57.533,293.27,108.73
156.73,1,286.87,56.467
1,141.8,163.13,249.53
22.333,183.4,177,343.4
105.53,466.07,355.13,511.93
74.6,189.8,152.47,264.47
22.333,139.67,204.73,357.27
77.8,314.6,353,453.27
85.267,274.07,264.47,370.07
7.4,359.4,51.133,415.93
225,316.73,353,420.2
29.8,69.267,313.53,259.13
8.4667,251.67,57.533,377.53
188.73,95.933,287.93,137.53
269.8,390.33,319.93,439.4
81,175.93,205.8,255.93
119.4,71.4,214.33,119.4
74.6,157.8,152.47,277.27
177,130.07,344.47,437.27
23.4,175.93,206.87,344.47
1,155.67,264.47,370.07
1,201.53,89.533,392.47
339.13,148.2,383.93,278.33
1,250.6,162.07,397.8
279.4,155.67,383.93,498.07
1,57.533,293.27,173.8
315.67,140.73,377.53,338.07
149.27,73.533,383.93,417
278.33,83.133,349.8,161
44.733,463.93,142.87,511.93
1,1,291.13,123.67
1,187.67,206.87,357.27
252.73,138.6,383.93,503.4
1,273,79.933,380.73
29.8,450.07,102.33,511.93
30.867,449,249.53,511.93
147.13,1,383.93,203.67
34.067,315.67,163.13,393.53
1,28.733,287.93,84.2
1,218.6,65,319.93
122.6,1,383.93,205.8
93.8,202.6,201.53,335.93
313.53,1,383.93,139.67
303.93,1,383.93,191.93
6.3333,264.47,313.53,511.93
1,73.533,383.93,417
157.8,182.33,232.47,335.93
110.87,276.2,285.8,454.33
30.867,391.4,383.93,511.93
22.333,184.47,203.67,347.67
77.8,341.27,161,390.33
19.133,447.93,383.93,511.93
117.27,123.67,194.07,210.07
1,376.47,383.93,511.93
183.4,186.6,370.07,417
107.67,264.47,285.8,454.33
141.8,72.467,236.73,129
261.27,390.33,383.93,511.93
1,70.333,340.2,199.4
1,122.6,299.67,412.73
30.867,450.07,334.87,511.93
210.07,142.87,309.27,342.33
265.53,138.6,383.93,437.27
1,125.8,189.8,311.4
236.73,230.33,307.13,325.27
1,66.067,164.2,130.07
239.93,117.27,286.87,196.2
177,199.4,318.87,437.27
337,138.6,383.93,269.8
1,113,353,420.2
116.2,63.933,341.27,204.73
316.73,338.07,360.47,406.33
1,1,157.8,81
233.53,280.47,298.6,344.47
265.53,1,383.93,193
306.07,274.07,367.93,348.73
157.8,332.73,203.67,393.53
1,300.73,254.87,408.47
1,1,383.93,412.73
30.867,187.67,206.87,357.27
7.4,378.6,232.47,442.6
1,81,69.267,141.8
205.8,1,296.47,70.333
1,295.4,254.87,408.47
172.73,73.533,237.8,119.4
1,138.6,229.27,361.53
161,153.53,231.4,327.4
1,1,331.67,143.93
303.93,83.133,349.8,138.6
1,66.067,167.4,141.8
123.67,28.733,287.93,73.533
1,216.47,162.07,511.93
319.93,310.33,370.07,355.13
120.47,331.67,235.67,438.33
116.2,116.2,286.87,203.67
1,136.47,210.07,226.07
183.4,186.6,316.73,417
164.2,1,312.47,92.733
38.333,190.87,203.67,347.67
234.6,252.73,280.47,316.73
10.6,74.6,175.93,139.67
1,139.67,229.27,361.53
321,165.27,376.47,306.07
78.867,139.67,204.73,353
1,1,120.47,81
313.53,138.6,376.47,281.53
213.27,142.87,309.27,342.33
307.13,260.2,367.93,348.73
23.4,191.93,181.27,301.8
1,122.6,291.13,345.53
251.67,295.4,299.67,362.6
315.67,338.07,360.47,406.33
24.467,201.53,73.533,246.33
1,1,313.53,108.73
125.8,1,337,138.6
119.4,43.667,313.53,147.13
315.67,273,383.93,447.93
287.93,245.27,351.93,350.87
7.4,359.4,210.07,442.6
1,301.8,203.67,397.8
1,71.4,172.73,249.53
299.67,1,383.93,200.47
1,216.47,162.07,397.8
1,20.2,287.93,83.133
8.4667,330.6,383.93,511.93
22.333,183.4,172.73,343.4
209,139.67,316.73,362.6
305,113,383.93,497
292.2,1,383.93,497
237.8,431.93,383.93,506.6
1,295.4,105.53,511.93
1,20.2,289,84.2
1,122.6,316.73,363.67
337,138.6,383.93,238.87
107.67,196.2,212.2,397.8
30.867,450.07,119.4,498.07
311.4,305,351.93,350.87
101.27,274.07,232.47,361.53
273,245.27,383.93,511.93
1,1,289,82.067
93.8,115.13,310.33,259.13
212.2,347.67,269.8,442.6
316.73,337,383.93,431.93
58.6,456.47,237.8,511.93
236.73,233.53,305,325.27
125.8,72.467,236.73,125.8
18.067,201.53,73.533,249.53
251.67,342.33,298.6,412.73
1,113,231.4,291.13
30.867,449,203.67,511.93
1,141.8,187.67,247.4
169.53,60.733,285.8,108.73
43.667,463.93,234.6,511.93
302.87,138.6,383.93,281.53
36.2,159.93,84.2,201.53
56.467,299.67,97,343.4
116.2,135.4,274.07,203.67
1,71.4,204.73,357.27
315.67,138.6,377.53,338.07
1,113,231.4,357.27
1,299.67,216.47,399.93
39.4,453.27,102.33,511.93
302.87,138.6,383.93,350.87
261.27,1,383.93,193
1,141.8,127.93,205.8
216.47,213.27,307.13,417
110.87,264.47,285.8,454.33
212.2,349.8,286.87,451.13
314.6,401,383.93,503.4
1,141.8,163.13,210.07
209,122.6,316.73,363.67
7.4,396.73,110.87,441.53
1,139.67,162.07,234.6
1,1,164.2,130.07
212.2,338.07,269.8,444.73
292.2,1,383.93,195.13
275.13,83.133,339.13,203.67
14.867,1,161,44.733
79.933,198.33,203.67,328.47
141.8,1,340.2,139.67
88.467,158.87,162.07,210.07
1,1,383.93,342.33
172.73,314.6,353,453.27
22.333,202.6,119.4,357.27
101.27,274.07,232.47,359.4
1,376.47,57.533,511.93
283.67,310.33,370.07,402.07
193,122.6,316.73,363.67
44.733,451.13,303.93,511.93
1,202.6,69.267,339.13
303.93,82.067,351.93,137.53
209,157.8,309.27,342.33
273,470.33,383.93,511.93
333.8,1,383.93,191.93
1,338.07,115.13,511.93
7.4,331.67,321,463.93
234.6,227.13,307.13,344.47
21.267,373.27,174.87,425.53
1,299.67,235.67,399.93
93.8,153.53,229.27,361.53
67.133,238.87,133.27,345.53
305,1,383.93,195.13
1,1,286.87,45.8
29.8,450.07,355.13,511.93
37.267,202.6,114.07,311.4
1,113,231.4,230.33
21.267,369,299.67,463.93
1,1,291.13,130.07
305,83.133,347.67,137.53
6.3333,429.8,313.53,481
1,74.6,154.6,158.87
1,21.267,289,82.067
8.4667,431.93,383.93,511.93
164.2,1,312.47,68.2
21.267,347.67,280.47,443.67
127.93,332.73,216.47,383.93
1,250.6,235.67,399.93
177,138.6,298.6,344.47
182.33,203.67,231.4,280.47
29.8,69.267,313.53,139.67
81,175.93,163.13,234.6
1,1,296.47,82.067
230.33,130.07,344.47,232.47
8.4667,422.33,383.93,504.47
12.733,430.87,314.6,482.07
117.27,136.47,210.07,197.27
157.8,122.6,291.13,345.53
177,136.47,244.2,201.53
312.47,1,383.93,138.6
169.53,1,383.93,200.47
273,401,383.93,511.93
225,199.4,353,420.2
1,136.47,210.07,249.53
169.53,1,313.53,108.73
228.2,252.73,307.13,409.53
210.07,1,383.93,342.33
1,143.93,121.53,204.73
313.53,138.6,383.93,281.53
1,28.733,289,84.2
1,70.333,347.67,199.4
225,374.33,270.87,427.67
110.87,276.2,244.2,454.33
8.4667,251.67,65,377.53
1,1,286.87,43.667
1,137.53,127.93,226.07
1,1,312.47,83.133
212.2,338.07,321,463.93
11.667,159.93,130.07,357.27
117.27,141.8,163.13,210.07
230.33,199.4,307.13,344.47
1,429.8,313.53,511.93
230.33,195.13,308.2,338.07
50.067,1,287.93,71.4
212.2,327.4,285.8,447.93
165.27,349.8,286.87,451.13
293.27,143.93,383.93,404.2
1,71.4,172.73,158.87
290.07,186.6,340.2,310.33
172.73,285.8,233.53,359.4
1,285.8,262.33,398.87
117.27,139.67,175.93,194.07
110.87,354.07,223.93,430.87
279.4,413.8,337,481
265.53,115.13,310.33,200.47
117.27,105.53,286.87,200.47
62.867,155.67,170.6,234.6
1,81,60.733,130.07
117.27,123.67,214.33,198.33
68.2,78.867,108.73,127.93
237.8,431.93,383.93,510.87
313.53,1,383.93,195.13
71.4,157.8,152.47,287.93
1,136.47,210.07,361.53
23.4,175.93,206.87,338.07
17,191.93,181.27,301.8
30.867,450.07,234.6,498.07
227.13,306.07,299.67,417
1,338.07,52.2,392.47
1,125.8,189.8,310.33
1,202.6,65,319.93
212.2,346.6,284.73,453.27
1,141.8,127.93,203.67
1,33,167.4,82.067
242.07,122.6,292.2,203.67
1,273,216.47,399.93
1,155.67,214.33,345.53
49,385,172.73,428.73
1,81,121.53,175.93
339.13,1,383.93,191.93
236.73,228.2,280.47,314.6
1,66.067,167.4,130.07
22.333,182.33,204.73,353
161,138.6,353,420.2
233.53,306.07,299.67,406.33
1,1,286.87,56.467
227.13,195.13,308.2,417
29.8,301.8,185.53,408.47
165.27,155.67,383.93,498.07
119.4,72.467,266.6,147.13
108.73,346.6,284.73,453.27
1,217.53,69.267,339.13
253.8,115.13,310.33,200.47
183.4,194.07,308.2,249.53
118.33,450.07,383.93,510.87
117.27,105.53,286.87,196.2
265.53,1,383.93,191.93
287.93,1,340.2,132.2
146.07,134.33,243.13,196.2
315.67,140.73,376.47,306.07
149.27,37.267,291.13,113
110.87,276.2,223.93,430.87
209,162.07,282.6,204.73
1,285.8,282.6,398.87
210.07,130.07,276.2,194.07
84.2,386.07,177,428.73
77.8,329.53,230.33,435.13
177,122.6,309.27,413.8
309.27,138.6,383.93,281.53
22.333,183.4,172.73,342.33
119.4,139.67,171.67,210.07
219.67,94.867,266.6,138.6
283.67,310.33,370.07,403.13
77.8,341.27,203.67,398.87
212.2,349.8,301.8,467.13
313.53,113,383.93,255.93
221.8,374.33,271.93,443.67
267.67,204.73,308.2,249.53
1,422.33,383.93,511.93
316.73,318.87,383.93,431.93
265.53,273,351.93,437.27
29.8,450.07,177,511.93
5.2667,1,331.67,139.67
12.733,434.07,314.6,482.07
284.73,292.2,351.93,412.73
129,276.2,216.47,398.87
279.4,273,383.93,503.4
1,300.73,210.07,408.47
317.8,1,383.93,111.93
305,318.87,353,447.93
196.2,207.93,305,344.47
120.47,331.67,321,463.93
30.867,197.27,130.07,357.27
8.4667,434.07,383.93,511.93
1,109.8,189.8,204.73
1,159.93,130.07,392.47
1,28.733,241,83.133
261.27,1,332.73,124.73
1,285.8,282.6,411.67
71.4,157.8,152.47,286.87
108.73,391.4,383.93,510.87
10.6,70.333,294.33,148.2
314.6,415.93,383.93,503.4
166.33,374.33,230.33,435.13
316.73,338.07,383.93,431.93
1,143.93,162.07,234.6
1,77.8,149.27,141.8
217.53,300.73,318.87,437.27
261.27,1,340.2,124.73
278.33,431.93,383.93,506.6
1,77.8,168.47,141.8
1,1,166.33,81
247.4,1,296.47,70.333
38.333,463.93,233.53,511.93
7.4,359.4,319.93,477.8
1,295.4,210.07,511.93
22.333,157.8,152.47,357.27
1,147.13,163.13,210.07
265.53,63.933,383.93,191.93
1,177,207.93,347.67
1,292.2,216.47,398.87
316.73,318.87,383.93,479.93
234.6,228.2,280.47,322.07
117.27,136.47,185.53,197.27
77.8,73.533,140.73,125.8
1,1,340.2,191.93
284.73,245.27,383.93,447.93
7.4,372.2,51.133,415.93
1,273,264.47,404.2
293.27,143.93,358.33,371.13
212.2,91.667,316.73,204.73
116.2,43.667,313.53,191.93
1,34.067,181.27,83.133
1,1,383.93,191.93
321,209,366.87,303.93
252.73,143.93,383.93,503.4
141.8,1,340.2,191.93
21.267,347.67,280.47,445.8
93.8,123.67,194.07,210.07
1,39.4,95.933,83.133
1,338.07,115.13,428.73
207.93,135.4,274.07,197.27
316.73,318.87,383.93,449
206.87,60.733,285.8,108.73
283.67,329.53,383.93,434.07
22.333,215.4,99.133,312.47
212.2,157.8,309.27,321
306.07,113,383.93,404.2
1,113,231.4,210.07
225,142.87,353,420.2
7.4,377.53,94.867,423.4
214.33,347.67,262.33,396.73
174.87,115.13,310.33,204.73
175.93,141.8,239.93,199.4
249.53,421.27,299.67,463.93
1,136.47,127.93,226.07
1,292.2,235.67,398.87
21.267,369,241,442.6
68.2,78.867,113,127.93
306.07,255.93,383.93,308.2
209,122.6,292.2,204.73
171.67,321,216.47,398.87
77.8,329.53,185.53,408.47
213.27,228.2,280.47,338.07
175.93,65,285.8,106.6
53.267,297.53,105.53,356.2
1,66.067,168.47,175.93
8.4667,380.73,303.93,471.4
265.53,1,383.93,199.4
68.2,386.07,136.47,427.67
171.67,303.93,212.2,365.8
269.8,337,353,439.4
98.067,202.6,201.53,300.73
339.13,1,383.93,149.27
146.07,212.2,186.6,275.13
13.8,72.467,236.73,140.73
212.2,369,255.93,442.6
22.333,202.6,99.133,312.47
211.13,20.2,287.93,67.133
50.067,1,286.87,42.6
134.33,182.33,193,227.13
1,1,383.93,200.47
85.267,76.733,175.93,139.67
1,20.2,289,83.133
29.8,71.4,172.73,126.87
321,175.93,376.47,306.07
22.333,190.87,172.73,342.33
1,34.067,181.27,75.667
7.4,377.53,98.067,425.53
287.93,83.133,339.13,132.2
44.733,463.93,303.93,511.93
14.867,1,108.73,44.733
74.6,158.87,162.07,234.6
50.067,463.93,233.53,511.93
101.27,431.93,383.93,510.87
161,138.6,275.13,327.4
167.4,43.667,313.53,108.73
12.733,434.07,255.93,474.6
161,1,296.47,70.333
236.73,467.13,383.93,510.87
313.53,155.67,363.67,239.93
1,377.53,100.2,447.93
6.3333,429.8,313.53,482.07
45.8,380.73,174.87,428.73
101.27,220.73,206.87,338.07
34.067,196.2,212.2,397.8
5.2667,78.867,90.6,130.07
74.6,158.87,121.53,207.93
305,318.87,383.93,497
301.8,273,351.93,334.87
333.8,1,383.93,172.73
212.2,327.4,271.93,445.8
161,138.6,233.53,327.4
225,374.33,270.87,415.93
77.8,323.13,230.33,435.13
157.8,182.33,306.07,259.13
1,24.467,286.87,82.067
241,425.53,301.8,467.13
177,138.6,283.67,334.87
1,1,285.8,45.8
233.53,306.07,299.67,417
142.87,162.07,214.33,338.07
134.33,204.73,204.73,291.13
307.13,73.533,383.93,252.73
1,376.47,314.6,511.93
20.2,447.93,383.93,511.93
236.73,262.33,280.47,324.2
279.4,413.8,383.93,503.4
108.73,391.4,234.6,456.47
1,35.133,207.93,81
1,273,299.67,412.73
1,1,161,44.733
22.333,202.6,79.933,287.93
230.33,130.07,344.47,251.67
1,147.13,120.47,204.73
307.13,260.2,383.93,404.2
1,423.4,313.53,511.93
62.867,155.67,214.33,345.53
62.867,74.6,154.6,158.87
1,235.67,65,511.93
175.93,81,337,125.8
44.733,463.93,209,511.93
148.2,187.67,205.8,258.07
337,308.2,383.93,447.93
182.33,203.67,232.47,321
72.467,238.87,133.27,330.6
141.8,72.467,266.6,139.67
127.93,332.73,203.67,395.67
217.53,342.33,321,463.93
229.27,137.53,341.27,251.67
308.2,77.8,371.13,172.73
127.93,467.13,372.2,511.93
37.267,212.2,114.07,311.4
236.73,280.47,278.33,321
49,211.13,122.6,297.53
22.333,184.47,204.73,347.67
82.067,187.67,162.07,234.6
177,199.4,230.33,303.93
81,175.93,170.6,234.6
1,66.067,168.47,173.8
78.867,233.53,189.8,353
216.47,213.27,307.13,338.07
261.27,390.33,383.93,504.47
217.53,326.33,295.4,409.53
302.87,138.6,363.67,271.93
141.8,1,340.2,189.8
321,242.07,366.87,303.93
1,146.07,119.4,203.67
273,413.8,383.93,511.93
78.867,204.73,204.73,353
10.6,292.2,57.533,377.53
125.8,72.467,236.73,129
145,373.27,223.93,421.27
280.47,155.67,383.93,498.07
313.53,113,383.93,262.33
299.67,73.533,383.93,252.73
43.667,463.93,172.73,511.93
290.07,155.67,383.93,406.33
61.8,151.4,114.07,205.8
161,285.8,206.87,344.47
217.53,326.33,295.4,413.8
211.13,157.8,309.27,321
10.6,132.2,141.8,173.8
138.6,23.4,287.93,67.133
1,338.07,90.6,412.73
338.07,1,383.93,124.73
1,28.733,287.93,81
307.13,290.07,367.93,348.73
1,346.6,46.867,405.27
228.2,321,299.67,409.53
1,35.133,214.33,81
8.4667,381.8,319.93,477.8
122.6,73.533,237.8,148.2
209,139.67,302.87,327.4
244.2,1,331.67,136.47
30.867,447.93,203.67,511.93
43.667,463.93,233.53,511.93
217.53,342.33,321,438.33
279.4,329.53,383.93,484.2
1,68.2,337,191.93
281.53,347.67,353,412.73
210.07,130.07,298.6,203.67
307.13,73.533,383.93,233.53
314.6,415.93,355.13,484.2
93.8,187.67,206.87,356.2
1,66.067,164.2,123.67
107.67,236.73,164.2,300.73
183.4,186.6,316.73,249.53
114.07,148.2,163.13,210.07
1,123.67,276.2,247.4
1,1,178.07,44.733
108.73,391.4,284.73,458.6
56.467,295.4,99.133,343.4
212.2,347.67,271.93,443.67
236.73,232.47,301.8,332.73
233.53,375.4,281.53,434.07
1,201.53,45.8,291.13
149.27,162.07,274.07,327.4
22.333,184.47,207.93,347.67
11.667,159.93,84.2,201.53
62.867,155.67,214.33,338.07
161,153.53,233.53,327.4
306.07,266.6,383.93,350.87
157.8,122.6,291.13,340.2
284.73,319.93,351.93,412.73
270.87,345.53,321,412.73
78.867,299.67,119.4,357.27
1,372.2,98.067,453.27
236.73,227.13,301.8,332.73
30.867,447.93,383.93,511.93
1,38.333,179.13,81
37.267,212.2,79.933,283.67
30.867,450.07,103.4,498.07
119.4,71.4,172.73,118.33
63.933,28.733,241,71.4
212.2,139.67,299.67,204.73
333.8,1,383.93,111.93
161,153.53,232.47,327.4
5.2667,78.867,49,130.07
1,66.067,168.47,165.27
98.067,202.6,201.53,325.27
314.6,401,356.2,484.2
1,66.067,164.2,127.93
234.6,280.47,289,344.47
167.4,50.067,291.13,108.73
1,28.733,273,81
212.2,63.933,341.27,204.73
307.13,77.8,372.2,189.8
261.27,1,332.73,139.67
229.27,339.13,273,383.93
73.533,190.87,167.4,342.33
215.4,282.6,298.6,344.47
1,301.8,216.47,399.93
93.8,115.13,310.33,210.07
212.2,207.93,279.4,321
1,143.93,121.53,207.93
211.13,122.6,300.73,205.8
56.467,298.6,97,343.4
9.5333,380.73,177,442.6
314.6,138.6,355.13,209
284.73,308.2,383.93,447.93
1,66.067,164.2,129
182.33,203.67,233.53,327.4
13.8,77.8,149.27,140.73
1,292.2,53.267,391.4
1,1,178.07,45.8
21.267,378.6,280.47,443.67
1,141.8,127.93,232.47
1,98.067,168.47,141.8
327.4,415.93,383.93,503.4
149.27,153.53,284.73,327.4
59.667,385,136.47,427.67
280.47,381.8,383.93,498.07
50.067,1,286.87,41.533
117.27,123.67,276.2,198.33
217.53,300.73,301.8,409.53
1,28.733,287.93,75.667
253.8,1,340.2,200.47
1,109.8,189.8,184.47
252.73,337,383.93,503.4
22.333,202.6,114.07,311.4
1,339.13,46.867,405.27
212.2,327.4,271.93,443.67
62.867,76.733,154.6,158.87
118.33,444.73,383.93,510.87
236.73,295.4,299.67,417
74.6,196.2,152.47,264.47
306.07,261.27,383.93,404.2
338.07,1,383.93,111.93
217.53,345.53,321,438.33
149.27,162.07,214.33,303.93
165.27,335.93,230.33,435.13
314.6,415.93,358.33,490.6
151.4,220.73,193,325.27
239.93,105.53,286.87,196.2
236.73,262.33,280.47,314.6
229.27,156.73,309.27,213.27
141.8,1,332.73,139.67
30.867,282.6,119.4,357.27
84.2,386.07,177,429.8
125.8,73.533,213.27,125.8
190.87,331.67,235.67,399.93
85.267,203.67,264.47,370.07
234.6,227.13,301.8,344.47
21.267,378.6,172.73,428.73
6.3333,415.93,253.8,463.93
122.6,204.73,204.73,292.2
293.27,143.93,335.93,371.13
177,122.6,299.67,413.8
134.33,204.73,204.73,262.33
315.67,338.07,360.47,417
29.8,301.8,210.07,408.47
1,79.933,113,156.73
217.53,326.33,299.67,413.8
211.13,157.8,309.27,342.33
23.4,196.2,85.267,301.8
77.8,330.6,282.6,435.13
161,153.53,229.27,303.93
130.07,196.2,187.67,247.4
1,81,168.47,141.8
1,78.867,168.47,143.93
93.8,187.67,206.87,344.47
9.5333,378.6,177,442.6
10.6,74.6,294.33,148.2
236.73,292.2,287.93,364.73
279.4,329.53,383.93,498.07
230.33,165.27,316.73,249.53
172.73,74.6,214.33,119.4
30.867,450.07,119.4,511.93
117.27,105.53,286.87,199.4
191.93,73.533,237.8,115.13
165.27,335.93,213.27,398.87
183.4,470.33,383.93,511.93
175.93,1,296.47,106.6
152.47,24.467,286.87,68.2
34.067,311.4,163.13,393.53
307.13,290.07,351.93,334.87
119.4,72.467,243.13,147.13
1,201.53,61.8,249.53
9.5333,79.933,113,130.07
1,77.8,168.47,173.8
188.73,94.867,266.6,139.67
315.67,308.2,383.93,447.93
269.8,1,383.93,200.47
9.5333,380.73,232.47,442.6
30.867,282.6,82.067,341.27
291.13,314.6,341.27,362.6
23.4,196.2,159.93,330.6
177,199.4,305,344.47
229.27,321,299.67,383.93
7.4,380.73,174.87,441.53
49,385,136.47,428.73
209,205.8,302.87,315.67
278.33,63.933,349.8,161
157.8,303.93,212.2,383.93
1,301.8,162.07,397.8
145,136.47,185.53,197.27
269.8,410.6,325.27,470.33
6.3333,411.67,137.53,455.4
150.33,73.533,213.27,129
234.6,227.13,307.13,362.6
13.8,30.867,286.87,82.067
122.6,94.867,294.33,148.2
287.93,85.267,339.13,132.2
6.3333,411.67,308.2,485.27
1,1,287.93,56.467
182.33,203.67,230.33,280.47
122.6,204.73,204.73,319.93
211.13,159.93,300.73,205.8
1,1,120.47,43.667
9.5333,81,69.267,127.93
175.93,439.4,383.93,504.47
313.53,155.67,376.47,281.53
1,1,57.533,43.667
305,318.87,374.33,497
25.533,196.2,85.267,301.8
182.33,203.67,233.53,282.6
341.27,34.067,383.93,124.73
319.93,1,383.93,111.93
65,385,174.87,425.53
157.8,252.73,212.2,397.8
147.13,135.4,274.07,203.67
339.13,197.27,383.93,278.33
1,28.733,287.93,123.67
231.4,213.27,307.13,338.07
30.867,450.07,234.6,511.93
1,1,108.73,44.733
117.27,134.33,243.13,196.2
318.87,1,383.93,138.6
335.93,209,376.47,281.53
7.4,378.6,177,442.6
65,74.6,125.8,138.6
122.6,70.333,300.73,205.8
49,386.07,115.13,428.73
213.27,232.47,275.13,338.07
167.4,23.4,287.93,63.933
183.4,470.33,383.93,510.87
265.53,63.933,371.13,172.73
117.27,106.6,286.87,199.4
107.67,226.07,171.67,300.73
179.13,1,286.87,56.467
287.93,245.27,351.93,335.93
319.93,179.13,376.47,302.87
330.6,338.07,383.93,431.93
231.4,213.27,277.27,338.07
1,301.8,203.67,399.93
175.93,81,337,191.93
283.67,381.8,383.93,434.07
1,338.07,67.133,412.73
278.33,90.6,331.67,161
284.73,273,351.93,412.73
147.13,116.2,286.87,203.67
292.2,1,383.93,138.6
34.067,196.2,85.267,301.8
165.27,349.8,305,458.6
127.93,467.13,334.87,511.93
98.067,187.67,205.8,300.73
212.2,138.6,276.2,202.6
125.8,72.467,337,138.6
44.733,463.93,116.2,511.93
115.13,225,161,265.53
234.6,280.47,280.47,344.47
216.47,338.07,264.47,404.2
138.6,23.4,287.93,70.333
10.6,292.2,51.133,377.53
342.33,74.6,383.93,195.13
212.2,317.8,353,453.27
141.8,73.533,213.27,129
115.13,225,164.2,300.73
213.27,209,309.27,342.33
6.3333,415.93,313.53,482.07
1,98.067,189.8,204.73
73.533,190.87,153.53,263.4
212.2,349.8,266.6,445.8
30.867,196.2,133.27,357.27
167.4,43.667,313.53,110.87
6.3333,429.8,313.53,484.2
1,78.867,91.667,156.73
1,1,178.07,57.533
158.87,252.73,202.6,347.67
129,226.07,171.67,300.73
50.067,1,287.93,70.333
230.33,207.93,302.87,315.67
179.13,20.2,287.93,67.133
145,373.27,223.93,430.87
225,317.8,353,420.2
258.07,227.13,309.27,342.33
305,337,353,447.93
337,308.2,383.93,413.8
251.67,316.73,299.67,362.6
308.2,155.67,383.93,407.4
85.267,274.07,232.47,361.53
265.53,73.533,383.93,199.4
74.6,211.13,122.6,297.53
279.4,401,354.07,484.2
218.6,69.267,313.53,139.67
212.2,369,269.8,442.6
177,122.6,298.6,344.47
20.2,447.93,237.8,511.93
146.07,354.07,202.6,399.93
193,232.47,250.6,335.93
1,40.467,90.6,83.133
18.067,274.07,69.267,339.13
77.8,330.6,301.8,467.13
9.5333,380.73,177,428.73
9.5333,380.73,127.93,442.6
280.47,381.8,383.93,484.2
283.67,310.33,370.07,401
290.07,238.87,340.2,310.33
169.53,471.4,257,511.93
1,235.67,65,405.27
209,205.8,302.87,327.4
268.73,232.47,309.27,342.33
293.27,1,383.93,191.93
82.067,187.67,206.87,344.47
322.07,417,367.93,479.93
103.4,274.07,186.6,325.27
30.867,447.93,237.8,511.93
1,300.73,89.533,392.47
230.33,157.8,309.27,232.47
75.667,175.93,206.87,338.07
301.8,273,351.93,335.93
1,285.8,235.67,398.87
175.93,81,337,138.6
315.67,1,383.93,138.6
233.53,207.93,305,307.13
231.4,213.27,274.07,322.07
177,140.73,242.07,201.53
117.27,438.33,313.53,482.07
236.73,252.73,280.47,314.6
307.13,1,383.93,191.93
44.733,271.93,99.133,312.47
37.267,98.067,168.47,165.27
275.13,83.133,340.2,199.4
50.067,1,291.13,113
212.2,207.93,305,315.67
22.333,189.8,204.73,353
25.533,196.2,130.07,357.27
1,38.333,94.867,81
317.8,1,383.93,138.6
233.53,316.73,299.67,406.33
117.27,123.67,194.07,198.33
74.6,157.8,121.53,205.8
6.3333,218.6,69.267,339.13
61.8,123.67,276.2,198.33
321,260.2,377.53,337
133.27,73.533,237.8,130.07
120.47,331.67,235.67,421.27
236.73,227.13,307.13,332.73
148.2,212.2,202.6,291.13
321,225,376.47,306.07
129,276.2,201.53,361.53
101.27,292.2,232.47,359.4
313.53,113,369,209
145,354.07,223.93,430.87
29.8,301.8,89.533,389.27
207.93,69.267,313.53,139.67
212.2,347.67,269.8,444.73
53.267,297.53,129,356.2
291.13,250.6,363.67,334.87
14.867,1,286.87,44.733
8.4667,381.8,303.93,471.4
299.67,130.07,344.47,200.47
1,295.4,105.53,392.47
164.2,337,216.47,399.93
1,57.533,293.27,130.07
93.8,274.07,206.87,344.47
161,301.8,202.6,347.67
158.87,276.2,200.47,324.2
67.133,236.73,148.2,345.53
146.07,212.2,203.67,275.13
98.067,385,174.87,428.73
169.53,471.4,249.53,511.93
175.93,106.6,286.87,199.4
165.27,374.33,230.33,435.13
321,260.2,370.07,306.07
101.27,191.93,181.27,243.13
44.733,463.93,177,511.93
228.2,338.07,298.6,412.73
74.6,189.8,152.47,277.27
147.13,136.47,244.2,201.53
1,95.933,69.267,141.8
314.6,415.93,374.33,497
133.27,78.867,175.93,126.87
106.6,196.2,152.47,264.47
108.73,391.4,234.6,450.07
228.2,338.07,273,383.93
29.8,73.533,123.67,125.8
251.67,345.53,321,434.07
138.6,27.667,241,70.333
212.2,138.6,283.67,203.67
1,81,84.2,175.93
290.07,155.67,383.93,341.27
146.07,354.07,187.67,398.87
209,203.67,306.07,251.67
175.93,135.4,274.07,198.33
215.4,331.67,264.47,404.2
93.8,274.07,186.6,335.93
188.73,95.933,287.93,140.73
30.867,196.2,130.07,357.27
111.93,349.8,301.8,467.13
10.6,79.933,94.867,130.07
279.4,415.93,383.93,503.4
5.2667,73.533,140.73,130.07
317.8,1,367.93,78.867
82.067,323.13,197.27,388.2
29.8,301.8,203.67,408.47
269.8,83.133,347.67,200.47
167.4,50.067,291.13,113
212.2,207.93,279.4,315.67
196.2,280.47,298.6,344.47
34.067,315.67,107.67,382.87
251.67,295.4,299.67,406.33
147.13,122.6,300.73,205.8
73.533,190.87,172.73,342.33
49,79.933,94.867,130.07
269.8,91.667,314.6,200.47
30.867,447.93,126.87,511.93
73.533,190.87,114.07,263.4
236.73,228.2,280.47,322.07
98.067,191.93,181.27,243.13
9.5333,380.73,232.47,441.53
49,79.933,113,130.07
212.2,346.6,267.67,443.67
1,28.733,241,81
302.87,319.93,351.93,399.93
1,30.867,286.87,82.067
193,228.2,307.13,409.53
63.933,81,104.47,130.07
1,423.4,383.93,511.93
122.6,95.933,287.93,148.2
65,340.2,203.67,398.87
1,36.2,148.2,82.067
157.8,321,216.47,398.87
306.07,175.93,383.93,404.2
74.6,189.8,204.73,353
98.067,385,174.87,425.53
169.53,471.4,383.93,511.93
157.8,303.93,212.2,397.8
281.53,337,353,412.73
158.87,254.87,200.47,324.2
116.2,362.6,166.33,408.47
252.73,337,353,439.4
1,30.867,289,82.067
145,139.67,193,227.13
35.133,301.8,79.933,382.87
227.13,339.13,282.6,396.73
313.53,113,369,181.27
146.07,359.4,193,399.93
279.4,417,326.33,470.33
10.6,81,69.267,129
275.13,77.8,372.2,199.4
82.067,189.8,201.53,335.93
50.067,463.93,142.87,511.93
1,34.067,220.73,83.133
18.067,195.13,62.867,249.53
1,37.267,148.2,83.133
117.27,134.33,219.67,194.07
1,235.67,65,377.53
82.067,189.8,206.87,344.47
1,81,84.2,141.8
212.2,122.6,291.13,202.6
23.4,196.2,122.6,301.8
1,141.8,127.93,227.13
8.4667,273,51.133,339.13
85.267,238.87,133.27,330.6
1,146.07,119.4,249.53
152.47,220.73,193,325.27
102.33,71.4,172.73,126.87
85.267,76.733,154.6,139.67
85.267,262.33,129,330.6
275.13,90.6,331.67,199.4
14.867,36.2,148.2,82.067
228.2,338.07,280.47,409.53
248.47,388.2,318.87,437.27
35.133,297.53,105.53,392.47
39.4,454.33,103.4,498.07
337,138.6,383.93,255.93
188.73,1,331.67,139.67
149.27,162.07,230.33,327.4
309.27,138.6,363.67,239.93
6.3333,411.67,303.93,468.2
292.2,1,351.93,137.53
133.27,77.8,175.93,130.07
188.73,70.333,290.07,140.73
217.53,339.13,295.4,409.53
292.2,1,340.2,87.4
63.933,30.867,286.87,75.667
1,308.2,52.2,391.4
175.93,106.6,261.27,199.4
158.87,72.467,236.73,124.73
229.27,156.73,309.27,251.67
210.07,122.6,291.13,200.47
337,338.07,383.93,431.93
85.267,121.53,189.8,163.13
191.93,73.533,237.8,118.33
261.27,410.6,326.33,477.8
217.53,354.07,264.47,404.2
172.73,321,254.87,377.53
217.53,345.53,321,434.07
171.67,373.27,223.93,421.27
81,175.93,130.07,223.93
35.133,301.8,216.47,398.87
158.87,252.73,200.47,324.2
307.13,132.2,350.87,186.6
81,175.93,206.87,338.07
37.267,212.2,79.933,287.93
91.667,189.8,152.47,264.47
261.27,81,337,124.73
321,225,376.47,302.87
114.07,141.8,163.13,210.07
49,211.13,111.93,271.93
84.2,387.13,177,428.73
322.07,417,383.93,479.93
9.5333,81,69.267,129
327.4,417,367.93,479.93
38.333,212.2,106.6,311.4
198.33,106.6,261.27,152.47
234.6,228.2,280.47,316.73
81,191.93,181.27,243.13
6.3333,415.93,193,458.6
261.27,410.6,325.27,477.8
90.6,158.87,133.27,209
251.67,431.93,383.93,506.6
61.8,78.867,126.87,158.87
59.667,151.4,119.4,203.67
20.2,447.93,78.867,511.93
306.07,266.6,383.93,308.2
148.2,209,204.73,291.13
1,1,286.87,47.933
29.8,73.533,82.067,124.73
231.4,213.27,307.13,325.27
157.8,182.33,232.47,340.2
265.53,115.13,310.33,204.73
49,385,174.87,425.53
308.2,155.67,383.93,341.27
77.8,341.27,166.33,408.47
265.53,388.2,318.87,437.27
68.2,74.6,125.8,138.6
177,122.6,291.13,201.53
218.6,69.267,313.53,113
38.333,184.47,203.67,347.67
267.67,232.47,309.27,342.33
146.07,74.6,214.33,127.93
23.4,196.2,137.53,330.6
293.27,1,340.2,89.533
1,137.53,127.93,205.8
213.27,227.13,309.27,342.33
58.6,323.13,216.47,399.93
339.13,231.4,383.93,278.33
73.533,222.87,114.07,279.4
82.067,323.13,211.13,388.2
102.33,332.73,184.47,388.2
307.13,132.2,350.87,179.13
290.07,415.93,383.93,504.47
230.33,157.8,309.27,246.33
77.8,341.27,203.67,395.67
118.33,154.6,187.67,247.4
81,175.93,148.2,229.27
38.333,212.2,79.933,267.67
107.67,225,172.73,298.6
77.8,332.73,216.47,408.47
280.47,250.6,383.93,498.07
213.27,156.73,309.27,342.33
1,21.267,287.93,82.067
174.87,130.07,298.6,203.67
290.07,238.87,363.67,334.87
258.07,227.13,307.13,342.33
77.8,341.27,142.87,390.33
134.33,204.73,187.67,247.4
162.07,369,241,442.6
104.47,311.4,159.93,361.53
5.2667,78.867,69.267,130.07
310.33,415.93,383.93,504.47
293.27,1,367.93,89.533
157.8,334.87,203.67,393.53
233.53,316.73,299.67,370.07
244.2,69.267,331.67,121.53
77.8,332.73,230.33,435.13
279.4,417,325.27,470.33
79.933,198.33,167.4,328.47
9.5333,380.73,105.53,425.53
93.8,249.53,167.4,342.33
43.667,463.93,104.47,511.93
82.067,311.4,159.93,389.27
68.2,74.6,175.93,139.67
67.133,238.87,133.27,330.6
81,175.93,163.13,229.27
78.867,209,204.73,353
280.47,401,354.07,484.2
150.33,182.33,193,227.13
261.27,390.33,326.33,477.8
82.067,323.13,184.47,388.2
79.933,197.27,203.67,347.67
280.47,310.33,383.93,498.07
1,78.867,126.87,171.67
98.067,202.6,157.8,243.13
175.93,444.73,383.93,504.47
172.73,75.667,214.33,119.4
198.33,106.6,261.27,196.2
270.87,91.667,314.6,200.47
30.867,447.93,280.47,511.93
1,125.8,189.8,210.07
1,78.867,126.87,158.87
177,199.4,229.27,334.87
193,232.47,250.6,337
1,82.067,91.667,156.73
22.333,206.87,63.933,273
305,347.67,353,399.93
234.6,228.2,301.8,364.73
102.33,341.27,159.93,389.27
13.8,78.867,157.8,140.73
214.33,330.6,282.6,396.73
50.067,270.87,97,311.4
175.93,68.2,337,191.93
193,228.2,301.8,364.73
69.267,344.47,162.07,393.53
130.07,196.2,203.67,275.13
123.67,154.6,187.67,247.4
61.8,81,118.33,158.87
1,146.07,119.4,216.47
158.87,289,202.6,347.67
58.6,456.47,126.87,511.93
75.667,196.2,118.33,242.07
306.07,274.07,351.93,334.87
35.133,301.8,203.67,398.87
36.2,423.4,281.53,463.93
338.07,1,383.93,132.2
318.87,77.8,372.2,189.8
147.13,134.33,243.13,177
87.4,69.267,313.53,139.67
251.67,295.4,299.67,417
77.8,75.667,123.67,125.8
82.067,323.13,159.93,389.27
50.067,254.87,97,311.4
122.6,359.4,210.07,411.67
98.067,197.27,153.53,255.93
8.4667,434.07,314.6,482.07
1,147.13,133.27,204.73
58.6,456.47,173.8,511.93
22.333,215.4,79.933,287.93
33,295.4,105.53,392.47
81,175.93,181.27,243.13
1,33,220.73,82.067
129,226.07,172.73,298.6
1,81,168.47,143.93
113,225,172.73,298.6
10.6,292.2,51.133,345.53
212.2,122.6,291.13,200.47
227.13,339.13,273,382.87
61.8,114.07,118.33,158.87
63.933,23.4,287.93,71.4
174.87,122.6,291.13,203.67
37.267,212.2,97,311.4
305,347.67,349.8,447.93
39.4,453.27,94.867,511.93
21.267,398.87,127.93,442.6
216.47,354.07,262.33,396.73
53.267,297.53,105.53,392.47
155.67,30.867,286.87,72.467
174.87,136.47,244.2,203.67
1,146.07,117.27,203.67
133.27,1,331.67,139.67
72.467,238.87,137.53,330.6
79.933,198.33,203.67,347.67
327.4,415.93,367.93,479.93
1,38.333,149.27,81
305,347.67,353,447.93
207.93,232.47,250.6,335.93
67.133,262.33,129,330.6
1,109.8,189.8,163.13
149.27,162.07,214.33,338.07
227.13,92.733,313.53,139.67
113,241,158.87,298.6
87.4,74.6,246.33,139.67
82.067,323.13,216.47,399.93
158.87,73.533,213.27,124.73
231.4,213.27,274.07,281.53
107.67,196.2,203.67,298.6
236.73,253.8,280.47,303.93
312.47,329.53,383.93,407.4
212.2,349.8,284.73,445.8
1,72.467,146.07,123.67
82.067,323.13,211.13,389.27
24.467,159.93,95.933,203.67
119.4,71.4,172.73,126.87
234.6,228.2,287.93,364.73
152.47,285.8,206.87,338.07
312.47,290.07,367.93,348.73
151.4,220.73,206.87,338.07
215.4,65,285.8,106.6
159.93,359.4,210.07,411.67
157.8,182.33,229.27,322.07
231.4,213.27,274.07,338.07
1,82.067,90.6,141.8
115.13,179.13,163.13,226.07
305,347.67,349.8,417
1,273,51.133,348.73
58.6,344.47,162.07,393.53
236.73,292.2,281.53,338.07
291.13,270.87,363.67,334.87
338.07,1,383.93,195.13
174.87,141.8,275.13,203.67
73.533,190.87,203.67,347.67
244.2,69.267,313.53,121.53
342.33,74.6,383.93,145
167.4,370.07,210.07,411.67
212.2,137.53,298.6,203.67
218.6,71.4,266.6,113
276.2,90.6,331.67,199.4
127.93,332.73,216.47,395.67
142.87,134.33,187.67,198.33
158.87,301.8,202.6,347.67
210.07,130.07,276.2,188.73
18.067,198.33,61.8,249.53
152.47,220.73,206.87,338.07
157.8,182.33,212.2,259.13
82.067,237.8,122.6,297.53
174.87,141.8,244.2,203.67
97,241,167.4,328.47
1,82.067,44.733,130.07
85.267,289,129,330.6
269.8,69.267,313.53,117.27
79.933,198.33,153.53,255.93
237.8,1,331.67,136.47
287.93,90.6,331.67,142.87
119.4,146.07,163.13,210.07
244.2,69.267,331.67,136.47
283.67,322.07,356.2,401
150.33,71.4,214.33,115.13
241,137.53,298.6,197.27
117.27,123.67,194.07,188.73
338.07,1,383.93,78.867
236.73,324.2,287.93,364.73
137.53,212.2,203.67,275.13
43.667,463.93,165.27,511.93
167.4,76.733,209,126.87
113,276.2,167.4,328.47
38.333,212.2,106.6,267.67
157.8,182.33,209,259.13
133.27,71.4,209,126.87
133.27,71.4,209,135.4
172.73,74.6,214.33,115.13
104.47,198.33,153.53,255.93
68.2,98.067,168.47,139.67
236.73,253.8,280.47,314.6
34.067,315.67,79.933,380.73
97,237.8,167.4,328.47
150.33,76.733,209,126.87
97,261.27,167.4,328.47
102.33,341.27,159.93,388.2
