1,1,341.27,511.93
145,1,341.27,292.2
147.13,1,264.47,185.53
255.93,252.73,327.4,455.4
1,284.73,299.67,511.93
23.4,324.2,76.733,371.13
63.933,293.27,185.53,443.67
1,305,131.13,511.93
97,1,171.67,70.333
94.867,1,341.27,511.93
1,1,194.07,511.93
1,1,327.4,511.93
97,1,313.53,181.27
1,55.4,258.07,424.47
67.133,283.67,159.93,399.93
1,89.533,341.27,511.93
30.867,155.67,337,421.27
294.33,163.13,341.27,511.93
1,1,158.87,210.07
1,357.27,110.87,469.27
1,1,237.8,511.93
26.6,276.2,270.87,511.93
94.867,1,203.67,54.333
186.6,155.67,337,291.13
95.933,150.33,327.4,367.93
26.6,181.27,341.27,511.93
1,1,270.87,252.73
23.4,305,131.13,459.67
149.27,1,341.27,282.6
1,34.067,142.87,297.53
223.93,247.4,329.53,408.47
97,1,171.67,123.67
31.933,146.07,258.07,380.73
40.467,213.27,148.2,342.33
218.6,248.47,327.4,391.4
215.4,1,341.27,511.93
1,117.27,154.6,372.2
15.933,71.4,76.733,134.33
1,150.33,327.4,511.93
23.4,316.73,82.067,383.93
1,1,179.13,511.93
188.73,204.73,332.73,398.87
26.6,1,341.27,511.93
1,107.67,53.267,481
156.73,362.6,274.07,511.93
1,238.87,270.87,511.93
234.6,1,341.27,234.6
1,276.2,270.87,511.93
1,155.67,337,511.93
1,1,337,511.93
1,1,158.87,231.4
1,452.2,119.4,511.93
270.87,247.4,337,412.73
13.8,11.667,110.87,95.933
145,200.47,329.53,408.47
1,1,264.47,231.4
54.333,305,237.8,511.93
19.133,162.07,175.93,302.87
152.47,204.73,280.47,383.93
84.2,1,341.27,282.6
99.133,299.67,156.73,373.27
84.2,1,313.53,181.27
294.33,229.27,341.27,511.93
94.867,1,173.8,54.333
98.067,155.67,236.73,335.93
207.93,180.2,258.07,292.2
1,1,258.07,511.93
204.73,141.8,327.4,291.13
54.333,141.8,327.4,511.93
84.2,1,341.27,511.93
134.33,155.67,337,421.27
19.133,162.07,169.53,243.13
142.87,1,341.27,511.93
198.33,353,270.87,479.93
111.93,188.73,232.47,367.93
241,155.67,337,285.8
188.73,204.73,332.73,511.93
23.4,276.2,270.87,511.93
1,117.27,327.4,511.93
98.067,162.07,236.73,335.93
1,1,171.67,210.07
110.87,29.8,151.4,78.867
146.07,380.73,241,505.53
1,1,194.07,250.6
149.27,1,341.27,234.6
1,245.27,131.13,495.93
152.47,121.53,206.87,219.67
134.33,180.2,205.8,252.73
1,332.73,299.67,511.93
134.33,246.33,189.8,306.07
270.87,268.73,312.47,316.73
114.07,113,258.07,291.13
95.933,162.07,232.47,367.93
1,1,270.87,428.73
86.333,299.67,156.73,388.2
67.133,284.73,194.07,402.07
1,1,212.2,217.53
242.07,389.27,297.53,511.93
1,107.67,179.13,511.93
1,1,341.27,290.07
167.4,291.13,223.93,350.87
135.4,238.87,196.2,296.47
24.467,303.93,131.13,459.67
34.067,330.6,76.733,386.07
257,1,341.27,511.93
135.4,204.73,280.47,383.93
255.93,252.73,327.4,340.2
93.8,332.73,169.53,483.13
81,162.07,168.47,227.13
1,1,313.53,217.53
1,1,170.6,101.27
270.87,247.4,327.4,324.2
114.07,146.07,258.07,292.2
1,117.27,154.6,511.93
168.47,284.73,229.27,350.87
135.4,141.8,255.93,335.93
1,9.5333,82.067,428.73
135.4,181.27,341.27,511.93
24.467,412.73,181.27,511.93
280.47,1,334.87,106.6
234.6,1,289,182.33
52.2,77.8,152.47,125.8
294.33,221.8,341.27,511.93
1,107.67,119.4,511.93
22.333,171.67,194.07,237.8
58.6,321,110.87,447.93
1,107.67,72.467,475.67
54.333,260.2,299.67,511.93
228.2,301.8,303.93,456.47
1,117.27,84.2,203.67
54.333,101.27,212.2,279.4
1,1,258.07,481
3.1333,109.8,142.87,211.13
1,1,212.2,297.53
3.1333,54.333,159.93,211.13
294.33,89.533,341.27,511.93
1,1,170.6,211.13
211.13,161,258.07,290.07
154.6,260.2,299.67,511.93
1,55.4,157.8,424.47
228.2,301.8,285.8,402.07
283.67,318.87,324.2,367.93
85.267,22.333,169.53,191.93
33,175.93,166.33,324.2
19.133,162.07,179.13,471.4
187.67,196.2,251.67,291.13
294.33,181.27,341.27,511.93
134.33,1,270.87,252.73
251.67,402.07,299.67,511.93
145,121.53,261.27,292.2
238.87,1,285.8,136.47
134.33,106.6,211.13,252.73
1,201.53,163.13,511.93
262.33,1,341.27,258.07
281.53,1,341.27,200.47
49,377.53,93.8,461.8
282.6,1,332.73,93.8
154.6,451.13,214.33,511.93
145,1,264.47,292.2
1,117.27,98.067,219.67
211.13,247.4,329.53,412.73
143.93,1,341.27,290.07
36.2,74.6,116.2,119.4
30.867,175.93,239.93,420.2
1,111.93,56.467,402.07
234.6,1,341.27,511.93
265.53,271.93,329.53,511.93
190.87,306.07,241,401
1,422.33,119.4,511.93
1,465,124.73,511.93
140.73,1,341.27,511.93
234.6,95.933,327.4,282.6
1,1,148.2,101.27
1,155.67,219.67,495.93
154.6,238.87,196.2,292.2
135.4,229.27,236.73,335.93
24.467,325.27,75.667,414.87
24.467,284.73,296.47,511.93
188.73,239.93,337,421.27
145,148.2,206.87,236.73
1,1,270.87,511.93
1,155.67,219.67,372.2
1,155.67,237.8,511.93
42.6,215.4,125.8,297.53
223.93,1,341.27,234.6
97,1,189.8,170.6
1,386.07,119.4,511.93
54.333,101.27,158.87,191.93
228.2,239.93,332.73,456.47
98.067,141.8,327.4,335.93
215.4,248.47,329.53,511.93
26.6,306.07,296.47,511.93
1,449,109.8,511.93
1,1,171.67,106.6
134.33,246.33,196.2,306.07
255.93,221.8,341.27,511.93
111.93,162.07,232.47,367.93
1,1,169.53,210.07
1,245.27,97,495.93
1,201.53,296.47,511.93
1,306.07,51.133,436.2
69.267,321,131.13,447.93
43.667,279.4,93.8,461.8
156.73,221.8,341.27,511.93
20.2,8.4667,100.2,91.667
52.2,1,264.47,181.27
215.4,221.8,341.27,511.93
238.87,221.8,341.27,511.93
23.4,258.07,82.067,383.93
243.13,1,286.87,152.47
142.87,1,341.27,281.53
97,1,189.8,180.2
221.8,371.13,303.93,511.93
204.73,141.8,255.93,291.13
81,187.67,166.33,245.27
9.5333,382.87,63.933,463.93
1,107.67,53.267,475.67
151.4,246.33,196.2,306.07
135.4,141.8,341.27,511.93
1,201.53,154.6,372.2
110.87,1,171.67,68.2
228.2,181.27,341.27,511.93
146.07,306.07,297.53,511.93
300.73,458.6,341.27,511.93
145,188.73,188.73,242.07
1,201.53,148.2,460.73
1,386.07,74.6,511.93
98.067,283.67,146.07,358.33
215.4,248.47,327.4,391.4
181.27,181.27,341.27,511.93
1,245.27,131.13,511.93
211.13,89.533,341.27,511.93
277.27,279.4,328.47,408.47
156.73,260.2,299.67,511.93
20.2,8.4667,130.07,97
281.53,287.93,324.2,332.73
1,451.13,117.27,511.93
294.33,286.87,335.93,511.93
121.53,163.13,258.07,291.13
181.27,204.73,332.73,511.93
297.53,1,341.27,234.6
141.8,1,255.93,181.27
1,227.13,53.267,475.67
31.933,196.2,84.2,268.73
23.4,316.73,70.333,371.13
154.6,412.73,296.47,511.93
58.6,321,131.13,447.93
146.07,229.27,341.27,511.93
147.13,461.8,212.2,511.93
267.67,239.93,332.73,398.87
166.33,260.2,299.67,393.53
1,1,143.93,107.67
140.73,150.33,327.4,290.07
273,254.87,316.73,332.73
42.6,213.27,127.93,316.73
267.67,239.93,328.47,398.87
15.933,71.4,68.2,134.33
1,201.53,163.13,436.2
31.933,146.07,258.07,357.27
56.467,346.6,97,449
98.067,182.33,154.6,227.13
1,111.93,56.467,424.47
54.333,101.27,258.07,290.07
99.133,1,168.47,54.333
189.8,1,237.8,68.2
1,22.333,258.07,481
67.133,82.067,116.2,123.67
1,449,119.4,511.93
234.6,1,341.27,281.53
15.933,375.4,95.933,505.53
1,69.267,99.133,148.2
141.8,89.533,189.8,170.6
207.93,374.33,270.87,440.47
84.2,1,189.8,180.2
51.133,296.47,194.07,511.93
67.133,280.47,151.4,341.27
156.73,359.4,274.07,511.93
1,386.07,63.933,482.07
86.333,305,179.13,468.2
196.2,1,237.8,65
34.067,305,90.6,459.67
156.73,359.4,297.53,511.93
186.6,196.2,251.67,291.13
159.93,284.73,299.67,511.93
142.87,1,264.47,185.53
150.33,1,204.73,143.93
54.333,293.27,210.07,511.93
270.87,247.4,327.4,412.73
110.87,5.2667,169.53,67.133
1,1,152.47,111.93
1,106.6,147.13,231.4
149.27,1,313.53,181.27
1,395.67,49,475.67
43.667,279.4,179.13,471.4
67.133,283.67,179.13,471.4
242.07,411.67,296.47,511.93
46.867,101.27,258.07,290.07
43.667,372.2,93.8,461.8
86.333,305,179.13,471.4
98.067,182.33,188.73,249.53
243.13,157.8,285.8,199.4
223.93,1,341.27,133.27
1,34.067,194.07,297.53
225,283.67,266.6,326.33
67.133,284.73,194.07,454.33
1,1,152.47,210.07
3.1333,22.333,169.53,210.07
102.33,305,194.07,402.07
1,245.27,119.4,511.93
9.5333,382.87,85.267,501.27
188.73,239.93,284.73,421.27
43.667,346.6,93.8,461.8
1,11.667,110.87,148.2
145,247.4,188.73,293.27
84.2,1,171.67,123.67
1,293.27,210.07,511.93
249.53,152.47,328.47,281.53
188.73,254.87,284.73,421.27
183.4,229.27,226.07,291.13
42.6,213.27,163.13,306.07
98.067,182.33,188.73,230.33
26.6,306.07,270.87,511.93
159.93,306.07,270.87,511.93
84.2,1,189.8,170.6
31.933,204.73,127.93,357.27
215.4,263.4,309.27,391.4
1,11.667,142.87,217.53
1,275.13,97,495.93
31.933,175.93,150.33,222.87
23.4,318.87,90.6,459.67
145,188.73,194.07,242.07
223.93,1,341.27,290.07
223.93,412.73,269.8,485.27
1,201.53,194.07,511.93
188.73,204.73,332.73,406.33
150.33,1,204.73,150.33
13.8,1,143.93,107.67
54.333,289,108.73,342.33
97,1,168.47,70.333
1,117.27,98.067,227.13
1,465,119.4,511.93
186.6,155.67,337,421.27
146.07,306.07,270.87,505.53
1,470.33,124.73,511.93
1,467.13,74.6,511.93
146.07,306.07,278.33,511.93
211.13,436.2,269.8,511.93
211.13,459.67,255.93,511.93
110.87,5.2667,169.53,61.8
23.4,318.87,76.733,386.07
154.6,362.6,274.07,511.93
6.3333,189.8,70.333,371.13
1,466.07,119.4,511.93
52.2,346.6,97,459.67
228.2,311.4,285.8,402.07
67.133,283.67,151.4,335.93
148.2,7.4,203.67,93.8
67.133,283.67,155.67,380.73
23.4,318.87,72.467,374.33
1,357.27,110.87,461.8
140.73,1,341.27,290.07
47.933,257,148.2,342.33
98.067,162.07,219.67,292.2
267.67,254.87,316.73,398.87
93.8,332.73,299.67,511.93
43.667,382.87,93.8,461.8
142.87,1,341.27,232.47
1,201.53,50.067,248.47
141.8,1,341.27,290.07
114.07,146.07,221.8,291.13
134.33,1,211.13,252.73
141.8,146.07,213.27,248.47
51.133,280.47,194.07,511.93
294.33,279.4,341.27,511.93
99.133,1,264.47,93.8
134.33,148.2,211.13,252.73
41.533,324.2,82.067,374.33
98.067,306.07,146.07,358.33
1,1,170.6,97
166.33,277.27,299.67,393.53
188.73,254.87,280.47,377.53
243.13,107.67,341.27,234.6
43.667,293.27,210.07,511.93
1,34.067,142.87,217.53
23.4,323.13,72.467,374.33
1,469.27,119.4,511.93
98.067,182.33,194.07,249.53
1,8.4667,99.133,97
241,168.47,327.4,290.07
1,85.267,158.87,210.07
34.067,305,131.13,459.67
38.333,98.067,111.93,162.07
54.333,101.27,212.2,250.6
1,21.267,103.4,148.2
52.2,73.533,152.47,125.8
238.87,413.8,297.53,511.93
295.4,286.87,335.93,376.47
269.8,254.87,316.73,331.67
86.333,299.67,159.93,399.93
255.93,252.73,332.73,455.4
33,175.93,166.33,245.27
54.333,101.27,111.93,162.07
223.93,1,327.4,290.07
121.53,266.6,216.47,358.33
6.3333,189.8,51.133,321
294.33,450.07,341.27,511.93
270.87,322.07,324.2,408.47
1,11.667,116.2,123.67
54.333,283.67,239.93,420.2
233.53,46.867,287.93,154.6
141.8,93.8,189.8,170.6
105.53,155.67,186.6,203.67
265.53,318.87,324.2,455.4
30.867,470.33,124.73,511.93
111.93,188.73,228.2,358.33
215.4,248.47,329.53,408.47
1,220.73,56.467,415.93
255.93,278.33,308.2,332.73
1,201.53,69.267,301.8
54.333,412.73,188.73,511.93
30.867,175.93,166.33,324.2
23.4,324.2,82.067,383.93
251.67,421.27,297.53,511.93
3.1333,82.067,142.87,210.07
201.53,459.67,292.2,511.93
181.27,229.27,236.73,335.93
211.13,436.2,270.87,511.93
152.47,276.2,223.93,383.93
99.133,1,171.67,78.867
212.2,165.27,255.93,291.13
257,1,334.87,143.93
1,22.333,169.53,481
110.87,5.2667,169.53,54.333
114.07,146.07,213.27,248.47
1,22.333,169.53,191.93
135.4,247.4,189.8,296.47
1,245.27,51.133,460.73
212.2,165.27,327.4,291.13
1,382.87,85.267,501.27
1,201.53,83.133,436.2
178.07,239.93,225,309.27
234.6,1,341.27,200.47
215.4,266.6,309.27,391.4
223.93,1,286.87,125.8
294.33,89.533,334.87,234.6
211.13,247.4,329.53,408.47
31.933,187.67,194.07,357.27
1,34.067,68.2,110.87
242.07,438.33,296.47,511.93
255.93,252.73,327.4,367.93
1,372.2,70.333,459.67
23.4,324.2,76.733,383.93
223.93,412.73,296.47,511.93
203.67,406.33,296.47,511.93
270.87,247.4,327.4,316.73
34.067,305,87.4,418.07
22.333,171.67,194.07,250.6
43.667,215.4,126.87,333.8
22.333,171.67,147.13,231.4
238.87,1,292.2,169.53
35.133,187.67,89.533,231.4
86.333,299.67,179.13,471.4
86.333,276.2,223.93,471.4
15.933,71.4,99.133,148.2
223.93,273,292.2,393.53
190.87,356.2,270.87,447.93
241,155.67,289,274.07
238.87,1,287.93,136.47
141.8,54.333,255.93,181.27
294.33,343.4,341.27,493.8
221.8,371.13,299.67,511.93
20.2,12.733,94.867,91.667
43.667,279.4,90.6,390.33
86.333,362.6,172.73,454.33
196.2,372.2,299.67,511.93
110.87,13.8,169.53,54.333
67.133,284.73,270.87,505.53
1,245.27,87.4,495.93
297.53,459.67,341.27,511.93
253.8,168.47,327.4,271.93
1,85.267,150.33,222.87
103.4,283.67,151.4,331.67
45.8,215.4,175.93,302.87
47.933,359.4,90.6,459.67
145,245.27,194.07,315.67
183.4,164.2,261.27,292.2
99.133,296.47,156.73,358.33
1,117.27,70.333,202.6
24.467,325.27,75.667,386.07
143.93,1,253.8,184.47
1,8.4667,45.8,111.93
43.667,237.8,152.47,324.2
243.13,146.07,327.4,290.07
186.6,206.87,227.13,275.13
233.53,46.867,341.27,234.6
30.867,470.33,102.33,511.93
135.4,274.07,194.07,315.67
242.07,371.13,297.53,511.93
294.33,286.87,335.93,461.8
1,55.4,157.8,342.33
1,1,212.2,197.27
6.3333,226.07,47.933,316.73
1,1,143.93,106.6
1,8.4667,115.13,106.6
243.13,422.33,296.47,511.93
241,371.13,297.53,511.93
43.667,215.4,127.93,333.8
280.47,1,334.87,133.27
182.33,200.47,222.87,275.13
1,357.27,165.27,511.93
238.87,413.8,310.33,511.93
99.133,1,264.47,181.27
194.07,1,293.27,185.53
1,21.267,111.93,148.2
255.93,280.47,302.87,332.73
1,201.53,148.2,501.27
238.87,254.87,280.47,377.53
270.87,247.4,329.53,408.47
248.47,167.4,327.4,282.6
1,9.5333,46.867,232.47
188.73,283.67,266.6,326.33
267.67,318.87,314.6,398.87
211.13,459.67,252.73,511.93
228.2,311.4,285.8,393.53
93.8,332.73,150.33,466.07
1,375.4,95.933,505.53
98.067,55.4,152.47,175.93
24.467,303.93,78.867,414.87
221.8,408.47,297.53,511.93
1,22.333,169.53,222.87
300.73,435.13,341.27,511.93
182.33,200.47,225,291.13
30.867,189.8,72.467,248.47
265.53,361.53,314.6,455.4
1,220.73,56.467,428.73
156.73,395.67,262.33,511.93
189.8,1,270.87,184.47
26.6,412.73,163.13,511.93
72.467,321,131.13,386.07
46.867,95.933,94.867,148.2
26.6,428.73,95.933,495.93
294.33,380.73,341.27,489.53
152.47,148.2,206.87,216.47
201.53,412.73,296.47,511.93
84.2,182.33,147.13,231.4
99.133,306.07,146.07,358.33
1,9.5333,56.467,428.73
40.467,213.27,124.73,287.93
36.2,74.6,116.2,162.07
145,200.47,228.2,358.33
251.67,408.47,297.53,511.93
147.13,406.33,296.47,511.93
98.067,283.67,185.53,358.33
143.93,1,341.27,228.2
221.8,422.33,296.47,511.93
265.53,342.33,310.33,429.8
111.93,188.73,184.47,252.73
31.933,187.67,127.93,357.27
241,168.47,327.4,285.8
145,158.87,213.27,248.47
159.93,306.07,299.67,511.93
98.067,54.333,159.93,193
1,449,74.6,511.93
152.47,163.13,211.13,252.73
36.2,55.4,152.47,175.93
1,227.13,53.267,459.67
109.8,220.73,175.93,292.2
27.667,82.067,115.13,134.33
121.53,161,258.07,291.13
1,1,143.93,148.2
3.1333,109.8,142.87,210.07
207.93,164.2,261.27,292.2
114.07,113,206.87,236.73
191.93,306.07,241,363.67
1,90.6,150.33,222.87
98.067,296.47,156.73,358.33
274.07,194.07,337,285.8
47.933,257,148.2,302.87
189.8,1,267.67,93.8
148.2,381.8,214.33,502.33
109.8,231.4,175.93,292.2
294.33,343.4,341.27,511.93
234.6,83.133,289,182.33
186.6,161,251.67,291.13
238.87,1,293.27,185.53
273,254.87,316.73,321
161,401,233.53,498.07
1,213.27,127.93,460.73
1,422.33,74.6,511.93
99.133,1,173.8,54.333
110.87,413.8,159.93,483.13
36.2,54.333,159.93,193
1,469.27,110.87,511.93
179.13,340.2,223.93,383.93
43.667,367.93,93.8,461.8
274.07,194.07,337,263.4
294.33,107.67,341.27,194.07
95.933,188.73,194.07,242.07
223.93,11.667,264.47,121.53
276.2,1,341.27,133.27
207.93,359.4,274.07,450.07
23.4,323.13,76.733,386.07
238.87,1,293.27,180.2
166.33,121.53,206.87,205.8
86.333,299.67,179.13,468.2
26.6,412.73,165.27,511.93
246.33,445.8,296.47,511.93
99.133,1,171.67,50.067
1,55.4,152.47,222.87
243.13,463.93,292.2,511.93
167.4,200.47,228.2,358.33
221.8,378.6,303.93,511.93
122.6,182.33,188.73,243.13
49,213.27,120.47,316.73
194.07,1,341.27,228.2
281.53,1,341.27,232.47
241,168.47,327.4,274.07
122.6,182.33,188.73,230.33
26.6,424.47,95.933,495.93
194.07,362.6,274.07,511.93
1,8.4667,99.133,111.93
42.6,303.93,97,449
1,21.267,68.2,110.87
211.13,459.67,292.2,511.93
294.33,286.87,341.27,511.93
24.467,406.33,296.47,511.93
215.4,248.47,329.53,391.4
181.27,286.87,236.73,335.93
98.067,155.67,219.67,292.2
168.47,293.27,239.93,401
24.467,303.93,97,459.67
178.07,239.93,228.2,310.33
257,1,341.27,234.6
283.67,322.07,324.2,367.93
166.33,298.6,223.93,383.93
135.4,247.4,194.07,315.67
26.6,428.73,124.73,511.93
152.47,146.07,194.07,219.67
1,107.67,53.267,459.67
31.933,204.73,127.93,333.8
243.13,146.07,285.8,199.4
223.93,1,311.4,154.6
234.6,1,341.27,232.47
183.4,239.93,226.07,291.13
161,380.73,241,505.53
114.07,113,187.67,203.67
196.2,396.73,270.87,511.93
141.8,302.87,210.07,420.2
52.2,346.6,97,449
52.2,364.73,97,449
1,305,56.467,402.07
246.33,439.4,296.47,511.93
97,402.07,169.53,483.13
257,1,334.87,214.33
67.133,220.73,175.93,380.73
145,121.53,213.27,248.47
43.667,237.8,152.47,302.87
114.07,158.87,164.2,203.67
258.07,86.333,317.8,214.33
93.8,332.73,214.33,502.33
295.4,279.4,335.93,376.47
45.8,215.4,127.93,302.87
145,135.4,206.87,236.73
19.133,162.07,168.47,227.13
87.4,305,179.13,468.2
223.93,1,311.4,152.47
238.87,1,289,182.33
145,183.4,188.73,236.73
183.4,229.27,227.13,291.13
161,401,250.6,511.93
3.1333,109.8,150.33,222.87
1,59.667,45.8,111.93
51.133,305,194.07,511.93
145,188.73,188.73,230.33
136.47,113,187.67,197.27
186.6,185.53,258.07,291.13
280.47,1,341.27,228.2
270.87,318.87,313.53,412.73
1,1,152.47,125.8
111.93,203.67,155.67,250.6
221.8,402.07,299.67,511.93
110.87,24.467,151.4,68.2
45.8,303.93,97,449
1,220.73,47.933,331.67
46.867,98.067,99.133,148.2
98.067,203.67,155.67,250.6
159.93,461.8,212.2,510.87
152.47,146.07,213.27,248.47
188.73,283.67,266.6,342.33
193,53.267,253.8,184.47
54.333,302.87,210.07,511.93
149.27,150.33,327.4,290.07
1,67.133,142.87,210.07
43.667,213.27,124.73,287.93
4.2,234.6,69.267,301.8
27.667,82.067,115.13,148.2
6.3333,226.07,51.133,321
143.93,1,204.73,150.33
188.73,204.73,280.47,335.93
9.5333,12.733,127.93,97
167.4,200.47,225,358.33
260.2,1,341.27,234.6
22.333,171.67,147.13,221.8
1,85.267,142.87,217.53
207.93,362.6,274.07,450.07
77.8,283.67,151.4,331.67
171.67,163.13,212.2,250.6
262.33,107.67,341.27,234.6
243.13,83.133,289,182.33
97,299.67,156.73,373.27
255.93,266.6,317.8,332.73
17,414.87,63.933,463.93
1,106.6,194.07,250.6
103.4,283.67,143.93,331.67
121.53,163.13,211.13,279.4
201.53,436.2,270.87,511.93
4.2,220.73,51.133,321
255.93,248.47,327.4,332.73
1,11.667,110.87,95.933
149.27,150.33,212.2,250.6
54.333,283.67,185.53,382.87
146.07,306.07,270.87,511.93
1,245.27,110.87,460.73
121.53,239.93,228.2,358.33
1,449,51.133,494.87
294.33,364.73,339.13,479.93
183.4,229.27,236.73,310.33
46.867,95.933,103.4,148.2
212.2,161,258.07,290.07
114.07,162.07,168.47,203.67
97,1,168.47,50.067
1,275.13,87.4,495.93
65,327.4,110.87,380.73
152.47,146.07,193,213.27
188.73,204.73,285.8,393.53
294.33,364.73,341.27,511.93
157.8,146.07,212.2,205.8
273,328.47,313.53,408.47
1,67.133,94.867,148.2
164.2,106.6,206.87,156.73
297.53,465,341.27,511.93
1,427.67,49,475.67
74.6,223.93,163.13,306.07
194.07,420.2,262.33,511.93
54.333,289,132.2,382.87
18.067,1,212.2,197.27
164.2,54.333,255.93,181.27
262.33,107.67,341.27,258.07
270.87,247.4,328.47,408.47
254.87,422.33,296.47,511.93
193,39.4,270.87,184.47
111.93,188.73,196.2,292.2
174.87,381.8,239.93,462.87
141.8,293.27,239.93,420.2
34.067,325.27,76.733,386.07
279.4,333.8,323.13,408.47
184.47,306.07,228.2,365.8
294.33,287.93,341.27,489.53
166.33,148.2,206.87,205.8
218.6,277.27,309.27,391.4
241,413.8,297.53,511.93
26.6,428.73,95.933,505.53
276.2,1,332.73,127.93
294.33,287.93,341.27,511.93
13.8,12.733,143.93,107.67
26.6,424.47,95.933,505.53
47.933,257,127.93,302.87
294.33,286.87,335.93,457.53
141.8,113,187.67,197.27
67.133,284.73,133.27,341.27
54.333,299.67,107.67,342.33
223.93,1,264.47,121.53
109.8,237.8,152.47,279.4
45.8,215.4,126.87,299.67
15.933,8.4667,99.133,97
93.8,332.73,159.93,483.13
1,201.53,127.93,460.73
182.33,327.4,239.93,401
51.133,412.73,181.27,511.93
93.8,302.87,210.07,483.13
34.067,305,76.733,386.07
1,21.267,94.867,148.2
74.6,264.47,132.2,306.07
265.53,271.93,329.53,429.8
148.2,245.27,194.07,315.67
161,374.33,270.87,491.67
244.2,439.4,296.47,511.93
234.6,372.2,299.67,511.93
85.267,9.5333,130.07,97
161,306.07,270.87,491.67
23.4,325.27,72.467,374.33
273,318.87,313.53,408.47
211.13,436.2,262.33,511.93
1,245.27,51.133,396.73
24.467,443.67,85.267,501.27
40.467,205.8,157.8,342.33
152.47,148.2,211.13,243.13
168.47,293.27,228.2,383.93
225,283.67,283.67,393.53
233.53,46.867,287.93,166.33
43.667,196.2,103.4,245.27
235.67,46.867,286.87,154.6
225,273,292.2,393.53
225,273,283.67,393.53
218.6,260.2,309.27,391.4
255.93,280.47,317.8,332.73
148.2,274.07,216.47,358.33
47.933,382.87,90.6,459.67
265.53,322.07,324.2,429.8
167.4,291.13,223.93,358.33
149.27,150.33,223.93,250.6
1,306.07,51.133,396.73
241,323.13,283.67,393.53
63.933,293.27,185.53,447.93
149.27,158.87,193,203.67
1,305,56.467,415.93
148.2,274.07,194.07,315.67
238.87,1,287.93,169.53
147.13,461.8,189.8,511.93
99.133,1,168.47,50.067
61.8,398.87,110.87,461.8
207.93,1,267.67,93.8
1,201.53,51.133,321
299.67,1,341.27,133.27
1,9.5333,46.867,115.13
190.87,306.07,270.87,447.93
238.87,300.73,280.47,377.53
42.6,213.27,120.47,297.53
98.067,54.333,159.93,175.93
294.33,229.27,341.27,489.53
211.13,39.4,270.87,169.53
86.333,305,194.07,454.33
191.93,417,269.8,511.93
134.33,180.2,188.73,236.73
178.07,239.93,226.07,309.27
196.2,1,246.33,78.867
1,297.53,51.133,396.73
61.8,357.27,110.87,461.8
38.333,101.27,94.867,148.2
1,1,148.2,97
65,327.4,132.2,382.87
265.53,333.8,323.13,429.8
194.07,1,267.67,124.73
238.87,39.4,286.87,169.53
207.93,374.33,270.87,447.93
279.4,322.07,324.2,408.47
1,245.27,51.133,436.2
159.93,417,269.8,511.93
294.33,286.87,339.13,511.93
134.33,188.73,184.47,252.73
148.2,1,246.33,93.8
146.07,395.67,269.8,511.93
161,381.8,214.33,487.4
15.933,372.2,70.333,459.67
196.2,1,242.07,78.867
148.2,274.07,216.47,315.67
72.467,237.8,152.47,302.87
1,386.07,63.933,494.87
136.47,106.6,206.87,171.67
148.2,1,255.93,181.27
218.6,266.6,309.27,391.4
280.47,1,334.87,205.8
45.8,305,88.467,355.13
45.8,305,110.87,447.93
1,1,127.93,97
1,85.267,142.87,210.07
193,417,269.8,511.93
1,12.733,127.93,97
179.13,290.07,229.27,350.87
1,201.53,83.133,321
168.47,293.27,214.33,383.93
49,382.87,90.6,459.67
193,420.2,262.33,511.93
98.067,293.27,185.53,358.33
148.2,433,205.8,502.33
198.33,327.4,239.93,401
54.333,101.27,94.867,148.2
242.07,389.27,296.47,511.93
223.93,1,286.87,152.47
203.67,437.27,296.47,511.93
69.267,12.733,143.93,107.67
196.2,396.73,239.93,498.07
294.33,118.33,334.87,234.6
148.2,1,264.47,93.8
22.333,171.67,174.87,221.8
148.2,454.33,188.73,502.33
129,402.07,169.53,483.13
1,12.733,143.93,107.67
241,408.47,297.53,511.93
159.93,353,270.87,511.93
33,175.93,103.4,245.27
74.6,264.47,127.93,306.07
1,67.133,67.133,110.87
22.333,171.67,184.47,221.8
43.667,239.93,124.73,287.93
149.27,158.87,205.8,205.8
134.33,183.4,188.73,236.73
38.333,101.27,111.93,162.07
186.6,206.87,227.13,291.13
198.33,353,239.93,401
63.933,327.4,110.87,443.67
233.53,46.867,286.87,154.6
15.933,375.4,57.533,459.67
182.33,306.07,228.2,365.8
99.133,223.93,163.13,279.4
212.2,161,327.4,290.07
207.93,1,267.67,120.47
1,56.467,46.867,115.13
203.67,437.27,262.33,511.93
242.07,408.47,297.53,511.93
145,183.4,193,236.73
198.33,353,270.87,494.87
241,316.73,283.67,393.53
207.93,1,267.67,107.67
67.133,280.47,133.27,341.27
116.2,220.73,181.27,279.4
42.6,213.27,120.47,316.73
247.4,1,287.93,102.33
274.07,194.07,327.4,262.33
161,380.73,220.73,491.67
145,302.87,210.07,420.2
136.47,113,179.13,171.67
4.2,234.6,51.133,321
170.6,150.33,212.2,205.8
251.67,428.73,297.53,511.93
242.07,439.4,296.47,511.93
85.267,22.333,127.93,97
149.27,150.33,212.2,205.8
297.53,466.07,341.27,511.93
196.2,1,267.67,124.73
4.2,234.6,46.867,293.27
152.47,148.2,206.87,197.27
20.2,12.733,127.93,97
161,401,210.07,495.93
246.33,465,292.2,511.93
62.867,321,110.87,447.93
54.333,412.73,163.13,511.93
161,353,270.87,511.93
91.667,102.33,158.87,191.93
243.13,46.867,286.87,152.47
193,420.2,241,505.53
49,213.27,120.47,297.53
190.87,356.2,237.8,401
248.47,186.6,327.4,290.07
149.27,158.87,212.2,250.6
196.2,1,267.67,120.47
196.2,1,264.47,78.867
86.333,366.87,172.73,454.33
170.6,163.13,211.13,243.13
13.8,12.733,111.93,95.933
175.93,381.8,239.93,462.87
161,401,210.07,487.4
