199.4,1,356.2,511.93
104.47,1,213.27,511.93
286.87,1,383.93,511.93
110.87,1,254.87,511.93
104.47,1,235.67,511.93
258.07,1,345.53,270.87
1,303.93,52.2,511.93
149.27,1,335.93,511.93
1,1,235.67,511.93
1,1,383.93,511.93
313.53,1,383.93,274.07
1,1,107.67,511.93
228.2,1,335.93,511.93
66.067,1,193,511.93
149.27,1,383.93,511.93
271.93,280.47,383.93,511.93
325.27,209,383.93,275.13
330.6,1,383.93,159.93
209,1,383.93,511.93
199.4,1,383.93,511.93
1,1,215.4,511.93
166.33,289,213.27,511.93
210.07,1,335.93,511.93
210.07,1,331.67,511.93
209,1,327.4,511.93
321,302.87,383.93,511.93
110.87,1,383.93,511.93
209,1,355.13,511.93
1,66.067,178.07,511.93
201.53,1,345.53,511.93
318.87,294.33,383.93,511.93
317.8,294.33,383.93,511.93
1,1,226.07,511.93
201.53,1,383.93,511.93
13.8,360.47,177,511.93
1,1,193,511.93
312.47,1,383.93,511.93
239.93,1,335.93,511.93
106.6,388.2,190.87,506.6
111.93,1,225,511.93
1,1,225,511.93
103.4,1,226.07,511.93
310.33,1,383.93,511.93
339.13,294.33,383.93,511.93
201.53,1,328.47,511.93
199.4,1,341.27,511.93
312.47,305,383.93,511.93
149.27,1,211.13,197.27
1,1,213.27,511.93
149.27,1,213.27,511.93
313.53,1,383.93,338.07
104.47,1,193,511.93
167.4,1,225,511.93
258.07,1,383.93,511.93
1,1,193,223.93
1,1,207.93,511.93
313.53,1,383.93,296.47
92.733,158.87,178.07,511.93
62.867,1,193,410.6
318.87,169.53,383.93,511.93
111.93,391.4,205.8,511.93
199.4,1,335.93,511.93
332.73,1,383.93,188.73
149.27,1,225,511.93
209,1,341.27,511.93
66.067,1,215.4,511.93
210.07,1,291.13,511.93
293.27,1,383.93,511.93
258.07,1,383.93,296.47
1,124.73,102.33,511.93
339.13,302.87,383.93,511.93
167.4,1,212.2,196.2
13.8,1,193,511.93
1,1,191.93,212.2
313.53,1,383.93,511.93
1,1,119.4,511.93
228.2,379.67,324.2,511.93
1,1,82.067,511.93
92.733,1,193,511.93
105.53,1,235.67,408.47
53.267,51.133,122.6,212.2
306.07,1,383.93,511.93
228.2,1,383.93,511.93
127.93,1,215.4,511.93
45.8,156.73,207.93,410.6
210.07,139.67,294.33,511.93
109.8,1,215.4,197.27
1,66.067,140.73,511.93
199.4,338.07,331.67,511.93
111.93,77.8,188.73,393.53
245.27,1,325.27,211.13
325.27,1,383.93,273
284.73,17,335.93,211.13
1,1,184.47,511.93
329.53,50.067,383.93,186.6
318.87,302.87,383.93,511.93
271.93,245.27,383.93,511.93
1,1,165.27,511.93
245.27,1,335.93,378.6
109.8,1,215.4,511.93
245.27,1,335.93,395.67
317.8,245.27,383.93,511.93
210.07,1,254.87,511.93
231.4,129,289,495.93
319.93,202.6,383.93,468.2
1,124.73,106.6,511.93
110.87,412.73,173.8,511.93
319.93,305,383.93,511.93
262.33,351.93,311.4,511.93
324.2,1,383.93,303.93
330.6,305,383.93,511.93
254.87,60.733,325.27,211.13
166.33,171.67,209,296.47
62.867,380.73,190.87,425.53
111.93,1,212.2,206.87
233.53,50.067,306.07,481
319.93,169.53,383.93,511.93
13.8,360.47,190.87,511.93
210.07,1,335.93,510.87
103.4,1,215.4,250.6
1,1,139.67,511.93
1,1,197.27,511.93
166.33,83.133,226.07,511.93
332.73,1,383.93,81
151.4,1,212.2,206.87
209,1,298.6,511.93
1,124.73,190.87,511.93
1,1,110.87,511.93
15.933,172.73,113,511.93
111.93,77.8,188.73,409.53
318.87,202.6,383.93,511.93
164.2,197.27,213.27,511.93
276.2,1,327.4,189.8
210.07,1,383.93,511.93
1,1,132.2,511.93
13.8,360.47,113,502.33
110.87,298.6,196.2,511.93
105.53,1,235.67,511.93
163.13,1,212.2,66.067
306.07,1,383.93,274.07
166.33,1,225,300.73
312.47,1,383.93,275.13
325.27,1,383.93,274.07
339.13,301.8,383.93,511.93
276.2,398.87,331.67,511.93
111.93,43.667,188.73,409.53
258.07,1,300.73,65
165.27,171.67,209,296.47
110.87,391.4,205.8,511.93
110.87,45.8,213.27,511.93
333.8,1,383.93,173.8
138.6,1,254.87,511.93
267.67,63.933,322.07,209
13.8,360.47,110.87,511.93
313.53,1,383.93,276.2
116.2,77.8,188.73,218.6
330.6,245.27,383.93,308.2
92.733,1,193,447.93
135.4,1,199.4,83.133
330.6,1,383.93,173.8
13.8,156.73,207.93,511.93
342.33,373.27,383.93,511.93
1,131.13,102.33,511.93
250.6,212.2,329.53,511.93
293.27,1,383.93,274.07
209,1,294.33,511.93
138.6,1,225,511.93
318.87,301.8,383.93,511.93
13.8,212.2,190.87,511.93
178.07,1,235.67,104.47
104.47,1,189.8,511.93
323.13,1,383.93,185.53
297.53,302.87,383.93,511.93
209,1,327.4,233.53
111.93,211.13,179.13,393.53
110.87,381.8,212.2,511.93
238.87,193,287.93,493.8
104.47,412.73,146.07,511.93
110.87,1,199.4,511.93
159.93,1,212.2,196.2
210.07,1,287.93,510.87
338.07,113,383.93,246.33
104.47,1,193,95.933
15.933,1,139.67,511.93
342.33,306.07,383.93,511.93
341.27,446.87,383.93,497
333.8,55.4,383.93,182.33
330.6,245.27,383.93,378.6
306.07,1,383.93,211.13
104.47,1,181.27,511.93
266.6,170.6,330.6,399.93
23.4,154.6,197.27,511.93
66.067,1,190.87,511.93
1,1,184.47,201.53
172.73,1,213.27,206.87
111.93,1,199.4,393.53
318.87,413.8,366.87,511.93
199.4,1,285.8,511.93
23.4,381.8,178.07,511.93
313.53,1,383.93,186.6
332.73,267.67,375.4,369
333.8,69.267,381.8,171.67
312.47,1,383.93,249.53
125.8,171.67,211.13,511.93
145,74.6,188.73,242.07
94.867,380.73,190.87,425.53
106.6,298.6,190.87,511.93
111.93,1,212.2,207.93
110.87,412.73,196.2,511.93
233.53,50.067,300.73,481
57.533,1,118.33,81
27.667,412.73,113,511.93
325.27,1,383.93,275.13
319.93,202.6,383.93,274.07
332.73,1,383.93,168.47
250.6,378.6,321,511.93
163.13,1,212.2,76.733
250.6,225,294.33,455.4
297.53,305,383.93,511.93
137.53,412.73,190.87,479.93
58.6,1,119.4,97
226.07,1,331.67,511.93
159.93,1,212.2,81
166.33,295.4,211.13,511.93
23.4,413.8,113,511.93
332.73,245.27,383.93,338.07
266.6,170.6,328.47,399.93
135.4,1,199.4,116.2
150.33,1,193,68.2
131.13,196.2,188.73,255.93
337,1,383.93,72.467
319.93,11.667,383.93,274.07
339.13,302.87,383.93,468.2
23.4,385,110.87,511.93
165.27,194.07,207.93,295.4
233.53,1,289,420.2
231.4,1,291.13,327.4
168.47,1,212.2,206.87
271.93,1,345.53,511.93
117.27,1,166.33,60.733
334.87,37.267,383.93,118.33
286.87,1,334.87,389.27
149.27,1,215.4,197.27
317.8,280.47,383.93,511.93
172.73,1,235.67,134.33
1,124.73,207.93,511.93
104.47,79.933,193,250.6
75.667,212.2,180.2,410.6
273,1,334.87,212.2
111.93,1,181.27,97
226.07,377.53,327.4,511.93
250.6,204.73,355.13,511.93
319.93,169.53,383.93,407.4
23.4,411.67,113,511.93
1,1,132.2,212.2
264.47,1,331.67,399.93
145,74.6,193,242.07
111.93,1,213.27,511.93
227.13,1,285.8,511.93
228.2,110.87,324.2,511.93
1,1,113,511.93
312.47,1,383.93,407.4
333.8,57.533,383.93,182.33
57.533,1,134.33,210.07
329.53,1,383.93,186.6
302.87,204.73,355.13,380.73
92.733,1,193,212.2
342.33,302.87,383.93,468.2
245.27,1,327.4,212.2
125.8,413.8,190.87,511.93
271.93,280.47,339.13,511.93
245.27,1,327.4,211.13
150.33,1,211.13,197.27
107.67,1,175.93,77.8
66.067,1,175.93,97
111.93,1,193,95.933
229.27,1,287.93,493.8
333.8,55.4,383.93,201.53
341.27,175.93,383.93,274.07
199.4,1,302.87,511.93
172.73,83.133,226.07,511.93
110.87,297.53,212.2,511.93
113,1,172.73,76.733
318.87,381.8,366.87,511.93
321,1,383.93,186.6
131.13,196.2,188.73,287.93
329.53,1,383.93,185.53
236.73,1,335.93,391.4
149.27,1,212.2,206.87
313.53,1,383.93,185.53
104.47,168.47,165.27,410.6
103.4,82.067,179.13,250.6
110.87,414.87,177,511.93
321,1,383.93,229.27
105.53,25.533,173.8,238.87
132.2,213.27,177,382.87
106.6,298.6,190.87,506.6
62.867,1,193,97
337,1,383.93,62.867
62.867,42.6,193,97
199.4,338.07,321,511.93
66.067,1,119.4,76.733
331.67,55.4,383.93,201.53
58.6,154.6,197.27,385
108.73,415.93,163.13,511.93
306.07,1,383.93,348.73
165.27,81,209,337
104.47,81,150.33,413.8
1,191.93,106.6,511.93
104.47,81,150.33,410.6
145,79.933,193,195.13
334.87,1,383.93,173.8
125.8,295.4,211.13,511.93
236.73,1,285.8,212.2
138.6,213.27,193,381.8
56.467,1,132.2,81
276.2,1,327.4,138.6
106.6,305,190.87,506.6
65,381.8,113,423.4
45.8,156.73,103.4,223.93
294.33,278.33,337,511.93
115.13,194.07,188.73,313.53
105.53,1,188.73,313.53
120.47,1,167.4,69.267
132.2,342.33,179.13,393.53
327.4,253.8,373.27,407.4
338.07,305,383.93,511.93
333.8,55.4,383.93,171.67
331.67,253.8,372.2,348.73
332.73,1,383.93,172.73
1,47.933,61.8,173.8
331.67,245.27,383.93,369
238.87,110.87,300.73,481
226.07,372.2,327.4,511.93
334.87,177,380.73,229.27
1,131.13,82.067,463.93
145,388.2,190.87,506.6
250.6,152.47,300.73,455.4
166.33,289,207.93,407.4
323.13,1,383.93,275.13
23.4,319.93,180.2,511.93
92.733,158.87,140.73,409.53
293.27,1,343.4,250.6
13.8,360.47,113,511.93
321,413.8,366.87,511.93
135.4,1,195.13,83.133
111.93,1,167.4,97
276.2,279.4,341.27,511.93
324.2,253.8,372.2,348.73
239.93,209,335.93,511.93
66.067,1,170.6,76.733
73.533,1,171.67,76.733
239.93,379.67,321,511.93
166.33,295.4,213.27,511.93
321,1,372.2,186.6
126.87,410.6,190.87,479.93
228.2,1,291.13,327.4
29.8,381.8,113,502.33
343.4,469.27,383.93,511.93
108.73,213.27,180.2,410.6
267.67,1,324.2,209
23.4,411.67,106.6,511.93
266.6,1,331.67,399.93
149.27,1,213.27,206.87
331.67,177,383.93,274.07
105.53,25.533,146.07,154.6
1,1,98.067,201.53
211.13,1,280.47,233.53
62.867,1,193,212.2
58.6,172.73,99.133,321
329.53,57.533,383.93,186.6
252.73,1,327.4,211.13
106.6,268.73,150.33,410.6
23.4,410.6,110.87,511.93
127.93,1,212.2,206.87
343.4,113,383.93,225
341.27,37.267,383.93,118.33
62.867,381.8,178.07,423.4
294.33,253.8,337,511.93
145,77.8,188.73,242.07
138.6,213.27,205.8,511.93
166.33,198.33,213.27,511.93
325.27,1,383.93,303.93
23.4,337,180.2,511.93
23.4,402.07,190.87,511.93
66.067,1,188.73,409.53
62.867,382.87,106.6,423.4
209,1,280.47,233.53
62.867,380.73,190.87,447.93
331.67,209,383.93,274.07
338.07,113,383.93,225
201.53,1,289,511.93
278.33,1,324.2,65
159.93,1,215.4,197.27
108.73,213.27,180.2,385
120.47,1,184.47,69.267
236.73,1,324.2,70.333
239.93,210.07,335.93,511.93
199.4,380.73,244.2,511.93
325.27,204.73,383.93,275.13
66.067,1,191.93,212.2
167.4,1,225,243.13
1,49,103.4,223.93
286.87,1,383.93,389.27
331.67,253.8,373.27,312.47
1,1,107.67,223.93
231.4,129,273,495.93
62.867,212.2,190.87,425.53
318.87,406.33,366.87,511.93
45.8,156.73,107.67,390.33
166.33,1,214.33,300.73
319.93,188.73,383.93,274.07
325.27,204.73,383.93,303.93
325.27,1,383.93,205.8
127.93,77.8,188.73,218.6
239.93,63.933,328.47,511.93
1,1,98.067,479.93
63.933,213.27,133.27,423.4
286.87,109.8,334.87,389.27
105.53,79.933,193,212.2
234.6,110.87,294.33,481
110.87,414.87,173.8,511.93
57.533,1,165.27,410.6
108.73,413.8,163.13,511.93
271.93,1,345.53,386.07
331.67,253.8,373.27,303.93
58.6,154.6,139.67,385
252.73,24.467,327.4,211.13
334.87,120.47,383.93,182.33
267.67,147.13,335.93,391.4
236.73,1,280.47,166.33
245.27,45.8,285.8,212.2
127.93,1,215.4,206.87
149.27,1,199.4,76.733
105.53,1,184.47,238.87
239.93,379.67,324.2,511.93
226.07,139.67,294.33,511.93
325.27,175.93,383.93,273
276.2,1,323.13,136.47
104.47,79.933,193,410.6
276.2,1,345.53,270.87
1,131.13,82.067,511.93
110.87,365.8,179.13,410.6
331.67,37.267,383.93,169.53
342.33,344.47,383.93,488.47
276.2,1,324.2,63.933
127.93,78.867,193,195.13
27.667,412.73,177,511.93
1,1,82.067,191.93
65,49,138.6,97
108.73,333.8,178.07,410.6
338.07,245.27,383.93,338.07
325.27,1,383.93,185.53
233.53,62.867,300.73,481
331.67,183.4,383.93,274.07
324.2,169.53,383.93,284.73
62.867,1,171.67,97
332.73,69.267,383.93,188.73
250.6,378.6,324.2,511.93
15.933,1,132.2,511.93
338.07,1,383.93,61.8
104.47,189.8,207.93,410.6
226.07,190.87,294.33,511.93
129,410.6,190.87,479.93
262.33,63.933,328.47,511.93
104.47,189.8,178.07,410.6
332.73,1,383.93,173.8
111.93,391.4,194.07,458.6
271.93,389.27,324.2,511.93
62.867,51.133,122.6,211.13
1,191.93,113,511.93
57.533,1,175.93,97
245.27,1,341.27,511.93
105.53,25.533,153.53,154.6
149.27,1,199.4,68.2
325.27,172.73,383.93,303.93
109.8,385,178.07,511.93
63.933,66.067,140.73,381.8
236.73,1,325.27,211.13
108.73,412.73,163.13,511.93
53.267,51.133,110.87,178.07
166.33,197.27,206.87,303.93
324.2,172.73,383.93,284.73
226.07,1,289,511.93
107.67,213.27,178.07,410.6
165.27,1,235.67,408.47
63.933,66.067,134.33,210.07
271.93,302.87,339.13,511.93
57.533,1,184.47,97
210.07,139.67,265.53,511.93
226.07,293.27,294.33,511.93
140.73,391.4,194.07,458.6
210.07,44.733,269.8,511.93
65,49,113,91.667
331.67,11.667,383.93,201.53
109.8,37.267,193,95.933
343.4,171.67,383.93,225
111.93,77.8,188.73,367.93
184.47,83.133,226.07,296.47
45.8,156.73,104.47,390.33
330.6,1,383.93,185.53
271.93,420.2,315.67,511.93
254.87,26.6,325.27,211.13
92.733,77.8,175.93,212.2
62.867,42.6,124.73,97
1,1,107.67,203.67
1,97,82.067,191.93
109.8,402.07,190.87,511.93
245.27,1,327.4,389.27
276.2,1,334.87,212.2
338.07,145,383.93,185.53
62.867,53.267,124.73,97
318.87,305,383.93,511.93
53.267,1,132.2,212.2
341.27,446.87,383.93,511.93
110.87,412.73,180.2,506.6
250.6,204.73,341.27,511.93
335.93,1,383.93,61.8
318.87,306.07,366.87,511.93
66.067,1,170.6,77.8
342.33,305,383.93,469.27
302.87,204.73,351.93,380.73
45.8,156.73,104.47,223.93
1,113,84.2,201.53
319.93,202.6,383.93,281.53
325.27,172.73,383.93,275.13
13.8,360.47,93.8,502.33
239.93,338.07,321,511.93
111.93,415.93,178.07,511.93
132.2,354.07,179.13,409.53
62.867,51.133,110.87,127.93
329.53,55.4,383.93,186.6
3.1333,1,69.267,158.87
1,1,107.67,212.2
65,41.533,138.6,97
104.47,82.067,179.13,250.6
145,196.2,188.73,242.07
266.6,1,330.6,399.93
108.73,314.6,178.07,410.6
104.47,189.8,164.2,385
236.73,1,300.73,70.333
331.67,121.53,380.73,181.27
111.93,1,181.27,410.6
89.533,337,139.67,409.53
56.467,1,99.133,81
333.8,302.87,383.93,511.93
23.4,413.8,163.13,511.93
167.4,81,209,303.93
278.33,1,324.2,113
62.867,51.133,110.87,97
62.867,1,132.2,211.13
268.73,17,316.73,107.67
73.533,1,171.67,63.933
334.87,177,375.4,229.27
127.93,198.33,197.27,381.8
127.93,77.8,179.13,410.6
178.07,1,235.67,134.33
111.93,56.467,166.33,97
331.67,37.267,383.93,185.53
129,1,193,76.733
65,1,175.93,97
290.07,289,339.13,511.93
226.07,145,269.8,481
154.6,1,212.2,206.87
318.87,380.73,366.87,511.93
341.27,175.93,383.93,273
23.4,411.67,173.8,511.93
167.4,1,213.27,206.87
166.33,295.4,210.07,511.93
63.933,79.933,134.33,210.07
267.67,1,322.07,209
321,306.07,383.93,511.93
271.93,1,345.53,281.53
1,1,69.267,158.87
231.4,1,273,223.93
92.733,77.8,191.93,212.2
284.73,17,327.4,139.67
104.47,1,175.93,97
53.267,1,107.67,212.2
342.33,305,383.93,488.47
63.933,213.27,107.67,423.4
111.93,413.8,156.73,458.6
339.13,305,383.93,511.93
117.27,1,172.73,76.733
108.73,210.07,190.87,447.93
15.933,1,113,511.93
1,1,98.067,191.93
319.93,202.6,383.93,369
104.47,40.467,193,95.933
335.93,1,383.93,171.67
318.87,390.33,366.87,511.93
58.6,172.73,103.4,321
104.47,81,163.13,511.93
132.2,214.33,179.13,409.53
338.07,209,383.93,274.07
334.87,1,383.93,67.133
342.33,374.33,383.93,488.47
334.87,1,383.93,171.67
111.93,410.6,190.87,511.93
271.93,1,324.2,113
284.73,17,345.53,281.53
262.33,210.07,328.47,511.93
165.27,195.13,207.93,295.4
58.6,172.73,103.4,367.93
63.933,49,134.33,210.07
23.4,413.8,180.2,511.93
109.8,402.07,178.07,511.93
330.6,393.53,383.93,511.93
341.27,209,383.93,274.07
165.27,81,209,408.47
29.8,401,106.6,502.33
104.47,189.8,164.2,319.93
29.8,401,93.8,502.33
1,1,46.867,161
53.267,1,99.133,178.07
209,1,254.87,510.87
268.73,1,316.73,107.67
342.33,463.93,383.93,511.93
234.6,383.93,278.33,511.93
71.4,79.933,122.6,212.2
341.27,209,383.93,273
63.933,337,179.13,423.4
107.67,1,175.93,97
278.33,1,318.87,65
325.27,1,383.93,172.73
251.67,190.87,299.67,455.4
1,1,46.867,47.933
331.67,204.73,383.93,274.07
113,418.07,163.13,511.93
333.8,57.533,383.93,171.67
108.73,314.6,172.73,408.47
62.867,381.8,165.27,423.4
23.4,413.8,92.733,511.93
331.67,108.73,383.93,185.53
120.47,1,167.4,59.667
329.53,107.67,372.2,186.6
234.6,377.53,327.4,511.93
63.933,337,139.67,423.4
1,124.73,98.067,479.93
26.6,414.87,113,511.93
104.47,81,146.07,301.8
105.53,25.533,166.33,154.6
29.8,385,105.53,502.33
63.933,213.27,139.67,423.4
145,412.73,190.87,479.93
12.733,127.93,82.067,191.93
140.73,412.73,190.87,458.6
331.67,108.73,379.67,185.53
127.93,213.27,177,381.8
333.8,307.13,383.93,511.93
276.2,1,317.8,60.733
104.47,81,146.07,275.13
108.73,210.07,178.07,410.6
62.867,1,122.6,211.13
245.27,1,289,193
107.67,213.27,177,382.87
331.67,108.73,380.73,185.53
108.73,213.27,178.07,410.6
267.67,63.933,322.07,211.13
331.67,81,383.93,185.53
63.933,82.067,107.67,212.2
23.4,172.73,113,511.93
234.6,377.53,311.4,511.93
39.4,195.13,102.33,479.93
12.733,127.93,82.067,190.87
250.6,212.2,328.47,511.93
39.4,172.73,103.4,479.93
117.27,1,170.6,76.733
58.6,172.73,103.4,255.93
262.33,377.53,311.4,511.93
331.67,109.8,383.93,181.27
127.93,77.8,173.8,382.87
1,385,41.533,511.93
331.67,109.8,383.93,185.53
127.93,77.8,173.8,238.87
334.87,121.53,380.73,171.67
1,1,82.067,463.93
63.933,82.067,107.67,127.93
145,412.73,190.87,456.47
278.33,1,318.87,63.933
3.1333,1,82.067,190.87
