1,121.53,120.47,398.87
1,31.933,339.13,511.93
179.13,49,239.93,292.2
1,1,339.13,511.93
1,47.933,223.93,166.33
1,226.07,76.733,303.93
1,66.067,142.87,177
220.73,31.933,339.13,511.93
71.4,147.13,151.4,228.2
1,41.533,120.47,186.6
1,36.2,259.13,511.93
98.067,36.2,233.53,301.8
1,212.2,252.73,511.93
1,93.8,260.2,511.93
120.47,193,204.73,289
254.87,31.933,339.13,511.93
214.33,31.933,339.13,511.93
1,380.73,101.27,511.93
77.8,331.67,260.2,511.93
1,381.8,110.87,511.93
24.467,318.87,193,446.87
155.67,36.2,233.53,245.27
190.87,31.933,339.13,511.93
1,87.4,212.2,398.87
254.87,31.933,339.13,359.4
1,257,260.2,511.93
5.2667,148.2,159.93,235.67
1,93.8,339.13,511.93
1,35.133,260.2,511.93
260.2,93.8,339.13,286.87
83.133,411.67,177,511.93
1,359.4,250.6,511.93
198.33,138.6,260.2,511.93
236.73,191.93,339.13,511.93
1,1,339.13,130.07
1,1,339.13,132.2
1,35.133,238.87,331.67
1,35.133,223.93,191.93
1,1,339.13,375.4
223.93,138.6,339.13,511.93
76.733,411.67,222.87,511.93
126.87,147.13,209,276.2
1,1,339.13,78.867
103.4,350.87,212.2,425.53
159.93,326.33,244.2,383.93
1,135.4,178.07,234.6
1,1,289,511.93
90.6,56.467,153.53,162.07
1,28.733,339.13,511.93
184.47,107.67,232.47,297.53
1,49,289,458.6
151.4,193,200.47,281.53
1,380.73,102.33,511.93
90.6,51.133,222.87,162.07
76.733,362.6,222.87,511.93
1,35.133,249.53,382.87
1,1,289,458.6
1,110.87,162.07,282.6
1,243.13,76.733,324.2
1,145,110.87,229.27
54.333,276.2,244.2,445.8
122.6,438.33,221.8,511.93
1,36.2,260.2,511.93
1,35.133,244.2,511.93
154.6,277.27,260.2,511.93
255.93,36.2,339.13,187.67
99.133,51.133,195.13,157.8
1,36.2,233.53,183.4
98.067,35.133,249.53,382.87
132.2,298.6,233.53,381.8
265.53,228.2,339.13,511.93
213.27,31.933,339.13,511.93
1,139.67,148.2,247.4
1,291.13,260.2,511.93
98.067,122.6,222.87,276.2
40.467,347.67,108.73,439.4
1,139.67,252.73,511.93
287.93,451.13,339.13,511.93
54.333,212.2,248.47,383.93
219.67,49,289,458.6
249.53,31.933,339.13,511.93
1,71.4,55.4,200.47
1,143.93,216.47,348.73
251.67,138.6,339.13,291.13
218.6,1,339.13,163.13
10.6,297.53,126.87,379.67
1,139.67,156.73,398.87
101.27,107.67,229.27,326.33
1,182.33,101.27,511.93
60.733,322.07,260.2,511.93
1,28.733,233.53,398.87
1,318.87,222.87,511.93
98.067,161,218.6,301.8
154.6,329.53,203.67,381.8
62.867,36.2,233.53,115.13
1,28.733,260.2,511.93
1,307.13,84.2,377.53
1,382.87,111.93,511.93
45.8,50.067,177,161
44.733,444.73,86.333,487.4
40.467,313.53,244.2,511.93
1,382.87,102.33,511.93
273,202.6,339.13,291.13
1,210.07,216.47,348.73
1,149.27,245.27,383.93
1,121.53,95.933,186.6
110.87,47.933,228.2,177
119.4,28.733,233.53,83.133
28.733,438.33,87.4,511.93
1,380.73,86.333,511.93
1,321,250.6,511.93
148.2,79.933,259.13,511.93
1,276.2,244.2,511.93
1,291.13,223.93,511.93
54.333,204.73,248.47,383.93
218.6,31.933,339.13,511.93
71.4,34.067,276.2,375.4
1,382.87,120.47,511.93
60.733,390.33,222.87,511.93
1,229.27,76.733,281.53
1,35.133,248.47,398.87
1,47.933,228.2,183.4
1,306.07,120.47,398.87
53.267,431.93,98.067,489.53
1,136.47,118.33,183.4
1,41.533,101.27,146.07
107.67,351.93,177,397.8
154.6,93.8,260.2,511.93
236.73,93.8,339.13,511.93
1,139.67,110.87,229.27
1,226.07,156.73,442.6
1,36.2,233.53,276.2
24.467,347.67,121.53,442.6
81,371.13,222.87,511.93
1,1,138.6,71.4
1,211.13,167.4,383.93
1,1,339.13,116.2
156.73,88.467,203.67,146.07
1,71.4,55.4,219.67
1,36.2,233.53,511.93
10.6,71.4,55.4,126.87
95.933,212.2,252.73,419.13
1,110.87,173.8,282.6
214.33,34.067,276.2,375.4
92.733,56.467,153.53,159.93
1,262.33,260.2,511.93
1,182.33,98.067,248.47
1,470.33,68.2,511.93
154.6,277.27,252.73,419.13
210.07,34.067,276.2,375.4
1,1,339.13,186.6
198.33,31.933,339.13,511.93
1,1,339.13,135.4
1,291.13,177,412.73
132.2,93.8,260.2,511.93
90.6,119.4,142.87,181.27
158.87,323.13,216.47,376.47
83.133,331.67,250.6,511.93
237.8,31.933,339.13,511.93
238.87,31.933,339.13,511.93
76.733,39.4,170.6,88.467
242.07,31.933,339.13,322.07
1,36.2,233.53,280.47
255.93,33,339.13,231.4
1,35.133,238.87,183.4
10.6,298.6,126.87,379.67
1,1,339.13,71.4
1,226.07,260.2,511.93
98.067,183.4,218.6,301.8
1,36.2,233.53,191.93
101.27,107.67,229.27,297.53
251.67,138.6,339.13,325.27
1,139.67,78.867,229.27
98.067,193,151.4,261.27
1,1,67.133,63.933
1,226.07,156.73,511.93
172.73,31.933,339.13,511.93
1,36.2,223.93,191.93
1,319.93,49,377.53
1,39.4,223.93,183.4
289,37.267,339.13,359.4
77.8,410.6,169.53,511.93
1,226.07,122.6,398.87
76.733,411.67,201.53,511.93
1,226.07,163.13,383.93
159.93,323.13,238.87,383.93
1,269.8,126.87,379.67
1,36.2,193,219.67
1,182.33,244.2,511.93
100.2,163.13,193,280.47
1,188.73,78.867,229.27
1,28.733,233.53,186.6
268.73,49,323.13,132.2
109.8,365.8,209,433
1,373.27,135.4,437.27
255.93,33,339.13,511.93
1,35.133,233.53,180.2
1,36.2,233.53,231.4
257,360.47,339.13,511.93
1,145,77.8,229.27
1,331.67,250.6,511.93
1,1,251.67,71.4
254.87,31.933,339.13,255.93
1,145,148.2,229.27
218.6,1,339.13,511.93
1,262.33,126.87,511.93
132.2,277.27,252.73,419.13
127.93,193,193,281.53
1,233.53,53.267,307.13
134.33,147.13,239.93,327.4
134.33,49,289,458.6
95.933,212.2,252.73,486.33
9.5333,36.2,130.07,114.07
28.733,426.6,87.4,511.93
140.73,463.93,219.67,511.93
1,110.87,180.2,231.4
156.73,88.467,203.67,148.2
236.73,359.4,296.47,511.93
139.67,248.47,216.47,325.27
1,226.07,71.4,271.93
158.87,298.6,233.53,376.47
268.73,376.47,319.93,473.53
1,1,277.27,180.2
25.533,255.93,216.47,331.67
31.933,153.53,110.87,214.33
78.867,28.733,233.53,117.27
1,110.87,118.33,212.2
71.4,273,238.87,383.93
135.4,121.53,190.87,175.93
71.4,149.27,245.27,383.93
95.933,212.2,216.47,325.27
1,233.53,163.13,338.07
1,367.93,56.467,428.73
263.4,147.13,323.13,241
1,47.933,223.93,177
1,212.2,120.47,398.87
38.333,437.27,86.333,487.4
1,28.733,233.53,181.27
77.8,412.73,223.93,511.93
76.733,322.07,260.2,511.93
83.133,411.67,199.4,511.93
100.2,412.73,169.53,460.73
255.93,58.6,307.13,137.53
266.6,295.4,319.93,494.87
1,211.13,156.73,398.87
99.133,431.93,141.8,511.93
5.2667,148.2,159.93,282.6
25.533,149.27,223.93,331.67
127.93,193,209,281.53
255.93,101.27,321,255.93
1,381.8,223.93,511.93
164.2,149.27,245.27,376.47
40.467,313.53,244.2,441.53
1,136.47,102.33,182.33
154.6,322.07,238.87,383.93
45.8,56.467,177,161
154.6,318.87,244.2,381.8
289,226.07,339.13,359.4
46.867,126.87,193,183.4
71.4,97,232.47,297.53
1,51.133,206.87,180.2
34.067,259.13,148.2,325.27
1,382.87,90.6,495.93
1,211.13,167.4,398.87
170.6,257,260.2,511.93
9.5333,36.2,138.6,114.07
1,290.07,81,378.6
198.33,1,339.13,130.07
298.6,151.4,339.13,353
1,188.73,248.47,398.87
104.47,295.4,198.33,382.87
180.2,79.933,228.2,148.2
1,373.27,104.47,437.27
1,329.53,121.53,442.6
14.867,346.6,87.4,391.4
1,306.07,121.53,511.93
275.13,195.13,339.13,511.93
93.8,327.4,156.73,383.93
275.13,191.93,339.13,511.93
45.8,57.533,107.67,146.07
124.73,107.67,229.27,297.53
134.33,49,239.93,327.4
1,139.67,148.2,229.27
280.47,396.73,339.13,511.93
166.33,149.27,209,211.13
53.267,283.67,156.73,383.93
1,381.8,140.73,511.93
26.6,87.4,212.2,325.27
71.4,261.27,238.87,383.93
254.87,31.933,321,255.93
77.8,331.67,222.87,511.93
154.6,463.93,219.67,507.67
159.93,326.33,244.2,378.6
1,226.07,76.733,331.67
1,188.73,167.4,398.87
204.73,364.73,248.47,511.93
45.8,39.4,193,183.4
5.2667,148.2,223.93,331.67
277.27,1,339.13,63.933
1,226.07,120.47,398.87
251.67,185.53,293.27,275.13
205.8,322.07,260.2,511.93
98.067,36.2,249.53,382.87
1,382.87,111.93,495.93
54.333,276.2,212.2,382.87
12.733,156.73,71.4,213.27
156.73,66.067,223.93,151.4
159.93,323.13,206.87,383.93
126.87,107.67,229.27,297.53
1,226.07,76.733,324.2
103.4,322.07,248.47,436.2
238.87,31.933,339.13,286.87
1,71.4,55.4,143.93
1,382.87,87.4,511.93
94.867,39.4,170.6,88.467
253.8,317.8,315.67,371.13
38.333,426.6,101.27,487.4
1,367.93,56.467,408.47
170.6,131.13,249.53,382.87
34.067,259.13,148.2,338.07
1,41.533,121.53,180.2
1,41.533,195.13,180.2
100.2,186.6,179.13,280.47
133.27,147.13,209,276.2
205.8,374.33,260.2,511.93
60.733,411.67,222.87,511.93
26.6,248.47,167.4,325.27
1,226.07,45.8,332.73
1,462.87,90.6,511.93
1,23.4,68.2,63.933
53.267,283.67,156.73,365.8
1,102.33,83.133,164.2
83.133,365.8,219.67,511.93
120.47,97,232.47,297.53
1,36.2,245.27,383.93
134.33,203.67,214.33,321
1,1,99.133,63.933
126.87,97,232.47,297.53
24.467,374.33,121.53,442.6
1,28.733,233.53,297.53
1,121.53,110.87,229.27
19.133,469.27,62.867,511.93
273,195.13,339.13,511.93
98.067,1,339.13,57.533
132.2,250.6,218.6,330.6
1,426.6,86.333,511.93
1,1,210.07,132.2
168.47,397.8,221.8,487.4
1,306.07,102.33,511.93
198.33,170.6,260.2,511.93
1,381.8,98.067,489.53
1,381.8,114.07,511.93
54.333,214.33,248.47,383.93
27.667,234.6,148.2,294.33
104.47,257,248.47,382.87
263.4,34.067,339.13,214.33
1,381.8,98.067,497
40.467,339.13,122.6,398.87
4.2,168.47,54.333,222.87
1,297.53,156.73,442.6
260.2,93.8,339.13,295.4
45.8,39.4,177,161
1,39.4,193,219.67
1,1,277.27,78.867
253.8,317.8,322.07,491.67
133.27,194.07,179.13,280.47
159.93,326.33,217.53,383.93
6.3333,110.87,113,181.27
1,420.2,56.467,492.73
77.8,410.6,222.87,511.93
284.73,207.93,329.53,291.13
124.73,97,232.47,297.53
243.13,93.8,339.13,331.67
213.27,31.933,309.27,444.73
1,211.13,156.73,365.8
65,347.67,121.53,398.87
60.733,395.67,260.2,511.93
86.333,82.067,145,152.47
238.87,31.933,309.27,124.73
1,381.8,57.533,451.13
139.67,279.4,218.6,325.27
100.2,149.27,223.93,282.6
205.8,131.13,249.53,382.87
76.733,409.53,222.87,511.93
92.733,56.467,153.53,135.4
156.73,49,228.2,245.27
78.867,28.733,233.53,162.07
14.867,41.533,89.533,106.6
54.333,276.2,212.2,383.93
275.13,195.13,334.87,339.13
190.87,35.133,263.4,253.8
193,371.13,250.6,430.87
71.4,39.4,233.53,119.4
170.6,277.27,252.73,419.13
132.2,279.4,218.6,330.6
158.87,433,222.87,511.93
1,462.87,89.533,511.93
255.93,33,322.07,156.73
139.67,279.4,204.73,325.27
1,210.07,138.6,282.6
1,216.47,105.53,268.73
257,151.4,339.13,511.93
284.73,225,325.27,291.13
55.4,297.53,95.933,338.07
140.73,442.6,219.67,511.93
1,233.53,101.27,511.93
252.73,221.8,315.67,371.13
1,426.6,101.27,511.93
77.8,409.53,223.93,511.93
126.87,122.6,222.87,276.2
134.33,438.33,219.67,511.93
83.133,365.8,250.6,511.93
1,462.87,68.2,511.93
289,226.07,339.13,353
134.33,371.13,250.6,511.93
1,1,247.4,71.4
154.6,463.93,219.67,511.93
1,36.2,223.93,177
52.2,221.8,140.73,277.27
54.333,214.33,206.87,383.93
1,347.67,222.87,511.93
1,226.07,81,378.6
7.4,470.33,66.067,511.93
209,257,260.2,511.93
157.8,26.6,251.67,67.133
223.93,376.47,331.67,511.93
1,382.87,43.667,423.4
1,268.73,81,378.6
130.07,141.8,180.2,189.8
156.73,422.33,222.87,511.93
26.6,248.47,125.8,299.67
54.333,292.2,156.73,383.93
83.133,455.4,162.07,511.93
1,35.133,239.93,292.2
1,233.53,62.867,281.53
155.67,248.47,216.47,325.27
1,110.87,180.2,219.67
273,143.93,339.13,291.13
253.8,396.73,313.53,511.93
25.533,259.13,216.47,348.73
110.87,47.933,223.93,177
83.133,359.4,193,511.93
57.533,82.067,123.67,154.6
84.2,35.133,223.93,191.93
164.2,207.93,211.13,301.8
126.87,97,209,271.93
164.2,202.6,210.07,274.07
1,226.07,50.067,282.6
136.47,329.53,244.2,445.8
254.87,31.933,321,137.53
1,381.8,62.867,497
223.93,376.47,319.93,511.93
162.07,147.13,209,211.13
131.13,331.67,219.67,445.8
1,188.73,148.2,325.27
1,19.133,138.6,71.4
1,40.467,223.93,181.27
95.933,248.47,216.47,325.27
1,382.87,111.93,504.47
1,99.133,58.6,161
164.2,331.67,234.6,376.47
98.067,71.4,145,159.93
241,1,339.13,47.933
86.333,321,136.47,365.8
9.5333,148.2,77.8,229.27
22.333,398.87,90.6,495.93
202.6,396.73,247.4,511.93
35.133,321,116.2,371.13
1,233.53,49,380.73
1,226.07,53.267,307.13
1,41.533,120.47,181.27
1,226.07,222.87,511.93
1,233.53,84.2,393.53
148.2,273,213.27,331.67
119.4,28.733,233.53,76.733
119.4,411.67,170.6,468.2
1,145,78.867,229.27
1,211.13,151.4,329.53
9.5333,291.13,177,437.27
81,379.67,222.87,511.93
94.867,119.4,142.87,162.07
53.267,273,216.47,348.73
1,262.33,126.87,379.67
83.133,359.4,250.6,511.93
132.2,279.4,218.6,326.33
1,1,86.333,63.933
182.33,1,339.13,57.533
1,233.53,50.067,380.73
1,110.87,162.07,219.67
127.93,193,211.13,290.07
40.467,347.67,183.4,441.53
184.47,107.67,229.27,286.87
148.2,269.8,244.2,383.93
56.467,215.4,138.6,274.07
1,242.07,45.8,332.73
1,452.2,43.667,498.07
1,381.8,111.93,511.93
1,41.533,133.27,132.2
103.4,394.6,183.4,441.53
1,424.47,101.27,511.93
193,371.13,250.6,511.93
34.067,274.07,216.47,331.67
67.133,135.4,178.07,234.6
168.47,433,223.93,511.93
98.067,193,141.8,246.33
294.33,95.933,339.13,238.87
286.87,412.73,339.13,511.93
1,329.53,140.73,442.6
156.73,469.27,222.87,511.93
1,1,339.13,47.933
1,41.533,87.4,132.2
289,177,339.13,353
132.2,50.067,177,161
126.87,183.4,218.6,301.8
51.133,50.067,195.13,166.33
131.13,371.13,219.67,445.8
287.93,291.13,339.13,511.93
1,382.87,111.93,492.73
284.73,225,326.33,316.73
134.33,353,220.73,486.33
133.27,51.133,194.07,125.8
150.33,51.133,195.13,95.933
109.8,365.8,219.67,511.93
1,40.467,222.87,181.27
83.133,413.8,193,511.93
113,39.4,223.93,191.93
254.87,295.4,330.6,511.93
1,284.73,84.2,344.47
1,429.8,62.867,497
86.333,56.467,177,161
12.733,153.53,73.533,213.27
1,414.87,101.27,511.93
253.8,225,309.27,322.07
134.33,353,215.4,486.33
1,211.13,167.4,325.27
24.467,380.73,121.53,442.6
26.6,233.53,138.6,282.6
134.33,395.67,219.67,511.93
100.2,171.67,194.07,271.93
20.2,54.333,101.27,146.07
65,347.67,222.87,511.93
10.6,297.53,156.73,391.4
278.33,150.33,319.93,214.33
86.333,66.067,142.87,177
126.87,97,211.13,290.07
250.6,359.4,296.47,511.93
54.333,214.33,213.27,383.93
251.67,138.6,339.13,511.93
74.6,295.4,212.2,382.87
236.73,317.8,322.07,511.93
273,151.4,339.13,437.27
1,49,141.8,164.2
126.87,204.73,179.13,280.47
1,226.07,148.2,338.07
294.33,68.2,339.13,286.87
91.667,214.33,200.47,299.67
1,326.33,70.333,375.4
81,356.2,122.6,398.87
133.27,183.4,211.13,301.8
70.333,274.07,216.47,331.67
1,188.73,148.2,398.87
19.133,456.47,62.867,497
62.867,36.2,170.6,115.13
69.267,283.67,156.73,365.8
1,318.87,193,446.87
82.067,1,339.13,63.933
71.4,40.467,138.6,119.4
165.27,332.73,241,388.2
1,205.8,148.2,325.27
26.6,228.2,148.2,325.27
74.6,276.2,212.2,382.87
1,65,42.6,142.87
258.07,1,339.13,78.867
1,41.533,89.533,132.2
71.4,273,181.27,323.13
179.13,433,223.93,511.93
275.13,205.8,339.13,356.2
262.33,274.07,332.73,398.87
83.133,415.93,162.07,511.93
298.6,151.4,339.13,360.47
165.27,329.53,244.2,388.2
156.73,49,228.2,151.4
10.6,297.53,156.73,382.87
110.87,39.4,170.6,88.467
133.27,438.33,201.53,478.87
25.533,221.8,216.47,331.67
156.73,390.33,221.8,487.4
220.73,33,297.53,511.93
119.4,411.67,170.6,490.6
43.667,388.2,104.47,437.27
1,306.07,79.933,408.47
67.133,87.4,212.2,252.73
205.8,374.33,248.47,511.93
149.27,274.07,216.47,331.67
1,22.333,121.53,130.07
50.067,395.67,110.87,442.6
67.133,156.73,110.87,214.33
1,110.87,113,200.47
1,382.87,49,485.27
202.6,396.73,243.13,511.93
238.87,31.933,339.13,124.73
100.2,371.13,185.53,436.2
265.53,177,339.13,511.93
83.133,447.93,162.07,511.93
126.87,183.4,211.13,301.8
113,35.133,223.93,191.93
121.53,204.73,179.13,280.47
287.93,419.13,339.13,511.93
148.2,273,229.27,331.67
26.6,248.47,148.2,329.53
155.67,66.067,223.93,183.4
56.467,229.27,138.6,274.07
1,121.53,95.933,229.27
187.67,247.4,239.93,327.4
295.4,17,339.13,63.933
219.67,359.4,260.2,511.93
91.667,276.2,204.73,325.27
120.47,193,193,289
120.47,97,215.4,289
187.67,247.4,239.93,310.33
1,66.067,142.87,183.4
151.4,193,209,281.53
1,329.53,75.667,375.4
156.73,441.53,222.87,511.93
134.33,413.8,219.67,511.93
1,233.53,120.47,398.87
94.867,110.87,152.47,159.93
85.267,149.27,223.93,282.6
213.27,31.933,280.47,253.8
123.67,438.33,221.8,511.93
1,233.53,53.267,291.13
1,40.467,141.8,164.2
1,426.6,86.333,498.07
1,145,46.867,217.53
100.2,149.27,209,282.6
141.8,117.27,183.4,175.93
155.67,49,223.93,183.4
1,329.53,75.667,428.73
283.67,343.4,339.13,436.2
237.8,232.47,297.53,444.73
154.6,315.67,233.53,381.8
271.93,146.07,324.2,214.33
277.27,1,339.13,78.867
1,41.533,104.47,132.2
40.467,385,130.07,433
1,290.07,49,378.6
1,291.13,177,437.27
51.133,333.8,106.6,382.87
257,378.6,339.13,511.93
126.87,186.6,168.47,252.73
286.87,435.13,339.13,511.93
67.133,135.4,178.07,228.2
159.93,330.6,217.53,378.6
161,395.67,215.4,486.33
100.2,184.47,180.2,280.47
65,347.67,118.33,397.8
24.467,380.73,121.53,439.4
286.87,461.8,339.13,511.93
135.4,110.87,193,175.93
69.267,295.4,156.73,365.8
90.6,51.133,171.67,164.2
290.07,403.13,339.13,456.47
83.133,437.27,131.13,511.93
67.133,156.73,178.07,228.2
1,39.4,177,161
91.667,398.87,140.73,439.4
50.067,398.87,110.87,442.6
260.2,142.87,323.13,241
1,326.33,58.6,377.53
110.87,50.067,177,161
136.47,396.73,206.87,445.8
39.4,423.4,90.6,469.27
101.27,194.07,159.93,252.73
134.33,203.67,239.93,327.4
156.73,465,222.87,511.93
1,1,339.13,97
26.6,255.93,216.47,331.67
1,470.33,66.067,511.93
193,371.13,250.6,446.87
1,1,172.73,63.933
9.5333,326.33,58.6,377.53
124.73,465,203.67,511.93
1,61.8,83.133,161
1,466.07,81,511.93
76.733,428.73,135.4,511.93
283.67,193,339.13,511.93
268.73,51.133,339.13,163.13
1,349.8,56.467,408.47
82.067,1,339.13,49
1,446.87,43.667,498.07
254.87,193,339.13,511.93
205.8,374.33,248.47,421.27
141.8,465,203.67,511.93
1,211.13,151.4,277.27
140.73,439.4,222.87,511.93
1,110.87,162.07,200.47
134.33,203.67,211.13,311.4
268.73,43.667,339.13,214.33
213.27,79.933,259.13,511.93
100.2,184.47,193,280.47
254.87,34.067,309.27,165.27
71.4,35.133,233.53,119.4
39.4,413.8,111.93,477.8
126.87,149.27,209,268.73
1,19.133,168.47,78.867
71.4,51.133,127.93,119.4
140.73,422.33,222.87,511.93
100.2,359.4,185.53,436.2
9.5333,59.667,78.867,114.07
47.933,333.8,106.6,389.27
156.73,394.6,220.73,435.13
135.4,81,183.4,162.07
25.533,265.53,163.13,338.07
273,195.13,339.13,437.27
1,19.133,121.53,78.867
1,226.07,45.8,282.6
25.533,19.133,121.53,67.133
275.13,205.8,339.13,436.2
85.267,184.47,180.2,229.27
164.2,145,210.07,274.07
1,110.87,180.2,212.2
164.2,165.27,245.27,376.47
99.133,411.67,177,511.93
1,40.467,141.8,175.93
242.07,31.933,339.13,511.93
1,269.8,84.2,379.67
198.33,356.2,248.47,402.07
164.2,193,206.87,274.07
283.67,337,339.13,437.27
111.93,379.67,217.53,425.53
46.867,126.87,113,181.27
156.73,453.27,222.87,511.93
283.67,193,339.13,500.2
1,382.87,43.667,434.07
78.867,49,141.8,117.27
1,229.27,76.733,287.93
43.667,376.47,85.267,437.27
49,234.6,157.8,310.33
1,110.87,129,212.2
250.6,195.13,339.13,511.93
70.333,313.53,244.2,399.93
141.8,117.27,193,175.93
103.4,350.87,248.47,436.2
135.4,97,215.4,217.53
63.933,347.67,122.6,398.87
1,41.533,134.33,132.2
76.733,411.67,199.4,511.93
1,431.93,62.867,497
136.47,371.13,219.67,445.8
26.6,248.47,125.8,325.27
34.067,431.93,98.067,489.53
218.6,34.067,289,486.33
1,324.2,75.667,379.67
135.4,117.27,190.87,175.93
277.27,1,339.13,45.8
9.5333,154.6,77.8,229.27
124.73,141.8,193,194.07
81,396.73,222.87,511.93
69.267,295.4,133.27,338.07
111.93,455.4,162.07,511.93
153.53,77.8,222.87,124.73
171.67,330.6,238.87,377.53
90.6,56.467,153.53,159.93
295.4,9.5333,339.13,63.933
104.47,295.4,157.8,338.07
24.467,347.67,130.07,446.87
106.6,332.73,156.73,382.87
268.73,376.47,319.93,504.47
1,120.47,118.33,212.2
45.8,61.8,86.333,130.07
200.47,170.6,260.2,511.93
119.4,411.67,197.27,463.93
87.4,332.73,156.73,382.87
83.133,415.93,158.87,511.93
141.8,433,222.87,511.93
164.2,145,239.93,327.4
134.33,86.333,194.07,175.93
253.8,139.67,318.87,319.93
136.47,379.67,219.67,420.2
109.8,371.13,185.53,436.2
31.933,153.53,73.533,213.27
92.733,51.133,195.13,135.4
94.867,413.8,193,454.33
1,226.07,163.13,338.07
1,61.8,121.53,180.2
86.333,321,156.73,365.8
135.4,101.27,181.27,166.33
1,427.67,87.4,511.93
1,226.07,49,271.93
104.47,295.4,244.2,382.87
1,50.067,195.13,166.33
134.33,214.33,184.47,281.53
156.73,49,228.2,206.87
253.8,139.67,334.87,319.93
83.133,433,131.13,501.27
259.13,49,339.13,163.13
159.93,330.6,206.87,383.93
289,177,339.13,359.4
1,168.47,54.333,229.27
218.6,34.067,274.07,221.8
60.733,411.67,170.6,511.93
255.93,33,339.13,187.67
24.467,376.47,130.07,446.87
6.3333,110.87,55.4,163.13
198.33,332.73,244.2,376.47
110.87,141.8,180.2,189.8
1,248.47,68.2,324.2
280.47,389.27,339.13,511.93
219.67,49,274.07,221.8
1,1,185.53,52.2
164.2,193,206.87,249.53
238.87,31.933,339.13,130.07
70.333,315.67,156.73,383.93
264.47,396.73,313.53,491.67
1,452.2,71.4,511.93
149.27,274.07,202.6,314.6
1,319.93,81,378.6
1,226.07,163.13,382.87
78.867,301.8,156.73,382.87
114.07,340.2,156.73,382.87
140.73,441.53,222.87,511.93
148.2,145,244.2,383.93
164.2,331.67,216.47,376.47
1,121.53,78.867,164.2
1,211.13,140.73,277.27
40.467,372.2,108.73,422.33
71.4,273,216.47,348.73
289,226.07,339.13,308.2
1,19.133,121.53,71.4
1,139.67,46.867,217.53
280.47,403.13,339.13,511.93
251.67,138.6,324.2,275.13
24.467,387.13,111.93,442.6
275.13,205.8,334.87,339.13
90.6,51.133,222.87,181.27
1,35.133,84.2,78.867
94.867,119.4,142.87,181.27
237.8,212.2,289,458.6
40.467,372.2,108.73,439.4
269.8,151.4,339.13,511.93
24.467,387.13,111.93,439.4
1,427.67,45.8,511.93
1,78.867,51.133,143.93
158.87,323.13,212.2,372.2
1,420.2,49,492.73
99.133,51.133,194.07,157.8
254.87,274.07,339.13,511.93
1,6.3333,121.53,97
243.13,95.933,286.87,239.93
120.47,193,200.47,289
1,83.133,88.467,156.73
238.87,31.933,286.87,239.93
101.27,455.4,162.07,511.93
275.13,205.8,339.13,511.93
164.2,145,209,274.07
273,195.13,334.87,308.2
278.33,286.87,339.13,437.27
38.333,426.6,86.333,487.4
74.6,295.4,212.2,372.2
1,326.33,75.667,377.53
132.2,101.27,177,161
1,306.07,45.8,380.73
243.13,95.933,294.33,331.67
163.13,374.33,248.47,436.2
60.733,434.07,117.27,511.93
110.87,56.467,153.53,127.93
135.4,97,209,217.53
289,225,339.13,359.4
52.2,221.8,138.6,270.87
156.73,396.73,222.87,511.93
1,306.07,75.667,375.4
1,319.93,49,378.6
78.867,41.533,141.8,117.27
156.73,47.933,223.93,148.2
91.667,214.33,206.87,299.67
133.27,147.13,209,247.4
31.933,331.67,120.47,398.87
187.67,247.4,239.93,301.8
134.33,413.8,193,462.87
1,290.07,120.47,398.87
237.8,212.2,281.53,351.93
1,1,46.867,63.933
8.4667,41.533,87.4,118.33
254.87,274.07,339.13,404.2
1,427.67,45.8,497
156.73,390.33,220.73,435.13
139.67,183.4,209,276.2
259.13,106.6,339.13,163.13
1,346.6,79.933,408.47
1,1,41.533,52.2
231.4,232.47,297.53,444.73
92.733,51.133,172.73,135.4
169.53,66.067,223.93,146.07
25.533,265.53,140.73,314.6
26.6,233.53,122.6,282.6
9.5333,291.13,177,408.47
132.2,309.27,203.67,381.8
1,395.67,110.87,511.93
35.133,67.133,86.333,137.53
282.6,7.4,339.13,49
45.8,57.533,145,152.47
90.6,412.73,169.53,501.27
1,358.33,56.467,408.47
100.2,410.6,148.2,460.73
60.733,396.73,102.33,502.33
31.933,331.67,106.6,382.87
1,380.73,57.533,483.13
249.53,36.2,339.13,163.13
251.67,146.07,293.27,281.53
179.13,47.933,223.93,97
141.8,447.93,222.87,511.93
253.8,317.8,322.07,436.2
91.667,39.4,170.6,88.467
93.8,138.6,193,183.4
294.33,68.2,339.13,238.87
1,380.73,72.467,446.87
283.67,204.73,329.53,291.13
1,83.133,51.133,156.73
148.2,365.8,215.4,486.33
67.133,156.73,194.07,252.73
295.4,7.4,339.13,63.933
151.4,193,193,281.53
103.4,362.6,212.2,425.53
126.87,171.67,194.07,271.93
22.333,300.73,116.2,371.13
1,462.87,66.067,511.93
71.4,147.13,194.07,271.93
139.67,183.4,211.13,301.8
82.067,39.4,170.6,88.467
67.133,156.73,157.8,243.13
1,71.4,56.467,161
283.67,202.6,339.13,291.13
1,381.8,57.533,450.07
1,382.87,56.467,492.73
1,81,42.6,142.87
53.267,273,181.27,323.13
74.6,327.4,156.73,383.93
119.4,411.67,177,463.93
1,61.8,77.8,161
255.93,33,339.13,156.73
71.4,54.333,127.93,119.4
69.267,295.4,156.73,383.93
1,229.27,76.733,303.93
81,409.53,199.4,511.93
9.5333,291.13,116.2,371.13
26.6,314.6,116.2,371.13
1,351.93,177,412.73
70.333,313.53,157.8,383.93
60.733,428.73,135.4,511.93
93.8,133.27,162.07,178.07
214.33,34.067,257,223.93
1,136.47,118.33,212.2
113,39.4,220.73,131.13
26.6,228.2,157.8,325.27
100.2,410.6,169.53,460.73
1,395.67,102.33,511.93
53.267,57.533,107.67,109.8
25.533,20.2,121.53,67.133
104.47,295.4,187.67,356.2
111.93,455.4,162.07,497
76.733,411.67,170.6,511.93
99.133,340.2,156.73,383.93
260.2,50.067,303.93,165.27
231.4,225,309.27,444.73
35.133,67.133,76.733,137.53
24.467,387.13,121.53,439.4
79.933,394.6,183.4,441.53
54.333,109.8,97,175.93
126.87,186.6,168.47,271.93
1,145,41.533,222.87
135.4,117.27,181.27,166.33
134.33,86.333,206.87,175.93
1,99.133,120.47,181.27
53.267,292.2,156.73,365.8
135.4,117.27,193,194.07
45.8,75.667,93.8,146.07
83.133,431.93,141.8,511.93
280.47,454.33,339.13,511.93
9.5333,291.13,87.4,345.53
100.2,206.87,153.53,249.53
156.73,396.73,206.87,438.33
294.33,454.33,339.13,494.87
250.6,359.4,293.27,499.13
1,83.133,100.2,156.73
254.87,307.13,295.4,356.2
223.93,396.73,284.73,511.93
1,22.333,121.53,97
1,319.93,122.6,398.87
116.2,469.27,166.33,511.93
69.267,284.73,156.73,365.8
95.933,326.33,244.2,399.93
141.8,396.73,222.87,511.93
91.667,455.4,147.13,511.93
150.33,51.133,222.87,124.73
164.2,149.27,209,249.53
110.87,47.933,223.93,162.07
71.4,113,121.53,180.2
76.733,49,141.8,117.27
74.6,295.4,157.8,362.6
26.6,255.93,125.8,302.87
1,19.133,174.87,78.867
24.467,340.2,193,446.87
1,61.8,83.133,164.2
72.467,340.2,127.93,380.73
51.133,427.67,98.067,477.8
156.73,52.2,223.93,151.4
133.27,194.07,200.47,282.6
1,212.2,105.53,268.73
99.133,76.733,152.47,145
156.73,431.93,222.87,511.93
257,424.47,298.6,511.93
266.6,274.07,332.73,398.87
213.27,35.133,263.4,253.8
207.93,257,248.47,375.4
121.53,194.07,200.47,282.6
70.333,314.6,156.73,365.8
254.87,34.067,309.27,102.33
1,1,172.73,78.867
69.267,359.4,169.53,408.47
110.87,56.467,183.4,162.07
237.8,212.2,289,486.33
1,426.6,87.4,511.93
254.87,295.4,319.93,511.93
44.733,54.333,101.27,130.07
294.33,95.933,339.13,146.07
159.93,323.13,244.2,383.93
1,1,41.533,63.933
24.467,340.2,130.07,446.87
94.867,119.4,142.87,159.93
40.467,259.13,148.2,308.2
10.6,329.53,75.667,374.33
9.5333,155.67,77.8,229.27
40.467,356.2,108.73,439.4
165.27,87.4,212.2,211.13
92.733,51.133,222.87,135.4
255.93,58.6,317.8,156.73
39.4,331.67,106.6,389.27
119.4,412.73,169.53,460.73
121.53,186.6,179.13,280.47
6.3333,329.53,75.667,375.4
262.33,274.07,339.13,404.2
164.2,331.67,215.4,372.2
26.6,228.2,110.87,325.27
1,56.467,43.667,132.2
218.6,1,303.93,82.067
1,319.93,67.133,378.6
260.2,93.8,339.13,241
11.667,431.93,62.867,497
83.133,409.53,199.4,511.93
92.733,51.133,222.87,175.93
60.733,431.93,166.33,511.93
49,234.6,157.8,324.2
51.133,427.67,98.067,469.27
1,381.8,110.87,497
22.333,300.73,87.4,345.53
43.667,388.2,135.4,437.27
250.6,221.8,315.67,511.93
24.467,385,130.07,446.87
70.333,282.6,162.07,331.67
266.6,329.53,324.2,398.87
148.2,273,216.47,331.67
120.47,56.467,177,161
1,78.867,55.4,143.93
1,233.53,84.2,377.53
167.4,145,209,211.13
122.6,351.93,177,397.8
1,419.13,101.27,511.93
286.87,455.4,339.13,511.93
254.87,34.067,323.13,241
198.33,331.67,244.2,376.47
104.47,295.4,156.73,338.07
10.6,311.4,126.87,379.67
55.4,127.93,113,181.27
124.73,438.33,201.53,478.87
134.33,86.333,183.4,175.93
1,210.07,110.87,282.6
39.4,398.87,111.93,477.8
119.4,28.733,177,76.733
254.87,34.067,309.27,124.73
255.93,36.2,322.07,156.73
1,306.07,49,380.73
126.87,185.53,177,252.73
83.133,433,141.8,501.27
163.13,394.6,220.73,436.2
22.333,423.4,90.6,495.93
251.67,146.07,324.2,275.13
70.333,315.67,127.93,356.2
136.47,379.67,220.73,445.8
226.07,1,339.13,57.533
1,380.73,57.533,442.6
163.13,394.6,218.6,436.2
1,382.87,45.8,428.73
273,191.93,339.13,291.13
174.87,330.6,238.87,377.53
4.2,143.93,147.13,232.47
269.8,139.67,318.87,207.93
1,229.27,49,271.93
83.133,295.4,216.47,348.73
250.6,359.4,313.53,511.93
34.067,276.2,163.13,324.2
54.333,109.8,120.47,181.27
109.8,365.8,209,425.53
148.2,273,244.2,383.93
5.2667,148.2,159.93,228.2
40.467,367.93,108.73,439.4
39.4,423.4,98.067,477.8
39.4,419.13,101.27,474.6
249.53,31.933,293.27,281.53
44.733,65,113,146.07
121.53,50.067,181.27,166.33
29.8,462.87,90.6,504.47
1,211.13,85.267,257
109.8,371.13,171.67,425.53
71.4,55.4,113,119.4
86.333,326.33,156.73,382.87
39.4,331.67,120.47,398.87
253.8,33,339.13,322.07
1,420.2,49,485.27
63.933,282.6,162.07,338.07
179.13,49,220.73,131.13
28.733,98.067,83.133,154.6
1,233.53,53.267,315.67
268.73,93.8,339.13,165.27
29.8,54.333,127.93,146.07
1,330.6,49,380.73
259.13,36.2,339.13,163.13
269.8,175.93,339.13,511.93
100.2,186.6,168.47,271.93
122.6,87.4,212.2,211.13
149.27,171.67,194.07,226.07
39.4,423.4,90.6,477.8
269.8,175.93,339.13,478.87
44.733,55.4,113,146.07
179.13,433,222.87,486.33
9.5333,291.13,169.53,408.47
51.133,333.8,106.6,389.27
255.93,93.8,317.8,156.73
179.13,47.933,223.93,131.13
251.67,146.07,293.27,275.13
252.73,221.8,294.33,331.67
26.6,234.6,148.2,325.27
4.2,326.33,58.6,375.4
1,306.07,106.6,382.87
293.27,98.067,339.13,199.4
92.733,71.4,145,135.4
62.867,41.533,161,115.13
77.8,433,141.8,511.93
83.133,433,134.33,501.27
1,65,76.733,142.87
90.6,457.53,162.07,501.27
1,269.8,84.2,344.47
74.6,321,116.2,362.6
218.6,34.067,274.07,220.73
124.73,141.8,174.87,194.07
253.8,314.6,315.67,371.13
134.33,71.4,206.87,175.93
90.6,51.133,194.07,164.2
25.533,265.53,163.13,324.2
268.73,49,317.8,101.27
179.13,47.933,223.93,117.27
98.067,351.93,177,408.47
67.133,156.73,152.47,227.13
119.4,411.67,222.87,511.93
99.133,56.467,152.47,154.6
254.87,34.067,339.13,286.87
169.53,247.4,211.13,311.4
1,233.53,53.267,293.27
25.533,265.53,92.733,314.6
71.4,156.73,148.2,228.2
90.6,51.133,194.07,180.2
100.2,186.6,168.47,247.4
67.133,156.73,152.47,228.2
34.067,425.53,98.067,489.53
283.67,36.2,339.13,115.13
1,233.53,53.267,281.53
135.4,121.53,193,194.07
1,326.33,75.667,379.67
115.13,53.267,155.67,108.73
148.2,50.067,194.07,98.067
69.267,342.33,169.53,408.47
148.2,47.933,223.93,134.33
77.8,412.73,169.53,511.93
99.133,56.467,152.47,157.8
119.4,411.67,197.27,469.27
1,326.33,70.333,377.53
29.8,51.133,206.87,180.2
98.067,359.4,169.53,408.47
1,23.4,121.53,71.4
161,396.73,220.73,445.8
266.6,329.53,318.87,398.87
1,381.8,57.533,444.73
142.87,141.8,193,194.07
268.73,376.47,319.93,438.33
135.4,81,179.13,161
132.2,71.4,206.87,178.07
121.53,50.067,172.73,127.93
70.333,282.6,162.07,323.13
149.27,274.07,216.47,327.4
34.067,279.4,92.733,324.2
38.333,221.8,140.73,277.27
121.53,50.067,172.73,93.8
126.87,184.47,194.07,268.73
126.87,185.53,177,268.73
51.133,66.067,123.67,154.6
26.6,266.6,101.27,325.27
249.53,31.933,339.13,281.53
266.6,295.4,319.93,434.07
17,136.47,118.33,183.4
251.67,142.87,293.27,281.53
156.73,47.933,223.93,134.33
46.867,83.133,88.467,156.73
141.8,453.27,222.87,511.93
269.8,286.87,339.13,478.87
134.33,214.33,200.47,285.8
266.6,354.07,318.87,398.87
170.6,277.27,244.2,330.6
237.8,232.47,298.6,511.93
76.733,41.533,131.13,87.4
273,147.13,323.13,237.8
177,315.67,252.73,419.13
252.73,221.8,294.33,317.8
165.27,203.67,206.87,248.47
269.8,378.6,317.8,478.87
111.93,56.467,153.53,130.07
179.13,49,228.2,146.07
243.13,95.933,286.87,156.73
1,380.73,57.533,424.47
254.87,34.067,309.27,87.4
83.133,431.93,166.33,511.93
44.733,54.333,127.93,146.07
269.8,378.6,339.13,511.93
28.733,61.8,86.333,154.6
1,429.8,47.933,497
99.133,56.467,152.47,145
100.2,194.07,200.47,282.6
51.133,50.067,181.27,166.33
111.93,50.067,181.27,166.33
159.93,326.33,217.53,378.6
1,430.87,45.8,498.07
1,430.87,45.8,483.13
1,83.133,51.133,143.93
90.6,457.53,131.13,501.27
218.6,34.067,294.33,82.067
63.933,282.6,162.07,323.13
4.2,326.33,58.6,377.53
62.867,41.533,131.13,115.13
173.8,274.07,216.47,327.4
39.4,425.53,90.6,474.6
178.07,329.53,244.2,377.53
122.6,134.33,178.07,190.87
90.6,71.4,145,164.2
289,106.6,339.13,163.13
292.2,454.33,339.13,511.93
19.133,431.93,62.867,497
172.73,330.6,217.53,378.6
12.733,154.6,68.2,213.27
138.6,204.73,179.13,280.47
44.733,437.27,86.333,487.4
251.67,207.93,293.27,275.13
215.4,35.133,263.4,253.8
283.67,204.73,339.13,369
79.933,234.6,157.8,282.6
1,415.93,45.8,483.13
239.93,34.067,294.33,82.067
234.6,1,303.93,52.2
253.8,225,309.27,319.93
29.8,51.133,194.07,180.2
266.6,295.4,314.6,396.73
251.67,11.667,303.93,52.2
287.93,98.067,339.13,199.4
1,65,49,142.87
263.4,139.67,318.87,231.4
26.6,228.2,132.2,325.27
54.333,292.2,95.933,338.07
57.533,66.067,123.67,154.6
263.4,98.067,339.13,231.4
141.8,447.93,199.4,490.6
253.8,139.67,334.87,322.07
141.8,122.6,183.4,175.93
28.733,61.8,121.53,180.2
134.33,214.33,211.13,311.4
26.6,228.2,110.87,283.67
134.33,101.27,183.4,175.93
90.6,433,131.13,501.27
283.67,193,339.13,369
27.667,245.27,148.2,294.33
1,330.6,45.8,380.73
259.13,106.6,335.93,158.87
104.47,295.4,187.67,341.27
165.27,87.4,212.2,164.2
115.13,51.133,171.67,108.73
90.6,457.53,141.8,501.27
268.73,49,317.8,132.2
1,452.2,62.867,503.4
39.4,425.53,98.067,474.6
6.3333,121.53,83.133,164.2
283.67,204.73,326.33,316.73
266.6,295.4,319.93,473.53
275.13,274.07,332.73,350.87
150.33,51.133,194.07,92.733
1,330.6,45.8,378.6
275.13,274.07,326.33,330.6
101.27,171.67,194.07,252.73
289,91.667,339.13,163.13
6.3333,102.33,83.133,164.2
271.93,146.07,319.93,214.33
133.27,53.267,194.07,125.8
4.2,326.33,70.333,375.4
38.333,444.73,86.333,487.4
122.6,117.27,193,190.87
255.93,58.6,307.13,156.73
132.2,117.27,180.2,178.07
152.47,69.267,194.07,125.8
273,139.67,319.93,214.33
19.133,447.93,62.867,497
9.5333,168.47,54.333,217.53
251.67,193,293.27,275.13
26.6,232.47,110.87,283.67
34.067,155.67,77.8,229.27
58.6,65,113,146.07
91.667,71.4,145,159.93
268.73,51.133,339.13,214.33
