1,1,248.47,511.93
217.53,118.33,383.93,511.93
203.67,1,383.93,511.93
1,1,220.73,511.93
243.13,18.067,328.47,101.27
275.13,326.33,383.93,511.93
1,300.73,175.93,501.27
209,1,383.93,511.93
203.67,1,270.87,491.67
39.4,127.93,218.6,419.13
1,1,223.93,511.93
1,1,383.93,511.93
236.73,426.6,291.13,511.93
175.93,1,383.93,511.93
201.53,1,383.93,511.93
175.93,1,259.13,511.93
215.4,1,383.93,511.93
201.53,1,383.93,347.67
149.27,348.73,220.73,427.67
231.4,174.87,293.27,457.53
23.4,1,217.53,228.2
214.33,1,383.93,511.93
14.867,177,221.8,497
45.8,152.47,218.6,394.6
122.6,248.47,218.6,367.93
121.53,152.47,218.6,367.93
231.4,83.133,383.93,511.93
30.867,1,217.53,212.2
247.4,67.133,310.33,175.93
177,1,383.93,511.93
308.2,38.333,383.93,373.27
1,1,162.07,484.2
1,1,219.67,511.93
40.467,313.53,210.07,439.4
50.067,12.733,126.87,136.47
1,314.6,323.13,511.93
1,1,222.87,511.93
217.53,305,383.93,511.93
1,1,118.33,483.13
1,314.6,220.73,511.93
103.4,166.33,212.2,337
293.27,279.4,342.33,345.53
244.2,1,374.33,145
1,331.67,223.93,511.93
286.87,223.93,344.47,367.93
236.73,394.6,383.93,511.93
40.467,188.73,180.2,401
229.27,1,383.93,511.93
275.13,17,331.67,161
1,314.6,223.93,511.93
1,1,114.07,484.2
228.2,1,383.93,511.93
217.53,118.33,324.2,511.93
1,177,223.93,511.93
241,222.87,301.8,340.2
116.2,451.13,218.6,511.93
1,1,218.6,471.4
6.3333,166.33,248.47,511.93
232.47,1,374.33,145
285.8,387.13,383.93,511.93
1,1,217.53,212.2
1,1,323.13,511.93
260.2,1,312.47,66.067
289,1,383.93,426.6
231.4,110.87,383.93,511.93
174.87,1,383.93,511.93
1,1,126.87,485.27
285.8,291.13,383.93,511.93
231.4,1,364.73,511.93
228.2,77.8,340.2,454.33
1,7.4,98.067,483.13
236.73,219.67,383.93,511.93
175.93,1,254.87,511.93
231.4,110.87,332.73,493.8
116.2,406.33,219.67,511.93
6.3333,166.33,218.6,498.07
103.4,166.33,193,343.4
243.13,1,367.93,114.07
45.8,113,126.87,391.4
1,1,218.6,498.07
148.2,103.4,196.2,164.2
1,152.47,220.73,511.93
236.73,390.33,383.93,511.93
12.733,1,218.6,239.93
53.267,187.67,217.53,375.4
23.4,1,218.6,228.2
30.867,1,217.53,226.07
232.47,326.33,311.4,495.93
228.2,1,383.93,454.33
40.467,318.87,139.67,440.47
213.27,1,383.93,511.93
174.87,278.33,218.6,378.6
62.867,388.2,123.67,437.27
88.467,407.4,323.13,511.93
263.4,58.6,383.93,511.93
232.47,118.33,324.2,495.93
30.867,1,218.6,264.47
251.67,1,383.93,126.87
45.8,127.93,180.2,378.6
45.8,166.33,164.2,394.6
15.933,313.53,190.87,476.73
1,1,104.47,483.13
229.27,1,383.93,145
215.4,1,383.93,412.73
232.47,9.5333,294.33,116.2
103.4,166.33,162.07,237.8
150.33,159.93,218.6,264.47
1,60.733,223.93,511.93
231.4,174.87,321,511.93
263.4,58.6,383.93,473.53
175.93,250.6,236.73,511.93
6.3333,1,218.6,498.07
154.6,214.33,213.27,329.53
1,151.4,222.87,511.93
45.8,127.93,218.6,378.6
98.067,307.13,217.53,434.07
113,1,217.53,212.2
236.73,327.4,323.13,511.93
1,1,118.33,479.93
115.13,348.73,220.73,485.27
201.53,1,260.2,319.93
308.2,83.133,383.93,263.4
12.733,1,150.33,201.53
30.867,1,217.53,228.2
98.067,254.87,164.2,330.6
236.73,462.87,291.13,511.93
253.8,1,312.47,52.2
1,60.733,111.93,499.13
260.2,110.87,346.6,334.87
217.53,118.33,315.67,511.93
330.6,343.4,383.93,424.47
253.8,1,329.53,59.667
1,166.33,248.47,511.93
235.67,1,364.73,197.27
1,1,217.53,479.93
1,313.53,223.93,511.93
180.2,301.8,236.73,511.93
77.8,1,129,95.933
203.67,190.87,248.47,491.67
293.27,83.133,383.93,466.07
316.73,303.93,371.13,373.27
229.27,1,383.93,140.73
236.73,77.8,332.73,306.07
150.33,121.53,218.6,264.47
1,1,111.93,485.27
54.333,68.2,111.93,204.73
289,219.67,383.93,449
300.73,452.2,383.93,511.93
33,31.933,73.533,105.53
117.27,417,219.67,511.93
236.73,319.93,383.93,511.93
1,1,111.93,479.93
237.8,243.13,293.27,341.27
305,387.13,383.93,511.93
330.6,202.6,381.8,315.67
1,1,217.53,471.4
1,1,113,479.93
12.733,1,218.6,228.2
229.27,1,383.93,338.07
116.2,424.47,219.67,511.93
217.53,118.33,334.87,511.93
7.4,1,217.53,226.07
330.6,363.67,383.93,424.47
231.4,1,383.93,511.93
1,314.6,201.53,498.07
1,331.67,221.8,511.93
53.267,70.333,118.33,188.73
236.73,424.47,323.13,511.93
85.267,107.67,218.6,434.07
78.867,127.93,130.07,302.87
45.8,113,221.8,367.93
116.2,407.4,219.67,511.93
38.333,259.13,82.067,412.73
85.267,187.67,217.53,434.07
116.2,407.4,323.13,511.93
6.3333,343.4,191.93,494.87
115.13,419.13,219.67,511.93
286.87,303.93,383.93,511.93
231.4,242.07,300.73,472.47
1,60.733,98.067,463.93
113,424.47,219.67,511.93
1,1,221.8,367.93
289,25.533,383.93,426.6
234.6,178.07,305,495.93
235.67,1,383.93,331.67
174.87,141.8,248.47,491.67
6.3333,187.67,248.47,511.93
206.87,1,252.73,335.93
231.4,77.8,332.73,454.33
2.0667,429.8,57.533,483.13
121.53,196.2,189.8,315.67
150.33,151.4,218.6,264.47
9.5333,1,78.867,126.87
282.6,1,364.73,75.667
82.067,187.67,133.27,300.73
264.47,1,360.47,66.067
229.27,76.733,344.47,338.07
88.467,410.6,219.67,511.93
234.6,36.2,328.47,114.07
81,299.67,218.6,421.27
1,321,201.53,498.07
8.4667,1,217.53,228.2
263.4,136.47,310.33,209
103.4,141.8,218.6,378.6
30.867,1,127.93,164.2
217.53,1,383.93,511.93
246.33,1,383.93,347.67
217.53,419.13,323.13,511.93
62.867,331.67,220.73,511.93
231.4,242.07,280.47,472.47
247.4,34.067,346.6,225
231.4,110.87,346.6,511.93
135.4,410.6,218.6,485.27
319.93,69.267,383.93,347.67
231.4,242.07,383.93,511.93
246.33,1,383.93,225
1,347.67,49,499.13
101.27,321,201.53,410.6
177,286.87,248.47,511.93
294.33,249.53,334.87,362.6
316.73,1,364.73,54.333
265.53,25.533,321,110.87
121.53,177,221.8,343.4
177,1,252.73,511.93
299.67,135.4,346.6,225
239.93,118.33,309.27,268.73
217.53,393.53,323.13,511.93
285.8,303.93,383.93,511.93
1,314.6,219.67,511.93
271.93,203.67,346.6,334.87
1,1,217.53,463.93
237.8,259.13,293.27,341.27
239.93,118.33,310.33,270.87
330.6,365.8,383.93,424.47
236.73,391.4,323.13,511.93
231.4,259.13,293.27,454.33
231.4,110.87,332.73,511.93
303.93,305,383.93,511.93
1,313.53,221.8,511.93
30.867,1,218.6,228.2
210.07,1,252.73,335.93
117.27,410.6,219.67,511.93
236.73,77.8,340.2,306.07
47.933,223.93,185.53,381.8
121.53,159.93,218.6,318.87
9.5333,1,126.87,391.4
47.933,187.67,185.53,381.8
8.4667,1,180.2,378.6
339.13,467.13,383.93,511.93
40.467,196.2,180.2,401
181.27,295.4,248.47,511.93
1,314.6,217.53,511.93
295.4,332.73,343.4,502.33
242.07,209,293.27,338.07
215.4,1,270.87,365.8
79.933,131.13,134.33,188.73
177,442.6,218.6,483.13
312.47,466.07,383.93,511.93
231.4,201.53,277.27,438.33
87.4,188.73,130.07,287.93
234.6,326.33,311.4,431.93
264.47,1,383.93,145
229.27,1,367.93,114.07
289,339.13,362.6,426.6
334.87,1,383.93,86.333
244.2,1,360.47,86.333
1,107.67,219.67,511.93
88.467,410.6,223.93,511.93
13.8,151.4,222.87,494.87
8.4667,1,130.07,171.67
301.8,325.27,372.2,412.73
46.867,113,126.87,365.8
1,394.6,219.67,511.93
14.867,405.27,86.333,495.93
229.27,1,328.47,114.07
44.733,132.2,113,366.87
81,321,201.53,410.6
1,331.67,220.73,511.93
1,351.93,219.67,511.93
259.13,362.6,324.2,450.07
27.667,446.87,74.6,497
231.4,174.87,301.8,493.8
29.8,314.6,174.87,458.6
55.4,187.67,217.53,367.93
1,300.73,219.67,511.93
314.6,1,383.93,331.67
1,331.67,219.67,511.93
236.73,414.87,383.93,511.93
13.8,399.93,105.53,494.87
244.2,1,383.93,145
305,25.533,383.93,331.67
321,133.27,383.93,331.67
27.667,351.93,219.67,511.93
231.4,110.87,331.67,493.8
1,314.6,174.87,495.93
217.53,118.33,340.2,511.93
215.4,1,260.2,319.93
315.67,394.6,383.93,461.8
53.267,187.67,218.6,375.4
85.267,254.87,164.2,330.6
293.27,202.6,383.93,466.07
234.6,299.67,302.87,454.33
103.4,166.33,162.07,252.73
1,351.93,44.733,483.13
121.53,159.93,221.8,343.4
13.8,187.67,222.87,494.87
1,347.67,111.93,499.13
337,466.07,383.93,511.93
14.867,317.8,210.07,495.93
155.67,198.33,218.6,254.87
103.4,166.33,189.8,314.6
53.267,187.67,248.47,511.93
1,7.4,98.067,463.93
247.4,67.133,346.6,225
328.47,1,383.93,86.333
53.267,63.933,130.07,171.67
231.4,309.27,280.47,435.13
268.73,414.87,383.93,511.93
7.4,1,130.07,169.53
45.8,211.13,168.47,378.6
61.8,196.2,164.2,367.93
234.6,1,328.47,114.07
88.467,410.6,218.6,511.93
45.8,127.93,168.47,378.6
87.4,1,216.47,109.8
281.53,1,364.73,84.2
332.73,319.93,383.93,449
14.867,317.8,210.07,497
1,1,98.067,483.13
294.33,366.87,383.93,511.93
53.267,62.867,130.07,169.53
1,132.2,113,479.93
40.467,177,221.8,401
340.2,319.93,383.93,511.93
172.73,217.53,218.6,305
78.867,15.933,185.53,269.8
232.47,1,383.93,145
312.47,28.733,377.53,126.87
110.87,1,217.53,212.2
186.6,295.4,248.47,511.93
30.867,1,130.07,164.2
265.53,25.533,330.6,140.73
1,255.93,219.67,511.93
163.13,141.8,218.6,378.6
215.4,1,270.87,302.87
23.4,15.933,73.533,105.53
113,15.933,185.53,212.2
1,395.67,155.67,511.93
330.6,202.6,381.8,331.67
1,1,114.07,483.13
45.8,159.93,221.8,367.93
44.733,70.333,118.33,366.87
1,1,217.53,153.53
286.87,421.27,374.33,511.93
234.6,326.33,297.53,431.93
147.13,1,217.53,132.2
316.73,303.93,383.93,405.27
229.27,126.87,300.73,219.67
6.3333,399.93,86.333,494.87
250.6,347.67,314.6,511.93
148.2,59.667,216.47,228.2
77.8,113,129,220.73
47.933,187.67,222.87,394.6
229.27,76.733,344.47,511.93
312.47,322.07,383.93,511.93
62.867,355.13,147.13,437.27
305,441.53,383.93,511.93
174.87,141.8,218.6,378.6
6.3333,299.67,218.6,498.07
275.13,1,364.73,175.93
214.33,1,364.73,511.93
242.07,118.33,309.27,321
113,418.07,219.67,511.93
260.2,110.87,325.27,242.07
294.33,326.33,383.93,511.93
78.867,127.93,134.33,302.87
243.13,1,351.93,101.27
339.13,322.07,383.93,489.53
232.47,222.87,315.67,500.2
232.47,222.87,315.67,495.93
13.8,301.8,221.8,494.87
78.867,101.27,130.07,269.8
45.8,188.73,180.2,367.93
248.47,426.6,290.07,491.67
1,259.13,111.93,499.13
45.8,188.73,180.2,378.6
234.6,178.07,324.2,495.93
234.6,222.87,302.87,454.33
1,1,217.53,269.8
148.2,451.13,218.6,511.93
265.53,25.533,321,123.67
47.933,187.67,222.87,381.8
115.13,331.67,220.73,511.93
174.87,1,270.87,491.67
120.47,429.8,219.67,511.93
117.27,433,219.67,511.93
249.53,370.07,300.73,435.13
235.67,67.133,303.93,185.53
231.4,420.2,276.2,511.93
232.47,118.33,315.67,500.2
121.53,177,216.47,318.87
1,314.6,174.87,502.33
104.47,166.33,153.53,218.6
330.6,326.33,383.93,424.47
1,314.6,174.87,483.13
265.53,25.533,330.6,161
14.867,393.53,111.93,497
145,212.2,189.8,314.6
6.3333,343.4,188.73,494.87
209,1,270.87,359.4
289,219.67,372.2,425.53
231.4,58.6,383.93,473.53
243.13,57.533,294.33,116.2
214.33,1,312.47,407.4
82.067,213.27,133.27,300.73
1,1,86.333,97
228.2,280.47,324.2,454.33
317.8,339.13,362.6,412.73
312.47,305,383.93,511.93
241,222.87,289,340.2
250.6,252.73,321,511.93
87.4,214.33,130.07,287.93
202.6,1,254.87,343.4
236.73,385,339.13,511.93
40.467,300.73,175.93,440.47
229.27,76.733,383.93,511.93
1,1,111.93,204.73
262.33,347.67,314.6,511.93
220.73,1,270.87,359.4
246.33,67.133,310.33,175.93
77.8,113,126.87,220.73
263.4,110.87,319.93,226.07
29.8,255.93,139.67,440.47
12.733,1,130.07,169.53
87.4,214.33,134.33,287.93
180.2,250.6,236.73,511.93
1,440.47,42.6,495.93
155.67,152.47,218.6,268.73
231.4,242.07,329.53,511.93
238.87,259.13,293.27,338.07
257,412.73,297.53,493.8
1,1,75.667,115.13
102.33,152.47,218.6,367.93
86.333,1,129,97
228.2,243.13,324.2,454.33
229.27,76.733,342.33,219.67
90.6,331.67,220.73,511.93
277.27,197.27,324.2,418.07
113,1,216.47,109.8
1,367.93,44.733,485.27
120.47,418.07,219.67,511.93
308.2,38.333,383.93,413.8
1,1,98.067,479.93
215.4,1,260.2,409.53
94.867,313.53,175.93,367.93
310.33,1,364.73,54.333
12.733,1,57.533,71.4
301.8,69.267,383.93,412.73
315.67,444.73,369,511.93
81,380.73,126.87,421.27
238.87,222.87,315.67,383.93
339.13,378.6,383.93,489.53
305,31.933,377.53,209
305,83.133,383.93,287.93
228.2,280.47,278.33,454.33
312.47,14.867,383.93,126.87
217.53,58.6,383.93,511.93
335.93,1,383.93,63.933
231.4,251.67,296.47,454.33
171.67,217.53,218.6,329.53
300.73,326.33,383.93,511.93
232.47,178.07,324.2,495.93
139.67,107.67,218.6,340.2
50.067,12.733,126.87,135.4
330.6,139.67,383.93,373.27
40.467,196.2,164.2,401
251.67,1,325.27,71.4
319.93,38.333,381.8,143.93
172.73,228.2,218.6,305
335.93,1,383.93,58.6
286.87,189.8,344.47,367.93
236.73,387.13,383.93,511.93
45.8,211.13,180.2,378.6
1,379.67,161,511.93
123.67,223.93,180.2,343.4
85.267,187.67,151.4,282.6
329.53,209,377.53,331.67
330.6,326.33,383.93,459.67
287.93,82.067,337,175.93
266.6,76.733,312.47,159.93
312.47,409.53,376.47,511.93
27.667,408.47,177,511.93
312.47,1,383.93,126.87
308.2,83.133,381.8,234.6
148.2,59.667,216.47,216.47
231.4,243.13,315.67,454.33
254.87,110.87,331.67,383.93
316.73,303.93,383.93,419.13
262.33,414.87,383.93,511.93
180.2,301.8,221.8,479.93
315.67,410.6,374.33,466.07
239.93,118.33,310.33,268.73
289,325.27,372.2,425.53
236.73,370.07,280.47,423.4
232.47,118.33,334.87,495.93
286.87,279.4,342.33,367.93
251.67,1,347.67,75.667
273,391.4,314.6,511.93
1,396.73,102.33,498.07
102.33,225,180.2,329.53
340.2,150.33,383.93,217.53
139.67,198.33,183.4,241
235.67,43.667,290.07,185.53
123.67,246.33,180.2,343.4
236.73,391.4,291.13,511.93
135.4,434.07,180.2,485.27
234.6,36.2,328.47,107.67
329.53,179.13,382.87,331.67
1,447.93,66.067,502.33
147.13,1,217.53,127.93
259.13,380.73,301.8,431.93
8.4667,1,79.933,131.13
55.4,213.27,164.2,359.4
85.267,254.87,217.53,367.93
312.47,452.2,383.93,511.93
265.53,25.533,321,125.8
92.733,1,179.13,86.333
30.867,314.6,174.87,457.53
238.87,274.07,315.67,383.93
295.4,332.73,338.07,479.93
29.8,255.93,111.93,439.4
246.33,34.067,346.6,225
291.13,207.93,346.6,334.87
229.27,76.733,328.47,511.93
234.6,350.87,302.87,454.33
246.33,1,383.93,412.73
120.47,429.8,218.6,511.93
97,234.6,164.2,319.93
330.6,319.93,383.93,511.93
286.87,339.13,374.33,511.93
1,440.47,42.6,484.2
236.73,67.133,303.93,139.67
295.4,332.73,338.07,502.33
8.4667,1,73.533,105.53
139.67,183.4,189.8,230.33
239.93,178.07,289,300.73
139.67,113,213.27,340.2
1,60.733,98.067,479.93
319.93,1,383.93,145
68.2,393.53,111.93,435.13
220.73,1,270.87,257
86.333,101.27,130.07,164.2
45.8,188.73,134.33,365.8
172.73,221.8,218.6,305
147.13,1,217.53,153.53
293.27,1,364.73,66.067
1,1,100.2,479.93
278.33,1,364.73,100.2
236.73,415.93,339.13,511.93
1,314.6,174.87,511.93
292.2,326.33,383.93,511.93
115.13,331.67,220.73,485.27
77.8,1,189.8,100.2
61.8,196.2,180.2,367.93
236.73,311.4,329.53,511.93
260.2,154.6,331.67,379.67
286.87,249.53,344.47,367.93
1,395.67,74.6,511.93
330.6,326.33,383.93,438.33
9.5333,1,68.2,88.467
308.2,1,351.93,45.8
308.2,113,362.6,234.6
206.87,286.87,248.47,511.93
340.2,319.93,383.93,489.53
30.867,1,129,164.2
45.8,204.73,99.133,365.8
293.27,202.6,383.93,365.8
236.73,415.93,367.93,511.93
98.067,301.8,221.8,479.93
41.533,408.47,219.67,511.93
7.4,1,69.267,106.6
237.8,243.13,306.07,341.27
79.933,188.73,134.33,301.8
312.47,441.53,383.93,511.93
167.4,419.13,218.6,459.67
262.33,443.67,305,495.93
106.6,321,201.53,410.6
139.67,151.4,219.67,267.67
315.67,424.47,383.93,511.93
262.33,391.4,314.6,511.93
149.27,331.67,220.73,427.67
97,214.33,177,319.93
235.67,1,346.6,197.27
1,351.93,43.667,479.93
15.933,7.4,71.4,97
53.267,223.93,185.53,381.8
232.47,201.53,277.27,407.4
315.67,29.8,374.33,145
122.6,229.27,218.6,367.93
217.53,419.13,291.13,511.93
47.933,132.2,113,347.67
58.6,286.87,111.93,367.93
231.4,309.27,280.47,472.47
147.13,42.6,204.73,127.93
234.6,326.33,311.4,495.93
121.53,152.47,218.6,315.67
53.267,286.87,111.93,381.8
281.53,57.533,325.27,137.53
231.4,174.87,297.53,493.8
1,399.93,86.333,500.2
231.4,251.67,293.27,454.33
136.47,300.73,217.53,367.93
249.53,43.667,290.07,88.467
234.6,43.667,303.93,101.27
85.267,210.07,130.07,282.6
246.33,34.067,310.33,175.93
152.47,59.667,216.47,216.47
115.13,397.8,185.53,485.27
159.93,351.93,215.4,425.53
234.6,174.87,293.27,457.53
293.27,35.133,346.6,197.27
41.533,408.47,177,511.93
315.67,1,383.93,145
234.6,57.533,294.33,116.2
45.8,87.4,111.93,365.8
98.067,301.8,218.6,423.4
1,1,104.47,471.4
305,410.6,374.33,498.07
330.6,165.27,383.93,373.27
135.4,417,200.47,485.27
234.6,317.8,292.2,457.53
6.3333,396.73,102.33,498.07
242.07,204.73,297.53,338.07
106.6,299.67,218.6,410.6
315.67,31.933,377.53,166.33
154.6,214.33,222.87,338.07
53.267,234.6,164.2,381.8
154.6,214.33,216.47,329.53
68.2,317.8,210.07,435.13
281.53,17,331.67,140.73
174.87,141.8,218.6,305
275.13,17,331.67,140.73
316.73,303.93,383.93,474.6
40.467,259.13,82.067,401
53.267,31.933,97,136.47
231.4,243.13,296.47,454.33
27.667,398.87,177,511.93
180.2,344.47,221.8,479.93
242.07,200.47,321,338.07
316.73,1,365.8,75.667
77.8,113,126.87,201.53
316.73,303.93,383.93,511.93
21.267,41.533,63.933,97
1,331.67,217.53,511.93
62.867,87.4,111.93,204.73
236.73,174.87,281.53,367.93
242.07,189.8,344.47,338.07
231.4,174.87,316.73,493.8
276.2,36.2,328.47,107.67
293.27,126.87,346.6,197.27
1,347.67,49,485.27
77.8,1,217.53,153.53
174.87,299.67,218.6,378.6
1,1,100.2,467.13
27.667,398.87,219.67,511.93
46.867,189.8,108.73,365.8
234.6,350.87,277.27,431.93
50.067,12.733,127.93,164.2
78.867,117.27,130.07,171.67
216.47,1,262.33,318.87
155.67,198.33,218.6,268.73
332.73,14.867,383.93,91.667
139.67,113,218.6,340.2
247.4,1,383.93,225
55.4,166.33,164.2,359.4
229.27,76.733,328.47,219.67
216.47,1,312.47,318.87
231.4,307.13,278.33,454.33
136.47,248.47,218.6,367.93
85.267,246.33,164.2,330.6
103.4,166.33,193,319.93
116.2,451.13,219.67,511.93
315.67,410.6,383.93,466.07
21.267,434.07,84.2,499.13
229.27,1,383.93,114.07
278.33,35.133,346.6,197.27
1,413.8,49,484.2
53.267,264.47,111.93,381.8
327.4,1,383.93,94.867
131.13,248.47,218.6,367.93
305,126.87,346.6,197.27
231.4,285.8,280.47,472.47
1,410.6,49,485.27
148.2,457.53,218.6,511.93
235.67,1,329.53,185.53
268.73,424.47,326.33,511.93
247.4,67.133,303.93,139.67
82.067,187.67,179.13,311.4
113,1,216.47,86.333
1,394.6,116.2,511.93
281.53,42.6,331.67,140.73
266.6,76.733,342.33,183.4
236.73,370.07,323.13,511.93
263.4,327.4,317.8,427.67
242.07,118.33,309.27,268.73
257,370.07,297.53,441.53
271.93,200.47,321,278.33
231.4,174.87,284.73,457.53
14.867,393.53,111.93,495.93
305,83.133,383.93,263.4
281.53,57.533,331.67,140.73
302.87,220.73,346.6,334.87
104.47,166.33,153.53,219.67
314.6,133.27,383.93,331.67
234.6,178.07,302.87,454.33
1,347.67,47.933,479.93
127.93,331.67,217.53,414.87
13.8,394.6,116.2,494.87
246.33,204.73,289,276.2
260.2,110.87,300.73,213.27
229.27,92.733,300.73,219.67
302.87,207.93,346.6,334.87
104.47,166.33,189.8,314.6
121.53,172.73,162.07,237.8
15.933,7.4,63.933,97
85.267,187.67,177,319.93
332.73,77.8,373.27,166.33
263.4,136.47,309.27,219.67
327.4,1,383.93,217.53
265.53,25.533,321,97
47.933,204.73,99.133,346.6
47.933,87.4,111.93,346.6
110.87,1,189.8,100.2
87.4,188.73,134.33,287.93
281.53,49,331.67,140.73
318.87,339.13,362.6,413.8
89.533,300.73,175.93,371.13
249.53,370.07,300.73,441.53
286.87,410.6,374.33,511.93
305,410.6,347.67,498.07
329.53,38.333,374.33,125.8
55.4,187.67,179.13,359.4
113,424.47,173.8,493.8
139.67,155.67,191.93,231.4
305,25.533,383.93,209
247.4,67.133,310.33,151.4
98.067,317.8,210.07,412.73
98.067,301.8,218.6,410.6
315.67,339.13,383.93,466.07
85.267,196.2,151.4,282.6
77.8,1,129,74.6
1,60.733,98.067,466.07
260.2,1,315.67,66.067
152.47,113,212.2,211.13
308.2,1,351.93,53.267
236.73,201.53,277.27,378.6
327.4,31.933,377.53,94.867
38.333,127.93,114.07,412.73
140.73,103.4,197.27,168.47
77.8,1,119.4,95.933
236.73,292.2,277.27,378.6
263.4,193,331.67,379.67
242.07,199.4,344.47,338.07
234.6,350.87,280.47,457.53
246.33,204.73,289,264.47
318.87,421.27,374.33,501.27
40.467,313.53,190.87,439.4
87.4,1,216.47,97
1,395.67,49,511.93
136.47,300.73,218.6,367.93
100.2,290.07,180.2,335.93
98.067,246.33,164.2,330.6
92.733,1,216.47,86.333
206.87,457.53,247.4,511.93
127.93,234.6,179.13,311.4
249.53,1,329.53,88.467
246.33,204.73,297.53,338.07
30.867,1,86.333,47.933
317.8,283.67,383.93,365.8
332.73,31.933,377.53,166.33
15.933,7.4,82.067,136.47
239.93,174.87,281.53,367.93
329.53,150.33,383.93,331.67
243.13,43.667,303.93,101.27
330.6,165.27,383.93,331.67
170.6,223.93,213.27,329.53
271.93,199.4,327.4,308.2
289,303.93,383.93,426.6
113,424.47,173.8,481
152.47,105.53,214.33,216.47
268.73,424.47,383.93,511.93
82.067,355.13,147.13,406.33
1,1,126.87,136.47
148.2,103.4,214.33,216.47
305,9.5333,350.87,66.067
147.13,42.6,204.73,123.67
79.933,127.93,130.07,169.53
139.67,113,212.2,231.4
263.4,193,306.07,379.67
101.27,351.93,191.93,423.4
229.27,126.87,290.07,203.67
249.53,386.07,300.73,435.13
127.93,343.4,188.73,403.13
308.2,1,360.47,53.267
319.93,38.333,374.33,125.8
1,395.67,47.933,501.27
87.4,1,216.47,86.333
293.27,279.4,342.33,367.93
62.867,343.4,188.73,437.27
21.267,461.8,66.067,502.33
302.87,220.73,346.6,289
55.4,213.27,133.27,359.4
170.6,223.93,213.27,340.2
170.6,223.93,213.27,318.87
159.93,1,216.47,58.6
246.33,395.67,297.53,493.8
330.6,424.47,383.93,499.13
263.4,193,328.47,379.67
254.87,154.6,331.67,383.93
248.47,426.6,291.13,511.93
275.13,1,364.73,100.2
234.6,370.07,280.47,457.53
315.67,410.6,374.33,473.53
1,413.8,49,511.93
85.267,187.67,131.13,282.6
58.6,421.27,113,471.4
235.67,1,312.47,185.53
340.2,283.67,383.93,365.8
305,25.533,383.93,340.2
308.2,38.333,381.8,234.6
308.2,38.333,383.93,234.6
316.73,303.93,383.93,398.87
122.6,271.93,179.13,315.67
113,15.933,212.2,212.2
321,3.1333,364.73,54.333
147.13,1,217.53,123.67
246.33,204.73,293.27,338.07
148.2,451.13,219.67,511.93
121.53,196.2,179.13,315.67
263.4,136.47,319.93,226.07
121.53,184.47,162.07,237.8
293.27,279.4,383.93,365.8
231.4,285.8,313.53,472.47
85.267,187.67,180.2,371.13
98.067,307.13,217.53,410.6
341.27,1,383.93,61.8
321,11.667,364.73,54.333
154.6,107.67,197.27,163.13
314.6,133.27,382.87,331.67
119.4,379.67,161,429.8
82.067,101.27,130.07,164.2
156.73,419.13,218.6,459.67
271.93,199.4,344.47,318.87
332.73,77.8,383.93,217.53
113,1,179.13,86.333
297.53,1,351.93,54.333
55.4,296.47,104.47,359.4
147.13,103.4,197.27,163.13
318.87,452.2,361.53,501.27
52.2,394.6,116.2,439.4
266.6,76.733,328.47,159.93
261.27,43.667,303.93,88.467
229.27,76.733,328.47,472.47
13.8,410.6,113,494.87
46.867,255.93,111.93,381.8
231.4,200.47,321,472.47
162.07,1,217.53,116.2
329.53,38.333,381.8,143.93
293.27,1,364.73,75.667
271.93,200.47,321,308.2
60.733,1,129,95.933
314.6,133.27,358.33,235.67
319.93,38.333,374.33,145
175.93,301.8,218.6,354.07
257,370.07,297.53,433
234.6,174.87,281.53,457.53
13.8,410.6,90.6,494.87
6.3333,425.53,85.267,494.87
167.4,406.33,219.67,459.67
122.6,246.33,179.13,315.67
243.13,1,351.93,114.07
121.53,397.8,185.53,460.73
89.533,313.53,175.93,371.13
293.27,9.5333,350.87,66.067
229.27,126.87,290.07,219.67
171.67,113,212.2,211.13
1,413.8,44.733,484.2
1,1,71.4,97
264.47,1,312.47,66.067
85.267,187.67,134.33,282.6
62.867,127.93,114.07,316.73
116.2,461.8,170.6,511.93
127.93,343.4,188.73,414.87
263.4,327.4,313.53,383.93
247.4,67.133,290.07,125.8
53.267,62.867,115.13,163.13
159.93,351.93,215.4,434.07
266.6,76.733,342.33,167.4
263.4,252.73,306.07,379.67
65,421.27,113,463.93
234.6,174.87,284.73,457.53
115.13,419.13,185.53,485.27
89.533,290.07,180.2,371.13
340.2,283.67,383.93,373.27
94.867,313.53,175.93,360.47
27.667,445.8,74.6,497
293.27,3.1333,364.73,66.067
243.13,18.067,303.93,101.27
8.4667,1,86.333,47.933
297.53,1,360.47,54.333
150.33,351.93,191.93,398.87
327.4,15.933,383.93,94.867
93.8,355.13,147.13,403.13
21.267,31.933,71.4,97
93.8,355.13,147.13,401
102.33,196.2,151.4,271.93
327.4,31.933,383.93,94.867
243.13,18.067,303.93,88.467
140.73,419.13,185.53,460.73
231.4,285.8,280.47,435.13
53.267,31.933,97,103.4
247.4,43.667,290.07,125.8
113,424.47,181.27,481
58.6,264.47,111.93,367.93
58.6,421.27,99.133,471.4
305,126.87,346.6,209
329.53,179.13,383.93,331.67
337,31.933,377.53,94.867
317.8,339.13,362.6,406.33
