1,1,512.58,342.29
305.24,209.05,404.99,258.93
293.84,125.69,400,241.83
1,1,237.55,306.66
15.25,203.35,319.49,323.05
69.4,56.575,268.9,259.64
50.875,1,165.59,139.94
147.06,147.06,298.11,303.1
57.288,1,288.14,328.04
206.2,74.388,379.34,216.18
375.06,60.85,431.35,219.74
209.05,1,512.58,342.29
105.03,1,198.36,78.663
151.34,1,512.58,342.29
206.2,74.388,392.88,217.6
395.73,32.35,512.58,342.29
1,1,232.56,247.53
152.76,1,457.71,102.17
49.45,1,432.78,342.29
135.66,1,479.8,323.76
152.76,1,512.58,308.09
1,1,240.4,308.09
89.35,93.625,194.09,224.72
137.8,102.17,198.36,208.34
252.51,204.78,353.69,258.21
1,199.08,512.58,342.29
3.1375,1,236.12,241.11
153.47,144.93,202.64,224.72
107.88,1,159.18,78.663
159.89,159.18,395.73,333.74
146.35,48.738,402.14,246.1
127.83,53.013,434.91,323.76
290.99,60.85,432.78,342.29
176.28,199.79,512.58,342.29
1,1,402.14,306.66
74.388,28.788,222.59,241.11
335.16,1,512.58,119.99
209.05,1,456.29,87.925
169.15,169.86,400.71,303.81
417.1,192.66,512.58,342.29
52.3,1,232.56,222.59
206.91,1,512.58,132.1
157.04,92.2,202.64,164.88
3.1375,78.663,228.29,308.09
203.35,1,512.58,128.54
120.7,114.29,405.7,338.73
369.36,1,512.58,273.18
217.6,33.062,444.89,198.36
146.35,53.725,396.44,243.96
241.11,224.72,335.88,288.14
417.81,1,512.58,208.34
172,250.38,405.7,338.73
1,1,165.59,233.99
20.95,66.55,110.73,196.22
146.35,34.488,456.29,342.29
1,1,512.58,308.09
1,114.29,409.98,342.29
184.83,279.59,409.98,342.29
201.93,1,512.58,132.1
395.73,219.03,512.58,316.64
3.85,1,226.86,258.93
1,192.66,343.71,342.29
186.25,283.15,394.3,342.29
125.69,1,255.36,246.1
1,1,268.9,308.09
189.81,34.488,407.84,233.99
246.1,75.812,402.14,241.83
209.05,82.225,402.14,181.97
120.7,274.6,321.62,336.59
247.53,84.362,402.14,241.83
217.6,1,512.58,128.54
3.85,1,165.59,233.99
57.288,167.72,237.55,301.68
1,192.66,334.45,342.29
151.34,1,512.58,128.54
1,1,211.19,307.38
1,159.18,410.69,342.29
169.15,1,512.58,342.29
159.89,233.99,409.98,342.29
241.83,224.72,320.2,278.88
236.84,32.35,446.31,103.6
1,1,129.25,80.8
128.54,267.48,207.62,308.09
132.81,64.412,227.58,242.54
132.1,114.29,405.7,338.73
49.45,1,236.12,244.68
1,198.36,300.96,342.29
206.2,93.625,409.98,214.75
337.3,35.2,466.26,214.04
395.73,194.09,512.58,342.29
391.45,32.35,512.58,342.29
147.06,147.06,395.73,333.74
1,1,211.19,305.95
1,1,236.84,308.09
69.4,92.913,213.33,256.08
49.45,1,205.49,220.45
376.49,34.488,456.29,318.06
3.1375,1,512.58,342.29
1,1,409.98,342.29
404.99,1,512.58,259.64
88.638,99.325,159.89,206.2
45.175,1,232.56,222.59
1,1,146.35,202.64
1,77.237,73.675,131.39
1,1,310.23,335.88
297.4,97.9,391.45,152.76
401.43,198.36,512.58,342.29
1,1,432.78,342.29
9.55,50.875,114.29,211.9
375.06,34.488,458.43,342.29
240.4,65.125,400,214.75
375.06,60.85,431.35,342.29
224.01,1,280.3,48.025
361.53,1,480.51,41.613
241.11,199.79,385.04,320.91
146.35,1,512.58,342.29
169.15,159.18,400.71,303.81
134.24,164.88,176.28,231.85
128.54,92.913,208.34,245.39
1,1,146.35,234.7
209.05,219.03,512.58,342.29
286.71,90.775,392.88,141.36
193.38,174.85,412.82,342.29
206.91,1,512.58,342.29
1,1,224.01,263.2
268.19,160.6,325.9,214.75
96.475,1,138.51,60.138
3.1375,129.25,67.975,224.01
406.41,32.35,512.58,201.21
207.62,206.91,281.73,256.79
135.66,175.56,189.81,263.2
72.25,8.125,141.36,102.89
376.49,60.138,437.05,196.94
240.4,1,512.58,308.09
69.4,62.275,224.01,241.11
119.28,105.03,183.4,214.04
132.81,82.938,218.31,242.54
1,1,132.1,90.775
327.32,75.812,398.57,117.85
48.025,60.138,105.03,138.51
57.288,1,396.44,328.04
90.775,1,160.6,89.35
261.06,90.775,392.88,143.5
206.2,60.85,432.78,342.29
3.85,198.36,201.93,307.38
146.35,53.725,255.36,243.96
30.925,1,236.12,219.03
1,178.41,343.71,342.29
432.78,241.11,498.32,335.88
424.94,105.03,512.58,195.51
82.225,226.86,236.84,308.09
3.1375,176.28,145.64,256.08
3.1375,1,198.36,239.69
1,209.76,344.43,342.29
265.34,65.125,335.88,176.28
2.425,55.863,105.74,209.05
132.1,169.86,410.69,342.29
203.35,1,512.58,142.08
65.125,1,204.06,219.03
209.05,74.388,264.62,183.4
6.7,86.5,209.76,308.09
21.663,86.5,209.76,306.66
79.375,78.663,209.76,210.47
135.66,54.438,380.05,261.06
49.45,1,236.12,245.39
3.85,1,162.74,233.99
152.05,92.2,202.64,176.28
2.425,139.94,50.163,209.05
120.7,91.487,405.7,338.73
171.29,174.85,393.59,298.11
1,1,343.71,342.29
328.04,76.525,512.58,342.29
128.54,48.738,402.14,246.1
75.812,79.375,209.76,240.4
243.96,1,512.58,62.275
252.51,174.85,353.69,258.21
99.325,78.663,209.76,176.99
74.388,1,161.31,122.12
132.81,48.738,402.14,246.1
3.1375,1,434.91,323.76
372.21,76.525,512.58,342.29
49.45,1,288.14,328.04
335.16,1,512.58,128.54
5.275,1,165.59,220.45
5.275,1,165.59,221.16
1,1,405.7,338.73
159.89,147.06,395.73,333.74
1,1,165.59,221.16
375.06,60.85,432.78,342.29
3.85,1,211.19,307.38
1,1,58,65.125
152.76,1,351.55,87.213
217.6,1,512.58,342.29
1,233.28,359.39,342.29
261.78,32.35,444.89,103.6
29.5,60.138,105.03,166.3
1,1,410.69,342.29
236.12,1,352.26,87.925
6.7,1,310.23,335.88
57.288,203.35,237.55,301.68
399.29,193.38,512.58,342.29
2.425,60.138,105.03,209.05
305.24,209.05,404.99,252.51
1,1,142.79,201.93
286.71,90.775,392.88,151.34
391.45,194.09,432.06,342.29
240.4,65.125,432.78,308.09
146.35,48.738,402.14,244.68
159.89,145.64,404.99,320.91
69.4,56.575,268.9,256.08
286,139.22,336.59,189.1
8.8375,1,152.76,206.2
305.24,140.65,361.53,181.26
354.4,199.79,400,243.96
335.16,219.74,512.58,342.29
244.68,102.17,400,243.96
70.112,1,162.74,128.54
118.56,122.84,172,199.08
1,206.91,343.71,342.29
186.25,174.85,412.82,342.29
176.28,199.08,512.58,342.29
434.2,219.74,512.58,342.29
15.25,213.33,199.79,303.1
5.275,1,150.62,207.62
220.45,107.88,308.8,210.47
206.2,139.94,355.11,219.74
1,14.537,79.375,82.225
206.2,74.388,396.44,214.04
217.6,33.062,447.74,132.1
1,1,228.29,308.09
1,70.825,85.788,256.79
174.14,48.738,402.14,181.97
217.6,1,447.74,132.1
1,200.5,343.71,342.29
75.812,79.375,209.76,233.99
320.91,46.6,401.43,101.46
3.1375,1,232.56,247.53
133.53,93.625,194.09,199.08
1,1,165.59,234.7
217.6,19.525,512.58,128.54
208.34,1,512.58,226.15
85.788,112.15,145.64,213.33
1,1,220.45,256.79
65.125,1,239.69,246.1
201.93,1,512.58,342.29
313.79,93.625,409.98,214.04
45.175,90.062,115,201.21
1,70.825,80.8,272.46
171.29,174.85,393.59,320.91
186.25,34.488,512.58,342.29
3.85,92.2,358.68,336.59
15.25,1,512.58,342.29
407.84,15.25,512.58,119.99
211.9,1,351.55,99.325
254.65,226.86,321.62,286.71
244.68,194.09,400,243.96
333.74,133.53,379.34,186.25
75.812,176.99,134.24,240.4
13.825,92.2,96.475,212.61
1,1,359.39,342.29
80.8,224.72,319.49,320.2
191.95,281.01,310.94,335.88
128.54,94.338,195.51,214.04
1,1,479.8,336.59
49.45,1,298.11,328.04
243.96,1,474.1,62.275
416.39,1,512.58,214.04
206.2,95.763,355.11,216.18
375.06,67.263,424.23,342.29
100.75,101.46,190.53,207.62
64.412,108.59,115,191.24
206.2,102.17,396.44,214.04
234.7,174.85,300.96,217.6
369.36,33.062,447.74,119.99
375.06,32.35,512.58,342.29
157.75,284.57,437.05,342.29
337.3,35.2,479.8,323.76
132.1,114.29,340.86,335.16
452.73,32.35,512.58,76.525
159.89,145.64,401.43,320.91
272.46,149.2,380.05,219.74
150.62,78.663,209.76,134.95
15.25,145.64,437.05,342.29
220.45,165.59,273.89,210.47
399.29,192.66,512.58,342.29
404.28,1,512.58,342.29
404.99,1,512.58,273.18
121.41,1,198.36,92.2
65.125,1,209.76,240.4
201.93,285.29,355.82,335.16
63.7,61.562,110.73,132.1
129.96,64.412,227.58,244.68
1,9.55,236.84,308.09
1,1,198.36,87.925
304.53,84.362,402.14,142.08
1,214.75,286,342.29
209.05,72.963,251.8,142.08
1,225.44,300.96,342.29
146.35,125.69,400,246.1
335.88,80.088,400,129.25
209.05,74.388,270.32,183.4
217.6,53.013,331.6,132.1
201.93,1,372.93,67.263
89.35,94.338,195.51,214.04
97.188,105.03,183.4,214.04
3.85,137.09,55.15,207.62
1,1,146.35,211.19
146.35,53.725,246.81,243.96
305.24,102.17,396.44,212.61
170.58,22.375,232.56,74.388
15.25,203.35,437.05,342.29
1,9.55,160.6,220.45
394.3,1,512.58,342.29
321.62,226.86,384.32,294.55
125.69,54.438,239.69,246.1
391.45,77.95,436.34,310.23
85.788,78.663,209.76,209.76
320.2,77.95,432.78,233.28
390.74,67.975,432.78,304.53
80.088,256.08,288.14,342.29
15.963,61.562,97.188,220.45
380.76,68.688,434.91,323.76
3.1375,129.25,112.15,239.69
163.45,148.49,395.01,311.65
100.04,79.375,209.76,190.53
121.41,1,198.36,91.487
259.64,293.12,410.69,342.29
379.34,192.66,442.04,342.29
206.91,82.225,362.95,206.2
217.6,30.213,464.84,198.36
67.263,1,132.1,87.925
449.16,19.525,512.58,76.525
417.1,1,512.58,195.51
293.84,196.22,400,241.83
52.3,33.775,176.99,216.18
261.78,35.2,369.36,102.17
147.06,234.7,298.11,303.1
335.16,210.47,404.28,252.51
163.45,148.49,400,311.65
2.425,200.5,82.225,256.79
75.812,79.375,212.61,240.4
3.85,202.64,358.68,336.59
169.15,169.86,400.71,298.11
157.75,290.99,290.99,336.59
193.38,174.85,401.43,298.11
275.31,93.625,409.98,214.04
1,1,220.45,219.03
49.45,1,237.55,245.39
75.812,1,227.58,240.4
300.25,33.062,447.74,101.46
169.15,169.86,397.86,298.11
127.83,1,434.91,323.76
124.26,92.913,196.22,218.31
2.425,1,146.35,208.34
330.89,123.55,379.34,169.15
206.2,107.88,357.25,214.04
266.05,199.08,401.43,244.68
217.6,32.35,446.31,132.1
243.96,1,339.44,62.275
124.26,72.25,224.01,241.11
220.45,130.68,308.8,210.47
186.25,285.29,355.82,335.16
422.8,171.29,512.58,219.74
15.25,223.3,178.41,298.82
152.05,3.85,209.76,87.925
125.69,28.075,255.36,246.1
174.14,48.738,258.93,172.71
1,1,48.738,48.025
216.89,59.425,271.04,127.11
229,1,308.09,62.275
176.28,201.21,512.58,342.29
152.76,1,236.12,87.213
89.35,93.625,195.51,224.72
1,206.91,300.96,342.29
64.412,241.11,207.62,308.09
1,1,145.64,148.49
424.94,88.638,512.58,195.51
297.4,84.362,402.14,204.06
415.68,156.33,512.58,219.74
9.55,140.65,64.412,211.9
1,1,145.64,216.89
288.14,93.625,347.28,147.06
217.6,34.488,335.88,191.95
409.98,33.062,512.58,204.78
172,250.38,409.98,342.29
244.68,107.88,357.25,214.04
93.625,94.338,195.51,214.04
1,1,42.325,48.025
30.925,33.775,176.99,216.18
203.35,1,512.58,73.675
367.94,35.2,444.89,128.54
372.21,192.66,512.58,342.29
3.1375,176.28,228.29,286
408.55,187.68,512.58,342.29
162.03,28.075,216.18,85.788
383.61,298.82,429.21,342.29
259.64,34.488,456.29,342.29
151.34,15.963,224.01,87.213
52.3,1,204.78,222.59
65.125,1,205.49,220.45
132.81,97.188,209.76,242.54
244.68,140.65,400,243.96
352.26,1,457.71,45.175
18.1,56.575,126.4,219.74
209.05,73.675,402.14,181.97
13.825,92.2,96.475,220.45
452.73,71.538,512.58,117.14
448.45,276.74,496.19,335.88
93.625,8.125,141.36,72.963
77.95,79.375,209.76,233.99
14.537,87.213,85.788,192.66
87.213,228.29,319.49,323.05
74.388,156.33,131.39,236.84
186.25,34.488,412.82,342.29
268.9,170.58,325.9,214.75
132.1,1,310.23,335.88
1,50.875,114.29,256.79
67.975,1,159.89,120.7
132.1,114.29,409.98,342.29
49.45,51.587,156.33,218.31
159.89,148.49,405.7,338.73
55.863,50.875,114.29,138.51
447.03,75.812,512.58,119.99
211.9,1,351.55,85.075
241.11,225.44,287.43,267.48
15.963,61.562,97.188,191.24
209.05,1,512.58,142.08
448.45,256.79,512.58,342.29
153.47,144.93,211.9,248.95
241.11,205.49,393.59,298.11
408.55,256.79,512.58,342.29
106.45,95.763,191.95,202.64
1,1,226.86,258.93
290.28,148.49,355.11,216.18
236.84,199.79,404.99,320.91
213.33,1,308.09,65.838
152.76,1,227.58,87.213
337.3,76.525,449.16,214.04
127.83,144.93,211.9,256.08
236.84,199.79,385.04,320.91
163.45,159.18,392.16,305.95
30.925,1,220.45,219.03
124.26,102.17,188.39,161.31
5.275,1,161.31,220.45
408.55,212.61,512.58,342.29
217.6,34.488,330.89,130.68
266.05,201.21,401.43,244.68
80.088,10.975,146.35,102.17
211.19,1,292.41,66.55
117.14,79.375,209.76,190.53
124.26,72.25,224.01,218.31
417.81,224.72,463.41,271.75
289.56,140.65,383.61,212.61
272.46,178.41,336.59,219.74
209.05,95.763,334.45,180.55
1,15.25,86.5,82.938
49.45,1,236.12,240.4
1,96.475,72.25,201.93
233.28,285.29,410.69,342.29
146.35,53.725,271.04,243.96
18.1,1,165.59,219.74
30.925,1,236.12,241.11
62.988,246.1,209.05,313.07
3.85,198.36,62.988,247.53
191.95,281.01,409.98,342.29
214.75,281.01,319.49,323.05
64.412,77.237,112.86,154.9
8.8375,10.975,146.35,206.2
376.49,60.85,431.35,219.74
127.83,53.013,409.98,251.09
209.05,74.388,402.14,181.97
354.4,95.763,409.98,214.04
129.96,65.125,226.15,244.68
21.663,1,211.19,305.95
292.41,96.475,336.59,147.06
159.89,148.49,409.98,342.29
1,197.65,64.412,256.08
417.81,224.01,463.41,288.85
376.49,65.125,432.06,318.06
1,233.28,144.21,342.29
206.2,74.388,376.49,216.18
78.663,92.913,151.34,210.47
6.7,1,209.76,308.09
80.088,33.775,176.99,190.53
65.125,1,227.58,240.4
159.89,145.64,393.59,320.91
147.06,234.7,229,281.01
158.46,27.363,205.49,86.5
432.78,75.812,512.58,128.54
345.85,1,437.05,96.475
1,1,145.64,201.93
261.06,293.84,355.11,334.45
293.84,205.49,400.71,252.51
449.88,33.062,512.58,76.525
321.62,209.05,410.69,308.09
100.75,94.338,195.51,214.04
206.2,95.05,364.38,214.75
206.91,142.08,313.07,206.2
1,1,95.763,100.04
16.675,1,128.54,85.788
49.45,1,195.51,218.31
395.01,38.763,441.32,119.99
67.263,1,198.36,87.925
261.06,75.1,392.88,151.34
385.04,194.09,512.58,342.29
217.6,19.525,512.58,132.1
380.76,68.688,434.91,312.36
147.06,236.84,229,281.01
385.04,32.35,512.58,342.29
203.35,1,310.23,73.675
258.93,187.68,400,241.83
408.55,224.01,463.41,288.85
245.39,205.49,353.69,258.21
1,90.062,80.8,258.93
6.7,1,237.55,308.09
203.35,1,512.58,342.29
49.45,1,205.49,219.03
52.3,82.225,147.06,222.59
416.39,21.663,512.58,214.04
1,1,139.94,234.7
157.04,226.86,236.84,290.28
279.59,128.54,378.62,184.83
303.1,45.175,407.84,214.04
214.04,1,347.99,85.075
211.9,1,348.7,85.075
20.95,97.188,90.062,220.45
80.088,256.08,344.43,342.29
422.09,90.062,512.58,196.94
75.812,1,226.86,258.93
305.24,209.05,382.19,252.51
101.46,102.17,188.39,197.65
409.98,32.35,512.58,204.78
328.75,127.11,379.34,186.25
424.94,105.03,512.58,194.09
392.88,32.35,512.58,342.29
320.2,125.69,387.89,213.33
417.1,33.775,512.58,195.51
203.35,1,244.68,64.412
32.35,213.33,199.79,303.1
127.83,144.93,213.33,256.08
409.98,43.75,458.43,193.38
211.9,1,351.55,70.112
158.46,27.363,211.19,86.5
201.21,139.22,355.11,219.74
163.45,172.71,392.16,305.95
171.29,174.85,215.46,240.4
203.35,1,248.24,64.412
1,227.58,343.71,342.29
107.16,104.31,165.59,185.54
171.29,75.1,256.08,241.11
125.69,28.075,239.69,246.1
404.99,152.76,512.58,259.64
201.93,285.29,303.81,330.89
134.24,241.11,228.29,286
303.1,47.312,352.26,103.6
169.15,159.18,512.58,342.29
268.9,90.775,392.88,151.34
159.89,145.64,224.72,268.9
15.25,213.33,319.49,323.05
159.89,233.28,251.09,283.15
3.1375,176.28,228.29,308.09
206.91,1,480.51,67.263
330.89,128.54,378.62,172
48.738,190.53,96.475,239.69
206.2,143.5,264.62,211.19
151.34,1,347.99,87.213
361.53,1,512.58,41.613
206.91,101.46,320.2,211.9
304.53,82.938,402.14,142.08
106.45,110.01,172,199.08
150.62,78.663,209.76,159.18
300.25,244.68,346.56,293.84
3.85,87.213,85.788,216.18
407.84,19.525,512.58,77.237
266.05,192.66,401.43,244.68
356.54,44.462,408.55,101.46
80.088,256.08,157.04,304.53
213.33,1,372.93,65.838
452.01,33.062,512.58,117.14
417.81,76.525,512.58,208.34
286,139.22,337.3,189.1
177.7,189.1,224.01,246.1
380.76,63.7,434.91,323.76
159.89,233.99,405.7,338.73
139.22,1,236.12,218.31
240.4,101.46,378.62,214.75
242.54,1,372.93,63.7
3.85,92.913,236.84,308.09
1,1,358.68,336.59
49.45,1,236.12,219.03
245.39,204.78,353.69,258.21
18.812,143.5,64.412,208.34
157.75,262.49,437.05,342.29
417.81,1,512.58,226.15
352.26,33.062,437.05,96.475
152.05,80.088,210.47,189.1
303.1,47.312,352.26,95.05
206.91,1,308.09,67.263
447.03,76.525,496.19,119.99
159.89,233.28,410.69,342.29
337.3,123.55,379.34,181.26
282.44,244.68,372.21,303.81
328.04,210.47,404.28,252.51
241.11,199.79,335.88,288.14
313.79,93.625,400,141.36
49.45,1,226.86,258.93
297.4,97.9,391.45,195.51
8.125,1,161.31,220.45
336.59,1,400.71,47.312
375.06,34.488,456.29,342.29
336.59,1,512.58,49.45
216.18,107.88,357.25,214.04
52.3,1,220.45,219.03
1,1,129.25,82.225
261.78,1,457.71,102.17
383.61,67.975,432.78,342.29
75.812,168.44,157.04,240.4
16.675,109.3,66.55,183.4
89.35,92.913,196.94,214.04
1,15.25,59.425,67.263
217.6,34.488,407.84,233.99
433.49,254.65,498.32,335.88
416.39,68.688,512.58,214.04
72.25,1,146.35,102.89
201.93,1,512.58,67.263
208.34,96.475,336.59,206.2
338.01,35.2,416.39,101.46
272.46,201.21,353.69,258.21
99.325,110.01,172,214.04
57.288,170.58,112.15,221.88
273.18,3.85,324.48,53.013
119.28,105.03,183.4,208.34
52.3,1,236.12,219.03
213.33,1,295.26,65.838
321.62,221.88,401.43,297.4
102.17,1,184.11,107.88
3.85,202.64,355.82,335.16
217.6,33.062,444.89,129.96
379.34,192.66,466.98,342.29
1,1,139.94,211.19
206.2,101.46,355.11,216.18
336.59,1,400.71,43.038
107.88,105.03,181.97,208.34
221.88,42.325,266.05,87.925
376.49,65.125,429.93,224.72
15.963,9.55,160.6,220.45
13.825,92.2,319.49,329.46
206.91,1,512.58,67.263
178.41,268.9,319.49,320.2
1,1,142.79,258.93
262.49,65.838,335.88,112.86
230.43,1,310.23,73.675
241.11,224.72,384.32,298.11
294.55,96.475,336.59,147.06
209.05,1,253.22,64.412
206.2,96.475,341.57,214.75
206.91,1,248.24,67.263
186.25,285.29,394.3,342.29
128.54,69.4,221.88,245.39
375.06,34.488,455.57,342.29
151.34,56.575,268.9,241.11
63.7,61.562,117.14,132.1
112.15,110.01,174.85,199.08
1,1,145.64,209.05
208.34,30.213,464.84,198.36
20.95,102.89,85.788,196.22
390.74,77.95,433.49,224.01
33.062,213.33,201.21,303.81
65.125,9.55,196.22,219.03
209.05,74.388,392.88,183.4
220.45,101.46,355.11,216.18
305.24,140.65,361.53,201.21
152.76,24.512,209.05,87.213
385.04,192.66,512.58,342.29
268.9,75.1,392.88,151.34
135.66,104.31,215.46,263.2
132.81,34.488,176.28,91.487
268.19,128.54,378.62,214.75
328.75,133.53,379.34,186.25
453.44,276.74,494.76,334.45
78.663,92.913,151.34,213.33
9.55,117.14,86.5,211.9
87.213,228.29,211.19,304.53
417.81,80.088,512.58,208.34
107.88,1,226.86,258.93
381.48,65.125,429.93,224.72
399.29,194.09,512.58,342.29
57.288,203.35,132.1,256.08
16.675,1,142.79,85.788
206.91,201.21,353.69,316.64
206.2,74.388,355.11,216.18
246.1,84.362,402.14,241.83
404.28,224.72,496.19,335.88
106.45,110.01,174.85,199.08
107.88,164.88,168.44,258.93
21.663,86.5,237.55,306.66
395.01,33.062,447.74,119.99
312.36,35.2,369.36,102.17
206.91,1,295.26,67.263
241.11,224.72,393.59,298.11
174.14,68.688,233.99,172.71
266.05,201.21,400.71,243.25
208.34,53.013,320.91,144.21
65.125,57.288,165.59,219.03
1,1,129.25,90.775
130.68,95.05,201.21,219.74
337.3,35.2,479.8,272.46
417.81,224.72,463.41,273.18
1,1,146.35,90.775
3.85,164.88,236.84,308.09
303.1,47.312,348.7,95.05
117.14,79.375,209.76,146.35
82.225,241.11,207.62,308.09
1,70.825,73.675,202.64
85.075,15.963,152.76,105.03
87.213,82.225,147.06,145.64
206.91,288.85,355.82,335.16
177.7,189.1,240.4,259.64
408.55,219.74,512.58,342.29
97.188,112.15,145.64,196.22
150.62,81.513,206.2,151.34
1,73.675,73.675,114.29
48.738,242.54,175.56,303.81
176.28,201.21,353.69,316.64
320.2,77.95,432.78,308.09
279.59,129.25,370.07,184.83
415.68,268.19,461.99,328.04
209.05,1,402.85,87.925
352.26,33.062,437.05,80.8
48.738,242.54,256.79,318.06
130.68,1,184.11,67.263
320.2,95.763,409.98,233.28
119.28,1,205.49,132.81
1,214.75,80.8,272.46
220.45,145.64,308.8,210.47
209.05,95.763,336.59,180.55
132.1,159.18,410.69,342.29
113.58,28.788,222.59,241.11
1,178.41,256.79,318.06
342.29,46.6,407.84,112.86
406.41,72.25,512.58,201.21
206.2,142.08,273.89,210.47
206.2,143.5,290.99,211.19
64.412,172,141.36,234.7
222.59,204.78,397.86,298.11
1,70.825,73.675,132.1
345.85,1,457.71,96.475
33.062,203.35,115,248.24
234.7,1,303.81,59.425
152.05,1,226.86,87.925
335.16,125.69,387.89,194.8
48.738,164.88,183.4,247.53
1,230.43,286,342.29
206.91,1,372.93,67.263
79.375,1,132.1,75.1
416.39,75.812,512.58,214.04
1,90.062,73.675,234.7
409.98,32.35,512.58,196.94
112.86,51.587,156.33,117.85
3.1375,176.28,130.68,250.38
3.1375,1,232.56,241.11
424.94,88.638,512.58,207.62
109.3,1,198.36,104.31
3.1375,128.54,112.15,239.69
29.5,84.362,86.5,166.3
404.28,187.68,512.58,342.29
1,1,142.79,100.04
241.11,207.62,287.43,267.48
416.39,33.775,512.58,214.04
209.05,74.388,270.32,158.46
30.925,75.812,118.56,210.47
390.74,76.525,512.58,224.01
146.35,139.22,355.11,246.1
1,1,200.5,219.03
305.24,134.95,383.61,212.61
422.8,162.03,512.58,219.74
93.625,79.375,209.76,204.78
375.06,34.488,456.29,318.06
146.35,48.738,379.34,244.68
97.188,105.03,183.4,215.46
247.53,187.68,400,241.83
352.26,33.062,408.55,80.8
103.6,105.03,181.97,208.34
419.24,76.525,464.84,159.89
399.29,198.36,512.58,342.29
410.69,76.525,464.84,177.7
151.34,1,227.58,87.213
169.15,169.86,240.4,260.35
26.65,105.74,72.25,148.49
251.09,100.04,326.61,147.78
289.56,140.65,361.53,201.21
48.738,8.125,141.36,109.3
3.85,102.17,236.84,308.09
427.07,32.35,512.58,122.84
97.188,95.763,191.95,214.04
101.46,1,195.51,142.79
93.625,102.17,188.39,214.04
135.66,60.85,224.01,263.2
1,15.25,80.088,82.938
83.65,41.613,132.81,112.15
92.913,102.17,151.34,191.95
206.91,262.49,401.43,335.16
20.95,144.93,64.412,220.45
8.125,66.55,110.73,220.45
152.76,1,220.45,87.213
49.45,1,201.21,218.31
83.65,9.55,160.6,112.15
127.83,144.93,202.64,251.09
119.28,1,198.36,70.112
159.89,233.28,395.73,333.74
79.375,8.125,127.11,75.1
45.175,1,232.56,241.11
211.9,1,303.81,70.112
97.188,60.85,224.01,263.2
129.96,142.79,183.4,244.68
219.74,74.388,264.62,183.4
139.22,3.85,225.44,218.31
379.34,193.38,439.9,342.29
281.73,145.64,338.01,196.94
241.11,207.62,335.88,288.14
171.29,174.85,240.4,259.64
434.2,220.45,512.58,342.29
293.84,45.175,407.84,233.99
209.05,265.34,412.82,342.29
175.56,54.438,380.05,219.74
448.45,75.812,512.58,119.99
13.825,92.2,96.475,239.69
314.5,1,474.1,47.312
261.06,90.775,392.88,141.36
206.2,139.94,338.01,210.47
80.088,256.08,163.45,296.69
251.09,107.88,300.96,162.74
206.2,139.22,355.11,219.74
323.76,142.79,377.91,186.25
3.85,61.562,110.73,233.99
62.988,245.39,201.93,307.38
206.2,107.88,357.25,217.6
375.06,67.263,424.23,316.64
305.24,134.95,379.34,201.21
80.088,256.08,187.68,304.53
206.2,74.388,357.25,217.6
132.81,82.938,212.61,231.85
379.34,233.28,432.06,342.29
262.49,65.838,326.61,112.86
85.075,1,162.74,105.03
178.41,75.1,235.41,164.16
175.56,54.438,367.94,206.2
1,227.58,286,342.29
174.14,1,310.23,172.71
146.35,141.36,218.31,246.1
337.3,123.55,379.34,169.86
93.625,92.2,202.64,214.04
206.91,101.46,341.57,214.75
262.49,65.838,335.88,117.85
5.9875,60.138,105.03,198.36
404.28,271.75,463.41,328.75
84.362,1,198.36,104.31
8.125,1,162.74,220.45
214.04,1,348.7,85.075
258.21,139.94,338.01,196.94
18.812,140.65,64.412,208.34
354.4,118.56,409.98,214.04
209.05,1,437.05,87.925
390.74,67.975,432.06,304.53
193.38,225.44,322.34,288.14
98.612,123.55,144.21,201.21
163.45,159.18,395.01,311.65
422.8,171.29,512.58,212.61
261.06,90.775,392.88,151.34
237.55,144.93,280.3,204.06
134.24,189.1,228.29,286
206.91,142.08,252.51,206.2
424.94,97.188,512.58,195.51
193.38,275.31,319.49,323.05
89.35,102.17,188.39,224.72
52.3,1,205.49,222.59
254.65,226.86,318.78,277.45
422.09,33.062,512.58,196.94
189.81,76.525,313.07,206.2
417.1,256.79,512.58,342.29
6.7,214.75,209.05,313.07
1,90.062,73.675,211.19
147.78,69.4,221.88,208.34
273.18,5.275,324.48,53.013
395.01,49.45,436.34,119.99
48.738,241.11,207.62,308.09
209.05,1,367.94,87.925
90.062,100.04,159.18,203.35
127.83,94.338,203.35,233.28
146.35,48.738,255.36,244.68
25.938,50.875,114.29,138.51
320.91,60.138,367.94,102.17
146.35,175.56,188.39,244.68
127.83,53.013,245.39,251.09
1,105.74,72.25,148.49
90.775,284.57,175.56,330.18
308.8,95.763,390.74,214.04
422.8,80.088,512.58,196.22
135.66,160.6,186.25,261.06
52.3,82.225,147.06,209.76
367.94,39.475,444.89,93.625
446.31,224.01,489.06,303.81
127.83,1,193.38,70.825
145.64,95.05,201.21,190.53
135.66,35.2,479.8,323.76
3.85,203.35,115,248.24
237.55,154.9,280.3,204.06
162.74,60.85,224.01,179.12
45.175,97.9,115,201.21
67.263,1,198.36,110.73
135.66,33.775,176.99,91.487
69.4,183.4,134.95,228.29
217.6,60.85,268.9,152.05
3.85,137.09,55.15,233.99
1,70.825,73.675,131.39
3.1375,1,160.6,211.9
277.45,268.19,385.04,320.91
83.65,26.65,143.5,112.15
65.125,1,205.49,219.03
354.4,196.22,400,241.83
416.39,88.638,512.58,214.04
439.19,76.525,496.19,119.99
448.45,254.65,496.9,335.88
1,178.41,64.412,256.08
261.78,1,347.99,50.163
117.14,78.663,209.76,146.35
259.64,293.12,355.11,334.45
257.5,205.49,353.69,258.21
448.45,279.59,496.19,335.88
236.12,1,350.12,87.925
124.26,62.275,224.01,241.11
35.913,191.95,80.8,243.25
80.8,9.55,160.6,124.98
288.14,177.7,355.11,219.74
108.59,51.587,156.33,120.7
2.425,96.475,79.375,208.34
107.88,105.03,181.97,197.65
95.763,57.288,143.5,158.46
159.89,145.64,211.9,248.95
384.32,219.74,512.58,342.29
335.16,1,512.58,49.45
158.46,53.725,246.81,237.55
432.06,209.05,512.58,253.94
272.46,171.29,336.59,219.74
3.1375,199.08,70.112,247.53
379.34,192.66,461.99,342.29
424.94,125.69,512.58,194.09
162.74,94.338,203.35,167.72
300.25,33.062,447.74,102.17
209.05,110.73,319.49,206.2
216.18,147.78,264.62,211.19
34.488,115.71,80.8,183.4
256.79,65.125,331.6,112.15
92.2,1,205.49,185.54
3.85,203.35,137.8,281.73
367.94,35.2,444.89,93.625
380.76,77.95,432.78,312.36
256.79,65.125,400,147.06
3.1375,140.65,60.138,224.01
336.59,1,512.58,47.312
1,46.6,113.58,202.64
304.53,82.225,402.14,142.08
409.98,66.55,458.43,193.38
375.78,39.475,444.89,93.625
130.68,71.538,222.59,241.11
3.85,208.34,355.82,335.16
160.6,147.06,208.34,239.69
100.04,79.375,209.76,181.97
3.1375,129.25,85.788,239.69
3.85,208.34,207.62,308.09
67.975,87.213,159.89,219.03
385.04,248.95,432.06,317.35
217.6,53.013,320.91,132.1
261.78,35.2,370.79,102.17
372.21,192.66,466.98,342.29
69.4,144.93,213.33,256.08
464.84,219.03,512.58,272.46
209.05,98.612,264.62,180.55
253.22,62.988,300.25,122.12
69.4,196.94,156.33,241.11
130.68,1,193.38,67.263
64.412,1,198.36,154.9
384.32,271.75,463.41,342.29
437.05,33.775,512.58,77.237
191.95,284.57,374.35,342.29
124.26,102.17,188.39,196.94
201.93,1,248.24,67.263
106.45,95.763,191.95,197.65
1,1,139.94,100.04
119.28,1,198.36,85.075
80.088,82.225,147.06,190.53
3.85,56.575,126.4,233.99
253.22,1,350.12,61.562
407.84,15.25,512.58,77.237
89.35,110.01,174.85,224.72
449.16,15.25,512.58,76.525
93.625,106.45,183.4,214.04
159.89,242.54,209.76,303.81
112.86,115,153.47,184.11
152.05,1,226.86,164.88
209.05,265.34,385.04,329.46
105.03,1,150.62,78.663
417.1,33.775,512.58,192.66
266.76,295.26,409.98,342.29
175.56,76.525,236.12,176.99
97.188,92.913,196.22,218.31
217.6,34.488,335.88,176.28
106.45,122.84,172,195.51
379.34,192.66,439.9,342.29
142.08,251.09,319.49,320.2
127.83,59.425,245.39,251.09
304.53,97.9,382.19,142.08
50.875,1,162.74,139.94
393.59,219.03,512.58,317.35
151.34,72.25,224.01,195.51
241.83,225.44,320.2,278.88
57.288,176.28,102.17,221.88
138.51,241.11,228.29,286
88.638,97.9,149.2,197.65
107.88,142.79,183.4,258.93
67.263,8.125,146.35,110.73
315.21,162.03,364.38,213.33
1,192.66,286,342.29
432.78,254.65,498.32,335.88
175.56,65.125,245.39,176.99
404.99,191.95,479.8,272.46
265.34,65.838,335.88,176.28
69.4,183.4,134.95,237.55
18.1,1,129.25,80.8
1,197.65,78.663,256.79
90.062,125.69,137.09,203.35
422.09,90.062,512.58,204.78
16.675,46.6,113.58,183.4
358.68,1,457.71,42.325
383.61,298.82,424.94,342.29
393.59,219.03,512.58,342.29
452.01,33.775,512.58,75.1
12.4,1,150.62,200.5
195.51,56.575,268.9,176.99
267.48,33.062,444.89,101.46
361.53,1,474.1,41.613
73.675,124.26,121.41,201.21
130.68,242.54,211.19,304.53
77.95,176.99,134.24,233.99
117.14,88.638,159.89,146.35
3.1375,129.25,67.975,229
193.38,206.91,322.34,288.14
64.412,1,159.89,154.9
93.625,96.475,190.53,205.49
117.14,1,159.18,65.125
45.175,1,200.5,219.03
176.99,189.1,224.01,248.24
335.16,233.28,432.06,342.29
379.34,219.74,437.05,342.29
165.59,92.913,208.34,172
45.175,112.86,102.89,209.76
241.83,204.78,397.86,298.11
176.28,216.18,264.62,266.76
65.125,1,220.45,219.03
151.34,56.575,268.9,195.51
132.81,91.487,214.04,243.25
203.35,1,292.41,66.55
1,1,198.36,110.73
376.49,65.125,432.06,304.53
129.25,106.45,183.4,214.04
314.5,1,385.75,47.312
261.78,1,321.62,48.738
43.75,61.562,97.188,154.9
320.91,45.175,417.1,101.46
209.05,82.225,402.14,180.55
432.06,212.61,512.58,304.53
254.65,201.21,353.69,286.71
418.53,219.74,512.58,342.29
89.35,105.03,183.4,215.46
133.53,105.03,176.99,152.76
159.18,145.64,211.19,250.38
303.1,33.062,444.89,101.46
13.825,97.188,90.062,212.61
119.28,1,198.36,92.913
261.78,1,351.55,53.013
80.088,1,150.62,102.17
79.375,257.5,163.45,303.81
233.28,285.29,340.86,328.04
1,1,129.25,87.925
80.088,1,159.89,102.17
447.03,75.812,512.58,127.83
261.78,65.125,331.6,109.3
93.625,96.475,189.81,204.78
217.6,32.35,444.89,128.54
253.22,33.062,444.89,101.46
106.45,95.763,191.95,196.22
193.38,1,236.12,70.825
178.41,59.425,245.39,164.16
214.75,101.46,355.11,216.18
99.325,62.275,224.01,241.11
208.34,290.99,355.82,335.16
80.088,63.7,147.06,190.53
417.81,219.74,489.06,303.81
308.8,142.08,363.66,199.08
432.78,76.525,496.9,128.54
352.98,222.59,401.43,298.11
174.14,68.688,238.97,172.71
159.89,242.54,211.19,304.53
253.22,77.237,293.84,122.12
75.812,95.763,200.5,233.99
241.11,224.72,384.32,293.84
83.65,64.412,126.4,112.15
152.05,3.85,211.19,87.925
3.1375,1,152.76,211.9
97.9,1,198.36,92.2
132.81,1,198.36,102.89
432.78,152.76,512.58,212.61
67.975,209.76,237.55,301.68
157.75,290.99,343.71,342.29
178.41,251.8,410.69,342.29
90.775,1,159.18,89.35
95.763,33.775,176.99,158.46
207.62,1,292.41,66.55
404.28,271.75,496.19,335.88
217.6,60.85,268.9,132.1
74.388,156.33,147.78,236.84
78.663,102.17,151.34,210.47
305.24,35.2,369.36,102.17
75.812,132.81,133.53,233.99
392.88,192.66,512.58,342.29
64.412,247.53,178.41,298.82
64.412,164.88,183.4,234.7
165.59,61.562,225.44,164.88
396.44,193.38,439.9,310.94
12.4,61.562,110.73,200.5
152.05,101.46,193.38,176.28
13.825,92.2,319.49,320.2
52.3,138.51,109.3,216.18
65.125,57.288,169.15,220.45
8.125,115.71,80.8,220.45
113.58,71.538,222.59,241.11
334.45,45.175,407.84,214.04
385.04,67.975,432.06,342.29
88.638,79.375,209.76,197.65
345.85,1,400.71,42.325
240.4,101.46,320.2,208.34
134.24,164.88,183.4,231.85
114.29,79.375,209.76,170.58
105.03,10.975,146.35,65.125
208.34,60.85,268.9,144.21
217.6,88.638,258.93,148.49
452.73,33.062,512.58,76.525
261.78,1,347.99,53.013
30.925,75.812,118.56,216.18
129.25,114.29,181.97,214.04
297.4,84.362,402.14,195.51
170.58,1,220.45,55.863
300.25,60.138,347.99,100.75
171.29,137.8,256.08,241.11
178.41,251.8,395.73,333.74
129.25,94.338,195.51,214.04
152.05,1,220.45,87.925
404.99,194.09,512.58,259.64
432.78,169.15,512.58,212.61
222.59,216.18,281.73,263.91
1,90.062,77.237,201.93
55.863,64.412,102.17,109.3
212.61,110.73,319.49,206.2
236.12,1,367.94,87.925
9.55,140.65,60.138,211.9
376.49,65.125,417.1,198.36
167.72,80.088,210.47,159.18
330.89,129.25,378.62,172
209.05,265.34,402.14,335.88
143.5,81.513,206.2,151.34
220.45,157.75,267.48,210.47
75.812,97.9,149.2,233.99
97.188,105.03,184.83,214.04
334.45,45.175,407.84,136.38
376.49,34.488,455.57,196.94
106.45,110.01,172,195.51
45.888,225.44,144.21,270.32
387.18,76.525,449.16,195.51
58,86.5,141.36,209.76
132.81,1,198.36,91.487
449.16,105.03,512.58,165.59
3.85,203.35,236.84,308.09
447.03,1,512.58,76.525
8.125,115.71,82.938,220.45
125.69,78.663,209.76,159.18
243.96,1,375.06,62.275
132.1,169.86,307.38,335.88
404.99,194.09,483.36,279.59
207.62,1,293.84,66.55
448.45,76.525,494.76,119.99
184.83,268.9,319.49,320.2
3.85,115.71,80.8,233.99
176.28,216.18,280.3,266.76
1,70.825,78.663,256.79
313.79,93.625,401.43,144.93
1,75.1,73.675,202.64
1,1,129.25,80.088
293.12,290.28,412.82,342.29
127.11,157.75,168.44,233.99
60.85,51.587,156.33,201.21
23.8,225.44,129.25,276.74
105.03,1,159.89,78.663
127.83,208.34,171.29,251.09
191.95,284.57,355.82,335.16
238.97,115,280.3,159.89
123.55,276.74,256.79,318.06
449.88,130.68,512.58,192.66
48.738,242.54,163.45,303.81
50.875,1,150.62,139.94
117.14,78.663,209.76,159.18
189.81,76.525,231.14,144.93
157.75,284.57,374.35,342.29
104.31,1,201.21,148.49
268.19,174.85,325.9,219.74
171.29,174.85,280.3,266.76
195.51,56.575,268.9,152.05
268.19,160.6,364.38,214.75
223.3,98.612,264.62,156.33
30.925,191.95,85.788,239.69
252.51,174.85,401.43,298.11
139.22,61.562,225.44,218.31
169.15,169.86,215.46,241.83
139.22,102.17,198.36,208.34
214.75,216.18,280.3,266.76
272.46,209.05,353.69,258.21
49.45,137.8,107.16,218.31
261.78,65.125,304.53,105.74
214.75,56.575,268.9,152.05
70.825,86.5,141.36,203.35
189.81,76.525,286,176.28
397.86,193.38,439.9,289.56
95.763,1,142.79,65.838
58,137.8,107.16,209.76
35.913,191.95,85.788,239.69
165.59,82.938,212.61,164.88
13.825,143.5,64.412,212.61
294.55,93.625,409.98,214.04
253.22,1,330.89,61.562
3.85,203.35,144.93,281.73
3.1375,199.08,130.68,250.38
214.75,216.18,264.62,266.76
147.78,92.913,208.34,208.34
399.29,194.09,483.36,298.82
261.78,65.125,304.53,109.3
60.138,82.225,147.06,209.76
95.763,63.7,141.36,158.46
209.05,265.34,437.05,342.29
384.32,76.525,449.16,214.04
254.65,225.44,320.2,278.88
159.18,251.09,319.49,320.2
206.91,130.68,313.07,206.2
320.2,148.49,361.53,195.51
82.225,241.11,161.31,282.44
14.537,112.86,72.25,192.66
376.49,67.263,424.23,196.94
300.25,35.2,416.39,101.46
93.625,110.01,172,214.04
304.53,97.9,391.45,142.08
434.2,220.45,512.58,304.53
1,194.8,80.8,272.46
467.69,219.03,512.58,288.14
207.62,1,248.24,64.412
206.91,262.49,352.98,316.64
97.188,128.54,139.94,196.22
97.9,1,152.76,66.55
48.025,242.54,256.79,318.06
404.99,197.65,479.8,272.46
418.53,224.72,463.41,271.75
422.09,32.35,512.58,196.94
449.16,105.03,512.58,191.95
206.2,142.08,267.48,210.47
130.68,95.763,200.5,219.74
395.73,271.04,448.45,316.64
55.863,46.6,113.58,109.3
253.22,62.988,293.84,122.12
203.35,1,474.1,73.675
220.45,101.46,326.61,210.47
129.25,105.03,184.83,202.64
453.44,276.74,495.48,334.45
256.79,65.125,304.53,112.15
214.04,1,347.99,70.112
52.3,63.7,147.06,216.18
417.1,288.85,503.31,342.29
400,288.85,463.41,342.29
271.75,93.625,409.98,214.04
143.5,60.85,224.01,179.12
206.91,137.8,256.08,241.11
1,113.58,66.55,216.89
152.05,3.85,212.61,87.925
45.175,112.86,102.89,201.21
67.975,57.288,169.15,220.45
55.863,50.875,114.29,109.3
384.32,286,463.41,342.29
437.76,192.66,512.58,289.56
448.45,287.43,496.19,335.88
139.22,130.68,182.69,208.34
251.09,95.763,334.45,157.75
156.33,95.763,200.5,174.14
98.612,51.587,156.33,138.51
15.963,10.975,146.35,191.24
342.29,46.6,401.43,101.46
214.04,1,303.81,70.112
191.95,284.57,310.94,335.88
127.11,80.088,210.47,233.99
304.53,128.54,378.62,172
189.81,76.525,390.74,214.04
321.62,226.15,393.59,297.4
16.675,140.65,60.138,199.08
133.53,105.03,183.4,152.76
89.35,112.15,145.64,207.62
337.3,95.05,401.43,214.04
114.29,96.475,190.53,170.58
417.81,224.01,463.41,272.46
35.913,176.28,102.17,243.25
85.075,51.587,156.33,143.5
304.53,129.96,370.07,192.66
432.06,212.61,479.8,253.94
356.54,44.462,416.39,101.46
90.775,284.57,288.14,342.29
337.3,95.763,387.18,198.36
303.1,39.475,444.89,101.46
223.3,98.612,264.62,180.55
335.88,80.088,400,134.24
320.2,125.69,387.89,194.8
20.95,115.71,80.8,196.22
160.6,154.9,202.64,239.69
433.49,254.65,496.9,335.88
392.88,292.41,497.61,342.29
158.46,27.363,217.6,86.5
257.5,201.21,353.69,258.21
30.925,138.51,109.3,216.18
352.26,104.31,404.99,214.04
150.62,1,195.51,64.412
446.31,219.03,512.58,295.98
45.175,1,198.36,201.21
464.84,220.45,512.58,303.81
305.95,205.49,400.71,252.51
1,233.28,206.2,342.29
157.75,290.99,265.34,336.59
26.65,61.562,97.188,154.9
261.78,1,344.43,50.163
99.325,128.54,143.5,226.15
143.5,81.513,207.62,151.34
133.53,101.46,190.53,199.08
342.29,45.175,407.84,112.86
110.73,1,159.18,78.663
271.75,96.475,336.59,173.43
1,73.675,73.675,216.89
99.325,128.54,143.5,206.2
217.6,88.638,258.93,152.05
290.28,148.49,338.01,216.18
127.83,208.34,171.29,256.08
14.537,109.3,72.25,192.66
422.09,33.062,512.58,204.78
139.94,1,201.21,91.487
189.81,76.525,236.12,144.93
169.15,169.86,239.69,245.39
15.963,107.16,72.963,191.24
45.888,225.44,201.21,303.81
23.8,225.44,137.8,281.73
268.9,148.49,341.57,214.75
437.76,192.66,512.58,288.14
1,1,138.51,90.775
106.45,132.81,151.34,195.51
286,139.22,333.03,189.1
12.4,67.263,103.6,200.5
104.31,1,198.36,104.31
3.85,112.86,72.25,216.18
18.1,14.537,58.712,65.125
321.62,226.15,384.32,293.84
314.5,1,375.06,47.312
63.7,1,162.74,132.1
99.325,105.03,183.4,226.15
424.94,100.04,512.58,194.09
64.412,164.88,183.4,247.53
79.375,8.125,127.11,73.675
206.2,96.475,364.38,214.75
1,14.537,86.5,87.925
130.68,164.88,174.14,241.11
152.76,24.512,200.5,87.213
92.2,57.288,169.15,185.54
78.663,1,162.74,117.85
206.91,137.8,251.8,211.9
61.562,172,104.31,222.59
206.91,96.475,341.57,214.75
410.69,76.525,494.76,177.7
82.225,241.11,199.79,303.1
1,112.15,78.663,256.79
1,192.66,80.8,258.93
67.263,10.975,146.35,110.73
1,1,48.025,61.562
43.038,75.812,118.56,191.95
288.14,80.088,400,147.06
80.8,83.65,130.68,184.11
1,73.675,80.8,272.46
1,97.188,72.25,201.93
45.175,79.375,154.19,219.03
410.69,76.525,512.58,194.09
70.825,1,204.78,219.03
1,1,48.738,61.562
272.46,123.55,380.05,219.74
273.18,1,330.89,53.013
214.04,13.825,291.7,65.838
206.91,142.08,251.8,206.2
424.94,119.99,466.26,195.51
221.88,34.488,330.89,87.925
320.91,35.2,369.36,102.17
1,75.1,73.675,132.1
151.34,28.788,205.49,87.213
90.775,284.57,206.2,332.31
144.21,102.17,198.36,192.66
162.74,71.538,222.59,179.12
362.95,95.763,409.98,189.1
288.14,93.625,347.28,141.36
377.91,67.263,424.23,316.64
146.35,73.675,238.97,244.68
41.613,220.45,201.21,303.81
304.53,90.775,382.19,142.08
290.28,154.9,338.01,216.18
391.45,174.14,436.34,310.23
268.19,170.58,325.9,214.75
217.6,60.85,274.6,130.68
97.188,105.03,183.4,226.15
109.3,79.375,154.19,150.62
261.78,1,343,50.163
253.22,1,330.89,53.013
209.05,99.325,319.49,206.2
432.78,209.05,479.8,272.46
97.188,105.03,183.4,208.34
417.1,288.85,482.65,342.29
171.29,174.85,216.89,240.4
211.9,1,280.3,48.025
452.01,71.538,512.58,117.14
209.05,1,256.08,64.412
80.8,120.7,121.41,184.11
295.98,148.49,341.57,214.75
470.54,256.79,512.58,342.29
220.45,107.88,326.61,210.47
6.7,214.75,207.62,308.09
80.088,256.08,206.2,332.31
122.84,298.11,359.39,342.29
254.65,224.72,335.88,288.14
129.96,106.45,183.4,201.21
146.35,141.36,218.31,244.68
158.46,44.462,205.49,86.5
214.75,126.4,273.18,191.95
159.18,147.06,206.2,250.38
214.04,13.825,304.53,85.075
139.94,80.088,210.47,210.47
238.97,101.46,283.86,176.28
158.46,141.36,218.31,241.83
234.7,1,303.81,55.863
159.89,149.2,207.62,248.95
304.53,1,351.55,53.013
118.56,110.01,174.85,199.08
159.18,149.2,206.2,250.38
323.05,162.03,364.38,213.33
206.91,82.225,367.94,206.2
80.8,82.225,147.06,184.11
139.22,82.938,212.61,218.31
217.6,60.85,275.31,128.54
217.6,88.638,258.93,137.09
453.44,287.43,494.76,334.45
129.25,124.98,178.41,214.04
323.05,95.763,390.74,169.15
97.188,114.29,181.97,214.04
79.375,257.5,256.79,318.06
211.9,1,280.3,70.112
101.46,55.15,159.18,142.79
97.188,105.03,181.97,208.34
1,197.65,45.888,256.08
235.41,101.46,286,176.28
1,209.76,144.21,342.29
323.05,119.28,379.34,169.15
212.61,115,280.3,206.2
60.85,119.99,115,201.21
65.125,94.338,142.08,219.03
13.825,123.55,68.688,212.61
251.09,95.763,330.18,147.78
461.28,33.775,512.58,75.1
209.05,142.08,251.8,206.2
13.825,113.58,78.663,212.61
169.15,169.86,225.44,245.39
223.3,1,292.41,63.7
272.46,171.29,380.05,219.74
352.98,234.7,397.86,298.11
234.7,13.825,291.7,55.863
286.71,224.72,335.88,288.14
464.84,220.45,512.58,272.46
58,82.225,147.06,209.76
18.1,1,129.25,80.088
133.53,105.03,183.4,160.6
321.62,222.59,401.43,298.11
1,209.76,80.8,272.46
308.8,149.91,357.25,191.24
304.53,97.9,385.75,142.08
303.1,45.175,417.1,101.46
209.05,96.475,336.59,206.2
395.73,248.95,448.45,316.64
75.812,190.53,133.53,233.99
221.88,42.325,320.91,87.925
165.59,69.4,221.88,172
23.8,225.44,207.62,308.09
169.86,71.538,222.59,179.12
217.6,80.088,274.6,130.68
113.58,81.513,207.62,152.05
159.18,226.86,230.43,272.46
119.28,114.29,181.97,208.34
106.45,82.225,147.06,132.1
176.99,15.963,224.01,83.65
182.69,65.125,226.15,143.5
359.39,104.31,404.99,214.04
135.66,114.29,181.97,196.94
62.988,246.1,207.62,308.09
13.825,157.04,55.863,212.61
446.31,219.74,489.06,303.81
175.56,76.525,226.86,176.99
218.31,115,280.3,204.06
175.56,54.438,245.39,176.99
241.83,204.78,384.32,294.55
149.91,1,198.36,60.138
424.94,80.088,512.58,194.09
312.36,45.175,417.1,101.46
385.04,219.74,489.06,317.35
337.3,95.763,390.74,214.04
147.78,175.56,189.81,249.66
52.3,34.488,176.28,222.59
65.125,79.375,154.19,219.03
241.83,204.78,353.69,278.88
234.7,1,310.23,65.838
165.59,97.188,209.76,179.84
211.19,1,275.31,66.55
1,73.675,73.675,144.21
122.84,300.96,288.85,342.29
318.78,1,375.06,45.175
452.73,33.062,512.58,117.14
275.31,75.812,335.88,129.25
80.8,107.88,129.25,184.11
1,214.75,144.21,342.29
320.91,46.6,408.55,101.46
51.587,101.46,110.73,191.95
107.88,105.03,183.4,214.04
113.58,81.513,206.2,152.05
122.84,300.96,359.39,342.29
265.34,65.838,335.88,129.25
265.34,65.838,326.61,107.16
222.59,225.44,322.34,288.14
214.75,1,303.81,70.112
237.55,144.93,313.07,204.06
437.05,35.2,502.6,77.237
281.01,104.31,331.6,176.28
97.9,11.688,139.22,66.55
271.75,160.6,313.07,202.64
235.41,101.46,283.86,176.28
206.91,96.475,336.59,206.2
281.01,107.16,331.6,176.28
453.44,276.74,496.19,335.88
70.825,1,200.5,219.03
136.38,285.29,206.2,332.31
1,8.125,141.36,148.49
238.97,101.46,283.86,159.89
145.64,92.913,207.62,160.6
129.25,105.03,183.4,201.93
340.86,300.96,412.82,342.29
65.125,1,204.78,219.03
121.41,1,198.36,67.263
237.55,154.9,280.3,202.64
1,73.675,73.675,131.39
85.075,107.88,129.25,182.69
273.18,1,347.99,53.013
127.11,258.93,201.21,303.81
308.8,142.08,380.05,214.04
80.8,256.08,163.45,296.69
51.587,112.86,102.89,175.56
96.475,8.125,141.36,67.263
262.49,65.838,326.61,107.16
281.73,96.475,336.59,163.45
189.81,76.525,246.1,144.93
169.15,104.31,215.46,241.83
254.65,225.44,322.34,288.14
308.8,142.08,363.66,191.24
209.05,206.91,281.73,256.79
237.55,115,280.3,204.06
51.587,97.9,115,191.95
178.41,76.525,226.86,176.99
80.8,112.86,121.41,184.11
90.775,284.57,181.26,330.18
321.62,226.86,384.32,293.84
51.587,106.45,110.73,191.95
80.088,256.08,163.45,304.53
48.738,61.562,97.188,109.3
467.69,219.03,512.58,272.46
51.587,106.45,110.73,175.56
172,71.538,222.59,164.16
