1,1,166.3,342.29
1,1,315.93,342.29
1,110.73,196.94,342.29
188.39,9.55,365.8,324.48
1,1,512.58,342.29
1,110.73,87.925,271.04
286,1,512.58,147.78
37.337,1,512.58,342.29
279.59,1,512.58,342.29
1,1,199.08,342.29
414.25,260.35,505.45,328.04
1,1,121.41,342.29
33.775,174.14,102.89,301.68
238.97,1,315.93,320.2
48.025,49.45,157.04,229.71
37.337,189.1,445.6,342.29
1,1,198.36,134.95
1,1,246.81,342.29
1,1,122.12,342.29
30.213,1,166.3,119.99
279.59,9.55,380.76,118.56
1,1,197.65,342.29
37.337,188.39,255.36,342.29
413.54,1,512.58,83.65
328.75,13.825,427.07,126.4
37.337,220.45,173.43,342.29
304.53,137.09,387.18,194.8
167.01,194.8,247.53,258.21
50.163,1,151.34,49.45
45.888,65.838,134.24,128.54
253.22,1,324.48,49.45
1,1,324.48,342.29
286,26.65,355.11,110.73
30.213,1,276.03,159.89
214.04,1,512.58,342.29
188.39,1,512.58,317.35
293.12,113.58,512.58,209.05
1,1,312.36,342.29
1,241.11,193.38,342.29
293.84,106.45,512.58,213.33
409.98,1,512.58,82.938
37.337,188.39,512.58,342.29
1,1,447.74,342.29
23.088,1,276.03,342.29
188.39,1,359.39,317.35
1,1,343.71,231.14
128.54,13.825,255.36,214.04
30.213,1,324.48,318.06
314.5,207.62,429.93,342.29
238.26,1,324.48,304.53
48.025,49.45,206.2,229.71
293.12,113.58,512.58,211.19
186.25,202.64,253.94,309.51
352.26,208.34,512.58,342.29
25.225,188.39,245.39,342.29
1,177.7,174.14,342.29
37.337,189.1,512.58,342.29
392.16,143.5,435.62,196.22
176.28,1,248.24,63.7
283.15,219.74,365.09,321.62
214.75,198.36,512.58,342.29
1,1,365.09,342.29
224.01,1,512.58,342.29
23.088,1,315.93,342.29
1,281.73,44.462,327.32
25.225,188.39,512.58,342.29
224.01,201.93,512.58,342.29
52.3,104.31,247.53,262.49
264.62,35.2,512.58,134.24
185.54,30.213,244.68,126.4
268.9,1,512.58,131.39
48.025,259.64,173.43,333.74
1,110.73,42.325,238.97
288.14,1,512.58,216.89
48.738,1,276.03,150.62
196.22,33.062,244.68,126.4
155.61,41.613,257.5,142.79
124.26,139.22,246.81,228.29
50.875,86.5,247.53,262.49
47.312,1,147.06,53.725
33.775,1,276.74,153.47
23.088,108.59,253.22,342.29
279.59,1,512.58,147.78
1,1,365.8,342.29
33.775,1,276.74,293.84
51.587,127.83,246.81,245.39
264.62,1,512.58,134.24
216.89,201.93,512.58,342.29
48.025,1,276.74,229.71
414.25,260.35,485.5,322.34
393.59,142.79,489.06,185.54
1,1,276.03,342.29
1,290.99,55.863,342.29
60.138,189.81,512.58,342.29
48.025,250.38,193.38,342.29
48.025,259.64,194.8,342.29
303.81,137.09,385.75,193.38
37.337,189.1,447.74,342.29
219.74,1,512.58,232.56
47.312,1,276.03,225.44
214.04,198.36,445.6,342.29
50.875,1,153.47,63.7
264.62,1,512.58,214.75
48.025,1,312.36,294.55
188.39,9.55,355.11,318.78
1,1,301.68,342.29
219.74,20.95,322.34,232.56
351.55,48.025,427.07,126.4
407.84,1,512.58,83.65
256.79,112.86,298.82,215.46
429.93,1,512.58,76.525
56.575,186.96,247.53,231.85
329.46,45.175,400.71,126.4
248.24,77.237,295.26,207.62
58.712,155.61,102.89,221.88
391.45,127.11,512.58,199.79
23.088,139.22,193.38,342.29
432.06,4.5625,512.58,77.237
48.738,27.363,135.66,114.29
367.94,206.2,432.78,278.88
195.51,188.39,253.94,293.84
59.425,188.39,512.58,342.29
214.04,197.65,512.58,342.29
1,1,276.03,147.06
364.38,261.78,512.58,342.29
307.38,137.09,387.18,194.8
389.31,65.125,509.73,120.7
429.93,3.85,512.58,78.663
293.84,114.29,512.58,214.75
44.462,272.46,147.06,342.29
264.62,1,512.58,226.15
47.312,1,512.58,317.35
57.288,87.925,118.56,128.54
224.01,201.93,429.93,342.29
38.763,251.09,174.14,342.29
290.28,115.71,512.58,232.56
390.03,1,512.58,121.41
1,1,191.24,134.95
1,38.763,59.425,299.54
115,217.6,315.21,342.29
286,35.2,512.58,147.78
238.26,1,315.93,320.2
25.225,1,512.58,342.29
286,26.65,359.39,127.83
369.36,10.975,421.38,96.475
303.1,215.46,399.29,308.09
251.09,62.988,314.5,229
305.24,23.8,355.82,97.188
256.08,3.85,359.39,127.83
28.075,1,166.3,119.99
288.14,1,503.31,131.39
361.53,269.61,512.58,342.29
23.088,139.22,102.89,301.68
191.95,43.75,244.68,127.11
30.213,1,205.49,146.35
25.938,1,117.14,106.45
37.337,189.1,239.69,342.29
264.62,1,421.38,134.24
60.138,189.1,175.56,257.5
288.14,1,512.58,131.39
1,65.838,69.4,342.29
1,110.73,247.53,342.29
1,38.763,122.12,342.29
214.04,30.213,311.65,318.78
126.4,212.61,197.65,290.28
413.54,1,512.58,82.938
60.138,189.81,369.36,342.29
1,1,54.438,327.32
284.57,253.22,352.26,318.06
50.163,1,153.47,49.45
25.225,206.2,245.39,342.29
1,251.09,136.38,342.29
43.75,1,166.3,105.03
1,191.95,121.41,342.29
58,141.36,132.1,184.11
50.163,40.188,255.36,293.84
279.59,1,512.58,149.2
281.73,219.03,368.65,318.78
392.16,82.225,512.58,200.5
413.54,1,500.46,72.25
50.875,40.188,247.53,248.95
1,1,62.275,327.32
239.69,1,312.36,294.55
214.04,19.525,313.07,318.78
238.97,1,312.36,294.55
49.45,273.18,143.5,336.59
25.225,206.2,253.94,342.29
1,1,120.7,127.11
1,1,247.53,342.29
293.84,114.29,512.58,211.19
58,188.39,219.74,266.05
273.89,1,512.58,200.5
306.66,137.8,385.75,193.38
1,23.088,253.94,342.29
59.425,1,512.58,342.29
1,23.088,134.24,342.29
51.587,194.09,108.59,248.95
289.56,204.78,399.29,319.49
251.09,1,512.58,278.88
60.138,1,512.58,342.29
294.55,113.58,512.58,209.05
102.89,211.19,161.31,262.49
246.81,28.075,295.26,207.62
391.45,127.83,493.34,198.36
390.03,65.125,512.58,121.41
33.775,86.5,246.81,318.06
131.39,147.78,192.66,193.38
293.12,113.58,512.58,278.88
251.09,1,512.58,229
155.61,30.213,257.5,142.79
293.12,112.15,512.58,216.89
40.188,1,166.3,60.85
98.612,75.812,168.44,134.95
397.86,208.34,512.58,342.29
1,1,117.14,342.29
289.56,215.46,399.29,319.49
120.7,40.9,216.18,146.35
37.337,189.1,340.15,342.29
1,290.99,64.412,342.29
113.58,139.22,246.81,228.29
327.32,248.24,371.5,302.39
1,5.275,41.613,82.225
1,214.75,122.12,342.29
214.75,198.36,432.78,342.29
214.75,1,359.39,317.35
48.025,273.18,173.43,342.29
1,1,117.14,105.74
1,1,117.14,124.26
288.14,247.53,343.71,318.78
385.75,1,512.58,83.65
294.55,186.96,512.58,232.56
278.16,201.93,512.58,342.29
429.93,1,512.58,78.663
396.44,221.88,512.58,342.29
1,1,120.7,125.69
293.84,114.29,512.58,226.15
290.28,106.45,512.58,216.89
48.025,262.49,173.43,342.29
407.84,208.34,465.55,271.75
195.51,85.788,239.69,138.51
273.89,1,512.58,232.56
256.08,1,359.39,127.83
330.89,1,432.06,89.35
97.188,1,191.24,134.95
239.69,20.95,319.49,209.05
246.81,28.075,290.28,94.338
214.04,30.213,299.54,318.78
50.163,99.325,246.81,228.29
40.188,116.42,87.925,241.11
59.425,188.39,347.28,342.29
127.11,1,343.71,231.14
1,110.73,447.74,342.29
362.95,1,503.31,120.7
1,3.1375,54.438,153.47
256.08,1,512.58,213.33
288.14,219.03,355.82,318.78
238.97,1,301.68,310.94
303.81,135.66,387.18,194.8
125.69,59.425,245.39,159.89
115,188.39,255.36,342.29
1,177.7,43.75,327.32
269.61,201.93,399.29,319.49
256.08,1,361.53,106.45
280.3,1,355.82,115
48.025,108.59,246.81,229.71
306.66,137.8,385.75,191.95
283.86,12.4,355.11,113.58
241.11,28.075,297.4,304.53
25.225,87.925,253.94,342.29
284.57,34.488,400.71,131.39
290.28,212.61,347.28,286.71
429.93,1,512.58,77.237
25.225,1,102.89,63.7
30.213,1,276.03,184.83
335.88,224.01,407.84,322.34
289.56,259.64,343.71,325.19
391.45,144.21,435.62,196.22
180.55,221.16,239.69,342.29
131.39,139.22,240.4,210.47
191.95,45.888,236.12,124.26
293.12,105.03,512.58,216.89
77.95,217.6,137.8,271.75
251.8,109.3,322.34,232.56
1,238.26,122.12,342.29
273.89,1,512.58,131.39
70.112,192.66,253.22,342.29
328.75,13.825,387.89,107.88
391.45,127.83,492.62,198.36
191.95,1,359.39,317.35
279.59,3.85,380.76,118.56
276.74,201.93,359.39,325.19
342.29,270.32,392.16,322.34
290.28,106.45,512.58,213.33
397.86,225.44,512.58,342.29
58,112.15,149.91,184.11
33.062,22.375,85.788,67.263
394.3,142.79,489.06,185.54
113.58,1,276.74,92.2
290.28,219.74,352.26,307.38
253.22,62.988,314.5,229
1,229.71,122.12,342.29
125.69,59.425,201.93,143.5
50.163,87.925,246.81,266.05
33.062,20.238,121.41,105.74
361.53,296.69,447.74,342.29
239.69,1,301.68,310.94
1,65.838,47.312,292.41
1,225.44,122.12,342.29
191.95,42.325,236.12,124.26
429.93,1,512.58,77.95
226.86,285.29,402.85,342.29
384.32,1,512.58,200.5
419.95,71.538,512.58,115.71
47.312,117.85,127.11,224.01
51.587,1,512.58,152.05
410.69,1,512.58,83.65
214.04,30.213,313.07,318.78
74.388,49.45,124.98,98.612
261.06,212.61,365.8,324.48
33.775,219.74,113.58,318.06
1,38.763,134.24,342.29
58,188.39,201.93,290.28
48.025,259.64,153.47,327.32
214.75,20.95,322.34,317.35
51.587,1,512.58,150.62
432.06,1,512.58,77.237
276.74,201.93,407.84,336.59
315.93,206.2,432.78,342.29
48.025,108.59,253.22,342.29
87.213,207.62,235.41,342.29
246.1,128.54,297.4,320.2
276.74,201.93,359.39,263.91
361.53,261.06,512.58,342.29
74.388,42.325,205.49,143.5
419.24,234.7,512.58,314.5
58,104.31,247.53,228.29
50.163,87.925,132.81,225.44
1,1,59.425,105.74
33.062,22.375,85.788,105.74
52.3,65.125,124.98,111.44
37.337,220.45,199.08,342.29
298.11,114.29,512.58,197.65
30.213,1,276.03,184.11
215.46,206.2,449.16,342.29
176.28,1,276.03,159.89
304.53,135.66,387.89,195.51
293.12,116.42,512.58,211.19
402.14,139.22,491.91,195.51
413.54,23.088,512.58,78.663
75.812,1,167.72,57.288
33.775,40.9,83.65,119.28
30.213,21.663,77.237,73.675
330.89,1,421.38,96.475
260.35,201.93,403.56,267.48
361.53,300.96,447.74,342.29
48.738,1,276.03,142.79
33.775,1,301.68,310.94
238.97,1,315.93,215.46
201.93,46.6,242.54,122.84
50.875,40.188,255.36,293.84
392.16,279.59,512.58,342.29
304.53,1,432.06,89.35
23.088,139.22,113.58,301.68
364.38,261.78,452.73,342.29
47.312,117.85,128.54,224.01
370.07,206.2,430.64,278.88
214.04,198.36,271.04,294.55
191.95,8.125,280.3,125.69
1,290.99,109.3,342.29
1,1,54.438,176.28
155.61,40.188,248.24,142.79
273.89,1,509.73,131.39
50.875,1,153.47,55.863
115,217.6,340.86,342.29
103.6,214.75,182.69,271.04
45.888,90.775,115.71,197.65
382.9,209.76,512.58,342.29
306.66,135.66,387.18,194.8
239.69,20.95,322.34,232.56
28.075,1,166.3,199.79
1,1,198.36,105.03
290.28,219.74,352.26,311.65
1,38.763,59.425,164.16
70.112,1,164.88,60.85
1,65.838,47.312,147.78
44.462,272.46,193.38,342.29
280.3,1,421.38,115
226.86,300.25,297.4,342.29
37.337,220.45,139.94,290.99
393.59,139.22,493.34,198.36
335.88,206.2,465.55,322.34
110.73,65.838,153.47,133.53
239.69,82.938,297.4,275.31
97.188,1,191.24,75.1
52.3,211.19,161.31,262.49
50.875,1,151.34,53.725
1,40.9,132.81,130.68
1,1,198.36,342.29
1,110.73,199.79,342.29
196.94,40.188,247.53,137.8
261.06,220.45,308.8,317.35
273.89,1,364.38,131.39
57.288,148.49,144.93,229.71
334.45,206.91,512.58,342.29
284.57,219.74,365.09,321.62
114.29,210.47,197.65,290.28
37.337,196.94,173.43,342.29
215.46,233.99,348.7,342.29
305.24,135.66,387.18,194.8
48.025,20.95,191.24,98.612
1,1,59.425,77.237
51.587,152.76,108.59,248.95
174.85,1,276.03,159.89
1,110.73,87.925,277.45
1,10.975,59.425,130.68
1,1,62.275,230.43
113.58,1,276.74,90.062
51.587,127.83,246.81,248.95
408.55,208.34,512.58,261.78
185.54,30.213,245.39,159.89
204.78,212.61,253.94,286
30.213,1,276.03,318.06
392.16,139.22,491.91,196.22
30.213,6.7,204.06,184.11
290.28,64.412,332.31,112.15
60.138,188.39,255.36,293.84
47.312,261.06,199.08,342.29
276.74,201.93,338.73,263.91
59.425,142.08,130.68,185.54
293.12,112.15,512.58,211.19
188.39,209.05,253.94,302.39
246.81,28.075,297.4,216.18
77.237,190.53,181.97,266.05
59.425,142.79,162.03,184.11
301.68,1,433.49,122.12
306.66,138.51,385.75,194.09
215.46,201.93,449.16,342.29
155.61,41.613,209.05,142.79
334.45,206.91,457.71,342.29
51.587,174.14,182.69,271.04
246.81,1,315.93,207.62
414.25,260.35,506.88,323.05
191.95,19.525,313.07,318.78
290.28,219.03,347.28,286.71
113.58,1,276.74,214.04
45.888,86.5,246.81,229.71
48.025,49.45,157.04,149.2
120.7,59.425,216.18,146.35
86.5,298.82,174.85,342.29
68.688,148.49,136.38,191.24
1,3.1375,54.438,130.68
239.69,64.412,343.71,209.05
124.98,1,276.03,142.79
248.24,205.49,296.69,320.2
1,290.99,52.3,342.29
261.06,212.61,376.49,324.48
140.65,1,190.53,44.462
390.74,208.34,512.58,342.29
1,1,193.38,342.29
384.32,82.225,512.58,200.5
113.58,20.95,176.28,89.35
33.775,174.14,182.69,318.06
1,1,109.3,342.29
239.69,109.3,288.14,206.91
278.16,201.93,429.93,342.29
1,1,197.65,230.43
239.69,64.412,343.71,231.14
115,1,167.72,48.738
120.7,40.9,239.69,146.35
248.24,205.49,289.56,263.91
1,110.73,122.12,342.29
30.213,6.7,192.66,146.35
390.74,278.16,512.58,342.29
48.738,1,512.58,152.05
1,127.83,174.14,342.29
44.462,261.06,193.38,342.29
260.35,201.93,445.6,342.29
238.26,28.075,297.4,304.53
224.01,268.19,357.25,342.29
196.22,78.663,257.5,142.79
128.54,59.425,240.4,214.04
52.3,186.96,161.31,262.49
58,188.39,201.93,266.05
413.54,21.663,500.46,72.25
1,177.7,64.412,342.29
45.888,86.5,119.28,128.54
392.88,141.36,492.62,198.36
303.1,259.64,343.71,307.38
267.48,1,361.53,106.45
268.9,1,512.58,130.68
128.54,83.65,176.99,144.21
261.06,204.78,399.29,319.49
49.45,262.49,199.08,342.29
137.09,146.35,231.85,189.81
352.26,299.54,443.46,342.29
201.93,33.062,244.68,122.84
286,216.89,365.8,324.48
273.89,77.95,315.21,131.39
283.86,9.55,355.11,113.58
30.213,6.7,205.49,146.35
132.81,151.34,191.24,193.38
360.1,1,433.49,122.12
276.74,201.93,512.58,342.29
50.875,86.5,134.24,147.78
246.1,205.49,296.69,320.2
224.01,275.31,297.4,342.29
48.738,1,276.03,147.06
176.28,1,276.03,75.1
386.46,300.96,447.74,342.29
47.312,1,167.72,70.112
48.025,258.93,165.59,334.45
300.25,127.11,512.58,342.29
256.08,159.89,299.54,231.14
279.59,1,512.58,199.08
239.69,109.3,295.98,209.05
188.39,209.05,245.39,302.39
124.98,5.275,215.46,142.79
1.7125,122.84,42.325,219.03
385.75,1,512.58,115.71
25.225,206.2,114.29,310.94
239.69,30.213,292.41,207.62
50.875,1,142.79,55.863
269.61,201.93,340.15,267.48
25.225,206.2,174.85,342.29
246.1,128.54,296.69,320.2
164.88,145.64,231.14,189.1
50.163,117.85,127.11,224.01
1,110.73,42.325,271.04
224.01,275.31,345.85,342.29
198.36,209.05,245.39,288.85
44.462,261.06,174.14,342.29
83.65,280.3,154.19,327.32
38.05,20.238,121.41,105.74
1,1,116.42,176.28
387.89,129.96,491.91,196.22
191.95,45.175,241.11,127.11
391.45,128.54,493.34,198.36
129.25,193.38,206.91,298.11
43.75,1,166.3,92.913
286,219.03,365.8,324.48
58,188.39,245.39,342.29
124.98,35.2,200.5,142.79
98.612,1,198.36,44.462
60.138,189.81,245.39,298.11
33.775,1,256.08,153.47
196.94,40.188,247.53,126.4
336.59,224.01,407.84,322.34
240.4,16.675,284.57,127.11
75.812,1,197.65,57.288
256.08,1,400.71,131.39
40.188,1,142.79,60.85
260.35,201.93,340.15,267.48
290.28,248.95,343,310.23
1,1,246.81,228.29
264.62,62.988,333.03,134.24
391.45,144.21,491.2,199.08
298.11,114.29,512.58,200.5
125.69,40.9,245.39,159.89
418.53,221.88,475.53,314.5
127.11,1,342.29,142.79
281.73,219.03,355.82,318.78
67.263,23.088,112.15,65.838
1,290.99,70.112,342.29
51.587,1,347.99,150.62
110.73,1,198.36,44.462
1,1,118.56,105.03
280.3,10.975,353.69,115
301.68,1,509.73,122.12
264.62,55.863,402.14,134.24
391.45,129.96,492.62,198.36
256.08,1,512.58,131.39
48.738,1,512.58,216.89
369.36,1,433.49,59.425
1.7125,110.73,42.325,219.03
97.188,216.18,245.39,342.29
121.41,217.6,162.03,272.46
70.112,192.66,253.22,290.28
48.025,49.45,193.38,229.71
1,290.99,107.16,342.29
195.51,210.47,238.26,293.84
301.68,13.825,349.41,60.85
50.875,86.5,134.24,152.05
334.45,206.91,445.6,342.29
48.738,273.18,97.188,318.06
256.79,1,324.48,42.325
25.938,1,116.42,104.31
40.188,1,116.42,58
51.587,43.038,132.81,114.29
241.11,132.1,289.56,263.91
224.01,275.31,347.28,342.29
245.39,206.91,297.4,294.55
70.112,230.43,115,272.46
27.363,1,116.42,102.89
287.43,57.288,335.16,110.73
37.337,189.1,253.94,342.29
293.84,1,512.58,123.55
52.3,186.96,247.53,262.49
50.163,115,144.93,229.71
1,1,59.425,226.15
280.3,12.4,355.82,115
214.75,107.88,322.34,317.35
305.24,137.09,387.18,194.8
195.51,210.47,253.22,287.43
417.81,225.44,512.58,315.93
1,110.73,196.94,290.28
413.54,1,512.58,78.663
278.16,201.93,349.41,265.34
59.425,139.22,246.81,228.29
347.99,134.95,390.74,196.22
361.53,204.78,512.58,342.29
1,257.5,69.4,342.29
226.86,300.25,345.85,342.29
191.95,42.325,242.54,124.26
92.913,211.19,161.31,262.49
237.55,64.412,343.71,231.14
59.425,189.1,219.74,257.5
1,5.275,59.425,226.15
23.088,139.22,105.03,301.68
51.587,1,248.24,150.62
70.112,192.66,184.11,266.76
44.462,261.06,159.89,342.29
45.888,86.5,119.28,197.65
55.15,129.25,162.03,184.11
216.89,273.89,422.8,342.29
1,238.26,69.4,342.29
110.73,65.838,168.44,133.53
55.863,127.83,246.81,228.29
62.275,16.675,111.44,58
298.11,114.29,512.58,209.05
127.11,1,281.01,106.45
314.5,45.175,380.76,118.56
408.55,208.34,512.58,316.64
132.1,147.06,193.38,187.68
331.6,1,432.78,105.03
1,290.99,69.4,342.29
289.56,268.19,342.29,318.06
138.51,1,276.03,90.775
115,256.79,235.41,342.29
126.4,212.61,184.83,278.16
369.36,1,432.78,59.425
214.04,30.213,297.4,318.78
407.84,208.34,465.55,304.53
386.46,300.96,445.6,342.29
237.55,124.98,292.41,232.56
110.73,1,190.53,44.462
188.39,19.525,313.07,318.78
204.78,212.61,247.53,286
97.188,233.99,204.78,323.05
1,127.83,43.75,223.3
157.04,194.8,247.53,258.21
273.89,1,432.78,131.39
125.69,42.325,205.49,143.5
391.45,129.25,493.34,198.36
214.04,198.36,347.99,342.29
393.59,141.36,491.2,186.25
284.57,219.74,365.09,318.06
148.49,18.1,221.88,80.088
58,112.15,139.22,184.11
215.46,201.93,512.58,342.29
56.575,87.925,132.81,185.54
367.94,206.2,430.64,278.88
291.7,23.088,380.76,118.56
385.75,1,432.78,59.425
58,188.39,219.74,290.28
278.16,201.93,411.4,342.29
42.325,20.238,121.41,105.74
140.65,1,198.36,44.462
198.36,211.19,240.4,289.56
188.39,209.05,247.53,289.56
286,53.013,335.16,110.73
394.3,139.22,491.91,195.51
25.938,1,197.65,106.45
62.275,273.18,188.39,340.86
261.06,256.08,318.78,324.48
49.45,286.71,173.43,342.29
154.9,42.325,205.49,107.88
385.04,10.975,432.06,68.688
114.29,210.47,184.83,278.16
269.61,201.93,512.58,342.29
98.612,65.838,168.44,134.95
400.71,71.538,509.73,120.7
266.05,301.68,340.15,342.29
396.44,269.61,512.58,342.29
195.51,198.36,249.66,322.34
389.31,1,512.58,77.95
124.98,221.16,239.69,342.29
391.45,128.54,494.05,199.08
191.95,42.325,243.96,126.4
392.16,208.34,512.58,342.29
1,1,116.42,238.97
293.12,201.93,338.73,263.91
219.74,107.88,322.34,232.56
70.112,214.75,157.04,260.35
131.39,108.59,246.81,229.71
309.51,35.2,503.31,127.83
33.775,23.088,82.938,102.89
283.86,12.4,355.11,110.73
1,3.1375,54.438,166.3
315.93,206.2,449.16,342.29
50.875,84.362,137.8,248.95
1,177.7,69.4,342.29
60.138,139.22,246.81,229.71
397.86,278.16,512.58,342.29
303.1,71.538,512.58,147.78
414.25,260.35,486.21,323.05
98.612,86.5,164.16,134.24
191.95,42.325,244.68,126.4
188.39,209.05,245.39,288.85
44.462,280.3,147.06,342.29
261.06,220.45,377.2,319.49
1,38.763,59.425,226.15
303.81,139.22,352.98,193.38
251.8,109.3,292.41,232.56
216.89,285.29,422.8,342.29
1,1,102.89,125.69
167.72,144.93,240.4,214.04
239.69,20.95,322.34,206.91
51.587,194.09,136.38,245.39
290.28,248.95,344.43,310.23
97.188,1,165.59,75.1
186.25,202.64,253.94,320.2
393.59,141.36,491.91,186.25
315.93,147.06,387.18,194.09
313.79,146.35,385.75,193.38
33.775,1,200.5,119.28
47.312,1,197.65,70.112
239.69,16.675,283.15,209.76
408.55,288.14,499.04,342.29
390.74,288.14,512.58,342.29
413.54,1,512.58,76.525
408.55,208.34,512.58,315.93
1,1,54.438,112.86
280.3,10.975,341.57,99.325
286,24.512,341.57,99.325
246.81,109.3,322.34,232.56
379.34,296.69,447.74,342.29
43.75,23.088,122.12,92.913
314.5,219.03,397.86,342.29
1,110.73,121.41,342.29
288.14,214.75,350.84,318.78
188.39,209.05,253.94,289.56
396.44,269.61,466.26,342.29
264.62,65.838,333.03,134.24
280.3,12.4,354.4,115
50.163,16.675,102.89,63.7
128.54,78.663,176.99,144.21
400.71,71.538,512.58,120.7
136.38,144.93,240.4,214.04
48.738,272.46,97.188,318.06
33.775,1,191.24,119.28
138.51,7.4125,189.81,89.35
414.25,1,470.54,50.875
392.16,128.54,493.34,198.36
237.55,124.98,322.34,232.56
1,109.3,62.275,238.97
50.875,86.5,134.24,128.54
1,1,118.56,102.89
391.45,129.96,491.91,195.51
48.025,49.45,124.98,111.44
59.425,188.39,235.41,342.29
267.48,3.85,342.29,82.225
224.01,275.31,272.46,323.05
1,1,116.42,226.15
290.28,64.412,332.31,110.73
77.237,190.53,201.93,266.05
49.45,273.18,129.25,314.5
280.3,12.4,353.69,104.31
92.913,202.64,196.94,290.28
188.39,209.05,253.94,288.85
196.94,45.175,243.96,126.4
48.025,112.15,149.91,223.3
138.51,5.275,215.46,95.763
127.11,7.4125,191.95,106.45
155.61,40.188,219.74,142.79
33.775,1,256.08,119.28
16.675,109.3,62.275,238.97
59.425,188.39,184.11,266.76
51.587,152.76,136.38,245.39
407.84,204.78,512.58,321.62
286,33.775,354.4,115
432.06,1,512.58,76.525
444.18,139.22,491.91,186.25
75.1,84.362,157.04,129.96
132.1,147.06,193.38,189.81
269.61,201.93,338.73,267.48
328.75,1,432.78,126.4
245.39,20.95,319.49,131.39
295.98,132.81,384.32,197.65
56.575,106.45,132.81,150.62
331.6,1,503.31,123.55
289.56,224.72,365.8,318.06
370.07,206.2,424.94,272.46
261.06,215.46,399.29,319.49
129.96,193.38,245.39,296.69
157.04,194.8,253.22,287.43
45.888,90.775,105.03,144.21
1,1,82.938,105.74
45.888,90.775,115.71,147.06
414.25,260.35,512.58,334.45
392.16,145.64,492.62,197.65
124.98,202.64,340.15,342.29
385.04,1,432.06,68.688
340.86,135.66,387.18,194.8
56.575,87.925,132.81,150.62
289.56,268.19,357.25,320.91
301.68,1,387.89,97.188
60.85,188.39,247.53,231.85
261.06,212.61,368.65,324.48
254.65,300.25,315.21,342.29
124.98,35.2,215.46,142.79
225.44,1,347.99,75.1
300.25,127.11,512.58,211.19
27.363,1,118.56,102.89
214.75,198.36,296.69,317.35
293.84,133.53,512.58,226.15
239.69,30.213,297.4,209.05
1,1,164.88,342.29
48.025,117.85,131.39,223.3
303.81,137.8,385.75,193.38
239.69,16.675,297.4,294.55
301.68,13.825,357.25,97.188
367.94,33.775,432.78,122.12
253.22,1,312.36,50.875
172,28.788,214.04,95.763
1,110.73,53.725,299.54
129.96,193.38,245.39,298.11
55.15,202.64,196.94,290.28
206.2,214.04,248.95,288.14
308.8,140.65,387.18,194.8
74.388,65.838,144.93,126.4
295.98,132.81,387.18,197.65
289.56,268.19,357.25,318.06
226.86,285.29,422.8,342.29
1,77.95,59.425,130.68
226.86,290.28,315.21,342.29
268.9,62.988,314.5,134.24
252.51,159.89,299.54,231.14
37.337,189.1,347.99,342.29
230.43,254.65,303.1,342.29
19.525,225.44,122.12,342.29
33.775,219.74,113.58,301.68
1,210.47,122.12,342.29
300.25,140.65,512.58,211.19
267.48,3.85,361.53,106.45
115,217.6,235.41,342.29
58,139.22,246.81,266.05
268.9,74.388,320.91,130.68
230.43,254.65,285.29,342.29
214.75,198.36,352.26,307.38
196.22,43.75,244.68,127.11
387.89,123.55,512.58,200.5
67.975,147.78,136.38,191.24
100.04,211.19,161.31,262.49
37.337,202.64,340.15,342.29
196.22,43.75,240.4,126.4
58,65.838,168.44,184.11
304.53,146.35,387.18,194.8
181.97,85.788,239.69,140.65
280.3,12.4,353.69,107.88
331.6,1,380.76,73.675
100.04,13.113,159.89,53.725
247.53,20.95,319.49,131.39
293.84,1,503.31,123.55
214.75,198.36,352.26,342.29
131.39,139.22,246.81,229.71
356.54,224.01,407.84,300.25
47.312,1,167.72,57.288
15.963,110.73,62.275,230.43
67.975,139.22,246.81,228.29
256.08,3.85,342.29,82.225
1,1,59.425,134.24
251.8,119.28,292.41,232.56
306.66,138.51,387.18,194.8
239.69,1,312.36,209.76
303.1,224.01,355.11,308.8
1,1,54.438,298.82
120.7,59.425,195.51,146.35
125.69,1,276.03,159.89
138.51,5.275,191.95,88.638
247.53,20.95,322.34,131.39
408.55,208.34,512.58,248.95
269.61,201.93,352.26,307.38
165.59,147.78,217.6,189.1
286,34.488,400.71,127.83
37.337,1,166.3,105.03
293.84,133.53,395.73,208.34
48.025,258.93,193.38,342.29
50.875,84.362,132.81,246.1
174.85,1,276.03,139.94
100.04,219.03,144.93,262.49
120.7,85.788,181.97,146.35
45.888,90.775,105.03,147.06
226.15,1,276.03,75.1
58,40.9,239.69,153.47
37.337,196.94,144.21,301.68
201.93,224.72,245.39,309.51
48.738,45.175,135.66,114.29
418.53,67.263,512.58,115.71
245.39,291.7,288.85,335.88
400.71,69.4,509.73,122.84
330.89,1,409.26,89.35
308.09,143.5,350.12,191.95
418.53,221.88,496.19,321.62
369.36,1,433.49,60.138
102.89,219.74,144.93,262.49
295.98,224.01,365.8,314.5
77.237,217.6,144.21,299.54
1,127.83,43.75,298.82
239.69,16.675,297.4,275.31
432.06,1,512.58,72.963
246.81,28.075,290.28,128.54
360.1,1,432.78,122.12
47.312,227.58,95.763,272.46
77.237,190.53,219.74,266.05
244.68,162.03,288.85,243.25
52.3,196.94,125.69,240.4
293.84,114.29,512.58,209.05
37.337,220.45,93.625,281.01
127.11,1,342.29,106.45
279.59,1,342.29,48.025
225.44,1,302.39,75.1
418.53,221.88,512.58,321.62
205.49,8.125,280.3,125.69
205.49,13.825,255.36,198.36
137.8,149.2,193.38,189.81
380.76,300.25,443.46,342.29
53.725,43.038,132.81,109.3
252.51,87.925,304.53,258.21
55.863,127.83,130.68,184.11
290.99,18.1,361.53,106.45
353.69,60.85,402.14,125.69
98.612,75.812,168.44,134.24
389.31,1,512.58,122.84
1,3.1375,54.438,159.89
1,138.51,42.325,238.97
289.56,278.88,377.2,319.49
370.07,207.62,429.93,322.34
286,34.488,400.71,131.39
214.75,198.36,283.86,297.4
432.78,123.55,512.58,200.5
58,142.79,162.03,184.11
167.72,59.425,239.69,142.79
98.612,84.362,168.44,134.24
244.68,162.03,297.4,294.55
205.49,13.825,255.36,108.59
124.98,35.2,248.24,142.79
131.39,107.88,243.96,210.47
50.875,16.675,118.56,57.288
343.71,132.1,444.18,196.94
390.74,1,432.06,55.863
414.25,1,512.58,77.237
25.938,1,116.42,106.45
43.75,24.512,118.56,105.03
172.71,37.337,215.46,95.763
59.425,189.1,219.74,289.56
307.38,137.09,386.46,181.26
280.3,12.4,355.82,104.31
239.69,20.95,322.34,209.05
269.61,201.93,404.28,267.48
38.763,250.38,193.38,342.29
180.55,216.18,245.39,342.29
51.587,43.038,164.16,150.62
392.16,234.7,512.58,342.29
128.54,59.425,239.69,144.21
70.112,192.66,196.94,290.28
353.69,55.863,402.14,125.69
205.49,40.188,247.53,126.4
125.69,1,248.24,159.89
423.51,233.28,512.58,311.65
58.712,153.47,127.83,221.88
37.337,220.45,86.5,264.62
290.28,115.71,496.19,199.79
174.85,1,276.03,106.45
301.68,13.825,345.85,60.85
58.712,153.47,131.39,221.88
408.55,208.34,512.58,314.5
110.73,65.838,153.47,116.42
113.58,18.1,221.88,89.35
48.738,45.175,135.66,109.3
390.74,1,432.06,67.263
320.91,132.1,390.74,196.22
429.21,267.48,496.19,321.62
309.51,55.863,402.14,127.83
269.61,201.93,403.56,267.48
260.35,201.93,340.15,264.62
75.1,84.362,132.81,126.4
77.237,241.11,152.05,300.96
276.74,201.93,359.39,310.23
399.29,288.14,512.58,342.29
331.6,1,512.58,105.03
290.99,223.3,350.84,307.38
59.425,142.79,136.38,184.11
304.53,1,433.49,89.35
196.22,83.65,248.24,139.94
392.88,145.64,437.05,195.51
241.11,28.075,297.4,263.91
174.14,1,268.19,75.1
94.338,192.66,340.86,342.29
432.06,5.9875,512.58,72.963
56.575,106.45,144.93,150.62
370.07,206.2,429.21,277.45
1,1,54.438,139.94
293.12,132.1,390.74,199.79
121.41,217.6,183.4,272.46
132.81,139.22,236.12,182.69
288.14,62.988,400.71,131.39
48.025,18.1,191.24,98.612
291.7,23.088,350.84,91.487
196.22,70.112,242.54,126.4
124.98,253.94,204.78,323.76
279.59,53.013,335.16,113.58
370.07,207.62,424.94,322.34
59.425,142.79,131.39,184.11
132.81,108.59,240.4,189.1
293.12,132.81,387.18,199.79
261.06,254.65,318.78,324.48
25.225,1,102.89,105.03
58,148.49,144.93,229.71
67.975,147.78,192.66,193.38
261.06,212.61,347.28,324.48
400.71,69.4,512.58,122.84
402.85,1,512.58,78.663
392.88,127.11,499.04,199.79
50.875,84.362,132.81,221.16
51.587,40.188,248.24,150.62
20.95,221.88,174.14,342.29
47.312,227.58,152.05,300.96
205.49,13.825,255.36,176.28
125.69,42.325,245.39,159.89
370.07,207.62,429.93,300.25
387.89,129.96,492.62,197.65
186.96,1,256.08,59.425
1,10.263,41.613,112.86
214.04,198.36,303.1,342.29
304.53,146.35,352.98,193.38
49.45,273.18,173.43,342.29
160.6,200.5,206.91,268.9
370.07,207.62,424.94,300.25
1,3.1375,54.438,176.28
1,110.73,53.725,238.97
449.88,293.84,512.58,342.29
196.22,45.175,241.11,127.11
43.038,1,164.88,105.03
174.85,1,276.03,90.775
246.81,28.075,290.28,194.8
429.93,1,512.58,72.963
301.68,1,387.89,97.9
432.78,233.28,512.58,310.94
37.337,220.45,95.763,272.46
290.99,223.3,350.84,299.54
301.68,13.825,355.82,97.188
129.96,298.82,188.39,340.86
293.84,133.53,432.78,208.34
132.81,139.22,236.12,186.96
33.775,18.1,191.24,119.28
102.89,211.9,161.31,262.49
30.213,6.7,204.06,146.35
37.337,220.45,152.05,301.68
126.4,191.95,219.74,289.56
314.5,45.175,371.5,118.56
58,138.51,132.1,184.11
100.04,1,166.3,53.725
289.56,259.64,350.12,325.19
314.5,49.45,355.11,110.73
390.74,10.975,432.06,55.863
48.025,258.93,172,334.45
270.32,1,342.29,76.525
132.81,139.22,236.12,189.1
65.125,1,147.06,43.75
59.425,104.31,247.53,228.29
19.525,225.44,119.28,336.59
290.28,222.59,351.55,307.38
384.32,144.21,444.18,196.94
196.22,69.4,251.09,139.94
290.28,222.59,351.55,298.82
30.213,38.763,85.788,119.99
60.138,189.81,340.86,342.29
50.875,84.362,132.81,198.36
289.56,224.72,368.65,318.06
97.9,192.66,184.11,266.76
1,1,49.45,50.875
413.54,21.663,512.58,82.938
40.188,1,142.79,58
273.89,65.838,400.71,131.39
205.49,13.113,263.2,62.988
115,27.363,159.89,75.1
37.337,220.45,239.69,342.29
24.512,238.26,122.12,342.29
239.69,64.412,331.6,209.05
413.54,1,512.58,77.95
314.5,219.03,355.82,267.48
279.59,9.55,335.16,113.58
285.29,25.938,355.11,110.73
126.4,191.95,179.84,233.28
408.55,208.34,512.58,311.65
196.22,83.65,245.39,159.89
59.425,189.1,175.56,257.5
276.74,201.93,465.55,325.19
254.65,234.7,297.4,292.41
399.29,261.78,485.5,322.34
17.387,1,116.42,102.89
390.03,65.125,503.31,121.41
1,10.975,62.275,231.14
413.54,1,496.19,70.825
48.025,241.11,193.38,342.29
160.6,200.5,206.91,298.11
284.57,223.3,352.26,318.06
369.36,35.2,421.38,96.475
408.55,208.34,512.58,310.94
214.04,198.36,289.56,318.78
256.79,1,315.93,42.325
147.06,202.64,196.94,290.28
391.45,129.96,491.91,186.25
185.54,38.05,240.4,85.075
110.73,86.5,164.16,134.24
385.04,33.775,432.78,95.763
367.94,48.025,427.07,102.89
290.28,201.93,350.12,243.25
253.94,159.89,299.54,231.14
107.16,1,165.59,75.1
205.49,212.61,253.22,287.43
365.8,207.62,429.93,322.34
278.16,201.93,350.84,318.78
335.88,224.72,397.86,342.29
306.66,138.51,387.18,194.09
297.4,27.363,353.69,115
389.31,1,432.78,59.425
173.43,216.18,245.39,342.29
253.22,112.86,298.82,229
278.16,201.93,403.56,265.34
336.59,224.01,405.7,300.25
50.875,84.362,243.96,248.95
121.41,188.39,255.36,322.34
59.425,142.08,130.68,184.11
303.1,219.74,365.09,307.38
382.9,261.78,512.58,342.29
226.86,285.29,268.9,342.29
419.95,71.538,512.58,114.29
59.425,289.56,174.14,342.29
309.51,35.2,512.58,127.83
273.89,62.988,357.25,131.39
131.39,128.54,240.4,214.04
417.81,209.05,512.58,261.78
37.337,220.45,144.21,290.99
215.46,233.99,347.28,342.29
121.41,193.38,206.91,298.11
49.45,273.18,132.1,336.59
196.22,198.36,245.39,246.1
396.44,221.88,499.04,342.29
391.45,128.54,493.34,194.8
335.88,224.72,411.4,342.29
343.71,132.1,390.74,196.22
205.49,1,276.74,62.988
59.425,188.39,201.93,266.76
25.938,1,117.14,87.213
57.288,99.325,168.44,152.05
129.96,286,202.64,342.29
44.462,261.06,147.06,342.29
51.587,174.14,128.54,245.39
185.54,30.213,240.4,85.075
33.775,219.74,102.89,301.68
25.225,1,120.7,102.89
113.58,18.1,221.88,90.062
43.75,38.763,85.788,87.213
286,34.488,359.39,127.83
269.61,201.93,340.15,264.62
251.8,119.28,331.6,209.05
288.14,62.988,332.31,112.15
239.69,64.412,320.91,207.62
239.69,1,301.68,294.55
60.138,188.39,253.94,293.84
306.66,288.14,392.16,336.59
353.69,35.2,421.38,125.69
241.11,141.36,288.85,243.25
181.97,65.838,239.69,140.65
308.09,143.5,385.04,191.95
330.89,13.825,387.89,96.475
256.08,1,301.68,74.388
254.65,234.7,297.4,294.55
126.4,191.95,219.74,233.28
126.4,191.95,196.94,289.56
256.08,112.86,298.82,229
40.188,9.55,111.44,58
353.69,35.2,503.31,125.69
273.89,77.95,400.71,131.39
391.45,128.54,492.62,186.96
239.69,30.213,280.3,207.62
186.25,202.64,245.39,309.51
1,1,120.7,231.14
314.5,219.03,371.5,302.39
367.94,206.2,465.55,304.53
290.99,251.8,343.71,307.38
103.6,214.75,157.04,260.35
226.86,285.29,315.21,342.29
124.98,221.16,340.15,342.29
286,24.512,341.57,71.538
115,1,165.59,75.1
256.08,1,301.68,43.75
293.12,133.53,512.58,211.19
432.78,209.76,512.58,320.91
295.98,224.01,355.11,314.5
50.875,43.038,132.81,114.29
1,1,48.025,48.738
129.25,193.38,175.56,254.65
304.53,224.01,355.11,301.68
195.51,188.39,255.36,322.34
432.78,128.54,493.34,198.36
225.44,1,281.01,75.1
127.11,7.4125,189.81,106.45
413.54,23.088,512.58,82.938
278.16,121.41,331.6,209.05
396.44,221.88,475.53,342.29
278.16,211.19,323.76,263.91
334.45,206.91,426.36,342.29
25.225,1,87.925,48.025
37.337,217.6,144.21,301.68
174.14,1,281.01,75.1
290.99,63.7,335.16,110.73
393.59,139.22,492.62,186.96
1,1,54.438,73.675
17.387,1,120.7,102.89
196.22,43.75,242.54,126.4
38.763,251.09,136.38,342.29
115,27.363,162.74,75.1
342.29,132.1,444.18,196.94
97.188,237.55,139.94,290.99
48.025,250.38,95.05,303.1
392.16,129.25,493.34,198.36
59.425,289.56,136.38,342.29
62.275,273.18,129.25,314.5
51.587,86.5,134.24,128.54
329.46,45.175,371.5,118.56
62.275,273.18,143.5,325.19
59.425,189.1,179.12,263.91
49.45,262.49,188.39,340.86
308.09,143.5,385.75,194.09
336.59,224.01,385.75,298.11
432.06,15.963,512.58,77.95
201.93,45.175,243.25,122.84
1,191.95,69.4,333.74
127.11,1,219.03,106.45
49.45,273.18,143.5,342.29
392.16,139.22,493.34,198.36
186.96,1,230.43,59.425
290.28,223.3,350.84,310.23
254.65,300.25,402.85,342.29
429.21,267.48,475.53,314.5
399.29,261.78,452.73,305.95
268.9,64.412,320.91,130.68
389.31,10.975,432.06,67.263
67.263,23.088,122.12,65.838
303.1,219.03,355.11,308.8
110.73,84.362,157.04,129.96
334.45,206.91,442.75,342.29
188.39,209.05,240.4,289.56
1.7125,110.73,42.325,271.04
389.31,1,463.41,67.263
418.53,221.88,459.85,282.44
181.97,65.838,224.01,140.65
399.29,261.78,451.3,305.95
360.1,1,432.78,80.8
264.62,68.688,333.03,134.24
196.22,78.663,257.5,139.94
164.88,147.78,231.14,189.81
246.81,28.075,290.28,83.65
48.025,241.11,172,336.59
51.587,27.363,248.24,150.62
37.337,217.6,144.21,299.54
258.21,1,301.68,43.75
361.53,300.96,429.93,342.29
328.75,1,387.89,70.112
98.612,85.075,164.16,134.24
402.14,146.35,491.91,195.51
253.22,300.25,297.4,342.29
303.1,219.03,365.8,308.8
62.275,273.18,150.62,325.19
48.025,258.93,95.05,303.1
226.86,285.29,288.85,342.29
256.08,112.86,298.82,215.46
286,35.2,347.99,113.58
82.225,191.95,175.56,257.5
432.78,233.28,512.58,320.91
290.99,222.59,351.55,298.82
155.61,76.525,200.5,142.79
74.388,20.95,191.24,98.612
268.9,1,400.71,130.68
48.025,258.93,154.19,327.32
413.54,15.963,512.58,77.95
284.57,223.3,350.84,310.23
23.088,263.2,69.4,333.74
290.99,1,364.38,60.85
308.09,143.5,384.32,191.95
303.1,100.75,512.58,147.78
201.93,1,248.24,52.3
19.525,225.44,119.28,342.29
408.55,288.14,512.58,342.29
50.163,99.325,168.44,224.01
104.31,291.7,172,336.59
280.3,1,364.38,99.325
382.9,261.78,485.5,325.9
382.9,261.78,452.73,325.9
97.188,237.55,139.94,280.3
112.86,85.075,164.16,134.24
63.7,85.075,164.16,150.62
268.9,45.175,400.71,130.68
464.12,113.58,512.58,199.79
290.28,201.93,359.39,250.38
48.025,241.11,125.69,308.8
300.96,1,342.29,48.025
48.025,49.45,124.98,128.54
23.088,263.2,69.4,342.29
367.94,206.2,429.21,277.45
1,257.5,121.41,342.29
392.16,129.25,493.34,196.22
47.312,289.56,136.38,342.29
57.288,152.76,127.83,197.65
59.425,141.36,132.1,184.11
85.788,237.55,139.94,290.99
286,24.512,353.69,115
112.86,86.5,164.16,134.24
230.43,254.65,340.15,342.29
394.3,139.22,491.91,186.25
198.36,211.19,240.4,286
301.68,1,364.38,60.85
305.24,45.175,400.71,129.96
331.6,1,392.16,104.31
241.11,141.36,297.4,275.31
129.96,193.38,174.14,254.65
50.875,84.362,132.81,240.4
1.7125,110.73,42.325,179.12
392.88,128.54,493.34,194.8
59.425,148.49,134.95,194.09
168.44,195.51,245.39,246.1
58.712,84.362,157.04,149.2
273.89,65.125,357.25,131.39
336.59,249.66,392.16,322.34
273.89,65.838,315.93,131.39
360.1,1,401.43,58
276.74,211.19,323.76,263.91
254.65,300.25,328.75,342.29
225.44,10.975,268.19,75.1
84.362,237.55,139.94,280.3
293.12,268.19,342.29,314.5
334.45,206.91,432.78,342.29
181.97,83.65,239.69,140.65
290.99,258.93,339.44,307.38
312.36,224.01,355.11,301.68
59.425,289.56,149.2,342.29
129.96,193.38,206.91,296.69
173.43,78.663,248.24,140.65
268.9,1,503.31,130.68
148.49,29.5,191.24,80.088
351.55,65.125,427.07,126.4
303.1,256.79,345.14,307.38
310.23,65.125,353.69,115
148.49,18.1,191.24,80.088
382.9,261.78,452.73,326.61
276.74,201.93,402.85,263.91
362.95,1,432.78,105.03
48.025,250.38,125.69,308.8
290.99,252.51,343,310.23
369.36,1,433.49,67.263
392.16,139.94,480.51,196.22
362.95,1,429.21,105.03
144.21,107.88,243.96,159.18
172.71,153.47,240.4,210.47
276.74,201.93,405.7,300.25
1,40.9,59.425,130.68
160.6,200.5,206.91,266.76
394.3,142.79,491.91,186.25
25.938,1,116.42,73.675
58,84.362,132.81,128.54
155.61,76.525,199.08,142.79
115,241.83,235.41,342.29
308.09,143.5,387.18,194.09
286,35.2,339.44,99.325
407.84,208.34,465.55,248.95
172.71,144.93,240.4,210.47
196.22,78.663,248.24,139.94
363.66,225.44,405.7,300.25
89.35,282.44,154.19,327.32
138.51,1,219.03,89.35
37.337,220.45,139.94,280.3
432.06,1,512.58,77.95
399.29,288.14,448.45,339.44
195.51,198.36,245.39,276.03
288.85,300.25,347.99,342.29
30.213,21.663,77.237,102.89
392.16,141.36,446.31,196.22
201.93,1,268.19,75.1
390.74,1,433.49,67.263
127.11,1,248.24,106.45
22.375,220.45,69.4,333.74
419.24,209.05,512.58,314.5
174.14,1,219.03,43.75
368.65,65.125,427.07,122.12
290.99,250.38,344.43,310.23
297.4,27.363,341.57,71.538
276.74,201.93,407.84,300.25
97.9,191.95,175.56,257.5
160.6,200.5,206.91,296.69
305.24,65.125,357.25,127.83
50.875,115,132.1,198.36
129.25,206.91,175.56,254.65
205.49,13.825,255.36,75.1
188.39,196.94,245.39,246.1
413.54,22.375,496.19,69.4
235.41,285.29,288.85,335.88
195.51,83.65,239.69,138.51
331.6,12.4,380.76,73.675
367.94,48.025,427.07,122.12
328.75,1,370.07,70.112
328.75,1,380.76,70.112
393.59,142.79,491.91,186.25
416.39,70.825,509.73,119.99
367.94,55.15,427.07,122.12
413.54,22.375,496.19,70.825
113.58,20.95,191.24,89.35
368.65,76.525,427.07,122.12
290.28,248.95,343,307.38
290.99,252.51,343,307.38
294.55,27.363,353.69,115
