1,1,153.47,216.18
87.925,1,512.58,342.29
1,1,512.58,342.29
1,1,113.58,307.38
16.675,10.975,90.775,57.288
87.925,1,512.58,191.95
363.66,214.04,454.86,266.05
1,23.088,268.19,342.29
1,164.88,211.9,342.29
28.788,116.42,241.11,337.3
15.25,115,60.138,196.22
315.93,1,512.58,185.54
87.925,1,273.89,191.95
1,1,96.475,111.44
156.33,1,512.58,342.29
1,1,225.44,179.84
303.81,1,512.58,186.25
101.46,162.03,290.28,338.01
127.11,128.54,512.58,342.29
14.537,32.35,241.83,318.78
1,40.188,65.125,258.21
1,1,225.44,342.29
1,1,251.09,168.44
1,1,512.58,186.25
258.93,69.4,512.58,127.11
330.89,69.4,512.58,140.65
295.98,128.54,512.58,342.29
279.59,1,512.58,156.33
1,1,251.09,342.29
1,248.24,196.94,342.29
187.68,128.54,352.98,320.91
194.09,112.15,353.69,176.28
188.39,128.54,352.98,342.29
184.11,125.69,512.58,342.29
191.24,129.25,512.58,342.29
319.49,139.94,481.23,267.48
214.75,257.5,512.58,342.29
53.725,1,512.58,342.29
211.9,128.54,352.98,314.5
1,1,211.9,342.29
78.663,256.79,191.95,338.73
1,23.088,512.58,342.29
117.14,1,512.58,185.54
143.5,134.24,512.58,342.29
1,1,157.04,123.55
1,1,283.86,335.88
1,1,329.46,342.29
117.14,1,381.48,175.56
172.71,53.725,308.09,97.9
104.31,25.938,203.35,166.3
199.08,147.06,512.58,342.29
14.537,66.55,78.663,216.18
1,116.42,241.11,342.29
131.39,80.088,239.69,172
1,67.263,60.138,266.76
53.725,105.74,352.98,342.29
1,1,315.21,338.01
117.14,1,512.58,175.56
1,251.09,195.51,342.29
53.725,105.74,512.58,342.29
1,62.275,195.51,342.29
51.587,73.675,113.58,310.23
330.89,129.96,481.94,185.54
350.84,135.66,489.06,273.18
1,1,352.98,339.44
1,67.263,221.88,342.29
184.11,128.54,512.58,342.29
53.725,105.74,233.99,337.3
1,1,225.44,174.85
157.75,1,512.58,116.42
161.31,280.3,316.64,341.57
106.45,27.363,187.68,166.3
101.46,141.36,241.11,337.3
234.7,167.72,291.7,230.43
422.8,67.263,512.58,109.3
117.14,1,512.58,342.29
1,254.65,206.2,342.29
88.638,28.788,150.62,114.29
316.64,128.54,512.58,184.11
256.08,268.19,306.66,325.9
287.43,69.4,512.58,273.18
96.475,1,251.09,168.44
1,1,241.83,329.46
241.83,205.49,282.44,270.32
1,34.488,97.188,310.23
335.16,147.06,390.03,191.95
101.46,244.68,189.81,308.09
87.925,1,250.38,191.95
127.11,268.9,184.11,322.34
295.98,134.24,512.58,342.29
99.325,255.36,144.21,318.78
258.93,69.4,512.58,339.44
1,1,157.04,191.95
450.59,134.24,512.58,271.75
14.537,1,124.98,216.18
50.875,1,214.75,181.97
1,40.188,77.237,288.14
292.41,128.54,352.98,305.95
299.54,134.24,512.58,342.29
101.46,165.59,285.29,339.44
228.29,129.96,315.21,320.91
157.75,1,512.58,342.29
330.89,132.81,512.58,173.43
1,254.65,196.22,342.29
189.1,77.95,343.71,121.41
96.475,181.26,152.05,330.89
127.11,257.5,512.58,342.29
194.09,106.45,352.98,221.16
102.17,189.1,208.34,337.3
1,1,85.075,80.088
143.5,69.4,512.58,342.29
298.11,255.36,512.58,342.29
96.475,123.55,153.47,179.84
157.75,48.025,218.31,116.42
305.24,128.54,351.55,265.34
137.09,1,198.36,64.412
209.05,128.54,344.43,321.62
85.075,23.088,268.19,188.39
214.75,134.24,512.58,342.29
236.84,205.49,282.44,258.93
87.925,1,198.36,167.01
157.75,1,273.89,116.42
241.83,172.71,330.89,305.24
204.06,43.038,512.58,149.91
280.3,1,512.58,84.362
279.59,1,512.58,85.075
100.75,1,283.86,295.26
176.28,10.975,293.84,51.587
306.66,134.24,512.58,273.18
292.41,1,512.58,88.638
14.537,1,153.47,216.18
164.88,1,512.58,114.29
183.4,280.3,226.15,339.44
232.56,77.237,512.58,192.66
191.24,77.237,512.58,342.29
66.55,164.88,179.12,330.89
157.75,1,347.99,117.14
232.56,77.237,512.58,288.14
1,1,283.86,330.89
193.38,98.612,353.69,175.56
117.14,1,512.58,129.25
38.763,168.44,102.89,310.94
157.75,50.163,347.99,117.14
113.58,141.36,219.03,246.81
346.56,154.9,481.23,247.53
1,67.263,109.3,305.24
1,1,157.04,58.712
1,1,113.58,288.14
156.33,57.288,512.58,305.24
2.425,10.975,90.775,66.55
1,50.875,102.17,305.24
50.875,33.775,105.03,112.86
156.33,57.288,512.58,342.29
1,1,209.76,129.25
1,1,126.4,112.86
14.537,30.925,83.65,216.18
122.84,116.42,163.45,166.3
117.14,1,353.69,175.56
142.79,180.55,233.99,292.41
97.9,1,198.36,104.31
1,253.22,196.94,342.29
194.09,129.96,329.46,340.15
1,40.9,109.3,315.93
165.59,1,510.44,110.01
10.975,50.875,66.55,121.41
63.7,1,157.04,96.475
14.537,1,100.75,199.08
442.75,1,512.58,49.45
259.64,128.54,352.98,320.91
87.925,1,381.48,191.95
315.93,128.54,512.58,273.89
188.39,284.57,323.05,342.29
298.11,238.26,512.58,342.29
117.14,1,510.44,175.56
321.62,141.36,479.8,270.32
1,25.938,329.46,342.29
14.537,1,283.86,330.89
1,1,82.938,76.525
161.31,257.5,512.58,342.29
236.84,1,512.58,185.54
308.8,127.11,512.58,192.66
102.17,212.61,192.66,308.09
1,1,82.938,65.838
1,157.75,221.88,342.29
290.28,128.54,412.11,339.44
1,255.36,196.94,342.29
23.8,77.95,65.125,199.08
131.39,80.088,196.22,129.25
187.68,128.54,512.58,320.91
147.78,1,343.71,121.41
1,226.86,48.738,292.41
1,253.22,81.513,308.09
343.71,135.66,512.58,273.18
115,286,208.34,337.3
158.46,1,209.05,65.838
1,255.36,206.91,342.29
214.75,290.99,308.09,341.57
14.537,77.95,59.425,178.41
228.29,167.72,291.7,282.44
251.09,129.25,303.1,319.49
330.89,60.85,512.58,132.81
95.763,166.3,148.49,315.21
17.387,62.275,113.58,316.64
189.81,280.3,249.66,338.01
382.19,137.8,484.07,273.18
291.7,1,510.44,83.65
102.17,1,164.16,144.93
327.32,128.54,512.58,169.15
1,50.875,102.17,290.99
165.59,1,308.09,65.125
101.46,113.58,318.78,342.29
209.76,129.25,303.1,342.29
1,1,113.58,185.54
321.62,194.09,476.24,266.05
1,1,152.76,112.86
38.763,164.88,196.22,325.19
28.788,196.22,78.663,308.09
86.5,105.74,164.16,184.83
106.45,25.938,189.1,166.3
1,254.65,191.24,342.29
96.475,164.88,149.91,256.79
319.49,135.66,512.58,273.18
105.03,20.238,187.68,166.3
157.75,61.562,217.6,116.42
14.537,40.188,59.425,178.41
1,10.975,90.775,76.525
173.43,253.94,512.58,342.29
116.42,80.8,187.68,166.3
1,257.5,196.94,342.29
95.763,80.088,315.21,338.01
143.5,257.5,512.58,342.29
101.46,249.66,170.58,328.75
308.8,276.74,512.58,342.29
150.62,1,440.61,121.41
273.18,172.71,318.78,305.24
116.42,85.788,241.83,295.26
157.75,1,227.58,116.42
307.38,1,512.58,60.138
63.7,129.96,329.46,342.29
176.28,138.51,330.89,305.24
161.31,280.3,512.58,342.29
316.64,43.038,512.58,127.11
168.44,9.55,293.84,51.587
50.875,1,352.98,339.44
184.11,128.54,410.69,342.29
228.29,167.72,291.7,271.04
150.62,1,283.86,91.487
102.17,189.1,201.93,308.09
106.45,25.938,187.68,166.3
117.14,1,225.44,69.4
1,257.5,211.9,342.29
108.59,241.83,236.84,338.01
327.32,79.375,419.95,124.26
315.93,128.54,484.07,273.18
214.75,128.54,512.58,342.29
315.93,194.09,484.07,273.18
322.34,149.91,479.8,270.32
330.89,129.96,512.58,185.54
101.46,113.58,512.58,342.29
1,70.112,65.125,288.85
152.76,284.57,227.58,342.29
1,257.5,101.46,342.29
315.93,82.938,512.58,134.95
209.05,129.25,303.1,321.62
279.59,1,330.89,68.688
300.25,257.5,512.58,342.29
321.62,194.09,374.35,263.2
51.587,85.075,154.19,293.84
168.44,9.55,510.44,83.65
164.88,1,512.58,84.362
156.33,57.288,352.98,305.24
300.25,257.5,512.58,325.19
436.34,1,512.58,75.1
1,62.275,113.58,316.64
330.89,60.85,512.58,127.11
1,28.788,97.188,310.23
308.09,147.06,476.24,271.75
293.84,17.387,510.44,83.65
310.94,278.16,512.58,342.29
298.11,137.8,512.58,342.29
327.32,69.4,512.58,124.26
323.76,277.45,476.24,342.29
1,62.275,191.95,338.73
1,1,157.04,111.44
327.32,82.938,512.58,124.26
117.14,1,167.72,69.4
63.7,159.89,153.47,317.35
35.913,11.688,92.2,53.725
236.84,78.663,512.58,127.11
1,62.275,168.44,330.89
181.26,1,335.16,68.688
43.038,1,100.75,191.24
1,35.2,102.17,305.24
314.5,75.1,419.24,122.12
343.71,135.66,489.06,273.18
307.38,1,512.58,186.25
95.763,166.3,150.62,315.21
157.75,59.425,251.8,117.14
214.75,237.55,302.39,340.15
1,226.86,77.95,307.38
194.8,280.3,236.84,338.01
287.43,82.938,385.04,224.01
432.78,135.66,512.58,273.18
321.62,141.36,481.23,270.32
290.28,295.98,412.11,339.44
157.75,1,277.45,116.42
187.68,146.35,291.7,305.95
350.84,137.8,484.07,273.18
216.89,162.74,268.19,271.04
298.11,138.51,512.58,342.29
87.925,242.54,189.81,331.6
372.21,1,512.58,45.175
287.43,69.4,512.58,224.01
159.18,1,207.62,64.412
12.4,192.66,69.4,304.53
1,191.95,50.163,286
351.55,82.938,416.39,124.26
289.56,129.25,375.78,342.29
456.29,134.24,512.58,273.89
315.93,1,512.58,133.53
321.62,141.36,414.96,263.2
271.75,129.96,329.46,340.15
27.363,256.79,152.76,332.31
116.42,157.75,241.83,295.26
14.537,40.188,77.237,196.22
101.46,189.1,200.5,308.09
1,1,82.938,56.575
1,1,157.04,114.29
303.1,18.1,509.01,88.638
150.62,1,194.09,91.487
338.01,67.263,512.58,127.11
86.5,105.74,222.59,192.66
53.725,185.54,97.188,310.23
321.62,134.24,512.58,273.18
157.75,7.4125,218.31,116.42
157.75,59.425,279.59,117.14
1,70.112,50.875,288.14
221.16,165.59,291.7,224.72
241.11,205.49,282.44,257.5
117.14,13.825,159.89,69.4
1,1,65.838,50.163
322.34,197.65,474.1,270.32
136.38,85.788,186.25,132.1
24.512,80.8,66.55,272.46
450.59,134.24,512.58,273.89
303.81,274.6,512.58,342.29
117.85,115.71,250.38,191.95
53.013,26.65,118.56,112.86
411.4,1,462.7,45.175
321.62,134.24,512.58,273.89
1,28.788,98.612,310.23
104.31,25.938,251.09,172
147.78,1,335.16,121.41
204.78,179.84,276.74,305.95
50.875,25.938,113.58,112.86
14.537,1,126.4,216.18
97.9,1,167.72,69.4
279.59,1,440.61,44.462
95.763,253.22,152.05,330.89
157.75,62.275,347.99,117.14
190.53,176.99,251.8,342.29
38.763,75.1,172.71,288.14
117.14,1,225.44,129.25
78.663,1,143.5,96.475
1,40.188,65.125,228.29
100.75,189.1,211.9,342.29
307.38,1,437.76,46.6
156.33,57.288,352.98,172.71
95.763,80.088,238.26,327.32
260.35,1,332.31,47.312
117.14,1,512.58,149.91
117.85,159.89,241.83,227.58
351.55,82.938,395.01,123.55
100.75,180.55,233.99,337.3
22.375,192.66,69.4,304.53
67.263,84.362,109.3,185.54
316.64,128.54,512.58,183.4
221.16,165.59,275.31,224.72
391.45,1,448.45,45.175
101.46,129.96,315.21,338.01
1,23.088,268.19,305.24
85.075,1,157.04,87.925
16.675,10.975,94.338,75.1
51.587,1,164.16,180.55
1,40.188,65.125,288.85
1,50.875,95.05,290.99
216.89,163.45,275.31,224.72
201.21,138.51,257.5,216.89
101.46,244.68,189.81,291.7
62.275,283.15,211.9,342.29
114.29,112.86,164.88,167.01
303.81,1,464.12,66.55
150.62,1,512.58,185.54
216.89,151.34,268.19,279.59
53.013,26.65,164.16,184.83
308.8,1,512.58,92.2
351.55,82.938,393.59,123.55
63.7,1,157.04,109.3
131.39,80.088,186.25,132.1
168.44,1,510.44,83.65
306.66,1,377.91,55.863
51.587,33.775,103.6,112.86
403.56,23.088,512.58,92.2
117.14,15.25,209.76,129.25
1,44.462,51.587,226.86
85.075,67.975,268.19,188.39
16.675,1,111.44,75.1
196.94,162.03,275.31,325.19
45.888,1,100.75,60.138
322.34,138.51,483.36,273.18
37.337,32.35,80.8,181.97
228.29,129.96,310.94,303.81
67.975,159.89,168.44,330.89
249.66,176.28,290.28,274.6
176.28,7.4125,293.84,51.587
1,40.188,113.58,310.23
96.475,256.79,152.05,330.89
1,72.963,75.812,304.53
442.75,1,512.58,60.138
1,1,157.04,315.93
229,179.84,279.59,281.73
102.17,1,251.09,168.44
165.59,1,512.58,186.25
368.65,199.79,460.56,244.68
1,253.22,88.638,309.51
350.12,134.24,512.58,273.18
322.34,198.36,385.75,263.2
199.08,257.5,512.58,342.29
1,11.688,92.2,75.1
17.387,62.275,77.237,206.91
214.04,290.99,256.79,337.3
63.7,159.89,271.75,342.29
24.512,88.638,65.125,196.22
184.11,128.54,375.78,342.29
85.075,67.975,268.19,175.56
1,253.94,77.95,307.38
48.738,189.1,95.05,310.94
23.8,258.93,78.663,308.09
17.387,62.275,113.58,220.45
60.138,161.31,102.89,209.76
24.512,75.1,173.43,330.89
14.537,32.35,241.83,329.46
258.93,69.4,512.58,183.4
224.72,178.41,273.18,258.93
259.64,129.96,315.21,228.29
117.14,9.55,209.76,129.25
1,248.24,77.95,307.38
1,258.21,101.46,342.29
322.34,198.36,474.1,270.32
2.425,28.788,62.988,71.538
188.39,201.93,248.95,342.29
196.94,181.97,302.39,340.15
38.763,164.88,148.49,315.93
43.75,29.5,94.338,75.1
192.66,120.7,250.38,166.3
199.08,129.25,512.58,342.29
238.97,167.72,291.7,214.04
159.18,65.125,218.31,117.14
78.663,1,157.04,96.475
117.14,1,212.61,129.25
67.975,164.88,148.49,315.93
77.237,157.75,221.88,331.6
186.25,126.4,251.8,172
88.638,53.725,150.62,114.29
1,1,111.44,76.525
66.55,160.6,179.12,330.89
214.75,290.99,385.04,342.29
1,11.688,92.2,77.95
114.29,189.1,200.5,251.09
51.587,117.14,104.31,316.64
85.075,1,149.2,87.925
66.55,159.89,144.21,317.35
127.11,200.5,177.7,244.68
236.84,78.663,512.58,185.54
110.73,241.83,236.84,338.01
164.88,7.4125,293.84,65.125
51.587,28.788,164.16,180.55
127.11,242.54,189.81,291.7
173.43,85.788,353.69,176.28
51.587,33.775,118.56,178.41
357.25,80.8,476.24,122.12
357.25,80.8,512.58,122.12
101.46,233.28,203.35,337.3
241.83,181.97,288.85,280.3
59.425,116.42,164.16,225.44
14.537,32.35,80.8,216.18
185.54,9.55,294.55,50.163
379.34,139.94,481.23,194.09
280.3,1,448.45,55.863
214.75,290.99,302.39,342.29
299.54,257.5,394.3,321.62
164.88,1,340.15,68.688
159.18,65.125,212.61,117.14
318.06,271.75,512.58,314.5
261.78,129.25,303.1,321.62
1,50.875,95.05,269.61
211.9,162.03,295.98,306.66
40.9,186.96,95.05,310.94
59.425,116.42,163.45,225.44
289.56,128.54,512.58,342.29
49.45,73.675,113.58,310.23
293.84,17.387,510.44,78.663
299.54,257.5,512.58,342.29
327.32,67.263,512.58,156.33
258.93,69.4,512.58,134.95
119.28,67.975,192.66,132.1
363.66,69.4,512.58,110.01
214.04,242.54,305.95,339.44
280.3,1,448.45,84.362
338.01,156.33,471.25,224.01
154.19,85.788,196.94,131.39
292.41,1,510.44,88.638
103.6,263.91,144.21,315.93
101.46,1,512.58,342.29
1,25.938,251.09,310.23
194.09,165.59,291.7,286.71
279.59,1,512.58,75.1
259.64,129.96,315.21,320.91
1,1,187.68,315.93
24.512,75.1,144.21,315.93
190.53,203.35,246.1,342.29
300.25,257.5,471.96,303.81
330.18,80.8,512.58,123.55
300.25,257.5,424.23,324.48
310.23,277.45,398.57,342.29
184.11,162.03,241.83,295.26
117.14,37.337,381.48,175.56
95.763,140.65,221.88,327.32
330.89,133.53,481.94,185.54
176.28,115.71,250.38,168.44
327.32,67.263,512.58,127.11
142.79,178.41,241.11,293.12
321.62,141.36,476.24,266.76
17.387,62.275,113.58,206.91
1,1,118.56,112.86
290.28,128.54,352.98,314.5
204.78,179.84,261.78,289.56
303.1,1.7125,512.58,90.775
316.64,128.54,471.25,224.01
59.425,163.45,144.21,225.44
271.75,129.96,326.61,340.15
14.537,86.5,69.4,304.53
100.75,1,189.1,166.3
335.16,147.06,389.31,191.95
194.09,241.83,236.84,338.01
1,254.65,88.638,342.29
299.54,257.5,512.58,321.62
15.963,258.21,189.1,337.3
114.29,189.1,195.51,249.66
95.763,1,225.44,174.85
12.4,174.85,75.812,304.53
53.013,25.938,251.09,184.83
332.31,69.4,512.58,112.86
241.11,206.91,282.44,257.5
136.38,86.5,203.35,166.3
357.96,83.65,512.58,124.26
47.312,33.062,117.14,117.85
259.64,129.96,310.94,172.71
47.312,25.938,135.66,117.85
131.39,80.088,238.26,189.1
97.9,159.89,233.28,292.41
51.587,85.075,101.46,293.84
330.18,78.663,512.58,123.55
100.75,189.1,208.34,337.3
117.14,39.475,214.75,129.25
330.89,84.362,460.56,127.11
272.46,257.5,472.68,340.15
194.09,113.58,318.78,169.15
172.71,1,510.44,110.01
114.29,189.1,200.5,249.66
117.14,116.42,164.16,166.3
63.7,159.89,144.21,317.35
444.18,134.24,512.58,273.18
102.17,50.875,152.76,110.73
319.49,210.47,388.6,265.34
119.28,67.975,251.8,172
15.25,115,60.138,266.76
50.875,28.075,113.58,113.58
329.46,167.72,386.46,224.72
127.11,271.04,184.11,322.34
100.75,1,283.86,227.58
322.34,149.91,479.8,266.76
164.88,7.4125,297.4,55.863
14.537,1,100.75,216.18
370.07,22.375,501.89,80.088
15.25,258.21,196.94,342.29
96.475,123.55,144.21,179.84
136.38,85.788,238.26,189.1
50.875,25.938,113.58,185.54
193.38,90.775,320.91,175.56
1,40.9,48.025,253.94
299.54,248.95,512.58,342.29
291.7,139.94,344.43,305.24
297.4,128.54,352.98,264.62
37.337,32.35,80.8,190.53
221.88,129.25,303.1,320.2
78.663,164.88,163.45,330.89
97.9,181.26,139.22,316.64
188.39,176.99,251.8,342.29
456.29,134.24,512.58,273.18
315.93,75.1,512.58,133.53
77.237,163.45,144.21,315.93
205.49,113.58,318.78,166.3
214.75,290.99,391.45,342.29
127.11,200.5,173.43,244.68
136.38,85.788,186.96,132.1
87.925,80.088,187.68,167.01
224.72,268.19,339.44,342.29
51.587,85.075,154.19,315.93
104.31,1,164.16,144.93
1,40.188,95.05,310.94
51.587,42.325,103.6,112.86
150.62,1,283.86,116.42
16.675,1,150.62,114.29
295.98,128.54,512.58,304.53
164.88,1,343,114.29
66.55,160.6,179.12,333.03
24.512,69.4,77.237,196.22
96.475,105.74,164.16,179.84
305.24,128.54,352.98,265.34
315.93,77.237,512.58,133.53
293.84,18.1,501.89,83.65
30.925,155.61,87.925,220.45
194.09,106.45,352.98,189.81
190.53,201.93,248.95,342.29
229,164.16,295.98,306.66
241.83,205.49,282.44,258.21
116.42,86.5,187.68,166.3
343.71,139.94,481.23,267.48
113.58,112.86,164.88,167.01
351.55,82.938,442.04,123.55
50.875,25.938,214.75,166.3
234.7,1,311.65,41.613
79.375,189.81,152.05,330.89
291.7,128.54,352.98,305.24
95.763,116.42,163.45,179.12
194.09,106.45,352.98,279.59
239.69,181.97,288.85,280.3
87.925,1,129.25,87.925
8.125,50.875,95.05,220.45
127.11,268.9,184.11,329.46
279.59,1,377.91,68.688
67.975,159.89,153.47,317.35
197.65,128.54,344.43,339.44
298.82,255.36,385.04,303.81
272.46,257.5,512.58,342.29
190.53,261.06,246.1,342.29
102.89,189.1,200.5,250.38
95.763,123.55,154.19,174.85
306.66,147.78,476.24,272.46
303.81,30.925,440.61,84.362
97.9,159.89,271.75,342.29
229.71,191.24,271.75,302.39
14.537,1,173.43,330.89
104.31,25.938,164.16,144.93
102.17,253.22,176.99,308.09
232.56,77.237,512.58,273.18
444.18,134.24,512.58,271.75
241.83,172.71,325.19,305.24
53.725,181.26,95.763,310.23
96.475,256.79,168.44,330.89
1,1,79.375,58
211.9,129.96,311.65,306.66
156.33,105.74,313.07,172.71
58,63.7,117.14,117.85
100.75,189.1,209.05,337.3
310.94,277.45,408.55,324.48
272.46,158.46,326.61,340.15
102.17,224.01,231.85,339.44
321.62,141.36,457.71,266.76
232.56,82.938,512.58,134.95
201.21,138.51,291.7,230.43
344.43,133.53,512.58,179.84
327.32,79.375,432.78,124.26
7.4125,25.938,135.66,123.55
143.5,160.6,512.58,342.29
394.3,155.61,479.8,196.94
287.43,129.25,333.03,224.01
63.7,1,157.04,114.29
290.28,295.98,375.78,340.15
119.28,124.26,166.3,166.3
79.375,189.81,172,330.89
214.75,290.99,302.39,340.15
184.11,280.3,375.78,342.29
279.59,1,464.12,68.688
127.11,271.04,184.11,329.46
295.98,128.54,344.43,304.53
86.5,105.74,233.99,337.3
391.45,156.33,479.8,214.04
315.93,76.525,512.58,133.53
330.89,278.16,417.81,324.48
168.44,9.55,295.26,55.15
95.763,158.46,221.88,315.21
113.58,80.088,187.68,167.01
228.29,129.96,310.94,319.49
323.76,277.45,512.58,342.29
330.18,77.237,512.58,123.55
102.17,244.68,189.81,308.09
357.25,281.01,417.81,324.48
272.46,268.19,318.78,340.15
372.93,271.75,512.58,342.29
102.17,189.1,195.51,259.64
70.825,73.675,113.58,175.56
204.78,180.55,248.95,289.56
209.76,176.99,251.8,336.59
224.72,164.88,291.7,230.43
209.05,165.59,275.31,289.56
300.25,257.5,472.68,303.81
183.4,258.93,231.85,339.44
343.71,191.95,461.99,267.48
154.19,85.788,238.26,169.15
161.31,290.28,206.2,337.3
321.62,147.78,476.24,267.48
176.28,138.51,291.7,293.12
50.875,84.362,109.3,209.76
27.363,268.9,109.3,315.93
358.68,82.938,412.11,123.55
194.09,113.58,313.07,186.96
24.512,80.088,109.3,315.93
50.875,20.238,187.68,315.93
276.74,128.54,344.43,310.94
13.825,186.96,95.05,310.94
270.32,1,340.15,68.688
363.66,214.04,474.1,270.32
136.38,85.788,239.69,172
188.39,176.99,339.44,342.29
27.363,256.79,109.3,315.93
157.75,1,225.44,116.42
123.55,1,283.86,116.42
168.44,47.312,353.69,175.56
330.89,132.81,512.58,183.4
113.58,141.36,241.11,293.12
184.11,284.57,375.78,342.29
50.875,33.775,105.03,113.58
231.85,228.29,276.74,305.95
60.138,155.61,172.71,282.44
329.46,8.8375,375.78,55.863
96.475,123.55,141.36,179.84
38.763,75.1,241.83,318.78
1,34.488,52.3,294.55
150.62,1,440.61,91.487
414.96,288.14,512.58,329.46
403.56,23.088,512.58,88.638
164.88,7.4125,293.84,55.863
77.237,157.75,221.88,205.49
322.34,204.06,466.98,266.76
321.62,147.78,476.24,266.05
204.78,163.45,291.7,305.95
101.46,106.45,352.98,339.44
457,15.25,512.58,77.237
234.7,1,308.09,41.613
188.39,284.57,375.78,342.29
173.43,253.94,382.9,342.29
101.46,244.68,189.81,325.19
164.88,1,332.31,114.29
273.18,172.71,325.19,305.24
114.29,192.66,194.8,248.24
356.54,1,464.12,45.175
330.89,1.7125,512.58,54.438
113.58,80.8,187.68,167.01
397.86,281.73,512.58,325.19
303.1,1,512.58,90.775
236.84,78.663,512.58,133.53
1,1,353.69,176.28
160.6,1,225.44,63.7
310.23,128.54,352.98,264.62
66.55,164.88,146.35,315.93
196.94,237.55,302.39,340.15
1,1,150.62,114.29
176.28,115.71,221.88,168.44
214.04,290.99,305.95,342.29
194.09,162.03,291.7,286.71
1,32.35,62.988,75.1
15.963,258.21,64.412,305.24
420.66,1,512.58,78.663
101.46,189.1,196.22,325.19
119.28,88.638,176.28,166.3
432.78,135.66,489.06,273.18
329.46,139.94,402.85,224.72
194.09,113.58,318.78,286.71
463.41,21.663,512.58,75.812
241.83,206.2,282.44,270.32
334.45,147.06,389.31,199.79
102.17,189.1,196.22,259.64
272.46,272.46,336.59,339.44
142.79,212.61,192.66,293.84
117.14,9.55,167.72,52.3
335.16,147.06,381.48,191.95
198.36,162.03,275.31,305.95
1,40.188,67.263,288.85
1,72.963,65.125,228.29
318.06,270.32,512.58,325.19
310.23,277.45,512.58,342.29
53.013,33.775,103.6,112.86
190.53,176.99,271.75,342.29
161.31,280.3,249.66,338.01
322.34,149.91,481.23,270.32
187.68,146.35,241.83,293.12
330.89,277.45,408.55,324.48
48.738,188.39,105.74,308.09
116.42,140.65,222.59,192.66
372.21,1,512.58,60.138
298.82,238.26,512.58,303.81
193.38,98.612,320.91,167.01
104.31,25.938,251.09,166.3
24.512,75.1,173.43,316.64
1,257.5,152.05,342.29
173.43,272.46,226.15,339.44
259.64,129.96,310.94,303.81
434.2,138.51,483.36,273.18
156.33,105.74,238.26,169.15
176.28,115.71,238.26,171.29
164.88,1,339.44,115
40.9,185.54,97.188,310.23
17.387,77.95,65.125,184.83
136.38,85.075,239.69,172
298.11,139.22,512.58,342.29
276.03,128.54,352.98,314.5
50.875,1,187.68,315.93
397.86,1.7125,486.93,52.3
214.75,290.99,357.96,342.29
214.75,290.99,316.64,341.57
28.788,196.22,160.6,336.59
214.75,287.43,304.53,339.44
164.88,9.55,339.44,115
38.763,84.362,109.3,305.24
273.89,1,335.16,68.688
67.263,115.71,109.3,185.54
117.14,53.725,186.96,132.1
156.33,105.74,206.91,166.3
70.825,73.675,113.58,185.54
322.34,204.06,385.75,263.2
151.34,284.57,227.58,342.29
157.75,1,217.6,116.42
316.64,128.54,414.96,209.05
96.475,1,157.04,87.925
157.75,62.275,217.6,116.42
104.31,264.62,170.58,325.19
216.89,163.45,268.19,206.91
137.09,290.99,179.84,331.6
85.075,1,209.76,129.25
105.03,19.525,189.1,166.3
136.38,85.788,192.66,132.1
193.38,98.612,320.91,175.56
214.75,290.99,308.09,339.44
78.663,1,143.5,66.55
249.66,176.28,290.28,270.32
220.45,164.88,275.31,224.72
308.8,128.54,352.98,200.5
351.55,82.938,512.58,124.26
24.512,88.638,65.125,288.85
66.55,164.88,163.45,330.89
228.29,178.41,274.6,281.73
60.138,84.362,109.3,209.76
334.45,1,377.91,55.863
50.875,25.938,214.75,181.97
357.96,83.65,407.84,124.26
114.29,189.1,201.93,251.09
463.41,15.963,512.58,75.812
254.65,69.4,343,110.01
53.013,1,118.56,112.86
276.03,147.06,476.24,338.73
387.89,290.99,512.58,342.29
53.725,189.81,95.763,310.23
147.78,1,353.69,176.28
390.74,67.263,512.58,114.29
101.46,189.1,198.36,308.09
322.34,147.06,476.24,267.48
199.08,287.43,382.9,342.29
66.55,164.88,172.71,282.44
287.43,111.44,352.98,224.01
7.4125,45.888,66.55,123.55
63.7,1,124.98,104.31
102.17,180.55,233.99,337.3
300.25,257.5,512.58,324.48
137.8,88.638,194.09,165.59
38.763,168.44,101.46,310.94
87.925,86.5,203.35,175.56
38.763,75.1,172.71,318.78
51.587,168.44,101.46,310.94
216.89,165.59,291.7,258.93
357.96,82.938,407.84,124.26
67.975,159.89,144.21,317.35
190.53,77.95,297.4,121.41
172.71,57.288,426.36,97.9
95.763,158.46,221.88,327.32
259.64,129.96,311.65,172.71
214.04,290.99,310.23,342.29
346.56,168.44,477.66,247.53
234.7,167.72,291.7,248.95
24.512,80.8,66.55,196.22
77.237,157.75,221.88,250.38
194.09,113.58,318.78,310.94
303.81,30.925,436.34,83.65
116.42,122.84,241.83,295.26
85.075,86.5,203.35,175.56
102.17,199.79,174.85,259.64
136.38,85.788,251.09,168.44
363.66,1,464.12,45.175
164.88,50.163,339.44,114.29
272.46,272.46,417.81,340.15
319.49,276.74,512.58,342.29
28.788,221.16,78.663,308.09
101.46,189.1,231.85,339.44
204.06,150.62,247.53,258.21
443.46,17.387,510.44,58.712
152.05,85.075,202.64,132.1
319.49,139.94,402.85,265.34
136.38,86.5,189.1,166.3
1,254.65,102.17,342.29
199.08,172.71,512.58,342.29
198.36,162.03,271.75,302.39
53.725,203.35,160.6,336.59
229,179.84,279.59,276.03
211.9,162.03,275.31,224.72
117.14,1,167.72,53.013
78.663,1,143.5,89.35
87.925,242.54,189.81,328.75
52.3,53.013,103.6,113.58
234.7,181.97,288.85,257.5
49.45,185.54,97.188,310.23
330.18,80.8,472.68,123.55
95.763,70.825,185.54,174.85
300.25,257.5,408.55,324.48
96.475,181.26,168.44,330.89
117.14,9.55,218.31,129.25
88.638,25.938,135.66,110.01
330.89,278.88,460.56,342.29
359.39,82.938,442.04,123.55
53.725,189.1,98.612,310.94
158.46,1,297.4,65.838
131.39,80.088,192.66,129.25
165.59,9.55,241.11,52.3
229,167.72,291.7,276.03
366.51,199.79,461.99,267.48
194.09,113.58,318.78,342.29
196.94,162.03,290.28,325.19
209.05,184.11,261.78,289.56
153.47,286,208.34,337.3
327.32,128.54,512.58,186.25
102.17,244.68,189.81,291.7
333.74,75.1,512.58,117.85
105.03,70.825,185.54,129.96
117.14,1,198.36,69.4
333.74,60.85,512.58,117.85
16.675,1,103.6,112.86
303.81,18.1,510.44,85.075
321.62,194.09,388.6,264.62
164.88,50.163,339.44,108.59
322.34,137.8,512.58,273.18
316.64,128.54,402.85,186.25
332.31,147.78,414.96,209.05
334.45,147.06,469.11,199.79
332.31,147.78,423.51,209.05
298.11,276.74,512.58,342.29
357.25,77.237,512.58,122.12
1,258.21,64.412,342.29
248.24,166.3,291.7,208.34
97.9,70.825,185.54,166.3
23.8,77.95,65.125,206.91
204.78,164.88,275.31,279.59
104.31,1,164.16,115.71
136.38,85.788,186.25,131.39
104.31,264.62,147.78,311.65
157.75,57.288,352.98,120.7
198.36,162.03,241.83,261.06
165.59,9.55,296.69,65.125
95.763,161.31,153.47,257.5
327.32,128.54,512.58,184.83
38.763,188.39,109.3,305.24
52.3,53.013,117.14,127.11
337.3,190.53,457.71,266.76
270.32,6.7,340.15,68.688
209.05,128.54,344.43,339.44
332.31,147.78,469.11,209.05
164.88,34.488,339.44,115
1,1,83.65,98.612
190.53,9.55,294.55,50.163
113.58,189.1,200.5,251.09
346.56,154.9,481.23,270.32
380.76,168.44,477.66,247.53
303.81,43.038,512.58,149.91
1,1,81.513,58.712
198.36,146.35,241.83,261.06
176.28,185.54,248.95,293.12
330.18,82.938,393.59,123.55
51.587,20.238,187.68,315.93
16.675,1,97.9,82.938
308.8,1,512.58,49.45
327.32,82.938,416.39,124.26
433.49,17.387,510.44,67.263
310.94,278.88,512.58,342.29
157.75,62.275,212.61,117.14
351.55,82.938,407.84,124.26
150.62,1,217.6,116.42
53.725,189.1,95.05,310.94
217.6,165.59,275.31,260.35
214.75,287.43,304.53,342.29
306.66,154.19,473.39,272.46
52.3,33.775,105.03,112.86
216.89,162.74,258.21,271.04
112.15,85.788,241.83,295.26
436.34,1,512.58,76.525
313.79,82.938,385.04,155.61
1,257.5,184.83,342.29
400,166.3,479.8,207.62
187.68,162.03,241.83,293.12
211.19,112.15,353.69,176.28
24.512,80.088,105.74,308.09
198.36,162.03,248.95,289.56
272.46,272.46,321.62,339.44
396.44,43.038,512.58,88.638
97.9,88.638,176.28,166.3
87.925,86.5,150.62,141.36
50.875,35.913,97.188,77.95
205.49,65.125,279.59,114.29
10.975,50.875,95.05,189.1
457,137.8,512.58,273.18
397.86,1.7125,448.45,52.3
201.21,169.15,241.83,216.89
228.29,178.41,271.75,281.73
117.14,1,186.25,69.4
115,279.59,208.34,337.3
350.12,82.938,395.01,123.55
214.04,290.99,305.95,339.44
211.19,113.58,318.78,166.3
194.09,113.58,318.78,176.28
246.1,181.97,288.85,280.3
199.79,165.59,285.29,325.19
300.25,257.5,403.56,313.07
214.75,253.94,304.53,340.15
1,80.088,109.3,315.93
198.36,162.03,275.31,325.19
1,251.09,78.663,308.09
147.78,1,335.16,68.688
87.925,86.5,187.68,175.56
117.14,1,510.44,129.25
391.45,1,464.12,45.175
168.44,47.312,352.98,175.56
329.46,147.06,469.11,224.72
186.25,129.25,239.69,172
362.95,27.363,481.23,80.088
403.56,23.088,512.58,90.775
423.51,69.4,512.58,112.86
397.86,1.7125,512.58,54.438
310.94,278.88,460.56,342.29
290.28,295.98,356.54,339.44
455.57,17.387,510.44,67.263
332.31,147.78,469.11,211.9
219.74,57.288,352.98,120.7
101.46,242.54,189.81,328.75
101.46,189.1,247.53,338.01
193.38,98.612,353.69,167.01
53.013,55.863,103.6,112.86
173.43,253.94,304.53,340.15
7.4125,45.888,66.55,119.99
97.9,181.26,173.43,316.64
312.36,248.95,512.58,289.56
140.65,189.1,201.93,251.09
322.34,199.79,476.24,267.48
38.763,188.39,83.65,299.54
137.09,87.213,185.54,129.96
314.5,75.1,427.07,122.12
101.46,249.66,156.33,315.93
292.41,1,435.62,66.55
194.09,162.03,291.7,305.24
92.2,189.81,152.05,330.89
327.32,60.85,512.58,186.25
109.3,264.62,208.34,337.3
116.42,159.89,233.28,292.41
127.11,244.68,189.81,291.7
83.65,112.86,166.3,181.97
291.7,1,510.44,78.663
21.663,256.79,81.513,308.09
1,1,83.65,58.712
102.17,243.96,203.35,333.74
50.875,33.062,117.14,127.11
28.788,116.42,164.16,336.59
142.79,192.66,199.08,251.09
246.1,181.97,288.85,258.21
100.04,112.86,164.16,166.3
228.29,179.84,271.04,281.73
389.31,290.99,476.24,342.29
330.89,133.53,512.58,184.11
300.25,257.5,403.56,320.2
216.89,163.45,291.7,230.43
293.84,20.95,501.89,83.65
113.58,189.1,200.5,248.24
78.663,184.11,163.45,330.89
330.18,82.938,412.11,123.55
298.82,255.36,339.44,303.81
322.34,204.06,381.48,263.2
87.925,86.5,154.19,179.84
304.53,278.16,417.81,340.15
85.075,75.1,203.35,175.56
1,210.47,52.3,294.55
52.3,33.775,105.03,113.58
136.38,85.788,238.26,171.29
389.31,271.75,512.58,323.05
370.07,26.65,437.05,80.088
117.14,9.55,167.72,69.4
119.28,112.86,164.88,167.01
117.14,1,352.98,175.56
221.88,186.25,271.75,302.39
216.89,151.34,268.19,271.04
1,1,82.225,58.712
100.75,189.1,201.93,308.09
304.53,282.44,512.58,342.29
193.38,165.59,285.29,325.19
101.46,189.1,236.84,338.01
47.312,35.913,117.14,117.85
102.17,189.1,201.93,291.7
12.4,1,82.938,54.438
333.74,73.675,512.58,117.85
65.838,84.362,109.3,184.11
190.53,280.3,236.84,342.29
12.4,192.66,53.013,290.99
329.46,167.72,447.03,224.72
67.975,164.88,146.35,315.93
391.45,155.61,479.8,214.04
330.89,141.36,414.96,211.9
422.8,69.4,512.58,112.86
94.338,282.44,163.45,330.89
420.66,17.387,510.44,78.663
214.75,287.43,382.9,342.29
204.78,164.88,275.31,276.74
97.9,164.88,149.91,316.64
295.98,155.61,471.96,304.53
136.38,85.788,233.28,168.44
37.337,32.35,80.8,183.4
1,44.462,52.3,294.55
173.43,7.4125,293.84,51.587
351.55,82.938,461.28,123.55
329.46,174.14,447.03,224.72
51.587,33.775,164.16,180.55
85.075,1,129.25,87.925
164.88,50.163,339.44,115
17.387,77.95,65.125,206.91
187.68,180.55,233.99,292.41
194.09,167.01,241.83,227.58
24.512,88.638,65.125,184.83
157.75,61.562,297.4,121.41
330.89,133.53,481.94,179.84
51.587,33.775,118.56,180.55
117.14,9.55,246.1,129.25
1,1,82.225,50.163
185.54,7.4125,293.84,48.738
51.587,168.44,101.46,293.84
97.9,181.26,172.71,290.99
176.28,115.71,233.28,168.44
70.825,73.675,113.58,184.83
17.387,77.95,59.425,184.83
85.075,67.975,251.8,175.56
175.56,120.7,238.26,169.15
224.72,165.59,275.31,230.43
228.29,178.41,273.18,269.61
439.19,1,512.58,77.237
221.88,186.25,271.75,297.4
350.12,82.938,412.11,123.55
100.75,1,241.83,227.58
105.03,70.825,184.11,117.85
220.45,129.25,303.1,320.2
95.763,112.86,166.3,174.85
147.78,1,311.65,67.263
40.9,188.39,105.74,308.09
97.9,181.26,139.22,315.93
102.17,189.1,231.85,339.44
102.17,253.22,176.99,303.81
96.475,164.88,173.43,316.64
152.76,284.57,216.89,337.3
232.56,77.237,512.58,134.95
241.11,181.97,288.85,257.5
164.88,10.263,327.32,114.29
300.25,257.5,512.58,303.81
117.85,140.65,241.83,227.58
336.59,140.65,402.85,186.25
192.66,120.7,250.38,165.59
321.62,141.36,479.8,266.76
280.3,1,332.31,47.312
329.46,1,448.45,55.863
432.78,211.19,483.36,273.18
292.41,1,510.44,85.075
298.82,238.26,385.04,303.81
17.387,45.888,66.55,119.99
8.125,50.875,95.05,216.18
216.89,165.59,291.7,224.72
443.46,18.1,501.18,58.712
391.45,134.24,512.58,273.18
97.9,181.26,140.65,316.64
203.35,113.58,313.07,172.71
101.46,189.1,227.58,342.29
298.11,255.36,339.44,319.49
420.66,29.5,481.23,78.663
190.53,80.088,246.1,121.41
130.68,189.1,200.5,250.38
221.88,253.94,276.03,330.18
114.29,189.1,201.93,248.24
137.09,244.68,189.81,291.7
333.74,75.1,512.58,117.14
298.11,255.36,512.58,319.49
337.3,214.04,388.6,264.62
321.62,210.47,388.6,264.62
321.62,191.95,381.48,263.2
214.75,287.43,304.53,340.15
1,1,78.663,56.575
104.31,25.938,164.16,115.71
164.88,1,510.44,114.29
122.84,192.66,185.54,243.25
116.42,140.65,241.83,295.26
270.32,6.7,311.65,61.562
233.28,57.288,426.36,97.9
87.925,282.44,163.45,330.89
15.963,258.21,62.988,303.1
164.88,7.4125,343,114.29
243.96,298.82,305.95,339.44
18.812,117.85,59.425,196.94
136.38,86.5,187.68,166.3
87.925,112.86,166.3,181.97
119.28,67.975,202.64,132.1
330.89,281.01,417.81,324.48
116.42,86.5,187.68,165.59
300.25,257.5,412.11,303.81
207.62,113.58,313.07,166.3
183.4,283.86,226.15,339.44
308.8,128.54,352.98,263.91
176.28,185.54,223.3,293.12
110.73,290.28,206.2,337.3
24.512,75.1,110.73,290.99
321.62,210.47,362.24,263.2
335.16,139.94,402.85,191.95
100.04,112.86,164.16,179.12
220.45,165.59,275.31,272.46
24.512,88.638,65.125,199.08
245.39,57.288,340.86,109.3
293.84,20.95,477.66,67.975
344.43,133.53,512.58,184.11
327.32,82.938,385.04,127.11
78.663,1,143.5,58.712
134.24,208.34,196.22,251.09
293.84,26.65,437.05,67.975
183.4,292.41,226.15,339.44
228.29,179.84,271.04,256.79
147.78,1,297.4,65.838
1,40.9,48.025,248.24
238.26,207.62,285.29,325.19
236.12,242.54,305.95,339.44
209.05,165.59,276.74,289.56
1,1,83.65,58
400,168.44,477.66,213.33
24.512,80.088,65.838,200.5
113.58,112.86,164.16,166.3
366.51,1,448.45,52.3
87.925,99.325,157.04,175.56
123.55,112.86,164.88,167.01
293.84,17.387,510.44,67.975
63.7,203.35,160.6,336.59
322.34,204.06,434.91,266.76
194.09,132.81,251.09,286.71
114.29,80.8,194.09,166.3
248.24,164.88,291.7,211.19
303.1,18.1,512.58,90.775
138.51,201.21,185.54,250.38
224.72,179.84,285.29,325.19
214.75,290.99,269.61,337.3
366.51,199.79,476.24,266.05
1,45.888,48.025,248.24
330.89,132.81,512.58,179.84
330.89,281.01,460.56,342.29
168.44,47.312,352.98,118.56
363.66,214.04,456.29,266.76
204.06,165.59,246.81,258.21
1,1,83.65,80.088
45.888,1,95.763,60.138
463.41,15.25,512.58,58
87.925,86.5,154.19,144.93
231.14,178.41,274.6,219.74
119.28,111.44,166.3,166.3
164.88,7.4125,297.4,61.562
292.41,27.363,335.16,68.688
291.7,1,385.75,83.65
239.69,166.3,291.7,275.31
77.237,164.88,146.35,258.21
362.95,18.1,509.01,80.088
351.55,43.038,512.58,123.55
327.32,128.54,402.85,169.15
122.84,192.66,194.8,246.81
50.875,25.938,194.09,166.3
101.46,233.28,203.35,333.74
206.2,165.59,275.31,260.35
164.88,57.288,308.09,114.29
106.45,25.938,194.09,166.3
30.925,169.15,87.925,220.45
77.237,163.45,144.21,208.34
308.09,155.61,471.96,271.75
172.71,57.288,426.36,110.01
372.21,1,462.7,45.175
357.96,83.65,432.78,124.26
137.09,224.01,231.85,339.44
117.14,1,186.25,53.013
58,63.7,103.6,113.58
97.9,199.79,139.22,316.64
115.71,284.57,227.58,342.29
370.07,17.387,510.44,80.088
194.09,106.45,313.07,186.96
221.88,166.3,291.7,302.39
164.88,7.4125,308.09,98.612
8.125,112.86,59.425,216.18
290.28,295.98,375.78,339.44
333.03,149.91,476.24,195.51
47.312,35.913,97.188,100.75
236.12,69.4,343,110.01
194.09,113.58,313.07,166.3
53.725,203.35,97.188,310.23
300.25,257.5,403.56,303.81
113.58,116.42,164.16,166.3
1,255.36,64.412,305.24
303.81,30.925,436.34,88.638
1,255.36,152.05,342.29
73.675,33.775,118.56,178.41
247.53,166.3,291.7,275.31
59.425,179.84,110.01,225.44
51.587,122.84,110.01,209.76
182.69,178.41,241.11,293.12
94.338,282.44,146.35,330.89
137.09,244.68,231.85,339.44
224.72,179.84,271.75,324.48
17.387,70.112,66.55,119.99
293.84,10.975,340.15,68.688
224.72,165.59,275.31,218.31
211.19,112.15,353.69,166.3
261.78,129.25,303.1,320.2
52.3,53.013,107.88,113.58
231.14,178.41,274.6,230.43
164.88,7.4125,308.09,114.29
53.725,188.39,105.74,305.24
106.45,26.65,187.68,166.3
191.24,10.263,327.32,67.263
1,1,81.513,50.163
10.975,50.875,66.55,152.05
113.58,189.1,198.36,246.81
199.79,165.59,275.31,278.88
1,191.95,50.163,263.91
122.84,112.86,166.3,166.3
333.03,149.91,380.05,195.51
50.875,33.062,97.188,77.95
51.587,155.61,172.71,288.14
351.55,82.938,512.58,127.11
293.84,30.925,385.75,83.65
322.34,199.79,476.24,264.62
113.58,189.1,185.54,246.81
113.58,189.1,194.8,246.81
51.587,75.1,110.73,209.76
38.763,179.84,82.938,288.14
137.8,88.638,194.09,166.3
123.55,124.26,166.3,166.3
333.03,149.91,481.23,239.69
38.763,122.84,86.5,288.14
102.17,189.1,198.36,308.09
194.09,132.81,247.53,286.71
164.88,57.288,308.09,97.9
117.14,116.42,163.45,166.3
116.42,82.938,187.68,166.3
142.79,212.61,192.66,255.36
53.725,63.7,103.6,112.86
51.587,55.863,103.6,112.86
24.512,75.1,110.73,272.46
199.79,165.59,275.31,271.75
1,257.5,102.17,342.29
233.28,57.288,308.09,97.9
51.587,36.625,103.6,112.86
117.14,9.55,167.72,53.013
114.29,80.8,164.16,124.26
303.81,18.1,509.01,88.638
217.6,165.59,275.31,218.31
38.763,75.1,110.73,288.14
330.89,132.81,481.94,173.43
172.71,53.725,308.09,98.612
1,254.65,69.4,306.66
370.07,26.65,499.04,80.088
45.888,1,97.9,77.95
1,1,78.663,58
323.76,277.45,398.57,325.9
113.58,159.89,219.03,246.81
322.34,173.43,479.8,266.76
194.09,113.58,318.78,166.3
191.24,10.263,304.53,67.263
293.84,28.788,385.75,83.65
157.75,61.562,218.31,116.42
137.09,244.68,205.49,335.88
16.675,1,83.65,55.15
404.99,301.68,476.24,342.29
136.38,86.5,187.68,165.59
63.7,290.28,160.6,336.59
420.66,27.363,481.23,78.663
53.725,203.35,96.475,310.23
322.34,199.79,459.85,261.78
136.38,85.788,185.54,129.96
194.09,150.62,247.53,286.71
77.237,164.88,172.71,258.21
244.68,166.3,291.7,221.16
199.79,165.59,275.31,260.35
221.16,165.59,275.31,218.31
172.71,57.288,308.09,97.9
322.34,199.79,459.85,264.62
122.84,192.66,185.54,246.81
420.66,29.5,499.04,78.663
322.34,210.47,381.48,261.78
77.237,164.88,146.35,205.49
298.82,111.44,352.98,189.81
1,257.5,88.638,342.29
145.64,283.86,205.49,335.88
334.45,147.06,389.31,195.51
370.07,22.375,499.04,80.088
333.03,149.91,406.41,195.51
362.95,23.8,499.75,80.088
