150.33,1,341.27,511.93
1,1,289,511.93
281.53,1,341.27,197.27
1,1,341.27,511.93
204.73,1,341.27,511.93
222.87,1,341.27,511.93
1,113,248.47,315.67
213.27,305,322.07,355.13
204.73,293.27,341.27,511.93
200.47,1,341.27,281.53
228.2,118.33,334.87,292.2
183.4,1,341.27,511.93
1,113,248.47,346.6
1,282.6,133.27,370.07
222.87,18.067,264.47,95.933
73.533,1,289,173.8
265.53,318.87,341.27,511.93
229.27,1,341.27,511.93
200.47,1,341.27,282.6
1,325.27,287.93,511.93
200.47,1,341.27,314.6
183.4,118.33,341.27,511.93
1,1,261.27,345.53
95.933,332.73,230.33,423.4
200.47,1,341.27,511.93
1,1,309.27,511.93
1,396.73,229.27,511.93
222.87,1,341.27,313.53
235.67,1,341.27,282.6
158.87,299.67,322.07,426.6
235.67,44.733,276.2,282.6
1,282.6,198.33,328.47
1,1,289,319.93
103.4,1,292.2,196.2
283.67,1,341.27,248.47
204.73,293.27,341.27,407.4
1,117.27,252.73,315.67
195.13,1,244.2,196.2
222.87,18.067,270.87,159.93
1,1,293.27,315.67
262.33,1,341.27,281.53
150.33,339.13,326.33,511.93
1,1,303.93,511.93
1,1,341.27,345.53
205.8,293.27,341.27,407.4
1,1,308.2,511.93
222.87,18.067,282.6,282.6
261.27,375.4,328.47,511.93
222.87,248.47,341.27,511.93
1,137.53,276.2,511.93
1,1,289,346.6
102.33,1,293.27,173.8
1,238.87,341.27,511.93
213.27,434.07,309.27,511.93
1,1,221.8,197.27
100.2,1,269.8,120.47
206.87,269.8,341.27,511.93
235.67,44.733,276.2,238.87
1,1,196.2,307.13
1,1,324.2,511.93
243.13,226.07,289,298.6
204.73,238.87,341.27,511.93
1,282.6,259.13,511.93
222.87,1,341.27,248.47
97,1,207.93,119.4
102.33,1,221.8,123.67
63.933,1,289,319.93
150.33,298.6,322.07,443.67
1,282.6,81,340.2
273,406.33,326.33,511.93
1,1,292.2,315.67
228.2,118.33,287.93,292.2
243.13,60.733,341.27,298.6
274.07,341.27,327.4,388.2
283.67,1,341.27,111.93
43.667,458.6,132.2,511.93
129,332.73,264.47,426.6
200.47,36.2,341.27,314.6
204.73,308.2,328.47,511.93
281.53,1,341.27,135.4
121.53,342.33,263.4,429.8
222.87,1,341.27,246.33
103.4,1,341.27,282.6
1,1,322.07,511.93
74.6,402.07,210.07,470.33
1,1,289,177
1,1,269.8,307.13
1,282.6,308.2,511.93
1,282.6,230.33,424.47
222.87,18.067,264.47,137.53
282.6,1,341.27,56.467
269.8,375.4,316.73,457.53
81,177,203.67,307.13
1,117.27,261.27,345.53
187.67,248.47,341.27,511.93
125.8,117.27,252.73,315.67
1,242.07,324.2,511.93
263.4,59.667,313.53,232.47
1,393.53,276.2,511.93
110.87,1,228.2,116.2
200.47,18.067,281.53,281.53
235.67,44.733,282.6,282.6
261.27,375.4,316.73,452.2
234.6,277.27,341.27,342.33
150.33,248.47,341.27,511.93
104.47,23.4,225,123.67
1,325.27,311.4,511.93
247.4,124.73,303.93,281.53
206.87,277.27,341.27,511.93
103.4,1,231.4,147.13
222.87,1,325.27,143.93
42.6,419.13,309.27,511.93
263.4,59.667,310.33,232.47
195.13,1,292.2,196.2
58.6,429.8,220.73,511.93
222.87,342.33,274.07,407.4
150.33,238.87,341.27,511.93
137.53,114.07,261.27,315.67
249.53,339.13,326.33,511.93
235.67,72.467,287.93,292.2
248.47,60.733,325.27,239.93
1,282.6,309.27,511.93
1,389.27,308.2,511.93
1,1,223.93,312.47
43.667,406.33,311.4,511.93
178.07,360.47,268.73,438.33
73.533,1,228.2,119.4
281.53,66.067,325.27,193
234.6,285.8,341.27,342.33
255.93,1,341.27,232.47
68.2,295.4,279.4,344.47
235.67,118.33,287.93,292.2
266.6,1,325.27,130.07
216.47,45.8,281.53,281.53
293.27,379.67,341.27,511.93
1,242.07,324.2,438.33
125.8,121.53,252.73,315.67
228.2,1,341.27,313.53
257,258.07,341.27,308.2
1,282.6,230.33,511.93
102.33,1,293.27,142.87
228.2,1,341.27,292.2
19.133,293.27,211.13,340.2
63.933,117.27,259.13,319.93
261.27,375.4,311.4,447.93
257,238.87,341.27,360.47
207.93,238.87,341.27,412.73
43.667,450.07,149.27,511.93
207.93,285.8,324.2,329.53
1,282.6,268.73,433
150.33,298.6,322.07,445.8
263.4,375.4,328.47,511.93
257,258.07,341.27,307.13
277.27,1,322.07,59.667
263.4,1,341.27,232.47
1,385,303.93,511.93
247.4,1,341.27,281.53
1,1,322.07,426.6
205.8,312.47,322.07,407.4
136.47,121.53,252.73,315.67
276.2,1,323.13,69.267
1,136.47,197.27,313.53
1,136.47,309.27,511.93
1,1,261.27,315.67
223.93,360.47,268.73,438.33
1,326.33,210.07,511.93
1,282.6,211.13,345.53
207.93,285.8,341.27,412.73
257,248.47,341.27,307.13
97,1,228.2,119.4
106.6,1,229.27,115.13
257,238.87,341.27,308.2
100.2,1,269.8,137.53
227.13,285.8,341.27,457.53
1,137.53,166.33,306.07
261.27,339.13,328.47,511.93
235.67,118.33,341.27,303.93
206.87,277.27,341.27,375.4
207.93,238.87,341.27,511.93
102.33,1,293.27,282.6
43.667,426.6,229.27,511.93
222.87,1,299.67,133.27
222.87,293.27,341.27,457.53
263.4,59.667,319.93,232.47
247.4,193,334.87,282.6
1,325.27,205.8,511.93
1,324.2,276.2,511.93
1,282.6,227.13,345.53
213.27,276.2,341.27,406.33
250.6,1,341.27,281.53
62.867,1,175.93,113
222.87,17,265.53,95.933
133.27,332.73,230.33,422.33
223.93,19.133,264.47,113
222.87,18.067,264.47,94.867
1,1,286.87,315.67
263.4,229.27,323.13,273
1,327.4,276.2,450.07
215.4,319.93,323.13,360.47
222.87,284.73,341.27,457.53
204.73,18.067,341.27,511.93
104.47,23.4,221.8,123.67
264.47,1,341.27,281.53
103.4,1,195.13,114.07
234.6,132.2,341.27,313.53
1,385,170.6,511.93
260.2,56.467,327.4,232.47
1,242.07,198.33,328.47
43.667,342.33,311.4,511.93
137.53,117.27,261.27,315.67
106.6,1,292.2,196.2
165.27,82.067,225,123.67
1,137.53,194.07,314.6
1,327.4,303.93,511.93
1,389.27,220.73,511.93
102.33,1,166.33,82.067
280.47,65,326.33,225
247.4,1,294.33,281.53
158.87,147.13,222.87,221.8
241,438.33,309.27,511.93
222.87,18.067,264.47,115.13
1,136.47,214.33,343.4
1,276.2,276.2,511.93
187.67,276.2,341.27,511.93
259.13,60.733,325.27,232.47
33,289,133.27,335.93
250.6,219.67,332.73,281.53
284.73,1,341.27,82.067
17,113,95.933,220.73
227.13,238.87,341.27,511.93
178.07,332.73,268.73,438.33
215.4,333.8,274.07,407.4
263.4,59.667,327.4,232.47
136.47,117.27,261.27,316.73
42.6,447.93,149.27,511.93
52.2,426.6,287.93,511.93
216.47,74.6,265.53,238.87
1,326.33,147.13,417
65,342.33,203.67,431.93
213.27,305,322.07,358.33
1,242.07,324.2,346.6
281.53,40.467,341.27,135.4
295.4,379.67,341.27,447.93
103.4,1,229.27,115.13
155.67,413.8,308.2,511.93
65,117.27,261.27,315.67
58.6,429.8,229.27,511.93
43.667,406.33,171.67,511.93
274.07,318.87,341.27,393.53
223.93,19.133,264.47,137.53
1,242.07,227.13,332.73
97,342.33,263.4,429.8
276.2,1,325.27,61.8
263.4,375.4,316.73,456.47
262.33,229.27,332.73,281.53
62.867,1,207.93,113
1,282.6,81,345.53
1,326.33,309.27,511.93
41.533,461.8,113,511.93
222.87,1,341.27,159.93
251.67,226.07,323.13,275.13
228.2,59.667,334.87,292.2
284.73,406.33,326.33,511.93
295.4,1,341.27,248.47
261.27,375.4,325.27,511.93
137.53,114.07,322.07,426.6
167.4,1,232.47,120.47
249.53,339.13,341.27,456.47
261.27,375.4,326.33,511.93
255.93,1,341.27,248.47
1,136.47,195.13,311.4
65,149.27,159.93,198.33
235.67,44.733,282.6,281.53
65,117.27,261.27,316.73
173.8,152.47,222.87,221.8
185.53,345.53,268.73,433
52.2,428.73,229.27,511.93
204.73,308.2,268.73,438.33
193,1,236.73,116.2
41.533,461.8,141.8,511.93
1,244.2,212.2,346.6
1,113,166.33,306.07
86.333,426.6,185.53,482.07
222.87,1,292.2,143.93
295.4,403.13,338.07,447.93
247.4,100.2,341.27,281.53
91.667,148.2,158.87,189.8
1,327.4,210.07,410.6
158.87,338.07,264.47,426.6
263.4,46.867,327.4,234.6
1,282.6,201.53,345.53
1,327.4,268.73,433
1,295.4,56.467,337
74.6,402.07,184.47,443.67
62.867,121.53,286.87,315.67
274.07,293.27,341.27,457.53
1,282.6,279.4,370.07
217.53,1,293.27,77.8
53.267,405.27,189.8,472.47
100.2,1,150.33,74.6
66.067,406.33,184.47,474.6
250.6,162.07,322.07,268.73
1,327.4,230.33,424.47
53.267,405.27,210.07,482.07
150.33,338.07,268.73,443.67
43.667,406.33,287.93,511.93
1,1,293.27,197.27
274.07,298.6,341.27,457.53
1,282.6,214.33,335.93
137.53,117.27,248.47,315.67
291.13,360.47,341.27,511.93
108.73,1,227.13,106.6
235.67,139.67,287.93,292.2
43.667,463.93,102.33,511.93
274.07,285.8,341.27,393.53
271.93,369,341.27,511.93
234.6,249.53,341.27,313.53
249.53,339.13,311.4,456.47
291.13,389.27,341.27,511.93
298.6,1,341.27,75.667
1,385,210.07,511.93
263.4,59.667,326.33,232.47
52.2,428.73,309.27,511.93
200.47,1,289,173.8
193,434.07,263.4,497
212.2,318.87,323.13,360.47
250.6,215.4,322.07,268.73
1,327.4,210.07,424.47
265.53,330.6,341.27,456.47
200.47,18.067,242.07,142.87
150.33,415.93,300.73,456.47
265.53,375.4,308.2,456.47
103.4,1,225,123.67
10.6,1,269.8,191.93
1,396.73,100.2,511.93
1,1,153.53,177
266.6,50.067,325.27,130.07
251.67,1,341.27,282.6
125.8,238.87,197.27,313.53
251.67,229.27,333.8,282.6
1,242.07,227.13,345.53
62.867,1,199.4,139.67
229.27,277.27,341.27,511.93
62.867,139.67,158.87,206.87
1,396.73,189.8,511.93
200.47,18.067,258.07,142.87
274.07,330.6,341.27,391.4
62.867,21.267,169.53,113
229.27,333.8,341.27,511.93
108.73,1,293.27,120.47
227.13,285.8,341.27,511.93
150.33,393.53,268.73,443.67
248.47,170.6,303.93,239.93
257,238.87,341.27,289
102.33,1,258.07,142.87
81,117.27,248.47,315.67
274.07,318.87,341.27,403.13
182.33,393.53,276.2,450.07
229.27,277.27,341.27,463.93
66.067,406.33,171.67,474.6
250.6,207.93,332.73,281.53
142.87,66.067,195.13,114.07
62.867,121.53,252.73,315.67
261.27,375.4,316.73,457.53
207.93,285.8,341.27,393.53
183.4,393.53,279.4,443.67
213.27,118.33,341.27,330.6
282.6,113,324.2,232.47
265.53,318.87,341.27,456.47
1,294.33,58.6,345.53
150.33,305,322.07,443.67
187.67,276.2,341.27,427.67
62.867,1,289,139.67
109.8,44.733,169.53,87.4
1,282.6,133.27,335.93
41.533,426.6,232.47,511.93
262.33,46.867,332.73,281.53
1,389.27,100.2,511.93
207.93,1,269.8,119.4
185.53,345.53,259.13,425.53
52.2,419.13,309.27,511.93
266.6,40.467,341.27,135.4
206.87,299.67,322.07,347.67
251.67,226.07,327.4,275.13
222.87,18.067,341.27,159.93
43.667,406.33,184.47,511.93
219.67,462.87,260.2,511.93
137.53,114.07,248.47,315.67
287.93,277.27,341.27,342.33
43.667,405.27,220.73,511.93
235.67,1,289,292.2
295.4,385,338.07,447.93
1,385,141.8,511.93
103.4,1,150.33,73.533
183.4,312.47,322.07,443.67
1,282.6,214.33,343.4
222.87,284.73,341.27,511.93
183.4,312.47,341.27,456.47
271.93,40.467,341.27,135.4
235.67,1,292.2,143.93
264.47,83.133,332.73,281.53
227.13,332.73,277.27,405.27
10.6,1,199.4,191.93
28.733,267.67,212.2,315.67
200.47,1,249.53,173.8
235.67,124.73,287.93,292.2
57.533,419.13,170.6,484.2
167.4,1,293.27,120.47
145,62.867,223.93,139.67
145,1,289,139.67
105.53,1,166.33,82.067
207.93,1,249.53,119.4
104.47,23.4,150.33,73.533
295.4,379.67,341.27,511.93
212.2,433,309.27,511.93
206.87,299.67,322.07,359.4
247.4,193,330.6,281.53
234.6,277.27,341.27,356.2
1,282.6,58.6,370.07
17,113,151.4,220.73
200.47,1,264.47,173.8
1,242.07,227.13,328.47
53.267,405.27,171.67,472.47
1,1,203.67,307.13
249.53,375.4,326.33,511.93
290.07,285.8,334.87,334.87
264.47,229.27,332.73,281.53
248.47,175.93,303.93,239.93
260.2,56.467,309.27,232.47
78.867,138.6,151.4,191.93
229.27,333.8,341.27,456.47
232.47,1,289,93.8
107.67,429.8,303.93,511.93
73.533,36.2,125.8,108.73
227.13,350.87,274.07,407.4
210.07,1,292.2,90.6
264.47,132.2,334.87,282.6
235.67,1,341.27,292.2
274.07,369,341.27,457.53
162.07,338.07,264.47,426.6
65,329.53,210.07,431.93
229.27,293.27,341.27,457.53
263.4,173.8,319.93,232.47
102.33,1,227.13,106.6
133.27,332.73,229.27,422.33
250.6,59.667,332.73,281.53
273,330.6,341.27,447.93
291.13,318.87,341.27,393.53
229.27,333.8,341.27,449
193,434.07,303.93,511.93
205.8,312.47,322.07,401
243.13,100.2,341.27,298.6
204.73,434.07,286.87,511.93
129,332.73,276.2,450.07
247.4,132.2,341.27,303.93
257,248.47,341.27,289
266.6,50.067,311.4,130.07
269.8,404.2,311.4,456.47
107.67,1,228.2,116.2
183.4,312.47,341.27,511.93
1,294.33,58.6,340.2
100.2,1,207.93,119.4
259.13,60.733,318.87,232.47
207.93,292.2,324.2,346.6
215.4,333.8,275.13,407.4
270.87,348.73,341.27,449
227.13,332.73,277.27,393.53
1,385,108.73,511.93
145,81,191.93,129
206.87,299.67,341.27,375.4
162.07,338.07,257,415.93
250.6,46.867,332.73,281.53
193,433,308.2,511.93
226.07,1,292.2,137.53
1,295.4,58.6,343.4
100.2,1,289,173.8
1,324.2,210.07,425.53
274.07,330.6,341.27,403.13
1,385,63.933,425.53
270.87,404.2,311.4,449
195.13,47.933,244.2,196.2
86.333,426.6,210.07,482.07
43.667,429.8,220.73,511.93
231.4,1,292.2,90.6
274.07,293.27,341.27,406.33
104.47,426.6,232.47,511.93
264.47,132.2,341.27,303.93
1,327.4,210.07,417
187.67,333.8,277.27,427.67
1,282.6,104.47,341.27
135.4,329.53,210.07,410.6
251.67,233.53,318.87,277.27
263.4,58.6,322.07,234.6
185.53,354.07,264.47,426.6
104.47,429.8,232.47,511.93
104.47,23.4,195.13,114.07
10.6,1,153.53,191.93
243.13,438.33,303.93,511.93
187.67,338.07,264.47,427.67
43.667,426.6,185.53,511.93
1,303.93,201.53,345.53
219.67,1,289,74.6
102.33,1,293.27,120.47
261.27,238.87,341.27,282.6
250.6,162.07,322.07,275.13
1,295.4,56.467,370.07
91.667,139.67,158.87,189.8
108.73,47.933,207.93,119.4
207.93,285.8,341.27,334.87
227.13,332.73,341.27,457.53
260.2,59.667,327.4,232.47
290.07,285.8,341.27,334.87
213.27,276.2,334.87,344.47
200.47,36.2,263.4,314.6
262.33,233.53,328.47,277.27
1,326.33,210.07,431.93
227.13,350.87,275.13,407.4
282.6,46.867,327.4,227.13
62.867,28.733,129,113
133.27,332.73,268.73,433
195.13,335.93,274.07,407.4
206.87,299.67,322.07,375.4
251.67,191.93,333.8,282.6
166.33,79.933,223.93,120.47
287.93,277.27,341.27,356.2
264.47,402.07,311.4,456.47
216.47,46.867,265.53,238.87
259.13,60.733,307.13,201.53
251.67,229.27,323.13,277.27
243.13,226.07,334.87,298.6
259.13,60.733,319.93,232.47
1,1,57.533,177
274.07,338.07,338.07,391.4
49,461.8,141.8,511.93
210.07,319.93,322.07,370.07
200.47,36.2,263.4,173.8
271.93,369,341.27,457.53
250.6,207.93,322.07,251.67
289,249.53,341.27,303.93
266.6,233.53,324.2,275.13
265.53,375.4,308.2,447.93
136.47,242.07,197.27,316.73
281.53,60.733,325.27,201.53
193,433,278.33,511.93
217.53,1,270.87,77.8
1,295.4,56.467,343.4
284.73,1,341.27,248.47
274.07,293.27,341.27,403.13
283.67,36.2,341.27,111.93
282.6,59.667,327.4,231.4
227.13,318.87,341.27,393.53
1,294.33,78.867,340.2
218.6,433,274.07,511.93
290.07,285.8,341.27,342.33
1,293.27,212.2,337
252.73,339.13,341.27,449
277.27,348.73,341.27,406.33
1,276.2,205.8,346.6
280.47,318.87,341.27,393.53
28.733,244.2,212.2,315.67
257,248.47,341.27,393.53
185.53,332.73,264.47,426.6
285.8,338.07,338.07,391.4
213.27,434.07,278.33,511.93
282.6,59.667,327.4,232.47
206.87,299.67,322.07,355.13
1,293.27,66.067,341.27
195.13,333.8,277.27,407.4
284.73,59.667,327.4,212.2
274.07,338.07,341.27,457.53
187.67,354.07,264.47,427.67
292.2,338.07,338.07,391.4
103.4,21.267,169.53,87.4
167.4,47.933,232.47,120.47
210.07,319.93,322.07,375.4
1,326.33,210.07,417
28.733,267.67,170.6,310.33
1,1,95.933,220.73
218.6,433,287.93,511.93
247.4,215.4,303.93,281.53
1,324.2,210.07,410.6
52.2,419.13,229.27,511.93
213.27,284.73,334.87,344.47
212.2,433,287.93,511.93
1,276.2,212.2,337
207.93,17,249.53,119.4
239.93,438.33,286.87,511.93
206.87,305,322.07,347.67
145,1,236.73,139.67
269.8,375.4,316.73,452.2
51.133,402.07,184.47,488.47
231.4,1,293.27,77.8
200.47,19.133,242.07,142.87
229.27,333.8,277.27,392.47
264.47,229.27,323.13,274.07
274.07,340.2,327.4,388.2
206.87,1,293.27,77.8
200.47,95.933,263.4,173.8
229.27,333.8,341.27,463.93
142.87,67.133,195.13,114.07
241,438.33,287.93,511.93
129,343.4,203.67,415.93
250.6,56.467,327.4,275.13
274.07,318.87,341.27,457.53
1,401,184.47,511.93
49,461.8,113,511.93
118.33,57.533,191.93,129
1,385,69.267,511.93
264.47,226.07,323.13,274.07
261.27,375.4,317.8,511.93
166.33,62.867,223.93,120.47
51.133,402.07,210.07,488.47
1,65,95.933,220.73
110.87,44.733,223.93,120.47
65,1,118.33,46.867
100.2,1,223.93,120.47
108.73,1,232.47,120.47
1,276.2,67.133,343.4
193,434.07,263.4,511.93
250.6,162.07,322.07,274.07
65,1,175.93,46.867
263.4,60.733,325.27,232.47
298.6,1,341.27,100.2
62.867,1,129,113
51.133,403.13,184.47,488.47
259.13,60.733,307.13,232.47
162.07,338.07,230.33,415.93
42.6,461.8,102.33,511.93
1,300.73,62.867,343.4
1,401,69.267,511.93
118.33,57.533,199.4,139.67
212.2,433,274.07,511.93
243.13,438.33,286.87,511.93
75.667,273,194.07,314.6
263.4,190.87,319.93,232.47
1,293.27,67.133,343.4
75.667,274.07,212.2,315.67
75.667,244.2,194.07,314.6
185.53,354.07,260.2,424.47
145,81,191.93,139.67
145,74.6,199.4,139.67
118.33,57.533,199.4,129
110.87,1,207.93,102.33
57.533,424.47,145,484.2
195.13,332.73,257,403.13
110.87,1,207.93,114.07
204.73,434.07,263.4,495.93
185.53,354.07,258.07,424.47
100.2,426.6,210.07,470.33
110.87,44.733,169.53,87.4
162.07,343.4,203.67,415.93
107.67,429.8,232.47,511.93
78.867,138.6,148.2,191.93
60.733,471.4,141.8,511.93
207.93,36.2,249.53,119.4
243.13,226.07,287.93,292.2
281.53,40.467,341.27,82.067
75.667,274.07,194.07,314.6
259.13,81,303.93,201.53
10.6,1,153.53,175.93
51.133,403.13,166.33,488.47
151.4,74.6,199.4,116.2
