1,435.13,73.533,511.93
1,1,383.93,511.93
84.2,221.8,149.27,350.87
1,69.267,62.867,202.6
1,124.73,383.93,511.93
138.6,1,383.93,246.33
1,343.4,383.93,511.93
265.53,44.733,383.93,177
152.47,85.267,353,205.8
154.6,62.867,383.93,263.4
67.133,316.73,183.4,427.67
325.27,290.07,383.93,332.73
34.067,205.8,245.27,350.87
28.733,1,127.93,158.87
28.733,122.6,181.27,267.67
1,1,383.93,185.53
262.33,60.733,383.93,169.53
1,102.33,383.93,467.13
151.4,4.2,383.93,230.33
1,1,50.067,97
1,325.27,383.93,511.93
262.33,37.267,383.93,103.4
1,287.93,275.13,431.93
1,417,341.27,511.93
130.07,1,383.93,263.4
26.6,1,383.93,158.87
33,1,171.67,172.73
1,1,383.93,216.47
1,1,383.93,223.93
127.93,141.8,383.93,511.93
1,326.33,383.93,511.93
1,1,181.27,267.67
1,1,120.47,216.47
1,1,383.93,267.67
1,1,383.93,217.53
251.67,110.87,339.13,229.27
28.733,1,83.133,111.93
1,102.33,383.93,511.93
67.133,188.73,134.33,303.93
5.2667,361.53,383.93,511.93
24.467,1,142.87,129
221.8,186.6,383.93,511.93
153.53,1,383.93,169.53
24.467,1,171.67,172.73
26.6,1,383.93,166.33
135.4,85.267,383.93,424.47
201.53,1,383.93,104.47
1,154.6,383.93,511.93
1,1,180.2,351.93
148.2,283.67,227.13,328.47
24.467,1,383.93,177
326.33,164.2,383.93,307.13
117.27,85.267,383.93,434.07
61.8,1,165.27,127.93
1,141.8,383.93,511.93
62.867,152.47,177,375.4
130.07,1,383.93,125.8
211.13,102.33,383.93,467.13
1,346.6,383.93,511.93
1,1,383.93,385
1,169.53,149.27,441.53
24.467,1,142.87,101.27
115.13,283.67,227.13,392.47
1,1,383.93,269.8
1,277.27,383.93,511.93
1,425.53,97,511.93
23.4,449,260.2,511.93
254.87,171.67,307.13,230.33
33,1,207.93,205.8
1,154.6,350.87,511.93
10.6,85.267,323.13,185.53
222.87,361.53,358.33,491.67
242.07,102.33,383.93,346.6
1,1,62.867,374.33
293.27,381.8,383.93,503.4
335.93,295.4,382.87,349.8
238.87,254.87,383.93,511.93
125.8,1,383.93,396.73
1,154.6,290.07,441.53
1,166.33,175.93,434.07
1,435.13,65,476.73
137.53,209,383.93,434.07
115.13,154.6,290.07,396.73
94.867,47.933,283.67,137.53
209,1,335.93,56.467
187.67,1,302.87,54.333
130.07,1,273,108.73
155.67,98.067,264.47,165.27
1,152.47,264.47,379.67
313.53,156.73,357.27,221.8
117.27,38.333,383.93,434.07
264.47,1,366.87,46.867
1,1,180.2,423.4
1,1,323.13,185.53
1,1,138.6,182.33
1,278.33,383.93,511.93
130.07,1,383.93,108.73
1,173.8,171.67,380.73
1,1,165.27,182.33
1,182.33,202.6,511.93
125.8,145,181.27,193
1,189.8,44.733,243.13
155.67,85.267,323.13,165.27
1,275.13,154.6,385
138.6,49,353,246.33
27.667,1,383.93,166.33
1,206.87,171.67,380.73
230.33,154.6,383.93,511.93
1,166.33,175.93,383.93
1,1,49,99.133
166.33,49,233.53,105.53
18.067,417,201.53,487.4
196.2,66.067,262.33,109.8
206.87,92.733,281.53,137.53
130.07,1,218.6,102.33
125.8,154.6,383.93,396.73
168.47,1,383.93,170.6
33,152.47,167.4,257
30.867,1,383.93,158.87
1,166.33,57.533,241
197.27,89.533,283.67,143.93
315.67,142.87,357.27,239.93
1,329.53,97,436.2
1,431.93,255.93,511.93
1,169.53,149.27,439.4
102.33,43.667,383.93,183.4
257,181.27,298.6,222.87
260.2,38.333,383.93,105.53
167.4,4.2,207.93,104.47
1,326.33,359.4,511.93
33,1,383.93,230.33
150.33,157.8,230.33,299.67
27.667,203.67,72.467,267.67
120.47,91.667,286.87,183.4
314.6,454.33,361.53,511.93
278.33,65,383.93,170.6
1,1,383.93,243.13
1,1,383.93,423.4
1,418.07,185.53,500.2
69.267,326.33,136.47,423.4
265.53,38.333,383.93,221.8
289,116.2,357.27,221.8
270.87,209,383.93,396.73
300.73,62.867,383.93,134.33
152.47,1,366.87,104.47
1,152.47,275.13,431.93
1,1,216.47,435.13
1,166.33,174.87,385
45.8,331.67,95.933,377.53
1,120.47,173.8,222.87
130.07,1,383.93,102.33
24.467,21.267,142.87,101.27
94.867,38.333,383.93,143.93
67.133,124.73,383.93,311.4
193,330.6,253.8,410.6
130.07,1,383.93,104.47
33,1,383.93,205.8
1,165.27,50.067,205.8
205.8,69.267,289,137.53
314.6,426.6,383.93,511.93
1,182.33,106.6,452.2
94.867,43.667,190.87,151.4
1,87.4,58.6,133.27
230.33,154.6,383.93,307.13
186.6,89.533,357.27,243.13
1,381.8,383.93,511.93
149.27,278.33,359.4,436.2
267.67,12.733,383.93,143.93
152.47,116.2,357.27,230.33
1,182.33,188.73,456.47
146.07,154.6,383.93,436.2
101.27,301.8,153.53,354.07
101.27,1,383.93,143.93
335.93,290.07,381.8,347.67
1,291.13,95.933,380.73
60.733,440.47,287.93,511.93
242.07,102.33,383.93,313.53
1,166.33,168.47,385
1,1,383.93,435.13
237.8,124.73,383.93,311.4
138.6,439.4,274.07,511.93
1,1,86.333,351.93
15.933,152.47,191.93,269.8
62.867,1,159.93,136.47
261.27,172.73,307.13,223.93
1,381.8,383.93,504.47
1,1,175.93,385
53.267,214.33,180.2,350.87
120.47,122.6,181.27,193
150.33,69.267,195.13,118.33
1,1,173.8,222.87
152.47,1,383.93,177
178.07,13.8,262.33,104.47
200.47,441.53,267.67,511.93
1,451.13,147.13,505.53
169.53,51.133,383.93,170.6
270.87,213.27,383.93,396.73
1,344.47,206.87,456.47
262.33,453.27,341.27,511.93
57.533,346.6,206.87,456.47
305,397.8,383.93,502.33
1,409.53,383.93,511.93
153.53,1,383.93,177
1,425.53,85.267,511.93
1,1,159.93,181.27
31.933,171.67,168.47,250.6
159.93,1,273,104.47
60.733,439.4,341.27,511.93
94.867,7.4,383.93,177
59.667,357.27,188.73,456.47
1,133.27,62.867,202.6
40.467,291.13,87.4,376.47
34.067,124.73,383.93,415.93
300.73,62.867,383.93,263.4
130.07,1,190.87,100.2
137.53,276.2,360.47,434.07
33,1,169.53,166.33
167.4,1,273,104.47
1,414.87,255.93,511.93
52.2,342.33,183.4,459.67
116.2,441.53,271.93,511.93
28.733,1,178.07,158.87
163.13,1,374.33,91.667
1,92.733,61.8,133.27
168.47,1,383.93,91.667
204.73,324.2,275.13,394.6
1,173.8,216.47,435.13
1,166.33,174.87,374.33
1,173.8,216.47,380.73
295.4,65,383.93,136.47
93.8,4.2,296.47,158.87
66.067,204.73,151.4,351.93
150.33,89.533,275.13,155.67
76.733,309.27,143.93,375.4
159.93,1,353,52.2
28.733,1,383.93,158.87
278.33,61.8,383.93,136.47
125.8,154.6,287.93,329.53
23.4,438.33,125.8,489.53
138.6,49,275.13,167.4
167.4,12.733,214.33,104.47
149.27,188.73,191.93,269.8
1,413.8,359.4,511.93
153.53,204.73,230.33,254.87
165.27,85.267,340.2,157.8
101.27,287.93,275.13,431.93
39.4,21.267,121.53,111.93
169.53,55.4,314.6,158.87
1,69.267,58.6,133.27
20.2,301.8,113,386.07
267.67,22.333,373.27,83.133
42.6,1,207.93,205.8
296.47,86.333,383.93,170.6
121.53,66.067,313.53,137.53
23.4,467.13,143.93,511.93
1,294.33,113,383.93
103.4,471.4,201.53,511.93
88.467,202.6,167.4,257
31.933,171.67,175.93,250.6
67.133,175.93,169.53,308.2
254.87,171.67,306.07,230.33
194.07,1,383.93,177
55.4,216.47,156.73,350.87
147.13,162.07,243.13,247.4
135.4,85.267,383.93,286.87
153.53,116.2,357.27,230.33
125.8,441.53,287.93,511.93
117.27,440.47,335.93,511.93
1,166.33,175.93,385
42.6,151.4,120.47,216.47
1,343.4,350.87,511.93
168.47,4.2,232.47,113
1,1,383.93,434.07
43.667,343.4,350.87,511.93
194.07,1,383.93,173.8
42.6,137.53,121.53,205.8
105.53,1,207.93,191.93
26.6,439.4,218.6,511.93
163.13,1,364.73,53.267
255.93,203.67,383.93,379.67
120.47,91.667,286.87,165.27
337,293.27,379.67,346.6
62.867,1,143.93,47.933
337,293.27,379.67,342.33
1,133.27,121.53,205.8
1,99.133,54.333,147.13
82.067,38.333,159.93,136.47
244.2,332.73,298.6,406.33
245.27,125.8,357.27,243.13
163.13,1,346.6,58.6
245.27,118.33,353,246.33
138.6,439.4,341.27,511.93
1,1,61.8,351.93
1,178.07,180.2,436.2
63.933,171.67,168.47,247.4
201.53,37.267,383.93,104.47
148.2,283.67,227.13,335.93
1,342.33,185.53,500.2
26.6,439.4,285.8,511.93
18.067,152.47,167.4,350.87
245.27,129,295.4,185.53
152.47,1,340.2,104.47
30.867,1,163.13,158.87
42.6,116.2,121.53,205.8
15.933,462.87,177,511.93
135.4,122.6,285.8,286.87
24.467,21.267,97,90.6
245.27,125.8,353,246.33
247.4,1,383.93,79.933
1,244.2,41.533,374.33
107.67,171.67,168.47,247.4
1,410.6,143.93,511.93
130.07,1,194.07,82.067
253.8,169.53,303.93,228.2
1,182.33,51.133,247.4
120.47,121.53,172.73,169.53
194.07,37.267,383.93,159.93
130.07,1,187.67,75.667
33,1,383.93,166.33
61.8,1,143.93,104.47
1,106.6,138.6,182.33
127.93,104.47,294.33,183.4
34.067,203.67,383.93,415.93
169.53,40.467,275.13,137.53
245.27,116.2,353,205.8
168.47,26.6,218.6,81
210.07,47.933,267.67,92.733
110.87,31.933,154.6,72.467
63.933,106.6,116.2,172.73
28.733,1,169.53,158.87
1,1,57.533,140.73
335.93,290.07,383.93,347.67
107.67,221.8,149.27,296.47
186.6,53.267,233.53,101.27
1,189.8,62.867,374.33
1,369,137.53,439.4
60.733,462.87,177,511.93
135.4,97,291.13,286.87
279.4,463.93,341.27,511.93
148.2,287.93,220.73,328.47
149.27,300.73,359.4,436.2
242.07,209,333.8,313.53
130.07,155.67,233.53,308.2
1,1,175.93,434.07
127.93,141.8,360.47,434.07
1,87.4,62.867,202.6
130.07,202.6,231.4,330.6
265.53,38.333,383.93,177
69.267,326.33,137.53,423.4
50.067,173.8,149.27,350.87
15.933,152.47,180.2,423.4
1,414.87,191.93,501.27
20.2,292.2,155.67,386.07
211.13,258.07,298.6,325.27
265.53,1,383.93,90.6
258.07,174.87,302.87,228.2
60.733,440.47,229.27,511.93
281.53,317.8,383.93,511.93
314.6,143.93,357.27,226.07
88.467,202.6,162.07,257
1,278.33,359.4,456.47
121.53,1,383.93,143.93
1,106.6,116.2,181.27
20.2,292.2,180.2,386.07
119.4,155.67,264.47,299.67
154.6,97,279.4,146.07
265.53,1,383.93,81
154.6,404.2,221.8,447.93
52.2,107.67,123.67,158.87
93.8,21.267,180.2,147.13
33,204.73,89.533,267.67
254.87,171.67,300.73,230.33
49,122.6,181.27,215.4
59.667,294.33,188.73,456.47
1,328.47,181.27,431.93
1,1,127.93,216.47
169.53,69.267,296.47,158.87
1,120.47,66.067,161
1,189.8,62.867,327.4
230.33,38.333,310.33,92.733
151.4,49,233.53,119.4
28.733,1,82.067,99.133
278.33,65,383.93,136.47
127.93,141.8,247.4,330.6
130.07,220.73,171.67,308.2
314.6,254.87,382.87,349.8
117.27,85.267,383.93,307.13
15.933,152.47,180.2,386.07
159.93,1,383.93,104.47
1,99.133,58.6,205.8
257,158.87,308.2,222.87
198.33,91.667,281.53,137.53
82.067,38.333,146.07,100.2
223.93,258.07,298.6,325.27
262.33,24.467,330.6,74.6
119.4,183.4,169.53,247.4
1,204.73,43.667,251.67
1,129,86.333,181.27
1,417,201.53,511.93
1,1,116.2,181.27
173.8,12.733,262.33,104.47
121.53,12.733,383.93,143.93
1,189.8,66.067,255.93
1,316.73,183.4,435.13
1,164.2,88.467,379.67
1,282.6,41.533,374.33
1,120.47,116.2,183.4
185.53,381.8,383.93,511.93
270.87,156.73,383.93,396.73
102.33,440.47,229.27,484.2
20.2,344.47,93.8,397.8
263.4,1,383.93,79.933
135.4,326.33,217.53,372.2
28.733,123.67,173.8,222.87
62.867,152.47,166.33,258.07
1,346.6,93.8,397.8
153.53,1,383.93,89.533
37.267,1,180.2,216.47
1,1,62.867,202.6
1,206.87,91.667,380.73
205.8,47.933,267.67,92.733
163.13,1,383.93,92.733
264.47,45.8,383.93,91.667
163.13,1,346.6,91.667
1,230.33,72.467,292.2
1,440.47,335.93,511.93
93.8,4.2,232.47,147.13
175.93,4.2,232.47,93.8
152.47,1,273,104.47
267.67,36.2,329.53,83.133
130.07,1,227.13,102.33
108.73,152.47,167.4,217.53
146.07,213.27,383.93,396.73
149.27,215.4,218.6,280.47
169.53,93.8,264.47,154.6
18.067,152.47,180.2,386.07
135.4,323.13,235.67,395.67
135.4,122.6,285.8,196.2
1,204.73,154.6,356.2
314.6,399.93,383.93,511.93
110.87,302.87,153.53,359.4
238.87,317.8,383.93,511.93
1,291.13,87.4,376.47
151.4,4.2,357.27,230.33
260.2,38.333,383.93,143.93
1,206.87,45.8,293.27
1,433,202.6,511.93
342.33,51.133,383.93,97
221.8,186.6,383.93,424.47
115.13,283.67,275.13,396.73
77.8,191.93,121.53,248.47
130.07,202.6,231.4,307.13
302.87,381.8,383.93,504.47
293.27,381.8,383.93,511.93
260.2,180.2,300.73,230.33
130.07,1,207.93,82.067
66.067,185.53,106.6,258.07
130.07,1,190.87,108.73
33,275.13,85.267,374.33
255.93,124.73,357.27,255.93
94.867,31.933,154.6,105.53
1,178.07,143.93,397.8
1,417,111.93,463.93
255.93,324.2,366.87,435.13
138.6,440.47,285.8,511.93
221.8,213.27,383.93,396.73
98.067,361.53,365.8,511.93
1,446.87,62.867,489.53
169.53,93.8,264.47,139.67
130.07,232.47,216.47,308.2
1,1,57.533,97
338.07,293.27,383.93,386.07
33,152.47,191.93,269.8
299.67,90.6,383.93,173.8
105.53,21.267,180.2,147.13
148.2,284.73,229.27,330.6
253.8,125.8,357.27,228.2
63.933,106.6,105.53,172.73
1,166.33,174.87,383.93
251.67,62.867,383.93,263.4
299.67,94.867,340.2,140.73
89.533,216.47,177,314.6
187.67,439.4,274.07,511.93
209,1,340.2,56.467
1,409.53,326.33,511.93
127.93,143.93,193,184.47
1,294.33,103.4,383.93
334.87,162.07,383.93,306.07
1,433,73.533,511.93
34.067,275.13,74.6,342.33
68.2,341.27,181.27,431.93
62.867,152.47,113,258.07
296.47,86.333,383.93,169.53
18.067,152.47,167.4,292.2
257,445.8,341.27,511.93
163.13,1,207.93,52.2
149.27,205.8,245.27,328.47
1,427.67,78.867,482.07
49,122.6,181.27,229.27
117.27,440.47,287.93,511.93
1,409.53,188.73,456.47
60.733,440.47,335.93,511.93
34.067,216.47,156.73,350.87
28.733,1,83.133,99.133
28.733,12.733,82.067,99.133
206.87,91.667,281.53,137.53
27.667,203.67,94.867,267.67
151.4,4.2,232.47,118.33
186.6,89.533,315.67,143.93
1,152.47,177,379.67
227.13,361.53,317.8,435.13
111.93,298.6,154.6,353
1,291.13,137.53,439.4
259.13,85.267,339.13,229.27
20.2,214.33,124.73,350.87
28.733,39.4,82.067,99.133
26.6,328.47,68.2,378.6
167.4,3.1333,330.6,104.47
1,120.47,86.333,181.27
97,221.8,149.27,350.87
278.33,61.8,383.93,170.6
150.33,154.6,383.93,311.4
90.6,229.27,146.07,314.6
169.53,69.267,314.6,158.87
61.8,1,143.93,47.933
278.33,61.8,383.93,177
43.667,343.4,383.93,511.93
129,1,169.53,52.2
149.27,122.6,286.87,165.27
1,69.267,121.53,205.8
163.13,149.27,249.53,200.47
267.67,12.733,379.67,88.467
308.2,381.8,383.93,504.47
1,189.8,66.067,243.13
151.4,85.267,353,205.8
141.8,361.53,317.8,435.13
264.47,39.4,383.93,86.333
108.73,175.93,167.4,247.4
181.27,442.6,230.33,487.4
274.07,105.53,316.73,159.93
151.4,188.73,233.53,259.13
168.47,26.6,218.6,102.33
242.07,383.93,319.93,468.2
293.27,100.2,378.6,174.87
162.07,157.8,230.33,222.87
1,1,60.733,140.73
69.267,316.73,183.4,423.4
26.6,164.2,75.667,278.33
150.33,154.6,290.07,295.4
178.07,13.8,235.67,104.47
149.27,241,218.6,300.73
279.4,38.333,383.93,85.267
259.13,85.267,314.6,132.2
117.27,130.07,247.4,307.13
117.27,152.47,157.8,202.6
242.07,124.73,333.8,313.53
28.733,1,129,158.87
194.07,71.4,297.53,159.93
94.867,46.867,159.93,136.47
69.267,316.73,136.47,423.4
206.87,50.067,265.53,92.733
1,1,121.53,205.8
153.53,104.47,294.33,183.4
206.87,1,364.73,53.267
178.07,13.8,235.67,82.067
211.13,254.87,347.67,367.93
1,369,111.93,439.4
118.33,284.73,171.67,340.2
69.267,341.27,113,423.4
294.33,62.867,383.93,173.8
193,326.33,298.6,410.6
334.87,218.6,383.93,306.07
92.733,12.733,180.2,182.33
42.6,125.8,193,216.47
1,169.53,66.067,255.93
158.87,194.07,232.47,250.6
167.4,3.1333,207.93,104.47
130.07,1,262.33,108.73
163.13,1,383.93,91.667
153.53,119.4,305,191.93
1,182.33,383.93,511.93
230.33,154.6,383.93,396.73
211.13,254.87,383.93,467.13
334.87,209,383.93,311.4
1,409.53,326.33,492.73
150.33,211.13,227.13,299.67
218.6,186.6,264.47,290.07
102.33,471.4,148.2,511.93
1,206.87,56.467,323.13
154.6,85.267,340.2,157.8
129,323.13,275.13,431.93
145,122.6,255.93,166.33
1,1,47.933,108.73
205.8,36.2,267.67,92.733
1,169.53,149.27,350.87
1,1,190.87,222.87
28.733,123.67,168.47,222.87
161,239.93,218.6,280.47
167.4,4.2,207.93,102.33
129,323.13,244.2,431.93
141.8,319.93,275.13,396.73
230.33,50.067,282.6,92.733
259.13,65,383.93,169.53
180.2,40.467,275.13,120.47
121.53,104.47,294.33,183.4
264.47,45.8,383.93,87.4
247.4,1,383.93,82.067
1,99.133,54.333,140.73
264.47,45.8,383.93,97
117.27,130.07,383.93,307.13
264.47,1,351.93,46.867
314.6,401,383.93,511.93
1,427.67,78.867,475.67
24.467,21.267,97,101.27
205.8,92.733,282.6,139.67
264.47,1,351.93,42.6
1,216.47,69.267,293.27
221.8,258.07,305,335.93
217.53,433,273,497
313.53,161,357.27,221.8
342.33,52.2,383.93,97
146.07,154.6,383.93,396.73
281.53,414.87,383.93,511.93
15.933,413.8,359.4,511.93
153.53,116.2,357.27,221.8
39.4,1,171.67,172.73
1,204.73,154.6,374.33
101.27,298.6,222.87,354.07
1,397.8,143.93,511.93
1,182.33,106.6,394.6
255.93,215.4,383.93,379.67
31.933,197.27,89.533,250.6
33,293.27,87.4,379.67
289,125.8,357.27,221.8
94.867,43.667,159.93,151.4
255.93,124.73,330.6,255.93
18.067,343.4,383.93,511.93
130.07,1,171.67,75.667
205.8,30.867,299.67,92.733
157.8,1,383.93,91.667
262.33,65,383.93,136.47
98.067,361.53,383.93,511.93
218.6,154.6,265.53,286.87
204.73,324.2,298.6,407.4
300.73,62.867,383.93,126.87
1,216.47,85.267,356.2
293.27,100.2,383.93,177
194.07,37.267,383.93,173.8
168.47,26.6,218.6,89.533
230.33,247.4,275.13,310.33
1,87.4,62.867,175.93
296.47,94.867,383.93,173.8
1,252.73,102.33,377.53
1,166.33,154.6,374.33
94.867,46.867,159.93,151.4
299.67,94.867,372.2,164.2
314.6,429.8,383.93,502.33
159.93,1,353,104.47
262.33,46.867,367.93,103.4
259.13,85.267,383.93,177
151.4,49,195.13,118.33
1,418.07,255.93,511.93
1,331.67,91.667,380.73
121.53,86.333,195.13,137.53
283.67,6.3333,383.93,78.867
173.8,433,306.07,511.93
43.667,116.2,86.333,179.13
1,189.8,62.867,316.73
1,120.47,116.2,182.33
34.067,275.13,85.267,356.2
50.067,212.2,118.33,350.87
230.33,24.467,330.6,92.733
260.2,181.27,302.87,228.2
312.47,324.2,366.87,391.4
135.4,122.6,286.87,165.27
150.33,53.267,190.87,108.73
1,291.13,137.53,423.4
101.27,301.8,161,362.6
31.933,166.33,146.07,277.27
169.53,55.4,383.93,170.6
1,425.53,85.267,503.4
143.93,443.67,229.27,503.4
77.8,216.47,135.4,350.87
1,99.133,56.467,140.73
63.933,175.93,167.4,257
130.07,154.6,290.07,310.33
111.93,1,169.53,52.2
105.53,62.867,166.33,191.93
302.87,381.8,383.93,511.93
158.87,205.8,232.47,250.6
39.4,1,171.67,111.93
1,360.47,98.067,452.2
246.33,1,374.33,70.333
127.93,141.8,247.4,307.13
53.267,214.33,158.87,350.87
45.8,113,86.333,163.13
198.33,439.4,239.93,482.07
119.4,183.4,169.53,229.27
1,142.87,86.333,193
1,204.73,154.6,369
91.667,326.33,136.47,385
153.53,1,207.93,52.2
127.93,141.8,247.4,285.8
259.13,85.267,383.93,173.8
87.4,459.67,177,511.93
153.53,196.2,232.47,254.87
218.6,154.6,290.07,310.33
221.8,278.33,269.8,318.87
34.067,254.87,75.667,307.13
149.27,49,275.13,167.4
260.2,174.87,302.87,228.2
1,410.6,133.27,477.8
163.13,1,364.73,92.733
180.2,69.267,296.47,170.6
211.13,258.07,305,345.53
159.93,1,353,54.333
28.733,12.733,123.67,158.87
1,462.87,177,511.93
101.27,287.93,222.87,354.07
1,90.6,57.533,140.73
294.33,85.267,383.93,173.8
30.867,1,180.2,158.87
342.33,295.4,382.87,346.6
100.2,294.33,154.6,353
168.47,1,346.6,58.6
337,293.27,383.93,346.6
25.533,164.2,101.27,284.73
167.4,13.8,214.33,104.47
279.4,333.8,383.93,415.93
103.4,455.4,178.07,511.93
130.07,1,267.67,102.33
1,435.13,202.6,511.93
193,300.73,359.4,436.2
102.33,43.667,164.2,145
103.4,440.47,216.47,511.93
326.33,124.73,383.93,168.47
1,340.2,103.4,383.93
305,102.33,383.93,311.4
279.4,324.2,366.87,415.93
175.93,38.333,232.47,93.8
150.33,66.067,283.67,129
273,1,383.93,91.667
321,388.2,381.8,456.47
1,1,61.8,97
335.93,291.13,382.87,349.8
28.733,1,83.133,101.27
193,98.067,264.47,140.73
314.6,454.33,383.93,511.93
294.33,107.67,383.93,177
152.47,93.8,264.47,167.4
300.73,62.867,383.93,173.8
205.8,40.467,265.53,92.733
253.8,158.87,308.2,222.87
141.8,440.47,229.27,483.13
147.13,172.73,233.53,221.8
31.933,166.33,168.47,277.27
34.067,216.47,216.47,350.87
186.6,89.533,283.67,143.93
267.67,7.4,383.93,83.133
1,331.67,95.933,380.73
1,120.47,66.067,182.33
1,446.87,73.533,511.93
53.267,214.33,101.27,350.87
278.33,39.4,383.93,86.333
173.8,412.73,383.93,511.93
230.33,154.6,331.67,299.67
1,154.6,383.93,436.2
135.4,328.47,180.2,369
1,446.87,73.533,497
1,366.87,94.867,419.13
179.13,69.267,296.47,158.87
95.933,462.87,177,503.4
204.73,89.533,283.67,143.93
267.67,22.333,361.53,83.133
149.27,239.93,218.6,280.47
141.8,186.6,383.93,424.47
335.93,301.8,382.87,349.8
123.67,298.6,222.87,342.33
257,172.73,307.13,223.93
333.8,233.53,383.93,374.33
259.13,85.267,357.27,229.27
150.33,239.93,221.8,299.67
61.8,1,165.27,105.53
187.67,1,302.87,52.2
198.33,85.267,340.2,140.73
1,428.73,77.8,475.67
230.33,1,383.93,92.733
150.33,154.6,262.33,295.4
1,435.13,143.93,511.93
37.267,1,163.13,158.87
153.53,119.4,295.4,191.93
60.733,471.4,201.53,511.93
260.2,38.333,383.93,97
26.6,164.2,101.27,278.33
66.067,152.47,113,258.07
1,252.73,97,436.2
45.8,317.8,102.33,377.53
289,116.2,353,205.8
20.2,214.33,137.53,350.87
245.27,367.93,317.8,442.6
82.067,38.333,146.07,111.93
1,443.67,119.4,501.27
245.27,85.267,353,205.8
125.8,441.53,274.07,511.93
93.8,97,134.33,143.93
1,326.33,136.47,385
1,1,78.867,133.27
1,282.6,41.533,329.53
1,374.33,97,436.2
221.8,278.33,359.4,436.2
1,99.133,58.6,351.93
69.267,305,109.8,375.4
308.2,135.4,383.93,263.4
314.6,453.27,383.93,511.93
120.47,106.6,286.87,165.27
143.93,462.87,203.67,503.4
209,1,383.93,79.933
262.33,60.733,383.93,136.47
1,91.667,291.13,216.47
196.2,361.53,317.8,435.13
163.13,1,207.93,54.333
146.07,243.13,221.8,308.2
1,344.47,97,436.2
206.87,85.267,323.13,137.53
167.4,3.1333,267.67,104.47
266.6,150.33,308.2,222.87
77.8,173.8,132.2,248.47
150.33,246.33,216.47,294.33
168.47,1,346.6,91.667
1,275.13,136.47,385
194.07,91.667,281.53,137.53
28.733,204.73,89.533,250.6
198.33,71.4,293.27,137.53
293.27,114.07,378.6,174.87
245.27,129,295.4,191.93
305,102.33,383.93,263.4
246.33,10.6,341.27,70.333
120.47,91.667,291.13,183.4
1,1,61.8,153.53
10.6,121.53,193,185.53
45.8,43.667,123.67,158.87
293.27,417,383.93,511.93
222.87,361.53,358.33,452.2
94.867,7.4,383.93,143.93
1,295.4,43.667,370.07
1,1,61.8,133.27
49,123.67,145,215.4
84.2,260.2,171.67,340.2
28.733,204.73,89.533,267.67
204.73,90.6,283.67,142.87
1,107.67,123.67,182.33
167.4,47.933,209,104.47
245.27,125.8,357.27,228.2
1,433,97,511.93
123.67,397.8,247.4,453.27
1,1,61.8,108.73
105.53,23.4,166.33,147.13
205.8,69.267,296.47,170.6
270.87,215.4,333.8,313.53
326.33,193,383.93,307.13
1,295.4,43.667,347.67
162.07,172.73,225,222.87
1,69.267,58.6,159.93
4.2,133.27,62.867,175.93
1,369,98.067,435.13
209,154.6,287.93,299.67
52.2,107.67,123.67,157.8
77.8,181.27,121.53,248.47
42.6,125.8,134.33,216.47
97,284.73,171.67,340.2
1,425.53,202.6,511.93
135.4,106.6,286.87,165.27
65,87.4,116.2,127.93
1,346.6,97,436.2
198.33,71.4,297.53,159.93
31.933,166.33,111.93,248.47
1,342.33,183.4,475.67
323.13,135.4,383.93,177
38.333,123.67,86.333,179.13
102.33,95.933,149.27,148.2
1,125.8,193,216.47
1,204.73,85.267,356.2
51.133,467.13,143.93,511.93
58.6,106.6,105.53,172.73
1,243.13,97,436.2
105.53,21.267,180.2,191.93
27.667,203.67,89.533,267.67
1,72.467,54.333,165.27
116.2,441.53,341.27,511.93
1,1,60.733,161
127.93,188.73,191.93,269.8
1,129,62.867,175.93
39.4,21.267,146.07,111.93
157.8,154.6,265.53,286.87
251.67,114.07,339.13,229.27
50.067,212.2,171.67,350.87
1,230.33,72.467,278.33
121.53,60.733,383.93,183.4
222.87,361.53,383.93,511.93
23.4,449,100.2,489.53
179.13,4.2,232.47,84.2
1,410.6,133.27,511.93
251.67,433,350.87,511.93
153.53,106.6,294.33,183.4
28.733,123.67,145,222.87
121.53,73.533,195.13,137.53
325.27,62.867,383.93,115.13
118.33,283.67,227.13,340.2
157.8,155.67,233.53,250.6
259.13,451.13,335.93,511.93
162.07,172.73,225,217.53
308.2,143.93,357.27,226.07
130.07,219.67,229.27,308.2
179.13,69.267,275.13,120.47
1,371.13,97,436.2
251.67,433,341.27,511.93
148.2,323.13,235.67,395.67
1,226.07,45.8,293.27
1,428.73,119.4,501.27
1,433,84.2,511.93
17,236.73,65,283.67
120.47,217.53,177,312.47
28.733,12.733,79.933,99.133
35.133,164.2,82.067,217.53
289,125.8,346.6,205.8
1,286.87,97,436.2
50.067,173.8,132.2,350.87
255.93,215.4,339.13,313.53
1,72.467,54.333,133.27
1,216.47,52.2,258.07
154.6,122.6,263.4,165.27
221.8,229.27,287.93,318.87
338.07,293.27,381.8,345.53
296.47,94.867,383.93,168.47
45.8,331.67,102.33,377.53
138.6,439.4,285.8,511.93
245.27,129,305,188.73
1,435.13,131.13,511.93
173.8,439.4,248.47,500.2
105.53,62.867,166.33,147.13
23.4,254.87,75.667,323.13
123.67,104.47,294.33,183.4
98.067,292.2,147.13,347.67
155.67,154.6,262.33,291.13
206.87,1,340.2,56.467
52.2,110.87,105.53,158.87
110.87,299.67,155.67,359.4
206.87,14.867,262.33,56.467
1,369,95.933,435.13
255.93,302.87,383.93,467.13
230.33,186.6,290.07,310.33
157.8,155.67,233.53,221.8
257,412.73,383.93,511.93
321,302.87,383.93,467.13
65,216.47,177,375.4
1,189.8,43.667,241
115.13,329.53,183.4,392.47
20.2,214.33,101.27,350.87
1,164.2,88.467,337
7.4,120.47,62.867,161
1,346.6,206.87,470.33
1,189.8,52.2,258.07
1,433,85.267,477.8
33,275.13,74.6,374.33
258.07,445.8,341.27,511.93
251.67,123.67,308.2,222.87
164.2,172.73,233.53,219.67
23.4,273,72.467,322.07
1,369,94.867,435.13
169.53,40.467,289,137.53
217.53,433,306.07,511.93
18.067,164.2,167.4,292.2
1,120.47,193,216.47
121.53,69.267,195.13,137.53
271.93,124.73,330.6,241
148.2,203.67,383.93,415.93
301.8,90.6,383.93,143.93
198.33,85.267,297.53,137.53
281.53,39.4,383.93,86.333
1,297.53,91.667,380.73
252.73,1,383.93,82.067
259.13,85.267,383.93,259.13
146.07,204.73,230.33,329.53
1,1,291.13,217.53
63.933,188.73,123.67,257
69.267,316.73,122.6,423.4
337,297.53,379.67,346.6
45.8,106.6,105.53,172.73
135.4,97,285.8,286.87
333.8,124.73,383.93,168.47
81,251.67,130.07,350.87
207.93,154.6,265.53,286.87
71.4,107.67,123.67,157.8
173.8,439.4,239.93,482.07
33,21.267,97,81
42.6,12.733,180.2,216.47
281.53,425.53,323.13,478.87
45.8,93.8,123.67,158.87
67.133,188.73,169.53,308.2
263.4,1,383.93,82.067
300.73,172.73,357.27,281.53
318.87,381.8,383.93,429.8
1,178.07,180.2,397.8
31.933,166.33,146.07,248.47
1,120.47,86.333,193
198.33,71.4,263.4,117.27
255.93,136.47,308.2,239.93
265.53,44.733,383.93,90.6
153.53,1,209,89.533
169.53,40.467,383.93,169.53
277.27,125.8,346.6,205.8
1,409.53,202.6,468.2
1,164.2,82.067,247.4
1,91.667,291.13,217.53
1,418.07,239.93,511.93
149.27,223.93,218.6,280.47
1,204.73,43.667,351.93
63.933,188.73,111.93,232.47
52.2,93.8,123.67,157.8
238.87,367.93,317.8,442.6
33,175.93,167.4,257
72.467,108.73,136.47,172.73
65,455.4,178.07,511.93
257,1,353,42.6
319.93,125.8,383.93,177
130.07,244.2,222.87,307.13
1,72.467,120.47,216.47
150.33,155.67,264.47,299.67
253.8,174.87,302.87,246.33
148.2,258.07,305,395.67
28.733,12.733,127.93,158.87
1,236.73,72.467,337
217.53,433,273,511.93
87.4,431.93,255.93,511.93
259.13,85.267,323.13,135.4
101.27,294.33,161,362.6
334.87,218.6,383.93,311.4
1,417,111.93,477.8
34.067,275.13,85.267,345.53
123.67,361.53,365.8,457.53
187.67,439.4,341.27,511.93
163.13,1,207.93,47.933
110.87,397.8,247.4,459.67
1,164.2,82.067,337
184.47,213.27,383.93,396.73
245.27,136.47,295.4,185.53
1,169.53,75.667,331.67
88.467,418.07,202.6,468.2
149.27,205.8,232.47,280.47
1,216.47,69.267,277.27
1,328.47,98.067,427.67
1,453.27,55.4,503.4
147.13,172.73,233.53,219.67
18.067,164.2,101.27,292.2
205.8,40.467,270.87,92.733
45.8,335.93,98.067,427.67
1,1,49,93.8
33,204.73,89.533,250.6
94.867,31.933,165.27,105.53
1,374.33,98.067,452.2
255.93,365.8,317.8,435.13
205.8,19.133,324.2,91.667
103.4,471.4,148.2,511.93
82.067,43.667,130.07,100.2
196.2,381.8,244.2,422.33
125.8,154.6,230.33,329.53
293.27,417,383.93,503.4
149.27,104.47,294.33,183.4
286.87,156.73,383.93,311.4
39.4,21.267,95.933,81
141.8,361.53,365.8,435.13
155.67,114.07,222.87,155.67
259.13,85.267,299.67,129
279.4,334.87,346.6,415.93
66.067,204.73,154.6,353
329.53,326.33,383.93,379.67
120.47,217.53,177,274.07
242.07,209,290.07,302.87
98.067,292.2,155.67,359.4
1,142.87,62.867,193
294.33,85.267,340.2,140.73
267.67,12.733,383.93,134.33
1,428.73,77.8,478.87
333.8,233.53,383.93,297.53
151.4,202.6,231.4,254.87
1,369,100.2,434.07
312.47,333.8,355.13,391.4
150.33,246.33,216.47,300.73
102.33,73.533,164.2,145
1,374.33,98.067,419.13
149.27,154.6,265.53,286.87
281.53,414.87,345.53,478.87
269.8,6.3333,383.93,82.067
94.867,252.73,147.13,347.67
5.2667,438.33,125.8,494.87
1,1,50.067,98.067
202.6,154.6,287.93,299.67
57.533,377.53,206.87,456.47
164.2,172.73,225,217.53
9.5333,236.73,72.467,333.8
90.6,268.73,146.07,314.6
150.33,49,275.13,155.67
1,120.47,66.067,175.93
308.2,135.4,383.93,226.07
301.8,90.6,361.53,133.27
183.4,66.067,262.33,118.33
1,295.4,91.667,380.73
286.87,114.07,339.13,229.27
289,87.4,383.93,173.8
298.6,62.867,383.93,134.33
43.667,123.67,86.333,179.13
169.53,122.6,294.33,183.4
222.87,361.53,317.8,442.6
313.53,143.93,357.27,226.07
118.33,284.73,219.67,340.2
65,455.4,260.2,511.93
148.2,284.73,222.87,330.6
214.33,154.6,262.33,291.13
205.8,66.067,283.67,129
110.87,175.93,157.8,252.73
206.87,1,383.93,82.067
305,414.87,358.33,465
1,145,58.6,193
153.53,1,209,58.6
201.53,71.4,263.4,117.27
60.733,114.07,105.53,158.87
206.87,92.733,279.4,135.4
33,204.73,89.533,248.47
49,331.67,95.933,377.53
46.867,293.27,87.4,369
1,178.07,143.93,375.4
1,1,50.067,88.467
172.73,387.13,221.8,431.93
135.4,122.6,263.4,166.33
18.067,431.93,150.33,487.4
1,99.133,54.333,152.47
26.6,439.4,299.67,511.93
154.6,122.6,286.87,165.27
153.53,106.6,264.47,150.33
1,189.8,49,232.47
110.87,414.87,191.93,459.67
1,138.6,116.2,182.33
149.27,205.8,245.27,290.07
20.2,346.6,93.8,397.8
266.6,158.87,308.2,222.87
92.733,33,151.4,104.47
146.07,253.8,215.4,308.2
161,205.8,232.47,248.47
308.2,429.8,383.93,504.47
68.2,357.27,181.27,431.93
141.8,283.67,216.47,329.53
148.2,258.07,383.93,415.93
255.93,124.73,330.6,241
20.2,301.8,85.267,374.33
1,246.33,75.667,331.67
1,410.6,111.93,452.2
259.13,85.267,314.6,130.07
94.867,46.867,149.27,113
305,102.33,383.93,177
171.67,258.07,305,342.33
69.267,305,109.8,357.27
146.07,284.73,222.87,329.53
135.4,122.6,255.93,166.33
165.27,111.93,279.4,157.8
321,397.8,383.93,467.13
255.93,331.67,317.8,435.13
149.27,219.67,229.27,300.73
204.73,324.2,275.13,431.93
34.067,301.8,85.267,356.2
26.6,164.2,101.27,284.73
281.53,414.87,358.33,491.67
1,435.13,101.27,511.93
1,138.6,58.6,193
301.8,90.6,383.93,173.8
146.07,154.6,230.33,329.53
23.4,449,143.93,502.33
331.67,381.8,383.93,423.4
324.2,84.2,383.93,135.4
259.13,85.267,315.67,131.13
1,204.73,43.667,292.2
296.47,94.867,356.2,135.4
334.87,162.07,383.93,311.4
300.73,162.07,357.27,281.53
65,250.6,109.8,375.4
164.2,172.73,230.33,217.53
1,374.33,94.867,419.13
183.4,66.067,313.53,118.33
53.267,214.33,116.2,350.87
26.6,204.73,75.667,278.33
150.33,323.13,235.67,395.67
279.4,87.4,383.93,173.8
281.53,424.47,337,491.67
221.8,300.73,359.4,436.2
110.87,381.8,383.93,504.47
102.33,455.4,178.07,511.93
295.4,65,383.93,169.53
325.27,62.867,383.93,134.33
23.4,449,143.93,503.4
152.47,282.6,227.13,328.47
59.667,409.53,188.73,456.47
99.133,309.27,143.93,357.27
121.53,12.733,180.2,182.33
125.8,441.53,267.67,511.93
42.6,108.73,136.47,216.47
153.53,109.8,264.47,150.33
1,230.33,85.267,356.2
33,204.73,75.667,248.47
282.6,429.8,383.93,511.93
245.27,125.8,353,205.8
1,417,111.93,457.53
315.67,381.8,383.93,482.07
180.2,60.733,383.93,170.6
67.133,162.07,243.13,308.2
65,346.6,157.8,427.67
257,412.73,338.07,495.93
154.6,97,241,146.07
242.07,209,290.07,310.33
97,121.53,193,185.53
218.6,155.67,264.47,290.07
252.73,1,383.93,79.933
295.4,46.867,367.93,88.467
279.4,333.8,355.13,415.93
245.27,125.8,346.6,205.8
1,189.8,49,247.4
97,121.53,172.73,185.53
328.47,12.733,379.67,53.267
155.67,114.07,252.73,155.67
11.667,438.33,125.8,489.53
26.6,459.67,143.93,502.33
88.467,202.6,167.4,289
300.73,156.73,383.93,281.53
110.87,383.93,319.93,468.2
1,252.73,106.6,394.6
159.93,1,302.87,52.2
94.867,47.933,165.27,137.53
141.8,319.93,237.8,396.73
98.067,361.53,365.8,495.93
1,123.67,120.47,216.47
149.27,312.47,298.6,410.6
196.2,66.067,283.67,129
1,335.93,98.067,427.67
1,387.13,97,436.2
162.07,157.8,230.33,203.67
1,252.73,61.8,333.8
155.67,98.067,264.47,155.67
123.67,361.53,365.8,495.93
33,12.733,79.933,99.133
1,204.73,143.93,375.4
205.8,69.267,275.13,120.47
20.2,252.73,74.6,328.47
1,410.6,82.067,452.2
1,145,58.6,205.8
125.8,458.6,232.47,511.93
129,376.47,244.2,431.93
1,123.67,86.333,193
295.4,12.733,379.67,88.467
325.27,62.867,383.93,126.87
1,204.73,43.667,284.73
27.667,203.67,88.467,275.13
244.2,326.33,298.6,406.33
334.87,125.8,383.93,169.53
90.6,217.53,177,314.6
97,175.93,166.33,255.93
43.667,138.6,116.2,181.27
204.73,324.2,383.93,415.93
185.53,383.93,319.93,468.2
81,43.667,121.53,104.47
173.8,431.93,255.93,487.4
98.067,415.93,326.33,492.73
42.6,120.47,102.33,163.13
94.867,47.933,154.6,137.53
305,397.8,383.93,511.93
169.53,93.8,264.47,137.53
139.67,381.8,244.2,431.93
308.2,142.87,357.27,263.4
45.8,93.8,123.67,157.8
293.27,254.87,347.67,367.93
1,211.13,106.6,394.6
173.8,431.93,255.93,479.93
333.8,233.53,383.93,311.4
41.533,275.13,85.267,356.2
116.2,458.6,232.47,511.93
238.87,92.733,281.53,137.53
155.67,431.93,255.93,487.4
1,374.33,98.067,423.4
168.47,1,364.73,53.267
257,412.73,345.53,495.93
1,428.73,77.8,470.33
296.47,94.867,342.33,135.4
123.67,404.2,221.8,457.53
1,173.8,52.2,247.4
120.47,121.53,172.73,168.47
150.33,243.13,222.87,295.4
27.667,203.67,72.467,275.13
333.8,233.53,383.93,347.67
263.4,30.867,318.87,79.933
20.2,252.73,61.8,330.6
101.27,298.6,222.87,342.33
150.33,204.73,230.33,295.4
155.67,154.6,227.13,206.87
1,410.6,71.4,452.2
180.2,69.267,275.13,120.47
286.87,156.73,383.93,286.87
63.933,194.07,123.67,257
214.33,154.6,287.93,299.67
255.93,215.4,333.8,313.53
212.2,69.267,275.13,120.47
255.93,124.73,383.93,311.4
205.8,24.467,312.47,92.733
206.87,1,339.13,53.267
94.867,244.2,158.87,347.67
110.87,418.07,185.53,459.67
324.2,84.2,377.53,129
155.67,282.6,227.13,328.47
158.87,106.6,264.47,149.27
338.07,290.07,381.8,347.67
313.53,142.87,357.27,217.53
227.13,355.13,273,431.93
27.667,203.67,75.667,267.67
156.73,326.33,217.53,370.07
337,209,383.93,263.4
261.27,172.73,302.87,222.87
138.6,442.6,285.8,511.93
121.53,73.533,169.53,182.33
315.67,417,383.93,482.07
9.5333,273,72.467,333.8
1,374.33,94.867,423.4
255.93,215.4,347.67,367.93
200.47,441.53,271.93,511.93
172.73,381.8,244.2,431.93
105.53,175.93,157.8,252.73
81,216.47,135.4,350.87
247.4,30.867,318.87,79.933
242.07,237.8,283.67,302.87
126.87,418.07,202.6,459.67
138.6,451.13,273,511.93
156.73,326.33,216.47,370.07
149.27,312.47,253.8,408.47
325.27,62.867,383.93,120.47
305,102.33,356.2,143.93
167.4,298.6,222.87,342.33
72.467,108.73,127.93,172.73
135.4,326.33,195.13,372.2
94.867,47.933,139.67,105.53
110.87,175.93,151.4,252.73
129,143.93,193,184.47
293.27,291.13,347.67,367.93
161,239.93,221.8,284.73
1,418.07,239.93,504.47
150.33,253.8,216.47,299.67
186.6,440.47,248.47,500.2
251.67,433,306.07,486.33
77.8,216.47,156.73,350.87
81,251.67,135.4,350.87
67.133,188.73,125.8,255.93
9.5333,285.8,61.8,333.8
266.6,331.67,309.27,407.4
42.6,166.33,109.8,216.47
146.07,253.8,204.73,308.2
102.33,439.4,218.6,511.93
305,414.87,345.53,465
105.53,175.93,168.47,252.73
337,297.53,379.67,342.33
292.2,22.333,361.53,74.6
319.93,130.07,383.93,177
314.6,397.8,383.93,502.33
150.33,253.8,204.73,294.33
286.87,124.73,330.6,241
138.6,468.2,260.2,511.93
146.07,404.2,221.8,447.93
