1,81.325,305.94,357.26
375.11,1,496.34,348.33
1,1,512.7,357.26
366.18,1,512.7,352.05
244.95,1,512.7,353.54
203.3,1,512.7,357.26
224.87,1,493.36,178.76
1,1,512.7,352.05
203.3,1,326.76,215.94
203.3,1,491.13,215.94
111.08,74.631,260.57,241.23
1,1,311.89,245.69
93.225,79.838,198.09,214.46
136.36,81.325,305.94,229.33
15.875,73.888,264.29,239.74
1,1,512.7,353.54
1,114.05,415.27,357.26
14.388,72.4,260.57,241.23
15.875,1,353.54,351.31
101.41,123.72,212.97,239.74
24.8,201.81,267.26,331.23
1,73.888,268.75,357.26
28.519,1,512.7,357.26
90.994,69.425,264.29,272.47
244.95,1,512.7,352.05
151.24,73.144,264.29,239.74
1,119.26,295.53,357.26
256.11,1,346.84,65.706
472.54,1,512.7,352.05
376.59,130.41,454.69,183.22
224.87,1,512.7,353.54
93.225,69.425,264.29,272.47
28.519,225.61,512.7,357.26
1,2.4875,512.7,357.26
328.99,1,435.35,192.14
25.544,17.363,255.36,111.82
327.51,169.09,462.87,307.43
96.2,148.26,155.7,225.61
1,1,281.39,357.26
1,2.4875,284.37,357.26
1,81.325,512.7,357.26
401.88,1,512.7,352.05
285.11,1,512.7,352.05
1,1,281.39,272.47
16.619,73.144,264.29,239.74
15.875,1,512.7,353.54
200.33,1,451.71,353.54
393.7,10.669,469.56,73.888
14.388,74.631,260.57,241.23
1,119.26,85.788,357.26
1,114.05,160.91,357.26
337.18,40.419,416.76,105.12
412.29,1,496.34,348.33
1,1,286.6,357.26
224.87,2.4875,307.43,76.862
14.388,1,512.7,353.54
203.3,1,512.7,349.07
1,1,415.27,357.26
203.3,1,430.89,353.54
398.16,2.4875,494.11,348.33
418.99,217.43,491.13,351.31
228.59,3.975,440.56,334.94
6.95,273.21,63.475,357.26
366.93,1,493.36,351.31
16.619,81.325,305.94,268.01
404.86,2.4875,491.13,318.58
15.875,73.888,268.75,271.73
228.59,140.08,397.42,265.78
1,119.26,85.788,288.83
62.731,72.4,241.97,128.93
1,2.4875,307.43,156.44
328.99,1,512.7,353.54
1,2.4875,311.89,245.69
249.41,1,512.7,352.05
244.95,38.188,440.56,352.05
203.3,1,512.7,353.54
268.75,268.01,417.5,352.05
261.31,179.5,361.72,290.32
228.59,3.975,397.42,334.94
200.33,3.2313,355.77,272.47
1,1,451.71,357.26
2.4875,1,512.7,357.26
250.9,238.26,295.53,351.31
2.4875,169.09,284.37,357.26
175.04,1,441.3,161.65
228.59,1,512.7,352.79
423.45,294.78,488.16,348.33
1.7437,72.4,293.29,245.69
25.544,225.61,274.7,352.79
27.775,117.03,92.481,167.6
256.11,238.26,512.7,353.54
261.31,179.5,430.89,352.79
22.569,124.46,98.431,167.6
1,160.91,128.18,357.26
16.619,1,512.7,353.54
261.31,239.74,389.24,352.05
24.8,201.81,274.7,352.05
1,13.644,164.62,357.26
16.619,104.38,110.33,210.74
259.08,270.98,336.43,353.54
96.944,88.763,198.09,226.36
337.18,182.47,512.7,352.05
22.569,83.556,177.27,213.71
170.58,16.619,283.62,111.82
221.15,236.77,291.81,353.54
224.87,2.4875,307.43,86.531
1,1,441.3,161.65
307.43,1,512.7,357.26
16.619,73.144,264.29,241.97
242.72,116.28,454.69,278.42
256.11,1,512.7,353.54
1,3.2313,259.82,143.8
249.41,81.325,474.77,310.4
389.24,1,512.7,351.31
262.06,42.65,342.38,135.62
333.46,1,512.7,352.05
269.49,191.4,428.66,352.79
276.93,122.98,331.23,178.01
1,1,338.66,156.44
250.9,2.4875,299.99,59.013
250.9,1,350.56,178.01
143.8,92.481,261.31,214.46
1,140.83,128.18,357.26
129.67,74.631,261.31,241.23
258.34,159.42,440.56,327.51
127.44,89.506,175.78,198.84
281.39,191.4,451.71,352.79
2.4875,72.4,263.54,241.97
262.06,42.65,342.38,119.26
366.18,1,494.11,124.46
288.83,7.6938,342.38,64.963
151.24,120.74,248.67,229.33
250.9,77.606,329.74,120.74
1,112.56,90.994,357.26
47.856,18.106,254.62,103.64
265.78,247.18,310.4,290.32
2.4875,169.09,276.93,357.26
333.46,128.18,378.08,192.89
1,2.4875,262.8,127.44
389.24,2.4875,491.88,351.31
259.08,185.45,428.66,353.54
1,140.83,165.37,357.26
204.79,187.68,261.31,234.54
228.59,1,494.11,334.94
2.4875,72.4,261.31,240.49
244.95,38.931,355.03,258.34
24.8,201.81,295.53,353.54
28.519,225.61,270.98,350.56
143.8,42.65,353.54,351.31
1,4.7188,56.038,48.6
330.48,1,391.47,53.062
265.78,108.1,329.74,178.76
86.531,180.99,263.54,241.97
25.544,256.11,274.7,352.79
1,144.54,61.244,193.63
285.11,1,464.36,352.05
1.7437,152.72,164.62,357.26
267.26,124.46,328.25,179.5
204.04,81.325,258.34,131.16
375.85,263.54,512.7,352.05
371.39,131.9,450.23,196.61
375.85,142.31,444.28,194.38
224.87,1,435.35,178.76
398.16,1,512.7,351.31
1.7437,72.4,311.89,245.69
376.59,130.41,445.76,180.99
368.41,23.312,460.64,110.33
333.46,1,494.11,222.64
28.519,101.41,119.26,213.71
1,2.4875,267.26,156.44
328.99,67.194,415.27,192.14
366.93,1,479.98,47.856
250.16,1,348.33,178.76
389.24,2.4875,493.36,351.31
1,2.4875,270.24,357.26
256.85,1,441.3,161.65
92.481,74.631,260.57,241.23
1,1,281.39,111.82
276.19,178.01,397.42,279.16
131.16,88.763,198.09,138.59
203.3,215.94,512.7,353.54
129.67,74.631,293.29,245.69
249.41,110.33,403.37,352.05
1,2.4875,270.24,156.44
281.39,248.67,485.93,352.79
366.93,113.31,448.74,271.73
366.93,1,476.26,111.82
250.9,1,494.11,241.23
143.06,135.62,195.12,221.89
143.8,42.65,346.1,251.64
279.91,200.33,352.05,247.93
142.31,75.375,261.31,240.49
99.919,182.47,188.43,225.61
331.97,27.775,384.78,155.7
18.85,17.363,259.82,141.57
7.6938,185.45,271.73,351.31
108.84,89.506,183.22,200.33
330.48,1,488.9,352.05
224.87,1,493.36,353.54
204.04,158.68,255.36,213.71
465.1,1,512.7,123.72
1,56.781,146.78,288.09
101.41,138.59,192.89,215.94
250.16,116.28,388.49,259.08
371.39,129.67,450.23,196.61
249.41,1,512.7,349.07
388.49,208.51,448.74,271.73
268.75,242.72,430.89,352.79
293.29,119.26,333.46,185.45
22.569,124.46,110.33,207.76
93.969,83.556,177.27,138.59
147.52,75.375,236.03,240.49
1,2.4875,267.26,241.97
175.04,69.425,256.11,123.72
200.33,151.24,247.18,195.12
15.875,75.375,268.75,271.73
401.88,1,512.7,351.31
366.93,1,479.98,114.79
269.49,179.5,339.41,243.46
337.18,1,512.7,352.05
333.46,76.119,492.62,222.64
24.8,201.81,274.7,352.79
331.97,40.419,416.76,116.28
18.85,30.006,259.82,141.57
275.44,133.39,332.71,185.45
375.85,129.67,464.36,194.38
242.72,116.28,454.69,353.54
111.08,75.375,261.31,240.49
387.75,1,512.7,349.07
273.21,120,328.25,194.38
16.619,189.17,265.03,268.01
288.09,137.11,330.48,178.01
2.4875,104.38,147.52,222.64
1,2.4875,259.82,357.26
281.39,235.28,512.7,352.79
352.79,90.994,464.36,194.38
249.41,187.68,307.43,258.34
96.2,79.838,175.78,186.19
263.54,38.931,344.61,102.89
371.39,129.67,454.69,196.61
336.43,1,409.32,50.831
241.97,1,329.74,132.64
241.97,1,343.12,77.606
59.013,105.12,113.31,151.98
332.71,201.07,388.49,259.08
364.69,196.61,447.99,352.05
250.9,238.26,512.7,353.54
330.48,1,512.7,352.05
276.19,289.57,403.37,352.05
375.85,143.8,444.28,194.38
418.99,295.53,489.64,350.56
263.54,147.52,388.49,259.08
389.24,1,512.7,352.05
144.54,238.26,295.53,353.54
203.3,215.94,285.11,353.54
366.18,1,494.11,271.73
396.68,209.25,445.02,258.34
366.93,1,494.11,114.79
1,8.4375,51.575,48.6
17.363,175.04,160.91,231.56
136.36,88.763,198.09,214.46
96.944,73.144,264.29,239.74
249.41,38.931,355.03,258.34
112.56,236.77,512.7,357.26
125.21,171.32,264.29,272.47
321.56,140.08,397.42,265.78
228.59,76.862,293.29,245.69
393.7,1,494.11,70.913
228.59,3.975,441.3,334.94
2.4875,161.65,512.7,357.26
333.46,143.8,411.55,189.17
375.85,122.23,464.36,194.38
336.43,1,409.32,49.344
59.013,105.12,113.31,192.89
2.4875,161.65,415.27,357.26
1,56.781,146.78,218.92
59.756,191.4,160.91,231.56
1.7437,98.431,188.43,225.61
281.39,248.67,417.5,352.79
306.68,289.57,417.5,352.05
331.97,23.312,452.46,116.28
163.14,75.375,236.03,240.49
288.83,3.975,342.38,64.963
22.569,81.325,305.94,229.33
1,112.56,284.37,357.26
200.33,46.369,340.89,249.41
1,13.644,129.67,218.92
352.79,103.64,399.65,233.05
93.225,92.481,198.09,214.46
465.1,1,512.7,351.31
267.26,110.33,330.48,179.5
1,119.26,81.325,205.53
417.5,1,494.11,70.913
112.56,291.06,312.63,357.26
285.86,137.11,329.74,177.27
178.01,69.425,248.67,174.29
1,105.12,110.33,207.76
276.19,1,491.13,117.03
281.39,250.16,451.71,352.79
346.1,105.87,441.3,185.45
400.39,1,496.34,348.33
193.63,132.64,241.23,184.71
1,1,343.12,77.606
395.93,232.31,442.79,277.68
387.75,179.5,452.46,244.95
250.9,29.262,329.74,120.74
300.73,272.47,379.57,349.07
143.8,1,353.54,351.31
203.3,77.606,267.26,215.94
203.3,234.54,285.11,353.54
98.431,75.375,261.31,240.49
271.73,62.731,330.48,120.74
276.93,124.46,330.48,177.27
416.01,2.4875,492.62,348.33
101.41,169.83,212.97,239.74
290.32,120,332.71,178.01
259.08,191.4,451.71,353.54
116.28,93.969,177.27,200.33
98.431,104.38,192.89,215.94
249.41,110.33,355.77,310.4
375.85,131.9,432.38,179.5
333.46,143.8,412.29,189.17
288.09,294.78,390.73,352.05
175.04,73.144,236.77,123.72
238.26,1,326.76,132.64
1,129.67,85.788,288.83
175.04,1,338.66,132.64
375.85,263.54,494.11,352.05
249.41,110.33,355.03,258.34
275.44,282.88,394.44,352.05
28.519,226.36,270.24,351.31
256.11,1,348.33,56.038
125.21,221.89,259.08,272.47
327.51,81.325,474.77,307.43
330.48,1,479.98,114.79
273.21,110.33,355.03,209.99
366.93,1,479.98,110.33
204.79,118.51,250.9,198.84
146.78,170.58,195.12,221.89
186.19,73.144,236.77,123.72
59.013,73.144,264.29,239.74
366.93,131.16,448.74,271.73
366.93,1,491.13,350.56
439.07,157.93,491.88,236.03
273.21,120,328.25,182.47
129.67,74.631,260.57,188.43
250.9,1,420.48,265.78
397.42,235.28,442.04,277.68
366.93,1,491.13,351.31
249.41,126.69,298.5,251.64
1,13.644,64.963,143.8
299.99,50.831,431.63,314.86
59.013,105.12,130.41,213.71
321.56,1,411.55,265.78
96.2,98.431,212.97,239.74
207.02,77.606,262.8,154.21
203.3,76.862,293.29,245.69
306.68,248.67,417.5,352.05
1,12.9,64.963,143.8
1,1,279.91,143.8
442.79,174.29,493.36,318.58
364.69,192.14,488.9,352.05
203.3,225.61,285.11,353.54
276.19,1,491.13,172.06
1,13.644,100.66,192.14
207.02,77.606,262.8,122.98
1,2.4875,283.62,127.44
205.53,117.03,251.64,206.28
411.55,292.55,512.7,352.05
186.19,74.631,260.57,128.18
366.93,1,476.26,128.18
333.46,1,398.91,79.838
105.12,201.07,263.54,241.97
38.188,102.15,126.69,210.74
97.688,104.38,192.89,215.94
1,2.4875,259.82,143.8
1,100.66,129.67,218.92
445.76,144.54,491.88,318.58
265.78,178.01,397.42,327.51
250.16,73.144,326.76,134.13
184.71,171.32,226.36,240.49
18.106,225.61,274.7,357.26
249.41,42.65,346.1,251.64
323.04,1,435.35,172.81
290.32,1,494.11,241.23
397.42,232.31,442.79,277.68
259.08,191.4,428.66,353.54
352.79,90.994,450.23,161.65
204.04,74.631,260.57,128.18
250.9,1,350.56,132.64
285.11,270.98,445.76,352.05
329.74,1,464.36,111.08
101.41,169.09,156.44,214.46
57.525,73.888,264.29,239.74
203.3,130.41,247.18,185.45
364.69,196.61,488.9,352.05
16.619,189.17,312.63,357.26
401.88,285.11,452.46,347.59
442.79,1,512.7,351.31
2.4875,160.91,512.7,357.26
242.72,13.644,297.01,58.269
20.338,178.01,165.37,230.82
323.04,41.906,411.55,190.66
265.03,1,350.56,132.64
366.93,1,493.36,128.18
337.18,182.47,447.99,311.14
256.11,1,346.84,64.963
62.731,72.4,261.31,240.49
177.27,126.69,234.54,241.23
410.06,2.4875,494.11,348.33
1.7437,98.431,188.43,231.56
389.98,129.67,453.2,179.5
299.99,206.28,389.24,291.06
256.11,13.644,311.14,70.913
203.3,179.5,430.89,353.54
323.04,1,494.11,241.23
275.44,282.88,512.7,352.05
370.64,120.74,445.02,241.23
14.388,101.41,119.26,213.71
420.48,263.54,462.12,306.68
462.87,1,512.7,351.31
331.97,50.831,373.62,190.66
433.86,2.4875,492.62,323.04
369.9,38.931,435.35,108.1
228.59,200.33,275.44,245.69
257.59,13.644,314.12,62.731
16.619,178.01,265.03,268.01
25.544,225.61,274.7,352.05
203.3,142.31,246.44,188.43
1.7437,193.63,113.31,357.26
385.52,1.7437,470.31,56.038
384.03,148.26,454.69,196.61
366.18,1,494.11,241.23
62.731,104.38,129.67,151.24
250.9,1,338.66,70.913
375.85,131.9,445.02,198.84
65.706,104.38,111.82,151.24
256.11,1,348.33,64.963
139.34,223.38,284.37,352.05
417.5,157.93,493.36,348.33
101.41,169.83,156.44,213.71
366.18,98.431,450.23,145.29
450.97,44.881,491.13,150.49
330.48,81.325,474.77,192.14
178.01,69.425,248.67,184.71
366.18,21.081,470.31,124.46
416.01,2.4875,494.11,348.33
22.569,101.41,144.54,213.71
276.19,121.49,330.48,167.6
398.91,16.619,469.56,57.525
16.619,189.17,277.68,357.26
224.87,2.4875,299.99,76.862
401.88,217.43,491.13,351.31
9.1813,142.31,90.994,202.56
178.01,69.425,227.84,123.72
333.46,116.28,384.03,192.14
401.88,2.4875,494.11,348.33
248.67,238.26,291.81,353.54
200.33,1,442.04,327.51
395.19,207.02,447.99,271.73
221.15,236.77,512.7,353.54
2.4875,161.65,63.475,357.26
203.3,225.61,336.43,353.54
249.41,108.84,293.29,209.25
1.7437,74.631,293.29,245.69
250.16,60.5,292.55,153.47
388.49,197.35,448.74,271.73
276.19,121.49,330.48,171.32
330.48,1,479.98,194.38
15.875,102.15,192.89,215.94
386.26,183.96,448.74,278.42
101.41,116.28,188.43,225.61
24.8,7.6938,259.08,111.82
417.5,6.2062,492.62,160.16
175.04,1,329.74,132.64
304.45,38.188,407.83,311.14
24.8,14.388,239.74,111.82
262.8,199.58,307.43,254.62
242.72,116.28,454.69,259.08
472.54,236.77,512.7,352.05
393.7,10.669,469.56,77.606
146.03,73.888,262.8,123.72
262.8,199.58,361.72,262.06
1.7437,131.9,160.91,231.56
301.48,191.4,428.66,311.89
136.36,88.763,248.67,229.33
366.18,46.369,441.3,111.08
258.34,175.04,439.81,327.51
304.45,38.188,404.86,311.14
268.75,268.01,352.05,334.94
16.619,189.17,512.7,357.26
49.344,120.74,90.994,189.91
16.619,187.68,265.03,268.01
323.04,1,420.48,190.66
151.24,73.144,258.34,239.74
299.24,218.18,352.79,262.8
250.9,2.4875,342.38,125.21
64.963,149.01,109.59,207.76
2.4875,161.65,312.63,357.26
1.7437,193.63,128.18,357.26
128.18,89.506,177.27,138.59
389.24,2.4875,491.88,350.56
93.225,69.425,248.67,214.46
16.619,104.38,111.08,203.3
125.21,171.32,259.08,272.47
265.78,133.39,306.68,178.76
204.04,131.16,248.67,174.29
305.19,7.6938,348.33,82.812
261.31,119.26,339.41,236.77
260.57,110.33,334.94,192.14
175.04,69.425,236.77,123.72
269.49,120,339.41,243.46
265.78,38.188,407.83,311.14
285.11,291.06,390.73,352.05
442.79,2.4875,500.06,318.58
401.88,130.41,453.2,179.5
397.42,232.31,442.04,277.68
275.44,119.26,333.46,185.45
238.26,1,314.12,112.56
442.79,1,512.7,349.07
96.944,137.11,144.54,209.99
364.69,191.4,444.28,273.96
18.106,201.81,277.68,357.26
355.77,145.29,411.55,186.19
129.67,157.93,188.43,225.61
281.39,248.67,512.7,352.79
250.16,128.93,348.33,239
15.875,102.15,126.69,210.74
1,2.4875,262.8,111.82
447.25,2.4875,491.13,48.6
31.494,153.47,79.838,201.81
96.2,149.75,155.7,225.61
244.95,38.188,407.83,352.05
321.56,1,420.48,265.78
450.23,44.138,490.39,160.16
204.04,77.606,267.26,213.71
372.88,299.24,416.01,350.56
398.16,233.79,465.1,306.68
366.93,1,493.36,133.39
388.49,130.41,456.18,179.5
268.75,248.67,352.05,334.94
22.569,104.38,111.08,203.3
369.9,23.312,450.97,102.15
321.56,103.64,399.65,265.78
224.87,2.4875,289.57,63.475
1,3.2313,51.575,48.6
102.89,149.01,215.94,230.82
88.019,256.11,274.7,352.05
200.33,1,440.56,327.51
257.59,1,340.89,64.963
328.99,67.194,415.27,124.46
102.89,149.01,264.29,239.74
259.08,239,336.43,353.54
1.7437,120,53.062,192.14
96.2,288.09,145.29,328.99
330.48,1,376.59,44.138
392.21,1,494.11,70.913
250.9,1,314.12,70.913
423.45,288.83,494.11,348.33
235.28,76.862,285.86,121.49
193.63,131.16,245.69,184.71
1,112.56,50.087,357.26
257.59,1,346.84,64.963
297.76,42.65,346.1,122.98
323.04,1,411.55,190.66
450.97,44.881,491.13,155.7
16.619,120.74,90.994,190.66
186.19,73.888,262.8,123.72
366.93,131.16,432.38,179.5
18.106,201.81,274.7,357.26
57.525,104.38,129.67,207.76
250.16,60.5,292.55,198.84
93.969,83.556,177.27,147.52
22.569,124.46,130.41,213.71
258.34,175.04,333.46,239
309.66,245.69,419.73,311.89
204.79,185.45,261.31,234.54
388.49,183.22,452.46,244.95
416.01,6.2062,493.36,348.33
241.97,1,329.74,120.74
200.33,1,435.35,272.47
260.57,110.33,339.41,247.93
301.48,7.6938,348.33,82.812
364.69,196.61,447.99,273.21
256.11,1,343.12,77.606
366.18,46.369,448.74,111.08
281.39,275.44,380.31,352.79
265.03,3.2313,355.77,82.812
420.48,233.79,465.1,306.68
55.294,311.14,113.31,351.31
127.44,95.456,175.78,184.71
29.262,102.15,126.69,210.74
249.41,189.91,361.72,262.06
238.26,58.269,284.37,112.56
258.34,175.04,440.56,327.51
127.44,72.4,241.97,115.54
389.24,2.4875,491.13,350.56
350.56,292.55,442.79,352.05
96.2,74.631,260.57,241.23
97.688,98.431,147.52,180.24
262.8,161.65,327.51,212.97
424.19,211.48,465.1,305.19
57.525,104.38,129.67,193.63
276.93,102.89,334.94,177.27
250.9,236.03,353.54,327.51
111.08,116.28,188.43,225.61
269.49,42.65,342.38,119.26
367.67,106.61,442.04,149.75
47.856,7.6938,259.08,103.64
249.41,73.144,326.76,251.64
1,2.4875,283.62,288.09
177.27,126.69,261.31,241.23
200.33,3.2313,355.77,249.41
279.91,200.33,349.07,247.93
417.5,21.081,465.1,64.219
125.21,221.89,262.8,304.45
31.494,153.47,95.456,201.81
93.225,105.12,141.57,209.99
262.06,3.975,350.56,135.62
411.55,292.55,490.39,352.05
105.87,89.506,183.22,200.33
1,17.363,64.963,143.8
129.67,85.788,204.04,177.27
450.97,29.262,492.62,160.16
1,119.26,72.4,205.53
195.12,198.09,264.29,239.74
204.04,81.325,305.94,218.92
328.99,40.419,415.27,192.14
398.91,1,496.34,348.33
235.28,76.862,293.29,209.25
160.91,126.69,234.54,241.23
79.094,7.6938,259.08,100.66
263.54,1,391.47,102.89
333.46,119.26,450.23,194.38
256.85,1,441.3,160.16
375.85,129.67,453.2,194.38
250.9,140.83,293.29,202.56
288.83,3.975,350.56,132.64
47.856,7.6938,259.08,112.56
146.03,125.21,186.94,190.66
27.775,117.03,79.838,201.81
151.24,81.325,258.34,239.74
276.93,122.23,330.48,167.6
195.12,78.35,261.31,234.54
376.59,196.61,421.96,242.72
309.66,180.24,388.49,279.16
205.53,140.83,247.18,185.45
15.875,113.31,97.688,201.81
105.87,79.838,175.78,186.19
366.18,1.7437,470.31,124.46
401.88,292.55,512.7,352.05
394.44,1,476.26,44.881
99.919,182.47,204.79,236.03
442.79,176.53,491.88,318.58
38.188,102.15,126.69,189.91
462.87,3.2313,512.7,351.31
417.5,211.48,465.1,310.4
272.47,188.43,339.41,243.46
261.31,239.74,403.37,352.05
372.88,270.98,445.76,351.31
27.775,105.12,110.33,207.76
447.25,2.4875,491.13,155.7
149.75,75.375,261.31,240.49
301.48,8.4375,346.84,59.756
250.16,13.644,340.15,178.76
262.06,48.6,315.61,88.763
256.11,15.875,314.12,56.038
1,5.4625,53.062,48.6
389.24,85.788,474.77,179.5
250.9,236.03,353.54,351.31
285.11,294.78,390.73,352.05
146.03,92.481,198.09,200.33
411.55,292.55,485.93,352.05
96.944,101.41,191.4,226.36
370.64,131.9,445.02,241.23
279.16,137.85,332.71,185.45
376.59,130.41,454.69,180.99
357.26,120,398.16,172.81
261.31,241.23,352.05,334.94
166.86,225.61,264.29,273.21
108.84,93.969,177.27,200.33
271.73,46.369,340.89,120.74
273.21,145.29,355.03,209.99
401.88,309.66,512.7,351.31
256.11,15.875,314.12,77.606
99.919,182.47,155.7,225.61
287.34,1,340.15,53.062
329.74,1,448.74,111.08
129.67,85.788,246.44,188.43
193.63,268.75,280.65,353.54
262.8,179.5,361.72,290.32
350.56,1,409.32,75.375
343.12,221.89,401.88,314.86
146.78,170.58,192.89,215.94
242.72,116.28,388.49,259.08
130.41,79.838,175.78,138.59
317.84,248.67,430.89,324.53
178.01,69.425,248.67,183.22
178.01,69.425,227.84,116.28
256.85,1,391.47,102.89
401.88,2.4875,491.13,351.31
285.11,183.22,447.99,352.05
389.24,76.119,492.62,222.64
111.82,166.86,152.72,213.71
203.3,78.35,261.31,134.88
274.7,188.43,349.07,247.93
408.57,285.11,452.46,347.59
369.9,54.55,435.35,108.1
379.57,196.61,421.96,242.72
389.24,268.01,485.93,352.05
96.2,98.431,147.52,183.96
228.59,108.84,293.29,245.69
38.188,114.05,98.431,189.91
366.18,98.431,450.23,172.06
15.875,117.03,79.838,201.81
249.41,140.08,397.42,265.78
422.71,157.93,493.36,348.33
384.03,148.26,450.23,196.61
261.31,239.74,376.59,320.07
306.68,298.5,379.57,352.05
366.93,27.031,472.54,111.82
330.48,91.737,441.3,189.17
1,4.7188,64.963,143.8
299.99,50.831,441.3,314.86
442.79,1,496.34,318.58
389.24,130.41,453.2,179.5
121.49,268.75,312.63,357.26
1,56.781,157.19,288.09
16.619,189.17,264.29,304.45
64.963,143.8,110.33,207.76
417.5,29.262,492.62,160.16
186.19,74.631,260.57,134.88
96.944,101.41,143.8,183.96
303.71,239.74,376.59,292.55
285.11,252.39,445.76,352.05
365.44,38.931,435.35,114.79
192.14,131.16,248.67,195.86
323.04,1,409.32,172.81
408.57,56.781,452.46,102.15
366.18,101.41,450.23,145.29
185.45,195.86,264.29,239.74
250.9,2.4875,342.38,119.26
333.46,1,398.91,64.219
375.85,292.55,474.03,352.05
244.95,38.188,407.83,311.14
285.11,50.831,447.99,352.05
331.97,67.194,406.34,124.46
17.363,98.431,119.26,140.83
147.52,75.375,261.31,240.49
355.03,279.91,409.32,323.79
145.29,126.69,261.31,241.23
290.32,137.11,330.48,178.01
330.48,1,383.29,44.138
29.262,121.49,99.919,201.81
269.49,188.43,339.41,243.46
59.013,105.12,113.31,171.32
288.83,3.975,350.56,114.79
57.525,104.38,129.67,192.89
301.48,7.6938,355.77,82.812
349.07,73.888,401.14,116.28
256.11,29.262,306.68,77.606
331.97,1,411.55,190.66
352.79,90.994,450.23,160.16
379.57,196.61,447.99,271.73
276.19,122.98,330.48,167.6
416.01,2.4875,492.62,323.04
287.34,1,391.47,53.062
194.38,131.16,246.44,188.43
160.91,195.86,264.29,239.74
111.08,75.375,268.75,271.73
412.29,6.2062,493.36,348.33
262.06,13.644,342.38,119.26
204.04,81.325,258.34,206.28
3.975,15.875,57.525,131.16
395.93,263.54,462.12,317.84
228.59,3.975,397.42,265.78
268.75,242.72,430.89,352.05
93.225,165.37,141.57,209.99
262.06,42.65,342.38,132.64
265.78,247.18,352.05,334.94
333.46,1,409.32,79.838
1.7437,98.431,147.52,213.71
1,3.2313,64.963,143.8
263.54,199.58,388.49,259.08
186.19,77.606,236.77,123.72
366.93,131.16,445.02,198.84
369.9,56.038,435.35,108.1
1,105.12,114.05,218.92
143.8,167.6,192.89,214.46
375.11,128.93,454.69,183.22
401.88,297.01,452.46,340.15
337.18,183.96,404.86,311.14
144.54,268.75,295.53,353.54
392.21,1.7437,451.71,54.55
340.89,50.831,386.26,96.2
331.97,23.312,416.76,116.28
267.26,114.79,330.48,179.5
401.88,130.41,445.76,179.5
309.66,191.4,428.66,311.89
378.08,297.01,430.89,352.05
375.11,130.41,454.69,183.22
98.431,104.38,141.57,161.65
303.71,218.18,352.79,262.8
317.84,248.67,402.62,315.61
331.97,50.831,411.55,190.66
434.61,309.66,512.7,351.31
28.519,225.61,274.7,352.05
146.03,125.21,186.94,176.53
189.91,135.62,248.67,195.86
306.68,282.88,417.5,352.05
331.97,50.831,401.14,190.66
105.87,94.713,175.78,186.19
127.44,89.506,175.78,178.01
64.963,149.75,110.33,207.76
276.19,289.57,389.24,351.31
389.24,268.01,430.89,342.38
101.41,169.83,198.84,224.87
136.36,88.763,198.09,166.86
1,17.363,64.219,127.44
445.76,144.54,491.88,323.04
400.39,297.76,457.66,341.64
98.431,89.506,186.19,214.46
1,2.4875,262.8,49.344
96.944,101.41,143.8,209.99
256.11,1,340.89,56.038
228.59,189.91,275.44,245.69
388.49,130.41,456.18,180.99
366.18,53.806,445.76,124.46
248.67,270.24,291.81,353.54
265.78,108.1,330.48,178.76
1,140.83,72.4,205.53
288.83,3.975,350.56,64.963
36.7,101.41,144.54,209.99
416.01,157.93,493.36,348.33
1,12.9,64.963,127.44
317.84,242.72,430.89,324.53
249.41,96.944,355.03,258.34
265.03,3.2313,326.76,64.963
263.54,13.644,311.14,70.913
248.67,46.369,340.89,249.41
336.43,1,402.62,76.862
224.87,2.4875,299.99,70.913
388.49,183.22,447.99,258.34
189.91,124.46,248.67,195.86
262.8,199.58,361.72,290.32
16.619,102.15,126.69,210.74
250.16,1,435.35,178.76
241.97,2.4875,282.88,58.269
276.93,124.46,330.48,167.6
362.46,182.47,447.99,273.21
146.78,175.78,198.84,224.87
301.48,8.4375,346.84,59.013
287.34,6.95,343.12,50.831
28.519,98.431,147.52,213.71
136.36,187.68,264.29,239.74
299.99,206.28,358.74,254.62
136.36,125.95,180.99,166.86
28.519,102.15,126.69,210.74
180.99,75.375,223.38,185.45
401.88,299.99,512.7,351.31
343.12,294.78,416.01,335.69
269.49,247.18,417.5,352.79
378.08,292.55,430.89,352.05
61.988,149.01,109.59,207.76
279.16,42.65,342.38,119.26
228.59,76.862,397.42,265.78
204.79,186.94,261.31,234.54
378.08,299.24,430.14,352.05
333.46,238.26,398.91,307.43
288.83,6.95,342.38,64.963
265.78,13.644,340.15,125.21
398.91,183.22,447.99,244.95
333.46,128.18,444.28,194.38
2.4875,160.91,147.52,222.64
235.28,76.862,285.86,175.04
111.08,85.788,204.04,177.27
370.64,191.4,445.02,241.23
310.4,215.2,389.24,291.06
365.44,54.55,435.35,114.79
395.93,263.54,462.12,314.86
445.76,180.99,491.88,318.58
389.24,76.119,474.77,179.5
366.18,1.7437,470.31,111.82
379.57,196.61,447.99,317.84
376.59,23.312,460.64,79.838
385.52,1.7437,451.71,54.55
265.78,240.49,352.79,327.51
2.4875,104.38,110.33,210.74
393.7,10.669,465.1,73.888
276.19,1,411.55,117.03
304.45,38.188,441.3,160.16
139.34,223.38,264.29,273.21
1,144.54,72.4,205.53
207.02,77.606,262.8,132.64
401.88,175.78,491.13,351.31
329.74,1,402.62,76.862
268.75,268.01,352.05,352.05
333.46,128.18,384.78,192.89
290.32,137.11,331.23,178.01
238.26,16.619,283.62,78.35
442.79,175.78,491.88,308.91
388.49,197.35,448.74,278.42
250.16,60.5,292.55,178.76
257.59,1,340.15,62.731
369.9,47.113,432.38,88.019
180.99,75.375,223.38,198.09
235.28,76.862,285.86,154.96
192.14,111.08,246.44,188.43
15.875,96.2,100.66,186.19
195.12,130.41,247.18,185.45
333.46,1,411.55,116.28
189.91,140.08,248.67,195.86
102.89,171.32,264.29,272.47
203.3,74.631,260.57,134.88
235.28,76.862,329.74,209.25
192.14,167.6,236.03,240.49
323.04,27.775,395.19,155.7
276.19,289.57,389.24,352.05
205.53,108.1,261.31,206.28
387.01,196.61,448.74,271.73
96.944,101.41,190.66,226.36
363.21,179.5,462.87,305.94
269.49,247.18,359.49,352.79
200.33,130.41,247.18,195.12
340.89,1,383.29,41.163
364.69,196.61,447.99,317.84
352.79,90.994,450.23,151.24
281.39,275.44,379.57,352.05
439.07,157.93,491.88,250.16
274.7,188.43,352.05,247.93
350.56,303.71,417.5,352.05
368.41,250.16,451.71,320.81
192.14,124.46,248.67,195.86
371.39,129.67,438.32,179.5
203.3,131.16,255.36,213.71
276.19,110.33,330.48,167.6
250.9,237.51,312.63,309.66
442.79,67.938,500.06,318.58
130.41,94.713,175.78,138.59
20.338,183.96,165.37,230.82
276.19,178.01,352.79,218.18
363.21,179.5,440.56,235.28
241.97,6.95,282.88,58.269
265.78,18.85,340.15,125.21
145.29,225.61,264.29,320.07
250.9,29.262,306.68,111.08
136.36,125.95,180.99,184.71
336.43,1,409.32,75.375
198.84,77.606,262.8,123.72
1,160.91,41.163,357.26
1,2.4875,259.82,141.57
249.41,110.33,339.41,247.93
145.29,149.01,198.84,224.87
256.11,13.644,311.14,56.038
128.18,89.506,177.27,131.9
250.9,2.4875,311.14,70.913
389.98,183.22,447.99,244.95
25.544,239.74,113.31,352.05
393.7,10.669,436.09,73.888
265.78,110.33,330.48,179.5
433.86,112.56,492.62,222.64
391.47,230.82,448.74,271.73
276.93,313.38,336.43,353.54
381.06,148.26,450.23,196.61
371.39,131.9,414.53,179.5
193.63,196.61,236.03,240.49
352.79,104.38,392.96,147.52
256.11,8.4375,307.43,56.038
97.688,98.431,147.52,165.37
258.34,175.04,397.42,327.51
287.34,1,383.29,52.319
88.019,230.08,274.7,352.05
16.619,189.17,262.8,304.45
395.19,56.781,452.46,108.84
1,56.781,146.78,156.44
388.49,183.22,447.99,260.57
207.02,78.35,261.31,132.64
204.04,81.325,305.94,211.48
256.11,1,340.15,56.038
1.7437,123.72,53.062,192.14
269.49,18.85,340.15,120.74
265.78,18.85,340.15,120.74
123.72,205.53,268.75,271.73
180.99,75.375,236.03,240.49
102.89,73.888,264.29,239.74
143.8,100.66,198.09,214.46
238.26,16.619,279.16,78.35
203.3,77.606,267.26,213.71
395.93,270.98,445.76,317.84
276.19,1,452.46,117.03
24.8,201.81,164.62,255.36
287.34,1,383.29,50.831
272.47,179.5,339.41,243.46
170.58,64.963,259.08,111.82
362.46,182.47,440.56,227.1
249.41,128.93,293.29,209.25
193.63,268.75,295.53,353.54
31.494,152.72,95.456,205.53
378.08,292.55,474.03,352.05
36.7,104.38,111.08,146.03
111.08,74.631,260.57,177.27
195.12,78.35,261.31,185.45
250.16,96.944,305.94,211.48
1,56.781,61.244,156.44
250.16,128.93,348.33,230.82
331.97,41.906,411.55,190.66
349.07,29.262,399.65,116.28
336.43,1,402.62,54.55
200.33,154.21,247.18,195.12
1,17.363,64.963,127.44
389.24,129.67,453.2,179.5
330.48,1,383.29,52.319
395.93,263.54,494.11,348.33
260.57,110.33,330.48,175.04
332.71,180.24,388.49,259.08
443.53,285.11,488.16,346.1
127.44,89.506,175.78,184.71
333.46,1,399.65,116.28
330.48,1,376.59,52.319
257.59,1,314.12,91.737
433.86,157.93,474.03,222.64
250.9,38.931,344.61,120.74
4.7188,5.4625,53.062,47.113
263.54,116.28,388.49,259.08
334.94,174.29,384.03,233.79
135.62,125.21,186.94,203.3
288.83,6.95,355.77,65.706
254.62,199.58,307.43,249.41
105.87,115.54,146.03,186.19
93.225,105.12,152.72,213.71
285.11,291.06,415.27,352.05
368.41,23.312,450.97,110.33
261.31,247.18,355.03,299.24
128.18,230.08,256.85,320.81
450.23,1,496.34,160.16
389.98,183.22,452.46,244.95
343.87,108.84,391.47,159.42
203.3,184.71,261.31,234.54
16.619,189.17,274.7,352.05
328.25,50.831,431.63,235.28
331.97,27.775,395.19,155.7
288.83,1,411.55,65.706
269.49,247.18,312.63,290.32
309.66,180.24,397.42,279.16
387.01,196.61,445.02,241.23
193.63,133.39,241.23,183.22
30.006,142.31,99.919,201.81
27.775,117.03,109.59,207.76
263.54,57.525,329.74,113.31
327.51,169.09,398.91,307.43
151.24,81.325,258.34,229.33
2.4875,160.91,284.37,357.26
337.18,171.32,404.86,311.14
352.79,90.994,392.96,151.24
445.76,200.33,490.39,318.58
343.12,294.78,512.7,351.31
261.31,119.26,327.51,212.97
27.775,117.03,92.481,172.81
192.14,135.62,248.67,195.86
2.4875,120,50.087,195.12
271.73,46.369,337.92,120.74
29.262,120.74,90.994,189.91
429.4,289.57,488.16,348.33
6.95,209.25,63.475,357.26
389.98,183.22,447.99,258.34
149.75,75.375,236.03,240.49
343.12,27.775,384.78,70.913
143.8,92.481,204.79,214.46
404.86,2.4875,491.13,350.56
392.96,230.82,448.74,271.73
323.04,1,409.32,155.7
143.06,166.86,191.4,214.46
258.34,175.04,302.22,215.94
331.97,73.888,406.34,124.46
3.975,16.619,56.038,127.44
305.94,221.89,361.72,262.06
366.18,53.806,439.07,111.82
375.85,137.85,444.28,194.38
5.4625,129.67,85.788,203.3
267.26,114.79,328.25,179.5
366.93,55.294,441.3,111.82
317.84,238.26,381.06,291.06
304.45,38.188,387.01,157.93
274.7,178.76,352.05,247.93
331.97,67.194,375.85,124.46
416.76,81.325,459.15,128.93
408.57,285.11,452.46,334.94
36.7,101.41,143.8,147.52
443.53,267.26,488.16,346.1
439.07,2.4875,492.62,323.04
416.01,150.49,493.36,348.33
105.12,201.07,212.97,241.97
203.3,205.53,268.75,271.73
439.07,2.4875,491.13,159.42
326.76,147.52,384.03,233.79
1,119.26,114.05,218.92
180.24,75.375,236.03,240.49
224.87,2.4875,307.43,70.913
336.43,1,410.06,75.375
364.69,207.02,447.99,273.21
96.944,144.54,142.31,209.99
327.51,169.09,389.24,247.93
207.02,46.369,340.89,249.41
365.44,56.038,435.35,114.79
280.65,215.2,353.54,255.36
265.78,240.49,312.63,290.32
98.431,89.506,175.78,214.46
2.4875,152.72,164.62,255.36
297.76,42.65,346.1,103.64
305.19,18.85,348.33,82.812
1,13.644,56.038,127.44
350.56,1,396.68,44.138
2.4875,161.65,128.18,357.26
389.24,268.01,430.89,324.53
330.48,91.737,441.3,163.88
15.875,96.2,100.66,192.14
281.39,299.24,348.33,352.05
257.59,13.644,314.12,91.737
281.39,275.44,379.57,352.79
261.31,239.74,376.59,299.24
405.6,56.781,452.46,102.15
309.66,299.99,353.54,346.1
328.25,141.57,431.63,235.28
330.48,50.831,386.26,189.17
24.8,201.81,152.72,251.64
439.07,160.91,491.88,236.03
270.98,272.47,352.79,327.51
262.8,161.65,326.76,212.97
146.03,88.763,198.09,130.41
330.48,91.737,389.24,163.88
180.99,75.375,221.89,167.6
325.28,238.26,381.06,291.06
450.23,1,496.34,180.99
143.8,92.481,198.09,214.46
120,291.06,312.63,357.26
50.831,7.6938,259.08,112.56
366.18,61.988,441.3,111.08
27.775,128.93,79.838,201.81
305.94,239.74,376.59,285.11
389.24,130.41,456.18,179.5
249.41,111.08,293.29,245.69
263.54,37.444,344.61,102.89
250.16,60.5,292.55,175.04
263.54,40.419,308.17,91.737
447.25,2.4875,491.13,150.49
98.431,104.38,141.57,183.96
276.19,264.29,355.03,320.07
304.45,38.188,387.01,192.89
422.71,246.44,490.39,348.33
249.41,178.76,352.05,258.34
31.494,153.47,85.788,203.3
261.31,239.74,376.59,293.29
369.9,47.113,450.97,102.15
224.87,2.4875,292.55,63.475
102.89,94.713,264.29,239.74
2.4875,161.65,113.31,357.26
257.59,1,340.15,64.963
276.19,110.33,332.71,167.6
269.49,247.18,319.32,352.05
270.98,268.75,352.79,327.51
395.19,56.781,452.46,102.15
127.44,75.375,261.31,240.49
309.66,180.24,396.68,279.16
362.46,184.71,440.56,227.1
31.494,152.72,95.456,201.81
178.01,69.425,227.84,149.01
151.24,120.74,216.69,229.33
352.79,90.994,441.3,160.16
350.56,1,409.32,49.344
143.06,138.59,192.89,215.94
368.41,250.16,428.66,320.07
352.79,104.38,392.96,151.24
249.41,96.944,307.43,258.34
423.45,289.57,488.16,348.33
333.46,1,402.62,76.862
328.99,38.931,435.35,192.14
343.12,294.78,430.14,341.64
337.18,40.419,386.26,82.812
98.431,101.41,143.8,147.52
146.03,100.66,198.09,200.33
143.8,92.481,202.56,214.46
343.12,294.78,430.14,335.69
401.14,14.388,471.05,55.294
276.19,279.16,319.32,352.05
271.73,18.85,340.15,120.74
102.89,149.01,221.15,239.74
408.57,61.244,452.46,102.15
389.24,55.294,441.3,102.15
366.93,14.388,471.05,111.82
439.07,2.4875,491.88,323.04
386.26,231.56,447.99,305.94
4.7188,6.2062,63.475,49.344
24.8,17.363,255.36,111.82
265.03,3.2313,326.76,46.369
292.55,244.95,355.77,310.4
18.106,254.62,274.7,352.79
340.89,1,411.55,50.087
368.41,47.113,432.38,110.33
261.31,247.18,312.63,293.29
2.4875,152.72,95.456,221.89
305.19,18.85,348.33,73.888
250.16,46.369,340.89,198.84
394.44,129.67,438.32,178.76
22.569,124.46,85.788,203.3
306.68,282.88,394.44,352.05
296.27,42.65,346.1,99.919
276.19,42.65,346.1,117.03
366.93,55.294,455.43,111.82
287.34,6.95,340.89,50.831
331.97,50.831,386.26,116.28
127.44,89.506,175.78,213.71
101.41,89.506,175.78,214.46
281.39,299.24,324.53,352.05
180.24,75.375,223.38,205.53
180.99,75.375,223.38,205.53
388.49,81.325,474.77,192.14
204.04,108.1,261.31,213.71
250.16,60.5,292.55,121.49
303.71,201.07,388.49,259.08
171.32,75.375,236.03,240.49
2.4875,161.65,109.59,357.26
395.19,207.02,445.76,260.57
350.56,1,398.91,46.369
192.14,140.08,248.67,195.86
331.97,27.775,384.78,124.46
111.82,154.21,152.72,213.71
98.431,104.38,141.57,166.11
8.4375,9.1813,63.475,49.344
296.27,264.29,379.57,349.07
295.53,18.85,340.15,94.713
376.59,130.41,439.07,179.5
204.79,193.63,261.31,234.54
1.7437,96.2,100.66,192.14
2.4875,161.65,64.219,221.89
248.67,116.28,307.43,249.41
396.68,209.25,462.87,262.06
442.79,176.53,491.88,235.28
8.4375,6.2062,63.475,49.344
309.66,245.69,428.66,311.89
102.89,166.86,209.99,229.33
224.87,2.4875,299.99,63.475
249.41,131.9,298.5,251.64
449.48,29.262,492.62,160.16
333.46,248.67,376.59,292.55
65.706,104.38,129.67,151.24
281.39,299.24,346.1,352.05
319.32,245.69,419.73,311.89
302.22,289.57,359.49,346.1
393.7,148.26,450.23,196.61
443.53,288.83,488.16,346.1
333.46,238.26,389.98,291.06
250.9,161.65,293.29,202.56
15.875,99.919,96.944,186.19
18.106,225.61,274.7,352.79
386.26,209.25,462.87,305.94
97.688,105.12,138.59,179.5
366.93,27.031,471.05,111.82
442.79,176.53,493.36,318.58
84.3,102.15,126.69,187.68
204.04,108.1,267.26,213.71
297.76,42.65,346.1,96.944
376.59,195.12,421.96,235.28
295.53,46.369,340.15,94.713
328.25,50.831,431.63,314.86
263.54,38.931,344.61,99.919
102.89,166.86,215.94,230.82
34.469,311.14,113.31,352.05
271.73,56.781,337.92,120.74
388.49,121.49,459.15,180.99
301.48,6.95,352.79,49.344
2.4875,175.78,64.219,221.89
280.65,215.2,355.77,310.4
307.43,206.28,358.74,254.62
306.68,294.78,390.73,352.05
333.46,245.69,376.59,291.06
368.41,250.16,419.73,320.07
250.9,215.2,355.77,310.4
270.98,269.49,352.79,327.51
1,13.644,59.013,127.44
204.04,108.1,267.26,157.93
271.73,60.5,330.48,120.74
296.27,264.29,417.5,352.05
250.16,128.93,302.22,210.74
450.23,6.2062,490.39,160.16
145.29,230.08,258.34,320.07
328.25,171.32,431.63,235.28
263.54,13.644,314.12,91.737
328.99,67.194,406.34,124.46
127.44,89.506,175.78,158.68
372.88,270.98,445.76,350.56
263.54,199.58,307.43,254.62
260.57,173.55,339.41,247.93
139.34,223.38,264.29,320.07
349.07,169.09,389.24,231.56
297.76,42.65,346.1,117.03
368.41,250.16,419.73,311.89
3.975,16.619,59.013,127.44
269.49,247.18,359.49,352.05
95.456,287.34,146.03,329.74
262.8,125.21,327.51,212.97
263.54,199.58,307.43,249.41
443.53,257.59,490.39,346.1
387.01,270.98,445.76,320.07
401.88,306.68,512.7,351.31
439.07,160.91,488.9,221.15
98.431,104.38,141.57,179.5
205.53,108.1,261.31,213.71
1,2.4875,262.8,112.56
101.41,169.09,146.03,214.46
270.98,272.47,351.31,327.51
16.619,120.74,99.919,201.81
262.8,121.49,327.51,212.97
276.93,236.03,353.54,302.22
350.56,1,398.91,44.138
401.88,130.41,445.76,180.99
443.53,211.48,489.64,318.58
424.19,211.48,465.1,310.4
309.66,299.99,359.49,346.1
326.76,174.29,384.03,233.79
3.975,16.619,64.963,127.44
1,13.644,239.74,127.44
250.9,236.03,353.54,302.22
224.87,2.4875,292.55,70.913
343.12,27.775,384.78,75.375
1,56.781,61.244,143.8
306.68,298.5,394.44,352.05
296.27,42.65,346.1,192.14
296.27,42.65,346.1,117.03
250.9,237.51,312.63,288.83
336.43,1,398.91,44.138
349.82,265.78,398.91,307.43
386.26,231.56,428.66,273.21
146.03,100.66,194.38,145.29
392.96,261.31,447.99,305.94
275.44,299.99,328.99,351.31
407.83,130.41,453.2,179.5
275.44,299.99,328.25,351.31
209.99,108.1,261.31,195.86
274.7,173.55,339.41,230.82
439.07,160.91,488.9,233.79
207.02,81.325,251.64,122.98
297.76,42.65,346.1,192.14
376.59,195.12,418.99,235.28
146.03,92.481,202.56,200.33
422.71,246.44,493.36,348.33
301.48,6.95,355.77,65.706
387.01,270.98,445.76,314.12
443.53,246.44,490.39,346.1
349.82,250.16,398.91,307.43
360.98,171.32,431.63,235.28
25.544,225.61,270.98,352.05
310.4,238.26,381.06,291.06
325.28,245.69,376.59,291.06
98.431,105.12,138.59,147.52
24.8,201.81,256.85,320.81
343.12,250.16,398.91,314.86
