1,225,175.93,447.93
1,225,337,511.93
1,25.533,186.6,241
63.933,387.13,133.27,471.4
1,177,337,511.93
1,187.67,337,511.93
1,1,337,511.93
1,1,337,233.53
74.6,54.333,177,154.6
206.87,1,328.47,59.667
8.4667,211.13,113,385
171.67,65,291.13,147.13
120.47,177,337,343.4
88.467,117.27,291.13,233.53
278.33,193,337,370.07
49,1,337,211.13
89.533,1,337,158.87
1,381.8,133.27,511.93
49,1,337,351.93
92.733,8.4667,220.73,65
120.47,246.33,323.13,342.33
1,237.8,337,511.93
88.467,117.27,209,202.6
1,1,337,385
47.933,1,337,206.87
1,205.8,113,385
90.6,130.07,191.93,198.33
1,1,337,345.53
1,195.13,337,511.93
1,205.8,337,511.93
49,1,337,206.87
1,1,337,351.93
59.667,383.93,129,511.93
49,1,337,199.4
291.13,59.667,337,147.13
1,1,337,210.07
49,7.4,175.93,191.93
40.467,143.93,125.8,196.2
91.667,9.5333,205.8,70.333
93.8,1,337,154.6
286.87,49,337,148.2
284.73,191.93,337,239.93
55.4,91.667,209,202.6
49,37.267,175.93,191.93
1,205.8,280.47,511.93
67.133,7.4,188.73,155.67
120.47,177,337,370.07
1,433,73.533,511.93
104.47,117.27,337,210.07
201.53,1,337,345.53
167.4,321,225,415.93
127.93,9.5333,323.13,84.2
91.667,1,337,71.4
1,187.67,302.87,385
1,200.47,114.07,385
1,204.73,337,511.93
292.2,193,337,342.33
1,198.33,337,511.93
54.333,1,337,211.13
1,205.8,223.93,449
53.267,1,337,342.33
47.933,8.4667,239.93,194.07
181.27,140.73,301.8,214.33
1,415.93,135.4,511.93
173.8,54.333,292.2,148.2
93.8,117.27,325.27,214.33
149.27,117.27,198.33,177
110.87,198.33,337,511.93
1,177,337,385
79.933,1,333.8,214.33
92.733,1,337,149.27
85.267,8.4667,188.73,88.467
1,1,175.93,385
53.267,1,337,210.07
93.8,8.4667,207.93,71.4
1,1,289,207.93
111.93,413.8,213.27,511.93
120.47,383.93,194.07,449
278.33,178.07,337,342.33
1,1,190.87,241
171.67,57.533,292.2,148.2
91.667,1,337,206.87
1,1,333.8,241
1,205.8,213.27,511.93
56.467,93.8,148.2,186.6
90.6,118.33,190.87,194.07
93.8,117.27,333.8,214.33
107.67,118.33,183.4,171.67
280.47,213.27,337,351.93
97,21.267,188.73,86.333
163.13,183.4,337,370.07
74.6,41.533,175.93,150.33
123.67,8.4667,210.07,56.467
281.53,177,337,326.33
79.933,1,326.33,148.2
89.533,1,204.73,44.733
79.933,1,308.2,83.133
290.07,53.267,337,146.07
49,382.87,129,511.93
101.27,51.133,223.93,139.67
1,211.13,113,385
1,200.47,113,385
1,380.73,132.2,511.93
279.4,180.2,337,351.93
171.67,65,290.07,148.2
88.467,1,337,233.53
1,381.8,213.27,511.93
287.93,59.667,337,147.13
78.867,197.27,305,275.13
92.733,8.4667,297.53,72.467
1,1,126.87,385
91.667,9.5333,331.67,71.4
110.87,198.33,322.07,415.93
91.667,9.5333,171.67,66.067
93.8,8.4667,330.6,86.333
110.87,198.33,292.2,265.53
33,25.533,177,154.6
279.4,195.13,337,342.33
110.87,115.13,337,211.13
286.87,1,337,148.2
1,1,322.07,351.93
55.4,143.93,104.47,186.6
278.33,193,337,342.33
111.93,115.13,337,206.87
290.07,180.2,337,327.4
53.267,90.6,148.2,188.73
1,205.8,175.93,447.93
158.87,135.4,291.13,233.53
67.133,381.8,194.07,471.4
120.47,195.13,333.8,343.4
55.4,91.667,190.87,194.07
110.87,195.13,322.07,351.93
61.8,383.93,143.93,511.93
201.53,1,328.47,75.667
225,150.33,337,205.8
149.27,117.27,209,199.4
56.467,90.6,126.87,165.27
88.467,91.667,209,202.6
49,7.4,252.73,199.4
88.467,124.73,139.67,194.07
279.4,1,337,205.8
201.53,27.667,292.2,75.667
1,1,292.2,207.93
63.933,381.8,133.27,471.4
120.47,180.2,337,343.4
1,1,337,370.07
67.133,37.267,175.93,153.53
171.67,59.667,291.13,147.13
279.4,180.2,337,339.13
120.47,177,337,351.93
1,1,333.8,367.93
209,321,287.93,511.93
115.13,30.867,188.73,86.333
111.93,78.867,177,121.53
91.667,1,337,210.07
1,1,291.13,367.93
209,308.2,337,511.93
1,1,204.73,207.93
91.667,6.3333,331.67,71.4
278.33,183.4,337,370.07
67.133,7.4,226.07,155.67
292.2,221.8,337,342.33
46.867,143.93,127.93,193
49,7.4,188.73,191.93
88.467,117.27,337,233.53
104.47,117.27,337,205.8
40.467,20.2,175.93,196.2
280.47,213.27,337,344.47
74.6,20.2,155.67,150.33
111.93,78.867,177,120.47
287.93,1,333.8,63.933
270.87,51.133,337,159.93
135.4,10.6,330.6,65
54.333,1,337,345.53
189.8,1,337,146.07
92.733,1,337,148.2
177,312.47,337,511.93
279.4,1,337,147.13
60.733,428.73,115.13,490.6
189.8,1,333.8,69.267
93.8,1,337,146.07
127.93,9.5333,323.13,148.2
278.33,177,337,345.53
120.47,244.2,324.2,323.13
1,1,177,207.93
93.8,140.73,301.8,214.33
1,233.53,99.133,385
273,1,337,158.87
78.867,54.333,163.13,115.13
47.933,41.533,175.93,193
181.27,140.73,291.13,214.33
67.133,7.4,205.8,155.67
55.4,1,337,210.07
92.733,1,331.67,75.667
54.333,91.667,193,198.33
1,428.73,129,511.93
123.67,8.4667,235.67,74.6
177,312.47,287.93,511.93
13.8,246.33,99.133,385
1,387.13,133.27,511.93
47.933,41.533,175.93,194.07
290.07,22.333,333.8,63.933
79.933,1,234.6,83.133
1,232.47,99.133,385
120.47,246.33,166.33,291.13
111.93,141.8,190.87,187.67
125.8,117.27,337,211.13
89.533,1,301.8,148.2
93.8,8.4667,297.53,72.467
127.93,1,337,148.2
225,321,287.93,511.93
1,187.67,302.87,366.87
124.73,233.53,206.87,287.93
225,51.133,337,158.87
123.67,9.5333,166.33,51.133
189.8,1,333.8,63.933
40.467,20.2,155.67,196.2
223.93,146.07,337,205.8
110.87,118.33,337,206.87
250.6,322.07,337,511.93
91.667,115.13,337,210.07
163.13,262.33,318.87,305
93.8,1,337,210.07
291.13,53.267,337,146.07
74.6,90.6,119.4,151.4
93.8,5.2667,220.73,73.533
279.4,177,337,450.07
291.13,1,337,146.07
127.93,8.4667,220.73,72.467
258.07,213.27,325.27,309.27
258.07,1,337,345.53
93.8,8.4667,330.6,71.4
93.8,8.4667,220.73,73.533
141.8,35.133,326.33,148.2
78.867,195.13,323.13,342.33
137.53,117.27,325.27,206.87
1,430.87,108.73,511.93
78.867,195.13,305,275.13
1,25.533,322.07,351.93
85.267,91.667,148.2,155.67
145,54.333,292.2,148.2
15.933,287.93,81,348.73
279.4,178.07,337,342.33
190.87,135.4,263.4,197.27
273,51.133,337,159.93
88.467,7.4,171.67,66.067
1,1,155.67,207.93
1,1,126.87,367.93
110.87,115.13,337,206.87
85.267,93.8,148.2,155.67
54.333,91.667,337,211.13
123.67,195.13,310.33,289
67.133,381.8,213.27,511.93
1,25.533,172.73,241
79.933,71.4,163.13,115.13
287.93,1,337,146.07
223.93,149.27,325.27,206.87
1,337,65,385
33,254.87,97,351.93
125.8,117.27,309.27,199.4
90.6,118.33,183.4,175.93
78.867,177,337,450.07
278.33,183.4,337,342.33
270.87,57.533,337,154.6
115.13,18.067,171.67,66.067
47.933,1,239.93,193
189.8,26.6,323.13,84.2
47.933,143.93,99.133,185.53
46.867,141.8,190.87,193
1,187.67,324.2,385
60.733,383.93,129,511.93
135.4,10.6,330.6,68.2
63.933,383.93,129,473.53
282.6,21.267,337,149.27
104.47,51.133,337,210.07
97,18.067,171.67,66.067
294.33,322.07,337,511.93
173.8,66.067,289,146.07
78.867,380.73,121.53,422.33
168.47,59.667,291.13,147.13
279.4,194.07,337,342.33
1,433,99.133,511.93
273,51.133,337,158.87
74.6,20.2,175.93,150.33
49,383.93,129,511.93
120.47,233.53,206.87,290.07
123.67,195.13,333.8,343.4
159.93,250.6,264.47,295.4
46.867,125.8,190.87,193
56.467,90.6,148.2,186.6
101.27,51.133,292.2,148.2
279.4,194.07,337,339.13
79.933,1,289,148.2
1,205.8,104.47,362.6
201.53,1,337,65
137.53,117.27,233.53,157.8
292.2,193,337,370.07
281.53,194.07,337,326.33
49,118.33,337,206.87
1,177,172.73,241
13.8,232.47,99.133,385
190.87,197.27,319.93,299.67
181.27,131.13,337,205.8
223.93,195.13,293.27,238.87
1,187.67,324.2,366.87
78.867,197.27,323.13,342.33
216.47,54.333,296.47,147.13
49,130.07,191.93,198.33
141.8,35.133,291.13,99.133
47.933,1,291.13,193
67.133,37.267,175.93,155.67
85.267,91.667,252.73,199.4
61.8,428.73,129,511.93
55.4,91.667,172.73,171.67
107.67,118.33,183.4,175.93
284.73,191.93,337,327.4
101.27,93.8,172.73,136.47
67.133,426.6,108.73,470.33
225,152.47,323.13,195.13
1,229.27,103.4,385
123.67,285.8,322.07,415.93
284.73,191.93,327.4,239.93
125.8,117.27,321,199.4
175.93,140.73,291.13,199.4
216.47,1,337,148.2
127.93,9.5333,230.33,69.267
126.87,51.133,177,121.53
1,118.33,190.87,241
201.53,1,337,154.6
278.33,177,337,239.93
149.27,78.867,234.6,139.67
91.667,1,337,146.07
279.4,177,337,342.33
201.53,27.667,325.27,75.667
127.93,8.4667,207.93,71.4
127.93,9.5333,228.2,69.267
181.27,131.13,263.4,182.33
123.67,198.33,310.33,289
88.467,91.667,186.6,202.6
85.267,8.4667,147.13,55.4
197.27,95.933,326.33,148.2
55.4,93.8,155.67,171.67
163.13,262.33,314.6,302.87
46.867,143.93,98.067,193
89.533,1,301.8,74.6
77.8,93.8,148.2,154.6
67.133,427.67,108.73,470.33
120.47,242.07,172.73,290.07
135.4,10.6,323.13,71.4
278.33,177,337,370.07
127.93,9.5333,331.67,71.4
123.67,198.33,333.8,343.4
120.47,246.33,318.87,305
201.53,1,337,146.07
92.733,13.8,182.33,56.467
120.47,244.2,314.6,302.87
54.333,91.667,190.87,194.07
1,232.47,98.067,385
56.467,91.667,125.8,165.27
78.867,54.333,177,121.53
61.8,428.73,116.2,488.47
289,150.33,337,205.8
60.733,383.93,129,490.6
120.47,246.33,173.8,291.13
201.53,1,331.67,75.667
90.6,130.07,252.73,199.4
1,1,175.93,367.93
47.933,143.93,110.87,193
120.47,244.2,186.6,290.07
159.93,250.6,312.47,296.47
1,383.93,132.2,511.93
189.8,22.333,331.67,71.4
111.93,115.13,337,210.07
283.67,60.733,337,159.93
110.87,65,337,206.87
88.467,7.4,188.73,87.4
1,381.8,143.93,511.93
120.47,248.47,333.8,343.4
91.667,117.27,148.2,194.07
120.47,248.47,207.93,296.47
1,329.53,67.133,385
189.8,26.6,323.13,71.4
56.467,119.4,119.4,165.27
110.87,198.33,312.47,296.47
290.07,1,337,146.07
158.87,117.27,233.53,157.8
85.267,8.4667,239.93,88.467
145,465,191.93,511.93
78.867,195.13,337,450.07
104.47,117.27,166.33,178.07
46.867,118.33,190.87,193
171.67,66.067,326.33,148.2
172.73,54.333,292.2,148.2
1,312.47,280.47,511.93
177,447.93,232.47,511.93
278.33,193,319.93,299.67
291.13,59.667,337,146.07
47.933,143.93,104.47,186.6
56.467,93.8,148.2,169.53
89.533,1,301.8,44.733
49,143.93,110.87,191.93
165.27,195.13,318.87,303.93
104.47,117.27,196.2,178.07
290.07,6.3333,337,146.07
181.27,140.73,257,190.87
47.933,415.93,135.4,511.93
279.4,22.333,333.8,147.13
241,1,328.47,59.667
93.8,8.4667,220.73,72.467
1,25.533,173.8,241
123.67,8.4667,220.73,73.533
49,428.73,129,511.93
101.27,51.133,177,136.47
149.27,66.067,289,148.2
173.8,66.067,289,145
88.467,93.8,186.6,202.6
282.6,53.267,337,149.27
123.67,251.67,324.2,323.13
88.467,117.27,188.73,202.6
110.87,198.33,322.07,351.93
234.6,95.933,326.33,148.2
79.933,1,234.6,86.333
295.4,434.07,337,511.93
123.67,9.5333,178.07,56.467
1,338.07,59.667,385
141.8,35.133,246.33,89.533
50.067,232.47,98.067,283.67
209,22.333,330.6,65
85.267,1,239.93,41.533
120.47,242.07,167.4,290.07
61.8,381.8,143.93,511.93
88.467,93.8,172.73,194.07
127.93,8.4667,171.67,65
13.8,337,65,385
90.6,118.33,190.87,189.8
126.87,67.133,175.93,117.27
1,225,103.4,385
172.73,94.867,223.93,139.67
120.47,30.867,188.73,86.333
286.87,59.667,337,148.2
125.8,73.533,175.93,118.33
283.67,193,337,327.4
123.67,198.33,314.6,296.47
258.07,177,337,345.53
287.93,1,337,147.13
149.27,117.27,196.2,159.93
120.47,248.47,314.6,296.47
163.13,197.27,319.93,302.87
158.87,117.27,309.27,199.4
63.933,383.93,132.2,471.4
120.47,233.53,312.47,296.47
123.67,9.5333,220.73,73.533
93.8,139.67,188.73,202.6
67.133,200.47,114.07,266.6
88.467,117.27,166.33,175.93
135.4,10.6,246.33,65
120.47,246.33,221.8,292.2
1,1,98.067,207.93
278.33,177,337,342.33
279.4,49,333.8,147.13
294.33,231.4,337,342.33
102.33,8.4667,207.93,71.4
158.87,117.27,309.27,177
93.8,139.67,139.67,194.07
110.87,201.53,292.2,265.53
171.67,66.067,289,145
290.07,194.07,337,327.4
290.07,55.4,337,146.07
165.27,237.8,318.87,303.93
126.87,67.133,175.93,121.53
215.4,295.4,333.8,343.4
91.667,117.27,253.8,199.4
74.6,41.533,156.73,150.33
278.33,191.93,337,342.33
273,51.133,337,154.6
1,428.73,130.07,511.93
110.87,137.53,187.67,194.07
151.4,8.4667,220.73,51.133
67.133,381.8,143.93,471.4
61.8,383.93,132.2,511.93
74.6,54.333,173.8,151.4
120.47,244.2,213.27,290.07
193,148.2,257,190.87
190.87,135.4,263.4,182.33
46.867,143.93,90.6,193
111.93,312.47,280.47,511.93
284.73,191.93,337,305
151.4,8.4667,220.73,65
15.933,287.93,81,351.93
74.6,90.6,155.67,154.6
123.67,285.8,322.07,351.93
91.667,132.2,143.93,194.07
33,25.533,97,193
135.4,10.6,247.4,65
61.8,415.93,135.4,511.93
111.93,118.33,337,206.87
234.6,95.933,285.8,148.2
229.27,195.13,299.67,251.67
177,20.2,220.73,65
181.27,131.13,263.4,197.27
46.867,143.93,90.6,188.73
33,246.33,99.133,351.93
47.933,117.27,148.2,194.07
15.933,290.07,78.867,348.73
33,232.47,98.067,351.93
290.07,59.667,337,146.07
250.6,323.13,319.93,511.93
225,152.47,315.67,195.13
127.93,13.8,182.33,56.467
265.53,229.27,325.27,309.27
129,303.93,223.93,415.93
209,27.667,323.13,71.4
258.07,213.27,306.07,275.13
91.667,117.27,187.67,194.07
101.27,93.8,150.33,136.47
91.667,132.2,187.67,194.07
250.6,308.2,337,511.93
294.33,433,337,511.93
290.07,194.07,337,326.33
67.133,383.93,143.93,471.4
127.93,8.4667,214.33,72.467
55.4,93.8,172.73,171.67
110.87,198.33,292.2,295.4
141.8,35.133,246.33,81
61.8,428.73,130.07,511.93
99.133,9.5333,147.13,55.4
173.8,66.067,289,148.2
284.73,191.93,328.47,239.93
123.67,265.53,323.13,342.33
110.87,143.93,187.67,194.07
278.33,191.93,328.47,239.93
127.93,8.4667,182.33,55.4
90.6,118.33,190.87,187.67
283.67,60.733,337,154.6
102.33,9.5333,147.13,55.4
158.87,117.27,255.93,164.2
123.67,284.73,323.13,342.33
284.73,191.93,337,299.67
88.467,93.8,155.67,154.6
120.47,303.93,223.93,449
74.6,71.4,163.13,151.4
74.6,54.333,163.13,151.4
177,312.47,280.47,511.93
165.27,262.33,318.87,303.93
159.93,254.87,264.47,295.4
1,1,94.867,207.93
86.333,383.93,143.93,471.4
171.67,93.8,234.6,139.67
33,25.533,97,149.27
