185.53,115.13,275.13,161
5.2667,1,60.733,197.27
38.333,1,409.53,511.93
1,1,409.53,511.93
257,1,409.53,511.93
78.867,229.27,285.8,415.93
39.4,311.4,168.47,393.53
38.333,200.47,409.53,511.93
1,1,378.6,511.93
37.267,305,193,490.6
1,1,239.93,511.93
87.4,157.8,206.87,325.27
174.87,1,409.53,511.93
92.733,1,378.6,467.13
38.333,310.33,243.13,511.93
1,1,263.4,511.93
106.6,242.07,202.6,325.27
307.13,51.133,359.4,132.2
174.87,277.27,374.33,511.93
20.2,1,180.2,201.53
1,1,206.87,511.93
58.6,387.13,273,511.93
5.2667,136.47,209,290.07
122.6,395.67,190.87,470.33
1,1,59.667,181.27
157.8,1,375.4,319.93
31.933,1,138.6,210.07
198.33,1,355.13,114.07
1,1,268.73,511.93
239.93,1,370.07,132.2
1,1,292.2,511.93
158.87,1,377.53,469.27
275.13,1,369,129
276.2,1,371.13,153.53
97,1,351.93,189.8
1,1,209,334.87
1,107.67,273,511.93
153.53,11.667,377.53,474.6
37.267,200.47,239.93,490.6
117.27,1,409.53,340.2
1,136.47,206.87,511.93
157.8,1,409.53,511.93
98.067,397.8,170.6,465
157.8,11.667,377.53,474.6
189.8,267.67,339.13,451.13
150.33,11.667,375.4,473.53
200.47,1,409.53,511.93
203.67,11.667,373.27,179.13
149.27,1,375.4,308.2
38.333,305,179.13,511.93
70.333,1,207.93,149.27
92.733,338.07,205.8,414.87
1,1,148.2,289
162.07,318.87,347.67,511.93
38.333,200.47,285.8,511.93
1,164.2,209,511.93
1,1,375.4,308.2
1,1,56.467,130.07
58.6,282.6,106.6,334.87
109.8,1,370.07,163.13
1,107.67,364.73,511.93
109.8,1,409.53,356.2
1,1,283.67,511.93
1,118.33,119.4,511.93
158.87,28.733,377.53,469.27
33,127.93,292.2,491.67
257,361.53,340.2,434.07
66.067,229.27,174.87,322.07
151.4,218.6,239.93,305
1,236.73,283.67,511.93
150.33,11.667,379.67,511.93
70.333,1,247.4,157.8
267.67,1,409.53,511.93
31.933,293.27,273,511.93
75.667,116.2,148.2,237.8
42.6,324.2,105.53,390.33
252.73,267.67,338.07,385
1,1,59.667,191.93
1,183.4,73.533,289
295.4,168.47,373.27,217.53
289,147.13,375.4,220.73
1,1,377.53,511.93
153.53,1,409.53,511.93
117.27,1,409.53,511.93
189.8,360.47,292.2,451.13
86.333,1,151.4,82.067
1,1,138.6,231.4
165.27,154.6,293.27,276.2
268.73,206.87,364.73,311.4
49,382.87,179.13,511.93
31.933,293.27,168.47,511.93
1,1,267.67,334.87
248.47,274.07,322.07,342.33
190.87,267.67,338.07,439.4
31.933,293.27,174.87,492.73
189.8,206.87,364.73,451.13
189.8,153.53,362.6,298.6
159.93,1,378.6,467.13
252.73,317.8,363.67,449
78.867,265.53,260.2,410.6
1,1,285.8,511.93
265.53,298.6,375.4,405.27
91.667,215.4,258.07,370.07
1,1,65,264.47
97,1,377.53,469.27
151.4,214.33,239.93,305
274.07,298.6,409.53,511.93
37.267,266.6,204.73,490.6
97,1,168.47,139.67
294.33,87.4,370.07,159.93
165.27,1,375.4,276.2
38.333,305,105.53,392.47
5.2667,132.2,49,197.27
78.867,200.47,285.8,415.93
117.27,135.4,235.67,271.93
92.733,177,364.73,451.13
108.73,1,267.67,156.73
153.53,127.93,292.2,265.53
38.333,315.67,170.6,491.67
168.47,1,409.53,511.93
58.6,373.27,273,511.93
1,1,182.33,314.6
358.33,1,409.53,340.2
1,1,375.4,511.93
91.667,248.47,204.73,310.33
174.87,184.47,379.67,511.93
174.87,358.33,344.47,511.93
45.8,427.67,148.2,491.67
189.8,267.67,338.07,451.13
93.8,268.73,283.67,511.93
245.27,242.07,334.87,287.93
150.33,1,409.53,511.93
38.333,315.67,105.53,394.6
159.93,280.47,287.93,415.93
1,183.4,158.87,511.93
274.07,155.67,375.4,220.73
155.67,200.47,337,451.13
309.27,60.733,353,117.27
92.733,254.87,317.8,439.4
174.87,200.47,239.93,310.33
78.867,265.53,251.67,410.6
198.33,1,277.27,117.27
40.467,389.27,136.47,458.6
40.467,389.27,159.93,511.93
1,1,65,289
155.67,211.13,337,451.13
221.8,311.4,287.93,351.93
346.6,1,390.33,356.2
1,120.47,49,201.53
161,142.87,274.07,263.4
282.6,27.667,323.13,78.867
191.93,341.27,315.67,438.33
20.2,1,62.867,152.47
201.53,1,350.87,110.87
58.6,395.67,156.73,477.8
1,215.4,258.07,511.93
87.4,173.8,201.53,325.27
104.47,1,267.67,156.73
61.8,402.07,179.13,511.93
15.933,1,62.867,152.47
190.87,318.87,330.6,436.2
105.53,436.2,243.13,511.93
157.8,1,380.73,450.07
1,107.67,59.667,181.27
42.6,389.27,87.4,469.27
169.53,279.4,318.87,462.87
1,1,153.53,190.87
298.6,207.93,385,402.07
33,315.67,170.6,491.67
306.07,1,363.67,132.2
231.4,253.8,330.6,298.6
100.2,308.2,170.6,391.4
221.8,253.8,316.73,387.13
15.933,355.13,167.4,485.27
26.6,1,113,159.93
104.47,399.93,166.33,466.07
1,236.73,190.87,511.93
169.53,286.87,251.67,405.27
249.53,11.667,371.13,153.53
138.6,1,247.4,157.8
91.667,247.4,226.07,310.33
1,1,263.4,289
1,1,209,511.93
97,1,266.6,189.8
298.6,315.67,361.53,402.07
1,93.8,202.6,511.93
105.53,461.8,179.13,511.93
141.8,301.8,206.87,355.13
263.4,374.33,347.67,436.2
87.4,173.8,206.87,325.27
38.333,293.27,168.47,511.93
275.13,289,339.13,403.13
4.2,129,49,187.67
1,1,263.4,302.87
1,197.27,113,355.13
168.47,28.733,370.07,163.13
1,236.73,102.33,511.93
26.6,1,129,189.8
279.4,155.67,377.53,293.27
1,236.73,167.4,511.93
92.733,246.33,338.07,451.13
5.2667,127.93,209,290.07
165.27,1,246.33,132.2
276.2,1,367.93,113
1,1,201.53,325.27
151.4,127.93,292.2,305
174.87,1,390.33,511.93
1,469.27,66.067,511.93
269.8,1,409.53,431.93
33,268.73,207.93,491.67
168.47,47.933,333.8,163.13
231.4,232.47,334.87,338.07
189.8,279.4,318.87,441.53
177,1,267.67,115.13
41.533,319.93,106.6,373.27
225,401,296.47,476.73
117.27,1,375.4,271.93
33,315.67,174.87,491.67
20.2,5.2667,70.333,79.933
269.8,1,409.53,511.93
153.53,113,241,302.87
50.067,440.47,107.67,488.47
174.87,469.27,220.73,511.93
1,428.73,99.133,511.93
1,82.067,63.933,314.6
289,113,378.6,296.47
109.8,1,266.6,134.33
157.8,129,375.4,319.93
207.93,77.8,372.2,181.27
108.73,57.533,150.33,111.93
189.8,343.4,279.4,439.4
97,461.8,179.13,511.93
78.867,200.47,285.8,434.07
81,1,174.87,172.73
92.733,262.33,338.07,451.13
263.4,1,409.53,511.93
33,315.67,190.87,470.33
274.07,295.4,409.53,511.93
119.4,247.4,186.6,325.27
58.6,220.73,122.6,334.87
173.8,1,373.27,178.07
158.87,130.07,296.47,276.2
191.93,184.47,380.73,450.07
158.87,1,322.07,177
190.87,333.8,323.13,441.53
298.6,1,390.33,402.07
174.87,236.73,226.07,310.33
162.07,200.47,409.53,511.93
199.4,1,317.8,114.07
195.13,77.8,375.4,222.87
239.93,26.6,327.4,90.6
38.333,200.47,337,511.93
198.33,17,238.87,117.27
38.333,239.93,243.13,511.93
231.4,206.87,356.2,310.33
1,133.27,106.6,292.2
188.73,393.53,265.53,452.2
1,129,106.6,316.73
202.6,1,268.73,51.133
257,98.067,375.4,220.73
37.267,305,177,488.47
61.8,322.07,243.13,511.93
153.53,293.27,222.87,410.6
174.87,281.53,285.8,415.93
47.933,318.87,105.53,373.27
191.93,301.8,340.2,450.07
66.067,215.4,258.07,407.4
75.667,99.133,182.33,211.13
237.8,324.2,293.27,383.93
1,1,55.4,187.67
25.533,1,109.8,196.2
1,1,201.53,511.93
168.47,425.53,273,511.93
101.27,1,263.4,149.27
173.8,11.667,375.4,298.6
5.2667,1,58.6,197.27
38.333,310.33,173.8,511.93
158.87,28.733,375.4,469.27
8.4667,129,50.067,193
133.27,265.53,178.07,355.13
107.67,214.33,239.93,305
252.73,155.67,375.4,319.93
1,87.4,65,146.07
8.4667,129,49,191.93
158.87,77.8,375.4,276.2
81,1,151.4,82.067
109.8,1,168.47,149.27
196.2,1,351.93,114.07
173.8,86.333,332.73,243.13
70.333,1,263.4,157.8
42.6,324.2,105.53,373.27
25.533,1,109.8,209
1,1,263.4,200.47
169.53,211.13,251.67,364.73
26.6,1,164.2,189.8
17,1,57.533,114.07
174.87,428.73,279.4,511.93
339.13,1,409.53,340.2
182.33,152.47,360.47,310.33
75.667,116.2,135.4,189.8
101.27,1,150.33,81
1,136.47,104.47,511.93
153.53,114.07,278.33,308.2
77.8,390.33,190.87,470.33
31.933,350.87,90.6,393.53
98.067,1,168.47,149.27
25.533,1,178.07,209
1,223.93,99.133,511.93
1,471.4,66.067,511.93
109.8,1,375.4,276.2
310.33,11.667,367.93,117.27
315.67,200.47,358.33,276.2
20.2,1,63.933,79.933
26.6,1,153.53,190.87
1,136.47,104.47,454.33
37.267,305,170.6,488.47
189.8,230.33,409.53,511.93
180.2,200.47,230.33,300.73
309.27,1,409.53,356.2
38.333,315.67,190.87,470.33
49,382.87,159.93,488.47
268.73,206.87,364.73,305
177,1,228.2,113
1,1,166.33,200.47
153.53,114.07,278.33,243.13
1,264.47,58.6,316.73
61.8,401,179.13,511.93
196.2,429.8,278.33,511.93
37.267,305,179.13,511.93
286.87,28.733,370.07,119.4
174.87,200.47,237.8,310.33
276.2,27.667,335.93,78.867
153.53,125.8,241,302.87
26.6,1,180.2,201.53
104.47,1,267.67,129
1,219.67,99.133,511.93
306.07,1,370.07,132.2
189.8,153.53,334.87,254.87
168.47,437.27,246.33,511.93
191.93,267.67,337,439.4
37.267,323.13,93.8,397.8
38.333,239.93,225,511.93
78.867,265.53,285.8,415.93
97,110.87,178.07,193
1,1,57.533,130.07
97,115.13,178.07,193
319.93,95.933,371.13,153.53
157.8,11.667,373.27,474.6
38.333,239.93,225,393.53
245.27,200.47,367.93,340.2
1,107.67,113,511.93
1,1,178.07,209
219.67,419.13,276.2,511.93
198.33,17,277.27,117.27
14.867,1,148.2,243.13
200.47,1,373.27,158.87
196.2,434.07,260.2,511.93
258.07,358.33,344.47,434.07
75.667,84.2,182.33,211.13
189.8,247.4,375.4,511.93
159.93,280.47,323.13,441.53
191.93,215.4,258.07,370.07
104.47,1,207.93,129
311.4,70.333,356.2,132.2
1,1,55.4,140.73
236.73,360.47,347.67,449
203.67,298.6,247.4,370.07
38.333,311.4,172.73,492.73
254.87,295.4,355.13,431.93
1,1,63.933,126.87
189.8,153.53,362.6,266.6
55.4,401,167.4,483.13
92.733,392.47,172.73,465
268.73,1,409.53,511.93
92.733,177,317.8,439.4
1,129,45.8,231.4
83.133,1,168.47,125.8
206.87,229.27,251.67,364.73
115.13,1,207.93,130.07
277.27,333.8,323.13,386.07
109.8,75.667,159.93,149.27
326.33,182.33,378.6,341.27
189.8,267.67,337,451.13
236.73,360.47,322.07,431.93
187.67,402.07,273,511.93
126.87,358.33,193,414.87
5.2667,127.93,209,334.87
217.53,428.73,279.4,511.93
38.333,310.33,156.73,481
155.67,323.13,257,434.07
317.8,1,409.53,341.27
37.267,305,103.4,397.8
190.87,334.87,309.27,439.4
113,1,263.4,136.47
174.87,419.13,276.2,511.93
184.47,283.67,241,373.27
247.4,11.667,375.4,220.73
70.333,1,161,149.27
273,274.07,409.53,511.93
158.87,28.733,375.4,310.33
219.67,419.13,273,511.93
275.13,28.733,369,129
1,107.67,126.87,511.93
78.867,229.27,137.53,321
38.333,315.67,111.93,414.87
249.53,11.667,373.27,158.87
199.4,1,351.93,114.07
49,382.87,156.73,488.47
59.667,401,167.4,485.27
61.8,322.07,212.2,511.93
55.4,456.47,155.67,511.93
248.47,274.07,326.33,340.2
203.67,11.667,371.13,179.13
101.27,1,268.73,149.27
5.2667,1,178.07,209
281.53,1,355.13,46.867
309.27,1,390.33,356.2
1,1,263.4,231.4
25.533,1,166.33,200.47
100.2,268.73,174.87,391.4
196.2,358.33,344.47,511.93
97,343.4,283.67,511.93
87.4,246.33,203.67,338.07
189.8,155.67,332.73,243.13
1,219.67,179.13,511.93
153.53,143.93,233.53,243.13
278.33,1,366.87,99.133
275.13,29.8,337,129
158.87,28.733,360.47,310.33
155.67,279.4,260.2,434.07
97,1,178.07,149.27
150.33,403.13,258.07,473.53
257,201.53,385,434.07
85.267,164.2,209,279.4
184.47,200.47,230.33,271.93
262.33,333.8,323.13,399.93
5.2667,1,62.867,197.27
190.87,161,366.87,296.47
1,1,174.87,200.47
169.53,233.53,375.4,469.27
231.4,241,334.87,293.27
61.8,316.73,168.47,393.53
174.87,429.8,278.33,511.93
323.13,69.267,369,117.27
111.93,278.33,191.93,351.93
159.93,343.4,283.67,511.93
1,338.07,65,454.33
83.133,1,178.07,193
334.87,1,390.33,269.8
31.933,1,138.6,117.27
223.93,253.8,271.93,330.6
1,120.47,49,187.67
137.53,363.67,203.67,407.4
198.33,1,268.73,114.07
274.07,360.47,322.07,412.73
129,239.93,206.87,295.4
5.2667,136.47,104.47,290.07
239.93,1,363.67,132.2
225,124.73,270.87,169.53
1,1,60.733,197.27
38.333,310.33,173.8,486.33
159.93,77.8,378.6,467.13
274.07,295.4,364.73,420.2
207.93,281.53,316.73,408.47
97,1,263.4,172.73
221.8,281.53,316.73,387.13
174.87,323.13,257,415.93
212.2,183.4,303.93,261.27
188.73,214.33,239.93,278.33
245.27,200.47,409.53,511.93
82.067,1,138.6,89.533
14.867,136.47,104.47,243.13
93.8,268.73,247.4,399.93
159.93,280.47,242.07,407.4
199.4,1,270.87,113
31.933,311.4,174.87,492.73
286.87,28.733,333.8,69.267
38.333,311.4,99.133,392.47
180.2,236.73,226.07,301.8
159.93,77.8,375.4,467.13
119.4,411.67,166.33,466.07
75.667,99.133,153.53,182.33
168.47,434.07,260.2,511.93
249.53,257,374.33,426.6
190.87,305,317.8,439.4
47.933,319.93,106.6,372.2
38.333,305,103.4,392.47
184.47,1,390.33,449
38.333,315.67,102.33,377.53
77.8,390.33,146.07,431.93
42.6,324.2,177,421.27
202.6,1,369,129
177,17,235.67,114.07
257,1,390.33,434.07
311.4,70.333,356.2,127.93
158.87,1,375.4,220.73
92.733,338.07,205.8,433
205.8,282.6,247.4,338.07
97,116.2,171.67,189.8
1,107.67,61.8,201.53
282.6,27.667,361.53,113
188.73,281.53,316.73,435.13
252.73,206.87,364.73,342.33
333.8,1,390.33,356.2
113,1,207.93,133.27
92.733,338.07,193,414.87
1,127.93,49,181.27
1,1,140.73,511.93
38.333,311.4,172.73,477.8
184.47,1,362.6,121.53
87.4,173.8,201.53,273
169.53,345.53,233.53,415.93
113,466.07,179.13,511.93
1,129,50.067,314.6
153.53,269.8,251.67,410.6
159.93,114.07,278.33,177
75.667,124.73,155.67,200.47
301.8,317.8,363.67,399.93
177,1,267.67,114.07
149.27,1,278.33,308.2
317.8,203.67,360.47,266.6
38.333,315.67,170.6,485.27
153.53,125.8,241,259.13
191.93,253.8,364.73,450.07
97,57.533,150.33,125.8
15.933,355.13,90.6,442.6
173.8,46.867,363.67,298.6
119.4,143.93,163.13,194.07
294.33,93.8,370.07,159.93
76.733,394.6,166.33,466.07
174.87,434.07,260.2,511.93
201.53,1,301.8,116.2
283.67,236.73,355.13,297.53
37.267,305,193,488.47
274.07,173.8,351.93,220.73
168.47,111.93,247.4,163.13
200.47,1,291.13,110.87
1,183.4,113,355.13
170.6,203.67,375.4,467.13
249.53,281.53,316.73,340.2
1,120.47,49,166.33
38.333,315.67,102.33,394.6
97,283.67,241,407.4
97,118.33,154.6,172.73
193,298.6,247.4,370.07
14.867,1,141.8,243.13
26.6,1,141.8,189.8
1,335.93,82.067,451.13
311.4,87.4,370.07,143.93
294.33,69.267,373.27,158.87
169.53,267.67,222.87,356.2
188.73,267.67,340.2,452.2
158.87,113,237.8,177
174.87,429.8,273,511.93
181.27,15.933,241,81
191.93,253.8,326.33,438.33
153.53,125.8,233.53,243.13
191.93,286.87,326.33,439.4
49,382.87,170.6,488.47
97,1,168.47,172.73
54.333,319.93,106.6,372.2
99.133,388.2,200.47,463.93
170.6,281.53,316.73,435.13
194.07,286.87,326.33,439.4
20.2,1,141.8,159.93
38.333,315.67,170.6,483.13
58.6,220.73,157.8,334.87
159.93,300.73,242.07,407.4
98.067,340.2,153.53,391.4
8.4667,94.867,59.667,191.93
107.67,57.533,150.33,111.93
191.93,274.07,322.07,438.33
157.8,281.53,316.73,474.6
5.2667,1,58.6,189.8
1,197.27,113,511.93
1,82.067,65,264.47
97,115.13,178.07,189.8
294.33,75.667,349.8,148.2
189.8,279.4,337,451.13
191.93,267.67,337,438.33
252.73,267.67,332.73,315.67
252.73,267.67,337,324.2
282.6,27.667,338.07,78.867
204.73,177,303.93,261.27
115.13,1,207.93,129
1,1,49,126.87
289,113,375.4,220.73
165.27,77.8,375.4,276.2
149.27,1,277.27,136.47
166.33,129,283.67,178.07
249.53,11.667,369,122.6
177,469.27,217.53,511.93
267.67,279.4,386.07,511.93
86.333,1,143.93,49
236.73,329.53,293.27,389.27
219.67,11.667,367.93,117.27
38.333,311.4,168.47,393.53
206.87,269.8,251.67,364.73
172.73,11.667,373.27,314.6
204.73,1,245.27,49
1,107.67,106.6,316.73
267.67,274.07,409.53,511.93
5.2667,149.27,49,197.27
55.4,419.13,155.67,492.73
91.667,248.47,226.07,310.33
157.8,253.8,370.07,474.6
169.53,211.13,337,451.13
203.67,79.933,322.07,179.13
14.867,1,143.93,243.13
93.8,268.73,174.87,391.4
14.867,1,182.33,243.13
15.933,355.13,90.6,425.53
180.2,262.33,225,309.27
168.47,28.733,333.8,163.13
201.53,62.867,251.67,116.2
150.33,280.47,323.13,473.53
263.4,147.13,375.4,218.6
315.67,206.87,367.93,277.27
147.13,239.93,206.87,295.4
247.4,11.667,373.27,158.87
1,219.67,120.47,511.93
58.6,220.73,174.87,334.87
190.87,423.4,262.33,470.33
38.333,312.47,93.8,373.27
1,221.8,102.33,511.93
281.53,1,366.87,76.733
200.47,61.8,251.67,115.13
181.27,1,247.4,111.93
159.93,363.67,205.8,407.4
55.4,395.67,170.6,483.13
185.53,77.8,372.2,179.13
1,87.4,65,264.47
313.53,1,390.33,269.8
196.2,1,266.6,114.07
164.2,280.47,247.4,349.8
189.8,147.13,375.4,243.13
25.533,1,140.73,196.2
1,419.13,75.667,511.93
306.07,1,363.67,49
191.93,340.2,322.07,438.33
26.6,1,111.93,159.93
66.067,229.27,241,407.4
109.8,1,351.93,134.33
38.333,310.33,142.87,393.53
305,231.4,366.87,296.47
178.07,201.53,247.4,308.2
44.733,318.87,105.53,373.27
257,155.67,375.4,220.73
248.47,267.67,337,342.33
108.73,1,207.93,129
1,1,49,130.07
97,105.53,174.87,172.73
180.2,239.93,225,309.27
8.4667,82.067,63.933,193
97,1,178.07,189.8
38.333,305,172.73,465
59.667,99.133,153.53,190.87
264.47,281.53,323.13,342.33
38.333,305,105.53,390.33
42.6,389.27,155.67,511.93
150.33,257,374.33,473.53
101.27,1,150.33,50.067
257,315.67,361.53,434.07
55.4,418.07,159.93,511.93
47.933,326.33,142.87,391.4
135.4,251.67,199.4,315.67
315.67,206.87,356.2,277.27
61.8,401,138.6,485.27
312.47,1,409.53,341.27
76.733,391.4,166.33,466.07
102.33,278.33,191.93,391.4
168.47,437.27,246.33,481
346.6,1,409.53,356.2
184.47,200.47,237.8,273
191.93,340.2,322.07,439.4
225,79.933,322.07,179.13
119.4,135.4,235.67,238.87
191.93,295.4,364.73,450.07
78.867,326.33,142.87,391.4
99.133,351.93,212.2,463.93
38.333,315.67,94.867,394.6
153.53,127.93,303.93,265.53
189.8,295.4,355.13,451.13
278.33,1,373.27,158.87
97,266.6,204.73,403.13
38.333,310.33,105.53,393.53
76.733,172.73,206.87,322.07
202.6,1,306.07,106.6
92.733,326.33,142.87,390.33
190.87,274.07,299.67,398.87
25.533,1,109.8,163.13
113,1,161,78.867
219.67,282.6,264.47,330.6
250.6,281.53,316.73,359.4
169.53,311.4,287.93,415.93
198.33,1,277.27,114.07
125.8,103.4,193,156.73
38.333,310.33,100.2,393.53
169.53,247.4,375.4,469.27
31.933,311.4,172.73,492.73
108.73,172.73,206.87,322.07
38.333,246.33,203.67,393.53
106.6,246.33,178.07,321
49,382.87,92.733,475.67
281.53,1,355.13,49
47.933,330.6,93.8,371.13
145,268.73,247.4,370.07
92.733,317.8,257,433
92.733,262.33,299.67,414.87
277.27,277.27,374.33,415.93
189.8,281.53,333.8,451.13
111.93,323.13,207.93,402.07
195.13,447.93,252.73,511.93
205.8,47.933,333.8,123.67
200.47,61.8,251.67,110.87
177,423.4,262.33,511.93
1,423.4,75.667,511.93
327.4,93.8,370.07,143.93
282.6,27.667,328.47,99.133
101.27,1,246.33,149.27
241,281.53,285.8,338.07
189.8,341.27,333.8,451.13
169.53,293.27,222.87,356.2
101.27,1,168.47,83.133
267.67,340.2,317.8,390.33
161,136.47,274.07,263.4
172.73,87.4,367.93,314.6
38.333,312.47,105.53,390.33
196.2,1,270.87,114.07
169.53,211.13,334.87,364.73
133.27,265.53,203.67,355.13
97,23.4,168.47,139.67
179.13,229.27,236.73,302.87
285.8,361.53,340.2,413.8
97,461.8,220.73,511.93
188.73,392.47,283.67,511.93
200.47,61.8,295.4,115.13
1,223.93,82.067,454.33
38.333,311.4,168.47,511.93
162.07,360.47,292.2,511.93
263.4,298.6,409.53,511.93
109.8,1,238.87,134.33
1,219.67,102.33,511.93
278.33,1,365.8,75.667
158.87,130.07,360.47,276.2
200.47,1,295.4,115.13
202.6,1,301.8,107.67
1,335.93,98.067,511.93
282.6,27.667,332.73,113
99.133,388.2,173.8,463.93
245.27,200.47,375.4,405.27
311.4,70.333,359.4,132.2
78.867,220.73,122.6,283.67
168.47,28.733,360.47,310.33
198.33,1,268.73,111.93
172.73,113,237.8,166.33
98.067,283.67,241,407.4
204.73,177,263.4,217.53
113,428.73,159.93,483.13
72.467,93.8,166.33,200.47
100.2,105.53,159.93,172.73
76.733,174.87,156.73,321
201.53,1,322.07,169.53
276.2,231.4,366.87,296.47
191.93,267.67,340.2,450.07
217.53,429.8,273,511.93
5.2667,223.93,79.933,290.07
207.93,300.73,281.53,366.87
104.47,461.8,179.13,511.93
231.4,206.87,356.2,293.27
196.2,429.8,273,511.93
234.6,323.13,294.33,376.47
109.8,310.33,194.07,355.13
78.867,350.87,132.2,391.4
159.93,345.53,233.53,415.93
167.4,436.2,243.13,482.07
181.27,423.4,262.33,474.6
100.2,177,202.6,325.27
234.6,293.27,285.8,337
93.8,268.73,207.93,399.93
85.267,251.67,157.8,334.87
1,183.4,73.533,292.2
83.133,1,168.47,83.133
214.33,183.4,279.4,228.2
93.8,308.2,209,399.93
190.87,274.07,330.6,439.4
191.93,274.07,340.2,450.07
54.333,318.87,105.53,362.6
38.333,310.33,173.8,481
113,1,236.73,133.27
157.8,129,334.87,265.53
278.33,1,356.2,45.8
202.6,1,355.13,110.87
232.47,203.67,375.4,341.27
187.67,211.13,236.73,276.2
180.2,262.33,241,308.2
31.933,323.13,90.6,390.33
252.73,236.73,369,319.93
55.4,419.13,155.67,486.33
205.8,177,355.13,297.53
41.533,319.93,106.6,372.2
198.33,279.4,285.8,366.87
246.33,274.07,334.87,340.2
167.4,436.2,243.13,511.93
15.933,355.13,90.6,474.6
153.53,135.4,235.67,238.87
108.73,1,156.73,109.8
174.87,323.13,255.93,415.93
125.8,1,267.67,156.73
200.47,1,351.93,110.87
100.2,345.53,154.6,391.4
25.533,1,140.73,209
101.27,1,168.47,149.27
5.2667,221.8,69.267,290.07
307.13,51.133,356.2,132.2
113,1,207.93,130.07
113,466.07,191.93,511.93
1,129,49,264.47
275.13,1,366.87,129
61.8,402.07,156.73,481
97,387.13,172.73,463.93
86.333,1,143.93,52.2
231.4,232.47,334.87,293.27
99.133,322.07,212.2,463.93
159.93,343.4,279.4,439.4
1,1,69.267,134.33
113,322.07,207.93,399.93
199.4,343.4,257,401
1,93.8,56.467,146.07
257,1,375.4,220.73
217.53,434.07,260.2,511.93
161,142.87,330.6,263.4
38.333,310.33,136.47,417
249.53,295.4,360.47,426.6
42.6,389.27,85.267,469.27
174.87,461.8,220.73,511.93
282.6,11.667,369,122.6
117.27,135.4,330.6,271.93
58.6,402.07,156.73,477.8
252.73,1,390.33,449
113,322.07,209,399.93
100.2,177,251.67,401
78.867,265.53,203.67,391.4
200.47,61.8,291.13,110.87
92.733,266.6,299.67,414.87
58.6,164.2,209,334.87
58.6,387.13,181.27,511.93
205.8,105.53,294.33,152.47
200.47,1,306.07,115.13
1,129,106.6,292.2
157.8,129,292.2,265.53
298.6,322.07,361.53,402.07
100.2,318.87,154.6,391.4
207.93,286.87,251.67,358.33
14.867,136.47,104.47,255.93
70.333,52.2,150.33,149.27
165.27,147.13,375.4,276.2
170.6,305,317.8,467.13
85.267,251.67,174.87,334.87
17,1,69.267,79.933
78.867,298.6,154.6,391.4
274.07,155.67,375.4,266.6
138.6,63.933,196.2,145
33,133.27,106.6,210.07
1,301.8,44.733,454.33
98.067,325.27,204.73,391.4
173.8,46.867,363.67,178.07
113,1,156.73,52.2
1,93.8,56.467,138.6
31.933,1,109.8,163.13
8.4667,129,49,181.27
157.8,135.4,292.2,265.53
202.6,1,300.73,110.87
95.933,461.8,181.27,511.93
273,87.4,370.07,178.07
319.93,95.933,373.27,158.87
250.6,281.53,313.53,359.4
172.73,94.867,366.87,296.47
26.6,1,141.8,163.13
181.27,15.933,241,111.93
101.27,1,143.93,50.067
274.07,345.53,350.87,420.2
97,466.07,191.93,511.93
202.6,1,270.87,110.87
169.53,286.87,251.67,373.27
14.867,170.6,104.47,243.13
92.733,266.6,251.67,414.87
308.2,60.733,353,117.27
172.73,94.867,367.93,314.6
161,136.47,303.93,265.53
282.6,27.667,369,122.6
113,23.4,168.47,106.6
100.2,266.6,191.93,391.4
180.2,262.33,234.6,302.87
182.33,152.47,360.47,264.47
111.93,322.07,207.93,402.07
249.53,257,373.27,426.6
38.333,305,103.4,365.8
1,335.93,82.067,437.27
249.53,401,296.47,454.33
236.73,360.47,322.07,435.13
188.73,419.13,276.2,511.93
245.27,255.93,370.07,421.27
97,387.13,181.27,511.93
75.667,124.73,166.33,200.47
159.93,77.8,372.2,262.33
177,1,229.27,115.13
207.93,77.8,372.2,179.13
193,1,267.67,47.933
310.33,11.667,364.73,98.067
295.4,358.33,344.47,406.33
1,301.8,65,454.33
241,281.53,316.73,340.2
294.33,28.733,366.87,89.533
232.47,254.87,317.8,366.87
180.2,262.33,247.4,308.2
98.067,395.67,170.6,463.93
15.933,1,57.533,118.33
244.2,277.27,374.33,457.53
113,461.8,179.13,511.93
1,1,57.533,187.67
31.933,3.1333,109.8,117.27
286.87,29.8,337,73.533
237.8,281.53,316.73,387.13
76.733,229.27,156.73,321
245.27,216.47,334.87,340.2
199.4,343.4,257,407.4
1,428.73,75.667,511.93
257,322.07,361.53,434.07
5.2667,156.73,45.8,201.53
101.27,1,141.8,87.4
237.8,334.87,313.53,387.13
234.6,274.07,317.8,366.87
1,183.4,113,511.93
100.2,1,151.4,82.067
282.6,58.6,328.47,99.133
109.8,52.2,150.33,105.53
191.93,342.33,312.47,438.33
190.87,161,330.6,238.87
173.8,115.13,332.73,243.13
58.6,387.13,172.73,477.8
184.47,1,350.87,121.53
114.07,286.87,251.67,401
81,1,168.47,82.067
198.33,283.67,285.8,366.87
263.4,263.4,370.07,421.27
263.4,328.47,346.6,421.27
5.2667,158.87,45.8,201.53
205.8,75.667,322.07,169.53
200.47,1,306.07,110.87
185.53,317.8,257,398.87
159.93,280.47,316.73,439.4
38.333,315.67,91.667,377.53
358.33,126.87,409.53,340.2
220.73,283.67,285.8,337
189.8,153.53,334.87,258.07
305,200.47,367.93,337
97,100.2,152.47,185.53
106.6,266.6,158.87,325.27
258.07,371.13,331.67,434.07
138.6,461.8,179.13,511.93
4.2,301.8,44.733,364.73
281.53,1,355.13,73.533
108.73,279.4,159.93,322.07
126.87,19.133,168.47,83.133
138.6,63.933,196.2,157.8
278.33,1,363.67,45.8
307.13,51.133,356.2,127.93
83.133,1,140.73,89.533
14.867,138.6,104.47,255.93
255.93,334.87,313.53,387.13
252.73,374.33,347.67,449
316.73,206.87,362.6,266.6
1,145,51.133,264.47
1,129,50.067,289
229.27,274.07,330.6,436.2
169.53,229.27,251.67,364.73
39.4,311.4,88.467,356.2
97,105.53,159.93,172.73
189.8,323.13,337,451.13
306.07,1,363.67,57.533
252.73,267.67,326.33,342.33
205.8,177,355.13,298.6
265.53,298.6,338.07,397.8
252.73,267.67,329.53,342.33
346.6,1,390.33,269.8
46.867,324.2,93.8,373.27
100.2,308.2,209,399.93
75.667,443.67,138.6,485.27
153.53,351.93,212.2,410.6
188.73,423.4,258.07,511.93
70.333,72.467,143.93,149.27
145,268.73,247.4,349.8
28.733,201.53,73.533,259.13
207.93,283.67,285.8,366.87
317.8,182.33,378.6,341.27
190.87,283.67,241,373.27
17,1,69.267,51.133
162.07,394.6,279.4,511.93
203.67,253.8,258.07,370.07
265.53,298.6,358.33,397.8
190.87,341.27,271.93,435.13
105.53,250.6,158.87,325.27
1,145,49,264.47
252.73,254.87,332.73,315.67
205.8,105.53,267.67,152.47
85.267,260.2,174.87,322.07
45.8,427.67,107.67,490.6
294.33,75.667,371.13,153.53
59.667,401,167.4,483.13
20.2,5.2667,90.6,159.93
141.8,286.87,251.67,358.33
199.4,434.07,260.2,511.93
100.2,177,202.6,279.4
191.93,286.87,251.67,358.33
246.33,274.07,326.33,340.2
318.87,87.4,370.07,143.93
274.07,207.93,380.73,420.2
205.8,94.867,296.47,152.47
275.13,343.4,333.8,403.13
101.27,108.73,143.93,149.27
61.8,401,156.73,488.47
117.27,172.73,206.87,315.67
23.4,362.6,65,449
141.8,266.6,186.6,325.27
33,107.67,106.6,210.07
217.53,419.13,276.2,511.93
58.6,251.67,157.8,334.87
281.53,1,355.13,65
14.867,116.2,148.2,243.13
114.07,324.2,202.6,401
72.467,93.8,202.6,279.4
189.8,299.67,338.07,451.13
189.8,247.4,375.4,469.27
190.87,161,330.6,261.27
296.47,157.8,375.4,220.73
202.6,8.4667,247.4,51.133
282.6,27.667,366.87,99.133
92.733,266.6,194.07,414.87
232.47,206.87,357.27,305
17,1,69.267,46.867
97,100.2,164.2,185.53
72.467,84.2,166.33,200.47
296.47,168.47,373.27,220.73
273,87.4,371.13,178.07
268.73,221.8,364.73,305
150.33,403.13,190.87,470.33
117.27,172.73,206.87,271.93
31.933,1,109.8,117.27
169.53,343.4,257,415.93
97,266.6,191.93,391.4
1,223.93,82.067,351.93
278.33,317.8,375.4,433
78.867,148.2,155.67,200.47
47.933,331.67,93.8,373.27
358.33,205.8,409.53,340.2
273,317.8,375.4,405.27
119.4,135.4,235.67,242.07
75.667,127.93,129,189.8
157.8,281.53,316.73,435.13
317.8,1,390.33,341.27
315.67,206.87,358.33,266.6
171.67,190.87,213.27,242.07
55.4,418.07,159.93,486.33
223.93,254.87,264.47,330.6
113,1,263.4,133.27
268.73,230.33,409.53,511.93
305,200.47,366.87,296.47
169.53,286.87,251.67,358.33
331.67,257,373.27,319.93
274.07,349.8,345.53,415.93
201.53,1,301.8,110.87
190.87,318.87,347.67,449
70.333,72.467,111.93,147.13
276.2,27.667,355.13,113
301.8,317.8,375.4,399.93
122.6,395.67,170.6,463.93
85.267,260.2,137.53,321
207.93,329.53,293.27,408.47
153.53,181.27,213.27,242.07
1,260.2,47.933,314.6
282.6,36.2,328.47,99.133
1,1,55.4,134.33
201.53,1,273,68.2
311.4,295.4,364.73,373.27
49,382.87,92.733,428.73
285.8,322.07,361.53,413.8
4.2,129,49,181.27
237.8,324.2,313.53,387.13
1,419.13,95.933,511.93
159.93,86.333,332.73,262.33
229.27,343.4,330.6,436.2
81,1,168.47,116.2
26.6,1,109.8,95.933
241,281.53,291.13,335.93
306.07,1,362.6,44.733
111.93,309.27,170.6,355.13
221.8,281.53,316.73,356.2
257,79.933,322.07,165.27
98.067,57.533,150.33,116.2
190.87,254.87,317.8,439.4
319.93,69.267,373.27,158.87
249.53,360.47,322.07,426.6
170.6,295.4,355.13,467.13
165.27,1,228.2,132.2
1,1,47.933,134.33
61.8,401,156.73,483.13
207.93,318.87,316.73,389.27
177,428.73,279.4,511.93
106.6,1,168.47,81
92.733,310.33,194.07,389.27
72.467,84.2,155.67,200.47
274.07,168.47,373.27,220.73
33,49,90.6,159.93
246.33,281.53,313.53,338.07
189.8,366.87,279.4,439.4
326.33,233.53,375.4,341.27
257,121.53,375.4,220.73
173.8,115.13,278.33,177
275.13,28.733,337,129
188.73,423.4,258.07,473.53
207.93,324.2,293.27,408.47
252.73,267.67,338.07,360.47
164.2,280.47,218.6,349.8
189.8,281.53,316.73,439.4
283.67,236.73,369,319.93
191.93,274.07,326.33,438.33
129,309.27,170.6,350.87
92.733,338.07,136.47,389.27
326.33,239.93,375.4,341.27
204.73,1,263.4,49
174.87,154.6,243.13,202.6
172.73,113,237.8,155.67
190.87,317.8,257,398.87
125.8,111.93,174.87,156.73
97,100.2,143.93,149.27
1,1,45.8,126.87
143.93,325.27,204.73,391.4
236.73,255.93,370.07,431.93
205.8,177,315.67,258.07
82.067,1,134.33,66.067
177,423.4,279.4,511.93
92.733,310.33,194.07,414.87
18.067,355.13,65,415.93
278.33,1,351.93,45.8
191.93,341.27,248.47,412.73
58.6,394.6,156.73,488.47
283.67,231.4,366.87,296.47
157.8,253.8,316.73,474.6
207.93,318.87,316.73,366.87
221.8,311.4,293.27,356.2
246.33,286.87,326.33,408.47
114.07,325.27,204.73,403.13
106.6,246.33,186.6,325.27
268.73,221.8,357.27,305
252.73,267.67,329.53,311.4
61.8,401,119.4,477.8
114.07,461.8,181.27,511.93
311.4,295.4,360.47,373.27
1,408.47,98.067,511.93
234.6,305,317.8,366.87
277.27,349.8,345.53,415.93
102.33,340.2,153.53,391.4
26.6,1,141.8,95.933
162.07,413.8,262.33,474.6
43.667,136.47,97,210.07
1,428.73,75.667,498.07
291.13,31.933,335.93,78.867
263.4,385,318.87,436.2
203.67,79.933,371.13,179.13
190.87,348.73,271.93,435.13
236.73,342.33,291.13,389.27
217.53,438.33,259.13,511.93
98.067,297.53,204.73,407.4
57.533,159.93,106.6,210.07
159.93,114.07,221.8,177
166.33,113,237.8,177
172.73,94.867,296.47,166.33
281.53,1,367.93,49
161,136.47,276.2,265.53
276.2,27.667,335.93,113
190.87,393.53,265.53,441.53
252.73,375.4,321,449
43.667,136.47,87.4,210.07
317.8,203.67,375.4,341.27
207.93,318.87,317.8,390.33
178.07,428.73,279.4,511.93
207.93,318.87,330.6,436.2
98.067,297.53,204.73,391.4
323.13,264.47,367.93,337
158.87,51.133,237.8,177
289,276.2,370.07,337
61.8,401,159.93,485.27
88.467,158.87,148.2,237.8
170.6,305,317.8,465
153.53,143.93,222.87,231.4
282.6,182.33,347.67,222.87
279.4,155.67,375.4,222.87
198.33,323.13,294.33,403.13
109.8,26.6,159.93,149.27
234.6,323.13,294.33,366.87
141.8,310.33,194.07,355.13
70.333,72.467,129,189.8
271.93,290.07,313.53,338.07
264.47,281.53,326.33,342.33
188.73,335.93,257,396.73
193,1,263.4,115.13
114.07,471.4,163.13,511.93
1,223.93,84.2,454.33
296.47,168.47,375.4,220.73
184.47,200.47,227.13,273
270.87,340.2,338.07,421.27
153.53,127.93,235.67,238.87
100.2,266.6,178.07,337
311.4,87.4,371.13,153.53
275.13,47.933,333.8,129
281.53,1,367.93,46.867
170.6,402.07,273,511.93
203.67,1,300.73,107.67
159.93,114.07,234.6,177
278.33,374.33,347.67,433
28.733,210.07,73.533,259.13
61.8,319.93,106.6,372.2
101.27,108.73,168.47,149.27
263.4,317.8,375.4,436.2
205.8,100.2,267.67,152.47
198.33,345.53,245.27,403.13
59.667,159.93,106.6,210.07
289,147.13,375.4,218.6
190.87,359.4,271.93,435.13
38.333,225,79.933,268.73
76.733,229.27,137.53,321
1,423.4,75.667,498.07
108.73,266.6,174.87,322.07
22.333,346.6,65,449
61.8,319.93,106.6,392.47
26.6,1,109.8,159.93
210.07,335.93,257,385
274.07,274.07,334.87,317.8
273,340.2,338.07,405.27
366.87,1,409.53,186.6
187.67,402.07,271.93,467.13
109.8,105.53,159.93,149.27
190.87,161,358.33,266.6
100.2,266.6,178.07,335.93
1,248.47,82.067,351.93
268.73,206.87,357.27,305
191.93,354.07,233.53,412.73
61.8,319.93,106.6,393.53
279.4,155.67,373.27,222.87
282.6,11.667,367.93,117.27
38.333,343.4,99.133,392.47
97,116.2,152.47,185.53
159.93,114.07,293.27,262.33
281.53,1,350.87,41.533
109.8,13.8,151.4,82.067
202.6,1,270.87,63.933
219.67,300.73,281.53,345.53
166.33,136.47,237.8,177
14.867,170.6,104.47,255.93
245.27,216.47,334.87,287.93
102.33,266.6,191.93,391.4
250.6,281.53,313.53,338.07
113,428.73,156.73,483.13
181.27,423.4,262.33,470.33
100.2,177,198.33,271.93
291.13,121.53,373.27,174.87
108.73,278.33,174.87,322.07
119.4,425.53,166.33,466.07
205.8,75.667,297.53,169.53
257,155.67,333.8,207.93
191.93,335.93,257,395.67
190.87,367.93,271.93,435.13
246.33,340.2,322.07,408.47
311.4,37.267,371.13,153.53
165.27,154.6,293.27,262.33
205.8,105.53,294.33,169.53
62.867,159.93,106.6,210.07
129,278.33,191.93,350.87
263.4,276.2,370.07,421.27
229.27,340.2,330.6,436.2
190.87,281.53,316.73,435.13
270.87,360.47,322.07,421.27
1,183.4,53.267,289
241,274.07,299.67,334.87
199.4,429.8,273,511.93
102.33,333.8,153.53,391.4
282.6,27.667,335.93,113
170.6,297.53,215.4,355.13
33,133.27,76.733,210.07
283.67,242.07,334.87,287.93
86.333,149.27,129,189.8
270.87,328.47,346.6,421.27
111.93,297.53,202.6,355.13
273,356.2,322.07,405.27
190.87,161,330.6,244.2
98.067,339.13,159.93,391.4
331.67,317.8,375.4,376.47
219.67,301.8,279.4,345.53
201.53,22.333,251.67,116.2
323.13,287.93,370.07,337
323.13,294.33,364.73,337
225,136.47,283.67,179.13
190.87,360.47,292.2,439.4
246.33,281.53,292.2,337
153.53,135.4,217.53,226.07
129,278.33,174.87,350.87
114.07,325.27,204.73,391.4
114.07,339.13,159.93,389.27
274.07,274.07,338.07,385
279.4,298.6,338.07,385
14.867,183.4,104.47,243.13
