135.4,109.8,305,449
135.4,125.8,316.73,479.93
246.33,143.93,358.33,311.4
135.4,1,383.93,511.93
1,1,383.93,511.93
175.93,262.33,254.87,316.73
145,1,383.93,274.07
130.07,1,383.93,511.93
1,1,222.87,511.93
114.07,367.93,222.87,463.93
254.87,179.13,350.87,511.93
317.8,91.667,383.93,511.93
284.73,87.4,329.53,152.47
203.67,1,383.93,511.93
113,1,383.93,511.93
1,1,257,511.93
314.6,81,383.93,511.93
163.13,184.47,299.67,449
122.6,1,383.93,511.93
223.93,1,383.93,274.07
49,1,231.4,271.93
206.87,1,383.93,244.2
129,1,383.93,511.93
254.87,179.13,350.87,463.93
1,130.07,222.87,465
81,181.27,334.87,511.93
257,161,347.67,511.93
316.73,1,383.93,511.93
328.47,1,383.93,244.2
154.6,68.2,358.33,316.73
163.13,184.47,299.67,287.93
148.2,169.53,232.47,241
135.4,241,226.07,287.93
120.47,1,383.93,511.93
81,1,364.73,511.93
174.87,182.33,332.73,373.27
318.87,1,383.93,511.93
239.93,184.47,289,257
120.47,361.53,201.53,463.93
163.13,109.8,299.67,449
209,181.27,361.53,511.93
1,207.93,222.87,465
209,91.667,383.93,511.93
113,1,362.6,511.93
1,1,133.27,273
244.2,181.27,356.2,447.93
1,1,194.07,399.93
135.4,125.8,316.73,335.93
174.87,59.667,332.73,373.27
1,198.33,210.07,511.93
174.87,90.6,319.93,318.87
81,1,383.93,511.93
129,159.93,210.07,287.93
122.6,125.8,346.6,511.93
120.47,1,220.73,328.47
247.4,89.533,358.33,245.27
199.4,1,383.93,511.93
1,225,210.07,511.93
318.87,1,383.93,346.6
122.6,255.93,346.6,511.93
156.73,182.33,238.87,242.07
203.67,1,357.27,185.53
227.13,259.13,278.33,479.93
145,1,251.67,204.73
166.33,114.07,299.67,479.93
135.4,109.8,242.07,287.93
1,337,225,511.93
127.93,434.07,210.07,511.93
239.93,181.27,334.87,511.93
119.4,63.933,161,193
318.87,413.8,383.93,482.07
317.8,373.27,383.93,511.93
203.67,1,383.93,245.27
1,1,222.87,495.93
145,171.67,234.6,287.93
1,337,137.53,465
209,282.6,257,511.93
161,1,246.33,211.13
159.93,185.53,299.67,321
203.67,1,383.93,145
322.07,1,383.93,346.6
1,207.93,113,431.93
148.2,113,237.8,242.07
148.2,161,237.8,241
113,1,362.6,351.93
174.87,59.667,340.2,511.93
174.87,1,383.93,318.87
161,105.53,246.33,211.13
328.47,404.2,383.93,511.93
148.2,177,228.2,242.07
1,1,114.07,273
145,1,383.93,511.93
177,185.53,299.67,287.93
322.07,1,383.93,459.67
191.93,262.33,244.2,321
318.87,342.33,383.93,511.93
263.4,79.933,365.8,234.6
1,1,255.93,511.93
1,207.93,137.53,465
203.67,1,383.93,319.93
246.33,161,350.87,511.93
223.93,141.8,319.93,318.87
95.933,1,364.73,328.47
1,207.93,47.933,367.93
159.93,190.87,316.73,335.93
306.07,81,383.93,511.93
127.93,434.07,225,511.93
215.4,59.667,326.33,234.6
1,1,223.93,511.93
120.47,1,383.93,328.47
193,1,383.93,511.93
241,275.13,340.2,511.93
244.2,181.27,356.2,511.93
103.4,177,179.13,271.93
130.07,1,244.2,325.27
148.2,154.6,237.8,241
159.93,185.53,258.07,262.33
113,29.8,222.87,351.93
193,275.13,340.2,511.93
241,275.13,338.07,511.93
1,257,257,511.93
1,1,231.4,273
329.53,440.47,383.93,511.93
130.07,158.87,197.27,254.87
153.53,142.87,289,257
328.47,345.53,377.53,511.93
1,1,231.4,495.93
223.93,141.8,319.93,204.73
1,1,210.07,511.93
193,1,364.73,198.33
17,34.067,63.933,161
123.67,257,222.87,414.87
1,130.07,257,511.93
1,337,226.07,511.93
1,1,215.4,274.07
328.47,345.53,377.53,445.8
81,370.07,222.87,495.93
332.73,373.27,383.93,463.93
261.27,179.13,317.8,233.53
232.47,259.13,278.33,479.93
193,1,244.2,119.4
323.13,1,383.93,511.93
223.93,190.87,279.4,316.73
1,225,223.93,511.93
164.2,171.67,230.33,213.27
135.4,113,241,287.93
329.53,428.73,383.93,511.93
318.87,333.8,383.93,511.93
153.53,142.87,270.87,242.07
154.6,141.8,358.33,316.73
1,130.07,222.87,511.93
1,276.2,257,511.93
229.27,85.267,361.53,319.93
223.93,79.933,365.8,274.07
206.87,1,364.73,199.4
193,275.13,338.07,511.93
18.067,225,110.87,414.87
177,235.67,271.93,449
316.73,151.4,358.33,191.93
216.47,1,364.73,198.33
264.47,186.6,346.6,335.93
177,185.53,266.6,274.07
135.4,109.8,299.67,449
193,59.667,241,183.4
252.73,12.733,326.33,115.13
303.93,159.93,358.33,311.4
316.73,391.4,358.33,511.93
193,307.13,262.33,511.93
328.47,345.53,383.93,511.93
257,165.27,347.67,511.93
303.93,50.067,383.93,511.93
142.87,66.067,234.6,287.93
129,109.8,299.67,449
317.8,91.667,383.93,343.4
167.4,276.2,257,511.93
159.93,185.53,299.67,449
327.4,342.33,383.93,459.67
319.93,81,383.93,415.93
223.93,114.07,299.67,287.93
113,1,362.6,373.27
299.67,450.07,356.2,511.93
207.93,266.6,268.73,321
316.73,413.8,383.93,511.93
170.6,136.47,235.67,203.67
142.87,171.67,234.6,287.93
130.07,1,299.67,479.93
330.6,1,383.93,346.6
225,1,329.53,187.67
225,184.47,303.93,318.87
161,156.73,222.87,211.13
1,1,42.6,63.933
203.67,1,357.27,159.93
148.2,107.67,332.73,373.27
135.4,246.33,244.2,325.27
81,282.6,223.93,511.93
120.47,1,247.4,328.47
318.87,241,359.4,463.93
229.27,1,383.93,511.93
246.33,108.73,294.33,193
148.2,107.67,301.8,334.87
333.8,1,383.93,111.93
329.53,427.67,383.93,511.93
319.93,81,383.93,511.93
174.87,184.47,332.73,373.27
246.33,99.133,294.33,193
203.67,1,358.33,245.27
327.4,145,383.93,341.27
257,277.27,383.93,511.93
148.2,145,251.67,334.87
154.6,1,244.2,260.2
49,1,199.4,238.87
257,81,383.93,511.93
1,130.07,222.87,431.93
1,386.07,204.73,511.93
1,410.6,49,511.93
49,1,231.4,238.87
129,113,237.8,287.93
156.73,145,238.87,242.07
1,1,102.33,273
270.87,79.933,365.8,232.47
257,286.87,334.87,511.93
8.4667,223.93,113,431.93
230.33,90.6,300.73,186.6
148.2,29.8,251.67,334.87
142.87,66.067,236.73,287.93
49,1,199.4,271.93
305,129,351.93,185.53
148.2,1,362.6,373.27
162.07,1,251.67,111.93
225,1,383.93,191.93
219.67,285.8,268.73,447.93
314.6,1,383.93,511.93
257,166.33,347.67,385
1,241,111.93,431.93
166.33,234.6,245.27,287.93
127.93,414.87,226.07,511.93
1,210.07,111.93,431.93
50.067,1,195.13,238.87
253.8,220.73,299.67,284.73
205.8,1,362.6,218.6
317.8,91.667,383.93,341.27
325.27,258.07,383.93,511.93
263.4,79.933,365.8,241
66.067,130.07,179.13,271.93
122.6,98.067,220.73,190.87
1,386.07,226.07,511.93
120.47,361.53,201.53,495.93
159.93,225,245.27,287.93
235.67,181.27,361.53,511.93
279.4,186.6,319.93,287.93
161,1,362.6,218.6
1,410.6,129,511.93
254.87,179.13,335.93,319.93
177,235.67,244.2,321
174.87,222.87,332.73,373.27
113,29.8,251.67,351.93
258.07,319.93,305,511.93
207.93,185.53,299.67,321
321,50.067,383.93,511.93
244.2,181.27,358.33,511.93
113,1,251.67,351.93
324.2,1,383.93,244.2
1,198.33,223.93,511.93
203.67,1,259.13,120.47
223.93,99.133,294.33,274.07
239.93,181.27,318.87,280.47
331.67,343.4,373.27,404.2
323.13,282.6,383.93,346.6
50.067,1,215.4,274.07
203.67,1,259.13,104.47
129,159.93,226.07,287.93
317.8,97,383.93,341.27
191.93,1,241,183.4
273,1,383.93,66.067
267.67,85.267,353,185.53
229.27,107.67,292.2,207.93
148.2,113,235.67,242.07
328.47,333.8,383.93,511.93
17,273,89.533,401
198.33,261.27,242.07,301.8
299.67,277.27,383.93,511.93
129,177,179.13,262.33
228.2,142.87,286.87,233.53
81,370.07,228.2,511.93
175.93,262.33,247.4,328.47
135.4,125.8,241,287.93
263.4,79.933,365.8,273
166.33,114.07,299.67,287.93
1,225,111.93,431.93
223.93,190.87,316.73,316.73
225,17,271.93,187.67
231.4,266.6,271.93,449
135.4,237.8,207.93,287.93
331.67,258.07,383.93,415.93
314.6,175.93,383.93,415.93
114.07,241,222.87,495.93
49,1,220.73,238.87
225,1,355.13,152.47
17,34.067,65,171.67
135.4,241,207.93,287.93
235.67,181.27,358.33,511.93
338.07,131.13,383.93,342.33
1,1,215.4,398.87
1,321,255.93,511.93
145,205.8,234.6,287.93
129,449,207.93,495.93
148.2,222.87,251.67,334.87
193,1,300.73,186.6
161,282.6,268.73,511.93
223.93,184.47,299.67,279.4
123.67,257,257,511.93
225,1,383.93,127.93
258.07,275.13,338.07,511.93
333.8,277.27,383.93,415.93
145,159.93,210.07,204.73
283.67,159.93,331.67,247.4
228.2,142.87,326.33,234.6
170.6,68.2,241,203.67
223.93,90.6,319.93,318.87
191.93,185.53,299.67,321
246.33,280.47,334.87,511.93
254.87,85.267,361.53,319.93
81,370.07,222.87,465
230.33,90.6,275.13,175.93
50.067,1,215.4,238.87
225,1,357.27,159.93
1,370.07,228.2,511.93
135.4,161,237.8,287.93
193,1,241,183.4
135.4,241,244.2,325.27
1,130.07,194.07,465
95.933,1,236.73,328.47
203.67,1,383.93,127.93
167.4,276.2,255.93,511.93
314.6,155.67,361.53,289
1,367.93,222.87,511.93
225,1,348.73,117.27
1,386.07,225,511.93
1,130.07,222.87,495.93
202.6,1,244.2,119.4
318.87,428.73,372.2,511.93
338.07,155.67,383.93,342.33
145,158.87,197.27,204.73
206.87,1,364.73,198.33
334.87,1,383.93,151.4
252.73,1,293.27,115.13
81,361.53,201.53,495.93
321,277.27,383.93,463.93
1,1,88.467,175.93
154.6,68.2,238.87,260.2
257,181.27,318.87,238.87
1,210.07,137.53,465
154.6,141.8,260.2,252.73
130.07,154.6,244.2,325.27
156.73,177,233.53,228.2
153.53,161,237.8,227.13
329.53,428.73,372.2,511.93
122.6,255.93,226.07,329.53
257,181.27,318.87,267.67
204.73,257,346.6,511.93
119.4,63.933,220.73,193
343.4,425.53,383.93,511.93
221.8,105.53,326.33,234.6
18.067,34.067,62.867,158.87
162.07,1,237.8,174.87
252.73,1,383.93,115.13
246.33,143.93,319.93,204.73
205.8,142.87,270.87,233.53
81,282.6,268.73,511.93
223.93,190.87,316.73,335.93
225,1,331.67,117.27
161,282.6,257,511.93
153.53,107.67,301.8,257
303.93,1,383.93,127.93
199.4,22.333,244.2,119.4
337,335.93,383.93,415.93
154.6,143.93,238.87,260.2
239.93,181.27,333.8,373.27
264.47,261.27,333.8,335.93
325.27,333.8,383.93,459.67
307.13,79.933,374.33,191.93
310.33,1,372.2,89.533
203.67,1,251.67,58.6
145,113,241,228.2
148.2,113,237.8,259.13
305,257,346.6,319.93
267.67,85.267,351.93,185.53
119.4,1,231.4,193
65,129,127.93,274.07
246.33,159.93,331.67,247.4
323.13,97,383.93,346.6
223.93,184.47,265.53,274.07
191.93,113,235.67,178.07
258.07,184.47,303.93,235.67
299.67,412.73,383.93,511.93
228.2,142.87,326.33,233.53
267.67,85.267,361.53,289
145,196.2,234.6,287.93
257,182.33,317.8,234.6
338.07,131.13,383.93,415.93
257,287.93,317.8,511.93
242.07,362.6,332.73,511.93
229.27,107.67,330.6,231.4
239.93,184.47,299.67,318.87
161,282.6,223.93,511.93
314.6,81,383.93,415.93
177,235.67,245.27,287.93
327.4,333.8,383.93,459.67
225,38.333,271.93,117.27
328.47,345.53,383.93,445.8
174.87,184.47,289,263.4
341.27,81,383.93,341.27
330.6,441.53,372.2,511.93
18.067,225,111.93,414.87
95.933,1,220.73,328.47
225,1,383.93,187.67
262.33,257,346.6,414.87
341.27,155.67,383.93,341.27
339.13,50.067,383.93,283.67
202.6,1,244.2,142.87
145,113,241,242.07
17,1,102.33,273
223.93,171.67,284.73,274.07
135.4,154.6,244.2,325.27
314.6,175.93,357.27,289
195.13,157.8,237.8,199.4
154.6,136.47,238.87,260.2
145,113,233.53,228.2
328.47,1,383.93,127.93
225,184.47,299.67,318.87
257,287.93,329.53,511.93
142.87,183.4,190.87,225
1,1,42.6,111.93
227.13,114.07,284.73,225
279.4,125.8,330.6,231.4
148.2,177,233.53,242.07
333.8,373.27,383.93,431.93
326.33,11.667,383.93,66.067
239.93,226.07,299.67,280.47
1,207.93,222.87,431.93
223.93,184.47,299.67,287.93
225,28.733,271.93,117.27
334.87,1,383.93,244.2
343.4,439.4,383.93,511.93
257,165.27,347.67,385
135.4,237.8,244.2,325.27
262.33,266.6,333.8,414.87
338.07,97,383.93,332.73
154.6,141.8,289,316.73
193,29.8,235.67,183.4
148.2,161,234.6,241
193,307.13,257,511.93
228.2,142.87,270.87,233.53
283.67,159.93,326.33,203.67
316.73,79.933,374.33,191.93
257,281.53,335.93,511.93
241,171.67,284.73,231.4
328.47,404.2,372.2,511.93
257,182.33,347.67,385
191.93,79.933,246.33,174.87
319.93,131.13,383.93,415.93
264.47,257,346.6,335.93
334.87,1,383.93,110.87
279.4,125.8,328.47,231.4
225,17,271.93,117.27
65,129,179.13,274.07
159.93,234.6,245.27,287.93
177,184.47,299.67,287.93
323.13,1,383.93,346.6
252.73,280.47,334.87,511.93
252.73,1,331.67,103.4
257,319.93,332.73,511.93
177,185.53,299.67,284.73
1,198.33,46.867,367.93
145,113,233.53,190.87
286.87,286.87,334.87,430.87
223.93,141.8,285.8,184.47
225,1,331.67,159.93
261.27,179.13,317.8,239.93
171.67,262.33,251.67,334.87
306.07,226.07,359.4,463.93
142.87,1,247.4,328.47
230.33,107.67,301.8,193
252.73,12.733,293.27,115.13
225,1,374.33,191.93
159.93,226.07,289,316.73
153.53,161,234.6,226.07
193,307.13,243.13,511.93
154.6,182.33,238.87,260.2
270.87,102.33,360.47,232.47
142.87,171.67,247.4,328.47
156.73,142.87,270.87,242.07
341.27,258.07,383.93,415.93
162.07,25.533,237.8,174.87
135.4,246.33,207.93,287.93
337,81,383.93,415.93
254.87,226.07,335.93,319.93
81,401,143.93,463.93
225,1,271.93,187.67
193,74.6,235.67,183.4
266.6,182.33,319.93,234.6
333.8,145,383.93,332.73
260.2,127.93,300.73,186.6
159.93,243.13,254.87,316.73
226.07,234.6,266.6,314.6
275.13,182.33,317.8,229.27
122.6,255.93,217.53,329.53
207.93,220.73,299.67,321
227.13,142.87,284.73,225
65,62.867,215.4,274.07
108.73,177,179.13,271.93
81,367.93,222.87,463.93
271.93,182.33,317.8,230.33
209,321,255.93,511.93
207.93,234.6,268.73,321
229.27,107.67,328.47,231.4
162.07,1,225,111.93
162.07,12.733,225,111.93
343.4,440.47,383.93,511.93
239.93,184.47,289,253.8
312.47,170.6,358.33,311.4
190.87,276.2,244.2,325.27
5.2667,465,129,511.93
264.47,261.27,356.2,376.47
286.87,290.07,333.8,414.87
258.07,332.73,305,511.93
268.73,182.33,317.8,233.53
262.33,214.33,316.73,279.4
204.73,305,332.73,511.93
66.067,130.07,121.53,271.93
292.2,102.33,360.47,212.2
277.27,49,329.53,152.47
246.33,184.47,299.67,280.47
12.733,306.07,86.333,398.87
129,177,207.93,287.93
246.33,226.07,299.67,280.47
274.07,281.53,335.93,463.93
257,182.33,346.6,335.93
153.53,161,234.6,227.13
173.8,141.8,260.2,233.53
312.47,170.6,353,310.33
1,1,194.07,398.87
227.13,125.8,284.73,225
142.87,171.67,230.33,225
103.4,161,179.13,271.93
286.87,286.87,334.87,463.93
321,277.27,373.27,424.47
12.733,225,110.87,414.87
253.8,89.533,299.67,177
123.67,257,211.13,329.53
239.93,262.33,293.27,373.27
146.07,274.07,207.93,326.33
122.6,370.07,222.87,495.93
238.87,89.533,358.33,245.27
254.87,209,335.93,319.93
279.4,125.8,323.13,231.4
65,129,147.13,274.07
277.27,17,332.73,152.47
145,79.933,246.33,204.73
203.67,1,246.33,121.53
341.27,225,383.93,341.27
305,267.67,346.6,319.93
120.47,369,201.53,495.93
145,222.87,234.6,287.93
283.67,369,324.2,503.4
162.07,12.733,217.53,111.93
122.6,370.07,222.87,463.93
328.47,428.73,372.2,511.93
244.2,261.27,356.2,447.93
299.67,412.73,356.2,511.93
317.8,145,383.93,341.27
337,340.2,383.93,415.93
18.067,303.93,89.533,401
306.07,85.267,351.93,185.53
314.6,151.4,358.33,212.2
191.93,113,233.53,178.07
81,241,222.87,495.93
303.93,1,372.2,89.533
119.4,62.867,215.4,193
239.93,184.47,299.67,280.47
325.27,385,383.93,511.93
65,129,110.87,270.87
242.07,362.6,305,511.93
252.73,1,326.33,115.13
292.2,124.73,360.47,212.2
154.6,157.8,238.87,260.2
310.33,1,372.2,63.933
66.067,130.07,111.93,270.87
310.33,1,357.27,89.533
298.6,70.333,345.53,142.87
232.47,190.87,279.4,316.73
140.73,1,231.4,129
81,367.93,222.87,511.93
17,1,114.07,273
239.93,261.27,333.8,373.27
127.93,414.87,228.2,511.93
81,401,142.87,462.87
298.6,70.333,345.53,137.53
333.8,14.867,383.93,66.067
145,212.2,234.6,287.93
325.27,385,383.93,463.93
303.93,124.73,360.47,212.2
257,220.73,299.67,284.73
122.6,255.93,222.87,329.53
225,1,354.07,152.47
81,401,154.6,465
81,401,152.47,463.93
17,1,79.933,63.933
120.47,369,201.53,463.93
177,185.53,258.07,242.07
273,1,383.93,107.67
274.07,281.53,335.93,503.4
329.53,441.53,372.2,511.93
129,433,200.47,495.93
173.8,182.33,238.87,233.53
253.8,89.533,358.33,245.27
17,95.933,65,171.67
310.33,1,357.27,63.933
175.93,291.13,222.87,414.87
321,50.067,383.93,291.13
268.73,261.27,333.8,335.93
277.27,49,326.33,111.93
327.4,145,383.93,332.73
186.6,149.27,228.2,190.87
130.07,189.8,179.13,255.93
268.73,261.27,333.8,351.93
274.07,281.53,333.8,431.93
253.8,89.533,319.93,196.2
267.67,85.267,328.47,159.93
18.067,226.07,110.87,414.87
264.47,266.6,340.2,335.93
323.13,282.6,373.27,346.6
312.47,45.8,354.07,105.53
252.73,1,331.67,159.93
122.6,255.93,226.07,414.87
1,1,79.933,63.933
270.87,182.33,317.8,232.47
264.47,264.47,340.2,335.93
122.6,90.6,215.4,190.87
119.4,62.867,163.13,193
1,457.53,47.933,511.93
1,1,78.867,179.13
1,130.07,195.13,414.87
267.67,361.53,317.8,511.93
156.73,177,228.2,226.07
266.6,87.4,329.53,177
273,1,348.73,60.733
257,287.93,303.93,511.93
312.47,45.8,354.07,100.2
312.47,45.8,354.07,107.67
253.8,89.533,337,196.2
1,207.93,222.87,415.93
257,181.27,318.87,233.53
153.53,169.53,232.47,226.07
191.93,86.333,237.8,174.87
258.07,319.93,332.73,511.93
295.4,1,348.73,60.733
321,131.13,383.93,415.93
314.6,161,358.33,212.2
1,410.6,49,487.4
303.93,124.73,360.47,167.4
338.07,155.67,383.93,291.13
114.07,241,222.87,463.93
289,257,346.6,389.27
326.33,1,383.93,66.067
1,207.93,86.333,398.87
267.67,49,326.33,115.13
122.6,370.07,204.73,462.87
122.6,95.933,215.4,190.87
1,130.07,194.07,398.87
95.933,158.87,179.13,274.07
290.07,41.533,354.07,107.67
277.27,141.8,319.93,196.2
130.07,190.87,179.13,254.87
289,269.8,340.2,389.27
162.07,291.13,222.87,414.87
225,17,268.73,117.27
146.07,274.07,222.87,326.33
12.733,303.93,89.533,401
129,177,179.13,255.93
17,95.933,78.867,179.13
277.27,17,354.07,152.47
252.73,1,348.73,115.13
17,34.067,78.867,179.13
283.67,369,332.73,503.4
289,269.8,340.2,335.93
341.27,335.93,383.93,415.93
122.6,63.933,215.4,190.87
258.07,362.6,305,511.93
66.067,130.07,110.87,270.87
122.6,241,222.87,414.87
269.8,266.6,340.2,335.93
321,193,378.6,291.13
277.27,44.733,329.53,152.47
122.6,241,217.53,329.53
284.73,290.07,333.8,431.93
18.067,1,63.933,61.8
338.07,193,378.6,291.13
307.13,1,348.73,60.733
162.07,25.533,217.53,111.93
