1,1,512.2,384.2
140.2,1,294.6,384.2
1,1,185.8,384.2
264.2,1,512.2,384.2
149,1,357,257.8
1,1,336.2,384.2
275.4,119.4,425.8,178.6
1,1,240.2,384.2
1,1,65.8,132.2
334.6,1,429.8,120.2
264.2,145.8,467.4,223.4
144.2,1,512.2,322.6
307.4,27.4,357,123.4
253,1,343.4,126.6
212.2,1,258.6,63.4
257,117.8,512.2,248.2
151.4,121.8,512.2,265
197.8,240.2,341,384.2
1,1,50.6,122.6
365,13.8,414.6,83.4
58.6,230.6,193,384.2
253,1,439.4,152.2
173.8,289,234.6,367.4
155.4,205,253.8,384.2
147.4,187.4,512.2,384.2
105,1,512.2,384.2
1,1,357,384.2
1,1,65,269.8
58.6,272.2,240.2,384.2
105,1,219.4,182.6
97,1,231.4,326.6
389,233,449,306.6
337,153,512.2,226.6
58.6,235.4,193.8,384.2
162.6,133.8,243.4,197
393.8,121,512.2,220.2
1,1,239.4,384.2
144.2,1,289.8,197
140.2,194.6,512.2,384.2
322.6,215.4,504.2,384.2
224.2,1,467.4,131.4
424.2,1,466.6,44.2
1,1,159.4,384.2
164.2,1,512.2,384.2
191.4,1,512.2,384.2
105,1,429.8,182.6
307.4,1,384.2,46.6
232.2,1,512.2,322.6
191.4,194.6,512.2,384.2
361,216.2,512.2,265
58.6,189,336.2,384.2
275.4,1,512.2,216.2
132.2,104.2,229.8,310.6
424.2,1,466.6,48.2
58.6,189,512.2,384.2
132.2,191.4,281.8,384.2
140.2,1,512.2,384.2
338.6,143.4,512.2,227.4
1,1,282.6,384.2
140.2,165.8,294.6,384.2
257,1,512.2,384.2
58.6,107.4,200.2,384.2
151.4,123.4,357,325.8
232.2,1,512.2,221
337,153.8,512.2,226.6
330.6,1,429.8,161
149,106.6,512.2,255.4
389,145.8,512.2,219.4
393.8,121,512.2,216.2
164.2,1,512.2,243.4
58.6,1,357,384.2
231.4,27.4,383.4,137.8
1,1,163.4,384.2
393.8,1,512.2,216.2
58.6,193.8,341,384.2
341,1,429.8,107.4
1,1,285,384.2
320.2,1,429,80.2
217,24.2,282.6,131.4
155.4,189,251.4,384.2
170.6,57,285,158.6
310.6,215.4,412.2,350.6
393.8,65,512.2,200.2
347.4,1,467.4,112.2
405.8,1,470.6,108.2
393.8,1,470.6,128.2
288.2,209.8,366.6,320.2
288.2,209.8,512.2,384.2
397,146.6,512.2,219.4
58.6,104.2,336.2,384.2
184.2,193.8,336.2,384.2
105,1,282.6,203.4
277,141,512.2,226.6
361,216.2,512.2,261
188.2,193.8,422.6,384.2
438.6,261,512.2,384.2
188.2,173,422.6,384.2
132.2,1,512.2,244.2
260.2,145,512.2,322.6
270.6,65.8,512.2,191.4
263.4,145,512.2,245.8
132.2,1,512.2,265
105,1,282.6,384.2
147.4,187.4,353.8,384.2
166.6,105,285,149.8
191.4,194.6,299.4,304.2
147.4,189,251.4,384.2
132.2,191.4,234.6,384.2
184.2,187.4,353.8,384.2
385,221,449.8,296.2
166.6,1,512.2,191.4
164.2,108.2,512.2,243.4
325.8,1,467.4,120.2
166.6,5.8,282.6,150.6
438.6,261,512.2,325
322.6,215.4,512.2,384.2
151.4,121.8,309.8,257
155.4,197,336.2,384.2
1,1,193,384.2
267.4,142.6,512.2,226.6
270.6,123.4,435.4,185.8
253,1,470.6,132.2
212.2,1,258.6,79.4
185.8,193.8,341,384.2
177,74.6,261,142.6
193.8,197,336.2,384.2
252.2,1,341,129.8
1,1,47.4,121.8
140.2,167.4,512.2,384.2
1,1,51.4,189
270.6,61,437.8,185.8
253,1,352.2,126.6
162.6,165.8,237,257.8
397.8,221,512.2,384.2
162.6,124.2,243.4,197
215.4,174.6,512.2,384.2
58.6,333.8,99.4,374.6
411.4,205,512.2,322.6
193.8,197,275.4,242.6
1,1,66.6,269.8
393,221,512.2,323.4
330.6,61,413.8,161
132.2,61,437.8,244.2
132.2,80.2,281.8,384.2
58.6,104.2,229.8,384.2
147.4,1,512.2,384.2
235.4,58.6,512.2,322.6
151.4,121.8,336.2,384.2
1,1,294.6,384.2
402.6,152.2,512.2,219.4
188.2,173,512.2,384.2
266.6,1,343.4,129
165.8,1,429.8,161
287.4,209.8,512.2,384.2
58.6,235.4,196.2,384.2
183.4,314.6,234.6,367.4
131.4,298.6,201.8,384.2
257,141,512.2,226.6
235.4,58.6,512.2,249.8
58.6,1,512.2,384.2
307.4,1,467.4,112.2
338.6,215.4,392.2,317.8
131.4,293,193.8,384.2
362.6,1,429.8,120.2
177.8,27.4,425.8,178.6
311.4,81,396.2,149
253,1,315.4,95.4
161.8,165.8,294.6,336.2
307.4,1,512.2,164.2
149,1,512.2,384.2
330.6,94.6,400.2,144.2
165.8,1,285,118.6
334.6,61,397,120.2
283.4,242.6,357,323.4
213.8,182.6,276.2,225
144.2,1,280.2,197
1,77,45,272.2
393.8,1,512.2,195.4
393.8,1,512.2,200.2
105,43.4,192.2,203.4
411.4,1,470.6,108.2
373.8,216.2,512.2,265
348.2,215.4,473.8,296.2
168.2,1,512.2,192.2
257,1,314.6,81.8
252.2,1,336.2,99.4
158.6,1,357,146.6
170.6,61,224.2,105
105,43.4,192.2,170.6
184.2,337,253.8,384.2
224.2,1,353,131.4
166.6,61,437.8,185.8
269.8,211.4,512.2,384.2
145.8,80.2,193,192.2
265.8,1,512.2,227.4
331.4,93,416.2,148.2
144.2,1,512.2,258.6
293,1,336.2,58.6
327.4,70.6,383.4,116.2
263.4,145,512.2,264.2
260.2,142.6,512.2,259.4
264.2,145.8,512.2,384.2
265.8,139.4,512.2,227.4
252.2,1,341,121
393.8,85,512.2,195.4
213.8,1,273.8,104.2
305,204.2,512.2,255.4
421.8,228.2,512.2,323.4
252.2,1,314.6,81.8
1,1,200.2,384.2
132.2,104.2,217,310.6
322.6,252.2,512.2,384.2
223.4,125,357,325.8
260.2,142.6,512.2,322.6
270.6,60.2,512.2,191.4
155.4,189,251.4,367.4
402.6,152.2,491.4,201.8
462.6,250.6,512.2,313
149,106.6,309,246.6
393,221,448.2,285
149,106.6,243.4,192.2
188.2,193.8,299.4,304.2
170.6,57,298.6,158.6
157,218.6,197,273
425,233,512.2,322.6
358.6,221,449,306.6
1,1,231.4,384.2
439.4,1,512.2,163.4
1,1,52.2,190.6
333,77,439.4,138.6
151.4,123.4,512.2,325.8
260.2,142.6,512.2,226.6
164.2,123.4,454.6,243.4
199.4,25,289.8,152.2
147.4,123.4,512.2,384.2
258.6,141,357,325.8
1,1,65,249.8
257,104.2,373,152.2
411.4,152.2,490.6,195.4
373.8,215.4,512.2,322.6
58.6,298.6,178.6,384.2
277,117.8,427.4,179.4
288.2,209.8,473.8,320.2
171.4,70.6,261,126.6
164.2,123.4,293.8,217
213.8,182.6,276.2,241.8
213.8,1,354.6,127.4
1,1,65.8,272.2
307.4,1,419.4,148.2
407.4,1,512.2,147.4
184.2,238.6,281.8,384.2
264.2,145.8,512.2,245.8
333,94.6,400.2,144.2
330.6,94.6,413.8,161
307.4,1,419.4,77
68.2,230.6,193,384.2
425,233,471.4,277.8
151.4,121.8,512.2,257
188.2,173,504.2,384.2
232.2,1,466.6,147.4
1,1,65.8,189
249,17,357,129
168.2,56.2,221,105.8
188.2,193.8,341,384.2
224.2,1,512.2,195.4
257,1,512.2,248.2
345,1,401.8,72.2
260.2,145,483.4,246.6
166.6,1,282.6,150.6
177.8,77.8,262.6,137.8
288.2,209.8,359.4,295.4
269.8,211.4,504.2,384.2
144.2,1,289.8,258.6
227.4,258.6,269,315.4
165.8,35.4,291.4,145.8
158.6,1,336.2,118.6
318.6,1,364.2,65.8
232.2,1,348.2,147.4
308.2,17,348.2,103.4
289.8,242.6,357,282.6
397.8,221,437.8,277.8
198.6,112.2,247.4,152.2
345,1,470.6,128.2
147.4,189,336.2,384.2
162.6,165.8,237,245.8
137.8,161,217,257.8
149,1,512.2,255.4
439.4,1,512.2,168.2
1,1,66.6,222.6
411.4,205,512.2,259.4
161.8,165.8,237,258.6
274.6,1,466.6,111.4
345,1,430.6,120.2
166.6,1,470.6,137
105,1,285,170.6
144.2,1,341,258.6
164.2,178.6,237,252.2
338.6,215.4,412.2,317.8
389,145.8,512.2,207.4
275.4,1,442.6,188.2
164.2,178.6,237,258.6
293,1,343.4,101.8
261,139.4,381,201.8
166.6,104.2,261.8,148.2
413,1,512.2,144.2
442.6,278.6,512.2,325
380.2,168.2,512.2,227.4
285,145,431.4,191.4
105,27.4,192.2,203.4
252.2,1,328.2,127.4
269.8,250.6,504.2,384.2
138.6,191.4,200.2,297.8
389,145.8,490.6,195.4
177.8,27.4,512.2,192.2
151.4,123.4,251.4,196.2
1,1,65.8,113
169.8,105,258.6,149.8
393.8,59.4,512.2,216.2
274.6,1,341,110.6
263.4,156.2,454.6,243.4
320.2,1,466.6,80.2
375.4,142.6,437.8,185.8
173.8,177,225,250.6
168.2,1,278.6,105.8
140.2,210.6,254.6,384.2
185.8,193.8,269,325.8
252.2,1,341,127.4
261,139.4,433,201.8
158.6,1,336.2,121
149,106.6,309,257.8
274.6,1,466.6,110.6
165.8,1,354.6,145.8
450.6,281,512.2,323.4
235.4,58.6,439.4,284.2
294.6,1,344.2,109.8
345,1,385.8,75.4
261,145,465,225
418.6,1,467.4,56.2
128.2,1,219.4,55.4
177,74.6,261,126.6
425,233,512.2,321.8
132.2,62.6,261.8,244.2
149,133,243.4,192.2
170.6,60.2,273.8,127.4
184.2,217.8,281.8,384.2
126.6,272.2,240.2,384.2
403.4,217,512.2,265
169.8,62.6,261.8,127.4
177,70.6,261,126.6
253,1,512.2,191.4
393,218.6,512.2,321.8
137.8,104.2,217,257.8
165.8,52.2,261,145.8
337,142.6,512.2,226.6
329,215.4,512.2,384.2
311.4,81,512.2,191.4
170.6,61,267.4,127.4
393,218.6,512.2,384.2
213.8,1,315.4,104.2
186.6,238.6,251.4,367.4
307.4,17,357,123.4
232.2,1,328.2,147.4
339.4,213.8,453,296.2
224.2,60.2,353,131.4
94.6,235.4,193.8,384.2
390.6,1,512.2,221
215.4,174.6,357,384.2
320.2,1,512.2,147.4
229.8,129,279.4,217
124.2,107.4,194.6,203.4
198.6,112.2,261.8,152.2
320.2,1,466.6,111.4
149,106.6,359.4,246.6
257,1,439.4,152.2
277,117.8,512.2,226.6
284.2,139.4,512.2,227.4
264.2,145,483.4,236.2
348.2,215.4,423.4,275.4
105,1,232.2,170.6
157,189,251.4,367.4
105,1,273.8,203.4
449,278.6,512.2,323.4
310.6,215.4,392.2,350.6
106.6,19.4,150.6,119.4
170.6,61,267.4,122.6
213,222.6,294.6,336.2
416.2,233,512.2,322.6
261,142.6,381,201.8
149,106.6,245,192.2
1,77,45,257
171.4,71.4,216.2,115.4
126.6,292.2,189,384.2
185.8,193.8,226.6,297
264.2,145,483.4,246.6
155.4,205,251.4,362.6
390.6,1,512.2,200.2
327.4,65.8,416.2,148.2
169.8,105,285,149.8
149,106.6,245,257.8
168.2,1,314.6,105.8
132.2,197.8,193,310.6
265.8,219.4,310.6,285
241.8,309,303.4,384.2
165.8,1,273.8,118.6
161.8,168.2,237,252.2
215.4,174.6,412.2,384.2
311.4,81,402.6,149
184.2,187.4,328.2,384.2
105,1,267.4,170.6
149,106.6,512.2,246.6
270.6,117.8,437.8,185.8
213.8,220.2,336.2,384.2
329,250.6,512.2,384.2
166.6,104.2,261.8,150.6
421.8,228.2,512.2,313.8
437.8,120.2,512.2,168.2
393,221,512.2,313
325.8,1,430.6,120.2
157,218.6,211.4,297.8
170.6,112.2,261.8,158.6
294.6,1,341,108.2
330.6,94.6,383.4,140.2
320.2,1,429,111.4
257,145,512.2,248.2
253,1,350.6,132.2
227.4,252.2,272.2,313.8
348.2,215.4,449.8,296.2
283.4,242.6,362.6,287.4
169,71.4,216.2,121
161.8,165.8,237,252.2
333,94.6,512.2,192.2
137.8,106.6,200.2,244.2
345,1,401.8,75.4
341,1,426.6,107.4
228.2,125,279.4,217
329,196.2,512.2,384.2
394.6,1,512.2,191.4
338.6,108.2,512.2,227.4
168.2,1,314.6,113.8
252.2,1,328.2,121
252.2,1,328.2,121.8
132.2,191.4,200.2,297.8
1,1,61.8,122.6
166.6,24.2,282.6,150.6
188.2,187.4,328.2,384.2
171.4,62.6,261.8,127.4
264.2,145,512.2,259.4
249.8,253.8,328.2,370.6
157,189,251.4,384.2
232.2,25,289.8,147.4
298.6,211.4,422.6,283.4
105,1,285,182.6
149,106.6,209.8,192.2
264.2,145.8,512.2,255.4
177.8,77.8,262.6,122.6
235.4,58.6,439.4,249.8
386.6,9.8,428.2,92.2
158.6,1,278.6,118.6
132.2,106.6,200.2,244.2
361.8,108.2,402.6,149
94.6,230.6,193,384.2
322.6,252.2,504.2,384.2
293,213,356.2,295.4
90.6,235.4,193.8,384.2
153,245,193,310.6
1,1,52.2,121.8
137.8,106.6,217,257.8
333,93,416.2,148.2
197.8,229,341,384.2
347.4,1,419.4,77
170.6,61,252.2,114.6
390.6,139.4,452.2,191.4
365,9.8,426.6,107.4
318.6,1,470.6,128.2
373.8,216.2,512.2,261.8
169,70.6,211.4,149.8
185.8,193.8,299.4,325.8
401,59.4,512.2,164.2
173.8,289,234.6,384.2
362.6,1,430.6,120.2
289,280.2,353.8,323.4
329,221,512.2,384.2
90.6,235.4,188.2,318.6
261,145,512.2,248.2
403.4,217,512.2,261
164.2,123.4,279.4,217
166.6,60.2,273.8,137
393.8,84.2,439.4,128.2
293,1,343.4,68.2
442.6,278.6,512.2,384.2
414.6,1,512.2,144.2
124.2,107.4,200.2,256.2
393,221,453,285
437.8,1,512.2,168.2
329,221,501,384.2
397.8,59.4,512.2,192.2
145.8,80.2,276.2,297.8
399.4,151.4,490.6,195.4
265.8,213.8,355.4,325.8
288.2,209.8,359.4,320.2
269.8,253,504.2,384.2
265.8,1,354.6,127.4
164.2,134.6,243.4,196.2
252.2,1,306.6,51.4
393,196.2,512.2,282.6
337.8,1,429.8,107.4
393,221,512.2,384.2
404.2,196.2,512.2,245.8
138.6,191.4,200.2,253.8
232.2,127.4,309,246.6
270.6,81,512.2,191.4
227.4,258.6,273,335.4
155.4,205,251.4,367.4
362.6,1,429.8,107.4
265.8,60.2,353,127.4
147.4,245,193,310.6
449.8,292.2,491.4,352.2
389,145.8,512.2,227.4
386.6,9.8,428.2,100.2
238.6,17,357,129
238.6,17,357,146.6
171.4,62.6,261,126.6
401,1,512.2,164.2
439.4,1,512.2,139.4
165.8,52.2,219.4,118.6
279.4,123.4,435.4,185.8
217,24.2,267.4,79.4
362.6,1,470.6,128.2
255.4,123.4,454.6,243.4
294.6,1,354.6,109.8
345,18.6,385.8,75.4
227.4,252.2,272.2,297.8
298.6,213.8,355.4,256.2
147.4,106.6,195.4,181.8
78.6,298.6,178.6,384.2
183.4,314.6,253.8,384.2
231.4,57,303.4,137.8
224.2,80.2,291.4,131.4
333,94.6,442.6,188.2
347.4,1,429,109.8
293,213,356.2,320.2
275.4,119.4,442.6,188.2
338.6,153.8,512.2,227.4
253,6.6,313.8,95.4
126.6,272.2,253.8,384.2
157,218.6,211.4,273
255.4,145,431.4,202.6
184.2,337,281.8,384.2
186.6,238.6,260.2,360.2
295.4,242.6,354.6,290.6
58.6,272.2,253.8,384.2
394.6,106.6,512.2,191.4
257,145,465,225
165.8,52.2,261,142.6
261,142.6,381,188.2
209.8,112.2,309,246.6
217,199.4,271.4,241.8
177.8,27.4,383.4,137.8
416.2,205.8,512.2,248.2
229.8,138.6,279.4,217
178.6,177,225,250.6
168.2,104.2,261.8,148.2
424.2,185,512.2,227.4
165.8,52.2,225,118.6
215.4,199.4,299.4,280.2
231.4,57,316.2,137.8
249,30.6,327.4,129
265.8,226.6,309,285
224.2,35.4,291.4,131.4
389,247.4,449,306.6
450.6,252.2,512.2,321.8
348.2,215.4,392.2,277.8
177.8,77.8,262.6,118.6
404.2,196.2,512.2,255.4
283.4,211.4,422.6,323.4
285,145,376.2,188.2
397.8,96.2,512.2,192.2
283.4,1,352.2,113.8
462.6,120.2,512.2,163.4
358.6,221,423.4,284.2
345.8,99.4,400.2,144.2
198.6,123.4,251.4,182.6
168.2,133.8,243.4,190.6
310.6,215.4,392.2,325.8
185.8,1,278.6,99.4
393,221,453,277.8
365,1,429.8,107.4
266.6,1,352.2,126.6
184.2,220.2,336.2,384.2
167.4,1,273.8,114.6
257,68.2,439.4,152.2
58.6,297,183.4,384.2
266.6,33.8,327.4,129
443.4,281,512.2,325.8
165,1,258.6,116.2
249.8,295.4,321.8,370.6
258.6,174.6,357,290.6
277,117.8,437.8,185.8
213.8,229,269,325.8
295.4,213.8,355.4,325.8
213.8,229,263.4,310.6
157,218.6,205.8,297.8
352.2,209.8,512.2,255.4
345,1,429.8,88.2
462.6,253,512.2,313.8
157,177,225,297.8
289.8,242.6,362.6,282.6
58.6,313,113,374.6
338.6,143.4,435.4,187.4
191.4,193.8,275.4,242.6
405.8,1,512.2,168.2
145.8,80.2,225,297.8
349.8,13.8,414.6,83.4
166.6,106.6,209.8,150.6
126.6,292.2,193,384.2
223.4,125,279.4,217
358.6,196.2,512.2,306.6
442.6,253,512.2,325
405.8,1,512.2,144.2
264.2,68.2,350.6,132.2
421.8,228.2,473.8,281.8
153,107.4,194.6,161
462.6,120.2,512.2,168.2
215.4,174.6,357,313.8
307.4,27.4,383.4,123.4
1,77,45,189
94.6,230.6,189,384.2
294.6,1,341,109.8
408.2,250.6,512.2,384.2
307.4,1,354.6,46.6
389.8,29.8,429.8,112.2
155.4,289,217,350.6
397.8,221,512.2,321.8
283.4,242.6,362.6,323.4
58.6,249,177.8,384.2
393,221,473.8,282.6
1,1,50.6,113
78.6,297,183.4,384.2
184.2,337,241.8,384.2
311.4,81,389,149
177.8,1,278.6,118.6
231.4,57,285,121
365,1,429.8,88.2
443.4,281,512.2,384.2
164.2,123.4,251.4,196.2
151.4,134.6,243.4,196.2
279.4,123.4,411.4,171.4
253,1,315.4,99.4
137.8,161,200.2,244.2
165,1,267.4,116.2
397.8,221,471.4,277.8
265.8,226.6,309.8,285
408.2,250.6,490.6,347.4
395.4,222.6,449.8,296.2
375.4,142.6,449,190.6
255.4,123.4,431.4,202.6
241.8,295.4,321.8,384.2
450.6,278.6,512.2,323.4
58.6,258.6,177.8,384.2
105,1,230.6,170.6
257,1,306.6,51.4
253,1,313.8,95.4
347.4,1,467.4,109.8
241.8,253.8,353.8,384.2
450.6,293,512.2,384.2
1,1,48.2,113
442.6,253,512.2,384.2
213.8,229,263.4,298.6
215.4,220.2,328.2,330.6
283.4,242.6,357,287.4
128.2,1,273.8,114.6
217,199.4,270.6,240.2
347.4,1,429,77
294.6,1,343.4,113.8
258.6,141,357,227.4
379.4,77,439.4,128.2
94.6,235.4,188.2,318.6
367.4,143.4,435.4,187.4
73,243.4,115.4,288.2
372.2,142.6,442.6,188.2
158.6,56.2,221,116.2
281,68.2,439.4,138.6
329,261.8,501,384.2
257,68.2,350.6,132.2
405.8,1,469.8,90.6
166.6,106.6,239.4,150.6
443.4,278.6,512.2,384.2
333,94.6,401,148.2
167.4,49.8,218.6,110.6
443.4,250.6,512.2,384.2
365,9.8,426.6,83.4
393.8,121,485.8,201
327.4,70.6,416.2,148.2
215.4,199.4,299.4,313.8
215.4,220.2,277,280.2
153.8,191.4,200.2,243.4
295.4,242.6,354.6,325.8
159.4,191.4,200.2,243.4
170.6,61,234.6,114.6
167.4,49.8,234.6,114.6
441.8,277.8,512.2,325
183.4,314.6,234.6,354.6
271.4,33.8,327.4,121
161,265.8,212.2,384.2
305,1,352.2,113.8
455.4,294.6,512.2,384.2
241.8,312.2,303.4,384.2
205.8,1,273.8,97
124.2,137.8,178.6,203.4
68.2,249,177.8,384.2
132.2,191.4,200.2,256.2
198.6,123.4,251.4,193.8
79.4,258.6,177.8,384.2
241.8,312.2,353.8,384.2
362.6,1,426.6,48.2
151.4,150.6,191.4,195.4
215.4,215.4,299.4,280.2
188.2,187.4,328.2,330.6
410.6,250.6,490.6,347.4
293,1,336.2,99.4
445.8,241.8,512.2,313
151.4,152.2,191.4,195.4
405.8,1,467.4,90.6
333,93,396.2,138.6
341,1,426.6,105
188.2,187.4,276.2,241.8
367.4,143.4,435.4,185.8
454.6,292.2,512.2,384.2
212.2,1,261,79.4
253,6.6,313.8,126.6
341,13.8,414.6,105
295.4,213.8,355.4,290.6
294.6,1,352.2,113.8
157,218.6,251.4,367.4
437.8,85,512.2,168.2
105,1,219.4,170.6
443.4,278.6,512.2,352.2
205.8,1,261,79.4
58.6,313,117,377.8
258.6,147.4,357,227.4
389,247.4,445,292.2
184.2,337,239.4,384.2
263.4,145,454.6,243.4
58.6,325,100.2,377.8
165,49.8,218.6,116.2
128.2,1,219.4,76.2
258.6,174.6,357,227.4
250.6,251.4,328.2,330.6
389,145.8,445,188.2
124.2,141.8,178.6,203.4
443.4,278.6,512.2,325.8
440.2,1,512.2,135.4
255.4,253.8,328.2,330.6
439.4,85,489,139.4
186.6,238.6,251.4,360.2
94.6,230.6,187.4,318.6
250.6,253.8,328.2,330.6
269.8,317.8,353.8,384.2
281,68.2,350.6,121
