276.2,1,383.93,393.53
1,1,383.93,511.93
1,1,283.67,172.73
131.13,1,281.53,127.93
1,1,283.67,188.73
1,1,283.67,511.93
28.733,270.87,125.8,337
253.8,1,383.93,511.93
1,111.93,202.6,276.2
237.8,1,383.93,511.93
1,1,303.93,511.93
227.13,1,383.93,511.93
1,1,262.33,171.67
267.67,1,383.93,268.73
158.87,210.07,241,391.4
299.67,1,383.93,511.93
104.47,1,383.93,511.93
119.4,209,204.73,371.13
196.2,27.667,281.53,383.93
245.27,1,383.93,511.93
1,1,276.2,511.93
104.47,9.5333,294.33,511.93
190.87,40.467,276.2,511.93
139.67,351.93,207.93,410.6
123.67,109.8,172.73,153.53
119.4,218.6,262.33,450.07
1,1,283.67,127.93
1,159.93,243.13,392.47
1,1,209,108.73
1,159.93,199.4,276.2
1,119.4,258.07,289
197.27,119.4,239.93,207.93
173.8,73.533,258.07,171.67
295.4,1,383.93,219.67
203.67,65,278.33,388.2
289,20.2,346.6,321
203.67,213.27,262.33,471.4
94.867,274.07,267.67,511.93
247.4,1,383.93,511.93
1,1,263.4,109.8
1,107.67,199.4,511.93
247.4,1,346.6,511.93
29.8,457.53,114.07,511.93
124.73,221.8,243.13,309.27
21.267,206.87,111.93,276.2
257,1,383.93,511.93
94.867,25.533,273,511.93
302.87,1,383.93,511.93
1,1,346.6,511.93
121.53,25.533,273,402.07
275.13,1,346.6,511.93
25.533,273,111.93,501.27
1,107.67,198.33,276.2
21.267,204.73,221.8,511.93
103.4,407.4,255.93,511.93
104.47,207.93,294.33,511.93
158.87,65,278.33,391.4
116.2,1,276.2,260.2
200.47,213.27,262.33,471.4
1,10.6,215.4,110.87
1,159.93,195.13,274.07
220.73,214.33,269.8,267.67
132.2,370.07,257,511.93
1,159.93,205.8,277.27
210.07,79.933,259.13,167.4
203.67,262.33,253.8,311.4
1,1,283.67,391.4
190.87,40.467,276.2,471.4
134.33,407.4,255.93,511.93
228.2,425.53,303.93,511.93
14.867,12.733,207.93,121.53
200.47,295.4,248.47,377.53
81,257,303.93,511.93
94.867,1,276.2,511.93
9.5333,289,95.933,511.93
25.533,270.87,146.07,511.93
324.2,1,383.93,82.067
196.2,9.5333,281.53,383.93
305,1,383.93,239.93
202.6,404.2,257,511.93
1,220.73,146.07,511.93
1,1,351.93,511.93
146.07,207.93,236.73,392.47
277.27,1,383.93,511.93
104.47,371.13,211.13,511.93
314.6,97,383.93,511.93
142.87,274.07,234.6,409.53
13.8,10.6,215.4,106.6
123.67,260.2,202.6,371.13
282.6,1,340.2,262.33
94.867,329.53,147.13,511.93
1,1,221.8,59.667
1,1,262.33,122.6
121.53,73.533,250.6,338.07
94.867,40.467,276.2,511.93
146.07,276.2,236.73,392.47
1,1,243.13,392.47
1,1,283.67,199.4
1,159.93,221.8,511.93
95.933,218.6,264.47,511.93
1,225,303.93,511.93
200.47,25.533,273,402.07
322.07,1,383.93,287.93
126.87,387.13,303.93,511.93
301.8,1,383.93,511.93
1,13.8,172.73,164.2
154.6,273,239.93,394.6
187.67,40.467,276.2,511.93
200.47,266.6,260.2,402.07
1,1,251.67,120.47
1,1,283.67,173.8
102.33,1,281.53,511.93
1,11.667,207.93,166.33
1,10.6,215.4,109.8
119.4,193,209,371.13
200.47,40.467,273,402.07
1,12.733,209,164.2
1,159.93,199.4,277.27
149.27,233.53,197.27,277.27
297.53,1,383.93,511.93
302.87,17,383.93,511.93
124.73,151.4,259.13,218.6
1,107.67,198.33,511.93
1,1,276.2,289
1,229.27,136.47,511.93
1,159.93,200.47,277.27
153.53,273,239.93,394.6
97,12.733,207.93,106.6
116.2,1,276.2,511.93
162.07,1,351.93,511.93
142.87,273,239.93,445.8
162.07,1,347.67,511.93
313.53,17,383.93,511.93
6.3333,165.27,198.33,275.13
69.267,1,251.67,120.47
282.6,1,383.93,298.6
1,137.53,262.33,278.33
329.53,1,383.93,79.933
302.87,15.933,383.93,511.93
1,11.667,202.6,173.8
29.8,172.73,199.4,277.27
81,257,207.93,511.93
323.13,20.2,383.93,186.6
127.93,410.6,209,470.33
122.6,1,276.2,171.67
40.467,273,143.93,502.33
312.47,1,374.33,62.867
206.87,172.73,253.8,214.33
94.867,331.67,145,511.93
1,65,278.33,391.4
311.4,18.067,363.67,219.67
15.933,175.93,198.33,289
161,1,283.67,141.8
1,1,221.8,110.87
253.8,1,302.87,511.93
74.6,81,262.33,199.4
137.53,1,276.2,86.333
161,23.4,203.67,126.87
159.93,1,263.4,77.8
226.07,31.933,273,250.6
104.47,324.2,294.33,511.93
197.27,324.2,257,511.93
314.6,111.93,383.93,511.93
190.87,195.13,231.4,277.27
127.93,1,276.2,268.73
1,1,276.2,278.33
102.33,1,346.6,511.93
146.07,207.93,243.13,392.47
113,10.6,215.4,54.333
1,107.67,198.33,332.73
125.8,23.4,257,171.67
203.67,213.27,262.33,402.07
196.2,254.87,260.2,318.87
1,107.67,198.33,275.13
1,1,262.33,276.2
212.2,213.27,261.27,268.73
227.13,127.93,273,266.6
227.13,1,346.6,511.93
253.8,1,330.6,511.93
4.2,159.93,199.4,277.27
108.73,207.93,236.73,427.67
1,1,209,164.2
1,161,198.33,276.2
1,1,262.33,126.87
1,161,50.067,278.33
142.87,267.67,234.6,409.53
1,161,111.93,278.33
18.067,177,119.4,250.6
153.53,259.13,239.93,394.6
21.267,206.87,71.4,276.2
140.73,387.13,303.93,511.93
200.47,73.533,271.93,120.47
281.53,110.87,330.6,281.53
203.67,266.6,260.2,402.07
155.67,23.4,200.47,140.73
227.13,223.93,326.33,511.93
227.13,33,281.53,273
1,107.67,199.4,332.73
8.4667,289,95.933,511.93
15.933,119.4,258.07,289
237.8,1,300.73,511.93
247.4,1,330.6,511.93
182.33,377.53,250.6,503.4
102.33,324.2,246.33,511.93
261.27,425.53,303.93,511.93
202.6,273,257,506.6
151.4,337,207.93,395.67
323.13,20.2,383.93,225
155.67,23.4,257,171.67
116.2,132.2,202.6,172.73
12.733,12.733,209,106.6
226.07,79.933,271.93,133.27
108.73,233.53,228.2,427.67
236.73,391.4,294.33,511.93
124.73,370.07,221.8,473.53
221.8,326.33,265.53,490.6
322.07,15.933,383.93,267.67
200.47,222.87,261.27,402.07
6.3333,165.27,198.33,276.2
122.6,73.533,258.07,171.67
132.2,370.07,200.47,440.47
1,11.667,47.933,161
279.4,1,363.67,391.4
142.87,353,189.8,408.47
323.13,49,369,212.2
58.6,119.4,258.07,207.93
122.6,1,276.2,218.6
134.33,425.53,241,511.93
227.13,57.533,278.33,266.6
276.2,1,363.67,393.53
1,10.6,215.4,77.8
1,1,276.2,171.67
1,159.93,195.13,237.8
103.4,419.13,147.13,493.8
5.2667,222.87,50.067,278.33
127.93,412.73,207.93,469.27
1,159.93,174.87,278.33
108.73,257,202.6,446.87
188.73,122.6,273,490.6
172.73,73.533,257,171.67
134.33,122.6,273,511.93
173.8,73.533,258.07,170.6
246.33,1,300.73,396.73
125.8,73.533,258.07,174.87
323.13,139.67,383.93,511.93
1,1,276.2,92.733
103.4,407.4,207.93,493.8
145,411.67,210.07,501.27
1,159.93,200.47,271.93
103.4,377.53,267.67,511.93
1,104.47,172.73,164.2
1,107.67,202.6,276.2
210.07,25.533,260.2,106.6
24.467,271.93,146.07,511.93
245.27,264.47,291.13,494.87
193,127.93,267.67,268.73
148.2,465,202.6,511.93
94.867,189.8,257,511.93
199.4,108.73,247.4,169.53
329.53,242.07,383.93,511.93
115.13,111.93,202.6,209
124.73,217.53,243.13,407.4
247.4,1,300.73,396.73
1,161,131.13,332.73
5.2667,206.87,111.93,278.33
312.47,1,383.93,62.867
1,220.73,95.933,511.93
228.2,260.2,273,388.2
12.733,12.733,209,108.73
1,222.87,136.47,511.93
139.67,401,204.73,466.07
131.13,1,283.67,127.93
104.47,444.73,211.13,511.93
1,222.87,131.13,332.73
10.6,117.27,172.73,164.2
281.53,1,340.2,378.6
190.87,195.13,243.13,277.27
151.4,209,199.4,271.93
103.4,401,207.93,493.8
247.4,1,300.73,511.93
190.87,40.467,276.2,250.6
15.933,137.53,262.33,277.27
133.27,113,202.6,171.67
7.4,1,209,108.73
1,159.93,199.4,274.07
14.867,12.733,262.33,171.67
195.13,1,262.33,86.333
227.13,18.067,281.53,273
257,1,343.4,463.93
102.33,257,246.33,511.93
58.6,119.4,258.07,209
195.13,1,251.67,77.8
127.93,24.467,199.4,139.67
227.13,65,274.07,118.33
289,1,383.93,255.93
302.87,247.4,383.93,511.93
295.4,1,363.67,219.67
311.4,15.933,363.67,219.67
227.13,255.93,296.47,478.87
115.13,297.53,166.33,418.07
167.4,252.73,260.2,511.93
1,223.93,141.8,511.93
1,159.93,200.47,268.73
193,324.2,239.93,395.67
158.87,274.07,229.27,391.4
1,161,122.6,278.33
263.4,1,315.67,335.93
116.2,1,283.67,172.73
321,68.2,372.2,246.33
151.4,276.2,236.73,392.47
280.47,1,340.2,378.6
245.27,263.4,296.47,455.4
1,11.667,262.33,171.67
251.67,391.4,294.33,511.93
108.73,257,205.8,410.6
1,107.67,202.6,278.33
1,10.6,215.4,122.6
188.73,122.6,273,275.13
308.2,1,383.93,62.867
1,1,166.33,59.667
206.87,27.667,281.53,215.4
263.4,1,346.6,335.93
193,102.33,267.67,268.73
1,10.6,215.4,54.333
293.27,20.2,346.6,222.87
103.4,377.53,255.93,511.93
190.87,151.4,259.13,218.6
19.133,10.6,215.4,54.333
94.867,365.8,146.07,511.93
132.2,382.87,257,511.93
1,1,215.4,122.6
94.867,274.07,234.6,511.93
245.27,251.67,334.87,511.93
119.4,195.13,209,371.13
94.867,267.67,234.6,511.93
22.333,23.4,178.07,109.8
251.67,399.93,295.4,511.93
125.8,1,276.2,174.87
245.27,139.67,383.93,511.93
131.13,1,251.67,120.47
127.93,393.53,209,470.33
94.867,329.53,257,511.93
14.867,56.467,126.87,114.07
115.13,106.6,202.6,173.8
162.07,1,281.53,511.93
156.73,81,262.33,171.67
281.53,1,374.33,298.6
102.33,260.2,246.33,511.93
14.867,117.27,135.4,166.33
94.867,365.8,207.93,511.93
308.2,1,383.93,50.067
282.6,75.667,333.8,258.07
226.07,31.933,273,133.27
132.2,370.07,198.33,425.53
108.73,257,228.2,427.67
140.73,360.47,207.93,426.6
151.4,351.93,209,409.53
116.2,132.2,202.6,260.2
203.67,222.87,259.13,311.4
1,1,263.4,110.87
1,1,263.4,77.8
119.4,259.13,204.73,371.13
206.87,184.47,266.6,383.93
215.4,1,281.53,78.867
139.67,351.93,207.93,426.6
203.67,238.87,273,388.2
198.33,73.533,245.27,170.6
10.6,11.667,55.4,89.533
228.2,399.93,303.93,511.93
124.73,111.93,180.2,157.8
130.07,261.27,202.6,366.87
145,410.6,210.07,501.27
35.133,227.13,187.67,268.73
309.27,4.2,383.93,213.27
140.73,382.87,257,511.93
239.93,1,283.67,162.07
1,1,276.2,268.73
126.87,401,207.93,511.93
1,11.667,45.8,110.87
139.67,407.4,207.93,472.47
194.07,210.07,241,277.27
281.53,207.93,322.07,344.47
159.93,1,262.33,86.333
121.53,221.8,232.47,338.07
196.2,184.47,267.67,383.93
162.07,218.6,260.2,511.93
203.67,252.73,260.2,334.87
326.33,264.47,383.93,511.93
281.53,1,343.4,282.6
13.8,10.6,215.4,108.73
295.4,15.933,374.33,151.4
140.73,433,183.4,473.53
133.27,275.13,207.93,409.53
203.67,266.6,248.47,311.4
200.47,73.533,271.93,127.93
1,225,143.93,511.93
206.87,137.53,257,214.33
196.2,31.933,273,383.93
203.67,214.33,269.8,490.6
9.5333,165.27,198.33,275.13
94.867,297.53,166.33,511.93
1,12.733,257,171.67
162.07,218.6,246.33,297.53
1,11.667,262.33,199.4
1,11.667,174.87,166.33
151.4,207.93,236.73,392.47
103.4,419.13,172.73,503.4
126.87,263.4,303.93,511.93
282.6,1,346.6,262.33
195.13,1,283.67,162.07
200.47,276.2,262.33,402.07
302.87,4.2,383.93,511.93
116.2,189.8,209,407.4
193,1,276.2,268.73
267.67,1,333.8,268.73
312.47,1,383.93,100.2
226.07,27.667,281.53,133.27
123.67,260.2,202.6,329.53
124.73,122.6,273,511.93
278.33,263.4,321,511.93
1,168.47,76.733,252.73
293.27,54.333,343.4,238.87
205.8,324.2,246.33,431.93
139.67,410.6,207.93,469.27
108.73,257,202.6,329.53
142.87,351.93,209,410.6
126.87,103.4,247.4,143.93
140.73,387.13,236.73,511.93
312.47,1,383.93,50.067
180.2,73.533,250.6,275.13
197.27,441.53,242.07,511.93
146.07,282.6,194.07,334.87
206.87,79.933,278.33,215.4
196.2,9.5333,281.53,511.93
265.53,1,310.33,223.93
202.6,263.4,296.47,506.6
20.2,10.6,215.4,55.4
122.6,1,281.53,511.93
279.4,205.8,322.07,391.4
241,1,283.67,141.8
162.07,1,283.67,141.8
1,1,276.2,86.333
102.33,408.47,215.4,511.93
210.07,40.467,273,267.67
5.2667,222.87,49,278.33
15.933,137.53,262.33,243.13
45.8,109.8,172.73,158.87
245.27,1,300.73,511.93
188.73,73.533,250.6,275.13
140.73,452.2,221.8,511.93
1,161,71.4,276.2
280.47,21.267,347.67,511.93
140.73,407.4,221.8,511.93
295.4,1,346.6,113
1,159.93,94.867,252.73
124.73,217.53,243.13,309.27
134.33,425.53,221.8,511.93
14.867,12.733,207.93,107.67
131.13,1,251.67,82.067
155.67,73.533,258.07,171.67
190.87,151.4,259.13,215.4
104.47,410.6,211.13,511.93
193,324.2,242.07,479.93
1,203.67,122.6,278.33
200.47,269.8,262.33,402.07
1,107.67,131.13,165.27
228.2,40.467,276.2,250.6
115.13,111.93,180.2,173.8
245.27,207.93,334.87,511.93
213.27,222.87,261.27,279.4
226.07,31.933,273,265.53
200.47,295.4,248.47,345.53
124.73,113,180.2,157.8
1,1,283.67,141.8
293.27,20.2,346.6,238.87
20.2,10.6,215.4,59.667
116.2,111.93,202.6,260.2
321,68.2,383.93,287.93
23.4,206.87,111.93,276.2
122.6,91.667,262.33,171.67
234.6,1,277.27,79.933
123.67,260.2,202.6,372.2
1,11.667,178.07,110.87
322.07,101.27,383.93,287.93
17,177,198.33,289
14.867,23.4,178.07,109.8
95.933,370.07,234.6,511.93
97,12.733,207.93,156.73
219.67,367.93,266.6,511.93
220.73,122.6,273,267.67
34.067,209,193,275.13
326.33,111.93,383.93,287.93
203.67,262.33,259.13,311.4
202.6,308.2,257,511.93
95.933,411.67,209,511.93
15.933,168.47,198.33,242.07
312.47,9.5333,374.33,50.067
279.4,205.8,327.4,391.4
182.33,377.53,243.13,503.4
275.13,20.2,346.6,511.93
289,1,337,255.93
35.133,220.73,198.33,277.27
140.73,465,220.73,511.93
108.73,257,205.8,427.67
134.33,259.13,204.73,356.2
8.4667,287.93,111.93,511.93
1,109.8,47.933,161
15.933,264.47,143.93,502.33
281.53,207.93,322.07,402.07
189.8,151.4,257,226.07
182.33,377.53,230.33,503.4
72.467,190.87,198.33,265.53
326.33,1,383.93,65
8.4667,270.87,146.07,511.93
28.733,104.47,131.13,162.07
139.67,459.67,211.13,511.93
299.67,242.07,383.93,511.93
127.93,410.6,207.93,469.27
203.67,266.6,260.2,372.2
126.87,103.4,262.33,171.67
237.8,1,283.67,302.87
190.87,159.93,239.93,209
203.67,260.2,259.13,334.87
279.4,110.87,330.6,511.93
147.13,407.4,207.93,469.27
8.4667,273,138.6,511.93
247.4,1,302.87,511.93
155.67,412.73,207.93,469.27
322.07,1,383.93,129
18.067,163.13,200.47,265.53
14.867,242.07,72.467,511.93
127.93,387.13,221.8,470.33
38.333,269.8,141.8,472.47
1,23.4,178.07,110.87
182.33,137.53,262.33,243.13
29.8,222.87,78.867,266.6
280.47,223.93,326.33,511.93
322.07,101.27,383.93,267.67
76.733,189.8,198.33,242.07
63.933,273,138.6,511.93
149.27,274.07,234.6,409.53
293.27,1,346.6,238.87
334.87,161,383.93,287.93
251.67,401,294.33,511.93
126.87,401,207.93,475.67
206.87,184.47,267.67,383.93
81,257,202.6,511.93
116.2,113,202.6,172.73
196.2,31.933,273,318.87
123.67,404.2,210.07,501.27
131.13,209,199.4,271.93
102.33,408.47,148.2,511.93
21.267,204.73,151.4,335.93
203.67,273,244.2,327.4
203.67,221.8,258.07,311.4
134.33,218.6,204.73,356.2
14.867,287.93,72.467,511.93
4.2,159.93,174.87,212.2
130.07,468.2,209,511.93
19.133,209,122.6,278.33
124.73,221.8,232.47,309.27
1,225,95.933,511.93
282.6,1,329.53,283.67
15.933,168.47,87.4,215.4
116.2,23.4,203.67,172.73
18.067,177,198.33,274.07
119.4,189.8,209,371.13
25.533,273,113,502.33
227.13,57.533,278.33,273
22.333,56.467,124.73,106.6
210.07,1,276.2,136.47
1,104.47,131.13,162.07
321,4.2,383.93,287.93
226.07,31.933,278.33,133.27
163.13,407.4,207.93,472.47
119.4,218.6,204.73,356.2
135.4,151.4,259.13,218.6
31.933,91.667,262.33,171.67
1,107.67,134.33,164.2
1,159.93,199.4,223.93
159.93,1,251.67,77.8
280.47,20.2,346.6,511.93
197.27,73.533,258.07,174.87
278.33,251.67,334.87,511.93
17,222.87,190.87,289
45.8,109.8,127.93,158.87
210.07,40.467,260.2,169.53
196.2,254.87,245.27,311.4
127.93,24.467,234.6,174.87
1,13.8,47.933,110.87
197.27,324.2,294.33,511.93
312.47,3.1333,374.33,50.067
18.067,177,198.33,265.53
154.6,209,199.4,271.93
245.27,1,337,494.87
158.87,308.2,223.93,391.4
81,411.67,136.47,511.93
205.8,211.13,255.93,275.13
149.27,220.73,198.33,277.27
299.67,247.4,340.2,511.93
281.53,1,337,319.93
280.47,1,343.4,463.93
94.867,329.53,139.67,472.47
1,107.67,199.4,237.8
193,324.2,242.07,499.13
167.4,463.93,211.13,511.93
18.067,190.87,198.33,265.53
161,23.4,201.53,126.87
210.07,40.467,260.2,106.6
182.33,377.53,234.6,503.4
245.27,1,347.67,511.93
18.067,163.13,200.47,268.73
206.87,151.4,259.13,215.4
142.87,351.93,234.6,450.07
1,94.867,155.67,166.33
190.87,159.93,244.2,215.4
323.13,49,383.93,213.27
122.6,127.93,177,173.8
140.73,443.67,234.6,511.93
182.33,137.53,257,214.33
25.533,273,138.6,511.93
203.67,260.2,258.07,330.6
126.87,103.4,247.4,169.53
279.4,15.933,363.67,391.4
257,1,310.33,394.6
1,223.93,127.93,511.93
150.33,275.13,207.93,409.53
312.47,1,374.33,50.067
116.2,106.6,202.6,172.73
193,65,238.87,221.8
124.73,259.13,204.73,371.13
9.5333,168.47,87.4,216.47
1,222.87,136.47,364.73
14.867,56.467,124.73,107.67
227.13,255.93,278.33,478.87
58.6,127.93,200.47,201.53
138.6,459.67,211.13,511.93
213.27,238.87,259.13,279.4
281.53,1,329.53,298.6
184.47,274.07,229.27,326.33
134.33,377.53,241,511.93
203.67,260.2,245.27,310.33
281.53,173.8,324.2,282.6
124.73,113,180.2,156.73
81,406.33,137.53,511.93
142.87,369,194.07,409.53
122.6,129,202.6,171.67
220.73,65,278.33,266.6
124.73,221.8,232.47,328.47
1,109.8,130.07,162.07
28.733,273,85.267,337
279.4,110.87,330.6,391.4
142.87,351.93,209,445.8
278.33,147.13,333.8,511.93
216.47,382.87,257,511.93
119.4,218.6,264.47,511.93
1,91.667,172.73,164.2
102.33,324.2,242.07,511.93
210.07,79.933,259.13,124.73
247.4,1,300.73,394.6
329.53,264.47,383.93,511.93
214.33,222.87,261.27,268.73
156.73,457.53,211.13,504.47
127.93,401,207.93,469.27
1,13.8,45.8,110.87
95.933,447.93,136.47,511.93
156.73,407.4,211.13,504.47
189.8,1,281.53,273
214.33,276.2,262.33,402.07
279.4,223.93,327.4,391.4
151.4,337,207.93,409.53
124.73,113,202.6,172.73
161,23.4,201.53,108.73
215.4,1,281.53,79.933
139.67,459.67,181.27,506.6
140.73,457.53,210.07,511.93
108.73,257,202.6,300.73
200.47,214.33,269.8,490.6
203.67,263.4,260.2,372.2
134.33,407.4,221.8,511.93
19.133,20.2,174.87,60.733
124.73,370.07,207.93,473.53
227.13,81,278.33,266.6
167.4,452.2,216.47,511.93
21.267,204.73,207.93,409.53
162.07,1,251.67,127.93
203.67,263.4,265.53,490.6
142.87,407.4,207.93,469.27
95.933,365.8,221.8,511.93
194.07,387.13,236.73,477.8
1,109.8,172.73,164.2
172.73,73.533,245.27,171.67
218.6,276.2,262.33,402.07
301.8,46.867,343.4,164.2
245.27,266.6,289,511.93
1,12.733,209,110.87
193,159.93,257,217.53
227.13,1,281.53,273
40.467,273,113,502.33
188.73,127.93,250.6,275.13
210.07,73.533,259.13,167.4
202.6,324.2,257,511.93
95.933,419.13,147.13,511.93
203.67,213.27,262.33,450.07
139.67,356.2,189.8,408.47
203.67,238.87,260.2,334.87
204.73,127.93,254.87,219.67
334.87,155.67,383.93,287.93
147.13,412.73,207.93,469.27
277.27,147.13,333.8,511.93
220.73,399.93,303.93,511.93
9.5333,168.47,87.4,215.4
239.93,1,281.53,77.8
95.933,411.67,136.47,511.93
198.33,73.533,258.07,170.6
313.53,111.93,383.93,511.93
162.07,218.6,212.2,297.53
245.27,335.93,291.13,494.87
134.33,306.07,205.8,410.6
150.33,407.4,207.93,469.27
148.2,471.4,190.87,511.93
180.2,273,234.6,323.13
25.533,287.93,111.93,501.27
237.8,61.8,279.4,181.27
108.73,257,157.8,300.73
277.27,1,374.33,511.93
94.867,365.8,139.67,472.47
289,21.267,347.67,269.8
29.8,222.87,92.733,268.73
185.53,81,262.33,171.67
142.87,269.8,262.33,450.07
226.07,79.933,271.93,173.8
152.47,282.6,194.07,323.13
122.6,127.93,201.53,171.67
132.2,443.67,234.6,511.93
226.07,79.933,273,250.6
138.6,459.67,215.4,511.93
21.267,204.73,163.13,335.93
15.933,168.47,87.4,231.4
220.73,171.67,263.4,218.6
95.933,419.13,234.6,511.93
9.5333,165.27,198.33,232.47
115.13,113,202.6,173.8
95.933,382.87,147.13,511.93
7.4,1,167.4,54.333
211.13,102.33,258.07,169.53
104.47,444.73,146.07,511.93
63.933,273,143.93,479.93
200.47,302.87,259.13,402.07
142.87,407.4,207.93,473.53
14.867,273,127.93,511.93
94.867,365.8,145,511.93
24.467,271.93,122.6,332.73
34.067,210.07,90.6,259.13
197.27,119.4,258.07,207.93
37.267,270.87,125.8,332.73
150.33,275.13,203.67,335.93
141.8,132.2,202.6,172.73
35.133,227.13,191.93,274.07
34.067,189.8,198.33,277.27
193,172.73,251.67,217.53
73.533,189.8,198.33,242.07
197.27,1,251.67,77.8
29.8,222.87,102.33,268.73
131.13,1,251.67,79.933
104.47,444.73,148.2,511.93
206.87,219.67,255.93,275.13
282.6,1,329.53,258.07
295.4,76.733,338.07,151.4
137.53,268.73,185.53,323.13
142.87,259.13,204.73,299.67
154.6,316.73,239.93,394.6
25.533,270.87,138.6,511.93
140.73,471.4,210.07,511.93
132.2,79.933,199.4,156.73
339.13,4.2,383.93,129
150.33,278.33,191.93,323.13
234.6,114.07,276.2,250.6
95.933,411.67,154.6,511.93
211.13,101.27,258.07,169.53
206.87,184.47,266.6,275.13
1,13.8,174.87,166.33
19.133,203.67,122.6,278.33
1,109.8,172.73,166.33
216.47,364.73,257,511.93
1,13.8,174.87,110.87
201.53,103.4,247.4,143.93
282.6,1,333.8,258.07
76.733,190.87,198.33,242.07
132.2,370.07,207.93,473.53
35.133,209,193,275.13
28.733,270.87,146.07,364.73
21.267,204.73,124.73,278.33
114.07,356.2,189.8,441.53
95.933,387.13,221.8,511.93
122.6,103.4,262.33,171.67
14.867,287.93,114.07,511.93
227.13,148.2,273,266.6
329.53,1,383.93,129
162.07,24.467,203.67,127.93
245.27,264.47,296.47,494.87
126.87,436.2,209,511.93
289,1,329.53,255.93
139.67,351.93,205.8,410.6
309.27,4.2,383.93,196.2
24.467,271.93,143.93,511.93
150.33,275.13,203.67,323.13
225,1,281.53,78.867
301.8,1,343.4,164.2
1,168.47,58.6,252.73
124.73,81,262.33,171.67
1,159.93,199.4,237.8
35.133,227.13,191.93,332.73
38.333,168.47,87.4,215.4
95.933,407.4,147.13,511.93
142.87,351.93,229.27,450.07
115.13,131.13,161,173.8
326.33,15.933,374.33,182.33
200.47,1,281.53,127.93
125.8,387.13,221.8,470.33
29.8,166.33,199.4,277.27
189.8,159.93,257,226.07
329.53,1,383.93,51.133
159.93,23.4,200.47,140.73
202.6,323.13,257,506.6
228.2,40.467,268.73,136.47
142.87,452.2,221.8,511.93
115.13,131.13,174.87,173.8
182.33,137.53,257,226.07
167.4,308.2,257,511.93
293.27,54.333,343.4,222.87
206.87,221.8,253.8,277.27
4.2,159.93,174.87,252.73
214.33,313.53,259.13,402.07
140.73,452.2,220.73,511.93
71.4,331.67,138.6,511.93
35.133,227.13,191.93,268.73
132.2,115.13,180.2,156.73
123.67,260.2,202.6,300.73
227.13,65,278.33,266.6
19.133,13.8,174.87,61.8
108.73,257,155.67,370.07
140.73,443.67,221.8,511.93
281.53,1,346.6,298.6
34.067,189.8,198.33,242.07
317.8,15.933,374.33,138.6
140.73,465,202.6,511.93
1,159.93,199.4,214.33
63.933,273,126.87,462.87
19.133,13.8,166.33,61.8
162.07,23.4,203.67,127.93
198.33,73.533,257,170.6
39.4,168.47,87.4,215.4
156.73,129,202.6,171.67
1,109.8,134.33,164.2
1,159.93,195.13,223.93
19.133,20.2,167.4,60.733
29.8,222.87,190.87,268.73
203.67,266.6,258.07,311.4
114.07,366.87,163.13,441.53
167.4,260.2,257,511.93
323.13,49,369,186.6
228.2,453.27,285.8,511.93
190.87,65,254.87,221.8
193,65,254.87,221.8
28.733,269.8,141.8,511.93
309.27,18.067,350.87,196.2
114.07,356.2,189.8,446.87
189.8,107.67,247.4,171.67
71.4,365.8,138.6,511.93
203.67,213.27,261.27,311.4
18.067,191.93,119.4,250.6
49,110.87,130.07,162.07
108.73,257,202.6,370.07
14.867,109.8,151.4,166.33
34.067,172.73,199.4,277.27
8.4667,117.27,134.33,164.2
234.6,114.07,276.2,177
262.33,425.53,303.93,511.93
142.87,357.27,204.73,410.6
124.73,270.87,170.6,371.13
193,159.93,257,226.07
1,109.8,130.07,163.13
1,159.93,186.6,223.93
114.07,389.27,163.13,441.53
155.67,273,234.6,331.67
302.87,55.4,343.4,164.2
178.07,274.07,229.27,330.6
38.333,269.8,141.8,332.73
282.6,75.667,329.53,258.07
142.87,410.6,207.93,469.27
1,94.867,151.4,166.33
142.87,356.2,189.8,408.47
281.53,65,324.2,282.6
38.333,255.93,153.53,332.73
179.13,452.2,221.8,511.93
1,225,63.933,511.93
95.933,451.13,143.93,511.93
14.867,109.8,172.73,166.33
24.467,271.93,113,502.33
188.73,1,251.67,77.8
95.933,411.67,145,511.93
158.87,308.2,222.87,391.4
127.93,24.467,210.07,174.87
189.8,103.4,262.33,171.67
130.07,268.73,185.53,323.13
89.533,227.13,191.93,268.73
15.933,168.47,83.133,231.4
289,21.267,347.67,282.6
131.13,1,251.67,65
237.8,1,283.67,181.27
193,174.87,251.67,217.53
281.53,173.8,324.2,269.8
24.467,271.93,143.93,502.33
124.73,270.87,166.33,371.13
193,172.73,253.8,217.53
63.933,273,137.53,479.93
237.8,1,283.67,191.93
29.8,222.87,102.33,267.67
211.13,102.33,255.93,169.53
131.13,1,251.67,53.267
157.8,412.73,207.93,469.27
162.07,407.4,207.93,469.27
193,127.93,254.87,221.8
130.07,268.73,185.53,366.87
302.87,55.4,343.4,205.8
24.467,271.93,111.93,330.6
207.93,104.47,262.33,171.67
14.867,94.867,151.4,166.33
63.933,273,143.93,467.13
189.8,107.67,247.4,169.53
127.93,410.6,207.93,470.33
167.4,457.53,215.4,511.93
72.467,331.67,143.93,467.13
1,223.93,72.467,511.93
196.2,65,238.87,169.53
15.933,264.47,122.6,332.73
142.87,357.27,209,410.6
28.733,273,127.93,463.93
50.067,110.87,127.93,158.87
17,94.867,127.93,159.93
14.867,13.8,174.87,114.07
190.87,108.73,247.4,169.53
28.733,273,127.93,511.93
14.867,117.27,133.27,166.33
302.87,21.267,347.67,205.8
132.2,24.467,199.4,156.73
210.07,103.4,262.33,152.47
26.6,94.867,127.93,158.87
72.467,365.8,137.53,479.93
72.467,365.8,137.53,467.13
156.73,129,201.53,171.67
1,72.467,47.933,161
45.8,109.8,123.67,158.87
