16.2,87.4,398.6,261
18.6,1,512.2,384.2
75.4,1,512.2,384.2
452.2,184.2,512.2,275.4
405,242.6,512.2,329
76.2,1,512.2,158.6
1,1,325.8,384.2
57.8,126.6,265,194.6
1,1,512.2,384.2
269,10.6,512.2,323.4
16.2,1,512.2,384.2
16.2,1,419.4,261
207.4,1,408.2,67.4
23.4,1,512.2,384.2
268.2,50.6,512.2,384.2
29,242.6,512.2,384.2
389.8,1,512.2,276.2
64.2,1,419.4,131.4
18.6,141.8,384.2,384.2
76.2,62.6,355.4,141.8
23.4,133.8,388.2,384.2
117.8,74.6,213,116.2
33.8,42.6,478.6,208.2
189.8,64.2,512.2,384.2
234.6,307.4,505.8,384.2
21.8,205.8,512.2,384.2
32.2,301,86.6,375.4
1,1,326.6,384.2
32.2,1,512.2,160.2
375.4,235.4,512.2,376.2
75.4,1,512.2,205
16.2,140.2,391.4,311.4
287.4,88.2,512.2,289
372.2,97,453.8,205.8
21.8,89.8,287.4,313
316.2,337.8,375.4,384.2
37.8,288.2,280.2,384.2
21.8,256.2,512.2,384.2
32.2,264.2,512.2,384.2
243.4,81.8,512.2,376.2
23.4,141.8,382.6,261
214.6,1,419.4,91.4
1,1,324.2,384.2
221,56.2,452.2,209.8
37.8,234.6,512.2,384.2
405,257.8,496.2,302.6
403.4,159.4,462.6,207.4
37.8,1,512.2,384.2
220.2,118.6,343.4,158.6
53,303.4,268.2,384.2
453,299.4,512.2,347.4
18.6,141.8,384.2,250.6
18.6,64.2,512.2,384.2
329.8,209.8,499.4,313
301,186.6,369.8,243.4
33.8,133.8,388.2,309.8
87.4,140.2,391.4,264.2
64.2,1,326.6,142.6
449,102.6,512.2,206.6
439.4,153.8,504.2,206.6
59.4,304.2,271.4,384.2
16.2,1,512.2,334.6
285,248.2,512.2,384.2
53.8,302.6,155.4,384.2
1,1,287.4,384.2
205,13,512.2,334.6
16.2,88.2,512.2,384.2
87.4,1,432.2,76.2
141,145,228.2,189.8
29,248.2,512.2,384.2
37.8,81.8,512.2,384.2
16.2,87.4,401.8,261
23.4,142.6,320.2,240.2
430.6,157.8,512.2,270.6
76.2,1,419.4,92.2
129.8,292.2,268.2,384.2
8.2,153,48.2,241.8
205,197.8,372.2,309.8
75.4,16.2,261,129.8
32.2,301,152.2,384.2
213.8,205.8,345,309.8
191.4,1,413,66.6
442.6,13,512.2,94.6
95.4,44.2,429,145
289,318.6,352.2,384.2
32.2,293,506.6,384.2
291.4,1,512.2,336.2
445.8,17,512.2,81
155.4,277.8,512.2,384.2
95.4,42.6,429,145
265,266.6,329,307.4
51.4,93,241,160.2
75.4,25,463.4,205
401,96.2,477.8,207.4
331.4,81.8,512.2,301.8
301.8,218.6,370.6,311.4
87.4,21.8,278.6,76.2
33.8,140.2,386.6,206.6
75.4,1,512.2,144.2
37.8,299.4,143.4,384.2
387.4,157.8,512.2,334.6
205,1,512.2,334.6
22.6,141.8,166.6,188.2
297.8,197.8,372.2,309.8
175.4,105.8,339.4,183.4
23.4,141.8,384.2,240.2
305,113,512.2,310.6
233.8,308.2,505,384.2
16.2,1,512.2,336.2
23.4,1,512.2,220.2
33.8,141.8,382.6,239.4
1,1,158.6,384.2
468.2,184.2,512.2,275.4
228.2,310.6,506.6,384.2
357,10.6,512.2,209.8
263.4,64.2,512.2,320.2
76.2,73,213,129
32.2,177,512.2,384.2
37.8,288.2,285,384.2
75.4,1,512.2,146.6
75.4,1,512.2,334.6
439.4,154.6,479.4,205
357,30.6,512.2,114.6
387.4,1,505.8,51.4
189.8,1,512.2,78.6
75.4,69,411.4,146.6
89.8,206.6,370.6,311.4
247.4,205.8,328.2,308.2
80.2,314.6,143.4,359.4
68.2,87.4,401.8,144.2
394.6,21.8,499.4,64.2
177.8,17.8,282.6,65
113,258.6,216.2,381
268.2,279.4,512.2,384.2
80.2,1,512.2,105
49,297,159.4,384.2
156.2,305,325,384.2
161,145,228.2,191.4
109.8,305,160.2,384.2
357,17,512.2,114.6
76.2,1,419.4,110.6
387.4,157.8,512.2,329
241,1,408.2,51.4
33.8,140.2,386.6,198.6
143.4,182.6,391.4,264.2
57.8,118.6,270.6,199.4
32.2,1,512.2,384.2
269,10.6,512.2,330.6
241,1,408.2,54.6
22.6,143.4,132.2,188.2
306.6,9,419.4,91.4
269,113,512.2,310.6
23.4,141.8,384.2,241
442.6,33,512.2,211.4
16.2,145.8,370.6,311.4
23.4,151.4,83.4,220.2
399.4,96.2,453,165.8
401,13.8,512.2,275.4
29,242.6,217,384.2
424.2,90.6,512.2,301.8
129.8,317.8,185.8,384.2
337.8,126.6,425.8,204.2
401,330.6,512.2,384.2
454.6,109.8,512.2,170.6
449,90.6,512.2,239.4
395.4,53.8,465.8,205
178.6,1,512.2,78.6
389.8,1,512.2,64.2
193,73,414.6,135.4
372.2,97,453,205.8
89,69,253,110.6
16.2,153.8,201.8,257
369,157.8,512.2,289
79.4,1,512.2,87.4
37.8,288.2,512.2,384.2
41.8,142.6,287.4,313
65,177,394.6,315.4
252.2,97,453,222.6
64.2,16.2,329.8,131.4
132.2,310.6,505.8,384.2
80.2,1,433.8,99.4
121,129.8,230.6,187.4
18.6,145,114.6,246.6
252.2,81.8,512.2,301.8
32.2,273,268.2,384.2
57.8,126.6,270.6,199.4
412.2,54.6,512.2,209.8
113,288.2,165,381
388.2,242.6,512.2,330.6
389.8,1,512.2,275.4
121,253,268.2,384.2
51.4,93,234.6,152.2
189.8,203.4,368.2,314.6
89.8,225,257,297.8
162.6,256.2,512.2,384.2
404.2,341,505,384.2
193,297.8,259.4,349.8
387.4,1,512.2,334.6
18.6,176.2,202.6,250.6
32.2,301,85,384.2
193,44.2,443.4,134.6
156.2,267.4,411.4,384.2
136.2,245.8,253.8,346.6
405,81,512.2,231.4
177.8,91.4,343.4,141.8
278.6,151.4,336.2,194.6
430.6,213.8,512.2,329.8
301.8,218.6,370.6,285.8
364.2,258.6,418.6,307.4
155.4,234.6,405.8,336.2
80.2,1,432.2,76.2
76.2,54.6,389.8,158.6
76.2,73,153.8,129
156.2,287.4,512.2,384.2
372.2,89.8,465.8,219.4
64.2,1,325.8,131.4
337,13,512.2,334.6
33,1,326.6,185
161.8,235.4,257,299.4
105,289,183.4,384.2
340.2,126.6,425.8,204.2
97,142.6,384.2,199.4
389.8,1,512.2,95.4
16.2,88.2,512.2,311.4
76.2,46.6,355.4,141.8
232.2,254.6,328.2,309
88.2,1,512.2,134.6
75.4,69,398.6,145.8
205,188.2,504.2,320.2
337,81,512.2,329.8
235.4,9,328.2,61
259.4,264.2,325.8,305
21.8,281,269,384.2
439.4,157.8,503.4,209
119.4,217.8,377,384.2
127.4,141.8,382.6,199.4
65,41,137.8,132.2
445.8,106.6,508.2,185.8
161,145.8,260.2,193
381.8,1,505.8,60.2
113,258.6,217,381
221,56.2,452.2,212.2
316.2,330.6,512.2,384.2
156.2,235.4,512.2,384.2
207.4,1,512.2,105
329.8,209.8,504.2,320.2
85.8,69,253,110.6
317,330.6,453.8,384.2
331.4,102.6,404.2,157
88.2,17.8,282.6,76.2
57.8,126.6,258.6,194.6
76.2,1,512.2,141.8
409,223.4,462.6,271.4
401.8,267.4,512.2,347.4
153,310.6,237,371.4
327.4,337,512.2,384.2
29,253,268.2,384.2
384.2,133.8,432.2,204.2
76.2,62.6,432.2,141.8
209,297.8,512.2,347.4
247.4,150.6,309.8,195.4
445.8,106.6,508.2,211.4
329.8,50.6,512.2,330.6
173,1,417,67.4
32.2,304.2,104.2,384.2
377,1,432.2,44.2
297.8,160.2,388.2,263.4
367.4,96.2,453,222.6
221,125.8,425.8,209.8
23.4,143.4,142.6,224.2
427.4,215.4,512.2,300.2
16.2,1,325.8,313.8
131.4,317,269,384.2
337,75.4,512.2,334.6
298.6,209,377.8,315.4
243.4,199.4,512.2,376.2
449,102.6,512.2,185
331.4,106.6,396.2,162.6
80.2,16.2,250.6,94.6
32.2,301,268.2,384.2
16.2,142.6,81.8,242.6
1,1,104.2,209.8
95.4,43.4,434.6,94.6
118.6,14.6,419.4,99.4
16.2,142.6,107.4,245
442.6,13,512.2,211.4
102.6,64.2,329.8,109.8
16.2,145.8,201.8,257
1,1,204.2,384.2
401,317.8,512.2,376.2
381.8,1,512.2,105
89.8,33,209,92.2
342.6,206.6,512.2,336.2
32.2,41,355.4,160.2
342.6,50.6,512.2,330.6
25.8,157,168.2,238.6
36.2,196.2,208.2,237.8
18.6,176.2,512.2,384.2
130.6,317,269,384.2
129,75.4,209,116.2
401,13.8,512.2,211.4
65,33,178.6,129.8
189.8,1,419.4,86.6
429.8,90.6,502.6,151.4
88.2,273,217.8,326.6
329,258.6,496.2,330.6
432.2,32.2,496.2,73
221,254.6,274.6,297
16.2,141.8,312.2,261
161,145,259.4,196.2
130.6,277.8,512.2,384.2
37.8,302.6,155.4,384.2
269,113,512.2,323.4
212.2,13,373,64.2
278.6,151.4,366.6,199.4
76.2,54.6,414.6,158.6
23.4,143.4,132.2,188.2
291.4,217.8,354.6,277
87.4,36.2,176.2,76.2
156.2,248.2,512.2,384.2
29,258.6,216.2,384.2
75.4,93,227.4,133.8
401,96.2,463.4,205
175.4,105.8,372.2,199.4
23.4,62.6,355.4,220.2
32.2,293,183.4,384.2
462.6,223.4,512.2,276.2
193,73,411.4,129
37.8,288.2,274.6,384.2
76.2,62.6,381,158.6
79.4,1,417,87.4
453.8,47.4,512.2,96.2
453,337,512.2,384.2
16.2,1,324.2,313
209,267.4,411.4,336.2
75.4,73,411.4,146.6
252.2,142.6,384.2,222.6
416.2,54.6,512.2,114.6
335.4,206.6,512.2,336.2
367.4,88.2,512.2,289
277.8,186.6,394.6,264.2
209,296.2,509.8,340.2
316.2,337,359.4,384.2
156.2,297.8,512.2,384.2
401,162.6,441.8,205.8
23.4,143.4,190.6,238.6
234.6,310.6,505,384.2
130.6,305.8,506.6,384.2
233.8,308.2,306.6,384.2
76.2,73,297,141.8
156.2,306.6,506.6,384.2
155.4,281,512.2,354.6
432.2,10.6,512.2,73
292.2,1,413,78.6
41.8,142.6,270.6,194.6
405,13,512.2,211.4
129.8,317,268.2,384.2
202.6,257,261,299.4
387.4,13,512.2,334.6
87.4,145,349.8,198.6
379.4,113,433.8,171.4
75.4,1,433.8,146.6
49,214.6,249,261
16.2,153.8,75.4,242.6
385.8,1,505.8,51.4
212.2,1,408.2,64.2
89,87.4,392.2,141.8
59.4,245.8,290.6,384.2
245,326.6,309.8,384.2
29,302.6,152.2,384.2
405,81,512.2,329.8
205,188.2,395.4,318.6
253.8,322.6,512.2,384.2
385,159.4,445,207.4
1,1,144.2,384.2
80.2,37,174.6,79.4
201,145.8,259.4,196.2
59.4,299.4,143.4,384.2
21.8,89.8,224.2,177
177,305,271.4,363.4
91.4,197.8,201.8,257
352.2,182.6,449,274.6
88.2,1,443.4,134.6
130.6,317,172.2,384.2
279.4,317.8,486.6,384.2
130.6,310.6,506.6,384.2
213.8,205.8,345,308.2
88.2,34.6,195.4,76.2
23.4,177,327.4,261
155.4,288.2,512.2,354.6
81.8,288.2,274.6,357
88.2,34.6,209.8,94.6
344.2,343.4,388.2,384.2
193,221,376.2,349.8
205,56.2,504.2,320.2
409,337,492.2,384.2
107.4,181,301,225.8
108.2,62.6,432.2,109.8
444.2,117,485.8,205.8
173,1,417,65
23.4,142.6,256.2,240.2
409.8,213,465,279.4
263.4,184.2,512.2,320.2
387.4,1,512.2,89
353,115.4,439.4,183.4
21.8,89.8,224.2,238.6
91.4,181.8,287.4,313
401,96.2,465.8,205
205,89.8,465.8,318.6
403.4,162.6,445,207.4
16.2,41,224.2,313
209,288.2,411.4,336.2
101.8,145,311.4,239.4
89.8,1,419.4,92.2
75.4,36.2,411.4,146.6
37.8,288.2,505.8,384.2
81,1,207.4,51.4
210.6,45,419.4,95.4
41.8,142.6,384.2,199.4
23.4,143.4,132.2,221
89.8,25,463.4,205
233,206.6,338.6,309.8
453,337.8,506.6,384.2
234.6,310.6,348.2,384.2
29,294.6,127.4,384.2
384.2,1,512.2,96.2
259.4,260.2,331.4,309
337,56.2,452.2,183.4
205,189,388.2,315.4
209,297.8,512.2,354.6
329,248.2,496.2,330.6
65,177,512.2,384.2
430.6,213.8,480.2,270.6
214.6,14.6,419.4,91.4
193,81.8,411.4,129
353,115.4,439.4,181.8
253.8,207.4,310.6,257
214.6,1,419.4,95.4
331.4,81.8,485,195.4
103.4,289,269,384.2
342.6,245.8,408.2,290.6
145,62.6,411.4,109.8
80.2,16.2,433,94.6
32.2,281,180.2,373
89,160.2,388.2,309.8
291.4,197,368.2,310.6
197.8,142.6,312.2,239.4
193,89,401,134.6
337,75.4,512.2,329.8
361.8,209.8,499.4,291.4
23.4,177,301,261
32.2,41,224.2,153.8
76.2,86.6,177,129
156.2,213.8,512.2,384.2
193,221,377,349.8
33.8,133.8,377,199.4
32.2,41,241,160.2
177.8,20.2,282.6,64.2
79.4,46.6,139.4,100.2
444.2,143.4,484.2,205.8
205,197.8,504.2,320.2
344.2,199.4,391.4,264.2
371.4,209,451.4,275.4
305,223.4,370.6,276.2
329,248.2,512.2,347.4
132.2,327.4,172.2,381
64.2,16.2,261,131.4
16.2,141.8,312.2,242.6
16.2,150.6,301,261
405,242.6,512.2,329.8
157,221,377,384.2
205,189,395.4,318.6
372.2,89.8,465.8,205
37.8,325.8,93,384.2
449.8,299.4,512.2,347.4
405,13.8,512.2,211.4
353,115.4,439.4,205
216.2,304.2,263.4,349.8
209,283.4,411.4,336.2
384.2,94.6,464.2,205
25.8,177,168.2,231.4
76.2,84.2,118.6,127.4
442.6,33,512.2,113
449.8,304.2,512.2,344.2
91.4,16.2,261,89.8
372.2,96.2,453,207.4
91.4,181.8,287.4,261
1,1,101.8,384.2
89,87.4,392.2,145.8
103.4,289,207.4,384.2
189.8,1,357,53
1,1,208.2,384.2
88.2,1,324.2,94.6
76.2,73,283.4,130.6
64.2,1,324.2,122.6
205,189,388.2,309
69.8,126.6,258.6,194.6
221.8,306.6,506.6,384.2
173,1,512.2,114.6
225,306.6,325,384.2
298.6,142.6,379.4,198.6
82.6,64.2,329.8,109.8
173.8,264.2,512.2,354.6
79.4,46.6,139.4,87.4
74.6,177,320.2,227.4
287.4,1,419.4,86.6
452.2,146.6,512.2,275.4
372.2,96.2,478.6,208.2
80.2,1,433,94.6
51.4,93,227.4,152.2
89.8,25,419.4,95.4
69.8,129.8,230.6,194.6
233,213.8,310.6,284.2
75.4,61,411.4,146.6
364.2,113,405.8,203.4
32.2,107.4,218.6,152.2
384.2,89.8,464.2,205
285,318.6,512.2,384.2
23.4,160.2,161.8,238.6
209,296.2,509.8,384.2
264.2,326.6,309.8,384.2
155.4,277.8,512.2,354.6
228.2,310.6,486.6,384.2
305,190.6,512.2,310.6
88.2,1,417,76.2
449,90.6,512.2,185
23.4,145.8,131.4,188.2
29,313.8,133.8,384.2
299.4,204.2,370.6,300.2
75.4,73,401.8,145.8
357,1,512.2,114.6
453,305,512.2,384.2
87.4,140.2,379.4,198.6
209,297.8,507.4,340.2
417.8,50.6,512.2,231.4
344.2,1,393.8,51.4
134.6,74.6,213,116.2
132.2,310.6,348.2,384.2
225,306.6,309,384.2
75.4,54.6,115.4,129.8
38.6,201.8,130.6,243.4
264.2,336.2,306.6,384.2
134.6,87.4,398.6,130.6
91.4,245.8,290.6,357
389.8,1,512.2,205
291.4,84.2,439.4,313
143.4,182.6,281.8,240.2
297.8,197.8,372.2,262.6
298.6,209,369.8,309.8
157,299.4,217,384.2
429.8,88.2,512.2,206.6
316.2,337,410.6,384.2
379.4,128.2,433.8,171.4
37.8,299.4,144.2,384.2
23.4,170.6,95.4,221
132.2,310.6,276.2,384.2
245.8,206.6,310.6,257
412.2,90.6,461,167.4
189.8,186.6,509.8,384.2
233,213.8,331.4,309
109.8,297,159.4,361
429,218.6,469,271.4
33,1,419.4,199.4
416.2,30.6,512.2,114.6
336.2,217,408.2,284.2
173,17.8,282.6,65
394.6,21,499.4,89
427.4,215.4,472.2,269.8
173.8,288.2,512.2,354.6
166.6,325.8,269,384.2
448.2,107.4,512.2,206.6
23.4,143.4,249,261
32.2,301,133.8,384.2
277.8,146.6,323.4,195.4
373,97,453,205.8
353,138.6,416.2,181.8
121,133.8,353,196.2
89,87.4,401.8,141.8
471.4,115.4,512.2,160.2
253.8,322.6,309.8,384.2
297,89,401,134.6
81,246.6,216.2,312.2
240.2,206.6,310.6,257
306.6,27.4,419.4,91.4
74.6,177,301.8,227.4
33,1,326.6,199.4
367.4,159.4,445,222.6
48.2,221,249,261
173,1,393.8,65
16.2,141.8,241,242.6
25,41,104.2,159.4
233,213.8,338.6,309.8
36.2,196.2,202.6,237.8
157,310.6,217,384.2
367.4,184.2,512.2,320.2
316.2,333.8,375.4,384.2
385,96.2,453,207.4
405,266.6,512.2,321.8
465,267.4,512.2,329.8
165,277.8,408.2,353.8
208.2,151.4,372.2,199.4
202.6,239.4,256.2,294.6
134.6,87.4,398.6,201
103.4,293.8,197.8,384.2
395.4,97,453,163.4
75.4,72.2,398.6,145.8
61,242.6,106.6,305.8
165,297,276.2,349.8
263.4,219.4,310.6,268.2
404.2,337,505,384.2
95.4,42.6,478.6,208.2
145.8,28.2,229.8,85.8
241.8,215.4,331.4,309
233,1,408.2,54.6
439.4,88.2,512.2,206.6
225,309,292.2,384.2
337,258.6,418.6,307.4
169,325.8,269,384.2
385,1,512.2,44.2
177,305,325,384.2
193,221,377,384.2
50.6,193.8,256.2,240.2
23.4,143.4,142.6,238.6
25.8,177,130.6,228.2
372.2,89.8,464.2,205
89,40.2,349.8,110.6
181.8,1,413,66.6
369.8,279.4,411.4,321
435.4,54.6,500.2,106.6
233,206.6,370.6,311.4
241,1,384.2,49.8
65,177,394.6,309
306.6,115.4,439.4,205
64.2,1,325.8,144.2
80.2,35.4,181,79.4
80.2,14.6,433.8,99.4
175.4,87.4,398.6,145.8
368.2,291.4,512.2,384.2
297.8,143.4,353.8,197
197.8,255.4,261,299.4
64.2,41,224.2,144.2
25,41,71.4,159.4
49,300.2,98.6,368.2
81,1,324.2,51.4
221.8,308.2,506.6,384.2
66.6,245.8,217,313.8
134.6,310.6,271.4,384.2
175.4,105.8,353,183.4
193.8,84.2,424.2,145
273.8,153.8,352.2,201
342.6,206.6,504.2,290.6
375.4,250.6,512.2,376.2
247.4,205.8,345,308.2
113,288.2,207.4,381
145.8,97.8,301,141.8
444.2,143.4,484.2,203.4
36.2,145,311.4,239.4
427.4,215.4,504.2,273
25.8,141.8,241,237.8
232.2,189,388.2,309
412.2,90.6,512.2,206.6
273.8,10.6,353,53.8
156.2,295.4,512.2,384.2
324.2,159.4,366.6,199.4
329,258.6,423.4,320.2
247.4,150.6,312.2,195.4
273.8,1,393.8,54.6
297.8,142.6,421.8,209.8
76.2,62.6,389.8,158.6
405,265.8,512.2,325.8
356.2,143.4,425.8,204.2
316.2,337,432.2,384.2
23.4,151.4,113.8,221
213.8,205.8,345,309
367.4,96.2,512.2,289
21.8,281,180.2,384.2
430.6,213.8,512.2,300.2
16.2,142.6,217,313.8
53,302.6,152.2,376.2
287.4,117,395.4,203.4
25.8,177,113.8,221
1,1,216.2,384.2
82.6,344.2,133.8,384.2
53,334.6,136.2,384.2
53,303.4,152.2,384.2
25.8,177,187.4,233.8
372.2,89.8,465.8,223.4
289.8,317.8,486.6,384.2
217,127.4,339.4,183.4
375.4,250.6,512.2,336.2
88.2,1,393.8,76.2
384.2,1,512.2,105
412.2,10.6,512.2,209.8
202.6,250.6,247.4,294.6
16.2,151.4,201.8,259.4
116.2,75.4,209,116.2
417.8,50.6,512.2,105
353.8,1,512.2,64.2
76.2,75.4,247.4,127.4
253.8,146.6,349.8,197
268.2,312.2,504.2,384.2
80.2,37.8,230.6,94.6
241,1,385,51.4
263.4,141.8,382.6,197
249.8,9,328.2,61
87.4,140.2,386.6,198.6
16.2,139.4,201.8,259.4
337,152.2,413,320.2
107.4,62.6,355.4,116.2
64.2,21,204.2,131.4
23.4,151.4,377,384.2
240.2,1,393.8,54.6
236.2,140.2,285.8,193.8
136.2,245.8,290.6,357
32.2,1,324.2,152.2
45.8,342.6,133.8,384.2
23.4,177,301,237.8
65,177,281.8,240.2
82.6,67.4,161,108.2
337,84.2,439.4,222.6
305,199.4,391.4,264.2
225,291.4,512.2,384.2
280.2,86.6,416.2,181.8
352.2,159.4,449,274.6
181.8,17.8,248.2,66.6
337,249.8,413,320.2
116.2,62.6,414.6,109.8
204.2,1,385,51.4
273.8,146.6,323.4,195.4
116.2,62.6,411.4,109.8
269.8,13,328.2,58.6
155.4,297,217.8,337.8
18.6,145,173,250.6
429.8,88.2,512.2,209.8
236.2,140.2,386.6,198.6
331.4,81.8,485,274.6
144.2,181.8,287.4,227.4
90.6,245.8,217,304.2
306.6,128.2,391.4,181.8
89,87.4,401.8,145.8
80.2,1,512.2,89
280.2,64.2,512.2,209.8
444.2,117,484.2,205.8
177.8,21.8,241,64.2
189.8,1,340.2,53
444.2,94.6,485.8,205.8
329.8,209.8,504.2,313
178.6,21.8,241,64.2
353,1,512.2,64.2
90.6,56.2,231.4,108.2
88.2,15.4,255.4,94.6
87.4,145,349.8,197
368.2,297,512.2,354.6
263.4,223.4,370.6,276.2
327.4,222.6,370.6,281
197.8,185,311.4,239.4
33,205.8,249,261
387.4,157.8,512.2,276.2
280.2,83.4,512.2,209.8
439.4,156.2,502.6,209
405,81,512.2,279.4
106.6,160.2,388.2,309.8
301.8,246.6,351.4,309.8
76.2,62.6,355.4,129
442.6,33,512.2,99.4
49,305.8,136.2,384.2
401,330.6,486.6,384.2
204.2,1,413.8,51.4
285,318.6,408.2,384.2
76.2,73,161,129
375.4,250.6,499.4,332.2
197.8,255.4,267.4,299.4
193,73,411.4,135.4
25.8,177,83.4,220.2
65,1,207.4,106.6
61,242.6,216.2,332.2
33.8,141.8,382.6,199.4
287.4,12.2,389,55.4
202.6,257,254.6,299.4
375.4,250.6,466.6,291.4
281.8,189,374.6,263.4
465.8,247.4,512.2,300.2
25.8,176.2,83.4,220.2
183.4,17.8,282.6,61
406.6,277,457.8,320.2
32.2,245.8,290.6,384.2
37.8,300.2,98.6,384.2
416.2,54.6,512.2,117.8
273.8,10.6,365.8,53.8
337,84.2,427.4,320.2
215.4,17.8,433,89.8
395.4,97,435.4,139.4
205,203.4,277.8,284.2
23.4,170.6,161.8,238.6
38.6,197,144.2,243.4
196.2,145,236.2,192.2
32.2,234.6,290.6,384.2
109.8,288.2,253,333.8
277,1,384.2,49.8
401.8,299.4,512.2,347.4
298.6,209,369.8,314.6
75.4,72.2,283.4,129.8
176.2,1,413,67.4
243.4,199.4,411.4,319.4
297.8,142.6,425.8,209.8
349.8,142.6,421.8,209.8
369,93,411.4,157
45.8,344.2,133.8,384.2
342.6,217,388.2,263.4
85.8,79.4,151.4,129
80.2,16.2,282.6,94.6
368.2,285.8,512.2,354.6
412.2,90.6,512.2,209.8
118.6,43.4,433,85
306.6,96.2,463.4,205
200.2,236.2,257,299.4
253.8,197.8,372.2,262.6
1,153,144.2,384.2
225,306.6,304.2,354.6
97,145,334.6,196.2
66.6,72.2,178.6,129.8
454.6,106.6,508.2,171.4
77.8,36.2,181,79.4
216.2,304.2,297,352.2
179.4,62.6,355.4,102.6
71.4,297,159.4,361
23.4,139.4,241,220.2
277.8,186.6,394.6,263.4
395.4,97,453,144.2
341.8,249.8,413,291.4
327.4,343.4,388.2,384.2
131.4,319.4,269,384.2
327.4,337,492.2,384.2
439.4,156.2,502.6,219.4
134.6,310.6,237,384.2
232.2,206.6,310.6,282.6
66.6,258.6,216.2,313.8
325.8,322.6,408.2,384.2
247.4,150.6,352.2,197
454.6,106.6,512.2,170.6
219.4,292.2,405.8,336.2
337,56.2,452.2,160.2
342.6,214.6,410.6,290.6
263.4,209.8,370.6,276.2
324.2,322.6,504.2,384.2
230.6,11.4,291.4,62.6
285,330.6,453.8,384.2
445.8,109.8,501,185.8
233.8,308.2,506.6,384.2
448.2,107.4,512.2,160.2
341.8,217,383.4,262.6
368.2,293,512.2,384.2
228.2,310.6,297,352.2
297.8,197.8,372.2,260.2
109.8,288.2,274.6,357
385,1,512.2,52.2
119.4,293.8,180.2,384.2
65,179.4,168.2,231.4
90.6,40.2,349.8,108.2
388.2,242.6,496.2,302.6
291.4,160.2,368.2,310.6
217,143.4,284.2,183.4
255.4,309,408.2,357
87.4,13,373,76.2
435.4,54.6,512.2,106.6
155.4,234.6,267.4,299.4
254.6,325,308.2,384.2
91.4,181.8,287.4,308.2
189.8,203.4,329,307.4
208.2,142.6,366.6,199.4
134.6,88.2,393,130.6
262.6,336.2,309,384.2
33,33,224.2,185
214.6,25,301,91.4
155.4,317,268.2,384.2
397,206.6,504.2,279.4
105,293,183.4,384.2
221,253.8,303.4,299.4
230.6,1,393.8,62.6
118.6,14.6,433.8,99.4
121,133.8,228.2,180.2
325,152.2,379.4,198.6
291.4,84.2,512.2,336.2
399.4,96.2,463.4,205
309.8,1,413,48.2
273.8,10.6,353,54.6
108.2,62.6,414.6,109.8
175.4,118.6,343.4,158.6
399.4,56.2,452.2,113.8
429.8,215.4,504.2,270.6
409.8,213,465,275.4
361.8,209.8,413,291.4
403.4,156.2,477.8,207.4
193.8,84.2,424.2,133
442.6,47.4,512.2,94.6
317,337,391.4,384.2
196.2,145,269.8,193.8
121,253,216.2,313
93,1,326.6,52.2
293,44.2,443.4,87.4
370.6,330.6,450.6,380.2
369,97,453.8,205.8
253.8,146.6,323.4,195.4
132.2,319.4,269,384.2
255.4,309,408.2,371.4
377.8,257.8,496.2,302.6
289,318.6,505.8,384.2
432.2,1,512.2,62.6
212.2,25,356.2,78.6
23.4,142.6,384.2,240.2
65,177,394.6,264.2
23.4,177.8,327.4,221
109.8,293.8,197.8,384.2
75.4,73,115.4,129.8
191.4,9,328.2,66.6
384.2,115.4,439.4,167.4
297.8,143.4,377,197
298.6,330.6,512.2,384.2
403.4,163.4,453,207.4
37.8,217.8,377,384.2
319.4,193,374.6,263.4
202.6,250.6,251.4,294.6
417,284.2,509,330.6
370.6,341.8,412.2,384.2
325,222.6,370.6,281
320.2,261.8,361.8,309.8
448.2,47.4,512.2,96.2
251.4,87.4,398.6,145.8
121,129.8,230.6,192.2
240.2,206.6,310.6,257.8
76.2,1,324.2,77
93,62.6,355.4,116.2
25.8,143.4,190.6,185
342.6,206.6,512.2,330.6
155.4,234.6,258.6,283.4
301.8,246.6,351.4,299.4
132.2,310.6,271.4,384.2
119.4,293.8,197.8,384.2
457,341.8,512.2,384.2
337,223.4,496.2,310.6
89.8,28.2,229.8,92.2
76.2,65,247.4,127.4
272.2,185.8,391.4,264.2
364.2,84.2,427.4,160.2
367.4,163.4,453,222.6
449,30.6,512.2,72.2
369,93,439.4,160.2
37.8,297.8,158.6,384.2
246.6,45,419.4,91.4
23.4,151.4,327.4,261
405,242.6,512.2,322.6
134.6,87.4,398.6,199.4
433,170.6,512.2,231.4
65,179.4,281.8,240.2
23.4,177,327.4,257
202.6,239.4,257,297.8
160.2,317,268.2,384.2
89,70.6,241,110.6
201,141.8,382.6,199.4
234.6,307.4,505,384.2
95.4,43.4,433,94.6
269,246.6,357.8,309.8
289,13,365.8,54.6
353,115.4,439.4,194.6
89.8,18.6,356.2,92.2
371.4,219.4,466.6,320.2
87.4,36.2,181,76.2
233,215.4,331.4,309
268.2,312.2,345,384.2
379.4,96.2,453,171.4
454.6,106.6,512.2,203.4
289,318.6,412.2,384.2
113,305,160.2,381
76.2,62.6,432.2,129
121,133.8,353,193.8
95.4,44.2,429,94.6
189.8,1,361,65
465.8,224.2,512.2,300.2
109.8,297,152.2,361
1,209,51.4,384.2
327.4,224.2,370.6,281
23.4,177,327.4,225
247.4,142.6,379.4,198.6
361.8,249.8,413,291.4
457.8,227.4,512.2,289
406.6,277,499.4,332.2
445.8,106.6,508.2,207.4
301,186.6,394.6,264.2
59.4,311.4,143.4,373
451.4,91.4,502.6,151.4
391.4,337,501.8,384.2
429,217.8,499.4,271.4
301,186.6,410.6,264.2
209,289,509.8,384.2
1,1,128.2,384.2
121,144.2,181.8,185.8
278.6,186.6,410.6,264.2
278.6,151.4,377,199.4
297,102.6,394.6,145
465,289,512.2,329.8
202.6,239.4,257,299.4
95.4,44.2,423.4,94.6
197.8,142.6,311.4,239.4
118.6,29.8,325.8,99.4
193.8,81.8,411.4,129
369,206.6,512.2,289
405,242.6,512.2,325.8
361.8,209.8,420.2,291.4
129.8,292.2,217.8,384.2
92.2,17.8,248.2,89
301,153.8,352.2,201
368.2,279.4,512.2,354.6
32.2,106.6,224.2,153.8
442.6,33,512.2,94.6
25.8,177,113.8,225
391.4,10.6,512.2,64.2
297.8,197.8,372.2,257.8
225,309,453.8,384.2
430.6,207.4,512.2,270.6
266.6,149.8,334.6,196.2
212.2,18.6,356.2,78.6
371.4,269,457.8,320.2
405,106.6,512.2,231.4
325.8,322.6,450.6,384.2
234.6,310.6,436.2,384.2
269,207.4,310.6,255.4
236.2,142.6,384.2,198.6
121,253,216.2,299.4
287.4,124.2,391.4,203.4
395.4,242.6,512.2,329
162.6,256.2,277,297.8
241,1,385,49.8
395.4,94.6,465.8,205
293,268.2,411.4,319.4
213.8,229.8,256.2,275.4
433,175.4,512.2,231.4
101.8,141.8,241,229.8
269,246.6,351.4,309.8
25.8,177,168.2,238.6
358.6,152.2,409,273.8
208.2,141.8,382.6,199.4
253.8,215.4,331.4,309
23.4,150.6,301,261
8.2,41,71.4,241.8
214.6,1,413,91.4
76.2,73,151.4,129
162.6,256.2,408.2,353.8
247.4,145,323.4,198.6
416.2,42.6,512.2,211.4
199.4,44.2,443.4,110.6
225,309,309.8,384.2
92.2,16.2,261,89
255.4,267.4,328.2,309
259.4,264.2,331.4,309
405,274.6,496.2,330.6
189.8,4.2,331.4,65
221.8,329,282.6,384.2
399.4,223.4,466.6,284.2
140.2,310.6,271.4,384.2
387.4,175.4,512.2,231.4
298.6,152.2,349.8,197
337,84.2,432.2,320.2
337.8,93,439.4,204.2
189.8,1,357,61
454.6,109.8,501,171.4
209,292.2,405.8,336.2
255.4,220.2,328.2,308.2
368.2,305.8,512.2,354.6
377.8,232.2,512.2,330.6
401,96.2,463.4,164.2
342.6,245.8,410.6,290.6
448.2,107.4,512.2,184.2
199.4,44.2,423.4,92.2
144.2,16.2,250.6,65
417.8,50.6,512.2,181.8
32.2,281,180.2,368.2
93,1,324.2,52.2
221,254.6,274.6,299.4
81,246.6,144.2,305
232.2,197.8,388.2,309
215.4,17.8,360.2,81.8
109.8,288.2,241,333.8
16.2,41,224.2,257
65,309,141.8,360.2
269.8,199.4,326.6,268.2
405,90.6,512.2,231.4
25.8,177,208.2,237.8
65,43.4,122.6,132.2
87.4,145,259.4,196.2
33,106.6,224.2,185
387.4,157.8,512.2,231.4
106.6,160.2,388.2,309
96.2,1,324.2,45.8
353,209,393,258.6
136.2,288.2,253,346.6
234.6,256.2,325,309
236.2,142.6,384.2,199.4
449,137.8,510.6,185
337,93.8,417,160.2
342.6,247.4,398.6,290.6
462.6,13.8,512.2,78.6
76.2,62.6,381,127.4
367.4,201,466.6,320.2
448.2,88.2,512.2,184.2
371.4,207.4,504.2,275.4
156.2,206.6,249,261
204.2,1,408.2,51.4
109.8,303.4,152.2,361
257.8,215.4,300.2,266.6
277.8,186.6,374.6,263.4
199.4,44.2,443.4,92.2
350.6,36.2,417.8,86.6
106.6,199.4,325,309
399.4,206.6,512.2,289
377.8,232.2,512.2,302.6
273.8,1,393.8,53.8
340.2,106.6,396.2,162.6
452.2,115.4,500.2,159.4
399.4,223.4,462.6,274.6
29,313.8,70.6,384.2
424.2,181.8,476.2,269.8
403.4,158.6,462.6,207.4
405,106.6,508.2,207.4
53.8,305,104.2,363.4
301,197.8,388.2,263.4
358.6,1,432.2,53.8
338.6,1,413,56.2
352.2,182.6,449,264.2
281.8,89,401,134.6
251.4,87.4,398.6,130.6
263.4,160.2,388.2,268.2
409,337,505,384.2
465.8,223.4,512.2,276.2
23.4,177,301,239.4
252.2,154.6,301.8,206.6
221,253.8,328.2,303.4
119.4,293,183.4,384.2
76.2,75.4,209,127.4
409.8,213,499.4,281.8
325.8,322.6,504.2,384.2
69.8,129.8,230.6,192.2
337,249.8,413,291.4
1,153,51.4,384.2
291.4,160.2,369.8,313
134.6,310.6,276.2,384.2
101.8,145,229.8,229.8
395.4,94.6,464.2,205
452.2,107.4,502.6,151.4
399.4,223.4,512.2,289
189.8,1,512.2,64.2
1,1,101.8,209.8
417,1,512.2,96.2
193,287.4,376.2,349.8
269,12.2,368.2,58.6
281.8,186.6,374.6,263.4
189.8,4.2,331.4,44.2
251.4,88.2,393,130.6
337,258.6,423.4,320.2
236.2,140.2,379.4,198.6
87.4,145.8,181,186.6
235.4,316.2,290.6,357
463.4,13,512.2,72.2
17,219.4,114.6,321
205,253.8,328.2,303.4
299.4,223.4,370.6,276.2
347.4,342.6,388.2,384.2
189.8,186.6,410.6,314.6
429,217.8,481.8,271.4
59.4,304.2,149,373
406.6,277,499.4,320.2
23.4,177,121,225
416.2,13.8,512.2,211.4
109.8,288.2,166.6,333
383.4,212.2,440.2,265.8
89.8,25,452.2,114.6
368.2,297,512.2,384.2
165,281.8,408.2,353.8
279.4,341,323.4,384.2
216.2,304.2,408.2,354.6
305,205.8,496.2,310.6
132.2,325.8,269,384.2
53.8,299.4,143.4,384.2
405,266.6,512.2,325.8
263.4,220.2,328.2,301.8
388.2,242.6,512.2,322.6
49,206.6,249,261
119.4,221,377,384.2
145.8,33,209,85.8
338.6,9,385,56.2
399.4,96.2,440.2,154.6
74.6,179.4,168.2,231.4
205,62.6,381,102.6
143.4,182.6,281.8,257
331.4,81.8,485,162.6
157,313.8,197.8,384.2
21.8,107.4,224.2,177
214.6,9,328.2,91.4
337,84.2,439.4,204.2
353.8,1,512.2,45.8
76.2,16.2,242.6,77
232.2,197.8,372.2,309
107.4,179.4,301,225.8
213,45.8,357,92.2
64.2,1,324.2,142.6
301,197.8,367.4,243.4
255.4,309,505,384.2
247.4,150.6,366.6,199.4
415.4,90.6,461,153.8
252.2,153.8,371.4,222.6
263.4,205.8,345,268.2
387.4,1,499.4,51.4
27.4,197.8,115.4,238.6
394.6,22.6,497.8,89
417,53.8,466.6,94.6
81,246.6,216.2,308.2
331.4,101.8,399.4,162.6
404.2,341,512.2,384.2
462.6,30.6,512.2,78.6
416.2,54.6,500.2,114.6
87.4,145.8,181,191.4
358.6,207.4,504.2,275.4
225,309,289,358.6
1,153,66.6,384.2
273,186.6,410.6,264.2
23.4,177,327.4,221
129.8,317.8,172.2,384.2
307.4,95.4,416.2,181.8
16.2,143.4,201.8,257
349.8,142.6,393.8,209.8
373,109,417,203.4
214.6,14.6,358.6,91.4
299.4,152.2,349.8,197
374.6,145,444.2,203.4
454.6,109.8,512.2,203.4
33,139.4,154.6,185
21.8,286.6,165,384.2
273.8,11.4,328.2,53.8
388.2,242.6,512.2,323.4
384.2,84.2,427.4,160.2
95.4,53.8,209.8,94.6
107.4,62.6,355.4,110.6
305,205.8,345.8,259.4
391.4,21,499.4,64.2
377.8,257.8,512.2,302.6
263.4,209.8,370.6,281
416.2,42.6,512.2,113.8
152.2,17.8,248.2,89
417,1,512.2,94.6
121,133.8,228.2,187.4
297.8,151.4,352.2,197
410.6,94.6,464.2,205
87.4,145,228.2,191.4
417.8,50.6,512.2,170.6
278.6,151.4,372.2,199.4
367.4,190.6,512.2,230.6
250.6,205.8,320.2,259.4
223.4,256.2,277,297.8
417,341,505,384.2
398.6,83.4,455.4,126.6
32.2,304.2,79.4,384.2
17,219.4,144.2,342.6
262.6,336.2,306.6,384.2
259.4,321.8,306.6,384.2
299.4,204.2,370.6,281
416.2,50.6,512.2,113.8
220.2,142.6,366.6,199.4
23.4,177,121,237.8
437.8,217.8,504.2,279.4
319.4,189,374.6,263.4
61,242.6,106.6,342.6
183.4,17.8,282.6,65
337,223.4,462.6,307.4
213,44.2,423.4,92.2
261.8,145,323.4,195.4
32.2,48.2,218.6,152.2
118.6,29.8,229.8,99.4
23.4,170.6,85.8,221
361,214.6,410.6,284.2
385,97,453,207.4
234.6,217.8,325,309
245,326.6,289,384.2
162.6,209,249,261
177.8,21.8,278.6,64.2
369,93,417.8,160.2
131.4,258.6,216.2,304.2
207.4,287.4,408.2,353.8
269,12.2,389,58.6
467.4,224.2,512.2,275.4
173,326.6,272.2,384.2
305,205.8,370.6,276.2
144.2,181.8,287.4,245.8
405,242.6,512.2,321.8
72.2,313,141.8,360.2
165.8,297.8,276.2,349.8
23.4,170.6,81,220.2
236.2,140.2,335.4,193.8
395.4,97,453,205.8
272.2,185.8,366.6,226.6
202.6,245.8,253.8,290.6
350.6,36.2,419.4,86.6
241.8,213.8,310.6,284.2
325.8,1,384.2,44.2
263.4,218.6,370.6,276.2
365.8,205.8,434.6,264.2
203.4,145.8,260.2,193
400.2,83.4,512.2,206.6
152.2,29.8,229.8,89
424.2,181.8,512.2,301.8
287.4,12.2,351.4,55.4
269,12.2,351.4,58.6
269,213.8,310.6,268.2
317,337,365.8,384.2
342.6,163.4,512.2,330.6
249.8,9,317.8,61
165.8,297.8,259.4,349.8
397,222.6,437,275.4
112.2,251.4,225,308.2
65,41,137.8,108.2
242.6,310.6,408.2,353.8
32.2,107.4,224.2,152.2
263.4,220.2,328.2,308.2
220.2,142.6,273,193
191.4,17.8,248.2,66.6
429,206.6,504.2,279.4
342.6,209,410.6,290.6
388.2,217.8,512.2,330.6
409.8,336.2,504.2,384.2
409.8,336.2,503.4,384.2
248.2,146.6,349.8,197
74.6,179.4,281.8,240.2
41.8,145.8,185.8,185.8
118.6,43.4,419.4,85
234.6,212.2,325,309
337,93,439.4,204.2
416.2,42.6,512.2,203.4
388.2,242.6,505,302.6
278.6,199.4,326.6,251.4
449,138.6,510.6,185
371.4,205.8,466.6,320.2
430.6,207.4,480.2,270.6
177.8,20.2,278.6,64.2
111.4,305,160.2,379.4
161,145.8,334.6,196.2
292.2,14.6,358.6,78.6
106.6,201.8,325,309
106.6,179.4,301,231.4
448.2,17,512.2,81
293,217,411.4,319.4
261.8,266.6,327.4,307.4
59.4,311.4,143.4,384.2
287.4,12.2,392.2,55.4
417.8,50.6,512.2,113.8
146.6,145,214.6,191.4
89.8,33,217,92.2
326.6,152.2,379.4,198.6
145,62.6,364.2,109.8
81,248.2,128.2,305
298.6,152.2,361.8,198.6
121,133.8,377,199.4
341.8,217,382.6,262.6
87.4,31.4,193,76.2
388.2,242.6,512.2,302.6
398.6,81.8,485,152.2
65,43.4,122.6,108.2
33.8,142.6,241,183.4
391.4,337,505.8,384.2
324.2,156.2,372.2,199.4
215.4,17.8,433,81.8
193.8,88.2,400.2,129
165,287.4,408.2,353.8
349.8,277,411.4,319.4
173,326.6,276.2,384.2
400.2,83.4,512.2,209.8
289,13,373,54.6
369,93,411.4,146.6
89.8,25,356.2,92.2
217,141.8,353,185.8
112.2,251.4,216.2,308.2
213,239.4,257,283.4
342.6,207.4,512.2,330.6
193,265,376.2,349.8
427.4,215.4,504.2,270.6
427.4,215.4,512.2,275.4
421,184.2,512.2,233.8
255.4,266.6,327.4,307.4
297.8,197,368.2,257.8
383.4,115.4,439.4,167.4
60.2,195.4,256.2,240.2
212.2,238.6,258.6,283.4
189.8,4.2,331.4,62.6
90.6,40.2,231.4,108.2
23.4,142.6,241,220.2
231.4,203.4,277.8,245.8
143.4,206.6,249,261
65,1,324.2,106.6
416.2,50.6,495.4,113.8
76.2,86.6,177,128.2
331.4,102.6,416.2,181.8
247.4,205.8,320.2,259.4
263.4,220.2,306.6,290.6
371.4,250.6,466.6,320.2
266.6,9.8,321,58.6
234.6,310.6,436.2,368.2
454.6,115.4,508.2,157.8
429,217.8,499.4,273
345.8,217,394.6,264.2
186.6,305.8,247.4,346.6
412.2,96.2,463.4,164.2
236.2,142.6,384.2,185.8
61,242.6,144.2,342.6
313,17.8,360.2,65
352.2,186.6,434.6,264.2
189.8,1,357,54.6
366.6,207.4,504.2,275.4
205,203.4,277.8,259.4
454.6,109.8,512.2,157.8
18.6,145,73,207.4
217,141.8,353,183.4
291.4,197,368.2,277
269.8,327.4,309.8,384.2
293,268.2,361,311.4
91.4,197.8,256.2,261
398.6,83.4,485,152.2
196.2,142.6,270.6,193.8
23.4,170.6,161.8,221
106.6,28.2,229.8,85.8
243.4,199.4,327.4,307.4
342.6,217.8,512.2,330.6
146.6,142.6,270.6,193.8
367.4,173,448.2,222.6
121,144.2,181.8,187.4
242.6,311.4,408.2,353.8
61,242.6,106.6,332.2
366.6,341.8,412.2,384.2
173,336.2,272.2,384.2
37.8,304.2,79.4,379.4
353,209,393,263.4
32.2,286.6,165,368.2
17,224.2,84.2,366.6
140.2,310.6,237,371.4
429.8,215.4,498.6,270.6
189.8,203.4,277.8,245.8
23.4,170.6,81,221
316.2,337.8,359.4,384.2
250.6,215.4,300.2,259.4
295.4,12.2,351.4,55.4
310.6,217,408.2,284.2
287.4,12.2,368.2,55.4
41.8,142.6,270.6,193.8
217,141.8,353,193.8
134.6,321,185.8,384.2
341.8,217,382.6,261.8
396.2,145,444.2,185
427.4,181.8,476.2,269.8
255.4,266.6,329,307.4
255.4,261.8,325,309
189.8,4.2,331.4,58.6
263.4,209.8,378.6,292.2
401,96.2,463.4,192.2
279.4,313,436.2,356.2
127.4,145,228.2,189.8
173,336.2,271.4,384.2
380.2,115.4,439.4,170.6
372.2,173,448.2,222.6
295.4,12.2,368.2,55.4
350.6,45,419.4,86.6
287.4,1,413,55.4
445,216.2,498.6,270.6
250.6,149.8,334.6,196.2
173,335.4,271.4,384.2
76.2,86.6,145,127.4
400.2,83.4,493,126.6
416.2,68.2,495.4,113.8
81,248.2,144.2,305
324.2,198.6,368.2,257.8
127.4,145,334.6,196.2
212.2,25,272.2,78.6
454.6,102.6,507.4,145.8
324.2,156.2,366.6,199.4
59.4,304.2,149,384.2
372.2,145,444.2,205.8
189.8,203.4,277.8,284.2
445.8,216.2,501,270.6
212.2,18.6,281.8,78.6
178.6,21.8,266.6,64.2
141,145,228.2,188.2
144.2,181.8,301.8,227.4
255.4,261.8,306.6,302.6
387.4,1,497.8,51.4
243.4,216.2,327.4,307.4
107.4,181,301,221
289,314.6,436.2,356.2
23.4,177.8,121,225
252.2,153.8,352.2,206.6
278.6,313,436.2,368.2
350.6,45,414.6,86.6
316.2,159.4,371.4,222.6
124.2,206.6,249,261
53.8,302.6,155.4,373
409.8,336.2,486.6,384.2
314.6,12.2,368.2,53
121,133.8,228.2,186.6
430.6,216.2,512.2,301.8
445.8,216.2,512.2,275.4
409.8,223.4,451.4,275.4
350.6,36.2,414.6,86.6
401,123.4,448.2,205.8
87.4,21.8,266.6,76.2
449,115.4,510.6,185
127.4,145,231.4,189.8
368.2,297,512.2,345
374.6,219.4,429.8,274.6
329.8,327.4,412.2,384.2
432.2,181.8,476.2,225.8
372.2,145,444.2,204.2
336.2,217,390.6,284.2
454.6,102.6,512.2,156.2
445.8,216.2,498.6,270.6
103.4,316.2,143.4,359.4
8.2,41,84.2,366.6
17,224.2,84.2,321
253.8,149.8,334.6,196.2
