1,1,512.2,184.2
1,1,512.2,384.2
317,193,512.2,384.2
1,112.2,325,384.2
274.6,120.2,352.2,211.4
176.2,1,449.8,68.2
140.2,1,465,129.8
205,246.6,289,321
75.4,98.6,389.8,294.6
333,1,512.2,384.2
296.2,209.8,365,259.4
1,1,254.6,104.2
1,1,448.2,303.4
296.2,196.2,356.2,241.8
274.6,1,512.2,384.2
325,1,512.2,384.2
133.8,68.2,400.2,286.6
170.6,5,405.8,246.6
1,63.4,512.2,384.2
85,53.8,327.4,294.6
105.8,165,289.8,368.2
75.4,161,325.8,294.6
1,109,179.4,368.2
85,53.8,383.4,294.6
1,177,338.6,384.2
349.8,81.8,457,254.6
1,89,431.4,384.2
29.8,233.8,106.6,336.2
274.6,120.2,345,211.4
290.6,209,365.8,265
317,5,512.2,384.2
269.8,1,512.2,384.2
268.2,1,512.2,384.2
1,230.6,187.4,384.2
338.6,1,512.2,384.2
236.2,128.2,512.2,384.2
214.6,1,465,129.8
387.4,1,512.2,384.2
293,317,333,384.2
417,129,512.2,384.2
45,230.6,125.8,339.4
111.4,109.8,221,215.4
58.6,158.6,240.2,339.4
368.2,1,512.2,273
1,63.4,400.2,384.2
383.4,5,512.2,266.6
1,1,449.8,384.2
350.6,128.2,425.8,228.2
316.2,129,501.8,361.8
1,279.4,337,384.2
1,88.2,427.4,384.2
448.2,256.2,495.4,308.2
1,109,316.2,384.2
317,1,512.2,384.2
350.6,82.6,457,229
1,1,243.4,329
135.4,259.4,179.4,328.2
1,165,436.2,384.2
448.2,1,512.2,132.2
1,230.6,431.4,384.2
1,273,53,334.6
269.8,121.8,512.2,384.2
385,121.8,512.2,356.2
1,174.6,133,384.2
1,1,465,297
75.4,173.8,308.2,321
57.8,1,153,50.6
1,95.4,286.6,355.4
448.2,131.4,512.2,309.8
268.2,178.6,512.2,384.2
133.8,109.8,269.8,286.6
1,1,449.8,329
450.6,5,512.2,95.4
1,21.8,152.2,108.2
150.6,212.2,239.4,264.2
286.6,237.8,396.2,384.2
279.4,247.4,512.2,384.2
1,1,448.2,384.2
58.6,158.6,229,339.4
77,53.8,210.6,165
58.6,63.4,400.2,339.4
345,81,457,247.4
178.6,144.2,270.6,208.2
205,246.6,302.6,321
1,88.2,189,384.2
35.4,240.2,314.6,384.2
1,12.2,193,102.6
8.2,225,54.6,272.2
1,95.4,501.8,384.2
417.8,313,512.2,365
1,112.2,69.8,197
279.4,189.8,512.2,384.2
222.6,189,325.8,273
103.4,77,496.2,384.2
298.6,131.4,355.4,171.4
1,1,243.4,121.8
1,1,405,384.2
45,55.4,122.6,112.2
177,189,308.2,277
449.8,247.4,507.4,298.6
273.8,1,512.2,247.4
381,268.2,512.2,384.2
55.4,23.4,391.4,303.4
1,1,206.6,306.6
123.4,98.6,186.6,164.2
1,23.4,230.6,214.6
29.8,158.6,161,329
1,23.4,338.6,384.2
238.6,31.4,395.4,93
274.6,87.4,457,241
1,109,179.4,285
292.2,197.8,365,270.6
203.4,237.8,302.6,321
106.6,238.6,229,328.2
201.8,144.2,269,187.4
69,149.8,115.4,194.6
237.8,216.2,288.2,265.8
144.2,27.4,399.4,184.2
131.4,255.4,248.2,322.6
133.8,109,232.2,257
407.4,3.4,465,129.8
269.8,222.6,512.2,384.2
161,101,277.8,202.6
316.2,1,512.2,384.2
1,89,140.2,284.2
148.2,12.2,395.4,140.2
133.8,63.4,400.2,286.6
395.4,242.6,501.8,356.2
97.8,110.6,139.4,157
424.2,293,512.2,384.2
1,1,448.2,106.6
102.6,319.4,145.8,373
178.6,144.2,270.6,214.6
1,19.4,41,59.4
148.2,1,405,120.2
1,149.8,107.4,368.2
1,1,193,116.2
1,1,465,294.6
1,9.8,151.4,111.4
253,35.4,395.4,102.6
387.4,187.4,432.2,244.2
263.4,319.4,320.2,384.2
154.6,99.4,252.2,158.6
247.4,216.2,288.2,265.8
74.6,280.2,181.8,356.2
445,193,512.2,333.8
177,36.2,393,134.6
1,319.4,316.2,384.2
1,145.8,317,345
184.2,153.8,230.6,197
1,1,405,193
274.6,142.6,320.2,183.4
55.4,23.4,391.4,296.2
218.6,1,448.2,109
290.6,183.4,358.6,225
1,1,501.8,384.2
367.4,128.2,426.6,223.4
245.8,271.4,286.6,345.8
32.2,151.4,128.2,279.4
224.2,106.6,279.4,184.2
471.4,205.8,512.2,267.4
448.2,259.4,489.8,301.8
395.4,64.2,512.2,130.6
1,268.2,316.2,384.2
1,25.8,230.6,214.6
337,1,512.2,384.2
61,278.6,101.8,330.6
269,25.8,421,82.6
104.2,38.6,149,101
429.8,189.8,512.2,331.4
397,1,512.2,357
1,201.8,189,384.2
1,267.4,209,384.2
1,1,193,105.8
75.4,188.2,308.2,277
1,1,254.6,193
129,24.2,181.8,97
269.8,238.6,409,324.2
1,9.8,151.4,53.8
338.6,129,512.2,384.2
1,88.2,135.4,300.2
105,240.2,193.8,313
1,1,189,104.2
1,1,173,50.6
1,23.4,317,345
356.2,1,512.2,184.2
383.4,84.2,429.8,146.6
133.8,109.8,288.2,286.6
196.2,27.4,405,120.2
448.2,209.8,512.2,308.2
95.4,1,238.6,64.2
133.8,32.2,193,105.8
408.2,36.2,448.2,99.4
1,1,276.2,157
65.8,274.6,170.6,348.2
217.8,149.8,378.6,271.4
118.6,238.6,431.4,384.2
279.4,238.6,512.2,384.2
62.6,174.6,127.4,280.2
1,97,143.4,306.6
289.8,123.4,361,187.4
1,109,101.8,205
268.2,216.2,410.6,362.6
1,1,456.2,187.4
1,1,448.2,246.6
268.2,178.6,410.6,362.6
1,277,208.2,384.2
1,175.4,436.2,384.2
1,1,205.8,49
227.4,201,293,252.2
1,101,135.4,285
183.4,247.4,282.6,294.6
154.6,99.4,278.6,186.6
133.8,238.6,229,328.2
168.2,21,391.4,133.8
471.4,128.2,512.2,256.2
58.6,237,105.8,339.4
290.6,209,381,271.4
236.2,128.2,512.2,305.8
274.6,120.2,450.6,224.2
286.6,237.8,432.2,384.2
1,246.6,133,384.2
1,12.2,193,157
293,209,365,270.6
105,240.2,193.8,285.8
417,242.6,461,313
148.2,51.4,193,102.6
357,247.4,457.8,369.8
35.4,240.2,325,384.2
1,23.4,155.4,110.6
100.2,96.2,219.4,141.8
358.6,1,512.2,240.2
448.2,200.2,512.2,333.8
238.6,27.4,405,93
71.4,293.8,338.6,384.2
277,181,436.2,360.2
217.8,149.8,369,271.4
138.6,109.8,270.6,213.8
58.6,237,101.8,330.6
448.2,256.2,491.4,302.6
98.6,65.8,187.4,141.8
1,238.6,418.6,384.2
350.6,15.4,473,241.8
332.2,73,392.2,130.6
1,1,405,294.6
381,280.2,512.2,384.2
144.2,1,449.8,184.2
381,210.6,462.6,354.6
350.6,128.2,512.2,256.2
274.6,142.6,345,189
333,268.2,512.2,384.2
1,123.4,124.2,287.4
61,278.6,105.8,339.4
161.8,309.8,281,354.6
95.4,1,496.2,384.2
343.4,193,387.4,256.2
65,106.6,234.6,239.4
148.2,1,314.6,98.6
276.2,121,383.4,172.2
289.8,68.2,400.2,181.8
148.2,12.2,302.6,98.6
106.6,230.6,195.4,285
350.6,1,512.2,241.8
253,21,404.2,102.6
348.2,178.6,445.8,256.2
75.4,173.8,308.2,277
448.2,5,512.2,132.2
1,1,448.2,152.2
1,230.6,418.6,384.2
1,325,53.8,377.8
326.6,129,496.2,360.2
233.8,43.4,319.4,101
1,1,456.2,157
1,1,456.2,191.4
350.6,1,512.2,309.8
109,207.4,166.6,261.8
273.8,129.8,352.2,191.4
274.6,87.4,457,224.2
331.4,87.4,457,176.2
130.6,23.4,195.4,105.8
296.2,209.8,365,270.6
272.2,1,464.2,130.6
408.2,9.8,448.2,81
287.4,189.8,365,270.6
170.6,5,405.8,120.2
292.2,312.2,337.8,373
132.2,137,234.6,233.8
103.4,77,358.6,384.2
83.4,263.4,187.4,356.2
1,1,465,140.2
109,165,197,251.4
384.2,1,512.2,156.2
425.8,1,512.2,166.6
48.2,138.6,135.4,300.2
1,21.8,151.4,108.2
298.6,131.4,361,187.4
399.4,28.2,456.2,104.2
111.4,161,171.4,212.2
281.8,54.6,393,133
168.2,11.4,391.4,133.8
182.6,220.2,250.6,291.4
317,89,389.8,133
357,289,397.8,361.8
232.2,216.2,288.2,265.8
238.6,175.4,316.2,269
381.8,293,437,340.2
273.8,1,512.2,129.8
168.2,11.4,391.4,145
220.2,27.4,397.8,109
26.6,280.2,189,384.2
1,21,155.4,116.2
133.8,99.4,288.2,286.6
194.6,233.8,256.2,305
1,55.4,190.6,204.2
358.6,5,512.2,240.2
331.4,97.8,457,163.4
130.6,23.4,195.4,107.4
75.4,161,235.4,266.6
170.6,5,449.8,93.8
1,112.2,135.4,384.2
133.8,259.4,191.4,309
250.6,71.4,307.4,131.4
338.6,268.2,457,370.6
471.4,128.2,512.2,266.6
1,107.4,140.2,239.4
1,156.2,65,306.6
110.6,292.2,171.4,346.6
279.4,289,439.4,384.2
176.2,1,280.2,44.2
357,247.4,512.2,384.2
74.6,268.2,286.6,361.8
362.6,84.2,457.8,163.4
289.8,115.4,391.4,178.6
465,104.2,512.2,184.2
292.2,197.8,364.2,270.6
423.4,292.2,512.2,384.2
274.6,13,413,53
75.4,173.8,317,321
178.6,175.4,436.2,360.2
1,1,173,112.2
268.2,178.6,449,362.6
133.8,109.8,269.8,273
1,62.6,129,116.2
269.8,121.8,369,224.2
383.4,105,457,241.8
140.2,99.4,501.8,361.8
163.4,61.8,228.2,111.4
1,106.6,161,329
20.2,55.4,122.6,130.6
28.2,237,107.4,352.2
105,240.2,286.6,356.2
161,105,213.8,145
163.4,35.4,395.4,134.6
1,149.8,67.4,311.4
292.2,335.4,338.6,384.2
25,98.6,105,193
1,1,181.8,106.6
170.6,216.2,235.4,266.6
1,101.8,51.4,149.8
62.6,185.8,127.4,280.2
381,289,437,354.6
121,109,286.6,355.4
9.8,98.6,141,193
1,23.4,151.4,111.4
421.8,129,512.2,254.6
280.2,174.6,325.8,214.6
1,1,496.2,384.2
1,97,143.4,284.2
153.8,269.8,249,323.4
101,120.2,206.6,199.4
105.8,211.4,195.4,285
1,1,395.4,140.2
274.6,146.6,365,270.6
337,27.4,405,75.4
367.4,128.2,416.2,176.2
105,233.8,427.4,384.2
136.2,9,243.4,114.6
245.8,271.4,285.8,345
24.2,336.2,132.2,384.2
95.4,104.2,221,215.4
161,309.8,272.2,354.6
274.6,87.4,512.2,384.2
344.2,129,512.2,384.2
345,82.6,483.4,242.6
95.4,1,464.2,187.4
273,317,347.4,384.2
205,246.6,314.6,303.4
1,156.2,65,305.8
384.2,15.4,457,101.8
317,210.6,512.2,384.2
326.6,142.6,494.6,360.2
385.8,187.4,432.2,263.4
217.8,125,277.8,167.4
274.6,115.4,391.4,178.6
322.6,89,389.8,133
285,238.6,396.2,325
1,22.6,149,106.6
274.6,87.4,457,236.2
216.2,25,449.8,84.2
1,189.8,418.6,384.2
1,267.4,293,384.2
1,53.8,210.6,193
269.8,222.6,409,384.2
222.6,189,269.8,240.2
55.4,96.2,391.4,296.2
354.6,179.4,420.2,236.2
184.2,70.6,296.2,133.8
1,129.8,125.8,285.8
95.4,1,238.6,59.4
24.2,246.6,94.6,384.2
237.8,270.6,286.6,356.2
274.6,146.6,355.4,237.8
350.6,128.2,453,231.4
237.8,129.8,326.6,275.4
448.2,85.8,512.2,132.2
238.6,43.4,305.8,83.4
297.8,1,512.2,129.8
1,149,54.6,222.6
1,233.8,67.4,372.2
113.8,233.8,427.4,384.2
149.8,212.2,239.4,264.2
381.8,1,456.2,104.2
1,277,48.2,333.8
121,109,269.8,257
1,156.2,57,233.8
161,212.2,239.4,263.4
132.2,104.2,295.4,245
237.8,159.4,321.8,275.4
111.4,22.6,193,102.6
1,95.4,501.8,361.8
441.8,329,512.2,384.2
97,153,190.6,204.2
345,82.6,457,242.6
150.6,279.4,272.2,354.6
197.8,144.2,270.6,184.2
95.4,1,456.2,187.4
18.6,141,69.8,197
173,238.6,418.6,384.2
405.8,314.6,448.2,358.6
236.2,201.8,325,300.2
193.8,189,325.8,273
27.4,337,129,382.6
138.6,293.8,298.6,384.2
421.8,288.2,512.2,365.8
161,98.6,389.8,202.6
331.4,87.4,457,163.4
227.4,178.6,273.8,226.6
161.8,309.8,269,353.8
145,258.6,272.2,354.6
289,312.2,337.8,373
214.6,1,456.2,104.2
81,74.6,139.4,157
449,5,512.2,130.6
1,106.6,234.6,329
58.6,313,187.4,384.2
145.8,51.4,193,105.8
318.6,325.8,386.6,384.2
140.2,99.4,381.8,334.6
81,118.6,152.2,165
237.8,68.2,400.2,275.4
290.6,181,436.2,289
284.2,27.4,386.6,83.4
140.2,269.8,248.2,322.6
99.4,94.6,295.4,245
395.4,129,512.2,356.2
90.6,189.8,327.4,294.6
352.2,275.4,403.4,360.2
77,68.2,151.4,111.4
77,286.6,149,369
290.6,209,365.8,271.4
350.6,128.2,425.8,223.4
377.8,210.6,512.2,384.2
389,319.4,512.2,384.2
273,238.6,409,384.2
24.2,309.8,68.2,384.2
444.2,193,512.2,333.8
177,206.6,308.2,273
156.2,268.2,286.6,361.8
1,23.4,230.6,287.4
263.4,333.8,320.2,384.2
101,120.2,206.6,205
350.6,129.8,400.2,229
138.6,293.8,285.8,384.2
290.6,183.4,378.6,252.2
354.6,274.6,401,360.2
95.4,1,464.2,211.4
111.4,145.8,206.6,192.2
125.8,98.6,186.6,164.2
58.6,237,125.8,289
95.4,1,449.8,93.8
97.8,114.6,140.2,215.4
317,284.2,512.2,384.2
1,12.2,152.2,121.8
338.6,121.8,512.2,384.2
1,1,293,384.2
387.4,159.4,465,256.2
130.6,255.4,289.8,368.2
269.8,238.6,427.4,360.2
418.6,163.4,512.2,329
367.4,128.2,426.6,188.2
236.2,169.8,431.4,305.8
95.4,1,449.8,187.4
1,112.2,135.4,315.4
113.8,293,339.4,384.2
321,335.4,386.6,384.2
237.8,159.4,326.6,275.4
450.6,210.6,512.2,307.4
313.8,236.2,431.4,305.8
178.6,168.2,284.2,242.6
435.4,52.2,512.2,213
1,123.4,133,384.2
1,145.8,177.8,313
329.8,324.2,439.4,384.2
109,241.8,285.8,355.4
1,9.8,151.4,57.8
155.4,321.8,208.2,384.2
1,255.4,293,384.2
1,23.4,187.4,157
55.4,233.8,105.8,299.4
430.6,1,512.2,89.8
117,133,161.8,179.4
1,175.4,43.4,299.4
156.2,314.6,285.8,361.8
130.6,258.6,289.8,368.2
261,70.6,321.8,117.8
435.4,5,512.2,213
1,23.4,148.2,104.2
1,90.6,143.4,306.6
140.2,269.8,314.6,345.8
1,23.4,145,101
222.6,189,265.8,240.2
1,22.6,155.4,110.6
161,98.6,389.8,287.4
290.6,169.8,393,259.4
169,107.4,273,158.6
170.6,13.8,299.4,72.2
26.6,246.6,189,384.2
1,97,143.4,277
136.2,1,243.4,114.6
435.4,1,512.2,63.4
195.4,86.6,393,187.4
215.4,73,389.8,140.2
350.6,161,400.2,206.6
395.4,9.8,448.2,101.8
381.8,268.2,445.8,369.8
157.8,121.8,381.8,300.2
354.6,187.4,438.6,361.8
337,293.8,512.2,384.2
1,21.8,152.2,104.2
331.4,97.8,393.8,176.2
349.8,81.8,457,242.6
421,271.4,465,356.2
27.4,246.6,72.2,310.6
58.6,230.6,229,339.4
75.4,188.2,179.4,268.2
1,149,121.8,286.6
78.6,106.6,139.4,163.4
1,283.4,68.2,380.2
1,1,276.2,64.2
196.2,70.6,321.8,118.6
344.2,97.8,393.8,143.4
289.8,121,361,187.4
1,21.8,149,112.2
108.2,297,160.2,347.4
381,222.6,462.6,354.6
361.8,268.2,445.8,369.8
300.2,149.8,369,224.2
1,259.4,272.2,384.2
57,267.4,170.6,353
24.2,246.6,107.4,384.2
89,280.2,167.4,350.6
285.8,221.8,410.6,362.6
109.8,111.4,222.6,234.6
146.6,146.6,204.2,186.6
103.4,105,358.6,384.2
29.8,175.4,161,329
293,209,364.2,270.6
178.6,175.4,327.4,301.8
1,123.4,115.4,284.2
425.8,1,512.2,184.2
16.2,21.8,113,66.6
1,1,133.8,41
99.4,53.8,210.6,165
224.2,55.4,293.8,118.6
55.4,158.6,108.2,204.2
1,129.8,125.8,287.4
393.8,247.4,457.8,329
1,172.2,54.6,265.8
168.2,11.4,391.4,152.2
391.4,105,457,241.8
245.8,271.4,286.6,356.2
149,10.6,393,142.6
395.4,121.8,512.2,356.2
169,112.2,273,158.6
317.8,311.4,389.8,367.4
133.8,259.4,272.2,354.6
424.2,325,490.6,365.8
133.8,109,269.8,257
418.6,217.8,501.8,356.2
387.4,24.2,437,96.2
298.6,131.4,354.6,179.4
218.6,133.8,361.8,246.6
58.6,230.6,229,328.2
114.6,109.8,221,215.4
261.8,209.8,325.8,255.4
35.4,280.2,198.6,384.2
285.8,216.2,410.6,362.6
345,68.2,429.8,144.2
228.2,3.4,465,129.8
339.4,256.2,512.2,384.2
110.6,111.4,220.2,229.8
417.8,313,512.2,384.2
341,9.8,412.2,67.4
339.4,321.8,512.2,384.2
173,330.6,293.8,384.2
1,174.6,41,264.2
309,222.6,361.8,271.4
268.2,238.6,431.4,323.4
205.8,220.2,262.6,265
205,248.2,314.6,303.4
381.8,304.2,440.2,369.8
95.4,1,456.2,142.6
1,1,182.6,116.2
281.8,35.4,395.4,133
333,324.2,436.2,370.6
9.8,98.6,208.2,193
44.2,152.2,140.2,216.2
448.2,131.4,512.2,302.6
1,177,145.8,384.2
168.2,1,448.2,152.2
130.6,21.8,185,95.4
217.8,125,295.4,245
1,149.8,72.2,317.8
317.8,311.4,359.4,366.6
103.4,6.6,189,49
448.2,209.8,512.2,333.8
1,1,141.8,41
403.4,331.4,448.2,372.2
339.4,342.6,421,384.2
201.8,144.2,248.2,187.4
471.4,131.4,512.2,267.4
350.6,161,425.8,223.4
383.4,64.2,457.8,208.2
99.4,94.6,161.8,179.4
196.2,58.6,384.2,120.2
198.6,228.2,288.2,270.6
178.6,168.2,273.8,234.6
385.8,45,437,121
167.4,12.2,395.4,140.2
338.6,321,382.6,364.2
395.4,84.2,444.2,124.2
349.8,81.8,457,241.8
172.2,127.4,228.2,180.2
232.2,27.4,405,93
356.2,84.2,457.8,176.2
186.6,61.8,341.8,138.6
62.6,185.8,115.4,256.2
48.2,134.6,135.4,315.4
448.2,85.8,512.2,166.6
59.4,193.8,135.4,300.2
1,233.8,187.4,384.2
182.6,20.2,222.6,63.4
268.2,146.6,387.4,270.6
29.8,233.8,105.8,330.6
345,1,512.2,357
357,275.4,399.4,360.2
224.2,55.4,307.4,184.2
247.4,216.2,288.2,266.6
33,98.6,190.6,204.2
368.2,128.2,512.2,273
133.8,259.4,179.4,309
1,173,67.4,311.4
317,314.6,465.8,384.2
408.2,3.4,465,99.4
205,248.2,314.6,297
194.6,228.2,289.8,368.2
317,314.6,448.2,384.2
336.2,142.6,494.6,331.4
112.2,207.4,166.6,261.8
432.2,129,512.2,273
426.6,76.2,496.2,130.6
408.2,1,482.6,109.8
81,74.6,124.2,116.2
219.4,154.6,270.6,213.8
149,1,456.2,142.6
285,196.2,327.4,237.8
68.2,278.6,118.6,339.4
27.4,269.8,67.4,310.6
1,88.2,135.4,309
237.8,129.8,352.2,275.4
201.8,144.2,280.2,231.4
93,318.6,149,369
163.4,193,218.6,240.2
131.4,323.4,187.4,384.2
265,101,337.8,173.8
276.2,121,355.4,171.4
448.2,189.8,512.2,307.4
1,106.6,115.4,325
210.6,1,448.2,101.8
157,127.4,230.6,202.6
185,237.8,252.2,277.8
52.2,25,115.4,86.6
289,317,347.4,384.2
471.4,174.6,512.2,267.4
99.4,94.6,187.4,165
157,137,223.4,212.2
1,277,129,384.2
71.4,271.4,338.6,384.2
95.4,1,176.2,48.2
133.8,265.8,285.8,355.4
418.6,104.2,512.2,357
455.4,131.4,512.2,269.8
253,1,456.2,104.2
274.6,120.2,393.8,197.8
237.8,216.2,288.2,266.6
163.4,1,456.2,134.6
1,309.8,68.2,384.2
70.6,24.2,141,73
89,280.2,187.4,384.2
222.6,189,265.8,239.4
339.4,217,512.2,384.2
157.8,124.2,381.8,300.2
357,329.8,440.2,369.8
18.6,115.4,106.6,195.4
55.4,158.6,109,205
161,119.4,230.6,197
448.2,193,512.2,333.8
145,258.6,193,320.2
113.8,293,298.6,384.2
1,211.4,293,384.2
389,313.8,512.2,384.2
25,126.6,71.4,193
85,53.8,369,294.6
310.6,56.2,394.6,130.6
1,22.6,155.4,116.2
71.4,241.8,338.6,384.2
445,210.6,512.2,336.2
265,98.6,389.8,174.6
1,12.2,146.6,68.2
1,152.2,67.4,325
111.4,161,171.4,205
1,1,152.2,62.6
448.2,256.2,498.6,308.2
1,269,113.8,384.2
354.6,185.8,394.6,229
394.6,121.8,453.8,203.4
350.6,5,512.2,266.6
1,101,179.4,285
29.8,230.6,121.8,309
406.6,142.6,494.6,274.6
27.4,244.2,75.4,310.6
401,313,512.2,384.2
434.6,104.2,512.2,177
75.4,140.2,127.4,204.2
1,62.6,187.4,157
273.8,3.4,465,129.8
105.8,211.4,195.4,279.4
279.4,294.6,374.6,334.6
1,145.8,177.8,322.6
117,129,163.4,179.4
136.2,32.2,193,102.6
1,1,148.2,104.2
65,106.6,184.2,231.4
131.4,196.2,192.2,266.6
75.4,188.2,178.6,261.8
103.4,6.6,205.8,49
195.4,86.6,393,246.6
32.2,151.4,177.8,313
18.6,138.6,68.2,205
1,233.8,293,384.2
471.4,189.8,512.2,267.4
1,156.2,121.8,286.6
357,187.4,432.2,361.8
105.8,165,239.4,320.2
357,249,431.4,361.8
460.2,216.2,512.2,285.8
205,248.2,302.6,297
58.6,341.8,189,384.2
1,98.6,135.4,300.2
170.6,13.8,405.8,120.2
445,276.2,512.2,325.8
278.6,238.6,409,384.2
35.4,286.6,149,374.6
243.4,269.8,286.6,355.4
189.8,73.8,267.4,142.6
148.2,53.8,195.4,105.8
276.2,127.4,355.4,171.4
1,95.4,179.4,317.8
165,261.8,286.6,355.4
184.2,152.2,230.6,197
1,263.4,208.2,384.2
1,276.2,64.2,377.8
90.6,189.8,327.4,266.6
165,192.2,269.8,273
184.2,144.2,270.6,205.8
1,12.2,109.8,57
1,233.8,85.8,378.6
245,289.8,289.8,368.2
178.6,144.2,273.8,214.6
157,137,234.6,212.2
217.8,149.8,381,287.4
274.6,123.4,345,189
274.6,146.6,369,224.2
290.6,183.4,381.8,258.6
53.8,157.8,109.8,203.4
1,156.2,65.8,247.4
27.4,319.4,316.2,384.2
145.8,53.8,210.6,116.2
389,329,512.2,370.6
341,25.8,385,67.4
1,174.6,41,299.4
57.8,241.8,338.6,384.2
105.8,165,213,320.2
126.6,171.4,179.4,233
1,88.2,208.2,193
135.4,279.4,337,384.2
131.4,255.4,193.8,310.6
113.8,238.6,427.4,384.2
1,156.2,65,272.2
85,96.2,312.2,296.2
421,271.4,465,329
383.4,84.2,429.8,145.8
110.6,292.2,162.6,345.8
273.8,143.4,352.2,191.4
112.2,129.8,163.4,179.4
29.8,237,89.8,309.8
95.4,104.2,141,161
232.2,216.2,288.2,266.6
435.4,1,512.2,89.8
395.4,235.4,512.2,356.2
163.4,36.2,315.4,134.6
281.8,27.4,399.4,154.6
1,89,72.2,193
141,25.8,230.6,214.6
1,95.4,179.4,285
274.6,127.4,345,189
121,109,269.8,277.8
286.6,129,496.2,384.2
274.6,146.6,387.4,270.6
27.4,246.6,94.6,322.6
53.8,157.8,127.4,280.2
273.8,11.4,437,94.6
116.2,189.8,192.2,266.6
397,3.4,465,129.8
289.8,52.2,437,187.4
133.8,259.4,248.2,325.8
1,1,182.6,306.6
161,127.4,214.6,173.8
192.2,78.6,296.2,122.6
76.2,202.6,166.6,261.8
161,268.2,286.6,355.4
133.8,109.8,186.6,153.8
25.8,269,113.8,384.2
219.4,124.2,289.8,222.6
1,172.2,41,265.8
38.6,209.8,91.4,303.4
457.8,217,512.2,307.4
350.6,161,450.6,224.2
161,268.2,273.8,344.2
395.4,64.2,512.2,156.2
1,233.8,67.4,312.2
1,101,105,197
344.2,178.6,445.8,256.2
75.4,149,127.4,204.2
65,106.6,177,165.8
265,98.6,389.8,173.8
130.6,258.6,272.2,354.6
269.8,238.6,409,384.2
27.4,337.8,113.8,384.2
377.8,210.6,462.6,354.6
165,192.2,269.8,241.8
1,148.2,107.4,287.4
353,129,501.8,361.8
1,201.8,64.2,377.8
1,201.8,63.4,312.2
89,280.2,198.6,384.2
105.8,221.8,195.4,279.4
89,280.2,160.2,346.6
1,21.8,151.4,104.2
417,102.6,457.8,160.2
461,5,512.2,66.6
268.2,251.4,325,298.6
465,104.2,512.2,182.6
27.4,246.6,107.4,348.2
105,158.6,163.4,251.4
85,193,261.8,296.2
24.2,246.6,133,384.2
84.2,191.4,129.8,232.2
399.4,1,456.2,104.2
62.6,175.4,161,329
58.6,74.6,124.2,116.2
286.6,209,432.2,384.2
471.4,128.2,512.2,262.6
457.8,217,512.2,310.6
106.6,242.6,157.8,285
105,173.8,179.4,251.4
29.8,209.8,105.8,311.4
448.2,256.2,498.6,305.8
344.2,171.4,445.8,256.2
157.8,127.4,229.8,205.8
109,343.4,187.4,384.2
58.6,237,229,328.2
148.2,205.8,192.2,272.2
1,320.2,53,368.2
81,62.6,139.4,157
69,106.6,139.4,170.6
75.4,161,235.4,270.6
305,226.6,350.6,270.6
105,240.2,248.2,322.6
94.6,277,161,329
323.4,238.6,409,364.2
279.4,289,397.8,361.8
1,106.6,106.6,149
1,145.8,317,322.6
5.8,173,52.2,228.2
135.4,238.6,229,328.2
1,109,118.6,285
370.6,293.8,457,370.6
418.6,104.2,512.2,356.2
400.2,249,447.4,303.4
418.6,185,477.8,266.6
143.4,52.2,195.4,105.8
94.6,18.6,182.6,116.2
176.2,1,303.4,68.2
105,158.6,163.4,257.8
383.4,84.2,457.8,160.2
183.4,189,325.8,294.6
103.4,105,316.2,273
220.2,27.4,397.8,83.4
241,135.4,355.4,246.6
105,240.2,314.6,345.8
300.2,149.8,357,224.2
1,225,54.6,272.2
400.2,247.4,457.8,329
387.4,1,512.2,177
388.2,45,437,121
230.6,223.4,297.8,273
345,5,512.2,247.4
348.2,81,457,247.4
450.6,225,512.2,307.4
460.2,1,512.2,63.4
154.6,99.4,278.6,213.8
1,24.2,149,106.6
263.4,333.8,311.4,384.2
184.2,144.2,270.6,208.2
417,242.6,501.8,319.4
24.2,336.2,141,384.2
1,21.8,152.2,121.8
381.8,287.4,421.8,358.6
1,230.6,285.8,384.2
105.8,94.6,187.4,165
401,331.4,448.2,372.2
48.2,138.6,135.4,315.4
85,193,249.8,296.2
177,36.2,393,133
173,238.6,409,384.2
320.2,46.6,395.4,93
1,288.2,181,384.2
1,24.2,111.4,101
289,314.6,439.4,384.2
182.6,43.4,319.4,111.4
383.4,15.4,473,241.8
245.8,162.6,295.4,245
173,330.6,293,384.2
182.6,58.6,347.4,138.6
1,172.2,49.8,265.8
119.4,69.8,187.4,141.8
69,106.6,222.6,234.6
1,149.8,65,237
397,93.8,445,134.6
126.6,188.2,225,265
381.8,304.2,512.2,384.2
307.4,227.4,350.6,270.6
167.4,37.8,263.4,98.6
21.8,131.4,72.2,193
48.2,118.6,179.4,233
1,233.8,85.8,312.2
421.8,129,512.2,280.2
274.6,127.4,320.2,189
216.2,57.8,384.2,120.2
317,286.6,512.2,384.2
357,293,440.2,369.8
216.2,78.6,309,118.6
182.6,214.6,262.6,291.4
313.8,236.2,369,287.4
85,94.6,327.4,294.6
161.8,309,338.6,384.2
73,106.6,163.4,179.4
222.6,182.6,280.2,231.4
1,125,118.6,285
161.8,238.6,229,292.2
45,62.6,125,116.2
277,330.6,325,384.2
53.8,157.8,127.4,232.2
290.6,183.4,385.8,259.4
1,1,243.4,114.6
133.8,109.8,221,216.2
81,106.6,163.4,179.4
32.2,145.8,177.8,313
27.4,267.4,72.2,310.6
1,277,64.2,368.2
1,174.6,63.4,312.2
423.4,297.8,512.2,384.2
85,96.2,391.4,296.2
127.4,222.6,171.4,265
383.4,64.2,457.8,241.8
150.6,153,208.2,208.2
333,326.6,436.2,370.6
162.6,101,277.8,167.4
126.6,188.2,235.4,266.6
274.6,127.4,337.8,173.8
161,268.2,248.2,325.8
29.8,209.8,91.4,311.4
168.2,21,242.6,94.6
264.2,21,385,67.4
1,12.2,111.4,57
1,283.4,96.2,384.2
293,209,354.6,270.6
432.2,85.8,512.2,166.6
290.6,177.8,352.2,224.2
1,123.4,72.2,193
71.4,265.8,338.6,384.2
340.2,292.2,403.4,362.6
323.4,238.6,409,324.2
364.2,185.8,449,272.2
169,12.2,241.8,59.4
290.6,183.4,385.8,258.6
414.6,189,465,329
131.4,186.6,179.4,251.4
253,1,432.2,67.4
184.2,152.2,240.2,205.8
258.6,189.8,325.8,246.6
357,247.4,512.2,369.8
163.4,32.2,243.4,111.4
131.4,290.6,180.2,331.4
397,1,482.6,134.6
1,12.2,118.6,57
161,107.4,225,158.6
176.2,52.2,242.6,94.6
368.2,128.2,415.4,175.4
55.4,158.6,115.4,204.2
1,320.2,53,360.2
277,135.4,337,179.4
401,268.2,445,316.2
24.2,319.4,149,384.2
81,62.6,187.4,157
48.2,149.8,125.8,199.4
1,112.2,98.6,197
131.4,137,234.6,239.4
75.4,173,235.4,266.6
471.4,209.8,512.2,256.2
345,68.2,400.2,144.2
208.2,314.6,272.2,354.6
89,280.2,187.4,356.2
183.4,194.6,235.4,264.2
417,129,501.8,313
448.2,256.2,491.4,301.8
325,268.2,445.8,369.8
407.4,36.2,449.8,101.8
41.8,309.8,82.6,354.6
163.4,193,232.2,265
1,286.6,129,384.2
1,101.8,140.2,239.4
29,98.6,105,147.4
389,321.8,512.2,370.6
381.8,286.6,442.6,349.8
323.4,238.6,410.6,321.8
453.8,5,512.2,62.6
165,201.8,217,241.8
268.2,238.6,410.6,323.4
1,21.8,149,106.6
105,158.6,154.6,227.4
316.2,314.6,374.6,358.6
205,248.2,288.2,321
131.4,289.8,180.2,331.4
162.6,271.4,286.6,345.8
289.8,121,352.2,164.2
205,248.2,289,321
85,185,281.8,296.2
389,163.4,512.2,384.2
381.8,329.8,440.2,369.8
71.4,296.2,338.6,384.2
445,241,512.2,334.6
117,98.6,186.6,164.2
69.8,31.4,111.4,85.8
364.2,225.8,449,269.8
350.6,160.2,400.2,229
1,149.8,68.2,368.2
282.6,121,383.4,172.2
407.4,15.4,457,101.8
408.2,1,482.6,121
357,275.4,399.4,356.2
85,200.2,130.6,242.6
385.8,1,464.2,130.6
471.4,313,512.2,356.2
291.4,149.8,357,224.2
20.2,55.4,190.6,204.2
383.4,102.6,457.8,208.2
195.4,105.8,269.8,161
393,1,448.2,101.8
53.8,157.8,95.4,205.8
55.4,233.8,105.8,286.6
1,156.2,61.8,234.6
153.8,212.2,239.4,263.4
97,288.2,169,350.6
90.6,189.8,232.2,266.6
149,10.6,237.8,64.2
265,98.6,390.6,152.2
230.6,199.4,327.4,255.4
408.2,27.4,448.2,99.4
253,9.8,412.2,67.4
457.8,247.4,512.2,307.4
317,322.6,439.4,384.2
165,201.8,229.8,241.8
58.6,321,187.4,384.2
70.6,205,128.2,276.2
445,247.4,512.2,334.6
85,196.2,192.2,296.2
425.8,64.2,512.2,166.6
345,81.8,400.2,144.2
1,129.8,117.8,284.2
277,135.4,340.2,202.6
236.2,249,298.6,297
150.6,153,191.4,208.2
163.4,193,229.8,240.2
1,277,64.2,335.4
9.8,98.6,105,193
357,274.6,402.6,361.8
441.8,309.8,512.2,384.2
1,233.8,68.2,380.2
1,1,125.8,57
331.4,97.8,393.8,144.2
1,101.8,51.4,146.6
162.6,271.4,314.6,345.8
18.6,143.4,68.2,195.4
323.4,273,384.2,323.4
141,25.8,230.6,213.8
102.6,118.6,161.8,179.4
350.6,141,453,231.4
285.8,238.6,410.6,323.4
293,193,389,241
320.2,27.4,397.8,93
350.6,128.2,409.8,229
1,156.2,65,247.4
1,319.4,57.8,378.6
367.4,128.2,426.6,182.6
269.8,238.6,409,360.2
385.8,222.6,447.4,303.4
45,55.4,100.2,99.4
238.6,55.4,315.4,112.2
395.4,235.4,501.8,356.2
317,313,389.8,367.4
196.2,73.8,270.6,118.6
21.8,12.2,152.2,62.6
78.6,139.4,121,181
162.6,309.8,269,353.8
293.8,211.4,364.2,270.6
445,217,512.2,334.6
357,187.4,438.6,361.8
180.2,56.2,394.6,187.4
322.6,324.2,439.4,384.2
418.6,217.8,468.2,276.2
317,256.2,512.2,384.2
80.2,173.8,143.4,222.6
161,268.2,248.2,342.6
217.8,156.2,295.4,245
310.6,61,394.6,130.6
105,289,187.4,384.2
306.6,128.2,393.8,197.8
104.2,313,160.2,369.8
401.8,105,457,163.4
445,276.2,512.2,334.6
1,22.6,181.8,106.6
237.8,169.8,289.8,222.6
133.8,109.8,187.4,152.2
89,280.2,170.6,346.6
65.8,277,170.6,348.2
1,40.2,151.4,103.4
3.4,30.6,71.4,78.6
163.4,193,205.8,251.4
381.8,280.2,512.2,384.2
178.6,175.4,316.2,301.8
45.8,25,119.4,101
1,30.6,73.8,101
126.6,189.8,218.6,265
133.8,109,187.4,153.8
1,1,176.2,48.2
141.8,189.8,218.6,245.8
1,177,49.8,298.6
133.8,265.8,249,320.2
104.2,22.6,149,106.6
317,268.2,512.2,384.2
165,201.8,243.4,241.8
116.2,225,192.2,266.6
265.8,70.6,391.4,133
157.8,141,270.6,213.8
238.6,24.2,405.8,93
1,309.8,83.4,384.2
321,98.6,389.8,153.8
397,1,512.2,134.6
384.2,308.2,437,354.6
90.6,94.6,327.4,294.6
357,289,403.4,360.2
245.8,289.8,289.8,368.2
133.8,109,221,241
29.8,309.8,145.8,384.2
144.2,55.4,307.4,184.2
320.2,24.2,405.8,93
189.8,78.6,267.4,142.6
113.8,293,285.8,384.2
418.6,217.8,468.2,262.6
53.8,157.8,179.4,251.4
430.6,1,512.2,43.4
167.4,12.2,263.4,98.6
261.8,13,413,53
105.8,120.2,153,165.8
269,25,449.8,84.2
157.8,126.6,262.6,205.8
157.8,127.4,215.4,180.2
137,186.6,179.4,251.4
274.6,146.6,355.4,224.2
21.8,142.6,72.2,193
220.2,24.2,405.8,93
297.8,221.8,364.2,270.6
155.4,321.8,293,384.2
348.2,178.6,437,247.4
322.6,211.4,365.8,252.2
58.6,319.4,208.2,384.2
93,274.6,161,329
85,193,281.8,296.2
291.4,149.8,369,224.2
105.8,242.6,213,319.4
316.2,73.8,380.2,117
194.6,233.8,289.8,368.2
103.4,105,358.6,273
1,89,51.4,149.8
236.2,219.4,431.4,305.8
345,52.2,437,144.2
195.4,98.6,390.6,187.4
104.2,313,144.2,369.8
346.6,193,389,241
1,269,209,384.2
417,105,457,163.4
286.6,237.8,396.2,321.8
243.4,98.6,389.8,174.6
150.6,153,221,216.2
57.8,308.2,107.4,348.2
358.6,81,457,240.2
131.4,137,234.6,233.8
349.8,121.8,453.8,237
146.6,146.6,206.6,186.6
45.8,23.4,145,101
428.2,104.2,512.2,251.4
202.6,244.2,256.2,293.8
62.6,186.6,127.4,277
285,238.6,409,325
85,231.4,153,296.2
186.6,17.8,229,63.4
85,160.2,127.4,204.2
343.4,193,386.6,252.2
317,313,389.8,361.8
238.6,55.4,282.6,112.2
24.2,289,187.4,384.2
232.2,31.4,395.4,93
273,332.2,316.2,384.2
253,205.8,312.2,253
1,174.6,85.8,377.8
271.4,249.8,325,298.6
289.8,121,367.4,178.6
421.8,313,512.2,365
41.8,309.8,83.4,354.6
97,288.2,181.8,356.2
196.2,58.6,395.4,120.2
1,89,140.2,239.4
274.6,142.6,320.2,189
370.6,286.6,457,370.6
273.8,9,443.4,94.6
177,215.4,232.2,264.2
157.8,137,213,180.2
113.8,293,170.6,345.8
435.4,1,482.6,48.2
55.4,158.6,130.6,231.4
350.6,161,416.2,206.6
1,1,143.4,57
236.2,249,298.6,301.8
177,189,308.2,273
29.8,277,145.8,384.2
264.2,21,401,67.4
75.4,173,140.2,224.2
218.6,135.4,361.8,246.6
455.4,5,512.2,97.8
343.4,68.2,400.2,167.4
345,81.8,400.2,133.8
349.8,128.2,420.2,237
353,186.6,438.6,361.8
1,23.4,139.4,101
257.8,58.6,315.4,110.6
421.8,129,501.8,254.6
1,1,213.8,106.6
395.4,286.6,451.4,329.8
110.6,292.2,187.4,348.2
185,220.2,252.2,273
133.8,265.8,249,325.8
57.8,1,173,50.6
348.2,178.6,430.6,247.4
157.8,124.2,289.8,222.6
153.8,269.8,249,320.2
448.2,189.8,512.2,302.6
123.4,343.4,198.6,384.2
141,146.6,206.6,186.6
323.4,221.8,410.6,321.8
103.4,105,273,162.6
1,175.4,43.4,246.6
70.6,205,127.4,277
1,174.6,85.8,312.2
326.6,274.6,401,360.2
306.6,221.8,370.6,288.2
68.2,277,125,330.6
414.6,129,482.6,329
140.2,106.6,225,158.6
28.2,237,72.2,317.8
387.4,130.6,512.2,256.2
186.6,13.8,261,68.2
48.2,149.8,98.6,195.4
117,22.6,169.8,86.6
29.8,237,103.4,330.6
428.2,1,512.2,177
319.4,294.6,359.4,359.4
274.6,123.4,345,211.4
129.8,265.8,285.8,355.4
214.6,1,314.6,41.8
222.6,162.6,295.4,245
177,36.2,264.2,89
395.4,76.2,512.2,130.6
274.6,1,448.2,101.8
161,277,248.2,325.8
289.8,121,361,181.8
316.2,73,384.2,120.2
140.2,99.4,225,158.6
435.4,5,512.2,133
1,103.4,140.2,239.4
350.6,160.2,400.2,206.6
161,105,273,158.6
449,5,512.2,266.6
182.6,237.8,325,349
305.8,183.4,378.6,225.8
1,174.6,41,263.4
29.8,233,85.8,309
71.4,296.2,208.2,384.2
224.2,74.6,307.4,117.8
1,319.4,61,377.8
1,98.6,105,197
407.4,36.2,449.8,84.2
105,187.4,147.4,227.4
295.4,149.8,352.2,191.4
71.4,288.2,118.6,333
1,23.4,139.4,86.6
178.6,168.2,273.8,229
349.8,81.8,457,237
101,23.4,145,72.2
1,323.4,48.2,368.2
81,74.6,129,116.2
157.8,121.8,381.8,334.6
265,249,325,300.2
364.2,225.8,449,272.2
381.8,286.6,465.8,384.2
256.2,21,401,67.4
132.2,186.6,205.8,233.8
469,210.6,512.2,280.2
45,68.2,124.2,116.2
343.4,193,387.4,252.2
1,12.2,146.6,57
350.6,161,418.6,206.6
389,315.4,512.2,384.2
348.2,178.6,393.8,247.4
9.8,98.6,105,147.4
126.6,189.8,178.6,233
445.8,1,512.2,130.6
408.2,3.4,465,106.6
168.2,10.6,238.6,59.4
110.6,292.2,169,345.8
381,273.8,462.6,354.6
236.2,269.8,286.6,355.4
13.8,98.6,105,147.4
144.2,101,269.8,175.4
71.4,286.6,116.2,337
448.2,259.4,498.6,305.8
74.6,201.8,117,241.8
45,74.6,124.2,116.2
421.8,321.8,512.2,365.8
399.4,28.2,456.2,98.6
401.8,111.4,453,208.2
253,13.8,354.6,62.6
136.2,9,201,95.4
409,141,453,231.4
9.8,98.6,141,169
149,1,276.2,64.2
126.6,209.8,171.4,265
226.6,185,280.2,239.4
409,146.6,453,231.4
149,153,208.2,208.2
48.2,149.8,129.8,232.2
1,101,135.4,280.2
1,40.2,151.4,104.2
247.4,175.4,294.6,247.4
90.6,189.8,327.4,273
45,230.6,125.8,305.8
163.4,36.2,264.2,121
253,21,401,102.6
45,230.6,107.4,305.8
117,18.6,182.6,97.8
1,320.2,57.8,384.2
18.6,122.6,106.6,195.4
349.8,82.6,457,237
95.4,106.6,139.4,157.8
388.2,187.4,430.6,243.4
230.6,209.8,325.8,273
318.6,223.4,365.8,271.4
236.2,249,289,297
123.4,343.4,171.4,384.2
73,118.6,179.4,233
104.2,318.6,144.2,369.8
435.4,52.2,512.2,133
281.8,149.8,369,224.2
44.2,152.2,128.2,204.2
465,143.4,512.2,250.6
238.6,55.4,315.4,134.6
289,314.6,354.6,384.2
198.6,233.8,256.2,293.8
418.6,185,477.8,273
123.4,343.4,187.4,384.2
58.6,319.4,189,384.2
37,152.2,96.2,236.2
170.6,13.8,384.2,120.2
348.2,178.6,449,247.4
418.6,163.4,494.6,329
338.6,304.2,382.6,364.2
35.4,318.6,149,374.6
102.6,188.2,235.4,266.6
163.4,65.8,264.2,121
126.6,173.8,179.4,251.4
53.8,157.8,108.2,205.8
265,201.8,325,300.2
126.6,196.2,192.2,266.6
161,127.4,230.6,202.6
90.6,189.8,192.2,266.6
235.4,73,389.8,140.2
230.6,206.6,308.2,255.4
70.6,288.2,170.6,353
114.6,152.2,221,213.8
162.6,141,262.6,212.2
290.6,183.4,393,259.4
323.4,270.6,388.2,321.8
153.8,276.2,245.8,323.4
325,292.2,403.4,365
1,277,68.2,368.2
337.8,329.8,436.2,370.6
337,293.8,457,384.2
105,186.6,154.6,227.4
321,123.4,361,179.4
167.4,37,302.6,98.6
100.2,96.2,312.2,253
57,289.8,99.4,336.2
110.6,111.4,222.6,234.6
195.4,88.2,390.6,187.4
95.4,1,181.8,49.8
9,101.8,51.4,149.8
269.8,249.8,325,298.6
392.2,293,437,340.2
241,135.4,361.8,246.6
445,129,496.2,246.6
387.4,187.4,445.8,246.6
129.8,253,285.8,355.4
278.6,299.4,345.8,384.2
186.6,17.8,258.6,63.4
74.6,288.2,118.6,330.6
100.2,96.2,287.4,222.6
214.6,1,293.8,53
1,25.8,111.4,101
407.4,36.2,449.8,90.6
237.8,169.8,302.6,275.4
1,101,135.4,204.2
358.6,81,457,200.2
180.2,56.2,394.6,150.6
132.2,121,316.2,273
182.6,52.2,242.6,94.6
52.2,34.6,115.4,86.6
224.2,77.8,279.4,118.6
119.4,65.8,187.4,141.8
133.8,109.8,187.4,153.8
383.4,111.4,453,208.2
138.6,324.2,209,384.2
381.8,286.6,512.2,384.2
244.2,280.2,289.8,368.2
148.2,12.2,241.8,61
111.4,145.8,206.6,199.4
65,109.8,153,165.8
381,289,433,333.8
392.2,188.2,435.4,242.6
220.2,36.2,338.6,83.4
423.4,315.4,464.2,356.2
366.6,189,436.2,241.8
395.4,9.8,448.2,94.6
243.4,73,389.8,140.2
193.8,70.6,389.8,140.2
27.4,337,129,384.2
182.6,237.8,325,384.2
157.8,124.2,355.4,300.2
1,273,48.2,334.6
185,220.2,255.4,273
85,187.4,130.6,231.4
149,153,221,241
416.2,105,457,241.8
42.6,142.6,115.4,200.2
1,40.2,139.4,103.4
278.6,299.4,339.4,384.2
357,275.4,403.4,360.2
326.6,237.8,396.2,321.8
93,267.4,161,329
97,319.4,208.2,384.2
414.6,129,501.8,329
463.4,217,507.4,285
424.2,313,512.2,365.8
32.2,152.2,96.2,236.2
129.8,280.2,281,354.6
42.6,25,82.6,86.6
273.8,11.4,437,102.6
274.6,146.6,352.2,191.4
1,97,97,137
459.4,5,512.2,97
397,85.8,445,134.6
195.4,101,267.4,142.6
238.6,175.4,296.2,242.6
361.8,268.2,431.4,367.4
105,289,160.2,347.4
392.2,293,437,336.2
455.4,131.4,512.2,261.8
105,289,180.2,384.2
280.2,149.8,369,271.4
28.2,237,89.8,317.8
1,62.6,125,116.2
344.2,97.8,393.8,144.2
137.8,260.2,213,319.4
306.6,128.2,361,179.4
1,148.2,62.6,233.8
293,209,381.8,258.6
136.2,9,181.8,49.8
1,97,106.6,195.4
424.2,293,512.2,356.2
274.6,25.8,398.6,76.2
277,254.6,326.6,301.8
414.6,189,465,291.4
247.4,153.8,294.6,247.4
105.8,242.6,213,320.2
451.4,130.6,512.2,250.6
65,107.4,153,165.8
385.8,189,433,259.4
225.8,43.4,305.8,83.4
401,147.4,452.2,188.2
186.6,168.2,273.8,229
280.2,174.6,365.8,271.4
236.2,201.8,355.4,300.2
350.6,152.2,426.6,206.6
27.4,269,67.4,325
268.2,231.4,350.6,315.4
384.2,1,512.2,101.8
157.8,141,262.6,212.2
134.6,105,273,158.6
293,195.4,358.6,236.2
285,299.4,339.4,384.2
117,109.8,187.4,165
62.6,175.4,127.4,277
195.4,105.8,251.4,161
143.4,33,195.4,105.8
118.6,293.8,337.8,384.2
236.2,248.2,325,300.2
182.6,220.2,250.6,266.6
320.2,27.4,397.8,77
113,341.8,160.2,384.2
306.6,221.8,431.4,289
423.4,297.8,464.2,356.2
151.4,97.8,230.6,197
178.6,194.6,293,291.4
241,135.4,313,213.8
9.8,98.6,141,161
193,269.8,273.8,344.2
178.6,194.6,293,252.2
30.6,337.8,141,384.2
155.4,321.8,311.4,384.2
157.8,127.4,228.2,180.2
215.4,121.8,278.6,180.2
388.2,187.4,437,243.4
65.8,274.6,170.6,353
418.6,185,477.8,254.6
428.2,155.4,485,251.4
265.8,70.6,390.6,133
421,271.4,501.8,356.2
113,341.8,208.2,384.2
293,317,337,384.2
102.6,118.6,163.4,179.4
73,123.4,113.8,174.6
316.2,73,384.2,117
42.6,25,82.6,69
129.8,280.2,193.8,322.6
73,118.6,163.4,179.4
1,112.2,69.8,205
370.6,268.2,457,370.6
293,183.4,385.8,258.6
306.6,221.8,364.2,270.6
247.4,145.8,313.8,255.4
201.8,144.2,270.6,186.6
75.4,188.2,166.6,261.8
17,30.6,93.8,73
197.8,57.8,384.2,120.2
229.8,197.8,269.8,239.4
29.8,241.8,75.4,311.4
462.6,5,512.2,89.8
168.2,13.8,391.4,133.8
90.6,189.8,235.4,266.6
236.2,219.4,325,300.2
197.8,192.2,269.8,234.6
198.6,240.2,256.2,293.8
114.6,152.2,221,215.4
45,237,85.8,305.8
63.4,23.4,148.2,104.2
1,106.6,115.4,205
274.6,127.4,393.8,197.8
331.4,97.8,393.8,167.4
157,123.4,287.4,222.6
238.6,58.6,315.4,112.2
352.2,275.4,399.4,360.2
89,280.2,189,384.2
258.6,135.4,340.2,246.6
417.8,313,512.2,366.6
105,196.2,147.4,242.6
247.4,175.4,296.2,242.6
133.8,109,221,241.8
1,289,187.4,384.2
45.8,57,119.4,101
276.2,249,325,300.2
290.6,177.8,355.4,224.2
149,25.8,230.6,213.8
162.6,104.2,277.8,167.4
132.2,186.6,265,253
226.6,1,280.2,44.2
448.2,256.2,489.8,301.8
1,175.4,43.4,264.2
289.8,183.4,358.6,225
74.6,277,125,330.6
161,127.4,230.6,197
23.4,109,105,193
27.4,319.4,208.2,384.2
25,98.6,99.4,193
143.4,54.6,195.4,105.8
110.6,146.6,220.2,229.8
1,106.6,115.4,284.2
276.2,248.2,325,300.2
180.2,32.2,243.4,89
184.2,70.6,225.8,111.4
232.2,246.6,300.2,301.8
1,177,85.8,378.6
277,249.8,328.2,358.6
167.4,12.2,389.8,140.2
162.6,104.2,219.4,158.6
281.8,73,353,154.6
424.2,313,512.2,366.6
57,237,103.4,330.6
111.4,22.6,152.2,101
1,101,135.4,197
215.4,126.6,277.8,176.2
369,105,457,163.4
305,54.6,345,101.8
1,149.8,62.6,236.2
138.6,109.8,187.4,153.8
117,18.6,169.8,86.6
119.4,69.8,181,133.8
331.4,1,449.8,44.2
65,109.8,153,162.6
118.6,293.8,311.4,384.2
33,106.6,139.4,181
265.8,70.6,390.6,130.6
62.6,186.6,117,241.8
387.4,24.2,437,94.6
177,215.4,232.2,273
265,73,389.8,140.2
225.8,1,276.2,44.2
27.4,286.6,129,384.2
1,326.6,47.4,368.2
29,267.4,72.2,309.8
221,206.6,308.2,255.4
241,135.4,340.2,246.6
1,30.6,93.8,73
131.4,290.6,173,331.4
305.8,183.4,385.8,234.6
182.6,17.8,229,63.4
325,292.2,403.4,362.6
74.6,280.2,141,330.6
392.2,121.8,453.8,242.6
25.8,309.8,82.6,380.2
149,153,208.2,241
154.6,99.4,252.2,180.2
350.6,161,429.8,223.4
193.8,70.6,321.8,131.4
140.2,105,225,158.6
13.8,101,105,193
58.6,313,209,384.2
461,5,512.2,89.8
387.4,24.2,437,101.8
9,24.2,114.6,101
462.6,10.6,512.2,89.8
201.8,121.8,278.6,186.6
318.6,223.4,365.8,265
1,29,73.8,101
395.4,286.6,464.2,356.2
27.4,269,67.4,311.4
215.4,5,280.2,51.4
221,1,276.2,44.2
428.2,185,477.8,251.4
23.4,109,101.8,193
226.6,185,273,239.4
102.6,319.4,149,373
285.8,221.8,410.6,321.8
196.2,70.6,384.2,120.2
54.6,230.6,121.8,286.6
55.4,230.6,107.4,287.4
189,10.6,241.8,56.2
132.2,104.2,219.4,158.6
316.2,73.8,384.2,117
225.8,43.4,319.4,83.4
135.4,317,337,384.2
390.6,286.6,442.6,349.8
319.4,294.6,381.8,362.6
97,98.6,190.6,204.2
289.8,123.4,361,181.8
1,123.4,56.2,186.6
1,309.8,160.2,384.2
268.2,231.4,350.6,298.6
284.2,27.4,399.4,130.6
320.2,27.4,395.4,77
144.2,101,262.6,163.4
75.4,188.2,178.6,268.2
414.6,159.4,465,256.2
368.2,128.2,465,188.2
168.2,10.6,237.8,59.4
157.8,137,223.4,212.2
316.2,73,389.8,133
268.2,245,350.6,288.2
290.6,181,436.2,241.8
305,54.6,393,118.6
381.8,256.2,451.4,369.8
281.8,77,390.6,133
1,21.8,113,78.6
1,61,71.4,101
1,30.6,93.8,101
455.4,157,512.2,261.8
330.6,39.4,399.4,130.6
202.6,240.2,256.2,293.8
65.8,277,137.8,348.2
172.2,127.4,215.4,180.2
1,276.2,64.2,372.2
290.6,183.4,378.6,225.8
323.4,238.6,409,319.4
261.8,199.4,327.4,255.4
1,327.4,50.6,368.2
219.4,132.2,277.8,176.2
297,317,337,359.4
44.2,152.2,121,195.4
100.2,96.2,141.8,137
154.6,99.4,213.8,145
240.2,263.4,325,332.2
165,189,205.8,233.8
89,280.2,181.8,356.2
159.4,310.6,272.2,354.6
343.4,193,386.6,241.8
182.6,56.2,394.6,150.6
293,312.2,337,384.2
109,171.4,192.2,251.4
69.8,204.2,135.4,285
177,215.4,217.8,264.2
37,23.4,139.4,86.6
282.6,121,352.2,164.2
113,341.8,189,384.2
81,106.6,152.2,165
165,194.6,249.8,277
426.6,76.2,512.2,130.6
70.6,205,128.2,279.4
433,142.6,493,261.8
316.2,73.8,362.6,117
213.8,168.2,273.8,226.6
193,332.2,316.2,384.2
408.2,3.4,465,109.8
149,19.4,216.2,64.2
73.8,40.2,139.4,84.2
458.6,313,512.2,356.2
161.8,309,324.2,358.6
165,189,210.6,233.8
32.2,152.2,128.2,279.4
148.2,53.8,195.4,105
414.6,189,465,256.2
313.8,236.2,396.2,305.8
149,10.6,393,134.6
368.2,128.2,452.2,188.2
9,24.2,82.6,101
345,68.2,400.2,133.8
449,49.8,512.2,128.2
48.2,138.6,95.4,195.4
1,276.2,64.2,329.8
465,5.8,512.2,63.4
151.4,97.8,219.4,141.8
168.2,21,296.2,133.8
268.2,238.6,431.4,360.2
345,46.6,395.4,109
134.6,106.6,177,153.8
238.6,31.4,344.2,84.2
25.8,269,82.6,380.2
300.2,149.8,351.4,190.6
265.8,57.8,384.2,117
1,177,49.8,306.6
232.2,175.4,316.2,301.8
133,24.2,185,95.4
85,194.6,249.8,296.2
1,107.4,116.2,239.4
117,119.4,163.4,179.4
162.6,144.2,213,193
1,277,41.8,325.8
149,10.6,241.8,64.2
225,197.8,269.8,240.2
269.8,25.8,398.6,76.2
186.6,14.6,258.6,63.4
134.6,343.4,187.4,384.2
29,107.4,105.8,148.2
165,189,245.8,253
1,152.2,53,220.2
153.8,276.2,245,320.2
186.6,61.8,347.4,138.6
237,78.6,296.2,118.6
8.2,229,54.6,272.2
72.2,126.6,113,169.8
157.8,141,262.6,213.8
234.6,123.4,276.2,167.4
247.4,145.8,316.2,273
65,53.8,151.4,104.2
332.2,291.4,389,360.2
57,288.2,170.6,353
57,288.2,181,356.2
65.8,267.4,170.6,353
149,25.8,202.6,102.6
261.8,13,448.2,99.4
321,98.6,390.6,145
362.6,82.6,457,187.4
81,297,160.2,347.4
471.4,310.6,512.2,356.2
277,314.6,317,358.6
245.8,271.4,285.8,355.4
314.6,236.2,369,287.4
434.6,104.2,512.2,217.8
389,321.8,512.2,384.2
397,81.8,445.8,134.6
406.6,142.6,493,261.8
330.6,39.4,399.4,85.8
281.8,73,353,120.2
111.4,145.8,206.6,193.8
193,101,252.2,158.6
1,325,53.8,378.6
367.4,128.2,416.2,171.4
424.2,325,480.2,365.8
232.2,246.6,298.6,301.8
37,34.6,115.4,86.6
44.2,152.2,96.2,195.4
24.2,336.2,124.2,384.2
253,21,456.2,104.2
218.6,1,448.2,99.4
18.6,138.6,115.4,205
70.6,288.2,137.8,348.2
100.2,1,153,50.6
149.8,211.4,192.2,266.6
336.2,189,433,259.4
406.6,142.6,494.6,331.4
111.4,145.8,204.2,192.2
71.4,297,208.2,384.2
392.2,188.2,449,242.6
97,288.2,167.4,350.6
1,97,135.4,195.4
277,249.8,396.2,360.2
389,247.4,431.4,289
221.8,58.6,393,133
186.6,13.8,261,63.4
29.8,244.2,85.8,309
277,249.8,326.6,301.8
151.4,97.8,230.6,213.8
65,21.8,151.4,104.2
171.4,189,220.2,229.8
85,157,184.2,231.4
197.8,144.2,257,187.4
45,51.4,93,91.4
224.2,73,341.8,120.2
215.4,121.8,277.8,176.2
1,25,82.6,101
323.4,237.8,396.2,321.8
65,53.8,119.4,103.4
219.4,124.2,277.8,176.2
133.8,265.8,249,323.4
226.6,185,269.8,239.4
195.4,98.6,390.6,161
350.6,128.2,420.2,237
320.2,27.4,395.4,93
109,196.2,164.2,251.4
297.8,221.8,357,270.6
416.2,105,457,181.8
162.6,310.6,272.2,354.6
297,210.6,354.6,270.6
208.2,65.8,264.2,121
30.6,313,160.2,384.2
186.6,61.8,228.2,111.4
97,319.4,149,369
221,206.6,308.2,272.2
85,225,153,296.2
281.8,77,393,133
182.6,56.2,394.6,138.6
350.6,82.6,457,242.6
220.2,43.4,319.4,83.4
368.2,128.2,415.4,172.2
103.4,22.6,149,106.6
85,277,125,320.2
276.2,121,352.2,164.2
170.6,13.8,319.4,111.4
365,238.6,410.6,290.6
233,106.6,277.8,158.6
1,175.4,67.4,325
205,263.4,325,349
144.2,105,217,145
189.8,78.6,264.2,118.6
229,197.8,269.8,239.4
97.8,289,187.4,384.2
105.8,221.8,157.8,279.4
392.2,171.4,449.8,242.6
182.6,49.8,242.6,111.4
284.2,35.4,395.4,102.6
406.6,142.6,493,274.6
323.4,238.6,396.2,305.8
112.2,214.6,166.6,261.8
155.4,32.2,243.4,114.6
38.6,209.8,85.8,303.4
21.8,107.4,105.8,193
168.2,19.4,216.2,59.4
1,273,48.2,329.8
104.2,313,160.2,383.4
85,187.4,128.2,230.6
326.6,247.4,431.4,360.2
16.2,25,82.6,66.6
89,231.4,153,279.4
237.8,169.8,289.8,219.4
224.2,55.4,307.4,131.4
70.6,21.8,141,73
241,135.4,285.8,213.8
1,269,67.4,325
319.4,271.4,396.2,360.2
321,98.6,390.6,152.2
149,25.8,202.6,99.4
220.2,36.2,319.4,83.4
233,106.6,279.4,180.2
28.2,257.8,72.2,317.8
245.8,121,316.2,273
320.2,27.4,397,77
269,25.8,449.8,84.2
240.2,263.4,325,318.6
168.2,21,309,133.8
221.8,58.6,315.4,112.2
8.2,225,65,305.8
387.4,316.2,445.8,369.8
132.2,186.6,178.6,236.2
149,25.8,202.6,69.8
428.2,169,485,251.4
157,123.4,276.2,167.4
388.2,45,437,87.4
258.6,74.6,307.4,117.8
18.6,117.8,106.6,195.4
103.4,107.4,153,162.6
424.2,310.6,512.2,356.2
1,123.4,93,236.2
9,24.2,111.4,101
61,186.6,127.4,277
279.4,251.4,325,298.6
332.2,61,394.6,109.8
432.2,129,481,273
233.8,43.4,305.8,101
1,273,41.8,320.2
1,156.2,48.2,215.4
1,225,67.4,325
87.4,288.2,170.6,342.6
75.4,139.4,121,181
29.8,237,85.8,309
110.6,146.6,204.2,191.4
268.2,245,350.6,298.6
144.2,101,241,145
295.4,28.2,344.2,78.6
1,233.8,85.8,329.8
295.4,38.6,338.6,78.6
186.6,61.8,341.8,120.2
170.6,43.4,243.4,86.6
71.4,288.2,118.6,339.4
104.2,38.6,149,106.6
55.4,235.4,107.4,287.4
1,37,66.6,78.6
89,231.4,153,285
165,189,217,244.2
61,173.8,143.4,277
247.4,145.8,294.6,247.4
354.6,275.4,399.4,360.2
157,123.4,280.2,182.6
238.6,26.6,344.2,78.6
134.6,343.4,180.2,384.2
281.8,73,341.8,120.2
268.2,1,449.8,44.2
290.6,181,389,241
389,329,512.2,384.2
1,319.4,57.8,372.2
284.2,35.4,344.2,76.2
136.2,9,201,64.2
134.6,343.4,177,384.2
284.2,35.4,344.2,83.4
110.6,133,220.2,229.8
297,210.6,347.4,270.6
71.4,297,160.2,347.4
395.4,1,448.2,101.8
1,107.4,105.8,236.2
283.4,25.8,398.6,76.2
361.8,287.4,421.8,367.4
177,215.4,227.4,264.2
392.2,188.2,445,242.6
339.4,342.6,408.2,384.2
381.8,268.2,431.4,358.6
182.6,13.8,261,63.4
220.2,37.8,319.4,83.4
247.4,175.4,287.4,216.2
332.2,73,392.2,115.4
449,49.8,512.2,130.6
87.4,288.2,137.8,341.8
344.2,61,394.6,109.8
165,189,265,253
319.4,271.4,396.2,329.8
350.6,128.2,420.2,229
117,293.8,170.6,342.6
132.2,186.6,178.6,251.4
103.4,109.8,153,162.6
1,269.8,41.8,321.8
418.6,185,477.8,329
333.8,13,413,53
250.6,90.6,293.8,131.4
282.6,73.8,390.6,130.6
357,230.6,431.4,289
109,343.4,160.2,383.4
428.2,176.2,485,251.4
301.8,73,353,117
309,221.8,364.2,270.6
170.6,13.8,261,63.4
1,24.2,114.6,101
70.6,277,137.8,348.2
265.8,57.8,329,111.4
201,310.6,272.2,354.6
240.2,263.4,325,349
329,221.8,386.6,271.4
289.8,121,355.4,171.4
138.6,109.8,185.8,153.8
243.4,78.6,296.2,118.6
137,1,213.8,48.2
189,82.6,267.4,138.6
269,25.8,398.6,76.2
33,106.6,139.4,157.8
323.4,273,384.2,321.8
393.8,189,436.2,241.8
289.8,237.8,396.2,321.8
216.2,57.8,384.2,118.6
136.2,9,198.6,53
279.4,245,350.6,288.2
245.8,145.8,316.2,273
107.4,120.2,153,165.8
457.8,225,512.2,307.4
231.4,23.4,303.4,68.2
184.2,70.6,296.2,122.6
29.8,319.4,145.8,377.8
182.6,49.8,242.6,89.8
29.8,319.4,145.8,384.2
282.6,73.8,365,124.2
237,78.6,296.2,122.6
228.2,1,280.2,41
109,321,187.4,384.2
277,301,328.2,358.6
161,105,217,145
118.6,293.8,169.8,345.8
1,229,54.6,272.2
162.6,144.2,221,197
29.8,244.2,75.4,309
69,149.8,109,189.8
1,325,53.8,372.2
352.2,178.6,393.8,229
323.4,238.6,410.6,323.4
326.6,271.4,396.2,321.8
29.8,336.2,124.2,377.8
345.8,46.6,395.4,93
104.2,22.6,149,101
162.6,141,227.4,212.2
323.4,273,384.2,314.6
284.2,25.8,398.6,76.2
162.6,144.2,223.4,212.2
37,166.6,93,236.2
395.4,28.2,437,94.6
350.6,128.2,409.8,202.6
18.6,142.6,78.6,195.4
247.4,175.4,294.6,244.2
460.2,104.2,512.2,177
170.6,5,326.6,93.8
170.6,43.4,326.6,93.8
407.4,36.2,449.8,77
327.4,271.4,396.2,321.8
170.6,43.4,244.2,86.6
284.2,25.8,386.6,76.2
42.6,25,82.6,66.6
