1,1,332.73,334.87
1,1,316.73,196.2
1,1,383.93,511.93
290.07,1,383.93,511.93
297.53,1,383.93,511.93
111.93,1,316.73,284.73
1,1,342.33,511.93
106.6,227.13,210.07,300.73
103.4,1,383.93,511.93
1,1,308.2,196.2
105.53,9.5333,312.47,511.93
1,1,316.73,511.93
165.27,122.6,312.47,366.87
1,63.933,194.07,511.93
129,10.6,349.8,511.93
94.867,10.6,231.4,511.93
219.67,1,383.93,511.93
111.93,1,349.8,511.93
316.73,323.13,383.93,502.33
93.8,131.13,197.27,511.93
1,1,313.53,202.6
331.67,1,383.93,261.27
196.2,238.87,353,511.93
219.67,137.53,357.27,511.93
223.93,264.47,271.93,305
273,1,315.67,94.867
326.33,4.2,383.93,279.4
93.8,1,383.93,511.93
301.8,150.33,369,293.27
281.53,1,383.93,511.93
1,1,312.47,202.6
1,70.333,193,511.93
273,1,383.93,511.93
1,1,316.73,165.27
241,121.53,349.8,511.93
1,1,332.73,511.93
188.73,207.93,310.33,381.8
219.67,388.2,357.27,511.93
1,70.333,127.93,162.07
238.87,21.267,326.33,123.67
189.8,1,342.33,511.93
1,1,308.2,511.93
115.13,9.5333,182.33,196.2
235.67,1,346.6,511.93
235.67,1,383.93,511.93
136.47,131.13,279.4,348.73
115.13,1,312.47,202.6
1,83.133,188.73,511.93
293.27,1,383.93,511.93
1,68.2,193,511.93
1,1,312.47,511.93
1,10.6,231.4,511.93
1,1,316.73,284.73
143.93,226.07,285.8,511.93
1,68.2,289,511.93
273,1,315.67,98.067
271.93,1,383.93,511.93
93.8,57.533,143.93,117.27
150.33,1,383.93,511.93
93.8,131.13,193,511.93
105.53,143.93,289,511.93
239.93,423.4,303.93,491.67
321,236.73,383.93,317.8
191.93,129,327.4,334.87
93.8,179.13,353,511.93
105.53,197.27,230.33,511.93
219.67,91.667,349.8,511.93
281.53,182.33,383.93,511.93
1,9.5333,182.33,196.2
143.93,307.13,285.8,511.93
145,337,268.73,511.93
137.53,309.27,196.2,425.53
1,1,148.2,139.67
219.67,339.13,349.8,511.93
267.67,339.13,342.33,423.4
195.13,363.67,289,511.93
1,1,308.2,151.4
103.4,186.6,349.8,511.93
155.67,119.4,210.07,182.33
294.33,1,383.93,511.93
1,1,308.2,153.53
93.8,131.13,193,486.33
103.4,186.6,257,511.93
165.27,1,332.73,334.87
93.8,131.13,349.8,511.93
111.93,1,316.73,167.4
222.87,238.87,306.07,376.47
153.53,59.667,277.27,120.47
189.8,181.27,296.47,364.73
284.73,182.33,383.93,511.93
190.87,226.07,284.73,395.67
321,1,376.47,175.93
296.47,1,376.47,230.33
253.8,121.53,349.8,511.93
1,1,148.2,162.07
9.5333,34.067,83.133,87.4
331.67,1,377.53,134.33
218.6,129,314.6,255.93
295.4,1,383.93,405.27
93.8,179.13,196.2,511.93
130.07,10.6,306.07,211.13
333.8,1,383.93,134.33
188.73,207.93,349.8,511.93
162.07,92.733,316.73,394.6
153.53,54.333,241,119.4
1,1,308.2,207.93
103.4,186.6,268.73,511.93
196.2,361.53,285.8,469.27
297.53,1,383.93,203.67
165.27,122.6,312.47,323.13
106.6,190.87,235.67,494.87
130.07,10.6,316.73,167.4
294.33,1,383.93,321
105.53,1,342.33,511.93
296.47,153.53,356.2,367.93
310.33,182.33,383.93,511.93
321,260.2,383.93,408.47
103.4,1,349.8,511.93
316.73,321,383.93,511.93
331.67,1,383.93,134.33
271.93,1,363.67,177
243.13,33,302.87,111.93
284.73,1,383.93,511.93
115.13,9.5333,312.47,511.93
322.07,321,383.93,511.93
263.4,248.47,343.4,435.13
223.93,267.67,292.2,334.87
51.133,62.867,130.07,139.67
129,10.6,191.93,118.33
93.8,179.13,257,511.93
106.6,197.27,230.33,511.93
45.8,77.8,104.47,122.6
263.4,248.47,309.27,330.6
321,264.47,373.27,388.2
103.4,186.6,214.33,300.73
1,24.467,132.2,123.67
285.8,335.93,342.33,435.13
129,1,383.93,511.93
321,425.53,376.47,511.93
310.33,182.33,383.93,408.47
326.33,51.133,373.27,177
130.07,10.6,196.2,135.4
115.13,9.5333,312.47,366.87
178.07,1,383.93,511.93
196.2,329.53,286.87,502.33
222.87,238.87,306.07,367.93
105.53,185.53,230.33,511.93
235.67,33,297.53,82.067
1,70.333,130.07,162.07
307.13,277.27,356.2,397.8
340.2,28.733,383.93,216.47
150.33,423.4,203.67,511.93
1,1,308.2,69.267
130.07,318.87,197.27,511.93
150.33,92.733,342.33,511.93
156.73,190.87,200.47,273
1,1,118.33,138.6
301.8,162.07,383.93,511.93
129,1,308.2,118.33
262.33,86.333,327.4,330.6
150.33,382.87,303.93,511.93
296.47,1,383.93,335.93
215.4,301.8,284.73,395.67
130.07,10.6,306.07,260.2
111.93,158.87,179.13,258.07
155.67,33,316.73,149.27
133.27,10.6,191.93,118.33
36.2,1,137.53,93.8
36.2,24.467,109.8,69.267
219.67,381.8,301.8,469.27
1,1,132.2,117.27
136.47,129,314.6,284.73
275.13,303.93,330.6,435.13
1,1,122.6,60.733
295.4,235.67,383.93,405.27
235.67,301.8,284.73,360.47
155.67,1,316.73,150.33
279.4,321,346.6,426.6
218.6,215.4,271.93,255.93
1,1,148.2,66.067
42.6,35.133,83.133,104.47
105.53,197.27,230.33,429.8
106.6,143.93,289,325.27
130.07,10.6,284.73,118.33
151.4,378.6,196.2,458.6
271.93,41.533,363.67,138.6
106.6,143.93,289,511.93
219.67,327.4,349.8,511.93
1,25.533,122.6,151.4
1,1,308.2,118.33
146.07,14.867,286.87,129
221.8,354.07,282.6,395.67
152.47,190.87,209,273
103.4,197.27,236.73,335.93
321,182.33,383.93,511.93
151.4,186.6,209,251.67
1,24.467,134.33,151.4
1,55.4,59.667,116.2
34.067,94.867,102.33,139.67
1,1,308.2,65
299.67,401,353,465
155.67,77.8,316.73,149.27
327.4,283.67,383.93,470.33
270.87,379.67,312.47,429.8
1,84.2,193,511.93
295.4,1,383.93,415.93
241,270.87,349.8,511.93
178.07,1,373.27,180.2
191.93,227.13,284.73,395.67
182.33,148.2,289,189.8
165.27,1,332.73,145
143.93,197.27,230.33,405.27
1,110.87,94.867,152.47
115.13,10.6,196.2,199.4
103.4,190.87,249.53,511.93
237.8,1,343.4,511.93
217.53,274.07,342.33,511.93
1,1,140.73,65
314.6,303.93,383.93,511.93
175.93,344.47,289,511.93
121.53,1,308.2,207.93
1,1,225,139.67
169.53,1,308.2,43.667
234.6,247.4,290.07,289
127.93,291.13,196.2,511.93
188.73,77.8,303.93,123.67
247.4,430.87,349.8,511.93
117.27,185.53,191.93,261.27
115.13,10.6,231.4,199.4
223.93,258.07,292.2,359.4
200.47,363.67,282.6,428.73
262.33,86.333,335.93,383.93
1,34.067,116.2,139.67
343.4,294.33,383.93,437.27
93.8,190.87,177,371.13
103.4,197.27,257,511.93
285.8,405.27,331.67,511.93
235.67,248.47,284.73,315.67
1,78.867,127.93,162.07
217.53,310.33,275.13,369
321,182.33,383.93,413.8
273,1,376.47,230.33
147.13,458.6,195.13,511.93
252.73,181.27,309.27,261.27
145,381.8,257,511.93
221.8,91.667,349.8,511.93
295.4,164.2,359.4,335.93
322.07,236.73,383.93,511.93
153.53,59.667,207.93,120.47
270.87,335.93,342.33,435.13
1,92.733,43.667,138.6
290.07,1,383.93,279.4
1,24.467,132.2,151.4
1,24.467,131.13,151.4
261.27,121.53,327.4,302.87
297.53,1,383.93,437.27
113,279.4,196.2,425.53
147.13,372.2,197.27,511.93
115.13,10.6,196.2,135.4
297.53,1,383.93,234.6
106.6,190.87,257,511.93
238.87,1,335.93,383.93
104.47,215.4,156.73,271.93
103.4,197.27,239.93,439.4
105.53,107.67,230.33,511.93
307.13,277.27,359.4,397.8
1,93.8,49,151.4
115.13,10.6,231.4,252.73
321,260.2,383.93,317.8
165.27,1,332.73,149.27
195.13,335.93,342.33,511.93
1,1,271.93,152.47
321,182.33,383.93,388.2
1,24.467,122.6,151.4
131.13,1,308.2,66.067
189.8,143.93,309.27,394.6
57.533,24.467,122.6,67.133
129,1,296.47,118.33
93.8,190.87,159.93,371.13
130.07,1,316.73,182.33
155.67,40.467,241,115.13
155.67,1,316.73,149.27
235.67,411.67,285.8,459.67
210.07,207.93,310.33,381.8
93.8,131.13,167.4,371.13
129,1,239.93,118.33
321,372.2,383.93,511.93
1,63.933,165.27,185.53
62.867,70.333,161,184.47
197.27,181.27,275.13,222.87
229.27,430.87,349.8,511.93
237.8,1,346.6,511.93
273,1,376.47,194.07
196.2,291.13,282.6,399.93
93.8,131.13,179.13,371.13
1,24.467,131.13,153.53
111.93,30.867,212.2,167.4
105.53,10.6,231.4,405.27
175.93,74.6,243.13,115.13
222.87,238.87,306.07,370.07
235.67,137.53,343.4,435.13
9.5333,35.133,119.4,135.4
217.53,376.47,300.73,469.27
202.6,33,296.47,73.533
189.8,181.27,342.33,511.93
271.93,41.533,363.67,177
1,34.067,43.667,138.6
217.53,335.93,342.33,511.93
310.33,290.07,375.4,362.6
217.53,270.87,342.33,511.93
143.93,307.13,230.33,511.93
143.93,307.13,230.33,405.27
127.93,1,294.33,57.533
324.2,321,383.93,511.93
39.4,56.467,106.6,134.33
295.4,98.067,383.93,415.93
51.133,85.267,105.53,139.67
1,1,148.2,116.2
1,94.867,45.8,139.67
36.2,24.467,85.267,88.467
310.33,289,383.93,511.93
297.53,1,383.93,264.47
93.8,157.8,194.07,511.93
150.33,371.13,303.93,511.93
150.33,270.87,342.33,511.93
195.13,382.87,285.8,511.93
1,1,271.93,143.93
1,1,140.73,69.267
111.93,179.13,179.13,254.87
217.53,321,353,511.93
9.5333,25.533,122.6,122.6
175.93,344.47,300.73,511.93
130.07,10.6,316.73,182.33
111.93,1,294.33,167.4
225,471.4,286.87,511.93
140.73,370.07,196.2,511.93
170.6,1,308.2,118.33
129,10.6,220.73,118.33
218.6,215.4,284.73,286.87
321,1,373.27,175.93
301.8,162.07,369,293.27
296.47,1,376.47,194.07
273,1,329.53,98.067
321,1,376.47,194.07
307.13,277.27,375.4,397.8
150.33,386.07,203.67,511.93
106.6,190.87,249.53,383.93
111.93,209,163.13,254.87
189.8,225,297.53,394.6
148.2,426.6,197.27,468.2
1,74.6,161,184.47
106.6,226.07,199.4,309.27
130.07,1,316.73,191.93
210.07,257,271.93,305
9.5333,41.533,58.6,87.4
42.6,35.133,85.267,98.067
125.8,186.6,191.93,252.73
227.13,348.73,297.53,394.6
306.07,323.13,383.93,502.33
6.3333,35.133,104.47,123.67
1,110.87,98.067,152.47
219.67,409.53,269.8,465
66.067,14.867,116.2,67.133
155.67,54.333,241,118.33
279.4,343.4,327.4,426.6
217.53,323.13,271.93,369
57.533,56.467,104.47,123.67
1,1,154.6,138.6
1,1,52.2,42.6
105.53,197.27,229.27,405.27
1,93.8,102.33,151.4
219.67,388.2,335.93,491.67
127.93,1,294.33,119.4
321,182.33,383.93,414.87
106.6,227.13,235.67,383.93
1,1,165.27,185.53
139.67,265.53,236.73,363.67
125.8,107.67,191.93,252.73
182.33,129,314.6,255.93
1,1,146.07,143.93
204.73,33,316.73,102.33
13.8,35.133,83.133,104.47
221.8,471.4,303.93,511.93
145,449,197.27,494.87
1,116.2,114.07,162.07
45.8,77.8,104.47,135.4
111.93,30.867,200.47,142.87
9.5333,24.467,122.6,135.4
273,1,314.6,98.067
130.07,10.6,220.73,118.33
113,279.4,196.2,379.67
1,24.467,143.93,151.4
141.8,31.933,200.47,118.33
321,182.33,383.93,408.47
222.87,238.87,292.2,359.4
126.87,131.13,179.13,218.6
296.47,162.07,369,335.93
202.6,30.867,296.47,79.933
149.27,338.07,196.2,425.53
162.07,31.933,312.47,202.6
148.2,372.2,197.27,468.2
1,34.067,83.133,116.2
9.5333,46.867,50.067,92.733
12.733,1,81,57.533
105.53,197.27,229.27,429.8
273,1,326.33,98.067
170.6,53.267,295.4,118.33
111.93,1,316.73,369
175.93,54.333,241,107.67
1,24.467,116.2,123.67
296.47,1,383.93,230.33
162.07,92.733,316.73,257
217.53,417,283.67,488.47
239.93,248.47,343.4,511.93
297.53,1,383.93,291.13
1,67.133,193,511.93
228.2,397.8,289,447.93
262.33,86.333,327.4,313.53
223.93,207.93,310.33,369
298.6,339.13,342.33,419.13
155.67,119.4,287.93,182.33
167.4,263.4,220.73,325.27
195.13,457.53,275.13,511.93
159.93,86.333,308.2,151.4
196.2,329.53,287.93,502.33
1,49,59.667,117.27
106.6,197.27,230.33,440.47
322.07,303.93,383.93,511.93
217.53,348.73,300.73,469.27
130.07,10.6,316.73,150.33
154.6,337,268.73,439.4
225,143.93,300.73,242.07
332.73,118.33,383.93,279.4
105.53,185.53,191.93,280.47
1,1,146.07,138.6
284.73,303.93,383.93,511.93
254.87,188.73,310.33,313.53
145,408.47,197.27,494.87
218.6,214.33,291.13,255.93
155.67,91.667,316.73,149.27
130.07,10.6,308.2,260.2
200.47,382.87,285.8,471.4
321,182.33,383.93,437.27
191.93,1,373.27,180.2
221.8,471.4,283.67,511.93
326.33,182.33,383.93,437.27
239.93,456.47,316.73,511.93
332.73,1,375.4,134.33
155.67,86.333,308.2,186.6
199.4,33,302.87,111.93
297.53,1,345.53,95.933
156.73,143.93,241,325.27
259.13,121.53,339.13,511.93
296.47,1,373.27,194.07
111.93,26.6,279.4,348.73
225,91.667,349.8,511.93
225,172.73,292.2,242.07
343.4,294.33,383.93,390.33
194.07,381.8,257,487.4
254.87,91.667,330.6,313.53
237.8,78.867,343.4,511.93
1,23.4,116.2,139.67
217.53,382.87,303.93,488.47
237.8,191.93,295.4,260.2
292.2,431.93,349.8,511.93
310.33,182.33,383.93,413.8
146.07,14.867,316.73,165.27
257,396.73,303.93,447.93
200.47,395.67,241,485.27
175.93,31.933,295.4,118.33
207.93,227.13,258.07,334.87
239.93,401,306.07,491.67
235.67,30.867,297.53,82.067
234.6,1,373.27,180.2
1,70.333,161,184.47
103.4,197.27,236.73,363.67
150.33,427.67,203.67,511.93
115.13,11.667,179.13,196.2
155.67,77.8,316.73,150.33
244.2,376.47,300.73,419.13
169.53,1,308.2,66.067
57.533,58.6,104.47,123.67
267.67,364.73,312.47,431.93
93.8,179.13,179.13,372.2
295.4,249.53,376.47,405.27
38.333,66.067,84.2,127.93
204.73,33,296.47,73.533
159.93,86.333,308.2,161
280.47,86.333,325.27,313.53
111.93,26.6,279.4,369
293.27,338.07,383.93,511.93
142.87,366.87,193,486.33
1,1,84.2,138.6
93.8,179.13,166.33,372.2
111.93,215.4,156.73,258.07
1,34.067,130.07,151.4
210.07,207.93,310.33,369
293.27,372.2,383.93,511.93
245.27,422.33,337,511.93
70.333,1,118.33,67.133
100.2,238.87,143.93,290.07
9.5333,41.533,50.067,92.733
278.33,440.47,349.8,511.93
103.4,238.87,143.93,290.07
150.33,442.6,203.67,511.93
56.467,94.867,100.2,135.4
111.93,26.6,183.4,146.07
328.47,1,375.4,193
191.93,227.13,284.73,366.87
1,1,148.2,67.133
1,67.133,131.13,153.53
225,186.6,308.2,260.2
94.867,179.13,179.13,279.4
62.867,74.6,161,184.47
106.6,190.87,249.53,511.93
245.27,443.67,331.67,511.93
130.07,318.87,179.13,378.6
241,270.87,306.07,403.13
1,82.067,188.73,511.93
149.27,338.07,196.2,408.47
239.93,388.2,331.67,491.67
228.2,339.13,342.33,447.93
36.2,24.467,106.6,93.8
1,1,131.13,65
263.4,274.07,342.33,511.93
295.4,1,383.93,335.93
197.27,203.67,275.13,255.93
297.53,1,383.93,193
103.4,186.6,236.73,364.73
196.2,238.87,306.07,399.93
321,264.47,372.2,308.2
284.73,303.93,339.13,373.27
139.67,265.53,249.53,383.93
117.27,185.53,179.13,261.27
259.13,254.87,339.13,511.93
147.13,459.67,195.13,511.93
195.13,457.53,283.67,511.93
182.33,148.2,289,315.67
239.93,401,331.67,491.67
197.27,194.07,271.93,284.73
219.67,429.8,349.8,511.93
219.67,414.87,289,466.07
297.53,1,383.93,188.73
294.33,181.27,358.33,321
294.33,162.07,369,321
195.13,382.87,303.93,511.93
115.13,9.5333,295.4,196.2
130.07,318.87,193,511.93
239.93,248.47,337,511.93
295.4,164.2,373.27,388.2
194.07,181.27,296.47,323.13
169.53,1,308.2,65
9.5333,34.067,101.27,134.33
1,1,106.6,138.6
196.2,367.93,282.6,440.47
1,63.933,161,184.47
213.27,337,271.93,383.93
223.93,267.67,292.2,369
139.67,265.53,236.73,364.73
1,1,47.933,44.733
42.6,52.2,103.4,116.2
189.8,227.13,284.73,366.87
13.8,34.067,103.4,116.2
191.93,294.33,251.67,339.13
113,279.4,177,370.07
222.87,238.87,294.33,359.4
93.8,179.13,191.93,511.93
139.67,303.93,183.4,364.73
57.533,25.533,122.6,74.6
129,10.6,308.2,511.93
310.33,55.4,354.07,177
155.67,54.333,241,115.13
162.07,107.67,312.47,257
12.733,1,84.2,127.93
218.6,188.73,308.2,255.93
111.93,30.867,200.47,164.2
321,182.33,383.93,317.8
115.13,11.667,165.27,52.2
195.13,395.67,241,511.93
130.07,318.87,193,486.33
70.333,1,146.07,62.867
42.6,37.267,103.4,116.2
243.13,55.4,302.87,108.73
340.2,312.47,380.73,406.33
297.53,27.667,341.27,178.07
1,107.67,49,151.4
235.67,33,316.73,102.33
196.2,365.8,285.8,469.27
322.07,58.6,373.27,166.33
189.8,246.33,290.07,339.13
1,94.867,68.2,139.67
328.47,28.733,383.93,216.47
129,25.533,283.67,331.67
241,78.867,330.6,194.07
241,310.33,287.93,361.53
157.8,337,239.93,390.33
296.47,153.53,383.93,511.93
130.07,10.6,302.87,182.33
217.53,414.87,303.93,495.93
42.6,69.267,101.27,134.33
106.6,217.53,199.4,309.27
111.93,30.867,183.4,146.07
1,70.333,165.27,185.53
130.07,10.6,284.73,57.533
127.93,107.67,171.67,196.2
153.53,59.667,196.2,120.47
9.5333,35.133,85.267,98.067
1,92.733,88.467,135.4
1,60.733,62.867,110.87
321,1,373.27,194.07
175.93,33,302.87,119.4
94.867,106.6,193,511.93
207.93,251.67,258.07,294.33
162.07,107.67,312.47,150.33
217.53,348.73,303.93,495.93
103.4,197.27,239.93,390.33
223.93,267.67,292.2,361.53
234.6,55.4,332.73,145
94.867,236.73,135.4,289
241,351.93,297.53,403.13
157.8,337,239.93,399.93
135.4,1,308.2,43.667
121.53,49,308.2,200.47
115.13,10.6,312.47,202.6
177,381.8,257,487.4
204.73,244.2,283.67,331.67
218.6,215.4,284.73,315.67
1,95.933,43.667,138.6
327.4,283.67,383.93,359.4
236.73,414.87,286.87,459.67
204.73,291.13,260.2,331.67
310.33,290.07,375.4,370.07
1,110.87,50.067,152.47
170.6,1,308.2,52.2
133.27,10.6,191.93,111.93
338.07,56.467,383.93,276.2
197.27,194.07,268.73,269.8
103.4,197.27,214.33,300.73
238.87,1,326.33,123.67
267.67,388.2,312.47,431.93
245.27,443.67,337,511.93
130.07,10.6,196.2,199.4
228.2,351.93,312.47,447.93
189.8,246.33,297.53,394.6
121.53,49,199.4,200.47
130.07,10.6,302.87,119.4
219.67,381.8,289,469.27
1,56.467,130.07,151.4
130.07,10.6,191.93,111.93
130.07,10.6,226.07,57.533
143.93,197.27,230.33,440.47
340.2,312.47,380.73,470.33
175.93,74.6,243.13,118.33
337,450.07,383.93,511.93
219.67,397.8,289,469.27
193,181.27,296.47,257
247.4,339.13,349.8,511.93
195.13,382.87,258.07,511.93
1,92.733,88.467,151.4
285.8,405.27,335.93,511.93
139.67,265.53,235.67,383.93
76.733,44.733,119.4,94.867
170.6,53.267,295.4,114.07
121.53,1,308.2,200.47
252.73,137.53,312.47,261.27
207.93,246.33,269.8,323.13
241,78.867,327.4,178.07
152.47,190.87,200.47,273
310.33,289,375.4,370.07
267.67,354.07,342.33,423.4
169.53,1,296.47,42.6
322.07,1,373.27,166.33
155.67,119.4,210.07,186.6
220.73,210.07,278.33,260.2
329.53,51.133,373.27,177
236.73,414.87,289,459.67
257,327.4,306.07,367.93
235.67,137.53,312.47,277.27
307.13,277.27,373.27,397.8
292.2,440.47,339.13,511.93
321,372.2,379.67,511.93
297.53,1,354.07,177
1,1,106.6,134.33
129,25.533,199.4,200.47
312.47,329.53,356.2,397.8
313.53,1,375.4,193
175.93,33,286.87,81
130.07,10.6,187.67,135.4
270.87,335.93,342.33,511.93
196.2,367.93,282.6,414.87
322.07,283.67,383.93,511.93
219.67,409.53,289,466.07
136.47,122.6,187.67,199.4
106.6,190.87,241,494.87
188.73,323.13,239.93,366.87
280.47,86.333,327.4,313.53
181.27,65,295.4,114.07
12.733,1,146.07,71.4
241,351.93,312.47,431.93
93.8,157.8,191.93,511.93
281.53,182.33,383.93,502.33
225,471.4,283.67,511.93
9.5333,35.133,119.4,98.067
289,433,331.67,491.67
333.8,1,383.93,107.67
127.93,291.13,179.13,380.73
343.4,235.67,383.93,437.27
129,10.6,294.33,57.533
1,1,132.2,71.4
341.27,1,383.93,134.33
189.8,294.33,292.2,364.73
215.4,246.33,290.07,323.13
34.067,102.33,102.33,150.33
5.2667,23.4,116.2,134.33
1,78.867,84.2,122.6
115.13,11.667,173.8,167.4
321,262.33,372.2,308.2
9.5333,46.867,58.6,87.4
209,329.53,297.53,394.6
140.73,122.6,187.67,199.4
115.13,9.5333,295.4,129
197.27,186.6,308.2,284.73
147.13,372.2,220.73,511.93
270.87,363.67,312.47,429.8
152.47,197.27,209,251.67
274.07,332.73,335.93,472.47
220.73,215.4,278.33,260.2
225,91.667,330.6,313.53
13.8,35.133,103.4,116.2
207.93,246.33,290.07,323.13
217.53,335.93,342.33,495.93
1,110.87,98.067,163.13
333.8,1,377.53,134.33
125.8,185.53,191.93,252.73
267.67,339.13,342.33,433
263.4,274.07,335.93,383.93
1,35.133,104.47,123.67
182.33,148.2,289,215.4
226.07,382.87,303.93,447.93
237.8,191.93,295.4,254.87
297.53,41.533,341.27,169.53
36.2,24.467,116.2,69.267
243.13,33,302.87,108.73
66.067,14.867,116.2,73.533
154.6,337,239.93,399.93
130.07,10.6,294.33,57.533
321,58.6,373.27,175.93
189.8,294.33,271.93,339.13
254.87,207.93,310.33,313.53
275.13,306.07,335.93,383.93
223.93,258.07,283.67,298.6
106.6,190.87,241,511.93
278.33,321,353,511.93
294.33,98.067,383.93,321
129,65,199.4,200.47
155.67,103.4,316.73,149.27
129,25.533,287.93,511.93
165.27,143.93,291.13,261.27
13.8,35.133,104.47,123.67
241,78.867,330.6,245.27
297.53,1,375.4,193
146.07,14.867,295.4,129
263.4,274.07,335.93,374.33
327.4,372.2,379.67,455.4
343.4,182.33,383.93,414.87
130.07,10.6,302.87,211.13
195.13,382.87,276.2,511.93
194.07,181.27,296.47,289
111.93,30.867,159.93,142.87
262.33,143.93,309.27,313.53
1,1,137.53,138.6
241,327.4,306.07,403.13
154.6,33,284.73,114.07
127.93,319.93,174.87,380.73
255.93,1,308.2,43.667
1,1,148.2,73.533
142.87,353,193,486.33
271.93,55.4,354.07,138.6
219.67,388.2,331.67,491.67
1,110.87,68.2,152.47
263.4,248.47,330.6,435.13
213.27,329.53,271.93,383.93
9.5333,35.133,104.47,122.6
279.4,343.4,327.4,411.67
42.6,35.133,104.47,122.6
146.07,14.867,297.53,129
191.93,137.53,308.2,179.13
237.8,78.867,330.6,257
153.53,70.333,196.2,120.47
245.27,468.2,318.87,511.93
175.93,363.67,289,511.93
162.07,107.67,312.47,202.6
298.6,339.13,342.33,412.73
1,34.067,116.2,134.33
83.133,24.467,132.2,71.4
188.73,257,271.93,348.73
190.87,190.87,283.67,331.67
296.47,153.53,369,335.93
289,412.73,331.67,491.67
191.93,323.13,284.73,366.87
165.27,1,306.07,67.133
259.13,121.53,349.8,511.93
235.67,248.47,284.73,323.13
301.8,231.4,358.33,293.27
161,41.533,239.93,87.4
278.33,440.47,339.13,511.93
297.53,1,383.93,216.47
295.4,173.8,359.4,335.93
295.4,241,359.4,335.93
207.93,227.13,258.07,332.73
252.73,142.87,306.07,245.27
165.27,53.267,316.73,165.27
154.6,69.267,209,120.47
202.6,30.867,296.47,73.533
200.47,363.67,289,459.67
129,10.6,239.93,118.33
255.93,129,314.6,191.93
252.73,194.07,306.07,245.27
126.87,131.13,167.4,211.13
197.27,203.67,291.13,261.27
45.8,69.267,104.47,122.6
127.93,319.93,179.13,380.73
292.2,303.93,339.13,373.27
327.4,283.67,370.07,335.93
209,348.73,297.53,394.6
196.2,329.53,286.87,469.27
306.07,182.33,383.93,502.33
200.47,363.67,289,466.07
275.13,306.07,335.93,374.33
156.73,143.93,289,325.27
245.27,468.2,316.73,511.93
194.07,181.27,296.47,257
321,182.33,383.93,372.2
165.27,110.87,312.47,151.4
127.93,29.8,173.8,167.4
310.33,55.4,354.07,138.6
316.73,323.13,383.93,472.47
5.2667,34.067,116.2,134.33
135.4,158.87,179.13,238.87
167.4,225,220.73,325.27
152.47,265.53,236.73,335.93
289,65,332.73,145
94.867,236.73,135.4,279.4
297.53,1,347.67,152.47
173.8,137.53,308.2,202.6
157.8,326.33,225,383.93
237.8,78.867,330.6,245.27
165.27,110.87,312.47,165.27
295.4,164.2,369,335.93
327.4,372.2,383.93,455.4
228.2,397.8,271.93,444.73
119.4,157.8,179.13,257
266.6,129,327.4,334.87
139.67,308.2,196.2,363.67
321,412.73,376.47,511.93
129,25.533,287.93,502.33
130.07,10.6,187.67,199.4
1,95.933,51.133,151.4
229.27,388.2,289,459.67
229.27,348.73,297.53,394.6
196.2,367.93,285.8,469.27
252.73,137.53,312.47,277.27
252.73,142.87,309.27,245.27
220.73,215.4,274.07,260.2
1,35.133,106.6,134.33
326.33,182.33,383.93,306.07
127.93,319.93,171.67,370.07
197.27,194.07,268.73,284.73
165.27,197.27,209,251.67
12.733,1,132.2,71.4
279.4,353,327.4,411.67
293.27,459.67,337,511.93
42.6,56.467,116.2,134.33
247.4,430.87,305,499.13
106.6,190.87,210.07,300.73
196.2,323.13,287.93,502.33
200.47,382.87,258.07,475.67
36.2,1,137.53,134.33
175.93,371.13,241,479.93
295.4,56.467,383.93,335.93
275.13,303.93,321,359.4
321,427.67,376.47,511.93
57.533,25.533,122.6,67.133
293.27,459.67,349.8,511.93
165.27,94.867,316.73,165.27
188.73,323.13,241,383.93
225,172.73,292.2,225
217.53,436.2,303.93,495.93
163.13,89.533,308.2,151.4
239.93,459.67,357.27,511.93
222.87,244.2,283.67,298.6
9.5333,34.067,116.2,134.33
299.67,401,353,460.73
215.4,246.33,269.8,323.13
234.6,1,354.07,145
331.67,1,383.93,188.73
331.67,1,383.93,234.6
200.47,395.67,241,479.93
156.73,143.93,241,260.2
51.133,89.533,101.27,134.33
145,371.13,257,511.93
106.6,190.87,235.67,456.47
1,1,120.47,58.6
88.467,24.467,132.2,71.4
215.4,301.8,284.73,366.87
149.27,338.07,196.2,379.67
138.6,110.87,250.6,167.4
307.13,277.27,383.93,511.93
191.93,145,294.33,191.93
57.533,76.733,103.4,123.67
215.4,251.67,258.07,294.33
326.33,4.2,383.93,177
145,450.07,226.07,511.93
266.6,129,327.4,230.33
191.93,145,308.2,284.73
297.53,164.2,356.2,299.67
298.6,217.53,349.8,299.67
297.53,173.8,346.6,299.67
204.73,291.13,271.93,383.93
278.33,401,353,511.93
223.93,258.07,283.67,312.47
1,84.2,174.87,511.93
329.53,60.733,373.27,177
218.6,215.4,275.13,255.93
127.93,29.8,168.47,167.4
154.6,337,239.93,439.4
237.8,186.6,308.2,260.2
134.33,291.13,175.93,343.4
197.27,198.33,291.13,261.27
278.33,439.4,339.13,511.93
47.933,56.467,116.2,105.53
57.533,83.133,103.4,123.67
1,62.867,130.07,151.4
13.8,37.267,103.4,116.2
175.93,403.13,220.73,488.47
127.93,29.8,250.6,196.2
234.6,1,354.07,180.2
166.33,443.67,225,511.93
293.27,459.67,357.27,511.93
283.67,332.73,327.4,387.13
271.93,55.4,316.73,102.33
155.67,265.53,249.53,328.47
235.67,411.67,285.8,452.2
138.6,110.87,250.6,196.2
234.6,22.333,325.27,145
197.27,194.07,255.93,265.53
155.67,104.47,287.93,182.33
136.47,131.13,279.4,284.73
111.93,179.13,166.33,254.87
135.4,182.33,179.13,238.87
259.13,353,303.93,443.67
289,405.27,331.67,491.67
135.4,157.8,179.13,238.87
252.73,196.2,296.47,261.27
241,78.867,330.6,188.73
200.47,382.87,258.07,428.73
234.6,20.2,354.07,145
257,33,297.53,98.067
239.93,332.73,337,511.93
175.93,427.67,220.73,488.47
188.73,293.27,263.4,348.73
70.333,1,118.33,41.533
279.4,321,327.4,426.6
215.4,325.27,284.73,366.87
137.53,129,199.4,200.47
321,372.2,379.67,491.67
274.07,332.73,319.93,409.53
285.8,378.6,335.93,472.47
143.93,471.4,188.73,511.93
103.4,227.13,214.33,300.73
156.73,197.27,220.73,325.27
138.6,121.53,250.6,167.4
223.93,258.07,292.2,334.87
263.4,259.13,321,359.4
196.2,329.53,285.8,469.27
1,1,140.73,58.6
146.07,14.867,209,129
266.6,137.53,312.47,188.73
259.13,353,339.13,511.93
170.6,225,213.27,283.67
155.67,119.4,244.2,182.33
296.47,247.4,356.2,335.93
229.27,382.87,303.93,447.93
145,371.13,241,511.93
239.93,259.13,337,511.93
166.33,441.53,235.67,511.93
1,109.8,60.733,151.4
271.93,470.33,316.73,511.93
297.53,41.533,341.27,178.07
263.4,303.93,321,359.4
197.27,194.07,283.67,331.67
70.333,1,137.53,71.4
139.67,303.93,196.2,345.53
235.67,411.67,289,459.67
141.8,10.6,191.93,111.93
1,34.067,42.6,104.47
140.73,370.07,191.93,511.93
301.8,172.73,369,293.27
314.6,1,383.93,73.533
261.27,157.8,326.33,302.87
252.73,143.93,306.07,245.27
106.6,190.87,235.67,383.93
295.4,249.53,375.4,397.8
93.8,221.8,157.8,372.2
125.8,185.53,179.13,252.73
266.6,137.53,312.47,191.93
331.67,1,375.4,73.533
217.53,417,285.8,469.27
252.73,182.33,306.07,245.27
292.2,440.47,349.8,511.93
207.93,227.13,258.07,294.33
166.33,441.53,225,511.93
147.13,427.67,220.73,511.93
301.8,172.73,358.33,293.27
316.73,323.13,379.67,456.47
330.6,323.13,379.67,456.47
166.33,371.13,241,511.93
252.73,181.27,296.47,261.27
130.07,10.6,191.93,118.33
1,95.933,42.6,136.47
200.47,382.87,285.8,459.67
301.8,188.73,369,293.27
327.4,372.2,383.93,511.93
252.73,196.2,306.07,245.27
215.4,458.6,257,502.33
215.4,251.67,255.93,294.33
200.47,382.87,277.27,428.73
115.13,9.5333,182.33,52.2
217.53,436.2,283.67,488.47
157.8,323.13,239.93,383.93
328.47,115.13,369,193
301.8,401,353,445.8
165.27,143.93,291.13,323.13
239.93,456.47,337,511.93
234.6,65,332.73,145
252.73,196.2,296.47,242.07
237.8,210.07,295.4,254.87
166.33,443.67,207.93,511.93
165.27,143.93,274.07,215.4
215.4,458.6,276.2,502.33
175.93,53.267,295.4,114.07
197.27,201.53,291.13,261.27
235.67,55.4,302.87,108.73
322.07,20.2,363.67,73.533
259.13,227.13,339.13,511.93
1,33,106.6,134.33
156.73,197.27,241,260.2
26.6,35.133,106.6,134.33
297.53,61.8,341.27,169.53
298.6,153.53,349.8,299.67
333.8,1,383.93,130.07
1,85.267,174.87,511.93
322.07,427.67,383.93,511.93
1,1,52.2,82.067
159.93,42.6,209,120.47
213.27,338.07,271.93,383.93
259.13,353,303.93,423.4
275.13,303.93,321,394.6
222.87,244.2,273,293.27
252.73,196.2,306.07,243.13
322.07,1,383.93,73.533
12.733,1,84.2,57.533
290.07,1,383.93,101.27
296.47,247.4,356.2,367.93
259.13,270.87,339.13,511.93
331.67,1,383.93,73.533
191.93,227.13,258.07,339.13
1,92.733,41.533,138.6
234.6,82.067,325.27,145
166.33,395.67,241,511.93
39.4,35.133,106.6,134.33
207.93,251.67,258.07,332.73
139.67,303.93,239.93,383.93
21.267,41.533,84.2,127.93
156.73,197.27,210.07,260.2
173.8,171.67,274.07,215.4
327.4,283.67,370.07,334.87
220.73,216.47,274.07,260.2
338.07,1,383.93,51.133
155.67,265.53,235.67,383.93
57.533,56.467,106.6,134.33
155.67,265.53,235.67,328.47
