1,279.4,342.33,511.93
1,264.47,342.33,511.93
1,1,342.33,511.93
119.4,1,342.33,447.93
1,236.73,79.933,319.93
1,1,261.27,300.73
21.267,1,111.93,287.93
232.47,305,342.33,447.93
225,469.27,308.2,511.93
189.8,181.27,342.33,449
12.733,168.47,342.33,511.93
49,1,261.27,299.67
1,265.53,342.33,511.93
118.33,1,342.33,211.13
73.533,265.53,136.47,323.13
100.2,257,308.2,433
1,1,285.8,318.87
209,1,342.33,211.13
119.4,121.53,306.07,339.13
1,1,342.33,433
1,322.07,193,511.93
150.33,204.73,312.47,307.13
1,1,342.33,418.07
1,57.533,342.33,511.93
216.47,185.53,335.93,431.93
1,1,342.33,447.93
18.067,1,101.27,293.27
1,1,261.27,315.67
199.4,1,342.33,161
1,1,127.93,303.93
118.33,1,342.33,353
1,1,342.33,444.73
148.2,132.2,312.47,307.13
101.27,104.47,159.93,229.27
1,260.2,119.4,315.67
1,23.4,342.33,511.93
1,1,342.33,399.93
1,1,101.27,300.73
199.4,1,342.33,127.93
1,204.73,294.33,444.73
72.467,393.53,342.33,511.93
1,1,342.33,310.33
49,20.2,287.93,299.67
148.2,1,342.33,307.13
1,289,342.33,511.93
210.07,1,342.33,294.33
1,215.4,79.933,319.93
1,168.47,342.33,511.93
173.8,23.4,342.33,495.93
298.6,81,342.33,351.93
49,1,342.33,353
1,215.4,136.47,323.13
209,1,342.33,447.93
210.07,1,342.33,418.07
216.47,157.8,335.93,431.93
1,1,255.93,310.33
20.2,1,285.8,318.87
1,1,136.47,399.93
1,322.07,319.93,511.93
1,369,63.933,511.93
258.07,143.93,301.8,238.87
1,1,159.93,310.33
1,138.6,311.4,447.93
68.2,1,255.93,287.93
1,251.67,342.33,511.93
1,1,285.8,367.93
210.07,1,328.47,294.33
1,1,255.93,297.53
1,264.47,196.2,511.93
100.2,1,342.33,433
68.2,31.933,255.93,287.93
267.67,113,309.27,263.4
42.6,457.53,319.93,511.93
1,1,111.93,287.93
17,104.47,159.93,297.53
49,140.73,116.2,278.33
164.2,1,229.27,65
1,1,287.93,303.93
177,369,342.33,511.93
1,257,308.2,433
1,279.4,123.67,399.93
148.2,204.73,312.47,307.13
149.27,108.73,314.6,299.67
150.33,204.73,312.47,300.73
99.133,1,342.33,127.93
232.47,314.6,334.87,447.93
1,1,111.93,310.33
174.87,274.07,243.13,495.93
1,274.07,250.6,511.93
239.93,23.4,342.33,351.93
1,274.07,250.6,436.2
1,337,63.933,511.93
232.47,62.867,342.33,447.93
109.8,251.67,342.33,511.93
1,1,229.27,303.93
216.47,121.53,306.07,271.93
148.2,234.6,228.2,307.13
25.533,322.07,191.93,503.4
1,215.4,136.47,399.93
232.47,138.6,311.4,274.07
12.733,1,127.93,293.27
270.87,65,317.8,161
1,130.07,151.4,315.67
1,1,151.4,300.73
173.8,181.27,342.33,495.93
258.07,143.93,302.87,238.87
216.47,143.93,335.93,431.93
216.47,81,342.33,447.93
149.27,234.6,237.8,299.67
1,274.07,250.6,444.73
232.47,305,342.33,449
25.533,322.07,193,506.6
42.6,449,319.93,511.93
149.27,62.867,342.33,353
109.8,251.67,305,447.93
225,205.8,312.47,418.07
119.4,1,342.33,339.13
109.8,138.6,311.4,447.93
215.4,204.73,312.47,298.6
1,1,151.4,315.67
248.47,470.33,319.93,511.93
215.4,1,342.33,298.6
298.6,81,342.33,255.93
232.47,289,342.33,447.93
15.933,1,127.93,293.27
1,1,119.4,367.93
148.2,234.6,207.93,307.13
287.93,62.867,342.33,308.2
148.2,1,342.33,418.07
1,289,322.07,511.93
177,305,342.33,511.93
173.8,234.6,228.2,296.47
225,469.27,322.07,511.93
1,265.53,243.13,495.93
1,322.07,191.93,511.93
17,1,255.93,297.53
1,322.07,342.33,511.93
1,1,116.2,300.73
1,273,103.4,367.93
1,260.2,119.4,367.93
239.93,23.4,326.33,238.87
1,236.73,136.47,323.13
232.47,81,342.33,447.93
287.93,62.867,342.33,353
222.87,1,342.33,212.2
204.73,282.6,303.93,418.07
1,278.33,117.27,354.07
73.533,264.47,195.13,340.2
99.133,1,229.27,65
216.47,186.6,291.13,303.93
225,465,309.27,511.93
150.33,234.6,228.2,300.73
151.4,233.53,209,300.73
148.2,234.6,207.93,300.73
213.27,205.8,312.47,305
100.2,276.2,167.4,340.2
204.73,113,312.47,418.07
148.2,233.53,215.4,300.73
173.8,234.6,243.13,495.93
118.33,1,178.07,54.333
108.73,137.53,159.93,229.27
296.47,81,342.33,335.93
189.8,337,287.93,449
42.6,449,255.93,511.93
232.47,184.47,311.4,279.4
148.2,113,312.47,418.07
1,265.53,136.47,354.07
270.87,40.467,331.67,137.53
119.4,265.53,195.13,329.53
1,260.2,136.47,331.67
232.47,108.73,314.6,279.4
100.2,274.07,243.13,495.93
177,393.53,342.33,511.93
119.4,234.6,228.2,329.53
296.47,369,342.33,449
108.73,137.53,159.93,225
99.133,1,178.07,58.6
10.6,104.47,159.93,297.53
228.2,253.8,289,305
1,264.47,196.2,383.93
118.33,1,229.27,63.933
1,289,191.93,511.93
148.2,233.53,209,300.73
274.07,289,342.33,417
234.6,185.53,335.93,347.67
149.27,255.93,201.53,296.47
150.33,234.6,207.93,300.73
39.4,130.07,151.4,284.73
232.47,138.6,311.4,279.4
270.87,1,342.33,137.53
1,337,79.933,511.93
119.4,321,196.2,383.93
72.467,456.47,322.07,511.93
274.07,305,342.33,417
228.2,204.73,294.33,305
119.4,237.8,205.8,329.53
73.533,264.47,136.47,323.13
17,237.8,81,297.53
266.6,108.73,314.6,238.87
189.8,305,342.33,449
216.47,181.27,335.93,347.67
73.533,264.47,123.67,307.13
42.6,457.53,255.93,511.93
204.73,282.6,255.93,418.07
225,469.27,291.13,511.93
216.47,337,264.47,431.93
30.867,215.4,81,293.27
73.533,265.53,123.67,307.13
73.533,264.47,196.2,383.93
1,260.2,132.2,315.67
204.73,205.8,312.47,418.07
228.2,205.8,312.47,305
73.533,264.47,125.8,314.6
1,369,79.933,511.93
232.47,184.47,311.4,274.07
100.2,276.2,196.2,383.93
10.6,140.73,116.2,297.53
270.87,23.4,326.33,161
270.87,1,342.33,209
73.533,264.47,119.4,307.13
227.13,245.27,270.87,299.67
286.87,65,342.33,209
73.533,265.53,119.4,307.13
225,1,342.33,418.07
204.73,204.73,294.33,380.73
235.67,282.6,303.93,394.6
173.8,234.6,241,339.13
234.6,209,335.93,347.67
278.33,181.27,334.87,302.87
210.07,121.53,306.07,339.13
118.33,1,173.8,54.333
72.467,456.47,254.87,511.93
296.47,81,342.33,302.87
216.47,181.27,334.87,303.93
18.067,1,116.2,293.27
49,141.8,116.2,278.33
49,141.8,117.27,278.33
270.87,1,342.33,207.93
17,289,117.27,344.47
59.667,130.07,151.4,281.53
204.73,282.6,250.6,380.73
239.93,121.53,306.07,238.87
274.07,305,342.33,449
1,278.33,78.867,354.07
1,337,50.067,481
93.8,104.47,159.93,259.13
99.133,1,178.07,42.6
49,104.47,159.93,278.33
1,270.87,81,315.67
225,469.27,296.47,511.93
10.6,182.33,81,297.53
216.47,186.6,291.13,271.93
101.27,104.47,159.93,225
189.8,337,264.47,431.93
100.2,265.53,195.13,340.2
301.8,1,342.33,207.93
228.2,253.8,305,305
100.2,276.2,162.07,340.2
296.47,154.6,342.33,302.87
204.73,282.6,254.87,418.07
301.8,65,342.33,207.93
210.07,245.27,270.87,339.13
298.6,154.6,342.33,255.93
227.13,245.27,289,303.93
235.67,205.8,312.47,394.6
228.2,251.67,305,303.93
30.867,237.8,81,293.27
239.93,121.53,306.07,195.13
298.6,154.6,342.33,209
228.2,251.67,289,303.93
281.53,369,322.07,417
274.07,289,342.33,415.93
274.07,305,342.33,415.93
