20.2,386.07,122.6,463.93
129,1,343.4,264.47
182.33,49,343.4,511.93
1,1,343.4,511.93
182.33,306.07,343.4,511.93
273,51.133,343.4,307.13
42.6,1,343.4,183.4
1,1,343.4,329.53
1,1,165.27,392.47
1,379.67,343.4,511.93
1,285.8,219.67,511.93
1,138.6,129,271.93
168.47,207.93,269.8,355.13
1,46.867,123.67,331.67
173.8,268.73,244.2,409.53
97,1,343.4,329.53
5.2667,72.467,166.33,409.53
135.4,1,343.4,511.93
92.733,290.07,244.2,482.07
149.27,1,343.4,511.93
1,1,343.4,495.93
269.8,50.067,313.53,90.6
1,1,295.4,152.47
275.13,344.47,343.4,460.73
1,1,263.4,511.93
211.13,310.33,343.4,511.93
235.67,102.33,343.4,350.87
177,1,343.4,109.8
1,383.93,219.67,511.93
1,107.67,244.2,511.93
243.13,102.33,343.4,219.67
158.87,346.6,233.53,469.27
1,1,295.4,511.93
251.67,301.8,302.87,361.53
227.13,49,343.4,421.27
284.73,73.533,343.4,203.67
204.73,114.07,308.2,278.33
60.733,254.87,110.87,299.67
1,173.8,116.2,312.47
1,102.33,343.4,511.93
1,467.13,115.13,511.93
129,1,343.4,348.73
76.733,1,165.27,102.33
74.6,1,241,359.4
79.933,1,343.4,409.53
1,1,343.4,460.73
5.2667,214.33,166.33,409.53
166.33,1,343.4,166.33
1,1,182.33,331.67
129,134.33,273,469.27
148.2,130.07,335.93,409.53
1,212.2,89.533,381.8
1,344.47,175.93,511.93
205.8,210.07,267.67,284.73
142.87,93.8,301.8,409.53
68.2,234.6,174.87,414.87
1,212.2,343.4,414.87
68.2,318.87,250.6,511.93
252.73,257,343.4,421.27
1,1,159.93,354.07
158.87,130.07,335.93,409.53
166.33,1,278.33,90.6
217.53,310.33,280.47,435.13
1,362.6,248.47,511.93
124.73,235.67,236.73,394.6
1,1,196.2,427.67
1,344.47,49,495.93
1,280.47,108.73,391.4
182.33,57.533,343.4,511.93
184.47,157.8,260.2,249.53
122.6,316.73,166.33,361.53
142.87,1,343.4,460.73
105.53,60.733,286.87,147.13
1,284.73,100.2,394.6
1,285.8,185.53,445.8
42.6,12.733,83.133,65
1,191.93,43.667,237.8
1,305,263.4,511.93
142.87,1,343.4,409.53
129,1,343.4,409.53
1,67.133,50.067,116.2
129,1,343.4,511.93
168.47,415.93,213.27,474.6
183.4,123.67,343.4,511.93
1,309.27,233.53,511.93
245.27,115.13,308.2,238.87
155.67,470.33,219.67,511.93
74.6,97,166.33,359.4
1,212.2,343.4,511.93
295.4,102.33,343.4,184.47
284.73,133.27,343.4,207.93
45.8,441.53,130.07,511.93
150.33,446.87,230.33,499.13
129,1,343.4,396.73
1,284.73,100.2,395.67
129,102.33,343.4,511.93
75.667,1,343.4,426.6
161,1,343.4,105.53
1,1,216.47,244.2
251.67,417,343.4,487.4
1,191.93,49,495.93
1,1,182.33,127.93
1,324.2,343.4,511.93
75.667,1,234.6,359.4
142.87,411.67,343.4,511.93
204.73,71.4,343.4,329.53
1,437.27,280.47,511.93
1,1,279.4,511.93
146.07,278.33,244.2,398.87
1,107.67,219.67,511.93
1,138.6,117.27,296.47
1,344.47,77.8,511.93
153.53,136.47,206.87,196.2
92.733,245.27,142.87,313.53
1,365.8,69.267,495.93
1,1,182.33,271.93
226.07,411.67,275.13,511.93
268.73,1,327.4,56.467
284.73,132.2,343.4,207.93
149.27,1,343.4,355.13
74.6,1,220.73,359.4
236.73,230.33,293.27,314.6
57.533,136.47,120.47,201.53
267.67,41.533,343.4,117.27
1,331.67,226.07,511.93
1,1,248.47,511.93
244.2,51.133,343.4,511.93
1,357.27,294.33,511.93
146.07,111.93,278.33,312.47
243.13,290.07,299.67,355.13
197.27,111.93,278.33,183.4
1,1,166.33,495.93
1,309.27,279.4,511.93
142.87,1,343.4,205.8
5.2667,314.6,83.133,359.4
1,241,248.47,511.93
124.73,234.6,343.4,409.53
1,1,207.93,86.333
20.2,349.8,204.73,501.27
156.73,411.67,343.4,511.93
161,116.2,216.47,196.2
71.4,138.6,129,267.67
1,67.133,122.6,290.07
61.8,357.27,108.73,403.13
134.33,226.07,185.53,312.47
129,93.8,301.8,348.73
175.93,1,343.4,101.27
97,60.733,286.87,264.47
199.4,284.73,318.87,511.93
1,379.67,213.27,511.93
10.6,316.73,99.133,409.53
185.53,265.53,343.4,460.73
62.867,1,161,110.87
1,349.8,280.47,511.93
1,107.67,156.73,359.4
11.667,72.467,120.47,229.27
141.8,284.73,211.13,394.6
142.87,12.733,295.4,205.8
1,140.73,62.867,212.2
207.93,318.87,315.67,511.93
164.2,75.667,244.2,135.4
158.87,152.47,297.53,409.53
131.13,76.733,327.4,183.4
1,1,226.07,511.93
1,387.13,74.6,427.67
185.53,378.6,255.93,435.13
136.47,18.067,219.67,140.73
147.13,278.33,203.67,349.8
292.2,202.6,343.4,307.13
283.67,223.93,343.4,276.2
1,109.8,196.2,427.67
185.53,51.133,343.4,460.73
270.87,1,343.4,65
1,1,158.87,175.93
1,316.73,250.6,511.93
236.73,51.133,343.4,511.93
71.4,301.8,184.47,412.73
79.933,109.8,154.6,360.47
103.4,401,204.73,501.27
79.933,12.733,295.4,364.73
201.53,324.2,343.4,511.93
1,173.8,118.33,312.47
57.533,392.47,132.2,463.93
158.87,268.73,244.2,409.53
86.333,97,166.33,315.67
236.73,209,309.27,314.6
201.53,327.4,283.67,471.4
252.73,200.47,326.33,252.73
211.13,102.33,343.4,511.93
53.267,209,116.2,264.47
142.87,93.8,301.8,348.73
91.667,218.6,244.2,426.6
68.2,234.6,142.87,364.73
171.67,348.73,228.2,409.53
142.87,122.6,223.93,218.6
276.2,313.53,343.4,470.33
250.6,265.53,343.4,460.73
11.667,72.467,152.47,247.4
1,433,108.73,511.93
132.2,134.33,185.53,215.4
282.6,85.267,343.4,145
1,169.53,56.467,211.13
117.27,110.87,228.2,264.47
106.6,422.33,154.6,462.87
97,60.733,343.4,329.53
131.13,81,177,132.2
19.133,185.53,90.6,226.07
185.53,313.53,281.53,456.47
239.93,318.87,314.6,472.47
12.733,46.867,108.73,125.8
183.4,132.2,343.4,511.93
273,123.67,333.8,184.47
134.33,462.87,226.07,511.93
285.8,182.33,343.4,307.13
1,1,188.73,86.333
207.93,318.87,314.6,511.93
158.87,165.27,297.53,409.53
1,305,250.6,511.93
60.733,164.2,118.33,226.07
257,313.53,343.4,470.33
161,17,262.33,99.133
197.27,413.8,242.07,456.47
177,26.6,247.4,76.733
129,134.33,273,327.4
79.933,109.8,154.6,340.2
118.33,60.733,220.73,186.6
109.8,67.133,234.6,152.47
142.87,157.8,273,327.4
1,73.533,129,271.93
142.87,157.8,260.2,293.27
42.6,1,343.4,105.53
141.8,284.73,204.73,358.33
129,1,343.4,331.67
250.6,265.53,343.4,405.27
260.2,242.07,343.4,342.33
1,299.67,89.533,381.8
196.2,1,343.4,105.53
204.73,114.07,275.13,237.8
1,245.27,105.53,427.67
2.0667,44.733,45.8,86.333
129,1,343.4,312.47
1,5.2667,91.667,66.067
251.67,301.8,302.87,379.67
1,1,68.2,212.2
141.8,60.733,189.8,120.47
161,1,262.33,99.133
229.27,12.733,278.33,86.333
1,1,216.47,86.333
292.2,202.6,343.4,296.47
216.47,428.73,276.2,511.93
246.33,1,333.8,60.733
79.933,109.8,196.2,364.73
185.53,387.13,228.2,479.93
1,1,158.87,152.47
300.73,443.67,343.4,487.4
301.8,51.133,343.4,103.4
99.133,107.67,154.6,259.13
225,1,343.4,101.27
45.8,383.93,155.67,511.93
124.73,235.67,244.2,409.53
186.6,1,235.67,54.333
1,1,67.133,44.733
90.6,470.33,219.67,511.93
74.6,302.87,115.13,359.4
1,241,184.47,427.67
236.73,51.133,343.4,314.6
50.067,415.93,105.53,463.93
148.2,94.867,300.73,331.67
211.13,310.33,280.47,451.13
1,285.8,126.87,445.8
60.733,12.733,187.67,86.333
155.67,330.6,216.47,396.73
168.47,209,269.8,355.13
106.6,386.07,179.13,466.07
244.2,62.867,343.4,511.93
124.73,234.6,244.2,409.53
225,247.4,273,289
153.53,111.93,278.33,293.27
26.6,5.2667,91.667,50.067
1,1,99.133,108.73
24.467,92.733,120.47,156.73
235.67,132.2,312.47,324.2
252.73,1,343.4,166.33
182.33,343.4,261.27,435.13
274.07,56.467,343.4,276.2
1,1,68.2,495.93
139.67,122.6,223.93,218.6
172.73,1,343.4,101.27
1,206.87,121.53,278.33
42.6,1,183.4,102.33
174.87,25.533,247.4,85.267
168.47,115.13,308.2,355.13
232.47,57.533,343.4,479.93
252.73,41.533,343.4,105.53
90.6,342.33,157.8,392.47
253.8,265.53,303.93,310.33
241,356.2,305,511.93
1,212.2,174.87,414.87
257,257,343.4,421.27
147.13,114.07,312.47,396.73
1,316.73,175.93,511.93
1,1,158.87,395.67
161,1,343.4,135.4
141.8,308.2,244.2,482.07
10.6,214.33,111.93,325.27
92.733,386.07,294.33,511.93
235.67,200.47,343.4,350.87
158.87,346.6,233.53,457.53
77.8,75.667,120.47,129
129,94.867,300.73,331.67
79.933,109.8,154.6,313.53
1,241,105.53,427.67
1,426.6,113,511.93
1,413.8,158.87,511.93
1,115.13,118.33,244.2
158.87,395.67,294.33,511.93
11.667,72.467,120.47,133.27
182.33,277.27,343.4,511.93
252.73,49,343.4,421.27
124.73,12.733,295.4,140.73
1,67.133,122.6,354.07
129,134.33,185.53,238.87
135.4,1,343.4,331.67
1,137.53,130.07,305
267.67,71.4,343.4,329.53
251.67,316.73,328.47,405.27
1,212.2,88.467,332.73
156.73,411.67,273,511.93
124.73,17,182.33,111.93
1,1,159.93,102.33
294.33,102.33,343.4,216.47
37.267,341.27,120.47,413.8
42.6,1,159.93,68.2
171.67,308.2,244.2,409.53
268.73,1,335.93,56.467
142.87,175.93,211.13,293.27
155.67,470.33,198.33,511.93
62.867,379.67,174.87,447.93
97,103.4,228.2,264.47
141.8,290.07,244.2,482.07
223.93,257,343.4,399.93
135.4,94.867,300.73,331.67
296.47,123.67,341.27,177
199.4,410.6,283.67,494.87
250.6,265.53,343.4,370.07
222.87,438.33,343.4,511.93
20.2,386.07,75.667,447.93
91.667,165.27,295.4,426.6
5.2667,214.33,115.13,409.53
75.667,1,295.4,426.6
151.4,146.07,260.2,301.8
185.53,76.733,241,135.4
286.87,182.33,343.4,307.13
232.47,271.93,297.53,348.73
265.53,33,307.13,81
129,134.33,198.33,238.87
135.4,122.6,219.67,213.27
1,1,93.8,84.2
52.2,1,158.87,136.47
239.93,427.67,289,488.47
89.533,305,150.33,371.13
60.733,427.67,130.07,491.67
8.4667,223.93,67.133,266.6
195.13,339.13,239.93,408.47
1,1,182.33,117.27
22.333,138.6,117.27,266.6
1,422.33,130.07,511.93
1,1,182.33,146.07
79.933,109.8,159.93,313.53
216.47,428.73,294.33,511.93
185.53,313.53,279.4,511.93
68.2,318.87,164.2,412.73
24.467,415.93,105.53,463.93
22.333,299.67,89.533,366.87
296.47,359.4,343.4,460.73
273,243.13,330.6,298.6
10.6,316.73,77.8,376.47
68.2,234.6,142.87,313.53
1,127.93,130.07,312.47
149.27,89.533,286.87,301.8
153.53,164.2,207.93,238.87
88.467,1,154.6,71.4
1,137.53,130.07,312.47
85.267,357.27,179.13,482.07
235.67,284.73,281.53,431.93
229.27,31.933,276.2,91.667
274.07,49,343.4,276.2
239.93,418.07,302.87,488.47
246.33,242.07,330.6,293.27
1,43.667,120.47,244.2
273,376.47,343.4,477.8
99.133,165.27,295.4,426.6
117.27,110.87,162.07,260.2
276.2,313.53,335.93,371.13
60.733,254.87,103.4,299.67
182.33,306.07,281.53,485.27
182.33,343.4,343.4,511.93
300.73,41.533,343.4,103.4
1,309.27,87.4,398.87
235.67,284.73,291.13,431.93
243.13,114.07,312.47,247.4
109.8,445.8,226.07,511.93
252.73,141.8,312.47,191.93
1,328.47,57.533,381.8
55.4,419.13,105.53,469.27
234.6,1,343.4,105.53
161,41.533,245.27,99.133
142.87,77.8,220.73,132.2
4.2,245.27,47.933,296.47
235.67,242.07,343.4,350.87
1,1,93.8,117.27
79.933,109.8,159.93,360.47
1,437.27,123.67,511.93
182.33,362.6,228.2,409.53
227.13,230.33,289,300.73
132.2,136.47,206.87,235.67
293.27,200.47,343.4,293.27
106.6,447.93,168.47,507.67
295.4,242.07,343.4,283.67
182.33,313.53,343.4,511.93
1,169.53,56.467,214.33
1,67.133,85.267,175.93
79.933,178.07,154.6,359.4
131.13,401,182.33,447.93
285.8,243.13,330.6,293.27
267.67,87.4,327.4,139.67
1,413.8,116.2,511.93
86.333,172.73,166.33,315.67
1,387.13,70.333,427.67
102.33,331.67,185.53,442.6
79.933,1,234.6,359.4
181.27,104.47,278.33,183.4
1,342.33,226.07,511.93
146.07,278.33,244.2,469.27
42.6,383.93,155.67,511.93
118.33,1,220.73,186.6
158.87,395.67,231.4,484.2
1,138.6,117.27,395.67
1,357.27,130.07,511.93
118.33,1,220.73,209
1,92.733,113,146.07
78.867,70.333,132.2,110.87
300.73,41.533,343.4,105.53
267.67,71.4,343.4,203.67
227.13,132.2,312.47,324.2
301.8,138.6,343.4,195.13
147.13,114.07,312.47,349.8
1,362.6,185.53,511.93
89.533,241,244.2,482.07
27.667,316.73,77.8,376.47
243.13,115.13,308.2,238.87
275.13,129,343.4,296.47
189.8,168.47,260.2,264.47
204.73,114.07,271.93,181.27
114.07,342.33,157.8,392.47
78.867,392.47,132.2,450.07
1,1,93.8,66.067
276.2,436.2,343.4,511.93
122.6,313.53,279.4,511.93
1,309.27,153.53,511.93
57.533,35.133,140.73,102.33
266.6,324.2,343.4,511.93
158.87,327.4,203.67,386.07
31.933,395.67,106.6,443.67
266.6,51.133,343.4,307.13
250.6,316.73,343.4,511.93
245.27,115.13,308.2,211.13
207.93,12.733,343.4,117.27
127.93,1,182.33,51.133
252.73,195.13,300.73,247.4
97,422.33,199.4,511.93
183.4,201.53,343.4,511.93
1,94.867,94.867,152.47
92.733,386.07,248.47,511.93
87.4,12.733,182.33,72.467
110.87,401,163.13,456.47
163.13,12.733,343.4,155.67
68.2,246.33,145,359.4
227.13,115.13,308.2,300.73
60.733,97,152.47,247.4
222.87,411.67,343.4,511.93
174.87,1,294.33,93.8
267.67,296.47,343.4,438.33
1,228.2,51.133,296.47
42.6,1,159.93,102.33
6.3333,245.27,103.4,296.47
1,309.27,87.4,366.87
1,396.73,45.8,486.33
142.87,81,207.93,137.53
215.4,449,343.4,511.93
275.13,62.867,343.4,296.47
269.8,1,343.4,93.8
142.87,67.133,223.93,137.53
134.33,135.4,188.73,215.4
79.933,154.6,120.47,201.53
109.8,109.8,152.47,202.6
152.47,107.67,210.07,150.33
276.2,289,343.4,371.13
25.533,355.13,104.47,403.13
185.53,309.27,281.53,456.47
91.667,226.07,244.2,426.6
142.87,12.733,295.4,140.73
227.13,165.27,295.4,300.73
244.2,230.33,305,317.8
1,44.733,79.933,90.6
267.67,280.47,310.33,328.47
85.267,345.53,233.53,511.93
20.2,349.8,179.13,463.93
1,92.733,113,161
152.47,116.2,216.47,205.8
36.2,471.4,81,511.93
42.6,12.733,147.13,68.2
226.07,441.53,299.67,511.93
1,294.33,61.8,386.07
243.13,298.6,299.67,355.13
149.27,1,343.4,301.8
218.6,12.733,284.73,106.6
105.53,60.733,193,147.13
1,138.6,85.267,231.4
1,67.133,61.8,151.4
244.2,230.33,293.27,300.73
183.4,310.33,252.73,457.53
56.467,315.67,97,359.4
251.67,316.73,299.67,403.13
1,207.93,103.4,354.07
1,461.8,56.467,511.93
205.8,210.07,273,289
150.33,438.33,280.47,511.93
235.67,229.27,282.6,324.2
263.4,201.53,303.93,243.13
182.33,301.8,343.4,511.93
1,437.27,156.73,511.93
124.73,235.67,195.13,340.2
251.67,316.73,343.4,428.73
1,138.6,85.267,194.07
55.4,419.13,122.6,469.27
236.73,246.33,299.67,355.13
105.53,67.133,158.87,114.07
171.67,273,244.2,426.6
301.8,372.2,343.4,446.87
188.73,242.07,236.73,332.73
1,1,148.2,392.47
164.2,75.667,286.87,135.4
1,355.13,104.47,427.67
220.73,30.867,295.4,103.4
146.07,203.67,187.67,260.2
97,21.267,147.13,102.33
223.93,257,278.33,399.93
10.6,275.13,94.867,325.27
274.07,459.67,343.4,511.93
188.73,372.2,343.4,511.93
179.13,1,278.33,86.333
134.33,135.4,179.13,215.4
181.27,86.333,327.4,183.4
1,441.53,123.67,511.93
92.733,332.73,157.8,395.67
124.73,235.67,236.73,340.2
1,291.13,46.867,337
1,397.8,115.13,511.93
1,365.8,49,486.33
78.867,349.8,155.67,431.93
62.867,1,182.33,127.93
67.133,383.93,219.67,511.93
207.93,257,273,327.4
207.93,12.733,329.53,117.27
1,294.33,70.333,445.8
109.8,12.733,295.4,205.8
5.2667,302.87,115.13,409.53
68.2,107.67,156.73,359.4
252.73,133.27,312.47,191.93
1,138.6,85.267,191.93
232.47,244.2,343.4,348.73
1,92.733,118.33,331.67
12.733,214.33,111.93,299.67
253.8,62.867,343.4,332.73
166.33,1,333.8,90.6
1,1,108.73,117.27
118.33,1,241,186.6
171.67,264.47,244.2,426.6
62.867,379.67,213.27,511.93
1,378.6,49,430.87
231.4,114.07,271.93,181.27
284.73,57.533,343.4,293.27
185.53,313.53,261.27,456.47
37.267,315.67,120.47,413.8
174.87,41.533,245.27,85.267
151.4,89.533,286.87,301.8
199.4,410.6,247.4,451.13
205.8,187.67,273,289
277.27,313.53,343.4,370.07
215.4,417,343.4,511.93
191.93,249.53,244.2,327.4
1,74.6,46.867,123.67
22.333,72.467,114.07,162.07
1,422.33,57.533,511.93
219.67,86.333,327.4,139.67
1,191.93,43.667,354.07
141.8,308.2,244.2,409.53
1,1,162.07,152.47
84.2,299.67,133.27,360.47
158.87,395.67,220.73,436.2
223.93,152.47,297.53,309.27
52.2,115.13,118.33,244.2
166.33,27.667,246.33,90.6
45.8,441.53,123.67,511.93
245.27,62.867,343.4,332.73
253.8,62.867,343.4,318.87
220.73,438.33,280.47,511.93
1,422.33,81,511.93
178.07,1,235.67,54.333
1,1,188.73,66.067
101.27,18.067,145,86.333
166.33,1,343.4,139.67
78.867,349.8,179.13,431.93
191.93,187.67,273,327.4
158.87,378.6,218.6,438.33
1,12.733,127.93,354.07
246.33,284.73,318.87,399.93
1,72.467,122.6,290.07
250.6,401,343.4,479.93
291.13,333.8,343.4,452.2
1,251.67,77.8,305
142.87,67.133,234.6,137.53
1,36.2,68.2,86.333
199.4,318.87,315.67,511.93
86.333,223.93,166.33,380.73
1,175.93,54.333,220.73
262.33,269.8,303.93,318.87
78.867,70.333,135.4,110.87
252.73,114.07,312.47,212.2
1,357.27,115.13,453.27
267.67,71.4,338.07,139.67
283.67,60.733,343.4,276.2
175.93,17,262.33,68.2
51.133,275.13,94.867,325.27
219.67,86.333,292.2,134.33
122.6,447.93,185.53,500.2
267.67,295.4,343.4,350.87
62.867,1,161,127.93
186.6,62.867,308.2,147.13
291.13,102.33,343.4,293.27
161,1,294.33,135.4
185.53,339.13,255.93,456.47
1,67.133,69.267,127.93
22.333,93.8,114.07,149.27
1,1,127.93,175.93
109.8,1,295.4,152.47
92.733,18.067,145,110.87
289,289,343.4,340.2
67.133,401,168.47,456.47
1,1,68.2,86.333
86.333,97,166.33,334.87
252.73,114.07,312.47,191.93
103.4,460.73,158.87,501.27
124.73,18.067,219.67,140.73
245.27,49,343.4,332.73
142.87,65,219.67,140.73
1,458.6,56.467,511.93
275.13,51.133,343.4,207.93
86.333,459.67,219.67,511.93
71.4,301.8,115.13,360.47
61.8,362.6,129,433
1,92.733,94.867,152.47
277.27,269.8,323.13,340.2
275.13,359.4,343.4,460.73
75.667,153.53,118.33,267.67
5.2667,363.67,71.4,410.6
215.4,449,321,511.93
266.6,333.8,323.13,434.07
188.73,419.13,321,511.93
1,421.27,60.733,484.2
92.733,332.73,164.2,403.13
243.13,141.8,312.47,219.67
223.93,277.27,278.33,399.93
229.27,33,274.07,99.133
286.87,359.4,343.4,460.73
265.53,130.07,308.2,179.13
14.867,225,88.467,308.2
204.73,385,252.73,444.73
239.93,378.6,280.47,434.07
1,308.2,87.4,366.87
1,46.867,44.733,117.27
26.6,413.8,116.2,511.93
286.87,395.67,343.4,477.8
99.133,226.07,203.67,386.07
20.2,386.07,105.53,463.93
71.4,138.6,129,271.93
234.6,1,327.4,83.133
1,245.27,105.53,331.67
124.73,1,235.67,100.2
155.67,330.6,221.8,396.73
269.8,337,343.4,477.8
181.27,111.93,278.33,183.4
57.533,392.47,132.2,450.07
62.867,12.733,123.67,88.467
131.13,401,204.73,476.73
1,43.667,66.067,150.33
276.2,295.4,343.4,350.87
241,356.2,299.67,472.47
25.533,125.8,114.07,229.27
275.13,51.133,343.4,307.13
1,138.6,117.27,266.6
106.6,392.47,150.33,460.73
297.53,138.6,343.4,205.8
57.533,136.47,120.47,213.27
1,12.733,127.93,175.93
238.87,457.53,280.47,511.93
174.87,75.667,244.2,135.4
142.87,386.07,185.53,442.6
1,173.8,118.33,330.6
172.73,1,343.4,90.6
297.53,200.47,343.4,303.93
1,43.667,120.47,150.33
1,169.53,69.267,220.73
266.6,324.2,343.4,434.07
1,163.13,100.2,262.33
50.067,75.667,120.47,133.27
1,309.27,87.4,386.07
142.87,70.333,207.93,137.53
1,1,93.8,44.733
1,1,145,175.93
131.13,76.733,262.33,150.33
131.13,449,185.53,494.87
1,309.27,104.47,427.67
124.73,12.733,295.4,205.8
211.13,168.47,260.2,237.8
300.73,324.2,343.4,438.33
250.6,264.47,315.67,316.73
285.8,180.2,343.4,329.53
230.33,277.27,278.33,376.47
246.33,284.73,296.47,392.47
141.8,67.133,234.6,152.47
194.07,411.67,273,506.6
60.733,107.67,152.47,247.4
177,1,263.4,76.733
301.8,137.53,343.4,195.13
235.67,277.27,291.13,431.93
155.67,330.6,200.47,386.07
1,342.33,195.13,497
99.133,386.07,191.93,502.33
1,44.733,75.667,86.333
1,67.133,67.133,122.6
114.07,13.8,207.93,203.67
68.2,274.07,118.33,334.87
15.933,46.867,123.67,122.6
190.87,1,278.33,86.333
22.333,342.33,81,389.27
207.93,313.53,261.27,374.33
250.6,401,343.4,511.93
285.8,363.67,328.47,405.27
244.2,165.27,297.53,234.6
232.47,411.67,277.27,462.87
185.53,366.87,255.93,456.47
58.6,418.07,106.6,470.33
250.6,264.47,343.4,349.8
284.73,133.27,343.4,195.13
246.33,282.6,297.53,324.2
234.6,165.27,297.53,300.73
226.07,165.27,286.87,223.93
107.67,17,149.27,69.267
68.2,115.13,113,162.07
201.53,327.4,250.6,433
184.47,387.13,228.2,479.93
124.73,1,182.33,111.93
1,428.73,44.733,477.8
178.07,1,273,56.467
135.4,134.33,198.33,215.4
92.733,269.8,137.53,313.53
86.333,1,158.87,49
185.53,353,281.53,456.47
182.33,388.2,253.8,435.13
107.67,23.4,151.4,69.267
158.87,366.87,218.6,438.33
252.73,200.47,343.4,303.93
222.87,438.33,310.33,511.93
220.73,201.53,303.93,278.33
60.733,430.87,105.53,479.93
3.1333,228.2,49,278.33
1,426.6,115.13,511.93
1,149.27,148.2,391.4
169.53,313.53,279.4,511.93
150.33,446.87,245.27,511.93
85.267,357.27,126.87,398.87
126.87,40.467,173.8,103.4
146.07,278.33,203.67,349.8
1,207.93,90.6,312.47
107.67,22.333,149.27,69.267
215.4,427.67,303.93,511.93
261.27,27.667,343.4,101.27
244.2,230.33,303.93,317.8
154.6,122.6,219.67,197.27
24.467,333.8,87.4,375.4
1,1,145,117.27
66.067,46.867,123.67,88.467
146.07,159.93,228.2,264.47
24.467,309.27,87.4,366.87
252.73,70.333,312.47,166.33
293.27,333.8,343.4,446.87
2.0667,89.533,61.8,131.13
57.533,357.27,115.13,453.27
85.267,345.53,199.4,482.07
293.27,200.47,343.4,329.53
182.33,433,244.2,506.6
87.4,12.733,187.67,72.467
103.4,393.53,163.13,482.07
241,356.2,281.53,413.8
117.27,213.27,159.93,260.2
97,395.67,213.27,511.93
1,421.27,43.667,495.93
269.8,376.47,324.2,428.73
166.33,1,296.47,107.67
1,137.53,130.07,229.27
195.13,75.667,244.2,127.93
142.87,157.8,201.53,264.47
218.6,372.2,343.4,479.93
121.53,60.733,193,147.13
127.93,386.07,179.13,447.93
5.2667,314.6,99.133,409.53
201.53,327.4,250.6,441.53
267.67,1,343.4,117.27
155.67,284.73,204.73,348.73
251.67,417,299.67,484.2
1,46.867,108.73,125.8
286.87,395.67,343.4,479.93
75.667,153.53,118.33,211.13
107.67,17,151.4,69.267
83.133,308.2,174.87,414.87
99.133,226.07,244.2,426.6
173.8,234.6,223.93,294.33
152.47,177,207.93,246.33
148.2,273,244.2,426.6
217.53,360.47,280.47,435.13
83.133,143.93,156.73,349.8
190.87,1,269.8,70.333
10.6,282.6,67.133,325.27
294.33,174.87,343.4,216.47
290.07,138.6,343.4,276.2
142.87,164.2,186.6,218.6
161,193,201.53,271.93
1,197.27,81,266.6
220.73,141.8,308.2,278.33
1,364.73,153.53,511.93
129,134.33,201.53,264.47
60.733,302.87,115.13,367.93
125.8,243.13,167.4,284.73
263.4,443.67,321,511.93
169.53,395.67,210.07,441.53
142.87,136.47,206.87,218.6
267.67,296.47,343.4,349.8
61.8,362.6,150.33,465
124.73,345.53,184.47,412.73
124.73,243.13,175.93,340.2
130.07,1,183.4,102.33
148.2,319.93,250.6,441.53
1,362.6,150.33,465
268.73,424.47,343.4,479.93
1,67.133,62.867,212.2
1,405.27,126.87,497
1,136.47,62.867,187.67
22.333,342.33,99.133,409.53
161,1,294.33,99.133
142.87,86.333,207.93,137.53
129,62.867,308.2,264.47
276.2,313.53,343.4,370.07
155.67,136.47,197.27,178.07
1,356.2,75.667,511.93
57.533,392.47,132.2,451.13
269.8,28.733,329.53,93.8
42.6,383.93,158.87,511.93
67.133,388.2,168.47,456.47
109.8,1,235.67,152.47
163.13,1,343.4,155.67
1,206.87,121.53,305
92.733,332.73,157.8,403.13
1,197.27,43.667,248.47
187.67,287.93,244.2,398.87
220.73,12.733,295.4,103.4
246.33,243.13,330.6,293.27
236.73,246.33,282.6,314.6
72.467,418.07,130.07,491.67
83.133,163.13,156.73,349.8
66.067,31.933,127.93,117.27
1,245.27,105.53,300.73
183.4,14.867,244.2,85.267
124.73,17,235.67,140.73
274.07,395.67,343.4,511.93
1,169.53,49,214.33
89.533,305,150.33,366.87
151.4,423.4,199.4,474.6
252.73,130.07,335.93,181.27
148.2,165.27,295.4,426.6
294.33,461.8,339.13,511.93
136.47,429.8,195.13,475.67
24.467,94.867,74.6,142.87
206.87,353,255.93,435.13
269.8,324.2,343.4,428.73
158.87,395.67,222.87,484.2
24.467,94.867,94.867,142.87
301.8,133.27,343.4,195.13
1,73.533,113,203.67
182.33,396.73,233.53,457.53
10.6,251.67,94.867,325.27
1,154.6,54.333,212.2
86.333,31.933,145,89.533
227.13,165.27,297.53,300.73
223.93,165.27,297.53,309.27
169.53,395.67,244.2,506.6
1,309.27,88.467,412.73
85.267,345.53,184.47,412.73
20.2,386.07,70.333,430.87
89.533,305,164.2,380.73
1,136.47,110.87,203.67
235.67,271.93,279.4,314.6
58.6,418.07,106.6,465
239.93,360.47,283.67,471.4
267.67,85.267,338.07,139.67
302.87,62.867,343.4,103.4
237.8,467.13,279.4,511.93
182.33,387.13,228.2,485.27
237.8,30.867,295.4,103.4
6.3333,245.27,105.53,297.53
51.133,1,93.8,71.4
90.6,12.733,147.13,68.2
1,74.6,85.267,175.93
83.133,308.2,153.53,414.87
92.733,1,145,110.87
42.6,467.13,111.93,511.93
259.13,376.47,343.4,479.93
135.4,137.53,179.13,213.27
103.4,319.93,250.6,511.93
1,280.47,94.867,381.8
1,207.93,103.4,325.27
35.133,115.13,113,178.07
293.27,241,343.4,293.27
53.267,163.13,117.27,264.47
163.13,114.07,210.07,155.67
74.6,97,206.87,359.4
302.87,470.33,343.4,511.93
274.07,28.733,329.53,93.8
79.933,175.93,154.6,313.53
177,1,343.4,76.733
205.8,165.27,286.87,284.73
174.87,41.533,247.4,85.267
103.4,401,163.13,482.07
85.267,316.73,184.47,412.73
141.8,315.67,195.13,358.33
146.07,278.33,203.67,386.07
67.133,383.93,195.13,488.47
146.07,164.2,207.93,260.2
7.4,333.8,87.4,375.4
1,149.27,148.2,392.47
267.67,1,343.4,139.67
1,1,119.4,84.2
150.33,451.13,230.33,499.13
1,44.733,63.933,86.333
1,363.67,75.667,444.73
125.8,243.13,175.93,323.13
169.53,395.67,213.27,486.33
1,136.47,61.8,187.67
124.73,345.53,179.13,412.73
42.6,383.93,175.93,511.93
124.73,241,175.93,340.2
83.133,103.4,156.73,359.4
149.27,425.53,218.6,482.07
158.87,366.87,233.53,457.53
178.07,1,294.33,93.8
103.4,426.6,175.93,501.27
265.53,100.2,312.47,166.33
62.867,12.733,145,88.467
1,280.47,94.867,375.4
289,290.07,343.4,340.2
193,306.07,281.53,431.93
4.2,328.47,57.533,381.8
222.87,348.73,281.53,431.93
293.27,200.47,339.13,251.67
227.13,81,286.87,134.33
63.933,202.6,122.6,290.07
36.2,470.33,90.6,511.93
290.07,223.93,331.67,276.2
267.67,43.667,343.4,139.67
237.8,449,321,511.93
301.8,289,343.4,329.53
62.867,12.733,145,110.87
211.13,168.47,275.13,237.8
185.53,76.733,254.87,135.4
166.33,1,299.67,107.67
1,421.27,60.733,511.93
22.333,72.467,114.07,149.27
1,386.07,75.667,511.93
182.33,339.13,239.93,446.87
1,67.133,87.4,127.93
250.6,410.6,310.33,470.33
229.27,33,274.07,91.667
1,443.67,126.87,497
106.6,369,179.13,462.87
182.33,396.73,233.53,445.8
276.2,313.53,343.4,371.13
131.13,81,210.07,150.33
2.0667,245.27,105.53,331.67
193,309.27,281.53,431.93
269.8,365.8,331.67,428.73
142.87,175.93,190.87,275.13
218.6,12.733,329.53,109.8
86.333,1,158.87,54.333
61.8,362.6,129,465
154.6,122.6,219.67,195.13
230.33,438.33,321,511.93
167.4,346.6,216.47,396.73
291.13,62.867,343.4,141.8
268.73,436.2,343.4,479.93
187.67,159.93,260.2,249.53
200.47,366.87,252.73,454.33
284.73,132.2,343.4,209
4.2,149.27,103.4,296.47
153.53,177,207.93,238.87
267.67,312.47,343.4,438.33
83.133,97,206.87,359.4
211.13,427.67,303.93,511.93
237.8,458.6,303.93,511.93
229.27,40.467,269.8,86.333
51.133,115.13,113,171.67
173.8,273,244.2,402.07
1,444.73,43.667,486.33
124.73,18.067,235.67,140.73
234.6,165.27,295.4,235.67
1,73.533,113,146.07
175.93,1,267.67,85.267
291.13,333.8,343.4,446.87
257,265.53,303.93,308.2
244.2,230.33,343.4,329.53
62.867,12.733,119.4,63.933
86.333,223.93,166.33,315.67
291.13,102.33,343.4,151.4
235.67,242.07,330.6,324.2
1,1,119.4,117.27
60.733,164.2,134.33,247.4
293.27,180.2,343.4,329.53
241,356.2,281.53,431.93
182.33,339.13,239.93,435.13
98.067,1,161,51.133
35.133,67.133,120.47,138.6
42.6,397.8,97,443.67
42.6,12.733,101.27,65
289,290.07,333.8,340.2
142.87,65,235.67,140.73
245.27,141.8,308.2,219.67
244.2,62.867,343.4,329.53
1,270.87,89.533,331.67
26.6,413.8,77.8,511.93
1,365.8,69.267,486.33
243.13,195.13,300.73,247.4
283.67,56.467,343.4,276.2
1,421.27,46.867,495.93
222.87,438.33,294.33,511.93
103.4,316.73,166.33,382.87
1,1,149.27,71.4
65,444.73,126.87,491.67
52.2,85.267,120.47,136.47
257,313.53,343.4,511.93
275.13,391.4,324.2,431.93
217.53,439.4,303.93,511.93
183.4,277.27,265.53,457.53
53.267,125.8,114.07,171.67
1,94.867,45.8,138.6
122.6,342.33,185.53,442.6
114.07,13.8,234.6,203.67
25.533,164.2,90.6,229.27
57.533,136.47,110.87,177
85.267,316.73,233.53,511.93
229.27,33,296.47,107.67
1,173.8,148.2,391.4
1,405.27,58.6,445.8
195.13,308.2,244.2,361.53
118.33,110.87,162.07,209
250.6,265.53,303.93,327.4
71.4,153.53,118.33,267.67
1,115.13,113,214.33
1,270.87,87.4,331.67
276.2,469.27,321,511.93
218.6,12.733,295.4,106.6
269.8,324.2,343.4,477.8
175.93,14.867,244.2,85.267
286.87,182.33,328.47,230.33
89.533,305,142.87,366.87
252.73,244.2,343.4,421.27
267.67,265.53,310.33,328.47
1,67.133,109.8,175.93
68.2,318.87,156.73,412.73
178.07,1,239.93,56.467
66.067,35.133,121.53,103.4
33,145,76.733,204.73
274.07,418.07,315.67,504.47
25.533,289,78.867,329.53
34.067,186.6,116.2,306.07
136.47,404.2,195.13,447.93
251.67,301.8,302.87,357.27
63.933,202.6,122.6,270.87
68.2,246.33,145,334.87
1,309.27,88.467,426.6
299.67,102.33,343.4,151.4
201.53,188.73,245.27,252.73
149.27,428.73,196.2,469.27
1,67.133,67.133,127.93
1,161,49,204.73
253.8,138.6,343.4,318.87
147.13,165.27,286.87,349.8
1,333.8,87.4,386.07
153.53,127.93,260.2,293.27
61.8,355.13,120.47,413.8
274.07,422.33,314.6,504.47
250.6,449,305,511.93
1,1,159.93,71.4
235.67,271.93,297.53,324.2
1,356.2,77.8,511.93
99.133,107.67,156.73,259.13
1,365.8,49,495.93
277.27,313.53,335.93,371.13
154.6,239.93,211.13,293.27
149.27,111.93,239.93,246.33
1,147.13,118.33,331.67
60.733,430.87,130.07,491.67
83.133,97,156.73,359.4
1,1,99.133,152.47
136.47,17,182.33,78.867
191.93,265.53,233.53,319.93
232.47,244.2,343.4,479.93
1,369,70.333,445.8
193,339.13,281.53,431.93
1,12.733,83.133,65
222.87,438.33,280.47,511.93
280.47,420.2,343.4,487.4
1,52.2,51.133,95.933
42.6,467.13,115.13,511.93
1,422.33,57.533,477.8
267.67,312.47,328.47,393.53
1,161,49,211.13
43.667,136.47,110.87,203.67
142.87,175.93,190.87,264.47
1,152.47,58.6,193
97,449,185.53,511.93
1,1,158.87,215.4
85.267,357.27,199.4,482.07
35.133,231.4,104.47,295.4
282.6,62.867,343.4,145
7.4,93.8,61.8,145
53.267,180.2,117.27,264.47
106.6,401,163.13,462.87
253.8,246.33,321,318.87
118.33,60.733,181.27,186.6
197.27,113,244.2,183.4
138.6,135.4,179.13,206.87
1,365.8,49,409.53
185.53,353,255.93,456.47
291.13,57.533,343.4,293.27
97,264.47,196.2,364.73
102.33,347.67,153.53,392.47
294.33,137.53,343.4,207.93
66.067,35.133,140.73,102.33
88.467,1,154.6,68.2
226.07,411.67,279.4,511.93
277.27,335.93,343.4,470.33
86.333,470.33,219.67,511.93
106.6,386.07,191.93,502.33
254.87,185.53,302.87,259.13
254.87,1,343.4,59.667
85.267,345.53,199.4,511.93
1,433,108.73,483.13
270.87,100.2,312.47,149.27
287.93,372.2,343.4,479.93
97,8.4667,155.67,102.33
1,1,85.267,108.73
1,365.8,49,430.87
215.4,439.4,303.93,511.93
1,437.27,68.2,511.93
66.067,12.733,127.93,117.27
52.2,95.933,98.067,138.6
252.73,195.13,297.53,235.67
298.6,401,343.4,459.67
103.4,401,163.13,465
298.6,276.2,343.4,340.2
3.1333,100.2,85.267,171.67
275.13,85.267,343.4,207.93
158.87,392.47,247.4,441.53
259.13,296.47,343.4,479.93
171.67,348.73,214.33,399.93
50.067,356.2,99.133,409.53
67.133,386.07,195.13,461.8
68.2,383.93,153.53,444.73
155.67,136.47,223.93,178.07
251.67,316.73,319.93,393.53
166.33,1,235.67,45.8
155.67,122.6,223.93,178.07
51.133,1,158.87,136.47
122.6,425.53,230.33,511.93
286.87,395.67,343.4,511.93
1,334.87,56.467,398.87
136.47,425.53,213.27,475.67
60.733,35.133,139.67,86.333
185.53,378.6,242.07,456.47
211.13,427.67,305,511.93
268.73,376.47,343.4,479.93
1,280.47,94.867,364.73
68.2,401,122.6,443.67
107.67,178.07,154.6,313.53
235.67,143.93,312.47,324.2
149.27,164.2,207.93,246.33
274.07,1,343.4,65
1,207.93,87.4,280.47
1,72.467,114.07,191.93
300.73,337,343.4,438.33
233.53,111.93,278.33,175.93
35.133,471.4,81,511.93
219.67,62.867,308.2,134.33
109.8,447.93,164.2,505.53
149.27,99.133,239.93,246.33
268.73,401,343.4,479.93
134.33,459.67,226.07,511.93
152.47,100.2,201.53,147.13
291.13,60.733,343.4,141.8
141.8,67.133,234.6,150.33
87.4,349.8,152.47,394.6
1,147.13,118.33,267.67
12.733,245.27,90.6,311.4
290.07,43.667,343.4,104.47
1,294.33,72.467,445.8
1,12.733,43.667,66.067
244.2,230.33,303.93,310.33
1,163.13,100.2,266.6
177,14.867,267.67,85.267
67.133,383.93,168.47,444.73
57.533,245.27,104.47,290.07
68.2,383.93,153.53,443.67
35.133,427.67,130.07,511.93
206.87,353,281.53,435.13
1,92.733,59.667,145
51.133,470.33,113,511.93
186.6,1,235.67,45.8
76.733,1,154.6,102.33
1,281.53,51.133,334.87
1,149.27,103.4,296.47
232.47,244.2,297.53,348.73
109.8,445.8,186.6,505.53
187.67,287.93,237.8,358.33
252.73,50.067,296.47,107.67
86.333,24.467,127.93,72.467
265.53,344.47,343.4,421.27
36.2,397.8,79.933,459.67
1,280.47,94.867,366.87
147.13,257,273,349.8
34.067,214.33,111.93,306.07
122.6,439.4,191.93,502.33
31.933,413.8,116.2,511.93
1,207.93,87.4,259.13
172.73,35.133,223.93,90.6
99.133,219.67,203.67,386.07
1,136.47,61.8,179.13
216.47,428.73,262.33,511.93
25.533,164.2,122.6,290.07
141.8,284.73,204.73,394.6
103.4,422.33,199.4,482.07
220.73,89.533,286.87,181.27
103.4,422.33,154.6,482.07
218.6,31.933,284.73,106.6
243.13,141.8,312.47,214.33
66.067,35.133,139.67,86.333
1,280.47,148.2,391.4
121.53,461.8,242.07,511.93
235.67,277.27,298.6,433
121.53,445.8,248.47,511.93
1,378.6,56.467,430.87
31.933,397.8,97,443.67
293.27,200.47,339.13,329.53
291.13,73.533,343.4,141.8
206.87,187.67,251.67,250.6
155.67,136.47,206.87,178.07
175.93,1,343.4,85.267
2.0667,270.87,87.4,331.67
296.47,133.27,343.4,195.13
293.27,202.6,343.4,296.47
188.73,418.07,343.4,511.93
158.87,319.93,250.6,441.53
188.73,445.8,233.53,511.93
20.2,386.07,98.067,430.87
12.733,71.4,108.73,125.8
239.93,360.47,283.67,466.07
12.733,214.33,95.933,263.4
152.47,88.467,219.67,140.73
187.67,127.93,260.2,249.53
274.07,418.07,314.6,504.47
136.47,425.53,204.73,476.73
287.93,395.67,334.87,472.47
284.73,200.47,326.33,252.73
58.6,106.6,114.07,149.27
226.07,445.8,275.13,511.93
200.47,338.07,343.4,473.53
117.27,153.53,159.93,260.2
31.933,413.8,116.2,494.87
34.067,202.6,116.2,306.07
1,207.93,43.667,259.13
53.267,209,106.6,264.47
237.8,439.4,303.93,511.93
141.8,60.733,189.8,115.13
25.533,145,89.533,229.27
67.133,392.47,129,433
124.73,19.133,182.33,100.2
1,140.73,76.733,191.93
87.4,12.733,147.13,68.2
10.6,245.27,90.6,312.47
182.33,313.53,343.4,473.53
141.8,67.133,234.6,137.53
183.4,205.8,343.4,511.93
182.33,387.13,228.2,479.93
1,289,78.867,337
205.8,228.2,269.8,284.73
24.467,92.733,94.867,156.73
13.8,1,87.4,87.4
227.13,411.67,273,466.07
234.6,179.13,295.4,235.67
227.13,242.07,278.33,300.73
117.27,401,174.87,447.93
254.87,185.53,302.87,301.8
115.13,401,168.47,442.6
239.93,378.6,283.67,466.07
130.07,1,181.27,102.33
60.733,433,116.2,483.13
1,191.93,43.667,298.6
185.53,25.533,226.07,85.267
153.53,229.27,211.13,293.27
67.133,392.47,168.47,444.73
1,67.133,67.133,121.53
1,426.6,108.73,511.93
58.6,115.13,111.93,185.53
253.8,205.8,343.4,342.33
1,289,91.667,394.6
293.27,137.53,343.4,293.27
239.93,348.73,281.53,431.93
99.133,107.67,153.53,202.6
294.33,461.8,343.4,511.93
89.533,241,175.93,366.87
230.33,31.933,294.33,83.133
168.47,415.93,222.87,484.2
1,138.6,117.27,312.47
291.13,359.4,343.4,460.73
1,280.47,133.27,391.4
92.733,245.27,146.07,313.53
129,122.6,219.67,238.87
188.73,419.13,343.4,511.93
173.8,299.67,234.6,402.07
276.2,295.4,343.4,370.07
151.4,159.93,228.2,301.8
199.4,410.6,283.67,487.4
1,210.07,49,278.33
274.07,460.73,322.07,511.93
185.53,378.6,255.93,456.47
102.33,21.267,147.13,68.2
257,257,343.4,371.13
226.07,318.87,314.6,511.93
149.27,423.4,199.4,478.87
83.133,143.93,156.73,359.4
142.87,97,189.8,137.53
200.47,313.53,343.4,473.53
150.33,451.13,230.33,511.93
66.067,35.133,121.53,82.067
295.4,138.6,343.4,252.73
174.87,91.667,232.47,135.4
55.4,423.4,116.2,483.13
294.33,141.8,343.4,207.93
297.53,263.4,343.4,303.93
152.47,107.67,201.53,150.33
277.27,335.93,343.4,460.73
1,175.93,69.267,220.73
114.07,1,234.6,203.67
275.13,129,343.4,207.93
1,303.93,57.533,381.8
245.27,177,286.87,219.67
44.733,138.6,110.87,213.27
236.73,229.27,282.6,324.2
103.4,393.53,230.33,511.93
223.93,226.07,278.33,309.27
228.2,31.933,276.2,95.933
21.267,12.733,66.067,87.4
1,468.2,54.333,511.93
293.27,202.6,338.07,296.47
12.733,220.73,87.4,263.4
284.73,123.67,341.27,203.67
1,43.667,66.067,95.933
241,27.667,343.4,109.8
68.2,383.93,174.87,447.93
205.8,209,269.8,309.27
276.2,297.53,335.93,371.13
99.133,286.87,203.67,386.07
123.67,455.4,175.93,501.27
60.733,236.73,111.93,299.67
1,185.53,83.133,231.4
283.67,365.8,326.33,407.4
68.2,255.93,142.87,334.87
1,280.47,83.133,337
136.47,18.067,182.33,78.867
1,186.6,116.2,312.47
85.267,357.27,179.13,462.87
218.6,381.8,296.47,443.67
274.07,1,343.4,55.4
42.6,163.13,117.27,264.47
227.13,411.67,273,460.73
1,180.2,130.07,229.27
35.133,40.467,87.4,87.4
43.667,214.33,95.933,257
297.53,138.6,343.4,241
1,1,83.133,65
12.733,71.4,75.667,125.8
182.33,433,232.47,506.6
1,280.47,94.867,391.4
1,387.13,70.333,445.8
168.47,209,269.8,348.73
171.67,299.67,221.8,426.6
51.133,267.67,103.4,325.27
283.67,138.6,343.4,276.2
250.6,269.8,300.73,316.73
244.2,43.667,295.4,103.4
133.27,332.73,174.87,396.73
187.67,319.93,250.6,392.47
50.067,364.73,153.53,443.67
83.133,429.8,195.13,488.47
190.87,248.47,236.73,332.73
31.933,413.8,77.8,494.87
237.8,449,305,511.93
68.2,401,122.6,444.73
196.2,1,296.47,107.67
155.67,177,207.93,238.87
187.67,319.93,250.6,407.4
25.533,180.2,130.07,226.07
239.93,306.07,281.53,431.93
99.133,37.267,145,89.533
67.133,401,168.47,444.73
52.2,85.267,123.67,136.47
263.4,200.47,326.33,252.73
93.8,318.87,156.73,395.67
264.47,143.93,312.47,250.6
67.133,386.07,179.13,456.47
269.8,324.2,343.4,511.93
220.73,228.2,286.87,278.33
300.73,337,343.4,391.4
1,437.27,68.2,507.67
139.67,13.8,182.33,72.467
293.27,241,343.4,283.67
1,396.73,45.8,463.93
78.867,380.73,155.67,431.93
163.13,116.2,216.47,181.27
229.27,439.4,303.93,511.93
269.8,337,343.4,399.93
89.533,315.67,151.4,366.87
134.33,470.33,219.67,511.93
118.33,13.8,220.73,186.6
241,40.467,329.53,109.8
225,1,343.4,59.667
149.27,177,207.93,246.33
230.33,31.933,294.33,93.8
2.0667,44.733,45.8,92.733
1,309.27,58.6,350.87
147.13,278.33,218.6,349.8
261.27,49,308.2,101.27
149.27,425.53,209,474.6
5.2667,363.67,75.667,439.4
92.733,178.07,154.6,313.53
43.667,237.8,88.467,283.67
194.07,440.47,253.8,506.6
1,163.13,118.33,267.67
83.133,308.2,131.13,349.8
253.8,205.8,343.4,511.93
2.0667,245.27,103.4,331.67
149.27,429.8,195.13,475.67
239.93,318.87,280.47,431.93
152.47,177,207.93,238.87
199.4,410.6,271.93,487.4
257,258.07,343.4,371.13
267.67,90.6,343.4,139.67
44.733,247.4,103.4,295.4
257,338.07,343.4,473.53
285.8,198.33,334.87,238.87
1,386.07,195.13,497
1,207.93,95.933,312.47
182.33,339.13,239.93,447.93
185.53,387.13,228.2,447.93
142.87,97,190.87,137.53
66.067,1,149.27,55.4
273,367.93,323.13,434.07
21.267,363.67,71.4,410.6
26.6,251.67,77.8,311.4
1,137.53,110.87,213.27
186.6,104.47,232.47,147.13
199.4,410.6,273,487.4
57.533,398.87,115.13,453.27
230.33,438.33,271.93,511.93
66.067,35.133,121.53,117.27
1,89.533,66.067,150.33
1,1,83.133,71.4
52.2,181.27,95.933,244.2
1,444.73,43.667,495.93
259.13,242.07,343.4,342.33
5.2667,386.07,75.667,447.93
291.13,62.867,343.4,142.87
103.4,401,150.33,465
57.533,383.93,155.67,463.93
3.1333,228.2,51.133,296.47
234.6,31.933,294.33,83.133
164.2,114.07,210.07,155.67
124.73,369,179.13,412.73
15.933,73.533,108.73,122.6
52.2,173.8,118.33,244.2
122.6,451.13,230.33,511.93
102.33,347.67,157.8,391.4
245.27,159.93,294.33,211.13
37.267,264.47,77.8,311.4
36.2,285.8,126.87,413.8
267.67,319.93,319.93,393.53
290.07,138.6,343.4,278.33
263.4,458.6,305,504.47
40.467,316.73,94.867,364.73
36.2,285.8,120.47,413.8
1,195.13,55.4,237.8
173.8,242.07,215.4,294.33
106.6,447.93,164.2,507.67
250.6,269.8,294.33,316.73
193,339.13,241,408.47
265.53,362.6,309.27,405.27
1,94.867,94.867,142.87
5.2667,90.6,61.8,131.13
265.53,165.27,312.47,222.87
14.867,1,67.133,44.733
259.13,205.8,343.4,342.33
43.667,237.8,109.8,289
88.467,1,154.6,102.33
52.2,75.667,120.47,138.6
1,415.93,44.733,490.6
83.133,178.07,154.6,349.8
111.93,8.4667,154.6,68.2
136.47,406.33,178.07,447.93
287.93,337,343.4,383.93
287.93,372.2,343.4,469.27
257,265.53,310.33,365.8
33,186.6,116.2,306.07
131.13,401,174.87,447.93
1,362.6,185.53,465
136.47,425.53,204.73,471.4
183.4,25.533,226.07,85.267
202.6,366.87,252.73,454.33
1,45.8,68.2,86.333
253.8,205.8,343.4,349.8
103.4,426.6,149.27,482.07
1,1,75.667,108.73
4.2,181.27,98.067,296.47
2.0667,1,75.667,108.73
269.8,313.53,343.4,380.73
1,1,120.47,156.73
266.6,333.8,317.8,378.6
199.4,410.6,261.27,451.13
121.53,445.8,242.07,511.93
71.4,24.467,145,101.27
106.6,405.27,155.67,466.07
4.2,328.47,57.533,375.4
69.267,118.33,111.93,162.07
267.67,325.27,319.93,393.53
52.2,24.467,145,136.47
34.067,214.33,111.93,291.13
35.133,467.13,115.13,511.93
202.6,385,252.73,454.33
35.133,45.8,75.667,87.4
118.33,105.53,164.2,186.6
5.2667,231.4,104.47,312.47
239.93,318.87,282.6,443.67
204.73,337,250.6,392.47
118.33,77.8,220.73,209
200.47,366.87,252.73,457.53
83.133,308.2,151.4,366.87
259.13,201.53,303.93,278.33
67.133,401,168.47,442.6
134.33,219.67,185.53,312.47
218.6,385,271.93,435.13
295.4,141.8,343.4,184.47
4.2,313.53,87.4,366.87
122.6,447.93,174.87,502.33
7.4,185.53,90.6,226.07
290.07,223.93,343.4,276.2
152.47,13.8,195.13,72.467
142.87,77.8,220.73,150.33
68.2,234.6,111.93,306.07
42.6,138.6,117.27,266.6
232.47,271.93,279.4,348.73
26.6,237.8,88.467,308.2
69.267,115.13,111.93,185.53
260.2,242.07,343.4,340.2
151.4,235.67,195.13,301.8
220.73,89.533,286.87,134.33
40.467,315.67,97,359.4
122.6,331.67,185.53,442.6
77.8,75.667,120.47,117.27
149.27,439.4,191.93,482.07
26.6,185.53,83.133,229.27
114.07,39.4,207.93,203.67
199.4,410.6,271.93,465
4.2,313.53,61.8,355.13
168.47,290.07,218.6,348.73
197.27,127.93,244.2,183.4
122.6,429.8,195.13,488.47
152.47,107.67,193,150.33
205.8,209,269.8,310.33
22.333,299.67,89.533,340.2
174.87,91.667,215.4,132.2
36.2,454.33,111.93,511.93
121.53,99.133,193,147.13
14.867,225,67.133,275.13
72.467,342.33,157.8,398.87
5.2667,401,75.667,463.93
134.33,228.2,179.13,312.47
251.67,449,299.67,504.47
66.067,12.733,127.93,73.533
291.13,60.733,343.4,147.13
150.33,451.13,200.47,499.13
228.2,31.933,284.73,95.933
179.13,12.733,229.27,56.467
20.2,401,75.667,463.93
230.33,438.33,276.2,511.93
151.4,235.67,195.13,293.27
265.53,362.6,326.33,407.4
1,393.53,43.667,445.8
33,138.6,85.267,194.07
50.067,362.6,150.33,465
1,374.33,88.467,415.93
12.733,12.733,75.667,108.73
286.87,405.27,343.4,477.8
275.13,381.8,343.4,473.53
1,1,87.4,87.4
34.067,435.13,111.93,511.93
1,1,120.47,175.93
4.2,308.2,87.4,366.87
42.6,163.13,117.27,266.6
193,339.13,239.93,408.47
21.267,12.733,66.067,60.733
259.13,234.6,301.8,278.33
71.4,454.33,111.93,511.93
151.4,429.8,195.13,475.67
273,367.93,323.13,414.87
184.47,1,296.47,107.67
84.2,347.67,153.53,414.87
234.6,165.27,295.4,300.73
187.67,111.93,239.93,181.27
1,280.47,77.8,337
44.733,163.13,117.27,264.47
259.13,381.8,343.4,473.53
277.27,242.07,343.4,340.2
291.13,85.267,343.4,141.8
1,23.4,45.8,86.333
264.47,165.27,312.47,250.6
10.6,186.6,116.2,312.47
85.267,308.2,131.13,349.8
276.2,258.07,343.4,371.13
154.6,140.73,198.33,195.13
189.8,146.07,260.2,264.47
38.333,180.2,130.07,226.07
262.33,258.07,321,318.87
1,1,108.73,125.8
20.2,93.8,104.47,146.07
152.47,79.933,220.73,147.13
142.87,67.133,207.93,137.53
35.133,231.4,104.47,290.07
43.667,237.8,109.8,291.13
33,143.93,79.933,194.07
92.733,347.67,157.8,395.67
92.733,178.07,154.6,326.33
13.8,1,83.133,56.467
188.73,419.13,242.07,511.93
198.33,111.93,239.93,181.27
35.133,245.27,104.47,290.07
59.667,163.13,104.47,213.27
200.47,366.87,273,457.53
4.2,225,67.133,296.47
263.4,458.6,305,511.93
141.8,39.4,207.93,137.53
269.8,337,343.4,383.93
229.27,11.667,296.47,107.67
263.4,458.6,303.93,511.93
283.67,198.33,343.4,276.2
1,67.133,87.4,175.93
171.67,308.2,244.2,399.93
83.133,442.6,130.07,486.33
207.93,310.33,252.73,412.73
15.933,315.67,87.4,367.93
110.87,401,168.47,456.47
5.2667,395.67,75.667,439.4
1,468.2,90.6,511.93
1,289,87.4,367.93
1,362.6,174.87,465
38.333,185.53,90.6,226.07
95.933,55.4,145,100.2
287.93,395.67,343.4,473.53
13.8,1,83.133,60.733
99.133,107.67,142.87,158.87
183.4,462.87,226.07,511.93
87.4,12.733,127.93,66.067
34.067,237.8,109.8,291.13
21.267,443.67,126.87,495.93
109.8,460.73,161,505.53
186.6,1,232.47,45.8
245.27,130.07,308.2,211.13
253.8,40.467,329.53,103.4
1,12.733,66.067,66.067
133.27,332.73,174.87,381.8
12.733,71.4,92.733,125.8
297.53,138.6,343.4,193
59.667,138.6,110.87,213.27
124.73,39.4,180.2,100.2
36.2,443.67,126.87,491.67
229.27,31.933,284.73,91.667
122.6,447.93,164.2,488.47
149.27,395.67,218.6,482.07
296.47,425.53,343.4,477.8
115.13,421.27,155.67,466.07
149.27,425.53,196.2,469.27
51.133,138.6,110.87,213.27
24.467,92.733,74.6,156.73
257,338.07,309.27,405.27
1,14.867,66.067,66.067
71.4,55.4,145,101.27
1,209,106.6,278.33
36.2,443.67,126.87,495.93
152.47,95.933,201.53,147.13
151.4,409.53,195.13,461.8
40.467,209,106.6,273
186.6,4.2,232.47,45.8
3.1333,122.6,66.067,171.67
295.4,138.6,343.4,205.8
3.1333,100.2,66.067,171.67
173.8,299.67,221.8,402.07
53.267,209,106.6,273
18.067,231.4,104.47,312.47
68.2,262.33,109.8,306.07
1,100.2,85.267,175.93
2.0667,44.733,44.733,86.333
21.267,1,83.133,49
1,315.67,61.8,386.07
295.4,138.6,343.4,202.6
245.27,159.93,286.87,211.13
173.8,347.67,218.6,402.07
114.07,39.4,207.93,202.6
26.6,181.27,98.067,229.27
205.8,209,269.8,284.73
239.93,348.73,281.53,426.6
141.8,308.2,244.2,399.93
183.4,388.2,250.6,457.53
118.33,110.87,162.07,186.6
1,461.8,56.467,507.67
124.73,259.13,167.4,340.2
189.8,186.6,236.73,264.47
