6.3333,234.6,130.07,390.33
1,1,342.33,511.93
154.6,285.8,342.33,511.93
107.67,58.6,342.33,442.6
28.733,1,207.93,164.2
83.133,1,342.33,335.93
1,269.8,342.33,511.93
254.87,283.67,342.33,363.67
24.467,220.73,277.27,381.8
78.867,158.87,342.33,318.87
186.6,129,342.33,332.73
1,1,342.33,335.93
215.4,285.8,342.33,511.93
1,149.27,342.33,511.93
1,228.2,281.53,511.93
33,1,342.33,168.47
35.133,39.4,136.47,177
157.8,1,310.33,82.067
204.73,1,342.33,71.4
1,267.67,62.867,482.07
1,329.53,91.667,482.07
6.3333,239.93,169.53,347.67
212.2,231.4,277.27,327.4
1,149.27,185.53,478.87
11.667,1,342.33,265.53
95.933,388.2,182.33,447.93
13.8,371.13,93.8,446.87
1,1,191.93,511.93
22.333,1,68.2,44.733
49,1,178.07,83.133
229.27,124.73,291.13,168.47
92.733,11.667,174.87,76.733
220.73,407.4,342.33,511.93
1,1,342.33,482.07
1,250.6,127.93,511.93
1,129,342.33,511.93
1,1,342.33,372.2
1,395.67,342.33,511.93
145,319.93,219.67,371.13
1,217.53,242.07,511.93
62.867,1,342.33,246.33
124.73,220.73,291.13,353
1,257,183.4,478.87
238.87,209,310.33,318.87
1,254.87,342.33,511.93
252.73,396.73,342.33,511.93
257,306.07,342.33,436.2
193,99.133,269.8,156.73
111.93,153.53,332.73,271.93
193,110.87,254.87,159.93
91.667,172.73,291.13,372.2
250.6,113,342.33,163.13
154.6,129,342.33,511.93
217.53,443.67,342.33,511.93
1,171.67,342.33,511.93
195.13,42.6,342.33,106.6
11.667,205.8,152.47,285.8
62.867,421.27,127.93,471.4
1,1,342.33,353
164.2,454.33,212.2,511.93
186.6,129,342.33,340.2
111.93,57.533,342.33,413.8
1,231.4,198.33,346.6
118.33,290.07,172.73,366.87
250.6,332.73,329.53,409.53
36.2,328.47,150.33,438.33
11.667,171.67,181.27,397.8
78.867,138.6,342.33,372.2
146.07,325.27,259.13,436.2
95.933,109.8,186.6,165.27
236.73,461.8,319.93,511.93
155.67,267.67,342.33,457.53
1,262.33,78.867,482.07
1,1,234.6,249.53
156.73,1,342.33,170.6
31.933,138.6,242.07,265.53
277.27,451.13,342.33,511.93
1,250.6,342.33,511.93
270.87,267.67,327.4,329.53
78.867,138.6,342.33,317.8
219.67,136.47,342.33,335.93
1,143.93,342.33,353
12.733,257,182.33,472.47
92.733,175.93,157.8,235.67
92.733,161,284.73,410.6
207.93,136.47,342.33,335.93
77.8,164.2,131.13,225
1,1,191.93,482.07
216.47,209,342.33,442.6
250.6,443.67,342.33,511.93
120.47,246.33,228.2,329.53
65,1,342.33,170.6
1,257,182.33,511.93
1,1,178.07,421.27
100.2,355.13,342.33,511.93
97,391.4,203.67,511.93
249.53,382.87,342.33,511.93
28.733,1,342.33,179.13
89.533,17,163.13,81
62.867,149.27,153.53,201.53
166.33,1,210.07,79.933
84.2,325.27,273,419.13
252.73,397.8,322.07,463.93
238.87,164.2,342.33,317.8
217.53,380.73,342.33,511.93
1,174.87,71.4,243.13
204.73,163.13,263.4,267.67
213.27,379.67,264.47,458.6
95.933,285.8,342.33,511.93
170.6,60.733,211.13,141.8
84.2,217.53,273,419.13
157.8,159.93,310.33,318.87
168.47,129,342.33,437.27
121.53,470.33,167.4,511.93
143.93,231.4,198.33,308.2
1,1,342.33,243.13
91.667,172.73,277.27,372.2
1,1,82.067,172.73
125.8,298.6,342.33,511.93
1,223.93,152.47,482.07
111.93,1,213.27,125.8
186.6,161,263.4,306.07
1,319.93,255.93,511.93
97,391.4,201.53,511.93
91.667,243.13,277.27,372.2
82.067,241,242.07,371.13
277.27,460.73,342.33,511.93
83.133,1,342.33,244.2
1,220.73,342.33,511.93
23.4,321,182.33,442.6
1,1,196.2,346.6
129,60.733,331.67,229.27
8.4667,433,70.333,478.87
1,1,242.07,511.93
146.07,274.07,342.33,511.93
250.6,1,342.33,168.47
91.667,372.2,175.93,442.6
55.4,376.47,107.67,440.47
210.07,111.93,308.2,244.2
6.3333,299.67,46.867,346.6
1,1,174.87,421.27
69.267,109.8,193,197.27
1,1,193,346.6
1,267.67,51.133,364.73
129,60.733,331.67,183.4
1,346.6,342.33,511.93
78.867,154.6,151.4,238.87
215.4,382.87,342.33,511.93
33,1,178.07,177
11.667,171.67,273,419.13
1,149.27,185.53,313.53
143.93,217.53,242.07,369
116.2,74.6,342.33,242.07
78.867,164.2,180.2,238.87
185.53,387.13,303.93,511.93
1,1,169.53,482.07
33,1,287.93,165.27
1,1,171.67,249.53
198.33,34.067,307.13,75.667
157.8,1,342.33,168.47
82.067,47.933,181.27,155.67
102.33,407.4,203.67,511.93
62.867,1,342.33,413.8
146.07,126.87,342.33,511.93
213.27,397.8,259.13,458.6
78.867,166.33,215.4,246.33
231.4,126.87,342.33,335.93
155.67,60.733,225,165.27
188.73,388.2,265.53,511.93
1,238.87,111.93,282.6
1,1,68.2,249.53
257,465,319.93,511.93
82.067,1,342.33,177
89.533,1,210.07,138.6
190.87,1,342.33,168.47
1,1,342.33,365.8
11.667,1,242.07,265.53
1,321,182.33,511.93
147.13,217.53,218.6,275.13
1,441.53,93.8,507.67
113,323.13,177,364.73
1,1,342.33,247.4
78.867,164.2,169.53,238.87
195.13,34.067,329.53,84.2
234.6,460.73,319.93,511.93
111.93,98.067,172.73,149.27
1,373.27,52.2,425.53
95.933,356.2,255.93,511.93
70.333,1,342.33,178.07
1,454.33,120.47,511.93
195.13,1,342.33,244.2
1,269.8,182.33,511.93
171.67,57.533,342.33,168.47
1,1,137.53,324.2
83.133,1,210.07,149.27
24.467,257,172.73,381.8
95.933,388.2,203.67,511.93
24.467,1,169.53,244.2
1,171.67,130.07,324.2
158.87,439.4,233.53,511.93
194.07,241,242.07,297.53
30.867,273,117.27,378.6
212.2,69.267,342.33,165.27
100.2,229.27,281.53,410.6
219.67,158.87,342.33,335.93
277.27,382.87,342.33,511.93
78.867,154.6,190.87,269.8
247.4,131.13,308.2,266.6
1,373.27,78.867,482.07
1,1,137.53,482.07
202.6,1,342.33,69.267
1,250.6,52.2,354.07
43.667,39.4,136.47,138.6
70.333,1,342.33,249.53
129,1,342.33,244.2
71.4,108.73,191.93,313.53
1,389.27,182.33,511.93
270.87,1,342.33,106.6
82.067,1,342.33,410.6
1,254.87,265.53,511.93
281.53,285.8,342.33,363.67
118.33,321,181.27,390.33
171.67,60.733,217.53,159.93
83.133,1,210.07,164.2
87.4,411.67,137.53,454.33
216.47,385,264.47,442.6
89.533,37.267,165.27,101.27
207.93,275.13,284.73,333.8
1,1,78.867,482.07
267.67,158.87,342.33,308.2
171.67,75.667,217.53,159.93
12.733,275.13,131.13,436.2
245.27,131.13,323.13,296.47
107.67,159.93,309.27,248.47
62.867,102.33,193,201.53
226.07,298.6,342.33,465
93.8,375.4,182.33,442.6
250.6,49,342.33,168.47
30.867,273,181.27,390.33
195.13,39.4,342.33,106.6
213.27,386.07,259.13,458.6
1,373.27,125.8,497
141.8,34.067,342.33,177
62.867,1,207.93,201.53
142.87,1,210.07,99.133
1,330.6,107.67,437.27
124.73,1,210.07,99.133
3.1333,372.2,175.93,478.87
1,250.6,98.067,482.07
145,325.27,253.8,403.13
70.333,1,342.33,511.93
91.667,279.4,199.4,379.67
238.87,180.2,328.47,289
170.6,217.53,218.6,275.13
149.27,428.73,212.2,511.93
218.6,1,290.07,43.667
1,395.67,109.8,511.93
249.53,235.67,342.33,287.93
156.73,123.67,226.07,165.27
100.2,369,337,511.93
186.6,428.73,233.53,485.27
293.27,242.07,342.33,293.27
94.867,346.6,152.47,419.13
213.27,407.4,259.13,458.6
228.2,78.867,342.33,165.27
1,267.67,91.667,482.07
1,1,177,421.27
1,376.47,132.2,491.67
1,220.73,291.13,353
228.2,72.467,342.33,169.53
1,417,63.933,482.07
281.53,307.13,342.33,358.33
1,1,73.533,246.33
71.4,151.4,166.33,239.93
77.8,151.4,234.6,239.93
105.53,269.8,151.4,327.4
116.2,78.867,342.33,242.07
226.07,303.93,342.33,465
102.33,435.13,164.2,477.8
219.67,274.07,342.33,414.87
72.467,151.4,166.33,214.33
220.73,359.4,342.33,511.93
19.133,1,68.2,106.6
40.467,257,195.13,342.33
1,1,79.933,243.13
147.13,388.2,206.87,511.93
143.93,232.47,190.87,275.13
258.07,379.67,322.07,467.13
211.13,107.67,342.33,169.53
270.87,1,342.33,71.4
267.67,410.6,315.67,457.53
65,1,210.07,164.2
33,275.13,122.6,381.8
143.93,217.53,218.6,323.13
89.533,37.267,174.87,149.27
170.6,301.8,220.73,369
1,346.6,130.07,433
203.67,231.4,291.13,334.87
220.73,172.73,274.07,301.8
43.667,273,117.27,335.93
77.8,151.4,234.6,235.67
212.2,78.867,342.33,242.07
167.4,387.13,235.67,438.33
283.67,1,342.33,69.267
163.13,301.8,239.93,350.87
1,291.13,98.067,482.07
33,57.533,127.93,154.6
78.867,1,210.07,155.67
218.6,72.467,342.33,170.6
264.47,190.87,328.47,259.13
292.2,242.07,342.33,308.2
10.6,339.13,53.267,379.67
69.267,109.8,186.6,197.27
1,1,69.267,172.73
202.6,1,342.33,53.267
102.33,428.73,203.67,511.93
1,414.87,93.8,484.2
92.733,323.13,182.33,390.33
6.3333,228.2,281.53,410.6
147.13,387.13,260.2,511.93
82.067,1,179.13,130.07
1,143.93,291.13,353
100.2,468.2,146.07,511.93
29.8,1,171.67,154.6
250.6,69.267,342.33,168.47
30.867,257,159.93,335.93
125.8,333.8,342.33,511.93
1,462.87,120.47,511.93
290.07,1,342.33,69.267
24.467,257,151.4,381.8
1,388.2,212.2,511.93
227.13,331.67,306.07,429.8
202.6,1,294.33,50.067
195.13,1,342.33,165.27
8.4667,423.4,98.067,478.87
249.53,243.13,342.33,287.93
173.8,77.8,219.67,127.93
191.93,106.6,243.13,161
120.47,229.27,213.27,329.53
1,267.67,342.33,511.93
35.133,143.93,196.2,237.8
35.133,150.33,196.2,237.8
77.8,347.67,265.53,511.93
1,1,73.533,243.13
218.6,1,297.53,43.667
222.87,364.73,278.33,434.07
81,234.6,159.93,279.4
17,172.73,78.867,234.6
180.2,439.4,233.53,490.6
99.133,1,207.93,119.4
1,341.27,66.067,511.93
247.4,129,311.4,235.67
20.2,376.47,179.13,511.93
65,266.6,145,314.6
91.667,266.6,217.53,372.2
82.067,301.8,181.27,397.8
1,421.27,136.47,511.93
1,395.67,203.67,511.93
219.67,274.07,342.33,409.53
91.667,275.13,199.4,379.67
279.4,465,342.33,511.93
1,234.6,159.93,282.6
77.8,164.2,143.93,225
157.8,158.87,342.33,318.87
172.73,301.8,220.73,354.07
100.2,371.13,149.27,447.93
82.067,255.93,229.27,371.13
20.2,373.27,125.8,497
33,1,178.07,76.733
149.27,428.73,203.67,484.2
17,234.6,130.07,302.87
82.067,1,342.33,511.93
11.667,171.67,159.93,335.93
1,143.93,196.2,246.33
102.33,411.67,206.87,511.93
227.13,355.13,306.07,429.8
216.47,303.93,342.33,442.6
149.27,439.4,342.33,511.93
95.933,102.33,193,165.27
238.87,157.8,342.33,317.8
171.67,75.667,217.53,126.87
134.33,427.67,322.07,511.93
236.73,382.87,342.33,511.93
277.27,387.13,342.33,511.93
102.33,437.27,179.13,511.93
10.6,346.6,87.4,415.93
116.2,170.6,212.2,236.73
232.47,462.87,318.87,511.93
1,1,169.53,249.53
279.4,457.53,342.33,511.93
142.87,1,210.07,79.933
92.733,220.73,277.27,380.73
111.93,1,342.33,125.8
78.867,167.4,143.93,246.33
255.93,462.87,318.87,511.93
81,274.07,181.27,397.8
1,341.27,98.067,511.93
146.07,274.07,342.33,436.2
202.6,1,342.33,71.4
149.27,281.53,239.93,350.87
100.2,355.13,337,511.93
118.33,238.87,161,301.8
3.1333,349.8,183.4,478.87
29.8,1,171.67,70.333
94.867,214.33,190.87,269.8
36.2,319.93,167.4,438.33
1,1,81,247.4
247.4,129,311.4,247.4
154.6,422.33,223.93,489.53
78.867,167.4,134.33,227.13
157.8,1,342.33,179.13
97,246.33,228.2,366.87
202.6,1,342.33,104.47
147.13,220.73,217.53,290.07
11.667,205.8,159.93,335.93
109.8,391.4,201.53,476.73
100.2,363.67,205.8,410.6
40.467,297.53,137.53,342.33
252.73,379.67,342.33,511.93
146.07,333.8,342.33,511.93
91.667,261.27,231.4,388.2
50.067,1,174.87,76.733
118.33,238.87,191.93,301.8
71.4,108.73,191.93,301.8
1,257,145,437.27
104.47,11.667,174.87,60.733
191.93,124.73,291.13,168.47
1,1,196.2,365.8
116.2,74.6,342.33,249.53
90.6,107.67,185.53,153.53
190.87,75.667,331.67,121.53
88.467,401,146.07,511.93
122.6,324.2,182.33,390.33
43.667,90.6,116.2,166.33
145,325.27,273,403.13
62.867,67.133,134.33,138.6
99.133,98.067,172.73,149.27
111.93,57.533,342.33,271.93
50.067,376.47,108.73,463.93
119.4,238.87,173.8,313.53
33,1,130.07,60.733
31.933,138.6,194.07,262.33
249.53,461.8,300.73,511.93
117.27,407.4,342.33,511.93
196.2,33,268.73,106.6
221.8,293.27,275.13,335.93
188.73,365.8,245.27,415.93
1,376.47,142.87,511.93
257,307.13,342.33,412.73
149.27,301.8,239.93,350.87
85.267,269.8,151.4,343.4
33,76.733,134.33,164.2
1,373.27,127.93,511.93
203.67,231.4,277.27,327.4
202.6,1,342.33,87.4
250.6,303.93,342.33,420.2
111.93,57.533,342.33,407.4
186.6,161,271.93,309.27
1,376.47,107.67,454.33
291.13,1,342.33,69.267
95.933,58.6,287.93,165.27
227.13,285.8,342.33,429.8
164.2,60.733,225,161
277.27,461.8,333.8,511.93
84.2,328.47,150.33,398.87
100.2,407.4,222.87,511.93
62.867,107.67,193,201.53
157.8,58.6,279.4,179.13
216.47,60.733,285.8,105.53
253.8,113,342.33,158.87
33,110.87,126.87,164.2
261.27,410.6,315.67,463.93
156.73,40.467,342.33,170.6
120.47,229.27,254.87,329.53
198.33,111.93,251.67,157.8
252.73,369,342.33,511.93
187.67,369,337,511.93
206.87,445.8,255.93,507.67
90.6,62.867,172.73,130.07
22.333,1,169.53,86.333
35.133,273,117.27,378.6
206.87,40.467,329.53,84.2
1,345.53,91.667,425.53
82.067,6.3333,147.13,62.867
42.6,297.53,103.4,381.8
107.67,58.6,342.33,248.47
202.6,14.867,298.6,104.47
158.87,469.27,207.93,511.93
110.87,335.93,154.6,392.47
3.1333,433,55.4,478.87
242.07,164.2,290.07,246.33
107.67,206.87,167.4,262.33
6.3333,286.87,57.533,327.4
30.867,217.53,242.07,390.33
117.27,407.4,322.07,511.93
242.07,131.13,329.53,296.47
184.47,229.27,327.4,407.4
87.4,321,181.27,370.07
157.8,58.6,227.13,161
1,388.2,182.33,511.93
33,1,193,197.27
170.6,58.6,342.33,168.47
180.2,445.8,255.93,511.93
250.6,1,342.33,69.267
175.93,276.2,260.2,351.93
193,106.6,243.13,158.87
24.467,57.533,127.93,244.2
95.933,379.67,322.07,511.93
120.47,463.93,179.13,511.93
1,319.93,167.4,507.67
6.3333,228.2,189.8,390.33
245.27,233.53,342.33,332.73
245.27,129,342.33,332.73
1,404.2,62.867,482.07
173.8,77.8,219.67,159.93
216.47,385,289,442.6
6.3333,239.93,163.13,347.67
164.2,60.733,214.33,157.8
114.07,259.13,177,301.8
100.2,407.4,203.67,511.93
100.2,129,342.33,511.93
62.867,150.33,143.93,201.53
217.53,455.4,266.6,511.93
250.6,303.93,342.33,457.53
116.2,178.07,193,233.53
102.33,411.67,170.6,511.93
92.733,323.13,177,364.73
78.867,1,171.67,62.867
156.73,75.667,260.2,170.6
97,229.27,284.73,410.6
242.07,126.87,342.33,296.47
1,346.6,44.733,388.2
257,72.467,342.33,113
93.8,98.067,172.73,164.2
83.133,37.267,174.87,149.27
95.933,387.13,260.2,511.93
145,222.87,238.87,268.73
207.93,454.33,265.53,507.67
193,222.87,235.67,265.53
254.87,69.267,342.33,120.47
110.87,335.93,154.6,389.27
1,267.67,51.133,385
185.53,387.13,284.73,511.93
237.8,460.73,319.93,511.93
1,129,88.467,249.53
30.867,217.53,242.07,511.93
1,421.27,142.87,511.93
187.67,122.6,235.67,229.27
43.667,39.4,136.47,121.53
213.27,379.67,259.13,458.6
163.13,309.27,239.93,350.87
141.8,60.733,217.53,177
117.27,427.67,322.07,511.93
102.33,446.87,170.6,501.27
33,1,178.07,77.8
62.867,146.07,193,201.53
227.13,123.67,279.4,165.27
131.13,170.6,205.8,236.73
5.2667,378.6,98.067,474.6
1,331.67,62.867,482.07
89.533,47.933,174.87,155.67
35.133,150.33,196.2,196.2
62.867,1,207.93,246.33
70.333,6.3333,145,62.867
261.27,410.6,315.67,456.47
35.133,150.33,171.67,196.2
188.73,332.73,266.6,415.93
293.27,242.07,342.33,297.53
24.467,57.533,127.93,198.33
1,437.27,62.867,482.07
37.267,149.27,153.53,230.33
1,162.07,185.53,313.53
171.67,57.533,342.33,165.27
1,376.47,108.73,491.67
166.33,356.2,255.93,437.27
33,1,177,76.733
24.467,257,125.8,316.73
53.267,346.6,203.67,511.93
265.53,143.93,329.53,187.67
82.067,301.8,181.27,390.33
37.267,149.27,169.53,239.93
47.933,375.4,181.27,472.47
147.13,387.13,259.13,511.93
6.3333,276.2,62.867,347.67
253.8,349.8,308.2,420.2
258.07,103.4,342.33,168.47
95.933,58.6,269.8,165.27
229.27,303.93,342.33,420.2
92.733,10.6,174.87,76.733
1,391.4,59.667,433
129,217.53,242.07,369
95.933,388.2,181.27,439.4
150.33,387.13,235.67,468.2
81,301.8,181.27,397.8
1,305,98.067,482.07
207.93,287.93,259.13,334.87
261.27,410.6,315.67,457.53
143.93,231.4,190.87,287.93
221.8,283.67,342.33,363.67
95.933,372.2,175.93,442.6
222.87,172.73,274.07,301.8
29.8,1,108.73,41.533
1,234.6,159.93,346.6
1,269.8,93.8,484.2
31.933,187.67,78.867,243.13
95.933,468.2,146.07,511.93
50.067,1,107.67,41.533
171.67,57.533,265.53,157.8
1,228.2,130.07,324.2
242.07,126.87,329.53,296.47
228.2,109.8,342.33,165.27
102.33,435.13,179.13,511.93
82.067,217.53,242.07,371.13
182.33,229.27,342.33,407.4
12.733,275.13,117.27,378.6
238.87,209,342.33,334.87
187.67,122.6,235.67,170.6
210.07,111.93,253.8,244.2
223.93,312.47,266.6,387.13
245.27,233.53,342.33,306.07
247.4,460.73,313.53,511.93
91.667,254.87,231.4,388.2
185.53,379.67,322.07,511.93
193,113,245.27,159.93
158.87,245.27,201.53,294.33
143.93,217.53,229.27,369
76.733,138.6,186.6,183.4
270.87,164.2,342.33,329.53
129,42.6,342.33,178.07
70.333,1,210.07,138.6
147.13,428.73,206.87,511.93
6.3333,339.13,87.4,421.27
62.867,149.27,153.53,229.27
89.533,47.933,181.27,155.67
76.733,138.6,194.07,183.4
177,293.27,233.53,341.27
157.8,58.6,235.67,172.73
211.13,60.733,285.8,105.53
129,60.733,225,183.4
258.07,113,342.33,168.47
238.87,180.2,328.47,317.8
217.53,396.73,321,511.93
89.533,17,166.33,81
277.27,380.73,342.33,511.93
111.93,174.87,212.2,235.67
111.93,98.067,172.73,152.47
111.93,169.53,212.2,235.67
49,1,107.67,41.533
35.133,163.13,104.47,237.8
252.73,359.4,342.33,511.93
89.533,17,163.13,76.733
277.27,401,342.33,511.93
1,346.6,251.67,511.93
51.133,72.467,136.47,121.53
155.67,347.67,278.33,441.53
157.8,58.6,279.4,172.73
21.267,1,82.067,172.73
6.3333,346.6,87.4,421.27
207.93,287.93,259.13,351.93
62.867,149.27,169.53,229.27
46.867,321,104.47,374.33
149.27,281.53,239.93,353
98.067,260.2,159.93,305
170.6,59.667,219.67,161
182.33,171.67,342.33,407.4
86.333,11.667,139.67,52.2
95.933,391.4,203.67,511.93
154.6,387.13,315.67,511.93
37.267,311.4,103.4,378.6
118.33,348.73,162.07,390.33
264.47,143.93,329.53,243.13
11.667,235.67,163.13,281.53
12.733,257,181.27,472.47
216.47,333.8,289,442.6
1,239.93,169.53,421.27
147.13,220.73,260.2,353
11.667,38.333,116.2,173.8
283.67,317.8,331.67,363.67
121.53,37.267,165.27,86.333
170.6,168.47,219.67,229.27
116.2,211.13,167.4,262.33
108.73,283.67,195.13,339.13
33,63.933,126.87,164.2
117.27,442.6,189.8,503.4
187.67,74.6,331.67,229.27
17,163.13,104.47,243.13
1,1,81,243.13
195.13,1,342.33,67.133
228.2,114.07,326.33,164.2
88.467,389.27,182.33,511.93
3.1333,401,98.067,478.87
93.8,168.47,234.6,235.67
121.53,17,170.6,86.333
170.6,282.6,229.27,369
17,223.93,152.47,305
33,1,178.07,165.27
195.13,1,342.33,106.6
207.93,454.33,270.87,507.67
267.67,1,342.33,67.133
89.533,1,210.07,120.47
149.27,439.4,233.53,511.93
61.8,287.93,117.27,331.67
167.4,217.53,218.6,323.13
77.8,9.5333,177,76.733
50.067,373.27,125.8,463.93
264.47,190.87,328.47,271.93
198.33,111.93,251.67,164.2
202.6,1,294.33,44.733
143.93,217.53,236.73,369
43.667,260.2,159.93,335.93
178.07,300.73,230.33,348.73
220.73,346.6,342.33,511.93
91.667,266.6,231.4,372.2
109.8,259.13,177,301.8
215.4,406.33,284.73,465
219.67,232.47,297.53,335.93
187.67,387.13,237.8,461.8
147.13,279.4,199.4,359.4
90.6,36.2,179.13,130.07
217.53,369,342.33,511.93
24.467,257,151.4,342.33
119.4,17,163.13,71.4
155.67,347.67,243.13,436.2
37.267,149.27,234.6,239.93
172.73,58.6,227.13,127.93
284.73,1,342.33,71.4
158.87,1,210.07,58.6
157.8,450.07,212.2,511.93
255.93,462.87,299.67,511.93
1,441.53,93.8,491.67
217.53,358.33,342.33,511.93
173.8,58.6,262.33,159.93
147.13,428.73,206.87,492.73
170.6,217.53,218.6,317.8
141.8,60.733,217.53,165.27
261.27,258.07,342.33,335.93
6.3333,275.13,86.333,327.4
102.33,435.13,167.4,511.93
20.2,373.27,125.8,491.67
81,228.2,189.8,360.47
1,346.6,243.13,437.27
1,12.733,68.2,244.2
120.47,275.13,181.27,329.53
97,443.67,193,511.93
65,1,210.07,155.67
193,113,236.73,159.93
99.133,1,206.87,119.4
100.2,365.8,205.8,410.6
238.87,136.47,329.53,291.13
147.13,220.73,291.13,353
73.533,376.47,179.13,511.93
102.33,462.87,164.2,511.93
1,391.4,59.667,511.93
260.2,335.93,315.67,381.8
180.2,387.13,235.67,511.93
252.73,407.4,322.07,460.73
222.87,231.4,274.07,301.8
78.867,138.6,294.33,268.73
82.067,1,210.07,155.67
119.4,238.87,161,301.8
187.67,369,255.93,485.27
6.3333,257,145,347.67
62.867,421.27,110.87,471.4
206.87,40.467,342.33,113
280.47,158.87,342.33,259.13
190.87,33,274.07,159.93
247.4,136.47,329.53,243.13
215.4,404.2,255.93,466.07
70.333,1,171.67,62.867
107.67,166.33,238.87,248.47
219.67,274.07,262.33,325.27
92.733,323.13,198.33,380.73
1,1,68.2,243.13
247.4,129,311.4,266.6
1,1,68.2,244.2
8.4667,433,55.4,478.87
120.47,229.27,254.87,353
50.067,124.73,136.47,165.27
178.07,293.27,230.33,348.73
93.8,6.3333,145,61.8
95.933,62.867,193,165.27
158.87,387.13,251.67,511.93
146.07,347.67,243.13,415.93
195.13,129,342.33,296.47
190.87,387.13,235.67,438.33
125.8,161,169.53,202.6
120.47,275.13,191.93,329.53
93.8,375.4,169.53,442.6
37.267,286.87,117.27,378.6
109.8,108.73,172.73,152.47
170.6,59.667,342.33,168.47
12.733,270.87,131.13,438.33
242.07,126.87,342.33,335.93
1,418.07,167.4,511.93
164.2,60.733,225,157.8
173.8,58.6,269.8,159.93
43.667,39.4,89.533,88.467
46.867,321,130.07,374.33
1,326.33,107.67,437.27
291.13,465,342.33,511.93
150.33,428.73,203.67,484.2
195.13,223.93,236.73,267.67
77.8,163.13,242.07,265.53
94.867,346.6,152.47,447.93
35.133,8.4667,106.6,52.2
227.13,285.8,342.33,472.47
62.867,421.27,136.47,503.4
281.53,300.73,342.33,363.67
82.067,1,210.07,138.6
84.2,346.6,152.47,419.13
219.67,278.33,277.27,327.4
42.6,294.33,132.2,341.27
49,312.47,103.4,381.8
1,305,98.067,379.67
219.67,266.6,277.27,334.87
257,306.07,342.33,457.53
95.933,388.2,181.27,433
1,234.6,195.13,346.6
187.67,369,300.73,511.93
40.467,262.33,195.13,342.33
193,106.6,243.13,156.73
163.13,309.27,219.67,353
236.73,443.67,337,511.93
155.67,287.93,278.33,445.8
146.07,325.27,253.8,436.2
73.533,376.47,143.93,474.6
11.667,115.13,103.4,173.8
154.6,427.67,206.87,486.33
209,445.8,322.07,511.93
146.07,333.8,289,468.2
286.87,356.2,327.4,407.4
94.867,346.6,169.53,447.93
8.4667,423.4,93.8,478.87
131.13,252.73,189.8,297.53
185.53,300.73,230.33,348.73
97,229.27,228.2,371.13
213.27,278.33,277.27,335.93
5.2667,413.8,70.333,470.33
78.867,6.3333,166.33,61.8
187.67,387.13,237.8,453.27
92.733,161,242.07,265.53
1,231.4,163.13,281.53
264.47,136.47,329.53,243.13
12.733,270.87,131.13,436.2
13.8,381.8,91.667,446.87
33,9.5333,177,76.733
155.67,287.93,342.33,457.53
179.13,165.27,242.07,265.53
1,345.53,91.667,482.07
280.47,150.33,342.33,214.33
12.733,275.13,131.13,421.27
72.467,76.733,122.6,119.4
111.93,167.4,238.87,262.33
53.267,346.6,206.87,511.93
35.133,185.53,79.933,237.8
177,293.27,232.47,341.27
1,1,88.467,249.53
157.8,1,307.13,82.067
111.93,62.867,188.73,119.4
131.13,152.47,171.67,196.2
73.533,376.47,146.07,511.93
185.53,387.13,267.67,511.93
1,341.27,66.067,388.2
3.1333,418.07,98.067,478.87
170.6,59.667,342.33,161
41.533,423.4,98.067,474.6
50.067,1,139.67,59.667
218.6,1,294.33,50.067
212.2,123.67,253.8,164.2
116.2,185.53,157.8,235.67
219.67,232.47,342.33,335.93
70.333,6.3333,145,61.8
175.93,153.53,332.73,214.33
175.93,276.2,260.2,353
28.733,1,174.87,232.47
1,421.27,127.93,511.93
202.6,1,290.07,58.6
1,231.4,173.8,286.87
99.133,90.6,174.87,149.27
71.4,141.8,191.93,301.8
6.3333,275.13,86.333,330.6
31.933,90.6,115.13,171.67
73.533,421.27,139.67,511.93
13.8,395.67,88.467,446.87
1,347.67,265.53,511.93
129,255.93,229.27,371.13
5.2667,407.4,98.067,471.4
27.667,187.67,83.133,244.2
1,417,93.8,507.67
28.733,1,89.533,42.6
78.867,1,179.13,62.867
257,463.93,319.93,511.93
120.47,238.87,173.8,298.6
127.93,220.73,277.27,339.13
193,243.13,277.27,334.87
168.47,267.67,342.33,437.27
87.4,411.67,137.53,481
78.867,166.33,238.87,268.73
195.13,42.6,329.53,105.53
94.867,346.6,149.27,403.13
1,376.47,212.2,511.93
77.8,163.13,143.93,225
141.8,34.067,329.53,177
82.067,1,210.07,130.07
116.2,161,242.07,265.53
116.2,169.53,193,233.53
92.733,323.13,177,375.4
118.33,266.6,195.13,366.87
111.93,167.4,222.87,262.33
266.6,465,319.93,511.93
116.2,168.47,219.67,233.53
87.4,321,181.27,390.33
1,1,68.2,174.87
13.8,198.33,67.133,242.07
147.13,428.73,255.93,511.93
1,326.33,98.067,379.67
146.07,325.27,253.8,403.13
1,458.6,109.8,511.93
215.4,406.33,315.67,511.93
129,443.67,193,501.27
77.8,151.4,142.87,230.33
229.27,113,342.33,168.47
1,260.2,51.133,310.33
89.533,1,210.07,132.2
41.533,275.13,117.27,377.53
6.3333,278.33,62.867,347.67
190.87,75.667,331.67,157.8
190.87,83.133,331.67,130.07
129,57.533,271.93,178.07
109.8,324.2,182.33,390.33
126.87,98.067,172.73,149.27
298.6,300.73,342.33,358.33
202.6,33,264.47,94.867
13.8,198.33,70.333,242.07
153.53,428.73,233.53,488.47
129,255.93,229.27,335.93
119.4,109.8,186.6,165.27
158.87,387.13,235.67,511.93
3.1333,423.4,98.067,478.87
258.07,109.8,342.33,165.27
212.2,69.267,342.33,120.47
228.2,108.73,342.33,165.27
280.47,158.87,342.33,251.67
77.8,163.13,205.8,236.73
168.47,324.2,251.67,437.27
157.8,159.93,309.27,265.53
187.67,75.667,331.67,229.27
22.333,1,89.533,44.733
227.13,296.47,306.07,429.8
258.07,73.533,342.33,168.47
250.6,113,342.33,168.47
127.93,276.2,221.8,339.13
1,459.67,119.4,511.93
146.07,347.67,243.13,468.2
142.87,25.533,202.6,99.133
82.067,301.8,136.47,370.07
276.2,113,342.33,169.53
228.2,86.333,342.33,169.53
78.867,164.2,142.87,238.87
247.4,443.67,337,511.93
89.533,37.267,169.53,120.47
195.13,163.13,263.4,267.67
195.13,34.067,329.53,105.53
1,359.4,63.933,482.07
255.93,355.13,306.07,412.73
254.87,306.07,342.33,457.53
238.87,238.87,280.47,287.93
46.867,321,104.47,381.8
231.4,293.27,275.13,361.53
156.73,60.733,260.2,170.6
102.33,446.87,170.6,511.93
1,163.13,159.93,346.6
236.73,321,327.4,392.47
169.53,229.27,213.27,312.47
268.73,307.13,342.33,364.73
33,110.87,104.47,164.2
70.333,223.93,152.47,305
12.733,324.2,93.8,390.33
1,341.27,66.067,402.07
257,306.07,342.33,412.73
34.067,162.07,92.733,238.87
84.2,346.6,150.33,398.87
47.933,382.87,101.27,472.47
258.07,108.73,342.33,165.27
190.87,85.267,293.27,164.2
37.267,149.27,101.27,198.33
127.93,278.33,195.13,339.13
236.73,461.8,300.73,511.93
219.67,257,297.53,335.93
60.733,382.87,101.27,451.13
102.33,323.13,177,375.4
1,223.93,152.47,305
37.267,273,117.27,378.6
109.8,391.4,201.53,447.93
178.07,293.27,230.33,355.13
231.4,293.27,342.33,363.67
59.667,376.47,107.67,437.27
29.8,1,73.533,58.6
53.267,346.6,169.53,511.93
85.267,228.2,189.8,360.47
207.93,110.87,253.8,156.73
1,149.27,73.533,198.33
29.8,1,169.53,70.333
97,443.67,193,504.47
184.47,229.27,277.27,322.07
209,138.6,294.33,234.6
10.6,339.13,62.867,379.67
190.87,75.667,293.27,164.2
134.33,90.6,174.87,138.6
36.2,39.4,136.47,165.27
41.533,275.13,117.27,378.6
249.53,443.67,337,511.93
8.4667,395.67,98.067,478.87
118.33,429.8,161,476.73
170.6,59.667,265.53,161
69.267,150.33,143.93,197.27
49,312.47,103.4,379.67
158.87,452.2,207.93,511.93
29.8,1,130.07,70.333
195.13,39.4,342.33,81
249.53,461.8,319.93,511.93
95.933,356.2,255.93,437.27
70.333,223.93,152.47,275.13
255.93,462.87,314.6,511.93
185.53,387.13,259.13,445.8
1,413.8,98.067,483.13
185.53,387.13,243.13,444.73
190.87,83.133,268.73,130.07
252.73,396.73,322.07,463.93
204.73,1,295.4,77.8
210.07,111.93,253.8,234.6
301.8,358.33,342.33,410.6
89.533,52.2,169.53,120.47
47.933,382.87,101.27,463.93
154.6,428.73,212.2,511.93
279.4,158.87,342.33,308.2
1,305,98.067,446.87
33,76.733,185.53,164.2
170.6,60.733,225,141.8
35.133,1,130.07,98.067
252.73,407.4,322.07,463.93
210.07,111.93,253.8,164.2
97,229.27,284.73,371.13
11.667,242.07,123.67,285.8
206.87,445.8,267.67,511.93
238.87,178.07,310.33,318.87
129,275.13,194.07,335.93
116.2,211.13,188.73,262.33
186.6,428.73,233.53,474.6
280.47,158.87,342.33,264.47
150.33,255.93,191.93,297.53
207.93,275.13,284.73,360.47
91.667,261.27,199.4,388.2
10.6,305,70.333,348.73
18.067,239.93,163.13,294.33
124.73,1,210.07,79.933
12.733,270.87,181.27,472.47
11.667,226.07,123.67,285.8
187.67,369,311.4,511.93
149.27,330.6,281.53,393.53
231.4,293.27,275.13,335.93
290.07,1,342.33,71.4
73.533,421.27,127.93,503.4
245.27,257,297.53,332.73
6.3333,257,123.67,346.6
155.67,287.93,278.33,441.53
88.467,401,143.93,474.6
24.467,38.333,65,154.6
1,149.27,73.533,243.13
79.933,418.07,129,505.53
250.6,324.2,308.2,420.2
88.467,390.33,152.47,511.93
215.4,404.2,319.93,511.93
71.4,151.4,191.93,301.8
24.467,1,130.07,173.8
247.4,460.73,299.67,511.93
219.67,274.07,262.33,334.87
247.4,460.73,316.73,511.93
53.267,251.67,130.07,302.87
28.733,1,178.07,83.133
124.73,17,202.6,99.133
33,9.5333,177,77.8
249.53,443.67,329.53,511.93
1,391.4,59.667,483.13
1,235.67,163.13,281.53
1,173.8,65,249.53
1,428.73,62.867,482.07
285.8,164.2,342.33,308.2
202.6,243.13,254.87,325.27
168.47,387.13,259.13,445.8
102.33,429.8,164.2,511.93
86.333,9.5333,168.47,61.8
22.333,329.53,131.13,421.27
247.4,460.73,333.8,511.93
98.067,347.67,243.13,437.27
227.13,293.27,342.33,429.8
134.33,391.4,201.53,443.67
249.53,235.67,342.33,318.87
70.333,205.8,152.47,275.13
1,154.6,68.2,203.67
1,414.87,58.6,483.13
89.533,37.267,169.53,101.27
255.93,460.73,342.33,511.93
250.6,332.73,322.07,409.53
257,460.73,319.93,511.93
242.07,164.2,284.73,296.47
146.07,325.27,253.8,417
53.267,346.6,169.53,447.93
264.47,194.07,328.47,259.13
129,275.13,187.67,335.93
225,1,294.33,44.733
283.67,1,342.33,71.4
148.2,442.6,189.8,503.4
98.067,108.73,174.87,155.67
129,138.6,223.93,183.4
247.4,138.6,296.47,235.67
90.6,66.067,151.4,117.27
45.8,423.4,98.067,471.4
202.6,243.13,254.87,328.47
145,189.8,238.87,268.73
179.13,165.27,227.13,265.53
226.07,409.53,321,465
88.467,401,152.47,511.93
184.47,229.27,342.33,407.4
94.867,346.6,149.27,447.93
277.27,461.8,342.33,511.93
11.667,38.333,103.4,173.8
247.4,129,311.4,180.2
24.467,57.533,127.93,175.93
175.93,276.2,223.93,351.93
215.4,404.2,315.67,466.07
280.47,158.87,342.33,244.2
3.1333,395.67,98.067,478.87
129,60.733,225,178.07
149.27,166.33,215.4,222.87
200.47,445.8,255.93,511.93
127.93,296.47,195.13,339.13
29.8,1,94.867,58.6
116.2,159.93,223.93,233.53
95.933,387.13,178.07,433
147.13,281.53,217.53,359.4
170.6,77.8,219.67,161
168.47,268.73,342.33,437.27
207.93,275.13,263.4,325.27
175.93,255.93,229.27,319.93
221.8,283.67,342.33,409.53
168.47,22.333,210.07,66.067
95.933,379.67,152.47,427.67
28.733,1,185.53,164.2
50.067,113,136.47,165.27
49,138.6,194.07,233.53
33,1,168.47,61.8
97,246.33,228.2,329.53
227.13,349.8,322.07,429.8
35.133,124.73,136.47,177
78.867,167.4,143.93,227.13
23.4,321,177,401
247.4,138.6,308.2,266.6
95.933,379.67,175.93,439.4
170.6,217.53,218.6,264.47
259.13,69.267,342.33,115.13
157.8,1,213.27,82.067
110.87,388.2,182.33,447.93
78.867,6.3333,147.13,61.8
51.133,67.133,136.47,121.53
175.93,153.53,332.73,271.93
77.8,151.4,153.53,218.6
168.47,324.2,315.67,437.27
5.2667,378.6,98.067,471.4
1,206.87,185.53,313.53
148.2,169.53,193,233.53
43.667,39.4,136.47,165.27
175.93,303.93,223.93,351.93
111.93,167.4,222.87,235.67
1,331.67,46.867,383.93
98.067,347.67,243.13,445.8
125.8,290.07,172.73,366.87
11.667,1,169.53,173.8
122.6,47.933,174.87,120.47
1,421.27,139.67,511.93
92.733,323.13,198.33,375.4
215.4,406.33,315.67,465
184.47,229.27,327.4,392.47
24.467,1,130.07,244.2
261.27,409.53,315.67,457.53
215.4,404.2,284.73,466.07
6.3333,275.13,117.27,390.33
34.067,162.07,75.667,238.87
78.867,6.3333,166.33,62.867
20.2,462.87,120.47,511.93
188.73,388.2,236.73,511.93
180.2,439.4,222.87,490.6
132.2,1,210.07,122.6
183.4,356.2,245.27,403.13
1,206.87,173.8,286.87
187.67,369,284.73,511.93
170.6,168.47,234.6,235.67
219.67,274.07,286.87,335.93
28.733,1,107.67,42.6
1,1,78.867,285.8
102.33,437.27,164.2,479.93
85.267,252.73,189.8,360.47
33,88.467,127.93,154.6
134.33,391.4,181.27,443.67
195.13,163.13,263.4,306.07
17,242.07,123.67,285.8
217.53,409.53,321,511.93
43.667,39.4,89.533,79.933
43.667,264.47,145,317.8
92.733,322.07,167.4,371.13
145,174.87,238.87,268.73
122.6,17,163.13,69.267
232.47,462.87,299.67,511.93
126.87,178.07,194.07,236.73
283.67,267.67,327.4,317.8
166.33,22.333,210.07,79.933
219.67,276.2,277.27,328.47
78.867,167.4,168.47,246.33
100.2,330.6,281.53,410.6
236.73,466.07,322.07,511.93
1,231.4,163.13,282.6
253.8,463.93,300.73,511.93
227.13,113,342.33,165.27
254.87,349.8,322.07,409.53
294.33,356.2,342.33,418.07
1,193,47.933,244.2
111.93,177,168.47,232.47
21.267,1,68.2,172.73
141.8,262.33,185.53,310.33
1,345.53,91.667,403.13
184.47,245.27,277.27,322.07
154.6,428.73,205.8,486.33
202.6,243.13,277.27,334.87
172.73,77.8,227.13,127.93
49,162.07,103.4,233.53
228.2,77.8,342.33,169.53
93.8,375.4,169.53,427.67
62.867,421.27,127.93,470.33
149.27,330.6,251.67,371.13
91.667,261.27,212.2,388.2
107.67,174.87,180.2,233.53
1,12.733,65,244.2
87.4,418.07,129,469.27
185.53,387.13,259.13,485.27
1,253.8,57.533,324.2
90.6,49,175.93,130.07
60.733,286.87,117.27,335.93
257,86.333,342.33,169.53
157.8,166.33,238.87,265.53
154.6,427.67,222.87,511.93
5.2667,413.8,98.067,474.6
6.3333,261.27,55.4,346.6
10.6,1,69.267,172.73
127.93,276.2,277.27,339.13
170.6,60.733,214.33,157.8
89.533,52.2,153.53,101.27
100.2,435.13,167.4,511.93
114.07,459.67,167.4,511.93
247.4,138.6,311.4,180.2
212.2,273,277.27,327.4
212.2,108.73,342.33,242.07
139.67,255.93,189.8,297.53
247.4,138.6,296.47,180.2
107.67,174.87,169.53,233.53
107.67,62.867,172.73,113
98.067,347.67,265.53,511.93
190.87,33,342.33,168.47
257,180.2,328.47,259.13
40.467,395.67,88.467,446.87
290.07,1,342.33,53.267
6.3333,298.6,46.867,339.13
71.4,179.13,146.07,239.93
164.2,427.67,233.53,511.93
1,395.67,58.6,469.27
153.53,428.73,233.53,485.27
111.93,1,213.27,119.4
279.4,158.87,342.33,247.4
47.933,88.467,127.93,154.6
29.8,257,123.67,306.07
90.6,107.67,185.53,151.4
1,172.73,78.867,285.8
270.87,335.93,315.67,408.47
238.87,180.2,342.33,317.8
59.667,26.6,130.07,70.333
154.6,427.67,206.87,502.33
31.933,257,123.67,316.73
98.067,47.933,174.87,155.67
95.933,388.2,178.07,433
28.733,1,134.33,232.47
279.4,466.07,322.07,511.93
113,436.2,170.6,511.93
1,1,73.533,198.33
1,239.93,169.53,347.67
171.67,75.667,260.2,159.93
202.6,243.13,246.33,296.47
24.467,90.6,115.13,173.8
107.67,177,168.47,232.47
142.87,229.27,213.27,312.47
77.8,10.6,177,76.733
114.07,468.2,167.4,511.93
219.67,276.2,277.27,334.87
1,418.07,129,511.93
255.93,443.67,342.33,511.93
285.8,164.2,342.33,297.53
1,425.53,63.933,482.07
23.4,330.6,107.67,437.27
228.2,114.07,326.33,166.33
270.87,285.8,342.33,408.47
225,1,290.07,44.733
122.6,327.4,167.4,390.33
232.47,460.73,299.67,511.93
190.87,364.73,278.33,441.53
46.867,321,130.07,381.8
86.333,425.53,127.93,466.07
132.2,1,210.07,129
28.733,1,126.87,232.47
190.87,33,274.07,149.27
269.8,339.13,342.33,381.8
184.47,229.27,277.27,325.27
102.33,443.67,193,501.27
63.933,411.67,150.33,505.53
29.8,275.13,117.27,378.6
79.933,459.67,150.33,505.53
193,99.133,269.8,149.27
175.93,276.2,225,351.93
212.2,138.6,294.33,193
195.13,364.73,278.33,441.53
36.2,390.33,89.533,438.33
85.267,296.47,137.53,343.4
1,1,73.533,202.6
187.67,369,277.27,485.27
22.333,1,62.867,44.733
85.267,421.27,127.93,467.13
85.267,269.8,151.4,360.47
1,375.4,63.933,482.07
35.133,1,130.07,81
118.33,266.6,217.53,366.87
63.933,411.67,203.67,511.93
164.2,468.2,205.8,511.93
253.8,462.87,319.93,511.93
90.6,10.6,179.13,130.07
12.733,324.2,89.533,379.67
1,173.8,79.933,249.53
24.467,257,137.53,342.33
93.8,1,169.53,44.733
147.13,283.67,199.4,359.4
23.4,321,130.07,401
75.667,154.6,148.2,246.33
89.533,72.467,147.13,120.47
90.6,66.067,165.27,117.27
259.13,1,342.33,71.4
252.73,408.47,322.07,460.73
18.067,183.4,68.2,244.2
111.93,365.8,205.8,410.6
40.467,283.67,195.13,342.33
62.867,421.27,139.67,511.93
227.13,470.33,267.67,511.93
1,193,46.867,285.8
1,346.6,130.07,401
6.3333,276.2,53.267,346.6
26.6,183.4,68.2,244.2
99.133,62.867,188.73,119.4
254.87,466.07,322.07,511.93
266.6,303.93,342.33,372.2
33,87.4,126.87,164.2
116.2,161,227.13,265.53
285.8,164.2,342.33,252.73
5.2667,407.4,88.467,470.33
1,12.733,65,202.6
91.667,266.6,199.4,388.2
23.4,1,66.067,159.93
147.13,220.73,217.53,267.67
93.8,169.53,193,233.53
6.3333,275.13,117.27,350.87
63.933,411.67,150.33,511.93
129,275.13,181.27,317.8
36.2,375.4,108.73,438.33
180.2,387.13,235.67,490.6
209,445.8,287.93,511.93
212.2,138.6,294.33,234.6
63.933,411.67,167.4,511.93
40.467,395.67,88.467,439.4
104.47,1,178.07,60.733
228.2,108.73,342.33,242.07
245.27,129,342.33,296.47
43.667,39.4,97,95.933
125.8,307.13,172.73,366.87
242.07,143.93,329.53,296.47
171.67,333.8,251.67,403.13
227.13,123.67,270.87,165.27
6.3333,280.47,52.2,346.6
91.667,275.13,199.4,388.2
31.933,257,125.8,316.73
62.867,67.133,134.33,119.4
247.4,131.13,313.53,266.6
122.6,47.933,172.73,120.47
57.533,1,107.67,41.533
280.47,150.33,342.33,245.27
143.93,60.733,217.53,165.27
12.733,324.2,89.533,377.53
147.13,294.33,217.53,359.4
82.067,1,171.67,62.867
220.73,407.4,322.07,465
184.47,229.27,292.2,325.27
116.2,161,227.13,236.73
1,404.2,45.8,453.27
28.733,1,143.93,43.667
1,375.4,60.733,431.93
78.867,167.4,168.47,232.47
61.8,264.47,145,310.33
202.6,33,295.4,77.8
146.07,347.67,243.13,437.27
143.93,178.07,194.07,236.73
61.8,189.8,124.73,258.07
285.8,164.2,342.33,242.07
43.667,95.933,116.2,166.33
38.333,29.8,130.07,70.333
217.53,455.4,265.53,511.93
41.533,287.93,117.27,377.53
195.13,1,290.07,66.067
77.8,151.4,153.53,230.33
18.067,239.93,163.13,329.53
1,173.8,70.333,249.53
1,395.67,58.6,453.27
154.6,387.13,237.8,489.53
102.33,433,203.67,477.8
6.3333,283.67,46.867,339.13
147.13,294.33,200.47,359.4
242.07,141.8,329.53,296.47
61.8,287.93,117.27,350.87
62.867,421.27,136.47,470.33
238.87,230.33,292.2,301.8
154.6,422.33,216.47,474.6
154.6,387.13,270.87,511.93
242.07,164.2,311.4,296.47
95.933,379.67,175.93,442.6
1,189.8,169.53,421.27
229.27,113,342.33,158.87
65,270.87,125.8,314.6
236.73,340.2,279.4,392.47
132.2,74.6,174.87,122.6
134.33,427.67,233.53,511.93
186.6,161,227.13,232.47
202.6,268.73,277.27,322.07
106.6,388.2,182.33,447.93
157.8,166.33,238.87,248.47
193,222.87,238.87,268.73
207.93,431.93,284.73,507.67
89.533,52.2,153.53,120.47
102.33,411.67,203.67,511.93
22.333,359.4,131.13,421.27
97,229.27,228.2,366.87
41.533,324.2,89.533,377.53
6.3333,257,135.4,347.67
260.2,335.93,315.67,397.8
50.067,1,139.67,52.2
1,331.67,46.867,385
202.6,33,298.6,104.47
28.733,1,89.533,62.867
79.933,411.67,150.33,505.53
98.067,347.67,243.13,436.2
164.2,60.733,225,147.13
47.933,57.533,127.93,154.6
260.2,269.8,342.33,332.73
187.67,387.13,237.8,485.27
147.13,428.73,233.53,488.47
129,275.13,179.13,317.8
207.93,276.2,277.27,322.07
100.2,371.13,149.27,414.87
35.133,1,130.07,86.333
190.87,100.2,274.07,149.27
1,129,88.467,175.93
287.93,268.73,342.33,318.87
163.13,309.27,219.67,350.87
282.6,309.27,342.33,358.33
207.93,431.93,284.73,511.93
245.27,129,323.13,296.47
1,253.8,51.133,312.47
151.4,189.8,193,235.67
281.53,314.6,331.67,363.67
1,1,130.07,324.2
213.27,14.867,295.4,77.8
87.4,411.67,137.53,469.27
84.2,353,150.33,398.87
1,187.67,130.07,324.2
41.533,311.4,98.067,377.53
1,373.27,62.867,482.07
11.667,239.93,163.13,281.53
166.33,347.67,243.13,414.87
254.87,306.07,342.33,363.67
59.667,29.8,130.07,70.333
183.4,356.2,255.93,403.13
39.4,29.8,130.07,86.333
188.73,427.67,233.53,475.67
90.6,72.467,151.4,117.27
122.6,47.933,172.73,100.2
40.467,395.67,89.533,438.33
247.4,131.13,311.4,180.2
156.73,123.67,255.93,170.6
81,329.53,122.6,370.07
86.333,421.27,127.93,467.13
149.27,309.27,219.67,366.87
93.8,6.3333,147.13,61.8
236.73,349.8,281.53,393.53
75.667,154.6,148.2,229.27
1,243.13,130.07,324.2
92.733,279.4,199.4,371.13
90.6,107.67,185.53,164.2
22.333,1,106.6,44.733
266.6,248.47,342.33,306.07
17,243.13,130.07,287.93
98.067,6.3333,147.13,61.8
222.87,364.73,265.53,429.8
222.87,241,274.07,301.8
108.73,353,150.33,398.87
31.933,127.93,115.13,171.67
63.933,76.733,134.33,150.33
6.3333,278.33,51.133,339.13
245.27,248.47,342.33,306.07
168.47,1,210.07,58.6
77.8,151.4,142.87,218.6
37.267,326.33,98.067,378.6
168.47,323.13,315.67,437.27
77.8,163.13,131.13,225
116.2,180.2,166.33,233.53
104.47,11.667,168.47,52.2
53.267,67.133,134.33,138.6
78.867,411.67,150.33,505.53
1,198.33,70.333,249.53
207.93,454.33,254.87,507.67
291.13,1,342.33,67.133
213.27,163.13,263.4,242.07
120.47,246.33,213.27,329.53
54.333,101.27,116.2,166.33
238.87,238.87,292.2,289
1,425.53,63.933,477.8
155.67,174.87,212.2,235.67
45.8,423.4,93.8,465
168.47,333.8,251.67,437.27
6.3333,278.33,132.2,347.67
6.3333,278.33,52.2,339.13
168.47,1,210.07,66.067
258.07,113,342.33,158.87
62.867,67.133,132.2,119.4
49,234.6,130.07,302.87
28.733,459.67,119.4,511.93
151.4,178.07,193,233.53
210.07,163.13,263.4,248.47
49,330.6,103.4,379.67
102.33,436.2,170.6,511.93
22.333,362.6,87.4,421.27
10.6,346.6,87.4,407.4
268.73,321,327.4,390.33
150.33,325.27,253.8,398.87
6.3333,346.6,87.4,419.13
171.67,75.667,217.53,143.93
236.73,338.07,286.87,392.47
219.67,279.4,263.4,325.27
292.2,242.07,342.33,293.27
257,356.2,327.4,412.73
18.067,239.93,163.13,286.87
183.4,333.8,251.67,403.13
249.53,221.8,308.2,266.6
29.8,257,135.4,306.07
1,404.2,56.467,453.27
1,12.733,61.8,175.93
1,262.33,51.133,385
280.47,159.93,342.33,245.27
127.93,461.8,170.6,511.93
184.47,222.87,238.87,268.73
186.6,165.27,227.13,232.47
147.13,294.33,204.73,359.4
254.87,71.4,332.73,120.47
117.27,170.6,212.2,236.73
134.33,11.667,174.87,60.733
18.067,242.07,123.67,286.87
166.33,347.67,243.13,436.2
1,174.87,68.2,243.13
247.4,460.73,290.07,511.93
152.47,178.07,205.8,231.4
195.13,454.33,270.87,511.93
257,114.07,326.33,157.8
232.47,460.73,313.53,511.93
82.067,6.3333,147.13,61.8
33,43.667,126.87,232.47
1,193,46.867,249.53
247.4,131.13,323.13,266.6
35.133,1,106.6,52.2
35.133,29.8,130.07,86.333
226.07,421.27,284.73,463.93
209,445.8,265.53,511.93
260.2,268.73,342.33,332.73
117.27,170.6,194.07,236.73
269.8,410.6,315.67,456.47
238.87,238.87,292.2,301.8
193,113,235.67,159.93
236.73,335.93,315.67,397.8
163.13,309.27,203.67,350.87
1,154.6,68.2,243.13
270.87,335.93,315.67,381.8
47.933,375.4,108.73,472.47
23.4,358.33,84.2,401
23.4,330.6,103.4,403.13
187.67,387.13,251.67,485.27
92.733,171.67,143.93,233.53
228.2,107.67,342.33,169.53
6.3333,305,62.867,347.67
39.4,44.733,101.27,86.333
72.467,76.733,134.33,119.4
269.8,410.6,315.67,454.33
72.467,76.733,132.2,119.4
282.6,314.6,331.67,363.67
62.867,421.27,109.8,470.33
22.333,1,169.53,44.733
54.333,120.47,116.2,166.33
109.8,322.07,167.4,371.13
282.6,300.73,342.33,363.67
72.467,67.133,132.2,119.4
33,43.667,126.87,164.2
236.73,462.87,299.67,511.93
283.67,20.2,329.53,71.4
35.133,1,130.07,60.733
10.6,346.6,84.2,401
125.8,309.27,172.73,366.87
23.4,1,63.933,173.8
31.933,115.13,115.13,171.67
154.6,422.33,223.93,485.27
282.6,300.73,342.33,358.33
1,253.8,51.133,310.33
1,154.6,68.2,202.6
213.27,445.8,265.53,511.93
280.47,159.93,342.33,251.67
285.8,168.47,342.33,245.27
131.13,170.6,205.8,231.4
92.733,170.6,205.8,236.73
285.8,185.53,342.33,245.27
126.87,170.6,194.07,236.73
41.533,328.47,89.533,377.53
43.667,90.6,115.13,134.33
276.2,107.67,342.33,169.53
111.93,365.8,203.67,410.6
39.4,44.733,89.533,86.333
143.93,193,193,236.73
