1,447.93,225,511.93
1,1,236.73,511.93
77.8,84.2,194.07,493.8
1,1,341.27,511.93
191.93,1,341.27,511.93
191.93,63.933,299.67,300.73
188.73,1,341.27,511.93
1,373.27,227.13,511.93
148.2,1,293.27,361.53
200.47,83.133,293.27,236.73
156.73,182.33,233.53,433
291.13,1,341.27,511.93
193,1,341.27,204.73
110.87,13.8,341.27,511.93
1,1,255.93,511.93
148.2,1,341.27,511.93
103.4,30.867,245.27,511.93
1,382.87,200.47,511.93
222.87,345.53,280.47,511.93
122.6,269.8,188.73,465
211.13,1,341.27,207.93
1,75.667,89.533,147.13
188.73,1,322.07,356.2
20.2,393.53,141.8,483.13
1,1,233.53,511.93
1,199.4,255.93,511.93
193,1,235.67,174.87
1,15.933,341.27,511.93
1,1,241,315.67
103.4,1,341.27,511.93
1,1,206.87,149.27
179.13,184.47,228.2,452.2
290.07,1,341.27,511.93
1,1,225,511.93
89.533,126.87,191.93,199.4
97,1,163.13,49
110.87,199.4,245.27,511.93
1,83.133,136.47,401
194.07,345.53,239.93,452.2
1,1,204.73,466.07
140.73,1,196.2,41.533
1,92.733,140.73,505.53
1,382.87,219.67,511.93
148.2,1,293.27,350.87
188.73,1,290.07,356.2
89.533,109.8,191.93,437.27
159.93,247.4,213.27,322.07
191.93,1,319.93,303.93
1,126.87,191.93,354.07
200.47,1,341.27,180.2
194.07,364.73,279.4,511.93
1,1,206.87,354.07
89.533,125.8,214.33,329.53
103.4,174.87,182.33,243.13
188.73,141.8,315.67,415.93
231.4,349.8,275.13,424.47
262.33,31.933,341.27,511.93
259.13,163.13,332.73,511.93
127.93,54.333,197.27,114.07
30.867,463.93,190.87,511.93
1,178.07,116.2,492.73
100.2,129,167.4,193
100.2,109.8,191.93,234.6
1,1,258.07,361.53
18.067,390.33,109.8,468.2
1,311.4,310.33,511.93
1,412.73,227.13,511.93
91.667,179.13,233.53,490.6
148.2,1,239.93,331.67
277.27,206.87,321,317.8
90.6,230.33,166.33,354.07
1,68.2,132.2,347.67
121.53,30.867,311.4,454.33
191.93,233.53,315.67,415.93
295.4,198.33,341.27,511.93
258.07,309.27,315.67,353
179.13,130.07,290.07,511.93
188.73,163.13,290.07,356.2
1,1,206.87,505.53
1,1,124.73,77.8
257,223.93,329.53,511.93
1,1,191.93,164.2
1,300.73,168.47,511.93
1,1,222.87,401
1,178.07,82.067,505.53
238.87,198.33,341.27,511.93
291.13,50.067,341.27,253.8
287.93,1,341.27,319.93
100.2,82.067,190.87,466.07
1,1,178.07,125.8
291.13,50.067,341.27,511.93
238.87,311.4,310.33,511.93
93.8,1,341.27,511.93
1,179.13,233.53,511.93
1,75.667,98.067,147.13
93.8,182.33,246.33,511.93
1,318.87,132.2,506.6
1,29.8,118.33,76.733
38.333,345.53,245.27,511.93
200.47,65,299.67,236.73
120.47,1,204.73,104.47
1,1,121.53,78.867
1,1,222.87,245.27
1,1,241,511.93
93.8,182.33,216.47,493.8
94.867,79.933,258.07,238.87
167.4,125.8,279.4,511.93
188.73,1,332.73,511.93
1,92.733,191.93,505.53
200.47,129,293.27,236.73
1,325.27,278.33,511.93
52.2,1,204.73,104.47
119.4,88.467,178.07,133.27
91.667,196.2,136.47,236.73
214.33,262.33,315.67,415.93
257,15.933,341.27,511.93
201.53,1,341.27,511.93
140.73,278.33,183.4,454.33
1,300.73,189.8,511.93
91.667,179.13,182.33,324.2
188.73,327.4,244.2,511.93
1,1,211.13,194.07
259.13,238.87,299.67,321
191.93,262.33,270.87,351.93
115.13,1,206.87,191.93
125.8,1,206.87,72.467
174.87,76.733,290.07,511.93
212.2,168.47,331.67,387.13
1,177,108.73,505.53
69.267,312.47,140.73,406.33
25.533,373.27,114.07,417
121.53,1,204.73,72.467
121.53,30.867,213.27,454.33
1,182.33,278.33,511.93
109.8,205.8,245.27,511.93
258.07,223.93,333.8,511.93
169.53,345.53,255.93,511.93
1,269.8,163.13,511.93
1,1,124.73,76.733
125.8,33,201.53,78.867
1,83.133,99.133,298.6
199.4,127.93,293.27,350.87
30.867,463.93,87.4,511.93
103.4,30.867,210.07,260.2
157.8,238.87,211.13,303.93
238.87,167.4,282.6,261.27
169.53,407.4,212.2,497
157.8,238.87,233.53,433
118.33,235.67,179.13,279.4
258.07,223.93,329.53,511.93
51.133,87.4,136.47,401
1,1,278.33,511.93
269.8,1,341.27,511.93
35.133,463.93,195.13,504.47
1,1,214.33,505.53
188.73,141.8,341.27,511.93
259.13,191.93,323.13,327.4
119.4,1,211.13,194.07
20.2,393.53,141.8,511.93
1,269.8,171.67,511.93
1,73.533,121.53,315.67
1,174.87,116.2,505.53
209,1,322.07,173.8
94.867,1,222.87,245.27
127.93,205.8,234.6,484.2
1,1,204.73,191.93
1,132.2,99.133,262.33
30.867,430.87,200.47,511.93
103.4,82.067,188.73,277.27
54.333,87.4,175.93,197.27
1,1,236.73,438.33
1,92.733,82.067,505.53
110.87,1,222.87,245.27
1,1,258.07,238.87
119.4,34.067,211.13,194.07
166.33,30.867,210.07,259.13
51.133,135.4,99.133,314.6
89.533,125.8,175.93,207.93
91.667,196.2,182.33,324.2
188.73,1,341.27,321
94.867,142.87,190.87,243.13
1,341.27,157.8,511.93
1,68.2,121.53,193
118.33,232.47,165.27,277.27
238.87,387.13,285.8,511.93
1,409.53,225,511.93
121.53,15.933,341.27,511.93
1,78.867,102.33,182.33
38.333,78.867,122.6,139.67
167.4,125.8,275.13,433
135.4,205.8,194.07,325.27
10.6,83.133,88.467,276.2
1,412.73,225,511.93
258.07,150.33,341.27,511.93
175.93,166.33,218.6,331.67
93.8,1,236.73,191.93
1,79.933,88.467,178.07
239.93,1,341.27,511.93
1,1,293.27,511.93
193,1,234.6,164.2
194.07,345.53,238.87,511.93
91.667,196.2,174.87,324.2
103.4,30.867,214.33,292.2
212.2,1,341.27,511.93
148.2,74.6,239.93,197.27
106.6,269.8,195.13,490.6
216.47,177,276.2,303.93
14.867,135.4,140.73,474.6
1,79.933,89.533,299.67
179.13,130.07,290.07,452.2
93.8,84.2,162.07,193
133.27,247.4,177,303.93
1,1,204.73,347.67
85.267,196.2,172.73,354.07
212.2,168.47,331.67,511.93
135.4,199.4,210.07,454.33
1,83.133,135.4,505.53
20.2,125.8,214.33,467.13
89.533,109.8,191.93,234.6
103.4,30.867,210.07,259.13
132.2,76.733,198.33,182.33
115.13,1,177,41.533
1,463.93,69.267,511.93
1,455.4,196.2,511.93
87.4,141.8,136.47,328.47
188.73,175.93,275.13,423.4
194.07,163.13,332.73,511.93
1,182.33,109.8,503.4
25.533,312.47,117.27,417
94.867,316.73,136.47,371.13
20.2,270.87,182.33,467.13
156.73,238.87,233.53,433
25.533,366.87,114.07,417
291.13,15.933,341.27,511.93
1,178.07,116.2,505.53
179.13,130.07,281.53,452.2
262.33,47.933,341.27,511.93
89.533,125.8,214.33,278.33
12.733,343.4,117.27,505.53
93.8,75.667,279.4,511.93
114.07,43.667,172.73,94.867
259.13,1,341.27,317.8
166.33,345.53,245.27,511.93
97,1,206.87,84.2
1,1,178.07,93.8
135.4,199.4,255.93,511.93
1,171.67,109.8,503.4
122.6,51.133,183.4,103.4
52.2,135.4,99.133,232.47
145,199.4,210.07,454.33
194.07,349.8,307.13,511.93
1,83.133,214.33,505.53
31.933,462.87,87.4,511.93
51.133,87.4,113,237.8
213.27,173.8,270.87,306.07
94.867,79.933,191.93,175.93
1,78.867,102.33,314.6
31.933,173.8,76.733,299.67
167.4,125.8,275.13,483.13
1,1,206.87,147.13
47.933,393.53,101.27,451.13
167.4,327.4,278.33,511.93
103.4,45.8,178.07,94.867
94.867,59.667,178.07,191.93
119.4,1,204.73,104.47
193,163.13,290.07,279.4
11.667,325.27,116.2,492.73
93.8,197.27,165.27,246.33
1,73.533,122.6,125.8
91.667,232.47,164.2,340.2
186.6,1,341.27,204.73
289,1,341.27,511.93
166.33,164.2,293.27,511.93
93.8,345.53,244.2,511.93
259.13,191.93,331.67,353
145,199.4,194.07,454.33
258.07,13.8,341.27,511.93
188.73,1,241,174.87
201.53,1,319.93,172.73
1,342.33,168.47,511.93
19.133,70.333,126.87,127.93
148.2,1,239.93,197.27
1,131.13,99.133,317.8
119.4,263.4,188.73,466.07
220.73,141.8,308.2,255.93
94.867,1,206.87,191.93
291.13,33,341.27,511.93
89.533,229.27,166.33,437.27
1,68.2,124.73,330.6
54.333,1,124.73,75.667
1,75.667,167.4,193
56.467,1,241,174.87
47.933,393.53,91.667,436.2
10.6,83.133,88.467,262.33
131.13,344.47,246.33,511.93
131.13,418.07,219.67,511.93
238.87,385,280.47,511.93
155.67,244.2,234.6,358.33
166.33,391.4,212.2,497
216.47,270.87,270.87,323.13
125.8,1,206.87,78.867
190.87,260.2,275.13,423.4
259.13,1,341.27,511.93
93.8,78.867,190.87,466.07
190.87,286.87,266.6,360.47
121.53,119.4,171.67,171.67
51.133,135.4,99.133,305
140.73,279.4,196.2,484.2
129,121.53,173.8,164.2
247.4,1,294.33,175.93
115.13,75.667,193,191.93
152.47,243.13,194.07,465
93.8,383.93,219.67,510.87
1,181.27,50.067,503.4
1,131.13,99.133,298.6
10.6,83.133,88.467,261.27
25.533,135.4,74.6,265.53
231.4,349.8,275.13,397.8
121.53,1,195.13,72.467
194.07,345.53,238.87,501.27
20.2,347.67,146.07,483.13
193,1,236.73,178.07
1,164.2,293.27,511.93
290.07,201.53,331.67,333.8
91.667,228.2,166.33,324.2
119.4,263.4,183.4,466.07
103.4,1,206.87,171.67
91.667,179.13,195.13,490.6
38.333,233.53,244.2,511.93
238.87,70.333,296.47,207.93
38.333,311.4,310.33,511.93
234.6,321,324.2,511.93
199.4,179.13,271.93,350.87
297.53,50.067,341.27,511.93
69.267,312.47,117.27,389.27
18.067,388.2,123.67,483.13
97,1,163.13,43.667
201.53,127.93,293.27,309.27
109.8,345.53,245.27,511.93
121.53,30.867,210.07,259.13
1,178.07,117.27,505.53
89.533,125.8,175.93,253.8
12.733,373.27,114.07,505.53
20.2,349.8,140.73,467.13
140.73,279.4,196.2,454.33
103.4,82.067,188.73,243.13
188.73,1,236.73,174.87
94.867,1,236.73,191.93
259.13,233.53,299.67,321
87.4,141.8,213.27,438.33
81,467.13,218.6,510.87
31.933,463.93,87.4,511.93
167.4,75.667,279.4,511.93
191.93,44.733,311.4,300.73
10.6,81,77.8,267.67
186.6,1,341.27,511.93
215.4,177,258.07,309.27
1,348.73,140.73,511.93
1,75.667,122.6,139.67
212.2,261.27,282.6,387.13
1,462.87,87.4,511.93
195.13,345.53,238.87,444.73
258.07,41.533,341.27,511.93
52.2,1,204.73,191.93
17,371.13,117.27,467.13
19.133,1,206.87,171.67
1,178.07,82.067,486.33
1,83.133,99.133,315.67
51.133,228.2,136.47,401
119.4,1,206.87,82.067
25.533,135.4,117.27,339.13
1,1,150.33,77.8
56.467,1,206.87,104.47
91.667,196.2,179.13,324.2
1,300.73,117.27,505.53
129,166.33,194.07,235.67
122.6,51.133,184.47,109.8
89.533,126.87,175.93,196.2
234.6,366.87,276.2,415.93
103.4,54.333,197.27,129
156.73,1,204.73,59.667
25.533,343.4,117.27,417
20.2,341.27,157.8,474.6
52.2,1,124.73,72.467
1,83.133,135.4,399.93
1,70.333,121.53,314.6
215.4,177,269.8,309.27
238.87,339.13,326.33,511.93
1,1,184.47,85.267
89.533,126.87,191.93,232.47
210.07,1,319.93,180.2
1,33,102.33,77.8
211.13,1,294.33,175.93
55.4,229.27,135.4,340.2
1,316.73,168.47,511.93
190.87,286.87,275.13,423.4
25.533,134.33,78.867,261.27
167.4,254.87,215.4,433
110.87,76.733,290.07,511.93
179.13,44.733,311.4,449
222.87,345.53,276.2,415.93
233.53,311.4,310.33,511.93
238.87,339.13,324.2,511.93
89.533,125.8,175.93,278.33
1,30.867,124.73,77.8
140.73,312.47,183.4,454.33
1,383.93,50.067,505.53
1,233.53,244.2,511.93
1,1,124.73,75.667
151.4,199.4,193,284.73
189.8,261.27,282.6,372.2
82.067,348.73,147.13,440.47
97,1,206.87,72.467
143.93,345.53,238.87,511.93
102.33,1,163.13,43.667
140.73,274.07,210.07,484.2
33,386.07,203.67,511.93
106.6,109.8,175.93,191.93
258.07,227.13,329.53,511.93
38.333,246.33,244.2,511.93
193,72.467,235.67,174.87
188.73,164.2,293.27,423.4
104.47,119.4,171.67,171.67
258.07,31.933,341.27,511.93
110.87,75.667,222.87,245.27
166.33,345.53,239.93,497
58.6,412.73,163.13,459.67
127.93,205.8,185.53,339.13
1,1,124.73,93.8
25.533,135.4,116.2,298.6
60.733,300.73,130.07,401
54.333,87.4,175.93,205.8
127.93,205.8,194.07,325.27
166.33,164.2,293.27,483.13
43.667,68.2,121.53,193
81,92.733,122.6,139.67
52.2,136.47,101.27,211.13
214.33,262.33,315.67,362.6
1,455.4,225,511.93
295.4,41.533,341.27,390.33
191.93,76.733,236.73,265.53
234.6,321,302.87,415.93
135.4,205.8,194.07,424.47
78.867,269.8,163.13,474.6
1,44.733,187.67,185.53
127.93,205.8,234.6,358.33
1,83.133,88.467,276.2
100.2,82.067,188.73,277.27
127.93,205.8,185.53,325.27
210.07,296.47,275.13,362.6
1,1,121.53,77.8
163.13,127.93,258.07,238.87
132.2,166.33,214.33,267.67
10.6,81,211.13,335.93
87.4,231.4,136.47,347.67
247.4,1,319.93,180.2
122.6,269.8,183.4,465
295.4,55.4,341.27,390.33
115.13,82.067,184.47,150.33
266.6,47.933,341.27,511.93
1,462.87,79.933,511.93
94.867,84.2,165.27,149.27
62.867,1,109.8,57.533
1,1,126.87,133.27
40.467,372.2,140.73,451.13
91.667,196.2,163.13,254.87
25.533,132.2,77.8,178.07
167.4,327.4,244.2,511.93
1,34.067,121.53,77.8
1,455.4,195.13,511.93
191.93,262.33,270.87,342.33
9.5333,78.867,118.33,139.67
91.667,228.2,166.33,351.93
93.8,246.33,244.2,511.93
179.13,226.07,282.6,449
87.4,141.8,179.13,340.2
97,1,206.87,132.2
91.667,232.47,164.2,324.2
1,181.27,72.467,503.4
20.2,393.53,101.27,467.13
210.07,270.87,275.13,362.6
191.93,141.8,315.67,415.93
297.53,1,341.27,511.93
87.4,1,236.73,438.33
167.4,254.87,233.53,433
94.867,1,230.33,191.93
1,1,206.87,133.27
100.2,134.33,140.73,191.93
166.33,78.867,210.07,259.13
1,70.333,175.93,314.6
129,122.6,174.87,164.2
18.067,382.87,163.13,483.13
209,1,322.07,171.67
167.4,325.27,278.33,511.93
269.8,9.5333,323.13,225
1,181.27,72.467,505.53
131.13,79.933,197.27,133.27
274.07,227.13,326.33,511.93
191.93,1,239.93,303.93
1,325.27,116.2,504.47
1,456.47,195.13,511.93
132.2,166.33,194.07,235.67
100.2,82.067,188.73,466.07
78.867,312.47,163.13,474.6
93.8,44.733,178.07,125.8
207.93,127.93,260.2,237.8
1,387.13,62.867,511.93
140.73,383.93,200.47,502.33
213.27,179.13,271.93,299.67
131.13,201.53,181.27,251.67
241,451.13,281.53,511.93
198.33,141.8,308.2,309.27
135.4,199.4,245.27,511.93
17,389.27,77.8,467.13
127.93,205.8,213.27,454.33
13.8,182.33,98.067,317.8
1,87.4,46.867,185.53
122.6,51.133,180.2,97
94.867,84.2,161,191.93
273,150.33,341.27,511.93
257,321,302.87,362.6
81,462.87,225,511.93
121.53,100.2,188.73,191.93
197.27,72.467,293.27,350.87
52.2,68.2,121.53,193
207.93,127.93,258.07,237.8
95.933,270.87,182.33,454.33
236.73,129,279.4,209
193,127.93,258.07,238.87
83.133,399.93,133.27,440.47
1,1,118.33,76.733
127.93,81,191.93,191.93
1,462.87,81,511.93
11.667,93.8,83.133,262.33
94.867,142.87,175.93,196.2
52.2,87.4,102.33,232.47
1,79.933,89.533,310.33
287.93,1,341.27,321
1,79.933,98.067,140.73
56.467,1,109.8,51.133
49,78.867,122.6,139.67
71.4,187.67,116.2,232.47
134.33,263.4,183.4,389.27
62.867,229.27,120.47,313.53
222.87,345.53,276.2,394.6
239.93,150.33,332.73,511.93
266.6,63.933,341.27,319.93
94.867,232.47,165.27,285.8
52.2,87.4,113,236.73
129,122.6,174.87,170.6
200.47,129,293.27,221.8
35.133,463.93,172.73,504.47
1,83.133,99.133,262.33
56.467,1,241,171.67
259.13,209,332.73,511.93
133.27,233.53,190.87,303.93
17,350.87,117.27,467.13
140.73,279.4,206.87,484.2
93.8,1,236.73,213.27
233.53,354.07,275.13,397.8
1,342.33,130.07,511.93
188.73,183.4,273,356.2
197.27,63.933,239.93,172.73
215.4,1,341.27,321
106.6,420.2,163.13,460.73
118.33,270.87,182.33,454.33
78.867,382.87,146.07,437.27
140.73,1,206.87,52.2
191.93,1,239.93,238.87
25.533,135.4,99.133,294.33
231.4,349.8,307.13,451.13
294.33,50.067,341.27,239.93
8.4667,186.6,82.067,486.33
114.07,341.27,157.8,437.27
118.33,190.87,213.27,259.13
28.733,217.53,72.467,386.07
127.93,30.867,213.27,454.33
110.87,169.53,195.13,213.27
1,455.4,46.867,506.6
228.2,142.87,293.27,309.27
60.733,229.27,130.07,401
1,393.53,141.8,511.93
1,382.87,163.13,511.93
213.27,266.6,253.8,338.07
134.33,246.33,193,462.87
106.6,386.07,163.13,460.73
1,44.733,258.07,238.87
1,78.867,102.33,262.33
297.53,50.067,341.27,227.13
103.4,54.333,197.27,114.07
52.2,136.47,211.13,285.8
134.33,263.4,183.4,337
18.067,390.33,123.67,483.13
52.2,85.267,98.067,193
9.5333,79.933,99.133,139.67
97,1,196.2,58.6
291.13,41.533,341.27,390.33
11.667,311.4,116.2,492.73
183.4,130.07,257,231.4
125.8,1,206.87,104.47
118.33,210.07,166.33,278.33
97,345.53,245.27,511.93
54.333,87.4,102.33,197.27
54.333,1,113,58.6
118.33,198.33,182.33,251.67
1,84.2,194.07,511.93
74.6,388.2,123.67,483.13
251.67,162.07,299.67,300.73
91.667,228.2,166.33,294.33
140.73,1,206.87,78.867
114.07,201.53,181.27,277.27
119.4,1,167.4,41.533
20.2,392.47,111.93,467.13
94.867,84.2,153.53,132.2
279.4,1,341.27,204.73
166.33,164.2,293.27,423.4
100.2,124.73,140.73,191.93
94.867,81,191.93,191.93
225,228.2,276.2,303.93
193,1,319.93,173.8
78.867,407.4,123.67,483.13
33,190.87,117.27,339.13
130.07,110.87,172.73,152.47
52.2,136.47,116.2,298.6
287.93,1,335.93,132.2
95.933,232.47,166.33,354.07
259.13,150.33,341.27,511.93
220.73,166.33,293.27,231.4
51.133,135.4,99.133,237.8
33,452.2,171.67,492.73
87.4,141.8,179.13,438.33
193,163.13,269.8,259.13
238.87,366.87,302.87,511.93
14.867,312.47,140.73,474.6
89.533,229.27,166.33,346.6
52.2,136.47,211.13,335.93
30.867,195.13,76.733,310.33
60.733,229.27,136.47,401
30.867,257,72.467,311.4
67.133,287.93,117.27,339.13
10.6,81,211.13,361.53
234.6,358.33,295.4,415.93
169.53,383.93,239.93,511.93
114.07,43.667,191.93,94.867
271.93,309.27,317.8,351.93
18.067,373.27,114.07,427.67
183.4,130.07,281.53,309.27
1,340.2,117.27,506.6
93.8,243.13,195.13,493.8
60.733,228.2,136.47,401
97,1,206.87,52.2
189.8,125.8,273,309.27
297.53,25.533,341.27,511.93
1,455.4,156.73,511.93
1,455.4,156.73,506.6
25.533,350.87,117.27,415.93
216.47,168.47,276.2,309.27
190.87,325.27,277.27,431.93
119.4,263.4,183.4,337
166.33,71.4,210.07,259.13
166.33,345.53,238.87,511.93
297.53,1,341.27,225
52.2,136.47,99.133,231.4
11.667,93.8,78.867,261.27
159.93,247.4,234.6,358.33
28.733,300.73,72.467,386.07
54.333,1,110.87,58.6
189.8,226.07,282.6,372.2
125.8,166.33,194.07,235.67
193,163.13,273,309.27
295.4,55.4,341.27,195.13
91.667,275.13,134.33,335.93
90.6,196.2,165.27,305
33,135.4,99.133,314.6
89.533,84.2,175.93,207.93
1,171.67,60.733,276.2
52.2,123.67,99.133,232.47
1,131.13,172.73,354.07
131.13,431.93,200.47,503.4
119.4,44.733,187.67,102.33
159.93,244.2,234.6,358.33
241,404.2,285.8,511.93
127.93,205.8,213.27,325.27
47.933,312.47,108.73,394.6
1,31.933,121.53,78.867
30.867,462.87,87.4,511.93
97,382.87,163.13,460.73
94.867,84.2,153.53,191.93
125.8,1,196.2,58.6
134.33,263.4,183.4,462.87
1,148.2,98.067,317.8
1,347.67,203.67,511.93
222.87,345.53,266.6,394.6
33,421.27,203.67,511.93
213.27,183.4,273,303.93
1,135.4,99.133,294.33
20.2,410.6,76.733,467.13
233.53,354.07,275.13,423.4
247.4,1,291.13,163.13
97,1,206.87,82.067
140.73,430.87,200.47,502.33
118.33,236.73,165.27,277.27
212.2,168.47,282.6,387.13
81,467.13,225,511.93
259.13,191.93,323.13,353
133.27,233.53,190.87,287.93
95.933,232.47,166.33,309.27
197.27,1,239.93,172.73
269.8,1,341.27,196.2
91.667,228.2,166.33,309.27
54.333,1,111.93,58.6
194.07,376.47,239.93,452.2
194.07,344.47,246.33,511.93
135.4,199.4,194.07,438.33
211.13,1,319.93,165.27
19.133,70.333,126.87,133.27
97,382.87,156.73,437.27
214.33,290.07,275.13,362.6
110.87,169.53,195.13,243.13
139.67,1,196.2,41.533
297.53,25.533,341.27,225
269.8,9.5333,323.13,196.2
191.93,262.33,270.87,361.53
183.4,130.07,257,238.87
1,78.867,102.33,135.4
151.4,199.4,193,299.67
95.933,232.47,148.2,309.27
100.2,132.2,167.4,193
143.93,345.53,245.27,511.93
52.2,135.4,99.133,231.4
1,182.33,116.2,504.47
291.13,1,341.27,140.73
1,75.667,89.533,142.87
195.13,1,241,164.2
115.13,75.667,193,132.2
188.73,269.8,275.13,424.47
55.4,229.27,135.4,389.27
193,163.13,273,303.93
110.87,169.53,213.27,245.27
233.53,354.07,277.27,423.4
214.33,233.53,315.67,415.93
273,150.33,332.73,491.67
77.8,341.27,174.87,477.8
58.6,178.07,124.73,310.33
169.53,340.2,255.93,511.93
238.87,165.27,282.6,261.27
194.07,345.53,244.2,511.93
1,1,120.47,77.8
169.53,442.6,212.2,497
105.53,1,241,171.67
1,1,109.8,58.6
56.467,1,124.73,72.467
1,455.4,174.87,506.6
49,136.47,99.133,260.2
216.47,162.07,299.67,300.73
216.47,168.47,269.8,266.6
115.13,61.8,197.27,132.2
119.4,54.333,197.27,114.07
191.93,63.933,239.93,265.53
1,81,46.867,185.53
20.2,392.47,134.33,474.6
1,461.8,196.2,511.93
97,1,150.33,49
120.47,1,188.73,41.533
231.4,349.8,307.13,456.47
89.533,232.47,166.33,321
1,29.8,121.53,77.8
1,456.47,156.73,511.93
87.4,197.27,136.47,328.47
194.07,345.53,238.87,444.73
77.8,412.73,163.13,459.67
135.4,199.4,194.07,424.47
1,387.13,62.867,505.53
155.67,166.33,218.6,331.67
18.067,342.33,130.07,483.13
97,434.07,197.27,503.4
103.4,1,163.13,44.733
274.07,227.13,328.47,511.93
295.4,198.33,341.27,462.87
294.33,50.067,341.27,253.8
189.8,265.53,234.6,358.33
1,343.4,117.27,506.6
121.53,1,204.73,74.6
97,434.07,187.67,494.87
43.667,403.13,101.27,451.13
1,455.4,76.733,506.6
103.4,45.8,197.27,171.67
20.2,393.53,102.33,483.13
210.07,1,275.13,166.33
238.87,142.87,293.27,261.27
72.467,465,190.87,511.93
37.267,87.4,91.667,133.27
7.4,194.07,135.4,399.93
55.4,229.27,120.47,313.53
1,82.067,89.533,142.87
132.2,81,191.93,182.33
39.4,78.867,118.33,139.67
215.4,177,321,317.8
31.933,195.13,76.733,299.67
87.4,141.8,164.2,340.2
124.73,198.33,182.33,251.67
167.4,269.8,275.13,433
20.2,372.2,140.73,458.6
49,228.2,98.067,317.8
77.8,412.73,157.8,457.53
290.07,1,341.27,173.8
1,347.67,146.07,511.93
109.8,43.667,191.93,127.93
213.27,179.13,258.07,296.47
287.93,1,335.93,222.87
89.533,125.8,175.93,197.27
119.4,94.867,179.13,191.93
116.2,1,162.07,41.533
166.33,165.27,210.07,259.13
1,135.4,99.133,298.6
56.467,1,129,72.467
1,461.8,101.27,511.93
23.4,455.4,76.733,495.93
200.47,1,319.93,180.2
200.47,166.33,257,231.4
58.6,140.73,124.73,330.6
35.133,421.27,203.67,511.93
238.87,387.13,279.4,449
250.6,187.67,321,317.8
119.4,44.733,187.67,93.8
114.07,43.667,191.93,106.6
114.07,229.27,165.27,277.27
239.93,209,332.73,511.93
47.933,392.47,111.93,451.13
131.13,383.93,219.67,511.93
47.933,394.6,101.27,450.07
99.133,136.47,162.07,193
244.2,164.2,293.27,309.27
114.07,273,157.8,437.27
90.6,275.13,134.33,335.93
148.2,1,206.87,52.2
123.67,253.8,165.27,337
194.07,364.73,246.33,511.93
106.6,79.933,197.27,171.67
103.4,45.8,185.53,94.867
1,177,108.73,394.6
35.133,393.53,102.33,458.6
78.867,382.87,163.13,460.73
52.2,1,110.87,58.6
114.07,215.4,165.27,277.27
188.73,269.8,270.87,356.2
52.2,136.47,165.27,285.8
97,452.2,187.67,494.87
132.2,180.2,194.07,235.67
77.8,100.2,194.07,493.8
200.47,129,279.4,209
90.6,196.2,172.73,354.07
191.93,63.933,262.33,265.53
103.4,1,206.87,104.47
125.8,1,191.93,53.267
43.667,85.267,98.067,140.73
91.667,275.13,134.33,326.33
115.13,82.067,184.47,171.67
259.13,223.93,329.53,511.93
210.07,1,319.93,166.33
201.53,127.93,260.2,237.8
30.867,382.87,146.07,458.6
239.93,354.07,308.2,511.93
166.33,74.6,211.13,194.07
1,79.933,88.467,135.4
89.533,229.27,166.33,321
49,78.867,118.33,139.67
119.4,111.93,179.13,191.93
97,382.87,161,460.73
60.733,300.73,117.27,396.73
239.93,355.13,307.13,451.13
108.73,1,150.33,41.533
56.467,1,115.13,51.133
25.533,132.2,77.8,262.33
194.07,345.53,238.87,441.53
190.87,325.27,262.33,431.93
214.33,262.33,276.2,362.6
1,44.733,187.67,102.33
51.133,141.8,99.133,237.8
213.27,173.8,270.87,296.47
14.867,312.47,140.73,431.93
106.6,109.8,175.93,171.67
75.667,399.93,141.8,460.73
85.267,406.33,134.33,474.6
13.8,182.33,54.333,262.33
201.53,1,319.93,173.8
118.33,231.4,166.33,278.33
38.333,88.467,85.267,133.27
58.6,178.07,124.73,330.6
91.667,196.2,165.27,285.8
1,462.87,93.8,511.93
241,142.87,293.27,204.73
30.867,347.67,146.07,460.73
228.2,142.87,293.27,261.27
211.13,1,341.27,165.27
134.33,263.4,183.4,314.6
77.8,196.2,174.87,477.8
188.73,1,294.33,175.93
1,82.067,89.533,147.13
1,383.93,50.067,503.4
20.2,348.73,140.73,458.6
35.133,431.93,203.67,511.93
119.4,88.467,184.47,151.4
77.8,166.33,194.07,477.8
93.8,421.27,219.67,510.87
119.4,111.93,171.67,171.67
1,455.4,101.27,511.93
247.4,1,319.93,163.13
145,235.67,194.07,454.33
274.07,227.13,329.53,511.93
129,93.8,191.93,175.93
97,382.87,163.13,455.4
119.4,74.6,211.13,194.07
1,79.933,98.067,185.53
100.2,132.2,164.2,193
26.6,136.47,99.133,262.33
69.267,286.87,117.27,330.6
1,31.933,121.53,77.8
213.27,273,253.8,338.07
1,28.733,124.73,77.8
105.53,43.667,211.13,171.67
10.6,83.133,88.467,135.4
35.133,463.93,87.4,504.47
52.2,1,110.87,59.667
75.667,399.93,141.8,454.33
114.07,79.933,178.07,152.47
194.07,345.53,234.6,441.53
58.6,178.07,99.133,231.4
9.5333,79.933,86.333,138.6
169.53,383.93,255.93,511.93
100.2,166.33,191.93,234.6
85.267,341.27,157.8,474.6
30.867,347.67,146.07,458.6
62.867,1,110.87,42.6
119.4,41.533,172.73,82.067
290.07,1,341.27,195.13
1,123.67,99.133,298.6
53.267,1,120.47,75.667
77.8,341.27,161,459.67
105.53,132.2,162.07,185.53
266.6,47.933,341.27,319.93
108.73,420.2,163.13,460.73
82.067,348.73,140.73,407.4
14.867,383.93,79.933,431.93
100.2,134.33,171.67,191.93
216.47,177,267.67,264.47
274.07,305,326.33,511.93
87.4,294.33,136.47,347.67
114.07,379.67,157.8,437.27
69.267,312.47,109.8,389.27
105.53,43.667,191.93,171.67
125.8,29.8,201.53,78.867
101.27,1,184.47,72.467
259.13,223.93,323.13,327.4
121.53,82.067,184.47,150.33
200.47,325.27,262.33,431.93
129,121.53,173.8,170.6
114.07,79.933,178.07,127.93
1,177,73.533,303.93
238.87,385,279.4,511.93
227.13,260.2,271.93,306.07
100.2,119.4,171.67,191.93
82.067,390.33,133.27,440.47
123.67,253.8,165.27,354.07
241,366.87,302.87,511.93
1,82.067,89.533,135.4
94.867,84.2,161,149.27
1,1,115.13,58.6
100.2,134.33,152.47,191.93
52.2,136.47,116.2,232.47
114.07,201.53,181.27,251.67
97,382.87,161,454.33
167.4,421.27,219.67,510.87
20.2,348.73,140.73,467.13
7.4,194.07,82.067,399.93
40.467,392.47,110.87,451.13
104.47,253.8,165.27,346.6
199.4,286.87,266.6,350.87
75.667,399.93,141.8,443.67
20.2,394.6,73.533,467.13
58.6,312.47,108.73,389.27
259.13,223.93,327.4,374.33
216.47,177,276.2,309.27
25.533,132.2,77.8,180.2
190.87,175.93,275.13,423.4
129,100.2,187.67,178.07
97,1,173.8,49
55.4,1,109.8,57.533
197.27,166.33,257,231.4
223.93,286.87,266.6,338.07
1,33,117.27,77.8
78.867,382.87,163.13,474.6
26.6,134.33,77.8,178.07
94.867,79.933,178.07,152.47
212.2,261.27,282.6,372.2
100.2,181.27,175.93,234.6
103.4,1,146.07,44.733
83.133,1,124.73,72.467
1,178.07,105.53,489.53
15.933,123.67,99.133,262.33
56.467,1,204.73,74.6
195.13,345.53,238.87,433
220.73,166.33,293.27,255.93
220.73,166.33,293.27,237.8
169.53,425.53,219.67,510.87
38.333,88.467,87.4,133.27
129,180.2,194.07,235.67
60.733,1,109.8,43.667
1,173.8,76.733,299.67
52.2,136.47,211.13,316.73
215.4,184.47,258.07,309.27
69.267,285.8,119.4,330.6
1,1,71.4,58.6
195.13,345.53,238.87,491.67
93.8,43.667,191.93,164.2
247.4,1,293.27,180.2
77.8,166.33,194.07,493.8
222.87,345.53,296.47,415.93
108.73,1,184.47,41.533
1,173.8,89.533,299.67
189.8,74.6,239.93,197.27
216.47,166.33,281.53,309.27
169.53,345.53,238.87,511.93
131.13,94.867,178.07,141.8
119.4,263.4,183.4,409.53
125.8,10.6,191.93,53.267
151.4,205.8,194.07,294.33
103.4,159.93,188.73,243.13
235.67,366.87,276.2,415.93
30.867,207.93,72.467,311.4
90.6,196.2,166.33,351.93
148.2,93.8,191.93,175.93
295.4,55.4,335.93,195.13
58.6,289,121.53,389.27
127.93,205.8,185.53,284.73
18.067,383.93,76.733,427.67
82.067,349.8,140.73,406.33
1,1,106.6,58.6
26.6,130.07,88.467,178.07
1,123.67,99.133,262.33
1,177,95.933,317.8
91.667,197.27,165.27,253.8
114.07,201.53,211.13,259.13
53.267,193,99.133,316.73
238.87,385,297.53,449
259.13,223.93,327.4,511.93
118.33,302.87,182.33,454.33
188.73,327.4,231.4,419.13
1,181.27,50.067,505.53
125.8,29.8,204.73,104.47
194.07,374.33,244.2,511.93
35.133,431.93,200.47,504.47
276.2,63.933,331.67,271.93
129,201.53,181.27,251.67
81,196.2,166.33,351.93
62.867,1,106.6,57.533
225,179.13,267.67,264.47
91.667,196.2,163.13,236.73
56.467,1,110.87,49
99.133,341.27,148.2,401
125.8,29.8,204.73,78.867
104.47,277.27,148.2,346.6
131.13,82.067,184.47,141.8
20.2,421.27,88.467,483.13
150.33,1,206.87,52.2
1,177,47.933,221.8
118.33,235.67,166.33,278.33
287.93,1,335.93,84.2
101.27,1,167.4,72.467
25.533,132.2,99.133,262.33
20.2,348.73,147.13,467.13
1,1,121.53,85.267
35.133,382.87,146.07,458.6
266.6,63.933,331.67,271.93
214.33,296.47,275.13,362.6
277.27,227.13,321,317.8
95.933,393.53,147.13,440.47
21.267,134.33,77.8,267.67
225,262.33,276.2,303.93
93.8,84.2,173.8,164.2
119.4,1,184.47,41.533
238.87,129,293.27,207.93
188.73,345.53,238.87,511.93
118.33,235.67,165.27,277.27
250.6,187.67,293.27,278.33
1,33,120.47,77.8
75.667,7.4,120.47,75.667
21.267,134.33,77.8,229.27
1,1,102.33,77.8
91.667,196.2,163.13,239.93
225,262.33,276.2,302.87
133.27,247.4,177,287.93
28.733,217.53,82.067,386.07
21.267,158.87,71.4,229.27
20.2,392.47,110.87,467.13
213.27,297.53,253.8,338.07
229.27,296.47,271.93,338.07
20.2,410.6,76.733,458.6
1,181.27,46.867,478.87
45.8,372.2,140.73,450.07
233.53,354.07,277.27,397.8
91.667,232.47,166.33,294.33
238.87,385,297.53,511.93
41.533,461.8,101.27,503.4
258.07,293.27,302.87,359.4
1,193,46.867,478.87
1,132.2,78.867,180.2
273,150.33,331.67,312.47
82.067,372.2,140.73,440.47
45.8,394.6,101.27,450.07
247.4,1,291.13,161
1,182.33,105.53,489.53
91.667,232.47,135.4,294.33
1,1,62.867,47.933
274.07,305,322.07,374.33
247.4,1,319.93,161
25.533,132.2,78.867,180.2
28.733,300.73,82.067,386.07
51.133,190.87,99.133,232.47
211.13,1,273,165.27
214.33,310.33,275.13,362.6
1,463.93,53.267,511.93
