1,318.87,198.33,511.93
1,1,342.33,511.93
210.07,1,342.33,166.33
149.27,377.53,289,511.93
264.47,1,342.33,143.93
289,1,333.8,74.6
1,242.07,258.07,511.93
19.133,1,342.33,205.8
7.4,1,342.33,231.4
149.27,326.33,274.07,511.93
107.67,1,342.33,262.33
1,195.13,189.8,511.93
18.067,1,342.33,234.6
1,237.8,255.93,511.93
40.467,40.467,177,116.2
1,171.67,342.33,511.93
149.27,190.87,342.33,511.93
1,1,342.33,318.87
25.533,81,280.47,233.53
159.93,1,276.2,84.2
17,387.13,114.07,511.93
1,1,200.47,399.93
169.53,111.93,245.27,184.47
25.533,1,342.33,234.6
92.733,1,342.33,231.4
156.73,214.33,285.8,452.2
206.87,1,342.33,214.33
4.2,233.53,184.47,405.27
114.07,221.8,305,511.93
1,1,342.33,399.93
1,1,342.33,271.93
106.6,1,342.33,231.4
1,1,198.33,271.93
1,259.13,45.8,386.07
156.73,55.4,247.4,133.27
1,1,342.33,371.13
73.533,289,132.2,341.27
1,188.73,198.33,511.93
1,145,342.33,511.93
40.467,214.33,342.33,511.93
18.067,1,342.33,233.53
20.2,183.4,309.27,262.33
1,247.4,140.73,511.93
1,177,342.33,511.93
156.73,113,330.6,231.4
156.73,113,342.33,231.4
158.87,199.4,285.8,262.33
202.6,122.6,342.33,511.93
1,188.73,342.33,511.93
218.6,218.6,342.33,511.93
1,178.07,342.33,511.93
1,132.2,189.8,271.93
101.27,255.93,183.4,370.07
45.8,242.07,186.6,409.53
158.87,159.93,206.87,214.33
20.2,194.07,86.333,260.2
151.4,12.733,269.8,141.8
20.2,181.27,285.8,328.47
1,173.8,342.33,511.93
1,1,342.33,214.33
178.07,213.27,342.33,511.93
214.33,215.4,342.33,465
1,324.2,258.07,511.93
114.07,364.73,305,511.93
1,1,127.93,254.87
1,351.93,166.33,511.93
20.2,194.07,135.4,266.6
202.6,123.67,342.33,511.93
218.6,228.2,342.33,455.4
10.6,296.47,102.33,394.6
214.33,215.4,342.33,511.93
1,1,342.33,273
25.533,65,197.27,199.4
212.2,1,342.33,171.67
1,1,179.13,297.53
202.6,123.67,342.33,333.8
33,233.53,189.8,417
8.4667,359.4,95.933,444.73
1,380.73,114.07,511.93
114.07,94.867,184.47,190.87
47.933,200.47,175.93,259.13
19.133,1,342.33,233.53
25.533,243.13,98.067,334.87
79.933,225,175.93,271.93
113,74.6,198.33,126.87
1,173.8,259.13,386.07
25.533,49,248.47,232.47
115.13,98.067,220.73,195.13
1,238.87,174.87,511.93
185.53,129,241,184.47
28.733,138.6,162.07,234.6
25.533,88.467,181.27,226.07
19.133,1,342.33,328.47
1,88.467,189.8,271.93
207.93,247.4,251.67,452.2
226.07,245.27,342.33,511.93
170.6,232.47,246.33,392.47
114.07,100.2,342.33,231.4
154.6,159.93,223.93,206.87
196.2,122.6,342.33,511.93
247.4,188.73,342.33,277.27
61.8,87.4,218.6,195.13
25.533,82.067,281.53,273
1,205.8,285.8,511.93
1,122.6,342.33,511.93
129,1,333.8,133.27
102.33,258.07,186.6,375.4
1,190.87,342.33,511.93
149.27,257,255.93,511.93
107.67,1,277.27,68.2
92.733,159.93,206.87,222.87
1,457.53,49,511.93
1,1,200.47,104.47
154.6,113,322.07,262.33
18.067,57.533,164.2,234.6
206.87,17,270.87,78.867
39.4,213.27,342.33,511.93
1,1,277.27,123.67
170.6,220.73,254.87,306.07
227.13,145,316.73,209
1,159.93,342.33,511.93
168.47,221.8,254.87,319.93
168.47,229.27,230.33,319.93
62.867,188.73,342.33,452.2
207.93,190.87,342.33,511.93
233.53,171.67,342.33,511.93
1,296.47,120.47,511.93
269.8,188.73,342.33,351.93
7.4,78.867,90.6,203.67
149.27,188.73,342.33,511.93
39.4,178.07,342.33,306.07
19.133,1,246.33,205.8
229.27,125.8,340.2,214.33
1,1,81,88.467
10.6,170.6,259.13,340.2
1,43.667,86.333,147.13
85.267,205.8,183.4,262.33
232.47,170.6,322.07,227.13
264.47,253.8,312.47,328.47
1,386.07,110.87,511.93
61.8,91.667,152.47,177
202.6,221.8,279.4,333.8
269.8,171.67,342.33,511.93
174.87,41.533,254.87,97
1,249.53,177,511.93
23.4,170.6,259.13,269.8
159.93,1,342.33,216.47
107.67,1,342.33,179.13
212.2,45.8,309.27,151.4
107.67,1,333.8,141.8
278.33,1,333.8,134.33
149.27,214.33,289,511.93
1,1,100.2,122.6
212.2,213.27,342.33,378.6
247.4,125.8,340.2,184.47
182.33,239.93,223.93,433
62.867,221.8,254.87,370.07
212.2,215.4,342.33,378.6
129,10.6,268.73,133.27
52.2,68.2,198.33,126.87
18.067,49,248.47,234.6
1,1,179.13,147.13
233.53,188.73,342.33,511.93
1,1,177,123.67
1,195.13,71.4,386.07
114.07,258.07,179.13,365.8
278.33,295.4,342.33,511.93
1,253.8,50.067,386.07
226.07,243.13,342.33,511.93
66.067,23.4,211.13,81
210.07,59.667,309.27,151.4
25.533,82.067,251.67,214.33
161,70.333,245.27,141.8
1,318.87,120.47,511.93
168.47,216.47,289,319.93
235.67,301.8,342.33,491.67
207.93,247.4,252.73,393.53
1,1,114.07,88.467
92.733,166.33,281.53,249.53
158.87,200.47,219.67,248.47
19.133,18.067,203.67,233.53
1,78.867,90.6,318.87
1,92.733,148.2,399.93
129,1,342.33,166.33
61.8,87.4,218.6,163.13
1,69.267,50.067,198.33
218.6,324.2,263.4,511.93
289,1,342.33,181.27
90.6,12.733,147.13,53.267
90.6,99.133,157.8,156.73
45.8,242.07,212.2,409.53
90.6,324.2,178.07,511.93
1,233.53,189.8,511.93
42.6,113,342.33,233.53
180.2,424.47,220.73,503.4
4.2,188.73,184.47,405.27
101.27,237.8,255.93,511.93
167.4,217.53,285.8,306.07
297.53,1,342.33,188.73
210.07,10.6,268.73,53.267
114.07,171.67,342.33,511.93
132.2,181.27,285.8,319.93
197.27,1,303.93,53.267
291.13,1,333.8,55.4
62.867,221.8,253.8,370.07
90.6,1,179.13,53.267
114.07,100.2,184.47,190.87
156.73,221.8,253.8,324.2
264.47,244.2,342.33,346.6
222.87,122.6,339.13,215.4
19.133,41.533,147.13,233.53
162.07,372.2,258.07,511.93
93.8,366.87,180.2,511.93
1,220.73,255.93,511.93
156.73,15.933,257,141.8
1,244.2,342.33,511.93
170.6,232.47,260.2,392.47
133.27,244.2,342.33,511.93
56.467,291.13,174.87,511.93
136.47,301.8,181.27,361.53
241,126.87,339.13,207.93
1,380.73,107.67,511.93
297.53,1,342.33,166.33
269.8,215.4,335.93,293.27
40.467,214.33,261.27,511.93
62.867,233.53,180.2,370.07
154.6,125.8,244.2,206.87
178.07,1,306.07,51.133
68.2,349.8,126.87,421.27
274.07,1,342.33,170.6
73.533,156.73,198.33,212.2
255.93,10.6,301.8,119.4
289,1,342.33,171.67
113,311.4,170.6,363.67
25.533,85.267,206.87,212.2
1,343.4,129,444.73
254.87,1,333.8,120.47
1,159.93,259.13,394.6
181.27,468.2,238.87,511.93
204.73,113,278.33,181.27
52.2,36.2,198.33,158.87
20.2,81,285.8,328.47
114.07,371.13,166.33,511.93
1,1,42.6,66.067
218.6,324.2,285.8,511.93
216.47,468.2,260.2,511.93
148.2,1,333.8,141.8
262.33,245.27,342.33,351.93
1,220.73,184.47,511.93
207.93,219.67,342.33,451.13
247.4,1,333.8,119.4
39.4,213.27,260.2,439.4
264.47,244.2,342.33,351.93
129,1,338.07,133.27
1,213.27,342.33,511.93
25.533,85.267,81,190.87
44.733,220.73,103.4,309.27
39.4,193,113,258.07
77.8,178.07,342.33,306.07
60.733,168.47,198.33,222.87
25.533,88.467,172.73,226.07
1,43.667,90.6,318.87
52.2,233.53,132.2,339.13
10.6,188.73,113,340.2
107.67,25.533,250.6,99.133
1,132.2,98.067,266.6
72.467,244.2,170.6,363.67
151.4,125.8,342.33,225
228.2,248.47,342.33,511.93
123.67,258.07,181.27,360.47
20.2,178.07,342.33,325.27
1,249.53,175.93,511.93
1,267.67,55.4,394.6
40.467,40.467,177,123.67
114.07,312.47,175.93,364.73
1,1,200.47,375.4
149.27,372.2,258.07,511.93
218.6,218.6,342.33,455.4
1,351.93,137.53,511.93
10.6,293.27,101.27,340.2
156.73,21.267,247.4,141.8
101.27,258.07,184.47,511.93
228.2,244.2,342.33,511.93
107.67,1,277.27,99.133
182.33,239.93,248.47,444.73
189.8,10.6,290.07,117.27
62.867,233.53,113,279.4
232.47,125.8,342.33,308.2
1,318.87,70.333,511.93
1,1,127.93,99.133
298.6,1,342.33,166.33
246.33,171.67,294.33,212.2
53.267,335.93,150.33,387.13
107.67,63.933,200.47,111.93
25.533,85.267,68.2,157.8
1,372.2,45.8,423.4
63.933,185.53,189.8,271.93
156.73,190.87,259.13,249.53
1,236.73,79.933,318.87
90.6,324.2,258.07,511.93
178.07,236.73,258.07,435.13
25.533,23.4,211.13,234.6
228.2,269.8,342.33,491.67
7.4,40.467,177,221.8
93.8,366.87,140.73,452.2
197.27,10.6,268.73,53.267
43.667,269.8,92.733,319.93
193,329.53,263.4,511.93
107.67,1,277.27,88.467
299.67,1,342.33,77.8
206.87,101.27,342.33,214.33
1,353,161,511.93
71.4,166.33,281.53,273
156.73,196.2,220.73,246.33
54.333,111.93,173.8,201.53
187.67,49,243.13,122.6
151.4,372.2,258.07,511.93
94.867,87.4,248.47,232.47
1,351.93,70.333,444.73
156.73,184.47,220.73,249.53
233.53,301.8,342.33,511.93
69.267,87.4,218.6,163.13
115.13,101.27,206.87,195.13
73.533,283.67,188.73,443.67
73.533,156.73,198.33,205.8
52.2,42.6,203.67,177
238.87,325.27,310.33,433
205.8,469.27,284.73,511.93
136.47,302.87,184.47,361.53
207.93,218.6,342.33,452.2
62.867,233.53,156.73,327.4
133.27,305,289,511.93
1,379.67,61.8,475.67
94.867,49,248.47,232.47
206.87,1,342.33,170.6
45.8,274.07,101.27,333.8
228.2,269.8,310.33,433
1,1,198.33,158.87
60.733,168.47,206.87,232.47
1,241,67.133,317.8
91.667,350.87,140.73,511.93
1,1,132.2,375.4
226.07,267.67,342.33,511.93
297.53,1,338.07,91.667
101.27,309.27,179.13,409.53
1,1,83.133,88.467
246.33,190.87,309.27,237.8
62.867,218.6,342.33,452.2
159.93,14.867,269.8,84.2
214.33,59.667,283.67,127.93
104.47,258.07,184.47,367.93
218.6,364.73,305,511.93
241,125.8,330.6,173.8
25.533,81,85.267,190.87
20.2,181.27,309.27,266.6
231.4,417,289,511.93
278.33,123.67,342.33,214.33
82.067,83.133,152.47,165.27
233.53,218.6,342.33,302.87
226.07,374.33,342.33,511.93
20.2,179.13,309.27,266.6
15.933,159.93,62.867,210.07
182.33,60.733,273,133.27
1,1,100.2,99.133
1,359.4,107.67,444.73
110.87,1,277.27,44.733
169.53,111.93,276.2,191.93
61.8,84.2,251.67,214.33
129,42.6,215.4,99.133
139.67,302.87,181.27,360.47
118.33,370.07,161,413.8
114.07,182.33,220.73,222.87
241,125.8,305,168.47
24.467,369,161,511.93
1,385,113,511.93
25.533,82.067,71.4,158.87
111.93,205.8,183.4,262.33
107.67,1,305,138.6
65,325.27,188.73,417
147.13,372.2,220.73,495.93
197.27,12.733,269.8,59.667
1,188.73,67.133,386.07
203.67,236.73,258.07,315.67
174.87,21.267,241,76.733
25.533,55.4,173.8,234.6
212.2,34.067,309.27,151.4
212.2,215.4,342.33,333.8
206.87,110.87,311.4,214.33
1,267.67,55.4,318.87
114.07,1,342.33,231.4
17,269.8,98.067,335.93
19.133,1,246.33,233.53
22.333,350.87,140.73,511.93
44.733,393.53,114.07,511.93
1,387.13,114.07,511.93
255.93,1,303.93,119.4
31.933,81,85.267,190.87
1,343.4,61.8,444.73
43.667,367.93,120.47,415.93
222.87,124.73,339.13,215.4
118.33,371.13,180.2,511.93
207.93,247.4,251.67,407.4
269.8,188.73,342.33,308.2
1,1,78.867,88.467
194.07,1,342.33,188.73
216.47,469.27,284.73,511.93
169.53,33,250.6,99.133
91.667,169.53,198.33,222.87
301.8,101.27,342.33,170.6
269.8,218.6,342.33,293.27
149.27,418.07,210.07,511.93
204.73,113,267.67,186.6
90.6,329.53,155.67,393.53
101.27,309.27,186.6,414.87
14.867,267.67,79.933,318.87
60.733,111.93,339.13,232.47
20.2,177,342.33,277.27
101.27,258.07,186.6,409.53
170.6,373.27,221.8,503.4
257,125.8,340.2,178.07
233.53,374.33,307.13,511.93
133.27,337,188.73,382.87
280.47,278.33,342.33,346.6
136.47,233.53,251.67,389.27
212.2,24.467,315.67,155.67
145,221.8,253.8,324.2
214.33,4.2,310.33,162.07
169.53,364.73,305,511.93
156.73,184.47,281.53,249.53
77.8,242.07,186.6,409.53
101.27,237.8,233.53,511.93
174.87,41.533,254.87,133.27
226.07,244.2,342.33,511.93
151.4,151.4,223.93,225
252.73,1,342.33,179.13
20.2,194.07,85.267,237.8
54.333,231.4,261.27,511.93
151.4,78.867,196.2,124.73
233.53,374.33,342.33,511.93
159.93,181.27,220.73,232.47
147.13,372.2,220.73,511.93
274.07,228.2,342.33,308.2
218.6,219.67,342.33,451.13
258.07,188.73,342.33,308.2
53.267,307.13,172.73,414.87
194.07,84.2,245.27,138.6
43.667,269.8,132.2,341.27
163.13,221.8,283.67,330.6
136.47,301.8,181.27,356.2
202.6,125.8,342.33,333.8
25.533,81,147.13,233.53
151.4,372.2,220.73,495.93
34.067,249.53,149.27,355.13
206.87,39.4,250.6,82.067
1,241,67.133,386.07
17,380.73,88.467,511.93
158.87,237.8,233.53,392.47
262.33,245.27,342.33,346.6
40.467,214.33,185.53,363.67
214.33,1,342.33,162.07
264.47,1,333.8,87.4
149.27,247.4,255.93,511.93
159.93,22.333,235.67,84.2
247.4,101.27,342.33,211.13
1,431.93,95.933,511.93
205.8,10.6,268.73,53.267
107.67,1,245.27,45.8
1,194.07,148.2,399.93
38.333,205.8,98.067,262.33
39.4,213.27,155.67,328.47
167.4,220.73,254.87,306.07
52.2,55.4,173.8,201.53
178.07,236.73,267.67,511.93
156.73,1,333.8,141.8
1,293.27,45.8,386.07
52.2,65,203.67,205.8
73.533,159.93,223.93,222.87
184.47,75.667,225,133.27
228.2,244.2,342.33,491.67
118.33,371.13,163.13,454.33
274.07,1,333.8,108.73
107.67,1,293.27,133.27
131.13,258.07,186.6,375.4
93.8,327.4,198.33,511.93
267.67,215.4,331.67,262.33
116.2,371.13,163.13,511.93
156.73,196.2,220.73,249.53
10.6,241,101.27,340.2
297.53,1,342.33,171.67
45.8,274.07,143.93,346.6
212.2,59.667,283.67,127.93
205.8,469.27,248.47,511.93
7.4,40.467,220.73,221.8
17,188.73,113,270.87
172.73,441.53,255.93,511.93
138.6,372.2,184.47,511.93
23.4,385,113,511.93
232.47,124.73,339.13,197.27
20.2,173.8,342.33,325.27
183.4,257,238.87,507.67
118.33,366.87,162.07,413.8
225,248.47,278.33,333.8
172.73,10.6,290.07,138.6
118.33,148.2,181.27,190.87
69.267,92.733,159.93,145
60.733,111.93,342.33,232.47
1,1,84.2,95.933
123.67,87.4,218.6,133.27
156.73,113,280.47,233.53
1,257,50.067,386.07
123.67,269.8,168.47,313.53
207.93,190.87,342.33,451.13
156.73,190.87,259.13,246.33
299.67,1,342.33,67.133
95.933,126.87,156.73,167.4
30.867,152.47,98.067,266.6
1,1,105.53,88.467
206.87,214.33,285.8,333.8
169.53,110.87,245.27,174.87
19.133,41.533,123.67,168.47
18.067,1,277.27,199.4
226.07,363.67,342.33,511.93
78.867,99.133,172.73,226.07
17,346.6,120.47,511.93
207.93,247.4,252.73,439.4
158.87,161,207.93,206.87
33,205.8,98.067,318.87
114.07,258.07,179.13,342.33
1,294.33,184.47,511.93
114.07,232.47,260.2,439.4
169.53,111.93,245.27,191.93
206.87,39.4,310.33,152.47
72.467,244.2,148.2,325.27
115.13,101.27,220.73,195.13
66.067,1,179.13,53.267
4.2,238.87,174.87,399.93
92.733,166.33,207.93,231.4
232.47,145,281.53,188.73
34.067,220.73,180.2,410.6
171.67,418.07,220.73,482.07
45.8,274.07,100.2,332.73
1,205.8,188.73,511.93
233.53,274.07,338.07,433
169.53,429.8,238.87,511.93
241,137.53,339.13,200.47
206.87,39.4,259.13,104.47
53.267,307.13,172.73,440.47
232.47,170.6,311.4,214.33
19.133,41.533,203.67,205.8
158.87,199.4,259.13,255.93
173.8,41.533,231.4,82.067
34.067,249.53,102.33,324.2
31.933,86.333,85.267,190.87
116.2,371.13,166.33,511.93
131.13,103.4,195.13,190.87
20.2,183.4,309.27,325.27
149.27,424.47,238.87,511.93
170.6,373.27,221.8,492.73
178.07,236.73,263.4,511.93
212.2,211.13,285.8,276.2
7.4,78.867,83.133,203.67
66.067,1,246.33,87.4
102.33,255.93,172.73,313.53
1,188.73,76.733,386.07
25.533,88.467,68.2,158.87
1,257,50.067,303.93
173.8,17,253.8,84.2
1,195.13,67.133,317.8
52.2,287.93,130.07,339.13
62.867,267.67,149.27,355.13
151.4,383.93,231.4,511.93
25.533,55.4,173.8,201.53
194.07,57.533,310.33,152.47
94.867,182.33,220.73,222.87
106.6,99.133,218.6,222.87
1,170.6,259.13,394.6
20.2,145,342.33,325.27
196.2,113,278.33,212.2
133.27,305,342.33,511.93
255.93,1,333.8,119.4
54.333,1,114.07,60.733
31.933,351.93,137.53,511.93
56.467,324.2,174.87,511.93
185.53,129,251.67,184.47
107.67,31.933,214.33,82.067
222.87,122.6,339.13,216.47
114.07,258.07,181.27,360.47
101.27,309.27,184.47,418.07
218.6,415.93,274.07,495.93
66.067,18.067,198.33,87.4
255.93,1,315.67,118.33
1,1,100.2,88.467
232.47,110.87,287.93,190.87
101.27,309.27,180.2,410.6
1,78.867,90.6,238.87
162.07,151.4,223.93,202.6
290.07,245.27,342.33,289
280.47,169.53,342.33,211.13
129,1,278.33,133.27
149.27,377.53,238.87,511.93
77.8,183.4,260.2,262.33
133.27,327.4,198.33,439.4
52.2,36.2,198.33,149.27
123.67,269.8,178.07,325.27
197.27,221.8,283.67,306.07
175.93,113,330.6,214.33
66.067,24.467,191.93,81
198.33,1,315.67,118.33
185.53,55.4,247.4,133.27
25.533,40.467,177,221.8
1,195.13,71.4,327.4
1,1,151.4,147.13
139.67,102.33,180.2,149.27
17,170.6,259.13,269.8
18.067,62.867,65,122.6
278.33,378.6,342.33,511.93
159.93,1,333.8,117.27
101.27,250.6,189.8,311.4
172.73,49,245.27,138.6
182.33,40.467,273,133.27
106.6,99.133,280.47,233.53
163.13,221.8,283.67,444.73
52.2,103.4,103.4,177
26.6,155.67,147.13,233.53
1,372.2,107.67,444.73
52.2,65,203.67,177
204.73,113,274.07,154.6
245.27,463.93,287.93,511.93
1,343.4,126.87,444.73
226.07,248.47,342.33,511.93
173.8,441.53,255.93,511.93
149.27,373.27,273,511.93
25.533,85.267,68.2,180.2
193,382.87,238.87,507.67
33,246.33,98.067,318.87
52.2,18.067,203.67,177
18.067,35.133,136.47,163.13
101.27,258.07,184.47,418.07
78.867,156.73,198.33,205.8
91.667,159.93,223.93,222.87
20.2,194.07,155.67,328.47
54.333,93.8,146.07,205.8
43.667,1,342.33,232.47
196.2,113,322.07,227.13
228.2,249.53,342.33,511.93
1,353,61.8,470.33
298.6,188.73,342.33,308.2
7.4,380.73,107.67,511.93
114.07,104.47,184.47,190.87
153.53,199.4,259.13,262.33
24.467,1,199.4,104.47
101.27,231.4,261.27,507.67
187.67,110.87,245.27,174.87
26.6,93.8,147.13,233.53
118.33,371.13,158.87,446.87
40.467,214.33,185.53,325.27
21.267,188.73,67.133,269.8
25.533,108.73,69.267,158.87
56.467,324.2,174.87,399.93
10.6,293.27,60.733,340.2
179.13,10.6,268.73,58.6
242.07,461.8,289,511.93
114.07,232.47,260.2,392.47
226.07,301.8,342.33,511.93
207.93,234.6,265.53,407.4
151.4,372.2,198.33,495.93
42.6,103.4,342.33,233.53
133.27,305,257,511.93
197.27,221.8,254.87,306.07
138.6,372.2,184.47,455.4
207.93,57.533,310.33,152.47
1,369,161,511.93
33,233.53,189.8,360.47
162.07,161,223.93,202.6
156.73,55.4,247.4,141.8
52.2,103.4,146.07,199.4
62.867,233.53,184.47,367.93
151.4,1,333.8,141.8
54.333,291.13,174.87,511.93
289,33,342.33,143.93
218.6,329.53,263.4,511.93
82.067,93.8,145,165.27
116.2,25.533,190.87,67.133
1,293.27,54.333,386.07
264.47,243.13,342.33,312.47
289,51.133,342.33,170.6
73.533,260.2,132.2,323.13
271.93,244.2,342.33,351.93
239.93,405.27,305,511.93
114.07,100.2,195.13,198.33
228.2,244.2,309.27,364.73
269.8,171.67,342.33,313.53
131.13,103.4,219.67,190.87
120.47,440.47,166.33,511.93
283.67,1,333.8,101.27
33,205.8,188.73,443.67
174.87,10.6,268.73,133.27
206.87,218.6,342.33,452.2
71.4,205.8,183.4,273
228.2,267.67,285.8,364.73
7.4,351.93,142.87,511.93
278.33,1,342.33,148.2
1,372.2,63.933,444.73
1,257,79.933,318.87
232.47,110.87,287.93,205.8
206.87,170.6,311.4,214.33
10.6,335.93,76.733,385
292.2,250.6,342.33,308.2
45.8,274.07,101.27,338.07
17,173.8,259.13,262.33
1,349.8,161,511.93
151.4,110.87,342.33,231.4
258.07,228.2,342.33,308.2
136.47,301.8,178.07,356.2
156.73,214.33,285.8,333.8
247.4,125.8,342.33,211.13
114.07,371.13,220.73,511.93
289,190.87,342.33,277.27
178.07,238.87,231.4,435.13
81,307.13,155.67,393.53
167.4,233.53,210.07,296.47
62.867,233.53,127.93,279.4
206.87,1,333.8,119.4
114.07,87.4,248.47,190.87
25.533,238.87,111.93,325.27
4.2,294.33,184.47,511.93
181.27,238.87,251.67,452.2
31.933,351.93,135.4,511.93
34.067,238.87,104.47,334.87
274.07,215.4,342.33,313.53
118.33,371.13,162.07,446.87
52.2,67.133,125.8,177
1,316.73,140.73,511.93
187.67,135.4,244.2,181.27
34.067,220.73,132.2,341.27
158.87,113,280.47,206.87
169.53,55.4,247.4,133.27
204.73,113,330.6,186.6
22.333,350.87,76.733,399.93
1,318.87,101.27,399.93
200.47,1,303.93,49
107.67,10.6,290.07,138.6
241,467.13,285.8,511.93
98.067,104.47,161,163.13
33,246.33,97,314.6
110.87,1,277.27,58.6
212.2,231.4,261.27,276.2
43.667,346.6,120.47,415.93
60.733,289,132.2,341.27
156.73,161,223.93,231.4
294.33,1,342.33,171.67
7.4,351.93,165.27,511.93
42.6,1,342.33,233.53
156.73,184.47,259.13,249.53
289,51.133,342.33,163.13
222.87,1,342.33,216.47
25.533,82.067,141.8,205.8
114.07,134.33,195.13,198.33
232.47,369,322.07,511.93
17,188.73,67.133,270.87
204.73,113,330.6,214.33
182.33,238.87,232.47,380.73
4.2,249.53,175.93,405.27
1,135.4,98.067,266.6
102.33,255.93,185.53,323.13
68.2,36.2,132.2,78.867
98.067,106.6,156.73,155.67
20.2,181.27,285.8,266.6
156.73,173.8,214.33,231.4
159.93,1,333.8,84.2
270.87,1,333.8,105.53
107.67,31.933,245.27,141.8
10.6,249.53,102.33,340.2
4.2,312.47,175.93,405.27
46.867,1,100.2,71.4
1,318.87,95.933,444.73
107.67,19.133,207.93,88.467
140.73,327.4,188.73,382.87
182.33,211.13,285.8,403.13
131.13,258.07,175.93,359.4
225,141.8,276.2,183.4
33,269.8,79.933,318.87
147.13,101.27,206.87,172.73
74.6,291.13,143.93,346.6
113,182.33,163.13,222.87
216.47,469.27,265.53,511.93
93.8,366.87,135.4,511.93
40.467,40.467,177,205.8
14.867,62.867,65,122.6
73.533,283.67,161,359.4
223.93,243.13,279.4,333.8
202.6,234.6,279.4,333.8
232.47,369,342.33,511.93
17,387.13,89.533,511.93
247.4,125.8,300.73,171.67
1,249.53,110.87,399.93
53.267,335.93,158.87,414.87
232.47,141.8,287.93,190.87
1,351.93,70.333,511.93
71.4,205.8,183.4,262.33
183.4,257,223.93,435.13
214.33,246.33,257,337
218.6,243.13,279.4,455.4
158.87,84.2,251.67,214.33
254.87,1,333.8,117.27
151.4,110.87,342.33,225
180.2,377.53,222.87,503.4
115.13,139.67,206.87,195.13
291.13,1,333.8,67.133
202.6,234.6,260.2,316.73
287.93,298.6,332.73,344.47
18.067,57.533,164.2,199.4
228.2,299.67,275.13,362.6
158.87,199.4,259.13,248.47
72.467,156.73,206.87,212.2
1,135.4,55.4,247.4
241,124.73,339.13,207.93
14.867,62.867,73.533,122.6
198.33,157.8,270.87,212.2
118.33,373.27,164.2,511.93
216.47,60.733,273,127.93
98.067,102.33,156.73,155.67
154.6,125.8,285.8,262.33
68.2,129,141.8,177
129,1,277.27,44.733
162.07,151.4,223.93,197.27
73.533,156.73,206.87,212.2
98.067,104.47,156.73,163.13
34.067,238.87,132.2,341.27
253.8,301.8,342.33,485.27
18.067,14.867,200.47,163.13
271.93,253.8,342.33,351.93
107.67,42.6,184.47,90.6
132.2,181.27,285.8,262.33
113,169.53,173.8,222.87
25.533,85.267,68.2,134.33
90.6,1,147.13,53.267
149.27,415.93,273,511.93
218.6,364.73,289,451.13
133.27,331.67,198.33,439.4
101.27,250.6,189.8,360.47
158.87,156.73,214.33,206.87
278.33,443.67,342.33,511.93
145,221.8,254.87,330.6
136.47,238.87,231.4,377.53
107.67,1,315.67,141.8
159.93,41.533,223.93,84.2
250.6,4.2,310.33,162.07
18.067,81,65,122.6
114.07,312.47,164.2,360.47
57.533,359.4,126.87,425.53
291.13,1,333.8,53.267
158.87,151.4,223.93,214.33
151.4,17,253.8,124.73
73.533,185.53,147.13,233.53
107.67,1,342.33,231.4
123.67,269.8,168.47,324.2
172.73,1,277.27,58.6
118.33,371.13,161,440.47
40.467,214.33,86.333,260.2
90.6,324.2,174.87,511.93
60.733,1,342.33,232.47
175.93,217.53,245.27,258.07
62.867,233.53,156.73,355.13
184.47,84.2,251.67,184.47
78.867,163.13,195.13,205.8
107.67,25.533,190.87,90.6
123.67,258.07,179.13,325.27
52.2,36.2,198.33,129
1,318.87,60.733,388.2
92.733,166.33,175.93,222.87
1,81,88.467,375.4
57.533,36.2,132.2,83.133
209,246.33,257,375.4
17,269.8,99.133,335.93
156.73,173.8,207.93,223.93
101.27,231.4,261.27,414.87
17,188.73,67.133,269.8
18.067,1,200.47,163.13
1,296.47,107.67,444.73
94.867,157.8,231.4,232.47
101.27,255.93,178.07,325.27
204.73,113,280.47,186.6
274.07,215.4,337,262.33
186.6,56.467,227.13,99.133
289,63.933,330.6,105.53
10.6,318.87,102.33,394.6
1,1,199.4,104.47
194.07,113,280.47,203.67
20.2,194.07,83.133,236.73
136.47,302.87,184.47,367.93
31.933,157.8,162.07,234.6
169.53,111.93,339.13,207.93
149.27,44.733,245.27,141.8
260.2,94.867,315.67,155.67
105.53,1,246.33,51.133
147.13,101.27,191.93,147.13
249.53,405.27,305,511.93
60.733,163.13,206.87,232.47
214.33,215.4,342.33,337
171.67,415.93,273,511.93
254.87,1,333.8,119.4
289,65,342.33,163.13
149.27,417,257,511.93
23.4,188.73,259.13,269.8
107.67,1,245.27,41.533
209,113,342.33,207.93
233.53,232.47,285.8,302.87
285.8,1,333.8,101.27
1,318.87,101.27,410.6
183.4,84.2,245.27,138.6
106.6,100.2,195.13,222.87
136.47,231.4,261.27,377.53
23.4,188.73,88.467,269.8
149.27,1,333.8,141.8
6.3333,351.93,70.333,402.07
226.07,375.4,270.87,449
116.2,31.933,214.33,76.733
239.93,369,289,449
47.933,199.4,259.13,262.33
136.47,258.07,184.47,367.93
264.47,253.8,342.33,346.6
254.87,10.6,301.8,119.4
299.67,123.67,342.33,206.87
226.07,7.4,273,56.467
151.4,125.8,340.2,225
179.13,56.467,245.27,138.6
290.07,245.27,342.33,308.2
228.2,269.8,282.6,363.67
62.867,269.8,149.27,355.13
53.267,307.13,158.87,414.87
53.267,393.53,114.07,511.93
271.93,253.8,338.07,346.6
280.47,278.33,342.33,351.93
129,49,243.13,122.6
289,1,333.8,75.667
181.27,238.87,232.47,439.4
158.87,156.73,223.93,206.87
69.267,92.733,161,163.13
197.27,252.73,248.47,306.07
30.867,399.93,83.133,485.27
207.93,218.6,342.33,407.4
118.33,373.27,161,439.4
23.4,188.73,183.4,269.8
77.8,178.07,342.33,262.33
264.47,1,305,87.4
184.47,42.6,250.6,133.27
66.067,1,151.4,60.733
159.93,41.533,215.4,84.2
52.2,67.133,173.8,201.53
1,318.87,165.27,511.93
185.53,125.8,340.2,214.33
297.53,1,342.33,102.33
39.4,203.67,88.467,258.07
1,1,179.13,371.13
271.93,253.8,312.47,328.47
254.87,29.8,307.13,117.27
206.87,41.533,254.87,97
289,72.467,342.33,163.13
203.67,231.4,261.27,315.67
61.8,91.667,152.47,189.8
114.07,104.47,195.13,198.33
113,110.87,161,154.6
114.07,145,182.33,190.87
280.47,278.33,342.33,335.93
118.33,371.13,180.2,454.33
52.2,65,164.2,199.4
149.27,257,223.93,511.93
22.333,350.87,110.87,399.93
1,380.73,61.8,470.33
52.2,68.2,198.33,129
84.2,366.87,130.07,414.87
260.2,24.467,315.67,155.67
37.267,268.73,98.067,334.87
172.73,56.467,227.13,99.133
216.47,246.33,257,305
169.53,463.93,219.67,508.73
34.067,238.87,104.47,323.13
90.6,99.133,157.8,158.87
193,1,306.07,51.133
248.47,10.6,293.27,116.2
289,188.73,342.33,277.27
189.8,1,277.27,68.2
107.67,33,214.33,111.93
206.87,214.33,285.8,307.13
92.733,65,164.2,155.67
287.93,298.6,332.73,342.33
267.67,249.53,342.33,367.93
284.73,1,333.8,101.27
182.33,10.6,293.27,133.27
116.2,424.47,163.13,511.93
289,378.6,342.33,485.27
229.27,170.6,302.87,214.33
218.6,364.73,270.87,451.13
133.27,305,213.27,434.07
1,393.53,120.47,511.93
63.933,185.53,189.8,233.53
196.2,113,278.33,181.27
57.533,1,277.27,83.133
232.47,168.47,337,214.33
202.6,286.87,248.47,444.73
204.73,129,267.67,186.6
175.93,70.333,245.27,141.8
10.6,318.87,94.867,385
31.933,97,85.267,190.87
123.67,258.07,179.13,324.2
206.87,17,270.87,116.2
233.53,295.4,342.33,511.93
53.267,466.07,114.07,511.93
194.07,42.6,250.6,83.133
91.667,369,140.73,511.93
232.47,125.8,337,214.33
258.07,188.73,331.67,267.67
296.47,169.53,342.33,211.13
198.33,7.4,273,59.667
184.47,84.2,245.27,158.87
206.87,171.67,311.4,214.33
232.47,124.73,319.93,188.73
18.067,65,197.27,199.4
30.867,238.87,111.93,325.27
101.27,255.93,183.4,325.27
42.6,173.8,279.4,233.53
287.93,178.07,342.33,273
136.47,233.53,251.67,380.73
1,92.733,88.467,375.4
212.2,59.667,309.27,151.4
18.067,57.533,110.87,163.13
77.8,183.4,309.27,262.33
62.867,233.53,132.2,323.13
107.67,1,305,87.4
154.6,372.2,198.33,440.47
159.93,182.33,220.73,232.47
233.53,274.07,338.07,364.73
74.6,291.13,122.6,334.87
91.667,182.33,163.13,222.87
169.53,33,227.13,99.133
210.07,59.667,273,126.87
76.733,393.53,119.4,498.07
149.27,326.33,273,511.93
86.333,181.27,285.8,266.6
92.733,93.8,156.73,155.67
66.067,24.467,191.93,87.4
43.667,121.53,102.33,196.2
1,387.13,89.533,511.93
61.8,91.667,157.8,189.8
40.467,40.467,177,221.8
170.6,231.4,230.33,306.07
182.33,238.87,232.47,389.27
10.6,293.27,101.27,338.07
57.533,36.2,132.2,87.4
269.8,215.4,342.33,313.53
206.87,171.67,280.47,212.2
169.53,429.8,219.67,508.73
25.533,88.467,102.33,196.2
31.933,157.8,142.87,223.93
33,399.93,83.133,485.27
274.07,219.67,331.67,262.33
114.07,289,164.2,360.47
7.4,351.93,110.87,444.73
182.33,233.53,245.27,380.73
206.87,15.933,269.8,97
60.733,168.47,166.33,222.87
17,249.53,104.47,335.93
233.53,232.47,285.8,333.8
4.2,294.33,174.87,399.93
203.67,236.73,258.07,337
185.53,129,287.93,184.47
40.467,214.33,185.53,323.13
131.13,148.2,181.27,190.87
140.73,327.4,188.73,417
159.93,173.8,220.73,232.47
1,249.53,140.73,511.93
1,1,84.2,99.133
21.267,386.07,110.87,511.93
235.67,250.6,282.6,302.87
121.53,125.8,163.13,167.4
186.6,252.73,228.2,375.4
149.27,463.93,210.07,511.93
186.6,211.13,285.8,351.93
203.67,231.4,258.07,315.67
252.73,91.667,340.2,179.13
214.33,236.73,283.67,337
222.87,250.6,269.8,337
107.67,17,253.8,141.8
171.67,425.53,220.73,482.07
178.07,238.87,231.4,377.53
7.4,380.73,88.467,511.93
104.47,307.13,164.2,359.4
228.2,249.53,342.33,367.93
170.6,237.8,233.53,392.47
169.53,430.87,215.4,483.13
1,379.67,61.8,444.73
175.93,70.333,229.27,133.27
94.867,182.33,220.73,232.47
257,125.8,300.73,166.33
169.53,87.4,248.47,174.87
91.667,369,138.6,466.07
193,415.93,238.87,507.67
40.467,200.47,98.067,262.33
54.333,113,146.07,199.4
43.667,366.87,135.4,511.93
118.33,255.93,172.73,313.53
25.533,238.87,148.2,325.27
23.4,241,79.933,318.87
215.4,14.867,269.8,78.867
129,55.4,200.47,99.133
152.47,74.6,198.33,126.87
297.53,295.4,342.33,433
194.07,52.2,237.8,114.07
187.67,111.93,231.4,174.87
187.67,131.13,231.4,174.87
251.67,215.4,342.33,308.2
65,346.6,150.33,414.87
241,124.73,319.93,173.8
23.4,188.73,88.467,245.27
183.4,56.467,245.27,138.6
101.27,309.27,179.13,394.6
130.07,42.6,184.47,83.133
207.93,246.33,257,433
1,318.87,140.73,511.93
30.867,393.53,120.47,511.93
33,233.53,132.2,339.13
207.93,223.93,265.53,407.4
20.2,194.07,148.2,325.27
298.6,190.87,342.33,260.2
10.6,335.93,62.867,385
78.867,147.13,163.13,226.07
43.667,118.33,141.8,205.8
214.33,51.133,310.33,152.47
58.6,65,164.2,155.67
293.27,1,333.8,66.067
206.87,233.53,251.67,307.13
164.2,17,253.8,84.2
40.467,214.33,86.333,282.6
145,226.07,229.27,330.6
76.733,393.53,120.47,511.93
225,215.4,342.33,333.8
107.67,42.6,207.93,88.467
102.33,110.87,157.8,156.73
91.667,369,138.6,511.93
241,126.87,339.13,200.47
253.8,301.8,342.33,487.4
136.47,233.53,245.27,380.73
1,367.93,61.8,475.67
147.13,221.8,253.8,324.2
90.6,99.133,139.67,142.87
209,113,293.27,183.4
298.6,188.73,342.33,277.27
265.53,1,333.8,74.6
194.07,40.467,257,114.07
289,347.67,342.33,485.27
233.53,274.07,338.07,346.6
49,431.93,95.933,511.93
167.4,372.2,219.67,502.33
158.87,199.4,219.67,262.33
285.8,71.4,329.53,134.33
255.93,1,303.93,98.067
232.47,299.67,275.13,362.6
77.8,242.07,185.53,323.13
214.33,51.133,305,150.33
66.067,14.867,200.47,81
101.27,309.27,186.6,394.6
218.6,364.73,289,495.93
34.067,249.53,104.47,322.07
30.867,221.8,111.93,325.27
130.07,33,214.33,83.133
63.933,185.53,147.13,233.53
73.533,283.67,188.73,382.87
292.2,245.27,342.33,308.2
60.733,168.47,177,222.87
165.27,125.8,244.2,181.27
1,43.667,86.333,99.133
18.067,387.13,66.067,436.2
43.667,155.67,84.2,196.2
267.67,215.4,342.33,308.2
252.73,125.8,300.73,166.33
30.867,210.07,86.333,260.2
42.6,180.2,163.13,233.53
65,346.6,150.33,387.13
140.73,325.27,188.73,417
262.33,245.27,342.33,321
62.867,233.53,183.4,370.07
133.27,331.67,198.33,414.87
277.27,279.4,338.07,346.6
254.87,47.933,307.13,117.27
122.6,258.07,172.73,310.33
114.07,25.533,190.87,69.267
151.4,372.2,231.4,511.93
35.133,200.47,98.067,266.6
55.4,122.6,129,199.4
43.667,92.733,159.93,205.8
1,318.87,60.733,402.07
122.6,263.4,168.47,310.33
233.53,274.07,307.13,340.2
121.53,100.2,184.47,151.4
133.27,250.6,189.8,297.53
65,329.53,155.67,414.87
204.73,113,342.33,207.93
23.4,386.07,110.87,511.93
238.87,369,289,449
114.07,89.533,196.2,190.87
289,295.4,338.07,346.6
301.8,101.27,342.33,163.13
7.4,351.93,140.73,452.2
265.53,1,306.07,73.533
20.2,382.87,67.133,431.93
285.8,293.27,338.07,346.6
206.87,236.73,251.67,307.13
90.6,99.133,172.73,163.13
42.6,173.8,270.87,233.53
116.2,319.93,161,360.47
151.4,12.733,269.8,124.73
264.47,243.13,342.33,309.27
274.07,219.67,342.33,308.2
133.27,325.27,188.73,382.87
172.73,14.867,235.67,58.6
104.47,307.13,180.2,370.07
66.067,9.5333,114.07,60.733
285.8,71.4,329.53,111.93
91.667,369,161,466.07
91.667,182.33,163.13,226.07
227.13,145,281.53,209
38.333,205.8,98.067,285.8
175.93,70.333,218.6,116.2
117.27,371.13,161,452.2
294.33,178.07,342.33,257
136.47,299.67,183.4,359.4
278.33,463.93,322.07,511.93
269.8,218.6,335.93,293.27
232.47,124.73,339.13,215.4
171.67,468.2,238.87,511.93
251.67,215.4,331.67,262.33
1,318.87,110.87,399.93
235.67,269.8,282.6,333.8
287.93,213.27,342.33,273
170.6,373.27,220.73,492.73
62.867,233.53,127.93,305
114.07,289,183.4,360.47
158.87,200.47,219.67,262.33
34.067,249.53,104.47,335.93
151.4,430.87,231.4,511.93
254.87,47.933,299.67,117.27
175.93,70.333,245.27,133.27
54.333,111.93,146.07,199.4
173.8,17,253.8,82.067
25.533,88.467,68.2,159.93
298.6,190.87,342.33,277.27
278.33,463.93,335.93,511.93
167.4,386.07,219.67,502.33
218.6,234.6,283.67,451.13
194.07,84.2,237.8,138.6
234.6,1,305,87.4
1,318.87,94.867,410.6
152.47,78.867,198.33,126.87
198.33,1,277.27,56.467
278.33,1,319.93,94.867
131.13,258.07,172.73,310.33
68.2,91.667,152.47,177
258.07,134.33,340.2,179.13
226.07,295.4,342.33,511.93
297.53,27.667,342.33,171.67
228.2,269.8,282.6,362.6
250.6,150.33,342.33,207.93
233.53,234.6,283.67,302.87
78.867,147.13,141.8,199.4
36.2,269.8,98.067,335.93
45.8,274.07,99.133,332.73
90.6,324.2,174.87,399.93
278.33,1,333.8,94.867
118.33,255.93,172.73,310.33
252.73,91.667,315.67,153.53
294.33,184.47,342.33,257
52.2,103.4,100.2,157.8
246.33,178.07,342.33,257
169.53,130.07,231.4,184.47
90.6,324.2,174.87,466.07
44.733,423.4,114.07,511.93
214.33,40.467,257,89.533
161,44.733,245.27,141.8
91.667,169.53,173.8,222.87
69.267,98.067,117.27,145
209,113,274.07,181.27
58.6,67.133,125.8,107.67
30.867,380.73,88.467,447.93
189.8,11.667,268.73,68.2
43.667,122.6,90.6,196.2
63.933,185.53,163.13,233.53
215.4,14.867,269.8,59.667
278.33,245.27,342.33,313.53
42.6,179.13,270.87,233.53
36.2,248.47,97,314.6
10.6,335.93,86.333,394.6
225,14.867,269.8,78.867
73.533,283.67,125.8,328.47
246.33,293.27,307.13,340.2
52.2,68.2,156.73,122.6
187.67,110.87,231.4,174.87
98.067,101.27,156.73,155.67
267.67,249.53,342.33,346.6
121.53,100.2,163.13,141.8
91.667,169.53,189.8,222.87
18.067,81,63.933,122.6
18.067,1,84.2,95.933
159.93,189.8,220.73,232.47
101.27,255.93,168.47,311.4
1,1,132.2,99.133
233.53,267.67,285.8,337
225,125.8,293.27,183.4
8.4667,380.73,61.8,444.73
262.33,245.27,342.33,313.53
1,318.87,76.733,399.93
290.07,245.27,342.33,296.47
207.93,57.533,273,127.93
159.93,41.533,205.8,82.067
170.6,373.27,211.13,473.53
169.53,130.07,231.4,174.87
42.6,180.2,206.87,233.53
17,399.93,83.133,511.93
145,250.6,189.8,297.53
114.07,312.47,180.2,370.07
65,257,132.2,323.13
114.07,19.133,195.13,69.267
195.13,70.333,235.67,114.07
171.67,415.93,238.87,511.93
33,246.33,98.067,314.6
136.47,294.33,183.4,356.2
253.8,301.8,329.53,364.73
63.933,385,113,511.93
7.4,358.33,110.87,444.73
1,1,132.2,95.933
225,253.8,273,333.8
21.267,347.67,86.333,394.6
73.533,283.67,140.73,347.67
186.6,211.13,285.8,319.93
278.33,254.87,342.33,313.53
232.47,381.8,322.07,511.93
214.33,7.4,273,59.667
233.53,269.8,282.6,335.93
52.2,68.2,156.73,199.4
218.6,250.6,269.8,451.13
52.2,65,197.27,199.4
254.87,103.4,310.33,152.47
206.87,17,270.87,97
158.87,201.53,219.67,248.47
170.6,373.27,217.53,473.53
172.73,14.867,214.33,58.6
242.07,325.27,310.33,433
114.07,312.47,164.2,359.4
231.4,417,273,495.93
90.6,104.47,156.73,158.87
90.6,99.133,156.73,158.87
40.467,205.8,98.067,262.33
93.8,366.87,140.73,441.53
233.53,274.07,282.6,335.93
30.867,380.73,88.467,431.93
7.4,379.67,63.933,444.73
38.333,358.33,110.87,406.33
163.13,226.07,229.27,330.6
232.47,381.8,305,511.93
78.867,158.87,129,199.4
