1,1,410.6,511.93
1,1,195.13,511.93
310.33,1,410.6,511.93
114.07,1,410.6,511.93
49,1,410.6,295.4
66.067,168.47,386.07,511.93
109.8,173.8,379.67,347.67
106.6,183.4,273,511.93
53.267,1,386.07,511.93
1,264.47,69.267,511.93
118.33,226.07,172.73,339.13
106.6,161,273,511.93
60.733,223.93,386.07,511.93
1,1,235.67,511.93
77.8,1,410.6,511.93
106.6,287.93,388.2,511.93
70.333,322.07,209,511.93
79.933,322.07,290.07,511.93
181.27,171.67,351.93,235.67
60.733,175.93,386.07,511.93
1,383.93,55.4,511.93
129,3.1333,189.8,57.533
66.067,276.2,386.07,511.93
1,1,69.267,511.93
1,1,63.933,290.07
109.8,183.4,343.4,511.93
108.73,171.67,387.13,511.93
1,117.27,54.333,367.93
53.267,1,410.6,511.93
1,1,238.87,511.93
53.267,1,237.8,479.93
129,178.07,228.2,287.93
114.07,175.93,260.2,297.53
122.6,215.4,378.6,347.67
65,1,194.07,65
1,1,270.87,511.93
113,93.8,190.87,188.73
1,97,223.93,511.93
1,94.867,138.6,511.93
49,1,410.6,511.93
95.933,1,189.8,57.533
1,1,72.467,511.93
129,1,410.6,197.27
1,1,57.533,271.93
89.533,168.47,263.4,348.73
131.13,1,410.6,230.33
70.333,398.87,113,462.87
49,161,290.07,511.93
6.3333,383.93,55.4,511.93
309.27,353,388.2,487.4
321,113,410.6,207.93
110.87,198.33,388.2,511.93
61.8,1,105.53,49
110.87,465,239.93,508.73
1,1,68.2,511.93
218.6,1,374.33,271.93
135.4,287.93,326.33,511.93
277.27,407.4,326.33,511.93
179.13,143.93,235.67,194.07
197.27,193,383.93,299.67
53.267,1,369,237.8
47.933,1,166.33,213.27
123.67,391.4,273,504.47
111.93,161,232.47,323.13
109.8,183.4,343.4,441.53
145,456.47,226.07,507.67
114.07,175.93,380.73,365.8
110.87,276.2,386.07,511.93
114.07,175.93,275.13,365.8
315.67,1,410.6,511.93
129,1,303.93,177
108.73,393.53,290.07,511.93
284.73,301.8,361.53,417
49,40.467,235.67,226.07
135.4,337,209,386.07
106.6,92.733,235.67,209
66.067,1,410.6,511.93
111.93,193,232.47,323.13
207.93,124.73,376.47,274.07
1,97,410.6,511.93
283.67,95.933,410.6,511.93
49,113,410.6,511.93
49,161,388.2,511.93
106.6,1,410.6,511.93
266.6,301.8,388.2,511.93
209,292.2,275.13,365.8
201.53,340.2,337,399.93
65,1,194.07,105.53
49,184.47,150.33,511.93
68.2,1,191.93,105.53
1,264.47,69.267,387.13
1,110.87,54.333,379.67
53.267,1,238.87,511.93
264.47,360.47,307.13,425.53
1,295.4,61.8,503.4
332.73,174.87,375.4,238.87
193,450.07,263.4,491.67
179.13,307.13,262.33,347.67
53.267,1,238.87,237.8
190.87,193,388.2,511.93
136.47,363.67,223.93,456.47
1,1,70.333,511.93
317.8,127.93,410.6,227.13
265.53,276.2,386.07,511.93
306.07,1,410.6,511.93
109.8,175.93,275.13,365.8
273,113,410.6,511.93
207.93,1,376.47,274.07
193,310.33,307.13,419.13
89.533,168.47,293.27,365.8
109.8,441.53,309.27,511.93
136.47,1,410.6,511.93
179.13,129,235.67,194.07
53.267,1,237.8,346.6
315.67,1,410.6,94.867
70.333,393.53,155.67,511.93
108.73,1,410.6,511.93
1,308.2,43.667,494.87
1,293.27,84.2,511.93
286.87,1,410.6,197.27
1,1,54.333,291.13
321,1,410.6,511.93
7.4,295.4,56.467,366.87
60.733,223.93,199.4,511.93
106.6,161,388.2,511.93
109.8,175.93,378.6,365.8
109.8,127.93,410.6,511.93
258.07,413.8,339.13,511.93
129,1,239.93,162.07
191.93,1,341.27,235.67
129,293.27,337,435.13
17,1,63.933,290.07
306.07,1,391.4,511.93
274.07,276.2,386.07,511.93
119.4,175.93,260.2,286.87
73.533,3.1333,150.33,45.8
223.93,1,410.6,178.07
9.5333,293.27,73.533,511.93
218.6,1,367.93,209
70.333,397.8,113,440.47
127.93,319.93,203.67,408.47
209,216.47,380.73,297.53
134.33,1,410.6,295.4
61.8,1,194.07,105.53
146.07,383.93,261.27,453.27
193,321,307.13,431.93
108.73,452.2,202.6,511.93
268.73,7.4,403.13,151.4
108.73,81,410.6,511.93
1,1,194.07,290.07
49,1,235.67,226.07
49,65,97,226.07
1,282.6,69.267,511.93
70.333,337,209,511.93
1,1,209,511.93
59.667,40.467,221.8,162.07
62.867,226.07,195.13,511.93
286.87,71.4,410.6,178.07
89.533,168.47,293.27,348.73
138.6,225,187.67,271.93
62.867,321,150.33,511.93
268.73,193,370.07,269.8
186.6,287.93,307.13,425.53
1,1,84.2,511.93
1,354.07,69.267,511.93
1,293.27,63.933,511.93
1,295.4,61.8,511.93
1,1,237.8,511.93
1,1,43.667,175.93
283.67,95.933,402.07,325.27
351.93,177,410.6,511.93
317.8,127.93,410.6,391.4
123.67,454.33,226.07,508.73
109.8,183.4,165.27,303.93
77.8,173.8,386.07,511.93
186.6,323.13,313.53,425.53
143.93,399.93,218.6,482.07
78.867,186.6,127.93,340.2
65,1,189.8,55.4
315.67,1,362.6,41.533
321,113,410.6,227.13
270.87,340.2,337,411.67
4.2,298.6,63.933,381.8
75.667,1,237.8,227.13
108.73,440.47,271.93,511.93
1,1,54.333,379.67
1,1,63.933,159.93
1,1,97,511.93
106.6,463.93,223.93,511.93
1,97,203.67,511.93
106.6,321,189.8,391.4
47.933,1,410.6,213.27
193,1,377.53,293.27
79.933,372.2,201.53,511.93
331.67,113,410.6,227.13
310.33,1,391.4,511.93
110.87,401,383.93,511.93
108.73,440.47,278.33,511.93
110.87,452.2,265.53,508.73
211.13,393.53,271.93,461.8
65,93.8,235.67,391.4
239.93,193,365.8,278.33
106.6,95.933,410.6,511.93
135.4,377.53,309.27,511.93
180.2,294.33,343.4,441.53
195.13,377.53,309.27,511.93
232.47,171.67,351.93,229.27
201.53,353,281.53,403.13
77.8,276.2,386.07,511.93
321,1,410.6,183.4
77.8,441.53,183.4,511.93
73.533,1,194.07,105.53
37.267,293.27,84.2,399.93
354.07,177,410.6,399.93
111.93,223.93,175.93,303.93
21.267,299.67,68.2,385
186.6,95.933,235.67,183.4
207.93,1,410.6,511.93
1,286.87,63.933,511.93
214.33,145,379.67,295.4
1,108.73,84.2,511.93
135.4,377.53,309.27,482.07
73.533,1,189.8,55.4
186.6,287.93,321,425.53
65,178.07,106.6,246.33
111.93,223.93,202.6,309.27
95.933,1,189.8,55.4
364.73,27.667,410.6,178.07
151.4,266.6,202.6,309.27
149.27,285.8,262.33,337
127.93,285.8,263.4,348.73
129,178.07,228.2,235.67
284.73,81,410.6,275.13
49,1,147.13,226.07
66.067,360.47,308.2,511.93
172.73,239.93,223.93,287.93
143.93,293.27,337,511.93
17,1,63.933,159.93
273,177,410.6,511.93
252.73,452.2,307.13,511.93
1,108.73,52.2,291.13
232.47,33,341.27,132.2
292.2,145,349.8,229.27
228.2,453.27,308.2,511.93
201.53,353,281.53,401
82.067,1,187.67,65
143.93,35.133,222.87,162.07
7.4,296.47,68.2,385
286.87,81,353,143.93
1,117.27,54.333,379.67
1,109.8,43.667,213.27
122.6,196.2,378.6,333.8
1,1,410.6,271.93
283.67,95.933,353,236.73
162.07,200.47,372.2,441.53
66.067,293.27,337,511.93
108.73,465,223.93,511.93
143.93,1,237.8,162.07
62.867,193,195.13,511.93
284.73,81,410.6,511.93
65,184.47,194.07,391.4
3.1333,298.6,63.933,381.8
109.8,178.07,228.2,347.67
302.87,113,410.6,227.13
244.2,383.93,388.2,511.93
193,1,410.6,511.93
9.5333,293.27,71.4,511.93
1,109.8,54.333,291.13
135.4,440.47,181.27,485.27
49,40.467,221.8,226.07
244.2,202.6,410.6,511.93
127.93,321,203.67,408.47
53.267,1,195.13,511.93
277.27,276.2,387.13,511.93
122.6,198.33,212.2,307.13
114.07,229.27,167.4,297.53
61.8,1,191.93,105.53
37.267,241,85.267,380.73
136.47,276.2,387.13,511.93
217.53,186.6,311.4,233.53
180.2,145,349.8,236.73
110.87,463.93,280.47,511.93
53.267,1,194.07,317.8
139.67,353,271.93,469.27
49,178.07,150.33,511.93
108.73,452.2,290.07,511.93
108.73,453.27,271.93,511.93
138.6,266.6,250.6,346.6
118.33,183.4,172.73,339.13
218.6,1,410.6,511.93
180.2,287.93,343.4,441.53
135.4,276.2,386.07,511.93
59.667,47.933,143.93,207.93
315.67,1,410.6,186.6
293.27,216.47,374.33,271.93
1,386.07,61.8,511.93
361.53,71.4,410.6,183.4
1,286.87,63.933,503.4
8.4667,300.73,53.267,353
109.8,183.4,343.4,453.27
109.8,173.8,292.2,347.67
161,383.93,259.13,451.13
347.67,1,410.6,55.4
114.07,175.93,311.4,365.8
207.93,124.73,369,232.47
134.33,143.93,190.87,201.53
170.6,215.4,333.8,291.13
191.93,1,410.6,235.67
162.07,290.07,303.93,441.53
115.13,183.4,232.47,229.27
193,321,290.07,412.73
109.8,161,232.47,323.13
119.4,188.73,171.67,233.53
315.67,1,410.6,204.73
163.13,178.07,228.2,235.67
123.67,391.4,270.87,497
49,161,232.47,511.93
1,1,43.667,285.8
237.8,1,341.27,95.933
145,441.53,207.93,483.13
193,1,254.87,182.33
177,239.93,220.73,284.73
4.2,372.2,51.133,463.93
78.867,393.53,155.67,511.93
1,1,50.067,109.8
290.07,81,410.6,273
316.73,1,410.6,511.93
354.07,177,404.2,289
149.27,285.8,258.07,328.47
119.4,175.93,260.2,287.93
161,406.33,201.53,447.93
217.53,268.73,367.93,335.93
209,300.73,306.07,378.6
1,291.13,70.333,511.93
109.8,173.8,250.6,347.67
221.8,1,410.6,197.27
109.8,441.53,265.53,508.73
191.93,1,296.47,235.67
190.87,193,383.93,299.67
1,108.73,41.533,285.8
292.2,215.4,376.47,271.93
178.07,287.93,321,425.53
1,298.6,67.133,511.93
232.47,1,362.6,132.2
193,321,271.93,398.87
1,1,147.13,290.07
1,1,55.4,255.93
168.47,222.87,293.27,287.93
132.2,378.6,270.87,453.27
114.07,175.93,260.2,324.2
149.27,440.47,263.4,491.67
122.6,215.4,379.67,347.67
191.93,1,239.93,145
49,47.933,147.13,226.07
1,286.87,57.533,503.4
365.8,163.13,410.6,207.93
161,383.93,261.27,451.13
1,300.73,56.467,511.93
109.8,441.53,226.07,508.73
111.93,223.93,250.6,349.8
211.13,393.53,271.93,453.27
129,293.27,337,409.53
79.933,372.2,177,511.93
49,184.47,133.27,388.2
162.07,198.33,372.2,441.53
250.6,1,410.6,113
63.933,358.33,132.2,511.93
68.2,3.1333,109.8,44.733
110.87,301.8,388.2,511.93
303.93,1,362.6,113
60.733,201.53,203.67,511.93
65,1,191.93,55.4
214.33,237.8,324.2,292.2
111.93,223.93,172.73,303.93
217.53,215.4,333.8,292.2
111.93,171.67,387.13,511.93
106.6,287.93,344.47,511.93
209,171.67,351.93,235.67
321,113,410.6,273
306.07,145,353,191.93
106.6,462.87,223.93,511.93
53.267,1,270.87,511.93
228.2,449,308.2,511.93
61.8,1,194.07,65
79.933,452.2,143.93,511.93
195.13,1,254.87,182.33
136.47,389.27,223.93,456.47
53.267,1,140.73,346.6
231.4,459.67,273,511.93
76.733,431.93,127.93,511.93
122.6,215.4,378.6,307.13
77.8,441.53,265.53,511.93
108.73,353,278.33,511.93
162.07,290.07,313.53,441.53
129,1,303.93,162.07
193,1,367.93,209
110.87,377.53,309.27,511.93
1,97,53.267,291.13
132.2,175.93,228.2,287.93
132.2,178.07,228.2,235.67
63.933,358.33,152.47,511.93
109.8,175.93,228.2,339.13
1,97,81,291.13
1,294.33,53.267,367.93
17,1,63.933,225
110.87,424.47,308.2,511.93
266.6,65,338.07,131.13
221.8,1,359.4,182.33
361.53,66.067,410.6,183.4
199.4,244.2,260.2,291.13
111.93,183.4,261.27,403.13
135.4,353,326.33,511.93
74.6,1,237.8,227.13
47.933,1,311.4,213.27
139.67,413.8,191.93,469.27
207.93,402.07,251.67,453.27
252.73,366.87,294.33,441.53
143.93,445.8,264.47,488.47
110.87,463.93,166.33,507.67
239.93,145,375.4,275.13
273,202.6,380.73,278.33
132.2,178.07,228.2,287.93
143.93,1,311.4,177
257,413.8,339.13,511.93
139.67,383.93,271.93,469.27
155.67,302.87,243.13,347.67
1,369,44.733,503.4
119.4,203.67,260.2,286.87
213.27,399.93,303.93,455.4
233.53,452.2,290.07,511.93
277.27,276.2,386.07,511.93
225,89.533,295.4,175.93
354.07,177,410.6,511.93
1,1,75.667,271.93
217.53,268.73,367.93,322.07
149.27,285.8,263.4,348.73
123.67,383.93,273,504.47
157.8,370.07,247.4,453.27
225,31.933,295.4,183.4
252.73,388.2,309.27,511.93
1,282.6,69.267,387.13
129,60.733,222.87,162.07
186.6,337,281.53,401
101.27,10.6,179.13,54.333
247.4,8.4667,335.93,89.533
134.33,174.87,262.33,225
356.2,71.4,410.6,178.07
151.4,383.93,271.93,453.27
191.93,326.33,337,455.4
306.07,1,381.8,274.07
5.2667,300.73,53.267,367.93
143.93,1,247.4,162.07
1,194.07,52.2,291.13
174.87,230.33,220.73,284.73
6.3333,383.93,56.467,511.93
134.33,93.8,379.67,295.4
1,294.33,67.133,347.67
109.8,183.4,180.2,339.13
63.933,299.67,155.67,511.93
113,273,164.2,321
131.13,1,295.4,230.33
110.87,452.2,202.6,508.73
65,1,191.93,56.467
317.8,127.93,410.6,205.8
1,94.867,209,511.93
182.33,287.93,387.13,511.93
106.6,308.2,194.07,391.4
53.267,47.933,166.33,317.8
131.13,193,383.93,299.67
286.87,1,375.4,197.27
200.47,353,264.47,399.93
60.733,238.87,193,460.73
215.4,177,374.33,271.93
238.87,1,311.4,63.933
302.87,353,388.2,511.93
1,194.07,57.533,295.4
321,113,365.8,199.4
109.8,209,172.73,339.13
185.53,193,232.47,236.73
274.07,294.33,388.2,511.93
1,117.27,47.933,291.13
161,193,383.93,299.67
1,1,75.667,255.93
179.13,152.47,235.67,194.07
111.93,171.67,351.93,349.8
65,1,158.87,52.2
271.93,294.33,388.2,487.4
63.933,299.67,146.07,511.93
49,65,136.47,226.07
180.2,1,369,235.67
47.933,1,235.67,213.27
110.87,452.2,202.6,507.67
109.8,6.3333,194.07,105.53
134.33,93.8,257,291.13
1,1,59.667,290.07
134.33,93.8,190.87,201.53
71.4,321,138.6,403.13
232.47,45.8,283.67,133.27
1,279.4,68.2,385
361.53,49,410.6,183.4
250.6,8.4667,310.33,63.933
152.47,293.27,337,409.53
263.4,323.13,305,383.93
248.47,291.13,307.13,425.53
232.47,388.2,309.27,511.93
7.4,296.47,68.2,383.93
79.933,337,290.07,511.93
37.267,289,85.267,380.73
1,110.87,54.333,291.13
5.2667,296.47,68.2,385
1,108.73,41.533,212.2
110.87,305,313.53,511.93
168.47,127.93,410.6,511.93
1,108.73,63.933,511.93
74.6,98.067,136.47,207.93
60.733,201.53,199.4,511.93
111.93,183.4,214.33,323.13
195.13,355.13,303.93,441.53
277.27,401,324.2,511.93
257,383.93,388.2,511.93
106.6,287.93,344.47,391.4
60.733,201.53,270.87,511.93
197.27,215.4,367.93,295.4
190.87,193,379.67,295.4
177,389.27,223.93,450.07
7.4,295.4,68.2,385
302.87,136.47,353,207.93
146.07,353,264.47,491.67
78.867,184.47,133.27,388.2
155.67,305,313.53,425.53
60.733,238.87,193,479.93
146.07,383.93,270.87,453.27
367.93,1,410.6,94.867
60.733,201.53,193,511.93
178.07,196.2,378.6,333.8
370.07,97,410.6,178.07
65,1,151.4,52.2
195.13,1,359.4,182.33
78.867,184.47,194.07,391.4
1,1,54.333,382.87
161,383.93,212.2,443.67
277.27,401,387.13,511.93
290.07,1,375.4,143.93
331.67,129,410.6,205.8
1,210.07,42.6,285.8
247.4,1,337,78.867
149.27,440.47,263.4,482.07
316.73,1,410.6,183.4
220.73,1,410.6,197.27
132.2,353,270.87,453.27
266.6,47.933,335.93,97
268.73,7.4,353,113
337,27.667,410.6,95.933
78.867,186.6,158.87,317.8
70.333,397.8,113,439.4
59.667,47.933,221.8,162.07
186.6,324.2,273,399.93
143.93,1,247.4,178.07
231.4,449,309.27,511.93
220.73,31.933,340.2,197.27
1,383.93,58.6,511.93
252.73,452.2,302.87,511.93
1,94.867,63.933,511.93
65,1,121.53,49
194.07,342.33,261.27,399.93
7.4,296.47,61.8,347.67
210.07,393.53,261.27,446.87
309.27,1,375.4,111.93
216.47,457.53,271.93,511.93
49,225,138.6,511.93
317.8,129,366.87,177
316.73,423.4,387.13,511.93
225,193,371.13,260.2
138.6,266.6,254.87,346.6
68.2,1,194.07,105.53
172.73,203.67,223.93,287.93
72.467,1,150.33,52.2
79.933,337,209,511.93
1,295.4,61.8,369
82.067,1,189.8,65
364.73,1,410.6,94.867
195.13,377.53,309.27,476.73
131.13,1,247.4,206.87
65,1,189.8,65
90.6,1,179.13,41.533
109.8,209,201.53,347.67
302.87,401,387.13,511.93
225,31.933,321,197.27
179.13,291.13,275.13,365.8
268.73,340.2,337,386.07
95.933,1,189.8,56.467
1,181.27,97,511.93
306.07,337,360.47,417
1,279.4,68.2,511.93
62.867,161,194.07,391.4
182.33,287.93,344.47,333.8
1,97,155.67,511.93
182.33,471.4,280.47,511.93
5.2667,300.73,56.467,379.67
70.333,397.8,113,462.87
143.93,276.2,387.13,511.93
316.73,1,410.6,205.8
354.07,177,410.6,326.33
113,161,155.67,211.13
271.93,7.4,334.87,65
89.533,168.47,214.33,340.2
72.467,1,150.33,41.533
59.667,47.933,141.8,151.4
315.67,1,410.6,183.4
88.467,393.53,150.33,479.93
106.6,462.87,164.2,511.93
191.93,399.93,303.93,455.4
135.4,353,309.27,511.93
221.8,82.067,341.27,197.27
306.07,374.33,351.93,417
69.267,266.6,110.87,388.2
1,108.73,42.6,287.93
68.2,3.1333,125.8,47.933
174.87,239.93,220.73,291.13
274.07,294.33,382.87,417
146.07,321,324.2,511.93
110.87,399.93,265.53,508.73
69.267,397.8,137.53,511.93
110.87,465,185.53,508.73
267.67,449,309.27,495.93
161,383.93,247.4,453.27
69.267,1,189.8,57.533
65,1,109.8,50.067
132.2,178.07,228.2,222.87
321,423.4,387.13,511.93
1,109.8,43.667,285.8
2.0667,291.13,70.333,511.93
122.6,198.33,258.07,326.33
49,225,111.93,511.93
109.8,454.33,226.07,508.73
69.267,397.8,110.87,458.6
77.8,441.53,182.33,511.93
65,1,191.93,65
219.67,184.47,296.47,230.33
174.87,175.93,257,291.13
145,456.47,186.6,507.67
106.6,383.93,273,511.93
180.2,315.67,261.27,399.93
113,93.8,235.67,201.53
1,308.2,43.667,428.73
232.47,1,410.6,132.2
174.87,227.13,220.73,291.13
62.867,193,135.4,340.2
286.87,95.933,335.93,197.27
7.4,218.6,94.867,380.73
182.33,287.93,344.47,378.6
111.93,183.4,232.47,323.13
65,1,166.33,54.333
316.73,130.07,363.67,172.73
172.73,226.07,223.93,287.93
113,143.93,190.87,188.73
2.0667,291.13,68.2,385
72.467,1,158.87,52.2
127.93,337,209,395.67
97,383.93,152.47,458.6
110.87,454.33,185.53,508.73
89.533,201.53,164.2,340.2
106.6,92.733,191.93,209
180.2,124.73,369,235.67
200.47,355.13,264.47,399.93
236.73,1,359.4,182.33
125.8,391.4,175.93,497
168.47,127.93,410.6,391.4
284.73,127.93,410.6,391.4
201.53,293.27,337,399.93
149.27,266.6,202.6,334.87
1,43.667,43.667,175.93
151.4,383.93,261.27,453.27
130.07,1,177,55.4
221.8,82.067,335.93,197.27
191.93,1,239.93,143.93
69.267,354.07,270.87,511.93
220.73,31.933,353,197.27
1,108.73,47.933,286.87
275.13,196.2,376.47,274.07
65,1,191.93,105.53
1,217.53,41.533,285.8
263.4,323.13,307.13,425.53
1,108.73,43.667,212.2
21.267,299.67,68.2,383.93
193,321,324.2,511.93
118.33,302.87,261.27,399.93
274.07,301.8,356.2,417
180.2,124.73,369,232.47
170.6,226.07,254.87,291.13
78.867,165.27,158.87,317.8
59.667,47.933,120.47,126.87
126.87,241,171.67,287.93
106.6,462.87,241,511.93
1,1,42.6,104.47
178.07,215.4,333.8,287.93
49,210.07,111.93,348.73
135.4,399.93,218.6,482.07
8.4667,295.4,56.467,366.87
168.47,222.87,293.27,285.8
61.8,1,126.87,49
191.93,399.93,305,455.4
63.933,322.07,195.13,511.93
191.93,357.27,237.8,435.13
149.27,266.6,250.6,349.8
257,401,383.93,511.93
232.47,33,335.93,132.2
191.93,293.27,337,455.4
113,273,162.07,321
110.87,453.27,186.6,507.67
178.07,196.2,378.6,295.4
69.267,397.8,110.87,479.93
110.87,424.47,264.47,507.67
216.47,452.2,290.07,511.93
152.47,369,200.47,409.53
90.6,1,191.93,105.53
180.2,337,261.27,399.93
196.2,449,308.2,511.93
1,108.73,68.2,511.93
62.867,193,124.73,340.2
233.53,457.53,278.33,511.93
174.87,242.07,220.73,291.13
110.87,462.87,227.13,507.67
286.87,118.33,335.93,197.27
312.47,46.867,353,113
170.6,200.47,372.2,335.93
157.8,353,264.47,453.27
1,369,56.467,511.93
286.87,81,365.8,151.4
110.87,372.2,177,487.4
69.267,1,158.87,52.2
289,145,365.8,229.27
109.8,1,177,65
78.867,393.53,150.33,511.93
162.07,298.6,204.73,340.2
109.8,183.4,179.13,303.93
266.6,7.4,353,113
84.2,1,177,65
183.4,449,308.2,511.93
168.47,145,349.8,236.73
1,108.73,43.667,286.87
174.87,239.93,343.4,441.53
236.73,1,367.93,209
261.27,363.67,307.13,431.93
62.867,186.6,194.07,391.4
56.467,181.27,97,235.67
305,337,361.53,406.33
129,60.733,221.8,162.07
247.4,1,362.6,113
232.47,33,343.4,132.2
66.067,397.8,178.07,511.93
79.933,393.53,150.33,511.93
118.33,183.4,180.2,339.13
252.73,401,387.13,511.93
66.067,397.8,110.87,511.93
49,47.933,143.93,226.07
207.93,355.13,303.93,441.53
239.93,204.73,342.33,278.33
331.67,127.93,410.6,205.8
53.267,47.933,166.33,213.27
183.4,452.2,265.53,507.67
7.4,401,50.067,511.93
1,108.73,51.133,494.87
239.93,89.533,293.27,175.93
59.667,47.933,143.93,159.93
365.8,164.2,410.6,205.8
259.13,360.47,307.13,424.47
127.93,287.93,180.2,329.53
161,406.33,201.53,452.2
263.4,323.13,313.53,425.53
268.73,193,374.33,271.93
252.73,388.2,300.73,456.47
109.8,183.4,168.47,303.93
253.8,300.73,306.07,378.6
316.73,353,388.2,484.2
62.867,193,106.6,273
1,108.73,43.667,283.67
49,225,111.93,348.73
1,108.73,51.133,463.93
109.8,462.87,166.33,508.73
271.93,294.33,388.2,417
215.4,177,311.4,233.53
180.2,313.53,261.27,399.93
82.067,393.53,150.33,479.93
1,108.73,57.533,295.4
37.267,218.6,85.267,380.73
146.07,413.8,263.4,482.07
186.6,291.13,307.13,425.53
65,1,189.8,56.467
137.53,321,203.67,408.47
174.87,227.13,225,291.13
131.13,127.93,222.87,201.53
104.47,1,177,55.4
1,293.27,58.6,511.93
1,147.13,53.267,291.13
113,93.8,190.87,201.53
146.07,406.33,206.87,452.2
337,17,410.6,95.933
68.2,6.3333,191.93,105.53
178.07,215.4,378.6,295.4
118.33,302.87,261.27,403.13
321,1,410.6,186.6
79.933,431.93,127.93,511.93
129,183.4,170.6,230.33
1,283.67,54.333,367.93
1,147.13,46.867,291.13
258.07,413.8,309.27,494.87
125.8,235.67,263.4,348.73
194.07,393.53,261.27,446.87
1,202.6,54.333,291.13
108.73,453.27,186.6,511.93
221.8,82.067,293.27,186.6
185.53,285.8,258.07,328.47
1,218.6,94.867,511.93
361.53,174.87,402.07,391.4
1,293.27,56.467,511.93
4.2,300.73,46.867,381.8
119.4,203.67,214.33,286.87
337,465,386.07,511.93
223.93,355.13,264.47,398.87
131.13,143.93,190.87,206.87
107.67,1,194.07,65
125.8,391.4,270.87,497
172.73,242.07,223.93,287.93
1,217.53,46.867,291.13
143.93,424.47,264.47,488.47
294.33,137.53,367.93,209
106.6,308.2,233.53,391.4
53.267,65,95.933,213.27
5.2667,308.2,49,367.93
1,1,43.667,110.87
152.47,334.87,273,409.53
3.1333,300.73,51.133,463.93
1,108.73,57.533,503.4
151.4,1,194.07,65
1,1,53.267,143.93
191.93,326.33,273,398.87
152.47,337,209,386.07
289,171.67,351.93,229.27
1,294.33,68.2,385
109.8,1,177,56.467
219.67,184.47,296.47,235.67
263.4,310.33,306.07,378.6
1,202.6,42.6,285.8
161,383.93,247.4,451.13
258.07,401,339.13,511.93
275.13,196.2,370.07,274.07
271.93,301.8,388.2,417
108.73,461.8,183.4,511.93
129,343.4,203.67,409.53
110.87,360.47,308.2,511.93
59.667,47.933,120.47,151.4
111.93,196.2,214.33,323.13
191.93,334.87,273,398.87
110.87,415.93,177,487.4
1,369,43.667,428.73
89.533,201.53,164.2,316.73
332.73,174.87,380.73,255.93
276.2,196.2,376.47,271.93
7.4,218.6,85.267,380.73
69.267,363.67,223.93,511.93
207.93,365.8,303.93,441.53
315.67,214.33,372.2,271.93
53.267,65,106.6,213.27
225,33,286.87,132.2
143.93,424.47,201.53,481
179.13,307.13,243.13,347.67
181.27,449,308.2,511.93
191.93,340.2,337,455.4
219.67,145,349.8,235.67
78.867,439.4,178.07,511.93
122.6,227.13,203.67,307.13
149.27,266.6,250.6,341.27
63.933,299.67,132.2,511.93
232.47,388.2,324.2,511.93
6.3333,300.73,53.267,353
117.27,183.4,162.07,228.2
190.87,227.13,379.67,295.4
299.67,124.73,364.73,173.8
191.93,1,239.93,177
78.867,174.87,158.87,317.8
257,383.93,386.07,511.93
325.27,174.87,402.07,325.27
110.87,449,280.47,511.93
186.6,337,273,399.93
106.6,322.07,189.8,391.4
108.73,453.27,223.93,511.93
78.867,449,137.53,511.93
168.47,230.33,220.73,285.8
138.6,266.6,204.73,340.2
201.53,354.07,270.87,399.93
349.8,71.4,403.13,151.4
309.27,1,363.67,111.93
5.2667,299.67,68.2,385
1,147.13,47.933,291.13
294.33,124.73,367.93,209
120.47,5.2667,189.8,55.4
268.73,190.87,374.33,271.93
239.93,294.33,343.4,441.53
337,294.33,382.87,360.47
310.33,1,381.8,276.2
90.6,1,189.8,55.4
316.73,305,388.2,484.2
1,294.33,67.133,367.93
277.27,407.4,324.2,511.93
7.4,401,56.467,511.93
65,14.867,152.47,65
65,1,177,65
258.07,413.8,319.93,511.93
229.27,171.67,351.93,229.27
110.87,452.2,184.47,507.67
129,60.733,177,111.93
82.067,1,177,55.4
331.67,113,385,201.53
310.33,353,388.2,511.93
71.4,321,150.33,479.93
180.2,325.27,261.27,399.93
151.4,359.4,203.67,408.47
258.07,383.93,339.13,511.93
219.67,89.533,295.4,230.33
232.47,31.933,283.67,133.27
276.2,196.2,370.07,265.53
146.07,62.867,222.87,162.07
131.13,92.733,244.2,206.87
239.93,300.73,305,441.53
152.47,343.4,203.67,409.53
292.2,172.73,349.8,229.27
317.8,127.93,393.53,202.6
225,58.6,295.4,183.4
162.07,290.07,277.27,366.87
230.33,453.27,308.2,511.93
161,406.33,206.87,452.2
143.93,1,311.4,162.07
155.67,302.87,263.4,348.73
237.8,1,335.93,89.533
143.93,445.8,308.2,511.93
146.07,406.33,251.67,453.27
1,295.4,55.4,503.4
215.4,186.6,311.4,235.67
60.733,238.87,193,511.93
111.93,223.93,202.6,323.13
290.07,81,353,143.93
225,31.933,295.4,185.53
77.8,14.867,152.47,65
232.47,178.07,296.47,227.13
146.07,82.067,221.8,162.07
316.73,305,388.2,511.93
151.4,391.4,201.53,447.93
286.87,257,383.93,299.67
185.53,175.93,292.2,236.73
237.8,1,311.4,47.933
239.93,89.533,295.4,175.93
214.33,227.13,379.67,295.4
266.6,310.33,307.13,419.13
302.87,153.53,353,207.93
230.33,449,308.2,511.93
209,177,377.53,293.27
215.4,186.6,311.4,233.53
180.2,175.93,292.2,236.73
152.47,307.13,273,409.53
356.2,71.4,403.13,126.87
162.07,290.07,254.87,340.2
251.67,293.27,299.67,343.4
90.6,184.47,133.27,388.2
7.4,296.47,61.8,364.73
157.8,406.33,206.87,452.2
182.33,287.93,344.47,419.13
270.87,340.2,337,386.07
290.07,1,362.6,143.93
232.47,33,286.87,132.2
126.87,226.07,179.13,287.93
62.867,226.07,111.93,401
236.73,145,289,191.93
214.33,237.8,379.67,295.4
223.93,1,353,143.93
217.53,257,367.93,335.93
239.93,193,378.6,278.33
137.53,143.93,191.93,193
223.93,1,311.4,133.27
321,1,410.6,95.933
237.8,1,303.93,57.533
273,38.333,335.93,89.533
1,369,43.667,494.87
143.93,62.867,221.8,162.07
62.867,161,106.6,225
198.33,215.4,367.93,295.4
239.93,204.73,342.33,267.67
131.13,143.93,191.93,206.87
182.33,287.93,344.47,340.2
201.53,354.07,270.87,403.13
151.4,383.93,261.27,451.13
193,452.2,265.53,499.13
337,27.667,399.93,95.933
251.67,294.33,322.07,335.93
198.33,215.4,333.8,292.2
242.07,231.4,305,279.4
74.6,117.27,136.47,207.93
63.933,358.33,195.13,511.93
135.4,92.733,191.93,193
106.6,318.87,194.07,391.4
1,293.27,56.467,366.87
251.67,294.33,343.4,335.93
193,321,284.73,412.73
250.6,8.4667,305,79.933
4.2,298.6,67.133,395.67
283.67,108.73,335.93,236.73
72.467,1,116.2,41.533
182.33,287.93,344.47,456.47
225,1,341.27,132.2
110.87,463.93,184.47,507.67
123.67,439.4,178.07,489.53
131.13,168.47,193,223.93
268.73,340.2,337,411.67
5.2667,1,50.067,109.8
129,60.733,193,111.93
283.67,95.933,335.93,236.73
251.67,293.27,335.93,343.4
250.6,1,363.67,113
4.2,300.73,51.133,463.93
152.47,440.47,263.4,482.07
146.07,413.8,263.4,491.67
225,31.933,340.2,197.27
221.8,82.067,289,186.6
110.87,462.87,184.47,507.67
241,365.8,303.93,441.53
197.27,215.4,383.93,299.67
85.267,57.533,166.33,191.93
23.4,354.07,69.267,511.93
239.93,293.27,344.47,333.8
191.93,360.47,307.13,455.4
237.8,83.133,293.27,177
310.33,1,362.6,113
62.867,226.07,120.47,401
367.93,1,410.6,63.933
108.73,465,183.4,511.93
321,1,372.2,55.4
118.33,302.87,181.27,353
125.8,391.4,251.67,497
321,1,362.6,41.533
59.667,47.933,166.33,198.33
301.8,401,383.93,495.93
168.47,230.33,211.13,285.8
229.27,178.07,296.47,235.67
1,97,111.93,401
39.4,181.27,81,290.07
98.067,398.87,146.07,458.6
130.07,1,189.8,55.4
1,97,50.067,190.87
134.33,92.733,191.93,199.4
271.93,7.4,333.8,58.6
200.47,353,264.47,430.87
266.6,47.933,353,113
239.93,203.67,375.4,275.13
119.4,168.47,214.33,286.87
247.4,8.4667,311.4,78.867
181.27,175.93,257,239.93
138.6,266.6,202.6,340.2
161,393.53,261.27,453.27
337,1,410.6,95.933
266.6,39.4,353,143.93
268.73,33,316.73,95.933
111.93,223.93,165.27,303.93
152.47,440.47,207.93,482.07
189.8,325.27,261.27,399.93
228.2,58.6,268.73,133.27
225,89.533,295.4,229.27
295.4,423.4,339.13,511.93
65,193,105.53,246.33
170.6,200.47,372.2,291.13
207.93,373.27,251.67,430.87
221.8,82.067,296.47,235.67
65,1,120.47,50.067
123.67,231.4,168.47,271.93
283.67,200.47,372.2,274.07
217.53,177,311.4,233.53
284.73,214.33,372.2,274.07
95.933,1,179.13,41.533
78.867,186.6,127.93,246.33
239.93,300.73,294.33,441.53
309.27,1,410.6,178.07
209,216.47,377.53,293.27
4.2,372.2,51.133,415.93
241,365.8,294.33,441.53
62.867,177,106.6,225
79.933,383.93,152.47,511.93
299.67,124.73,363.67,169.53
221.8,232.47,271.93,287.93
289,171.67,365.8,229.27
131.13,143.93,244.2,206.87
274.07,257,383.93,299.67
6.3333,371.13,56.467,511.93
325.27,189.8,402.07,325.27
71.4,1,177,65
283.67,193,371.13,260.2
283.67,145,335.93,236.73
259.13,365.8,307.13,424.47
78.867,186.6,127.93,317.8
1,401,58.6,511.93
185.53,177,244.2,236.73
315.67,353,388.2,511.93
111.93,226.07,202.6,323.13
97,383.93,146.07,458.6
269.8,295.4,335.93,337
297.53,200.47,372.2,274.07
214.33,227.13,324.2,292.2
271.93,7.4,353,113
109.8,7.4,191.93,105.53
259.13,370.07,303.93,430.87
1,108.73,42.6,228.2
264.47,365.8,307.13,424.47
321,113,362.6,163.13
53.267,65,101.27,213.27
292.2,81,353,143.93
315.67,1,372.2,55.4
315.67,1,375.4,79.933
149.27,440.47,207.93,482.07
317.8,129,362.6,171.67
225,89.533,295.4,183.4
71.4,337,138.6,403.13
283.67,223.93,351.93,271.93
106.6,321,194.07,391.4
325.27,189.8,402.07,299.67
250.6,7.4,353,113
338.07,465,386.07,511.93
125.8,235.67,184.47,297.53
1,401,50.067,511.93
364.73,27.667,410.6,95.933
155.67,343.4,203.67,389.27
242.07,215.4,333.8,279.4
284.73,301.8,351.93,377.53
63.933,358.33,104.47,511.93
143.93,62.867,222.87,162.07
284.73,203.67,375.4,275.13
257,471.4,303.93,511.93
1,257,46.867,307.13
312.47,61.8,353,113
205.8,355.13,264.47,398.87
299.67,137.53,367.93,209
367.93,1,410.6,46.867
236.73,89.533,295.4,183.4
178.07,239.93,271.93,287.93
4.2,337,56.467,511.93
194.07,402.07,251.67,453.27
76.733,398.87,146.07,511.93
63.933,242.07,111.93,401
327.4,200.47,372.2,258.07
111.93,183.4,165.27,303.93
111.93,226.07,202.6,308.2
221.8,239.93,271.93,287.93
78.867,186.6,194.07,391.4
170.6,226.07,230.33,291.13
59.667,47.933,166.33,191.93
239.93,89.533,287.93,175.93
191.93,1,237.8,111.93
161,402.07,251.67,453.27
170.6,226.07,220.73,291.13
223.93,9.5333,283.67,133.27
370.07,82.067,410.6,178.07
257,383.93,339.13,511.93
258.07,401,319.93,511.93
258.07,413.8,303.93,469.27
271.93,301.8,351.93,377.53
178.07,239.93,225,282.6
1,257,51.133,463.93
174.87,242.07,216.47,291.13
309.27,415.93,377.53,487.4
367.93,1,410.6,79.933
178.07,239.93,241,286.87
356.2,71.4,403.13,127.93
266.6,65,353,143.93
212.2,215.4,333.8,292.2
8.4667,302.87,56.467,366.87
191.93,1,237.8,127.93
39.4,218.6,81,290.07
106.6,322.07,189.8,369
62.867,226.07,110.87,388.2
306.07,305,388.2,417
111.93,226.07,165.27,303.93
292.2,81,342.33,131.13
1,110.87,41.533,285.8
62.867,193,106.6,249.53
106.6,463.93,164.2,511.93
233.53,145,292.2,229.27
283.67,200.47,351.93,260.2
250.6,8.4667,305,63.933
95.933,1,177,56.467
266.6,301.8,361.53,417
325.27,257,383.93,299.67
172.73,1,237.8,127.93
305,337,361.53,417
138.6,266.6,202.6,308.2
109.8,223.93,158.87,273
69.267,266.6,111.93,401
146.07,62.867,221.8,162.07
109.8,462.87,164.2,508.73
6.3333,236.73,46.867,291.13
238.87,1,311.4,46.867
130.07,7.4,177,56.467
321,337,361.53,406.33
292.2,81,338.07,131.13
98.067,409.53,146.07,458.6
7.4,415.93,50.067,511.93
