1,1,512.2,384.2
471.4,223.4,512.2,369.8
1,1,174.6,306.6
210.6,1,301,50.6
159.4,256.2,433.8,384.2
206.6,253,441.8,335.4
37.8,169,299.4,384.2
34.6,1,512.2,384.2
298.6,94.6,512.2,384.2
32.2,225,303.4,384.2
1,266.6,308.2,384.2
171.4,1,274.6,49.8
31.4,82.6,481.8,342.6
31.4,82.6,481.8,371.4
361,211.4,512.2,384.2
31.4,82.6,481.8,384.2
233.8,122.6,478.6,371.4
273,1,487.4,97.8
159.4,73.8,512.2,384.2
273,1,512.2,124.2
206.6,222.6,512.2,384.2
1,1,449.8,384.2
171.4,224.2,469,384.2
1,82.6,512.2,384.2
65.8,138.6,407.4,285
1,225,261.8,384.2
41.8,1,322.6,157
337,11.4,489,70.6
1,166.6,512.2,384.2
31.4,1,481.8,384.2
45,1,512.2,152.2
44.2,1,512.2,152.2
62.6,334.6,133.8,384.2
1,161,91.4,337
117,169,227.4,289
171.4,159.4,445,341
102.6,73.8,474.6,192.2
289,1,512.2,91.4
34.6,81,449.8,337.8
73.8,297,393,384.2
1,1,272.2,384.2
1,1,176.2,129.8
53,265.8,376.2,384.2
48.2,101.8,397,297
273,1,512.2,384.2
53,265.8,320.2,384.2
36.2,123.4,119.4,183.4
31.4,1,512.2,384.2
1,1,227.4,337
1,160.2,261.8,384.2
171.4,69.8,512.2,384.2
281,1,512.2,384.2
276.2,14.6,417,97.8
193,1,512.2,113
175.4,1,512.2,257.8
1,1,397,297
34.6,1,422.6,284.2
361,307.4,450.6,371.4
159.4,1,512.2,384.2
171.4,169,257.8,285
1,266.6,311.4,384.2
1,1,289,384.2
182.6,188.2,224.2,261.8
64.2,276.2,129,335.4
176.2,168.2,222.6,262.6
1,307.4,308.2,384.2
25,151.4,73,296.2
1,1,397,384.2
1,1,174.6,336.2
1,1,512.2,337.8
368.2,57,488.2,157
175.4,1,512.2,384.2
171.4,198.6,389.8,341
53,265.8,320.2,353.8
1,1,393,384.2
1,222.6,512.2,384.2
1,265.8,320.2,384.2
34.6,81,449.8,384.2
64.2,276.2,160.2,329
1,233,72.2,308.2
206.6,249,441.8,335.4
34.6,1,512.2,284.2
1,205.8,64.2,308.2
150.6,317,296.2,384.2
1,1,512.2,336.2
1,105,133.8,384.2
1,225,256.2,384.2
273,30.6,512.2,124.2
281,225.8,444.2,332.2
469.8,221,512.2,378.6
1,297,393,384.2
71.4,318.6,319.4,384.2
34.6,1,512.2,337.8
1,1,193,306.6
48.2,134.6,255.4,277
1,257.8,64.2,308.2
240.2,66.6,480.2,175.4
303.4,57,488.2,158.6
266.6,225.8,494.6,384.2
1,1,111.4,265
285,73.8,483.4,263.4
171.4,66.6,480.2,341
37.8,169,475.4,384.2
228.2,308.2,320.2,353.8
1,169,227.4,337
293,73.8,474.6,166.6
295.4,94.6,512.2,384.2
228.2,1,301,55.4
281,1,512.2,249
32.2,225,303.4,363.4
1,1,136.2,299.4
273,1,512.2,259.4
37.8,249,250.6,384.2
34.6,1,480.2,384.2
285,1,512.2,89
469.8,221,512.2,317.8
78.6,169,227.4,289
320.2,178.6,432.2,239.4
65.8,138.6,320.2,288.2
289,5,512.2,93
41.8,1,408.2,157
240.2,53.8,512.2,152.2
34.6,88.2,422.6,284.2
34.6,1,480.2,341
175.4,1,512.2,177
1,322.6,128.2,384.2
66.6,266.6,308.2,353
289,243.4,484.2,324.2
31.4,1,318.6,288.2
177,1,297.8,113
281.8,69.8,512.2,292.2
1,129,64.2,316.2
273,1,512.2,297
65,266.6,308.2,353
73.8,318.6,294.6,384.2
159.4,265,385.8,384.2
42.6,37.8,289.8,157
281.8,69.8,473.8,269
272.2,1,488.2,188.2
318.6,69.8,473.8,109.8
32.2,224.2,469,384.2
380.2,1,512.2,53.8
177,1,243.4,49
440.2,221,512.2,384.2
65,266.6,389,384.2
34.6,81,449,337.8
1,1,65,176.2
65.8,138.6,320.2,285
272.2,1,512.2,97.8
265,5,512.2,177
289,113,512.2,384.2
316.2,122.6,478.6,213
206.6,253,422.6,335.4
1,1,318.6,288.2
159.4,223.4,512.2,384.2
469,226.6,512.2,303.4
459.4,97,512.2,374.6
73.8,321.8,296.2,384.2
171.4,224.2,469,364.2
1,285.8,393,384.2
49,1,407.4,64.2
1,257.8,64.2,302.6
32.2,1,488.2,384.2
177,188.2,224.2,261.8
316.2,148.2,376.2,188.2
186.6,265,440.2,341
234.6,1,298.6,50.6
48.2,1,301,150.6
329,53.8,512.2,152.2
171.4,198.6,512.2,384.2
316.2,90.6,449,145.8
278.6,1,416.2,57
66.6,266.6,222.6,321.8
170.6,169,227.4,281.8
245.8,1,286.6,46.6
469,226.6,512.2,371.4
325,94.6,512.2,229
225,149,407.4,264.2
294.6,222.6,495.4,384.2
469,221,512.2,372.2
298.6,178.6,512.2,292.2
1,1,274.6,137.8
49,1,512.2,117.8
65,266.6,225,352.2
289,106.6,512.2,384.2
271.4,333,321.8,384.2
1,1,488.2,384.2
193,1,289.8,113
291.4,4.2,512.2,89
225,149,407.4,261
65.8,138.6,407.4,288.2
1,1,241.8,265
1,105,45,292.2
160.2,320.2,294.6,384.2
167.4,166.6,323.4,285
1,1,68.2,306.6
64.2,293.8,250.6,384.2
163.4,318.6,291.4,376.2
126.6,45.8,285.8,122.6
1,1,272.2,273.8
65,266.6,311.4,384.2
48.2,134.6,257,284.2
1,20.2,139.4,336.2
64.2,225,256.2,339.4
171.4,241,444.2,343.4
167.4,166.6,512.2,384.2
460.2,65,512.2,123.4
65.8,158.6,255.4,285
64.2,169,299.4,384.2
44.2,1,301,150.6
41.8,20.2,139.4,101.8
42.6,1,322.6,157
31.4,89,136.2,273.8
73.8,297,358.6,384.2
73,301,261.8,384.2
301,108.2,512.2,292.2
64.2,301,250.6,384.2
471.4,223.4,512.2,384.2
282.6,256.2,475.4,384.2
282.6,264.2,475.4,369.8
1,301,170.6,384.2
105,212.2,169,284.2
440.2,300.2,495.4,377
62.6,301,170.6,384.2
62.6,334.6,193,384.2
102.6,1,488.2,234.6
47.4,1,248.2,57
171.4,189,245.8,285
65.8,149,407.4,285
33.8,249,87.4,305.8
143.4,122.6,478.6,371.4
266.6,211.4,512.2,384.2
53,282.6,249.8,384.2
45.8,1,193,110.6
1,129,64.2,322.6
310.6,97,512.2,297
286.6,300.2,512.2,384.2
51.4,34.6,93.8,97
340.2,57,488.2,158.6
380.2,277.8,439.4,321
459.4,97,512.2,371.4
65.8,97,512.2,297
78.6,241,200.2,289
1,1,174.6,384.2
469.8,221,512.2,372.2
265,25,353,81
184.2,188.2,224.2,260.2
401.8,69.8,473.8,109.8
44.2,1,301,113
1,237,64.2,308.2
294.6,222.6,495.4,334.6
1,123.4,119.4,336.2
247.4,5,512.2,117.8
49,1,512.2,64.2
21,1,65,48.2
465,5,512.2,97
335.4,275.4,475.4,344.2
269.8,316.2,413,384.2
281,1,512.2,97.8
45.8,23.4,139.4,101.8
1,321,133.8,384.2
1,1,322.6,336.2
281,25,453,97.8
81,301,261.8,384.2
171.4,224.2,469,343.4
1,1,193,312.2
282.6,264.2,475.4,384.2
56.2,34.6,183.4,134.6
167.4,166.6,321,285
372.2,5,512.2,93
1,296.2,202.6,384.2
286.6,332.2,495.4,384.2
265,48.2,512.2,177
62.6,333.8,193,384.2
289.8,166.6,331.4,259.4
186.6,265,444.2,341
285,73.8,512.2,374.6
281.8,100.2,470.6,269
175.4,1,485,64.2
34.6,81,512.2,337.8
159.4,321.8,225.8,367.4
53,296.2,202.6,372.2
281.8,166.6,388.2,269
272.2,1,488.2,234.6
322.6,100.2,470.6,188.2
53,293,172.2,336.2
1,193,178.6,384.2
1,293,91.4,337
371.4,117.8,457.8,158.6
1,25.8,119.4,336.2
321,307.4,461,371.4
437,255.4,484.2,317.8
311.4,106.6,512.2,297
48.2,134.6,257,288.2
124.2,297,290.6,363.4
171.4,241,444.2,341
429,56.2,512.2,97
177,42.6,285.8,113
308.2,157,407.4,252.2
361,297.8,461,371.4
1,1,193,274.6
222.6,308.2,320.2,353.8
1,307.4,172.2,384.2
1,105,129,384.2
285,159.4,336.2,263.4
271.4,304.2,358.6,384.2
113.8,321.8,261.8,384.2
285,117.8,457.8,263.4
1,129,133.8,384.2
361,309.8,445,352.2
15.4,128.2,73,312.2
64.2,313,176.2,384.2
465,5,512.2,93
65.8,158.6,320.2,285
289,243.4,484.2,317.8
1,147.4,90.6,336.2
289.8,122.6,478.6,259.4
48.2,134.6,318.6,288.2
171.4,251.4,389.8,341
342.6,330.6,494.6,384.2
186.6,265,385.8,341
316.2,148.2,388.2,188.2
1,128.2,178.6,384.2
293.8,157,483.4,262.6
108.2,318.6,201,372.2
337,5,512.2,93
53,296.2,176.2,349.8
1,1,176.2,273.8
40.2,34.6,113,165
353,12.2,484.2,57.8
228.2,1,289.8,62.6
331.4,108.2,512.2,229
145,1,272.2,49
211.4,198.6,257.8,283.4
47.4,1,264.2,102.6
286.6,221,512.2,384.2
160.2,321.8,296.2,384.2
1,205.8,64.2,316.2
48.2,39.4,184.2,150.6
41.8,20.2,139.4,150.6
176.2,1,274.6,49.8
1,306.6,179.4,384.2
1,1,289,274.6
1,1,176.2,80.2
320.2,266.6,475.4,344.2
405.8,1,512.2,53.8
366.6,276.2,442.6,329.8
233.8,197,320.2,269
348.2,275.4,440.2,329.8
40.2,28.2,181,165
273,65,437.8,105.8
301,217.8,477,292.2
47.4,1,264.2,57
171.4,169,237.8,285
15.4,17.8,80.2,200.2
177,42.6,297.8,113
388.2,100.2,481.8,177.8
46.6,1,193,56.2
293,102.6,449,166.6
288.2,297,495.4,384.2
466.6,211.4,512.2,301.8
65.8,265.8,320.2,384.2
56.2,33.8,212.2,134.6
361,314.6,493.8,370.6
42.6,27.4,240.2,159.4
353,1,512.2,160.2
159.4,321.8,296.2,384.2
217,166.6,321,281.8
338.6,120.2,468.2,179.4
321,301,492.2,376.2
65,293,171.4,340.2
289,258.6,498.6,384.2
294.6,144.2,495.4,384.2
1,323.4,127.4,384.2
289,211.4,512.2,384.2
168.2,169,243.4,285
168.2,165.8,319.4,297
124.2,297,290.6,354.6
17,1,241.8,149.8
294.6,222.6,477.8,294.6
269.8,317,413,384.2
31.4,127.4,318.6,288.2
309.8,102.6,449,164.2
1,1,65,80.2
289,243.4,473,304.2
400.2,317,512.2,384.2
70.6,158.6,255.4,273.8
15.4,128.2,73,296.2
206.6,249,449.8,335.4
145,1,301,102.6
15.4,1,174.6,200.2
294.6,66.6,480.2,175.4
65,266.6,313,384.2
469.8,221,512.2,285.8
37.8,249,87.4,305.8
269.8,317,327.4,384.2
143.4,169,261.8,288.2
327.4,57,488.2,113
1,321.8,129,384.2
51.4,37,183.4,119.4
273,27.4,512.2,259.4
285,1,360.2,72.2
45,33,289,152.2
404.2,255.4,484.2,317.8
1,105,44.2,160.2
1,161,129,384.2
316.2,117.8,457.8,188.2
393,258.6,498.6,384.2
157.8,324.2,210.6,373
1,105,45,176.2
310.6,113,512.2,297
31.4,49,136.2,273.8
105,237,169,284.2
64.2,276.2,303.4,363.4
77.8,225,168.2,288.2
233.8,122.6,478.6,332.2
321.8,285,491.4,353
1,113,44.2,176.2
47.4,1,297,102.6
77,158.6,255.4,273.8
31.4,224.2,73,273.8
233.8,166.6,321,269
171.4,244.2,308.2,297
1,24.2,46.6,129.8
212.2,1,297,53.8
405.8,329.8,512.2,384.2
30.6,1,193,274.6
217,197,320.2,281.8
240.2,1,512.2,152.2
1,1,64.2,192.2
1,1,65,299.4
73.8,310.6,308.2,384.2
25,151.4,70.6,296.2
465,207.4,512.2,248.2
281,57,368.2,97.8
217,192.2,320.2,281.8
291.4,1,512.2,89
321.8,1,512.2,249
435.4,103.4,480.2,152.2
42.6,1,297.8,159.4
46.6,12.2,183.4,113
254.6,218.6,320.2,262.6
289,26.6,408.2,91.4
163.4,318.6,291.4,384.2
65,293,171.4,341.8
65.8,170.6,114.6,277.8
272.2,1,488.2,158.6
1,323.4,126.6,384.2
65.8,272.2,215.4,332.2
145,1,261.8,49
1,1,183.4,137.8
321.8,154.6,397.8,224.2
320.2,156.2,432.2,239.4
1,241,160.2,337
48.2,134.6,319.4,297
81.8,313,176.2,361.8
44.2,1,228.2,113
298.6,94.6,512.2,257
271.4,31.4,329.8,109
171.4,224.2,444.2,343.4
25,167.4,70.6,296.2
291.4,73.8,474.6,166.6
359.4,57,488.2,157
278.6,1,512.2,53.8
53,296.2,151.4,336.2
366.6,276.2,475.4,329.8
220.2,342.6,319.4,384.2
64.2,313,250.6,384.2
48.2,37,184.2,150.6
310.6,209,512.2,297
298.6,94.6,512.2,292.2
273,43.4,314.6,105.8
192.2,131.4,397,192.2
46.6,25.8,96.2,113
286.6,319.4,494.6,384.2
338.6,223.4,492.2,334.6
92.2,286.6,256.2,339.4
1,293.8,126.6,384.2
47.4,1,297,57
321,145.8,400.2,188.2
338.6,339.4,495.4,384.2
1,129,41,299.4
353,5,512.2,93
65.8,193,109.8,277.8
92.2,294.6,257.8,339.4
1,193,68.2,306.6
471.4,222.6,512.2,384.2
272.2,1,489.8,52.2
44.2,1,228.2,55.4
386.6,223.4,492.2,329.8
40.2,39.4,113,165
322.6,53.8,512.2,188.2
286.6,319.4,425.8,384.2
429,49,512.2,97
401,1,512.2,53.8
65,293,120.2,335.4
46.6,25,139.4,101.8
31.4,37,136.2,273.8
128.2,45.8,240.2,113.8
64.2,169,290.6,352.2
295.4,25,453,79.4
255.4,1,384.2,64.2
1,1,73,306.6
335.4,264.2,475.4,344.2
171.4,189.8,237.8,285
45.8,19.4,180.2,110.6
459.4,97,512.2,249
289,324.2,495.4,384.2
286.6,223.4,512.2,384.2
278.6,1,487.4,57
389.8,1,512.2,53.8
403.4,117.8,457.8,158.6
289,145,495.4,384.2
65.8,272.2,234.6,337.8
289,145,484.2,324.2
62.6,337.8,170.6,384.2
347.4,1,512.2,53.8
130.6,297,290.6,352.2
49,34.6,93.8,103.4
285,1,512.2,72.2
273,24.2,323.4,105.8
273,11.4,512.2,124.2
200.2,174.6,277,284.2
160.2,310.6,308.2,384.2
15.4,17.8,71.4,173.8
42.6,27.4,183.4,159.4
171.4,224.2,463.4,343.4
205.8,310.6,308.2,353
321,157,483.4,230.6
167.4,169,237.8,285
217,49,285.8,113
411.4,97,512.2,176.2
175.4,1,384.2,64.2
100.2,142.6,277,284.2
1,257.8,64.2,304.2
15.4,128.2,70.6,296.2
233.8,166.6,444.2,332.2
269.8,317,314.6,384.2
211.4,198.6,277,283.4
400.2,317.8,512.2,384.2
290.6,152.2,413.8,261
65,266.6,222.6,352.2
316.2,90.6,424.2,141.8
270.6,304.2,358.6,384.2
240.2,71.4,441,117.8
1,1,71.4,192.2
210.6,33.8,322.6,121.8
161,318.6,291.4,376.2
207.4,1,272.2,49
233.8,197,278.6,269
171.4,251.4,417.8,341
126.6,1,301,122.6
338.6,97,512.2,179.4
173.8,1,274.6,49.8
29,221.8,70.6,296.2
278.6,1,512.2,93
266.6,319.4,494.6,384.2
42.6,33.8,322.6,157
466.6,211.4,512.2,369.8
338.6,120.2,434.6,177
217,49,289,113
65.8,193,169,284.2
66.6,39.4,183.4,119.4
321,323.4,491.4,376.2
286.6,266.6,495.4,384.2
93,303.4,179.4,352.2
192.2,143.4,315.4,192.2
368.2,57,488.2,151.4
285,165.8,347.4,263.4
1,257.8,64.2,303.4
30.6,145,80.2,274.6
31.4,127.4,136.2,253.8
305.8,250.6,512.2,384.2
321,144.2,483.4,289
64.2,276.2,290.6,352.2
273,27.4,512.2,188.2
293,69.8,473.8,217
272.2,24.2,329.8,109
65,25.8,232.2,71.4
124.2,297,358.6,384.2
361,325.8,492.2,370.6
321,190.6,385,230.6
247.4,41,488.2,117.8
281,21.8,453,97.8
1,259.4,91.4,337
154.6,318.6,294.6,384.2
81,63.4,128.2,119.4
289,306.6,445,359.4
1,321.8,172.2,384.2
384.2,41.8,459.4,81.8
1,24.2,46.6,175.4
85.8,308.2,249.8,384.2
1,323.4,129,384.2
293.8,73.8,483.4,262.6
218.6,313.8,296.2,384.2
293.8,26.6,389,79.4
64.2,276.2,256.2,339.4
1,293.8,113,345
65.8,158.6,255.4,277.8
273,53.8,512.2,188.2
211.4,159.4,336.2,283.4
321.8,137.8,481.8,224.2
30.6,152.2,80.2,274.6
325,94.6,512.2,193
49,28.2,181,97
457.8,60.2,512.2,123.4
171.4,251.4,442.6,341
196.2,310.6,308.2,353
113,45.8,240.2,124.2
310.6,218.6,478.6,297
1,105,44.2,176.2
211.4,198.6,304.2,283.4
352.2,1,512.2,249
393,211.4,512.2,384.2
171.4,165.8,319.4,297
338.6,275.4,458.6,334.6
239.4,177,318.6,245
471.4,107.4,512.2,226.6
65,293,110.6,335.4
289,314.6,495.4,384.2
17.8,21,65,64.2
90.6,238.6,165.8,285
1,233,126.6,384.2
286.6,332.2,469,376.2
301,207.4,512.2,292.2
469,226.6,512.2,338.6
40.2,57.8,113,165
286.6,323.4,494.6,384.2
225,174.6,281,252.2
272.2,58.6,488.2,117
324.2,113,512.2,239.4
159.4,313.8,296.2,384.2
361,307.4,461,371.4
65,266.6,222.6,335.4
62.6,334.6,128.2,384.2
240.2,71.4,417.8,117.8
64.2,276.2,129,329
321.8,142.6,481.8,224.2
206.6,243.4,484.2,335.4
1,321.8,126.6,384.2
75.4,1,407.4,64.2
321,301,494.6,384.2
1,161,64.2,308.2
286.6,285,495.4,384.2
145,1,243.4,49
56.2,33.8,240.2,134.6
372.2,11.4,489,66.6
384.2,1,512.2,160.2
81,49,148.2,134.6
36.2,152.2,80.2,200.2
10.6,243.4,72.2,308.2
289,324.2,425.8,373.8
171.4,251.4,445,341
241,165.8,320.2,245
1,193,68.2,309
48.2,134.6,277,288.2
393,327.4,492.2,370.6
1,1,54.6,223.4
240.2,53.8,470.6,117.8
206.6,243.4,495.4,384.2
435.4,60.2,512.2,152.2
459.4,107.4,512.2,249
217,1,301,113
273,24.2,329.8,109
272.2,1,487.4,109
401,223.4,470.6,289
176.2,1,260.2,49.8
389,1,512.2,97
289,319.4,425.8,373.8
225,165.8,320.2,259.4
32.2,225,98.6,293
48.2,37,285.8,150.6
65.8,265.8,234.6,337.8
273,53.8,470.6,105.8
241,257,308.2,297
121.8,170.6,162.6,218.6
440.2,250.6,512.2,384.2
128.2,45.8,240.2,118.6
309.8,69.8,473.8,164.2
305.8,285,512.2,384.2
225,174.6,309,259.4
234.6,1,301,50.6
405,100.2,481,151.4
294.6,69.8,473.8,175.4
361.8,329.8,512.2,384.2
335.4,276.2,475.4,344.2
1,322.6,129,384.2
289,297,495.4,384.2
1,1,176.2,113
100.2,101.8,397,192.2
53,296.2,116.2,336.2
320.2,94.6,512.2,239.4
305.8,285,491.4,376.2
340.2,57,488.2,157
93,301,261.8,384.2
150.6,317.8,249.8,384.2
293,118.6,421.8,217
48.2,27.4,228.2,150.6
289,324.2,494.6,384.2
113.8,321.8,210.6,373
393,297,494.6,370.6
338.6,275.4,440.2,321
271.4,317.8,358.6,384.2
15.4,17.8,113,200.2
271.4,36.2,329.8,109
30.6,28.2,181,274.6
217,197,278.6,281.8
273,65,319.4,105.8
161,318.6,319.4,384.2
46.6,25.8,128.2,113
322.6,128.2,449,188.2
1,1,45.8,175.4
384.2,46.6,512.2,86.6
293,90.6,449,166.6
126.6,45.8,240.2,122.6
220.2,335.4,319.4,384.2
368.2,102.6,449,145.8
276.2,37.8,320.2,97.8
1,293.8,110.6,334.6
95.4,212.2,169,284.2
81,58.6,132.2,119.4
301,222.6,477,292.2
389,1,512.2,85.8
213,49,285.8,113
322.6,144.2,439.4,188.2
113,73.8,474.6,166.6
64.2,332.2,179.4,384.2
163.4,308.2,320.2,384.2
295.4,25.8,365,66.6
345,100.2,470.6,175.4
78.6,241,145,289
53,293,151.4,336.2
1,321.8,128.2,384.2
175.4,1,424.2,64.2
1,1,45.8,207.4
225.8,165.8,319.4,256.2
1,1,174.6,192.2
324.2,97,512.2,239.4
310.6,221,478.6,297
217,45.8,296.2,113
273,65,352.2,105.8
353,41,464.2,86.6
25,167.4,65,274.6
304.2,339.4,495.4,384.2
31.4,127.4,111.4,265
446.6,97,512.2,160.2
64.2,332.2,178.6,384.2
46.6,25.8,172.2,113
53,293.8,110.6,334.6
433,249.8,492.2,329.8
471.4,107.4,512.2,227.4
65,25.8,240.2,113.8
81.8,73,129,119.4
154.6,321.8,210.6,373
228.2,1,301,102.6
338.6,297,495.4,384.2
241,177,316.2,245
1,306.6,128.2,384.2
113,101.8,358.6,157.8
171.4,244.2,287.4,288.2
1,17,45.8,137.8
105,170.6,169,284.2
320.2,140.2,449.8,239.4
184.2,188.2,224.2,261.8
290.6,145,448.2,261
179.4,189,245.8,285
17,1,177.8,48.2
65.8,265.8,215.4,332.2
368.2,57,479.4,147.4
62.6,337.8,129,384.2
405,100.2,470.6,149.8
64.2,241,160.2,335.4
305.8,285,495.4,384.2
293.8,209,454.6,262.6
46.6,25.8,112.2,113
64.2,276.2,160.2,335.4
46.6,25.8,240.2,149.8
308.2,152.2,413.8,252.2
320.2,178.6,437.8,239.4
53,282.6,178.6,358.6
45,12.2,183.4,137
294.6,69.8,473.8,130.6
265,39.4,320.2,81
65,26.6,232.2,71.4
189,209,245.8,285
1,129,41,292.2
257,40.2,297.8,102.6
225,165.8,320.2,264.2
371.4,66.6,479.4,147.4
65.8,53,129,120.2
48.2,27.4,112.2,89
1,1,65,175.4
282.6,318.6,358.6,369.8
35.4,127.4,111.4,188.2
294.6,69.8,473.8,164.2
221.8,339.4,296.2,384.2
293,159.4,336.2,217
405.8,275.4,475.4,334.6
48.2,45.8,184.2,150.6
272.2,1,392.2,52.2
305,149,407.4,252.2
433,283.4,492.2,329.8
1,321.8,178.6,384.2
272.2,1,358.6,52.2
386.6,241,453.8,285
53,296.2,171.4,349.8
171.4,205,245.8,285
448.2,65,488.2,113
101.8,245,168.2,285
65.8,272.2,215.4,321
53,282.6,170.6,351.4
294.6,85,407.4,125.8
440.2,300.2,512.2,384.2
239.4,177,318.6,246.6
403.4,137.8,481.8,177.8
338.6,131.4,434.6,177
159.4,321.8,289,384.2
70.6,158.6,255.4,285
289,306.6,411.4,359.4
1,25.8,45.8,137.8
288.2,343.4,439.4,384.2
56.2,53,132.2,134.6
150.6,317.8,210.6,373
92.2,294.6,256.2,339.4
75.4,1,257,60.2
234.6,1,384.2,64.2
401.8,69.8,473.8,130.6
17,1,241.8,48.2
192.2,143.4,319.4,192.2
65.8,265.8,320.2,353.8
315.4,97,512.2,177
102.6,126.6,376.2,192.2
213,1,289.8,113
353,1,512.2,249
180.2,189,222.6,262.6
225,165.8,337,261
225.8,175.4,272.2,232.2
31.4,89,136.2,240.2
171.4,253.8,444.2,341
384.2,46.6,512.2,111.4
289,36.2,390.6,91.4
298.6,178.6,437.8,257
64.2,276.2,257.8,339.4
33,149.8,80.2,253.8
247.4,58.6,488.2,117.8
171.4,209,245.8,285
45.8,252.2,93,293
53,296.2,124.2,336.2
472.2,97,512.2,160.2
265,48.2,488.2,117
400.2,317.8,496.2,384.2
325,140.2,449.8,193
293.8,21.8,398.6,72.2
31.4,149.8,80.2,253.8
409,29,512.2,93
225.8,174.6,277,256.2
304.2,343.4,494.6,384.2
234.6,1,290.6,50.6
45,43.4,287.4,152.2
184.2,188.2,224.2,247.4
33,127.4,136.2,253.8
70.6,158.6,320.2,285
81,58.6,129,120.2
288.2,306.6,445,384.2
53,282.6,110.6,334.6
294.6,222.6,454.6,264.2
100.2,101.8,358.6,165.8
338.6,275.4,447.4,321
66.6,39.4,183.4,88.2
402.6,329.8,512.2,384.2
293.8,27.4,344.2,72.2
405.8,281.8,475.4,334.6
46.6,25.8,148.2,149.8
64.2,276.2,115.4,329
315.4,73.8,481.8,177.8
45,33,287.4,152.2
1,193,68.2,321
1,17,45.8,80.2
320.2,156.2,433,239.4
305,301,494.6,384.2
372.2,1,512.2,66.6
176.2,201.8,225.8,275.4
405,86.6,479.4,147.4
113,110.6,357,157.8
372.2,100.2,470.6,151.4
275.4,1,358.6,48.2
247.4,64.2,289,117.8
316.2,148.2,397.8,188.2
255.4,1,407.4,64.2
409,5,512.2,93
113,101.8,357,157.8
168.2,201.8,243.4,285
81,58.6,136.2,134.6
465,29,512.2,93
1,1,81,137.8
1,259.4,62.6,303.4
293.8,26.6,360.2,72.2
56.2,53,132.2,132.2
32.2,225,93,293
327.4,12.2,484.2,72.2
64.2,276.2,290.6,353
51.4,252.2,93,293
225,165.8,320.2,252.2
376.2,277.8,439.4,321
239.4,177,315.4,245
160.2,321.8,296.2,377
417.8,94.6,512.2,177
150.6,317.8,228.2,376.2
225.8,175.4,277,256.2
281,12.2,484.2,97.8
1,113,44.2,160.2
340.2,12.2,484.2,57.8
81.8,73,132.2,119.4
31.4,127.4,111.4,253.8
405.8,329.8,495.4,377
77.8,225,127.4,288.2
281,26.6,389,97.8
335.4,144.2,483.4,289
298.6,90.6,424.2,141.8
273,61,314.6,105.8
362.6,333.8,495.4,384.2
440.2,329.8,495.4,377
171.4,237.8,308.2,297
338.6,120.2,468.2,177
309.8,118.6,421.8,164.2
179.4,205,245.8,285
192.2,209,243.4,284.2
255.4,17,384.2,64.2
228.2,1,288.2,55.4
465,97,512.2,218.6
46.6,26.6,96.2,113
51.4,34.6,160.2,97
315.4,73.8,474.6,145.8
321,157,403.4,230.6
1,1,45.8,80.2
1,1,65,48.2
294.6,222.6,454.6,285
17,1,65,48.2
1,1,45.8,137.8
315.4,131.4,434.6,177
106.6,245,168.2,285
18.6,17.8,71.4,152.2
388.2,137.8,481.8,177.8
335.4,157,483.4,227.4
384.2,1,512.2,111.4
65.8,53,132.2,120.2
401,255.4,495.4,334.6
171.4,253.8,304.2,297
182.6,188.2,224.2,247.4
1,17,44.2,80.2
65,26.6,216.2,71.4
295.4,39.4,402.6,79.4
405,100.2,468.2,147.4
81,73,129,120.2
159.4,321.8,264.2,384.2
443.4,60.2,488.2,151.4
1,257.8,64.2,299.4
465,97,512.2,160.2
386.6,223.4,470.6,289
365.8,277.8,439.4,329.8
1,321.8,133.8,384.2
176.2,169,224.2,247.4
17,1,81,48.2
327.4,25,453,72.2
159.4,321.8,225.8,366.6
393,52.2,512.2,111.4
335.4,157,483.4,289
46.6,25.8,112.2,149.8
371.4,86.6,479.4,147.4
443.4,65,488.2,151.4
192.2,143.4,376.2,192.2
176.2,201.8,243.4,284.2
239.4,165.8,319.4,245
183.4,199.4,257,284.2
445.8,255.4,495.4,321
293.8,25,353,72.2
1,327.4,126.6,384.2
226.6,145.8,319.4,192.2
56.2,43.4,183.4,134.6
381,277.8,439.4,321
405,99.4,468.2,147.4
348.2,275.4,439.4,329.8
376.2,277.8,440.2,321
192.2,199.4,257,284.2
293,88.2,449,166.6
159.4,321.8,248.2,367.4
345.8,144.2,467.4,188.2
295.4,39.4,389,79.4
94.6,43.4,183.4,119.4
159.4,321.8,248.2,366.6
459.4,209,512.2,249
393,52.2,512.2,97
226.6,145.8,315.4,192.2
81,58.6,128.2,114.6
1,259.4,62.6,302.6
1,17,41.8,80.2
