320.72,1,512.88,378.21
1,1,338.84,378.21
67.938,79.75,322.3,227.01
1,1,512.88,378.21
1,1,308.12,378.21
348.29,225.44,447.51,373.49
330.18,249.85,512.88,378.21
204.17,1,512.88,378.21
328.6,106.52,512.88,292.38
320.72,1,512.88,292.38
1,1,297.89,170.31
1,1,271.9,378.21
182.12,208.11,512.88,378.21
322.3,1,512.88,167.16
201.81,1,512.88,378.21
199.45,1,512.88,378.21
1,1,272.69,378.21
333.32,1,512.88,189.21
71.087,41.95,304.97,232.53
115.97,1,512.88,378.21
424.68,1,512.88,292.38
1,1,339.62,378.21
1,1,297.89,221.5
222.29,124.64,267.18,165.59
164.01,79.75,300.25,223.86
104.95,192.36,301.04,335.69
311.27,227.8,512.88,378.21
423.89,5.725,491.61,86.837
175.04,1,512.88,378.21
290.01,1,339.62,131.72
322.3,1,512.88,268.75
423.89,1,512.88,292.38
1,1,486.89,221.5
71.875,1,512.88,378.21
327.02,228.59,512.88,378.21
374.27,23.05,416.01,73.45
67.938,75.812,307.34,226.22
1,23.05,149.05,336.47
1,134.88,272.69,378.21
333.32,97.075,423.1,186.06
1,23.05,301.04,378.21
1,1,304.97,378.21
424.68,1,504.21,100.22
329.39,129.36,402.62,223.07
67.938,79.75,322.3,378.21
199.45,1,339.62,323.09
325.45,218.35,512.88,378.21
33.288,1,308.12,232.53
71.875,161.65,260.09,210.47
320.72,1,512.88,286.07
338.05,1,459.32,207.32
327.02,123.06,384.51,267.96
311.27,231.74,400.26,378.21
1,1,269.54,378.21
71.875,71.087,307.34,241.97
249.06,297.89,291.59,378.21
304.19,1,512.88,378.21
327.02,76.6,512.88,268.75
348.29,202.6,512.88,378.21
342.77,208.11,512.88,378.21
234.1,41.95,297.89,167.95
322.3,1,512.88,267.18
1,23.05,112.04,335.69
115.97,71.875,308.12,232.53
175.04,218.35,512.88,378.21
327.02,224.65,512.88,378.21
182.12,1,512.88,378.21
333.32,1,512.88,193.94
225.44,79.75,297.1,178.97
182.12,208.11,316.79,378.21
327.02,95.5,512.88,267.18
424.68,1,504.21,96.287
71.875,79.75,301.04,210.47
438.06,214.41,512.88,375.85
426.25,202.6,512.88,378.21
67.938,1,338.84,378.21
364.04,119.12,435.7,218.35
141.17,1,211.26,43.525
377.43,1,482.95,62.425
204.17,1,339.62,378.21
38.012,14.387,100.22,148.26
83.688,21.475,171.1,179.76
89.2,190,283.71,378.21
203.39,214.41,271.9,297.1
204.17,86.837,322.3,378.21
327.02,76.6,512.88,267.96
182.12,1,492.4,378.21
1,1,308.12,232.53
443.57,1,512.88,352.22
199.45,1,338.84,378.21
164.01,113.61,298.68,207.32
8.875,1,104.16,178.97
78.175,1,254.57,179.76
299.46,209.69,512.88,378.21
358.52,76.6,512.88,286.07
320.72,1,512.88,189.21
289.22,208.11,512.88,378.21
320.72,1,482.16,272.69
90.775,190,283.71,378.21
471.14,235.67,512.88,328.6
67.938,1,339.62,323.09
430.19,95.5,512.88,267.18
238.82,60.062,331.75,305.76
326.24,178.19,490.82,378.21
160.07,81.325,299.46,208.9
327.02,128.57,477.44,258.51
71.875,71.087,307.34,215.99
201.03,214.41,271.9,304.97
345.14,1,389.24,59.275
327.02,1,512.88,267.18
233.31,208.11,320.72,333.32
71.875,160.86,212.84,210.47
330.18,138.81,435.7,225.44
430.97,61.637,482.16,193.94
472.71,132.51,512.88,352.22
93.138,41.95,304.97,232.53
1,290.8,160.07,378.21
238.82,105.74,331.75,305.76
89.987,1,297.89,170.31
289.22,215.2,348.29,378.21
1,1,283.71,378.21
331.75,1,389.24,45.1
465.62,134.88,512.88,218.35
327.02,219.14,434.91,378.21
274.26,28.562,477.44,297.1
1,23.05,147.47,335.69
182.12,210.47,316.79,378.21
175.04,270.32,325.45,378.21
386.09,1,512.88,165.59
149.84,208.11,272.69,378.21
1,134.88,52.975,336.47
349.86,281.35,400.26,357.74
249.06,28.562,318.36,378.21
1,1,115.97,182.12
338.84,8.0875,423.1,80.537
47.462,46.675,170.31,201.81
225.44,79.75,293.16,178.97
90.775,190,227.01,378.21
240.4,295.52,293.16,353.8
182.12,273.47,249.85,378.21
386.88,1,512.88,352.22
349.07,102.59,444.36,272.69
260.88,145.9,301.04,199.45
186.06,79.75,322.3,227.01
249.85,297.1,304.19,378.21
383.72,85.263,445.94,249.06
251.42,81.325,297.1,178.97
322.3,17.537,401.05,156.14
199.45,1,293.16,112.83
207.32,285.29,263.24,378.21
249.06,28.562,319.15,378.21
290.01,1,339.62,323.09
221.5,101.8,266.39,150.62
182.12,269.54,341.2,378.21
1,1,180.55,378.21
241.97,295.52,293.16,353.8
398.69,119.91,512.88,239.61
204.17,270.32,325.45,378.21
386.88,112.83,438.85,249.06
327.02,1,512.88,268.75
38.012,1,267.18,178.97
240.4,277.41,308.91,378.21
147.47,162.44,294.74,210.47
204.17,204.96,322.3,378.21
322.3,1,512.88,288.44
26.2,1,98.65,178.97
104.95,192.36,322.3,378.21
423.89,1,504.21,100.22
430.97,95.5,512.88,259.3
471.14,312.85,512.88,375.85
210.47,1,486.89,207.32
460.11,1,512.88,141.17
393.96,164.8,434.12,219.92
206.54,286.86,288.44,378.21
234.89,71.875,302.61,196.3
430.97,95.5,512.88,267.96
426.25,1,486.89,64.787
186.06,79.75,300.25,207.32
260.88,119.12,301.04,205.75
71.875,71.087,307.34,226.22
162.44,129.36,298.68,193.94
199.45,1,294.74,112.83
330.18,150.62,435.7,223.07
456.18,182.12,503.43,371.12
327.02,223.07,512.88,378.21
321.51,108.89,512.88,378.21
38.012,1,254.57,178.97
326.24,178.19,512.88,378.21
327.02,102.59,444.36,272.69
162.44,152.99,298.68,193.94
338.05,1,486.89,207.32
338.84,15.963,400.26,80.537
221.5,79.75,297.1,178.97
342.77,209.69,487.68,373.49
426.25,1,486.1,64.787
376.64,208.11,423.89,276.62
329.39,325.45,490.82,378.21
434.91,100.22,493.19,292.38
274.26,1,512.88,352.22
201.81,1,322.3,378.21
325.45,237.25,512.88,378.21
434.91,100.22,497.91,292.38
71.875,79.75,322.3,227.01
213.62,284.5,304.97,378.21
377.43,1,468.77,71.875
382.15,197.88,467.99,345.93
212.84,38.012,294.74,110.46
56.913,1,222.29,190.79
71.875,160.86,164.01,208.9
353.01,245.91,466.41,373.49
207.32,208.11,295.52,260.09
375.06,208.11,423.89,309.7
407.35,202.6,512.88,353.01
472.71,134.88,512.88,218.35
377.43,1,486.89,89.987
349.07,124.64,431.76,272.69
212.84,81.325,266.39,149.84
311.27,202.6,512.88,378.21
208.11,291.59,253,378.21
327.02,108.89,384.51,267.96
327.02,234.1,369.55,297.1
201.81,1,339.62,378.21
345.93,101.01,416.01,167.16
1,1,104.16,178.97
1,1,104.16,148.26
199.45,1,293.16,82.112
198.66,204.96,322.3,378.21
207.32,16.75,323.88,378.21
350.65,1,492.4,85.263
193.15,81.325,301.04,207.32
1,134.88,56.913,336.47
204.17,1,292.38,86.837
191.57,166.38,284.5,206.54
249.85,274.26,319.94,378.21
327.02,105.74,512.88,278.2
204.17,1,334.9,86.837
401.84,197.88,449.88,286.07
348.29,225.44,447.51,367.97
204.17,1,339.62,223.86
342.77,233.31,487.68,373.49
304.19,17.537,431.76,262.45
434.91,8.875,482.95,62.425
249.85,286.86,322.3,378.21
176.61,278.2,249.85,335.69
377.43,1,468.77,56.125
89.2,238.82,152.2,330.96
338.05,1,459.32,178.19
241.19,285.29,315.21,353.8
436.49,1,512.88,189.21
457.75,106.52,512.88,259.3
260.88,119.12,301.04,199.45
321.51,108.89,384.51,378.21
56.913,111.25,267.18,221.5
38.012,1,308.12,232.53
321.51,215.2,366.4,378.21
182.12,60.062,341.2,378.21
1,1,101.01,148.26
311.27,1,512.88,378.21
238.82,227.01,319.15,305.76
212.84,1,322.3,378.21
78.175,1,254.57,162.44
241.19,305.76,293.16,362.46
240.4,277.41,321.51,378.21
424.68,1,504.21,86.05
321.51,182.12,512.88,378.21
186.06,152.99,300.25,206.54
193.15,145.9,301.04,207.32
1,155.35,52.975,336.47
202.6,1,293.16,82.112
241.19,132.51,316.79,378.21
251.42,79.75,296.31,178.97
47.462,1,254.57,201.81
1,272.69,112.04,378.21
349.86,237.25,512.88,378.21
182.12,289.22,222.29,367.19
456.96,247.49,497.12,305.76
134.88,198.66,272.69,378.21
382.15,197.88,476.65,358.52
369.55,1,512.88,193.94
456.96,134.09,497.12,342.77
430.97,100.22,512.88,259.3
137.24,214.41,227.01,296.31
328.6,179.76,376.64,262.45
239.61,273.47,325.45,378.21
327.02,197.88,512.88,378.21
67.938,79.75,300.25,226.22
304.19,1,512.88,352.22
56.913,111.25,110.46,192.36
241.19,285.29,315.21,378.21
93.138,70.3,304.97,232.53
311.27,227.8,400.26,378.21
241.19,285.29,297.1,362.46
203.39,210.47,272.69,284.5
56.913,111.25,212.05,221.5
456.18,226.22,497.91,360.1
324.66,219.14,434.91,378.21
201.81,1,492.4,123.06
56.913,111.25,205.75,221.5
332.54,1,512.88,167.16
344.35,19.113,399.47,73.45
325.45,171.89,512.88,378.21
330.18,222.29,388.45,271.11
442,214.41,512.88,378.21
456.18,182.12,512.88,371.12
248.28,79.75,293.16,178.97
249.06,28.562,323.88,378.21
386.88,26.2,486.1,260.09
263.24,210.47,305.76,285.29
236.46,79.75,296.31,178.97
333.32,1,446.72,124.64
376.64,208.11,423.89,278.99
204.96,284.5,304.97,378.21
78.175,1,254.57,164.01
249.85,204.96,322.3,378.21
290.01,1,338.84,378.21
320.72,1,441.21,123.85
326.24,106.52,512.88,292.38
445.94,240.4,508.15,371.91
330.18,138.81,435.7,223.07
471.14,1,512.88,159.29
274.26,118.34,360.89,297.1
329.39,106.52,402.62,223.07
71.875,79.75,300.25,223.86
264.81,195.51,304.97,241.97
327.02,219.14,427.82,378.21
304.19,32.5,397.11,190.79
292.38,1,339.62,285.29
241.19,269.54,341.2,353.8
199.45,1,339.62,378.21
322.3,64.787,389.24,156.14
71.875,160.86,300.25,215.99
450.66,73.45,491.61,174.25
71.875,161.65,195.51,208.11
186.06,152.99,300.25,207.32
421.52,1,492.4,74.237
233.31,1,327.81,333.32
164.01,113.61,298.68,193.94
207.32,268.75,278.99,378.21
201.81,1,389.24,123.06
340.41,1,482.95,62.425
236.46,84.475,288.44,178.97
332.54,14.387,448.3,84.475
327.02,104.95,397.11,264.81
325.45,294.74,366.4,378.21
56.913,1,254.57,201.81
401.05,237.25,449.09,352.22
436.49,1,497.12,189.21
326.24,231.74,400.26,378.21
325.45,293.16,366.4,364.82
336.47,1,423.89,80.537
203.39,71.087,287.65,112.83
325.45,219.92,512.88,378.21
204.96,284.5,253.79,378.21
204.96,234.89,278.2,378.21
77.388,282.93,224.65,378.21
322.3,1,512.88,292.38
199.45,1,297.89,115.97
182.12,212.05,341.2,378.21
228.59,297.89,287.65,378.21
257.72,249.06,300.25,290.01
434.91,157.71,493.19,292.38
157.71,11.237,249.85,162.44
241.19,1,322.3,378.21
326.24,231.74,400.26,357.74
377.43,1,482.95,89.987
203.39,210.47,253,284.5
328.6,178.19,428.61,292.38
323.88,178.19,512.88,378.21
222.29,82.112,264.81,123.06
321.51,197.88,512.88,378.21
338.05,1,468.77,71.875
199.45,1,327.81,378.21
175.04,270.32,336.47,378.21
436.49,157.71,493.19,292.38
115.97,38.012,308.12,232.53
222.29,84.475,293.16,178.97
206.54,285.29,296.31,378.21
199.45,1,297.89,82.112
427.04,248.28,512.88,378.21
264.02,1,313.64,130.15
456.18,171.89,512.88,371.12
402.62,119.91,485.31,239.61
249.85,86.837,322.3,378.21
160.07,152.99,300.25,196.3
204.17,283.71,260.09,378.21
237.25,210.47,305.76,285.29
182.12,289.22,226.22,367.19
123.85,264.81,191.57,334.11
116.76,152.99,301.04,334.9
439.64,135.66,485.31,239.61
338.05,1,403.41,178.19
1,152.99,301.04,378.21
398.69,106.52,512.88,255.36
1,290.8,112.04,378.21
327.02,227.01,512.88,378.21
222.29,79.75,293.95,178.97
330.18,199.45,440.43,344.35
461.69,14.387,505,209.69
67.938,81.325,267.96,193.15
336.47,1,423.1,80.537
471.93,112.04,512.88,267.18
289.22,215.2,354.59,378.21
160.07,163.22,271.9,206.54
456.96,1,512.88,352.22
160.07,17.537,297.89,167.95
176.61,275.84,256.94,340.41
338.05,15.963,400.26,80.537
176.61,270.32,325.45,378.21
203.39,210.47,272.69,260.88
322.3,1,512.88,159.29
249.06,245.12,318.36,378.21
358.52,76.6,449.88,286.07
330.18,185.28,461.69,352.22
162.44,124.64,267.18,177.4
160.07,81.325,304.97,232.53
456.18,226.22,503.43,360.1
307.34,138.81,360.89,297.1
199.45,1,286.86,70.3
204.17,1,267.18,74.237
460.9,60.85,512.88,124.64
333.32,37.225,439.64,124.64
145.11,208.11,272.69,378.21
336.47,256.15,400.26,357.74
407.35,202.6,512.88,371.91
47.462,142.75,161.65,201.81
459.32,1,512.88,164.01
325.45,227.01,512.88,378.21
364.82,21.475,416.01,76.6
327.02,232.53,427.82,378.21
349.86,237.25,439.64,378.21
390.02,197.88,449.88,286.07
327.02,105.74,512.88,288.44
251.42,275.05,315.21,330.96
199.45,1,293.16,115.97
1,1,115.97,178.97
239.61,274.26,304.97,375.85
325.45,293.16,366.4,378.21
350.65,1,482.95,62.425
274.26,32.5,477.44,297.1
326.24,231.74,400.26,363.25
1,134.88,191.57,378.21
90.775,190,271.9,378.21
355.38,104.95,416.01,173.46
249.85,204.96,319.94,378.21
406.56,202.6,512.88,371.91
204.17,1,335.69,223.86
434.12,61.637,482.16,193.94
163.22,71.875,302.61,210.47
199.45,1,327.81,333.32
345.93,1,512.88,167.16
253,307.34,305.76,378.21
246.7,38.012,302.61,208.9
202.6,1,294.74,83.688
261.66,245.12,315.21,312.06
241.19,16.75,323.88,378.21
241.19,322.3,292.38,362.46
147.47,164.8,212.84,210.47
221.5,101.8,266.39,149.84
212.05,80.537,282.14,163.22
160.07,17.537,235.67,162.44
38.012,1,171.1,178.97
327.02,61.637,482.16,272.69
162.44,17.537,235.67,162.44
434.12,248.28,512.88,375.85
324.66,297.1,494.76,378.21
22.262,2.575,85.263,72.662
366.4,156.14,409.71,215.99
67.938,137.24,267.96,226.22
353.01,249.85,438.85,373.49
202.6,1,286.86,70.3
86.837,188.42,149.05,274.26
204.17,273.47,325.45,378.21
162.44,123.85,299.46,208.9
241.97,229.38,301.04,291.59
460.11,169.53,512.88,328.6
76.6,188.42,191.57,367.97
210.47,1,339.62,74.237
320.72,8.0875,423.1,111.25
201.81,1,286.07,80.537
442.79,100.22,512.88,259.3
1,1,115.97,72.662
379.79,112.83,456.96,249.06
436.49,61.637,497.12,189.21
441.21,157.71,493.19,260.88
299.46,215.2,434.91,378.21
456.18,182.12,497.91,360.1
145.11,1,254.57,162.44
228.59,304.97,284.5,362.46
89.987,15.175,189.21,170.31
386.88,1,429.4,42.737
237.25,210.47,316.79,330.96
368.76,1,482.95,62.425
228.59,291.59,287.65,378.21
434.91,1,482.95,62.425
423.89,1,497.91,86.837
326.24,106.52,431.76,262.45
56.913,1,267.18,190.79
320.72,1,423.89,110.46
383.72,89.987,438.85,249.06
367.19,233.31,419.95,373.49
210.47,1,345.14,198.66
274.26,32.5,397.11,297.1
330.18,146.69,435.7,223.07
370.34,67.938,416.01,153.78
392.39,102.59,444.36,231.74
146.69,129.36,298.68,193.94
266.39,204.96,309.7,274.26
304.19,17.537,401.05,164.8
382.15,102.59,444.36,231.74
202.6,1,294.74,104.16
115.97,71.875,302.61,210.47
212.84,38.012,294.74,88.412
367.97,150.62,435.7,220.71
77.388,282.93,180.55,367.97
212.05,41.95,297.89,167.95
333.32,104.95,397.11,145.11
334.9,1,503.43,97.862
365.61,178.19,419.16,293.95
460.11,1,512.88,164.01
208.9,1,289.22,74.237
445.94,240.4,512.88,371.91
349.86,225.44,442.79,367.97
325.45,241.19,404.99,367.19
115.97,156.92,298.68,208.11
424.68,14.387,505,209.69
241.19,285.29,308.12,334.9
178.19,208.11,272.69,284.5
266.39,28.562,316.79,249.06
379.79,106.52,512.88,259.3
1,23.05,72.662,192.36
71.875,161.65,212.84,210.47
202.6,1,294.74,112.83
249.85,297.1,303.4,356.95
325.45,295.52,366.4,378.21
1,1,135.66,148.26
233.31,1,339.62,323.09
423.89,5.725,475.86,86.837
472.71,119.91,512.88,352.22
460.9,1,512.88,159.29
56.913,142.75,161.65,201.81
246.7,38.012,294.74,123.06
204.96,273.47,249.85,378.21
456.96,207.32,512.88,304.97
365.61,178.19,419.16,292.38
1,1,267.18,335.69
90.775,21.475,171.1,178.97
327.02,76.6,397.9,267.96
237.25,182.12,300.25,223.86
227.01,80.537,282.14,149.05
241.19,132.51,322.3,378.21
241.19,28.562,323.88,378.21
404.2,237.25,449.09,352.22
33.288,1,101.01,148.26
278.2,105.74,331.75,278.99
201.81,1,286.07,123.06
8.0875,308.12,52.188,362.46
193.15,79.75,301.04,207.32
228.59,210.47,316.79,378.21
86.837,178.19,149.05,301.82
382.15,237.25,439.64,378.21
421.52,8.875,482.95,74.237
326.24,178.19,419.16,368.76
264.02,1,389.24,64
206.54,285.29,288.44,378.21
375.85,8.0875,423.1,73.45
233.31,195.51,300.25,290.01
273.47,86.837,322.3,227.01
366.4,145.9,431.76,230.95
398.69,119.91,512.88,255.36
160.07,157.71,298.68,208.11
213.62,284.5,253.79,378.21
379.79,112.83,465.62,249.06
377.43,1,471.93,56.125
442,42.737,491.61,141.96
26.2,1,104.16,178.97
430.97,127.79,477.44,231.74
249.06,245.12,315.21,378.21
325.45,253,404.2,367.19
234.1,209.69,301.04,291.59
1,1,115.97,89.987
260.88,227.01,319.15,305.76
204.17,209.69,301.04,378.21
264.02,1,334.9,64
377.43,1,449.09,42.737
78.175,1,171.1,155.35
203.39,214.41,255.36,279.77
182.12,278.99,223.07,367.19
56.913,21.475,171.1,190.79
392.39,112.83,435.7,219.14
1,30.925,72.662,192.36
210.47,1,334.9,74.237
383.72,85.263,449.88,286.07
386.09,1,512.88,145.9
208.11,303.4,253,350.65
386.88,26.2,486.1,167.16
293.16,1,334.9,71.875
263.24,247.49,305.76,288.44
329.39,106.52,431.76,236.46
379,1,482.95,89.987
279.77,105.74,328.6,256.15
56.913,151.41,149.05,201.81
8.875,1,85.263,72.662
115.97,161.65,260.09,210.47
394.75,34.862,512.88,129.36
162.44,130.15,298.68,193.94
424.68,1,512.88,209.69
412.07,1,492.4,74.237
104.95,192.36,301.04,291.59
438.06,209.69,512.88,375.85
210.47,1,339.62,198.66
8.875,1,115.97,72.662
201.81,1,286.07,86.837
338.05,1,503.43,97.862
327.02,105.74,491.61,262.45
204.96,319.15,252.21,378.21
299.46,215.2,466.41,378.21
241.19,269.54,315.21,353.8
324.66,297.89,386.09,378.21
349.86,243.55,437.27,367.97
162.44,130.94,298.68,193.94
90.775,21.475,171.1,155.35
56.913,161.65,149.05,201.81
186.06,152.99,300.25,196.3
201.03,214.41,271.9,297.1
22.262,1,104.16,178.97
333.32,56.125,374.27,121.49
237.25,123.85,299.46,198.66
104.95,79.75,164.01,162.44
199.45,1,290.8,79.75
149.84,308.91,224.65,378.21
161.65,17.537,235.67,162.44
439.64,1,497.12,159.29
160.07,71.875,302.61,210.47
199.45,1,293.16,79.75
264.02,1,313.64,138.03
383.72,112.83,438.85,249.06
251.42,272.69,316.79,330.96
292.38,1,334.9,285.29
409.71,158.5,477.44,258.51
71.875,164.8,212.84,210.47
164.01,79.75,298.68,207.32
450.66,73.45,491.61,148.26
264.02,1,389.24,75.812
336.47,1,416.01,80.537
329.39,129.36,369.55,223.07
72.662,1,222.29,124.64
401.84,197.88,467.99,286.07
182.91,124.64,267.18,165.59
322.3,1,512.88,164.01
330.18,185.28,440.43,344.35
369.55,14.387,441.21,123.85
364.82,23.05,416.01,76.6
56.913,111.25,110.46,190.79
220.71,219.14,271.9,297.1
201.81,1,263.24,80.537
124.64,1,262.45,97.075
233.31,97.075,324.66,290.01
377.43,1,492.4,74.237
330.96,293.95,386.09,368.76
266.39,204.96,312.06,287.65
239.61,305.76,293.16,375.85
1,317.57,52.188,362.46
92.35,125.42,137.24,178.97
56.913,111.25,152.99,195.51
1,1,119.91,148.26
241.19,285.29,297.1,378.21
406.56,233.31,487.68,360.89
379,1,449.09,89.987
377.43,1,429.4,42.737
423.89,5.725,480.59,86.837
326.24,237.25,386.09,368.76
147.47,162.44,300.25,215.99
465.62,130.15,512.88,222.29
38.012,1,119.91,148.26
376.64,208.11,423.89,284.5
325.45,237.25,449.09,367.19
201.81,1,267.96,80.537
149.84,292.38,208.11,378.21
424.68,11.237,476.65,68.725
423.89,1,502.64,86.837
460.11,29.35,512.88,112.83
370.34,67.938,416.01,138.81
234.1,209.69,278.99,260.09
382.15,243.55,437.27,367.97
330.18,211.26,407.35,344.35
333.32,14.387,441.21,123.85
249.85,286.86,306.55,378.21
328.6,178.19,419.16,292.38
369.55,1,486.1,193.94
90.775,21.475,171.1,159.29
438.06,214.41,506.57,319.94
234.1,94.712,288.44,167.95
160.07,70.3,304.97,232.53
342.77,209.69,512.88,378.21
234.89,38.012,308.12,232.53
147.47,162.44,300.25,210.47
292.38,1,334.9,64
67.938,121.49,267.96,226.22
424.68,1,485.31,86.05
204.96,269.54,341.2,378.21
353.01,242.76,466.41,373.49
392.39,112.83,435.7,219.92
249.06,295.52,291.59,378.21
352.22,34.862,397.11,147.47
202.6,1,293.16,79.75
1,134.88,64.787,336.47
56.913,1,249.85,190.79
115.97,156.92,192.36,201.03
212.84,1,286.07,86.837
330.18,128.57,477.44,258.51
358.52,76.6,398.69,268.75
147.47,169.53,212.84,210.47
1,2.575,75.812,60.85
389.24,158.5,434.12,219.92
322.3,64.787,401.05,156.14
460.11,169.53,512.88,352.22
274.26,225.44,320.72,333.32
402.62,119.91,512.88,239.61
182.12,289.22,223.07,367.19
427.04,248.28,512.88,375.85
67.938,141.96,267.96,193.15
115.97,156.92,192.36,209.69
228.59,291.59,291.59,378.21
72.662,1,115.97,45.887
466.41,34.862,512.88,124.64
466.41,106.52,512.88,259.3
1,163.22,52.975,336.47
322.3,65.575,398.69,122.27
126.21,161.65,260.09,210.47
334.11,32.5,387.66,169.53
224.65,80.537,282.14,155.35
340.41,15.963,381.36,59.275
28.562,187.64,112.04,335.69
208.11,291.59,253,350.65
338.84,35.65,421.52,80.537
364.04,119.12,435.7,232.53
426.25,119.12,491.61,245.12
206.54,36.438,262.45,97.075
234.1,81.325,294.74,167.95
447.51,106.52,512.88,259.3
202.6,1,290.8,79.75
456.18,219.92,512.88,371.12
224.65,1,334.9,71.875
349.86,225.44,437.27,367.97
1,23.05,72.662,336.47
222.29,79.75,293.16,178.97
349.86,225.44,447.51,367.97
394.75,14.387,448.3,74.237
279.77,109.67,328.6,256.15
377.43,1,492.4,85.263
274.26,152.99,316,274.26
289.22,215.2,348.29,365.61
240.4,277.41,304.97,378.21
407.35,202.6,512.88,304.97
202.6,18.325,293.16,82.112
278.2,105.74,328.6,256.15
322.3,17.537,401.05,164.8
238.82,71.087,307.34,198.66
93.138,164.01,196.3,209.69
333.32,1,441.21,123.85
329.39,104.95,397.11,264.81
353.01,249.85,462.47,373.49
145.11,208.9,204.96,280.56
253,337.26,305.76,378.21
89.987,1,262.45,170.31
382.15,253,432.55,378.21
107.31,28.562,171.1,155.35
201.03,214.41,255.36,291.59
431.76,42.737,486.1,141.96
456.96,1,512.88,342.77
402.62,119.91,479.01,260.09
263.24,132.51,316.79,285.29
353.01,249.85,466.41,373.49
327.81,237.25,369.55,306.55
233.31,208.11,300.25,290.01
330.18,150.62,379.79,241.97
157.71,11.237,235.67,162.44
402.62,119.91,445.94,207.32
330.18,211.26,388.45,271.11
164.01,152.99,298.68,193.94
207.32,291.59,253,378.21
456.96,131.72,497.91,342.77
38.012,15.963,98.65,178.97
186.06,166.38,238.82,206.54
261.66,178.19,304.97,232.53
228.59,291.59,295.52,378.21
38.012,1,101.01,148.26
351.44,156.14,402.62,223.07
326.24,294.74,366.4,343.56
202.6,1,294.74,90.775
450.66,34.862,512.88,124.64
288.44,1,334.9,71.875
118.34,264.81,191.57,334.11
220.71,152.99,300.25,193.94
90.775,28.562,171.1,155.35
392.39,112.83,442,231.74
141.17,1,196.3,43.525
327.02,253,404.2,367.19
332.54,106.52,387.66,169.53
251.42,245.12,315.21,330.96
292.38,1,334.9,75.812
456.18,226.22,512.88,371.12
38.012,15.963,137.24,178.97
116.76,152.99,301.04,208.9
443.57,1,512.88,208.11
238.04,41.95,293.95,104.95
106.52,240.4,147.47,301.82
338.84,8.0875,423.1,62.425
241.19,283.71,315.21,378.21
465.62,115.97,512.88,255.36
233.31,208.11,278.2,288.44
386.88,112.83,456.96,249.06
451.45,315.21,498.7,371.91
263.24,132.51,316.79,291.59
336.47,1,381.36,80.537
327.02,262.45,427.82,378.21
94.712,1,135.66,96.287
76.6,264.81,191.57,367.97
338.05,1,482.95,97.862
38.012,2.575,100.22,148.26
394.75,1,512.88,159.29
365.61,178.19,416.8,292.38
213.62,1,292.38,86.837
330.18,150.62,379.79,228.59
327.02,312.85,386.09,378.21
263.24,249.06,319.15,305.76
237.25,166.38,284.5,206.54
465.62,130.15,512.88,229.38
162.44,195.51,272.69,284.5
234.89,38.012,302.61,208.9
338.05,1,389.24,59.275
201.03,11.237,262.45,97.075
389.24,158.5,434.12,224.65
377.43,1,449.09,56.125
204.17,283.71,285.29,378.21
327.02,119.12,435.7,263.24
434.91,8.875,476.65,62.425
241.19,305.76,292.38,362.46
238.82,70.3,293.95,135.66
452.24,1,497.12,159.29
149.84,208.11,249.85,378.21
423.89,42.737,486.1,165.59
366.4,145.9,431.76,236.46
378.21,178.19,419.16,292.38
327.02,253,388.45,350.65
386.09,20.688,512.88,145.9
275.84,132.51,316.79,256.15
465.62,115.97,512.88,229.38
334.11,32.5,397.11,190.79
160.07,166.38,298.68,208.11
191.57,166.38,298.68,206.54
17.537,2.575,85.263,72.662
1,272.69,224.65,378.21
399.47,325.45,490.82,378.21
233.31,208.9,300.25,290.01
274.26,138.81,360.89,297.1
329.39,106.52,384.51,223.07
327.02,123.06,375.85,263.24
202.6,1,286.86,69.513
345.93,101.01,386.88,156.14
441.21,95.5,512.88,267.18
224.65,1,299.46,62.425
220.71,152.99,298.68,193.94
330.96,106.52,387.66,190
96.287,125.42,145.9,170.31
386.88,119.12,435.7,193.94
167.95,166.38,284.5,206.54
149.84,308.91,204.96,378.21
431.76,42.737,491.61,141.96
345.14,1,468.77,71.875
116.76,152.99,301.04,284.5
375.06,150.62,435.7,220.71
326.24,249.06,386.09,368.76
338.84,15.963,400.26,62.425
1,4.9375,44.312,75.812
204.17,1,263.24,74.237
251.42,79.75,293.16,135.66
326.24,179.76,376.64,262.45
406.56,45.887,459.32,151.41
333.32,104.95,423.1,186.06
330.18,128.57,435.7,252.21
443.57,29.35,512.88,208.11
451.45,251.42,508.15,371.91
366.4,156.14,409.71,211.26
344.35,35.65,419.16,80.537
344.35,14.387,448.3,79.75
390.02,201.81,440.43,260.88
263.24,224.65,305.76,288.44
89.987,15.175,170.31,124.64
160.07,166.38,284.5,206.54
375.06,150.62,431.76,220.71
251.42,245.12,315.21,328.6
365.61,178.19,410.5,292.38
451.45,293.95,508.15,371.91
415.22,202.6,461.69,293.95
204.17,275.84,256.94,340.41
201.03,214.41,255.36,279.77
88.412,125.42,145.9,182.12
119.91,164.8,212.84,210.47
246.7,38.012,294.74,88.412
424.68,16.75,469.56,86.05
324.66,297.1,386.09,378.21
310.49,142.75,360.89,297.1
386.88,26.2,428.61,167.16
1,1,86.05,75.812
328.6,179.76,386.09,262.45
409.71,158.5,454.6,245.12
386.09,63.212,428.61,133.3
332.54,17.537,399.47,84.475
67.938,179.76,260.09,226.22
394.75,1,512.88,151.41
249.06,307.34,297.1,362.46
304.19,41.163,350.65,167.16
334.9,150.62,435.7,223.07
237.25,152.99,298.68,193.94
249.06,224.65,318.36,378.21
206.54,287.65,288.44,378.21
326.24,256.15,400.26,357.74
322.3,64.787,374.27,122.27
89.2,188.42,152.2,288.44
451.45,315.21,512.88,378.21
67.938,137.24,267.96,209.69
456.96,131.72,497.12,342.77
234.89,71.875,302.61,191.57
394.75,71.087,454.6,129.36
327.02,302.61,427.82,378.21
124.64,1,211.26,43.525
448.3,157.71,493.19,260.88
28.562,178.19,149.05,335.69
460.11,34.862,512.88,124.64
370.34,45.887,459.32,176.61
344.35,14.387,448.3,74.237
434.12,61.637,475.86,193.94
330.18,128.57,435.7,241.97
461.69,49.038,509.72,112.83
442,248.28,512.88,375.85
1,4.9375,44.312,72.662
38.012,2.575,101.01,148.26
213.62,284.5,297.1,362.46
251.42,79.75,293.16,178.97
377.43,1,468.77,42.737
451.45,327.81,498.7,371.91
332.54,105.74,443.57,169.53
239.61,302.61,293.16,375.85
202.6,12.812,290.01,79.75
160.07,123.85,299.46,208.9
415.22,202.6,512.88,304.97
332.54,105.74,491.61,245.12
322.3,64.787,389.24,122.27
365.61,158.5,407.35,271.11
406.56,45.887,459.32,166.38
327.02,249.85,512.88,378.21
330.96,106.52,384.51,190
349.07,124.64,407.35,271.11
1,134.88,160.07,378.21
352.22,18.325,403.41,178.19
336.47,281.35,400.26,357.74
333.32,104.95,418.38,186.06
160.07,152.99,301.04,208.9
353.01,249.85,453.02,373.49
376.64,208.11,423.89,270.32
72.662,1,119.91,81.325
119.91,167.16,196.3,209.69
89.2,188.42,149.05,274.26
456.96,247.49,506.57,319.94
213.62,284.5,253.79,337.26
423.89,1,482.95,72.662
424.68,1,482.95,68.725
157.71,17.537,235.67,162.44
202.6,1,293.16,83.688
201.03,1,262.45,97.075
261.66,253.79,315.21,312.06
349.07,104.95,416.01,186.06
406.56,233.31,456.18,319.15
405.77,45.887,459.32,176.61
182.91,208.11,230.16,296.31
423.89,5.725,471.14,86.05
237.25,166.38,298.68,206.54
393.18,119.12,491.61,245.12
293.16,30.137,334.9,71.875
367.19,233.31,487.68,373.49
104.95,21.475,171.1,162.44
445.15,157.71,493.19,260.88
386.09,63.212,434.91,133.3
124.64,1,190.79,42.737
353.01,327.81,424.68,373.49
236.46,84.475,293.16,178.97
322.3,65.575,398.69,125.42
203.39,210.47,253,260.88
423.89,11.237,476.65,72.662
239.61,336.47,288.44,378.21
72.662,1,119.91,97.862
241.97,302.61,292.38,353.8
145.9,161.65,192.36,207.32
234.1,94.712,287.65,167.95
208.9,1,286.86,69.513
322.3,65.575,389.24,122.27
251.42,275.05,315.21,328.6
338.84,15.963,381.36,60.062
406.56,233.31,456.18,360.89
441.21,95.5,485.31,253.79
86.837,188.42,149.05,301.82
149.84,308.91,208.11,378.21
327.02,123.06,367.97,263.24
137.24,214.41,204.96,288.44
214.41,152.99,298.68,193.94
333.32,104.95,416.01,186.06
160.07,161.65,262.45,207.32
124.64,1,222.29,43.525
206.54,285.29,282.14,378.21
251.42,245.12,315.21,312.06
249.06,303.4,297.1,362.46
338.05,12.812,423.1,82.112
394.75,34.862,512.88,151.41
234.1,116.76,287.65,167.95
409.71,158.5,477.44,251.42
443.57,73.45,491.61,208.11
1,308.12,52.188,362.46
423.89,1,502.64,100.22
451.45,293.95,498.7,371.91
352.22,18.325,397.11,147.47
160.07,167.16,262.45,208.11
228.59,297.89,287.65,362.46
227.01,1,286.07,71.087
443.57,115.19,486.1,208.11
390.02,199.45,440.43,260.88
465.62,134.88,508.94,222.29
460.11,49.038,509.72,112.83
340.41,1,389.24,59.275
322.3,65.575,399.47,125.42
367.19,273.47,419.95,373.49
227.01,1,292.38,62.425
327.02,179.76,410.5,262.45
438.06,214.41,506.57,359.31
355.38,104.95,397.11,145.11
338.84,35.65,419.16,80.537
332.54,105.74,443.57,176.61
380.57,1,482.95,97.862
386.09,42.737,491.61,141.96
460.11,60.85,512.88,141.17
460.11,206.54,512.88,328.6
406.56,236.46,451.45,319.15
215.2,152.99,301.04,208.9
345.14,1,387.66,59.275
249.06,316,297.1,362.46
390.02,152.2,435.7,220.71
145.11,214.41,204.96,280.56
380.57,19.9,428.61,89.987
379,208.11,423.89,249.85
78.175,1,149.84,124.64
338.84,15.963,381.36,80.537
310.49,179.76,360.89,297.1
234.89,80.537,288.44,167.16
96.287,79.75,189.21,170.31
77.388,264.81,191.57,367.97
1,4.9375,44.312,64.787
141.17,1,190.79,42.737
206.54,273.47,249.85,323.88
327.02,312.85,368.76,378.21
423.89,1,482.95,80.537
325.45,295.52,366.4,364.82
182.91,208.11,249.85,305.76
349.07,124.64,395.54,201.03
206.54,287.65,253.79,378.21
238.04,41.95,297.89,165.59
124.64,1,222.29,42.737
340.41,15.963,381.36,80.537
379,1,429.4,42.737
116.76,161.65,192.36,207.32
237.25,123.85,299.46,208.9
271.11,253.79,315.21,312.06
349.07,128.57,395.54,201.03
72.662,137.24,267.96,182.91
72.662,7.3,146.69,124.64
233.31,208.9,278.2,288.44
423.89,1,482.95,75.025
241.19,80.537,282.14,135.66
369.55,14.387,465.62,193.94
124.64,1,222.29,81.325
197.88,208.11,272.69,284.5
471.14,246.7,512.88,328.6
204.96,273.47,249.85,341.2
123.85,264.81,191.57,334.9
96.287,89.2,189.21,170.31
386.88,1,449.09,42.737
471.14,206.54,512.88,328.6
375.06,158.5,431.76,220.71
358.52,105.74,443.57,162.44
1,163.22,56.913,336.47
345.14,12.812,423.1,72.662
382.15,327.81,424.68,373.49
430.97,119.12,491.61,231.74
377.43,1,449.09,71.875
327.02,179.76,383.72,262.45
375.06,138.81,435.7,238.82
345.14,12.812,423.1,82.112
118.34,214.41,227.01,334.9
358.52,108.89,406.56,162.44
398.69,105.74,443.57,158.5
379,1,449.09,42.737
363.25,18.325,423.1,72.662
157.71,17.537,235.67,159.29
334.11,67.938,389.24,122.27
104.95,89.2,189.21,162.44
160.07,164.8,238.82,206.54
310.49,179.76,360.89,262.45
375.06,150.62,435.7,238.82
8.0875,317.57,52.188,362.46
111.25,308.91,224.65,378.21
15.963,2.575,75.812,60.85
330.18,128.57,379.79,241.97
89.2,188.42,152.2,277.41
15.963,5.725,75.812,60.85
411.29,71.875,454.6,129.36
182.91,244.34,227.01,296.31
327.02,312.85,396.32,378.21
423.89,1,482.95,74.237
407.35,71.875,454.6,129.36
160.07,164.8,219.92,205.75
104.95,92.35,164.01,162.44
238.04,41.95,296.31,134.09
390.02,150.62,435.7,220.71
465.62,130.15,509.72,222.29
465.62,150.62,508.94,218.35
72.662,7.3,134.09,96.287
424.68,14.387,469.56,68.725
334.11,71.875,387.66,169.53
118.34,264.81,191.57,334.9
466.41,75.025,509.72,121.49
424.68,14.387,476.65,68.725
466.41,60.85,509.72,121.49
465.62,134.88,508.94,218.35
336.47,161.65,379.79,228.59
215.2,167.16,299.46,208.9
38.012,52.975,100.22,148.26
162.44,17.537,235.67,159.29
72.662,7.3,119.91,81.325
89.987,15.175,146.69,124.64
