1,1,233.99,342.29
90.062,1,512.58,87.925
1,1,512.58,342.29
172.71,1,512.58,342.29
1,1,326.61,342.29
328.04,173.43,494.05,342.29
163.45,23.8,339.44,169.86
43.038,77.237,87.213,201.21
216.89,1,512.58,80.088
1,1,463.41,342.29
335.16,41.613,512.58,109.3
222.59,23.8,339.44,73.675
399.29,190.53,512.58,342.29
216.89,1,512.58,115
43.038,1,226.86,241.83
106.45,1,512.58,342.29
48.025,1,512.58,342.29
313.79,98.612,512.58,342.29
1,1,283.15,342.29
164.88,92.913,244.68,150.62
107.16,144.21,226.15,342.29
48.025,1,474.81,97.188
196.94,142.08,264.62,342.29
1,1,288.14,342.29
112.15,57.288,223.3,342.29
216.89,1,469.82,201.21
33.775,1,512.58,75.1
313.07,1,512.58,80.088
106.45,28.788,226.15,342.29
196.94,142.08,383.61,342.29
222.59,1,512.58,204.78
163.45,23.8,383.61,342.29
100.75,28.788,326.61,342.29
213.33,23.8,339.44,100.75
222.59,98.612,270.32,157.75
38.05,81.513,137.8,342.29
1,15.963,87.213,320.2
224.72,23.8,327.32,73.675
106.45,28.788,385.04,342.29
162.03,28.075,512.58,342.29
233.99,50.163,418.53,201.93
399.29,190.53,494.05,342.29
162.74,44.462,512.58,342.29
106.45,28.788,225.44,342.29
231.14,22.375,327.32,71.538
1,15.963,52.3,320.2
1,172,104.31,342.29
243.25,53.013,425.65,204.78
38.763,1,283.15,342.29
1,1,194.8,342.29
365.09,187.68,512.58,342.29
163.45,1,512.58,342.29
284.57,238.97,345.14,305.24
1,1,223.3,342.29
172,90.062,512.58,342.29
243.25,53.725,469.82,201.21
163.45,25.225,383.61,342.29
407.12,1,512.58,191.95
49.45,176.99,120.7,226.15
400.71,186.96,512.58,303.1
133.53,28.788,276.03,228.29
399.29,190.53,489.06,310.94
222.59,1,512.58,342.29
33.775,1,512.58,197.65
216.89,1,512.58,82.225
261.78,177.7,385.04,342.29
33.775,1,512.58,342.29
38.05,176.99,137.8,342.29
88.638,1,512.58,196.22
333.74,14.537,430.64,59.425
164.16,150.62,225.44,342.29
231.85,168.44,335.88,305.24
388.6,95.05,488.35,160.6
172.71,175.56,385.04,342.29
100.75,28.788,226.15,342.29
220.45,142.08,494.05,342.29
142.79,57.288,223.3,225.44
243.25,51.587,426.36,201.21
196.94,141.36,383.61,342.29
127.11,80.8,191.95,342.29
189.81,137.8,297.4,342.29
414.96,80.088,512.58,196.22
414.96,77.237,512.58,196.22
35.2,224.72,104.31,335.88
216.89,1,512.58,342.29
157.04,146.35,221.88,342.29
289.56,220.45,362.95,305.24
1,1,129.96,342.29
400.71,172.71,512.58,303.1
107.16,159.89,226.15,342.29
286,282.44,350.12,342.29
220.45,142.08,362.95,330.89
1,1,137.8,342.29
129.25,32.35,233.99,224.72
106.45,164.16,164.16,328.75
90.062,1,512.58,92.2
186.96,80.8,328.04,342.29
90.062,1,192.66,48.025
164.16,77.237,224.01,144.93
178.41,102.17,238.26,149.91
1,1,96.475,342.29
1,1,146.35,342.29
444.89,31.637,512.58,87.925
243.25,52.3,512.58,342.29
243.25,53.725,426.36,201.21
106.45,164.16,177.7,342.29
163.45,33.062,263.2,157.04
1,1,194.8,208.34
1,1,227.58,342.29
164.16,56.575,263.2,157.04
400.71,186.96,512.58,298.82
407.12,1,512.58,196.22
261.78,193.38,393.59,342.29
127.11,80.8,191.95,226.86
45.175,16.675,227.58,242.54
196.94,142.08,309.51,342.29
221.88,25.225,281.01,73.675
164.88,128.54,214.04,177.7
48.738,129.25,146.35,240.4
261.78,204.78,385.04,342.29
220.45,142.08,276.03,257.5
313.79,186.96,419.24,342.29
1,17.387,42.325,240.4
278.16,177.7,385.04,342.29
243.25,1,512.58,342.29
330.89,193.38,385.04,298.11
216.89,1,458.43,133.53
325.9,264.62,372.21,318.78
431.35,102.89,512.58,166.3
347.99,187.68,512.58,342.29
261.78,204.78,388.6,342.29
1,1,97.188,342.29
95.763,20.95,234.7,105.74
216.89,56.575,263.2,100.75
88.638,1,512.58,87.925
421.38,97.188,512.58,196.94
263.91,176.99,357.25,317.35
243.25,52.3,431.35,204.78
289.56,204.78,385.04,339.44
399.29,198.36,493.34,342.29
335.88,204.78,385.04,303.81
172.71,28.075,462.7,342.29
239.69,189.1,309.51,313.79
231.14,15.25,383.61,71.538
241.11,51.587,512.58,342.29
232.56,1,512.58,80.088
172.71,177.7,385.04,342.29
1,137.09,48.738,273.18
373.64,1,512.58,342.29
223.3,141.36,370.79,305.24
133.53,28.788,276.03,220.45
143.5,57.288,223.3,225.44
225.44,156.33,281.73,263.2
222.59,97.188,270.32,157.75
87.925,95.763,129.25,166.3
420.66,68.688,512.58,196.22
164.88,87.925,276.03,169.15
138.51,63.7,191.95,183.4
415.68,98.612,512.58,194.8
335.16,1,512.58,196.94
129.25,32.35,233.99,342.29
87.213,96.475,129.96,191.95
241.11,51.587,405.7,197.65
447.74,112.86,512.58,191.24
196.94,147.78,255.36,321.62
201.21,142.08,367.94,342.29
172,90.062,339.44,342.29
1,16.675,46.6,256.08
321.62,10.975,447.74,97.188
44.462,18.812,288.14,287.43
313.07,1,512.58,109.3
324.48,172.71,512.58,342.29
243.96,255.36,377.2,342.29
48.025,1,320.2,75.1
194.09,80.8,328.04,342.29
313.07,14.537,429.21,63.7
243.96,255.36,350.12,342.29
1,1,66.55,342.29
163.45,156.33,219.03,225.44
194.09,80.8,294.55,342.29
49.45,176.99,112.86,226.15
241.11,51.587,426.36,201.21
388.6,1,512.58,342.29
44.462,18.812,234.7,207.62
163.45,77.237,273.89,169.86
373.64,42.325,506.88,83.65
33.775,1,328.04,63.7
223.3,141.36,385.04,342.29
461.28,31.637,512.58,113.58
222.59,14.537,432.78,158.46
222.59,14.537,429.21,73.675
90.062,1,191.95,48.738
415.68,31.637,512.58,196.22
417.81,1,490.49,72.963
163.45,33.062,326.61,157.04
219.74,229,262.49,342.29
324.48,97.188,512.58,342.29
268.19,179.12,367.23,313.79
194.09,41.613,326.61,112.15
298.11,53.725,431.35,149.91
318.06,204.78,385.04,303.81
324.48,186.96,512.58,342.29
432.78,127.83,512.58,191.95
18.812,55.15,60.85,342.29
115.71,57.288,223.3,342.29
379.34,187.68,463.41,325.19
228.29,1,512.58,75.1
156.33,112.15,221.88,342.29
261.78,187.68,512.58,342.29
261.78,201.93,417.81,342.29
243.96,185.54,297.4,315.21
115.71,129.25,177.7,342.29
372.21,41.613,512.58,109.3
1,160.6,115,342.29
232.56,1,458.43,63.7
233.99,50.163,512.58,342.29
164.16,77.237,273.89,169.86
186.96,80.8,385.04,342.29
219.74,290.99,276.74,342.29
48.025,177.7,104.31,248.24
295.98,255.36,350.12,342.29
106.45,164.16,184.83,342.29
48.025,1,474.81,80.088
95.763,20.95,208.34,93.625
163.45,33.062,385.04,342.29
1,16.675,46.6,342.29
233.99,50.875,331.6,102.89
231.85,168.44,338.01,305.24
289.56,240.4,333.74,305.24
225.44,156.33,297.4,315.21
90.062,1,512.58,196.22
107.16,159.89,191.24,342.29
382.9,234.7,468.4,342.29
356.54,1,512.58,342.29
1,17.387,42.325,159.89
196.94,28.075,271.75,103.6
1,160.6,42.325,342.29
243.96,185.54,311.65,315.21
163.45,25.225,281.01,174.85
1,17.387,42.325,266.76
373.64,1,488.35,54.438
333.74,55.15,462.7,104.31
399.29,198.36,494.05,342.29
157.04,149.2,226.15,342.29
419.24,1,474.1,79.375
214.04,229,323.05,342.29
49.45,241.83,103.6,342.29
189.81,137.8,261.06,318.06
220.45,142.08,383.61,342.29
164.88,95.05,249.66,149.91
233.99,25.225,275.31,73.675
347.99,92.913,512.58,342.29
213.33,56.575,263.2,100.75
402.85,1,512.58,342.29
268.19,53.725,326.61,104.31
161.31,87.925,276.03,217.6
383.61,289.56,466.98,342.29
243.96,255.36,385.04,342.29
172.71,186.96,226.15,342.29
289.56,192.66,362.95,305.24
372.21,41.613,506.88,82.225
219.74,226.86,294.55,342.29
1,1,50.875,159.89
253.94,177.7,362.95,313.07
239.69,214.75,309.51,313.79
356.54,139.22,512.58,342.29
164.16,33.062,263.2,157.04
162.74,100.75,263.91,152.05
48.025,16.675,194.8,208.34
162.03,28.075,271.75,152.05
286,282.44,360.81,342.29
379.34,187.68,466.98,342.29
233.99,50.875,408.55,197.65
107.16,207.62,152.05,342.29
333.74,55.15,512.58,342.29
231.85,168.44,370.79,323.76
439.19,196.94,512.58,342.29
205.49,25.225,281.01,101.46
100.75,150.62,323.05,342.29
245.39,62.988,405.7,197.65
335.16,1,512.58,109.3
196.94,142.08,264.62,257.5
80.088,68.688,130.68,191.95
300.25,12.4,447.74,97.188
162.03,28.075,367.23,342.29
163.45,25.225,281.01,169.15
415.68,31.637,512.58,191.95
308.09,191.95,370.79,243.25
286,272.46,388.6,342.29
245.39,10.975,512.58,197.65
44.462,18.812,194.09,207.62
222.59,14.537,432.78,204.78
1,9.55,49.45,266.76
245.39,50.163,462.7,198.36
422.8,149.2,512.58,196.94
90.062,1,240.4,48.025
328.04,186.96,494.05,342.29
156.33,112.15,226.15,342.29
379.34,198.36,512.58,342.29
138.51,25.938,288.14,287.43
1,9.55,49.45,342.29
220.45,142.08,362.95,257.5
224.01,200.5,266.05,318.06
268.9,278.16,383.61,342.29
178.41,102.17,240.4,217.6
268.9,290.99,383.61,342.29
172,186.25,226.15,342.29
220.45,15.25,384.32,65.125
286,191.24,342.29,263.91
382.19,1,474.81,70.112
382.9,289.56,466.98,342.29
33.775,1,512.58,102.89
321.62,10.975,512.58,196.22
367.94,1,488.35,58
177.7,32.35,234.7,96.475
427.79,278.16,493.34,342.29
48.738,18.812,194.09,207.62
222.59,24.512,274.6,73.675
335.88,16.675,474.81,80.088
328.04,186.96,468.4,342.29
105.74,65.125,191.95,342.29
331.6,261.78,385.04,342.29
48.025,18.1,194.8,208.34
50.163,223.3,111.44,295.98
407.12,96.475,512.58,191.95
380.76,94.338,425.65,194.8
268.19,179.12,350.84,313.79
45.175,16.675,227.58,342.29
272.46,72.963,324.48,123.55
324.48,197.65,493.34,342.29
261.78,299.54,362.24,342.29
322.34,53.725,431.35,149.91
187.68,80.8,273.89,169.86
415.68,98.612,512.58,195.51
88.638,1,453.44,48.738
321.62,10.975,449.16,97.188
231.85,168.44,383.61,342.29
113.58,181.97,155.61,342.29
162.74,44.462,367.94,342.29
176.99,48.738,219.74,97.9
1,15.963,49.45,320.2
35.2,18.1,194.8,208.34
336.59,202.64,385.04,298.11
243.25,53.013,431.35,204.78
90.062,1,224.01,48.025
176.99,100.75,244.68,150.62
163.45,87.925,276.03,169.15
48.738,176.28,146.35,240.4
223.3,141.36,266.05,236.12
402.14,190.53,479.09,237.55
162.74,44.462,263.91,153.47
382.19,1,512.58,87.925
239.69,214.75,309.51,297.4
348.7,139.22,512.58,342.29
223.3,141.36,267.48,236.12
201.21,142.08,295.98,342.29
382.19,92.2,424.23,144.21
1,1,70.112,342.29
189.81,137.8,367.23,342.29
39.475,81.513,87.213,248.95
90.062,1,143.5,47.312
194.09,80.8,273.89,169.86
88.638,1,191.95,48.738
281.01,292.41,350.12,342.29
157.04,150.62,225.44,342.29
335.88,57.288,462.7,104.31
163.45,156.33,207.62,225.44
261.78,191.95,388.6,342.29
196.94,87.925,276.03,169.15
100.75,150.62,225.44,342.29
286,282.44,377.2,342.29
172.71,186.25,226.15,342.29
201.21,142.08,253.22,325.19
153.47,57.288,219.74,119.28
228.29,1,476.24,72.25
177.7,191.24,222.59,342.29
318.06,201.93,417.81,338.01
433.49,113.58,512.58,178.41
399.29,190.53,500.46,342.29
375.06,92.913,427.79,181.97
133.53,28.788,326.61,228.29
156.33,146.35,221.88,342.29
162.74,44.462,262.49,149.91
334.45,265.34,417.81,338.01
40.188,5.9875,96.475,132.1
241.11,90.062,338.01,191.95
117.14,129.25,177.7,342.29
196.94,141.36,294.55,342.29
230.43,1,474.81,80.088
96.475,1,192.66,48.025
189.81,28.075,462.7,225.44
157.04,152.05,221.88,321.62
422.8,102.89,512.58,196.94
172.71,185.54,311.65,342.29
312.36,192.66,362.95,243.25
338.73,256.08,385.04,338.01
286,282.44,341.57,323.76
261.78,299.54,369.36,342.29
172,186.25,225.44,342.29
310.94,177.7,357.96,228.29
226.86,152.05,295.98,304.53
219.74,289.56,294.55,342.29
194.09,45.888,259.64,104.31
336.59,230.43,385.04,298.11
225.44,156.33,266.05,263.2
348.7,92.913,512.58,342.29
407.12,70.112,512.58,191.95
189.81,28.075,303.1,225.44
144.21,1,276.03,45.175
196.22,102.17,262.49,145.64
157.75,28.788,225.44,342.29
48.738,18.812,194.09,241.83
166.3,95.05,262.49,149.91
286,292.41,360.81,342.29
417.81,1,512.58,75.812
230.43,7.4125,340.15,55.863
328.04,55.863,512.58,115
382.9,41.613,506.88,82.225
313.79,186.96,468.4,342.29
402.85,1,512.58,194.8
231.85,168.44,370.79,305.24
177.7,189.1,219.03,342.29
335.88,58.712,491.91,107.16
174.14,188.39,223.3,342.29
158.46,147.06,223.3,342.29
33.062,33.775,146.35,241.83
196.94,147.78,294.55,342.29
1,1,63.7,342.29
253.94,177.7,362.95,305.24
300.25,12.4,447.74,79.375
241.11,48.025,325.9,91.487
216.89,23.088,394.3,133.53
189.1,100.75,244.68,149.91
221.88,25.225,276.74,73.675
107.16,208.34,149.2,342.29
393.59,190.53,494.05,342.29
239.69,15.963,382.9,65.125
233.99,50.875,512.58,342.29
318.06,201.93,410.69,303.81
225.44,173.43,276.03,299.54
457,1,512.58,80.088
226.15,267.48,283.86,330.89
278.16,191.24,385.04,342.29
328.04,55.863,411.4,100.75
186.96,32.35,227.58,75.1
183.4,95.05,249.66,149.91
231.85,168.44,341.57,323.76
100.75,181.26,177.7,342.29
335.16,256.08,385.04,338.01
286,278.16,383.61,342.29
224.72,24.512,274.6,73.675
105.74,80.8,191.95,342.29
373.64,42.325,506.16,83.65
216.89,23.088,305.24,73.675
186.96,22.375,251.09,75.1
420.66,105.03,512.58,196.22
196.94,147.78,251.09,232.56
35.2,177.7,129.96,342.29
295.98,281.01,350.12,342.29
296.69,59.425,462.7,147.06
462.7,195.51,512.58,342.29
313.07,14.537,430.64,59.425
155.61,133.53,219.03,225.44
36.625,293.12,87.925,342.29
164.16,77.237,224.01,157.04
233.99,50.163,418.53,198.36
404.99,4.5625,477.66,79.375
38.05,240.4,87.925,342.29
157.75,150.62,225.44,342.29
334.45,15.25,392.88,81.513
158.46,147.06,214.04,317.35
464.12,112.86,512.58,162.74
144.93,1,512.58,87.925
36.625,209.76,118.56,342.29
172,186.25,219.03,342.29
422.8,105.03,495.48,176.99
231.85,168.44,335.88,315.21
337.3,187.68,512.58,275.31
241.11,90.062,339.44,315.21
153.47,60.85,219.74,119.28
447.74,112.86,512.58,165.59
116.42,181.26,177.7,342.29
328.04,55.863,491.91,107.16
194.09,51.587,259.64,104.31
35.2,177.7,119.99,342.29
36.625,129.25,146.35,342.29
298.11,53.725,423.51,149.91
334.45,53.013,512.58,342.29
48.025,177.7,105.03,251.09
449.88,31.637,512.58,113.58
158.46,64.412,219.03,175.56
239.69,214.75,309.51,282.44
172.71,186.25,225.44,342.29
185.54,205.49,226.15,342.29
35.2,209.76,119.99,342.29
158.46,32.35,233.99,175.56
230.43,1,448.45,55.863
231.14,15.25,383.61,81.513
205.49,51.587,259.64,100.75
424.94,153.47,512.58,194.8
254.65,52.3,382.19,145.64
216.89,14.537,471.25,80.088
35.2,33.062,97.188,186.25
273.18,1,453.44,47.312
370.07,1,488.35,58
407.12,96.475,495.48,181.97
223.3,141.36,276.03,236.12
281.01,290.99,383.61,342.29
261.78,289.56,350.12,342.29
417.1,98.612,512.58,194.8
35.2,33.062,81.513,186.25
414.96,80.088,512.58,191.95
402.85,1,512.58,80.088
417.1,92.2,458.43,143.5
163.45,152.05,221.88,219.74
157.04,149.2,207.62,342.29
356.54,139.22,444.18,241.11
163.45,28.788,219.74,109.3
287.43,282.44,341.57,335.16
298.11,53.725,432.78,158.46
1,129.25,146.35,342.29
334.45,10.975,447.74,81.513
226.86,152.05,295.98,315.21
300.25,51.587,375.06,119.99
196.22,25.938,288.14,164.88
424.94,102.89,512.58,194.8
322.34,53.725,423.51,149.91
39.475,146.35,87.213,248.95
272.46,1,458.43,49.45
330.89,186.96,419.24,270.32
295.98,295.26,350.12,342.29
80.088,68.688,130.68,128.54
1,1,63.7,159.89
48.738,241.83,104.31,342.29
237.55,51.587,288.14,102.89
133.53,28.788,219.74,220.45
231.85,177.7,335.88,305.24
221.88,25.225,275.31,73.675
220.45,142.08,264.62,257.5
447.03,223.3,493.34,342.29
299.54,54.438,408.55,113.58
138.51,63.7,249.66,287.43
189.1,102.89,244.68,149.91
399.29,212.61,467.69,310.94
194.09,41.613,325.9,112.15
48.025,1,240.4,49.45
165.59,100.75,244.68,150.62
40.188,5.9875,96.475,66.55
162.74,103.6,223.3,152.05
222.59,23.8,327.32,73.675
149.91,150.62,226.15,342.29
424.23,107.88,495.48,178.41
425.65,68.688,512.58,112.15
88.638,1,276.03,48.738
337.3,191.95,410.69,275.31
194.09,45.888,325.9,104.31
172.71,186.25,219.03,342.29
174.14,186.25,223.3,342.29
298.11,80.088,375.06,124.26
1,1,146.35,241.83
425.65,70.112,512.58,119.99
417.1,102.89,512.58,186.96
289.56,288.14,338.01,339.44
1,172,43.75,342.29
44.462,146.35,87.213,203.35
220.45,142.08,266.05,257.5
48.025,16.675,227.58,208.34
172,189.1,222.59,342.29
100.75,28.788,222.59,342.29
424.23,105.03,512.58,191.95
382.9,1,476.24,72.25
402.85,1,474.1,79.375
33.062,224.72,104.31,342.29
35.2,273.18,97.188,342.29
370.07,1,488.35,54.438
342.29,281.73,417.81,338.01
157.75,28.788,225.44,199.79
95.763,20.95,234.7,96.475
49.45,144.21,112.86,241.83
38.05,256.79,87.925,342.29
237.55,50.875,331.6,102.89
286.71,248.95,330.18,310.94
117.14,129.25,166.3,342.29
328.04,186.96,419.24,342.29
194.09,41.613,325.9,104.31
278.16,191.24,350.84,308.09
286.71,243.96,330.18,301.68
226.15,214.75,309.51,330.89
36.625,293.12,97.188,342.29
399.29,198.36,489.06,310.94
321.62,48.025,408.55,97.188
383.61,17.387,476.24,72.25
233.99,80.8,295.26,181.26
286,282.44,341.57,335.16
43.038,33.062,97.188,145.64
427.79,261.06,494.05,342.29
407.12,96.475,448.45,181.97
1,160.6,64.412,342.29
456.29,1,512.58,80.088
289.56,240.4,345.14,305.24
219.74,200.5,276.74,342.29
425.65,68.688,474.1,110.73
239.69,15.963,384.32,65.125
11.688,31.637,55.863,342.29
422.8,105.03,512.58,178.41
231.85,177.7,338.01,305.24
196.94,142.79,240.4,217.6
253.94,177.7,345.14,305.24
310.94,177.7,367.23,228.29
414.96,97.188,512.58,196.94
48.025,1,251.09,75.1
243.96,255.36,296.69,315.21
220.45,191.95,266.05,257.5
335.88,57.288,463.41,99.325
36.625,209.76,119.99,342.29
106.45,28.788,225.44,328.75
33.775,1,238.97,63.7
451.3,31.637,512.58,87.925
324.48,193.38,393.59,324.48
328.04,55.863,394.3,133.53
241.11,51.587,408.55,197.65
45.888,33.062,97.188,80.088
451.3,268.19,496.19,342.29
414.96,105.03,512.58,191.95
87.925,95.763,129.25,155.61
191.95,32.35,234.7,96.475
216.89,23.088,361.53,73.675
221.16,28.075,271.75,87.213
1,15.963,49.45,273.18
379.34,221.16,461.99,325.19
89.35,129.25,146.35,227.58
43.038,33.062,97.188,144.93
245.39,51.587,463.41,197.65
420.66,112.86,512.58,196.22
219.74,249.66,276.74,342.29
142.79,63.7,191.95,183.4
157.04,150.62,226.15,342.29
414.96,97.9,512.58,191.95
330.89,186.96,419.24,342.29
38.05,209.05,111.44,342.29
162.74,147.06,214.04,224.72
195.51,100.75,263.91,148.49
404.99,1,512.58,80.088
49.45,176.99,95.763,242.54
335.88,57.288,463.41,194.8
134.24,159.89,191.24,342.29
343.71,281.73,417.81,338.01
48.738,129.25,146.35,241.83
324.48,230.43,385.04,324.48
449.88,268.9,493.34,342.29
157.04,156.33,207.62,342.29
419.24,13.113,474.1,79.375
286,282.44,383.61,342.29
331.6,230.43,385.04,324.48
248.24,166.3,357.25,317.35
261.78,289.56,306.66,342.29
272.46,1,458.43,63.7
48.738,144.21,112.86,242.54
145.64,22.375,251.09,75.1
328.04,258.21,401.43,342.29
134.95,181.26,177.7,342.29
404.99,1,512.58,109.3
43.038,1,226.86,85.075
457,1,512.58,110.01
178.41,87.925,276.03,217.6
100.75,176.28,177.7,342.29
331.6,261.78,385.04,324.48
216.89,14.537,430.64,65.838
189.1,102.17,238.26,149.91
45.175,129.25,146.35,247.53
263.91,176.99,357.25,310.94
256.79,167.01,362.95,243.25
220.45,12.4,447.74,65.125
222.59,87.925,276.03,169.15
40.9,224.72,104.31,302.39
45.888,146.35,87.213,203.35
400.71,186.96,512.58,289.56
416.39,16.675,474.81,70.112
129.25,32.35,233.99,211.9
281.01,290.99,350.12,342.29
196.94,147.06,240.4,187.68
421.38,97.188,485.5,178.41
162.03,93.625,263.91,152.05
48.738,209.05,111.44,342.29
356.54,139.22,441.32,236.12
1,1,63.7,82.225
433.49,146.35,498.32,191.95
224.72,1,276.03,45.175
367.94,1,512.58,87.925
334.45,27.363,383.61,81.513
308.09,191.95,370.79,236.12
172.71,186.96,222.59,342.29
216.89,23.088,361.53,123.55
147.06,182.69,191.24,342.29
176.99,25.225,227.58,75.1
278.16,238.97,335.16,308.09
402.85,1,512.58,110.01
48.738,209.05,111.44,305.24
328.04,54.438,408.55,97.188
335.16,58.712,491.91,107.16
324.48,202.64,393.59,324.48
456.29,1,512.58,109.3
427.79,146.35,498.32,191.95
335.88,59.425,462.7,104.31
432.78,127.83,512.58,181.97
248.24,166.3,367.94,317.35
289.56,281.73,344.43,339.44
261.78,281.01,350.12,342.29
162.74,95.05,262.49,149.91
95.763,20.95,208.34,85.075
90.062,1,145.64,48.738
172.71,186.25,219.74,342.29
263.91,176.99,339.44,310.94
449.88,261.06,494.05,303.81
48.025,1,137.09,49.45
296.69,53.725,337.3,119.28
196.94,147.06,240.4,217.6
183.4,95.05,225.44,149.91
45.175,95.763,129.25,242.54
334.45,53.013,463.41,99.325
382.19,92.2,424.23,158.46
219.74,229,323.05,342.29
268.19,50.163,337.3,110.01
246.81,1,453.44,47.312
149.2,97.9,223.3,160.6
212.61,48.738,296.69,94.338
383.61,26.65,454.86,72.25
241.11,62.988,405.7,197.65
424.23,128.54,495.48,176.28
38.05,177.7,115,342.29
201.21,152.05,243.96,231.14
333.74,14.537,424.23,59.425
254.65,53.725,326.61,104.31
157.04,152.05,221.88,342.29
105.74,129.25,146.35,226.86
226.15,177.7,345.14,330.89
463.41,1,512.58,75.812
172,142.08,294.55,342.29
334.45,55.15,462.7,104.31
233.99,50.163,332.31,181.26
201.21,142.08,294.55,342.29
163.45,39.475,219.74,109.3
241.11,90.062,304.53,186.25
333.74,14.537,430.64,63.7
422.09,98.612,489.78,153.47
402.85,224.01,447.74,288.85
382.19,92.2,424.23,160.6
268.19,50.163,462.7,147.06
195.51,28.075,295.26,181.26
417.1,102.89,512.58,179.84
45.175,176.99,95.763,242.54
48.025,177.7,115,342.29
143.5,64.412,223.3,225.44
261.78,299.54,305.24,342.29
127.11,133.53,175.56,226.86
162.74,103.6,213.33,149.2
254.65,51.587,382.19,145.64
201.21,142.08,243.96,231.14
1,1,48.025,159.89
220.45,15.963,384.32,65.125
256.08,176.99,339.44,315.21
45.175,176.28,103.6,247.53
1,9.55,49.45,110.73
143.5,64.412,223.3,160.6
286,288.85,342.29,342.29
300.25,15.963,382.9,65.125
35.2,224.72,104.31,342.29
154.19,95.05,249.66,287.43
227.58,141.36,303.1,206.2
324.48,204.78,385.04,303.81
216.89,23.088,361.53,92.913
49.45,209.76,119.99,342.29
189.81,137.8,249.66,225.44
290.99,299.54,362.24,342.29
88.638,1,145.64,48.738
424.23,104.31,495.48,178.41
182.69,104.31,223.3,152.05
35.2,33.062,97.188,127.11
144.93,80.8,191.95,144.21
230.43,7.4125,382.9,55.863
383.61,16.675,474.81,70.112
237.55,289.56,280.3,342.29
286,273.18,388.6,342.29
286,191.24,342.29,278.88
334.45,18.1,392.88,81.513
243.96,236.84,311.65,315.21
172,189.1,224.72,342.29
243.96,256.08,293.12,315.21
100.75,200.5,152.05,342.29
48.738,95.763,129.25,242.54
1,9.55,48.025,82.225
373.64,13.113,480.51,54.438
253.94,177.7,318.78,231.14
245.39,51.587,405.7,197.65
424.94,132.81,495.48,178.41
172.71,193.38,222.59,342.29
232.56,1,458.43,49.45
383.61,26.65,454.86,67.263
393.59,42.325,506.16,83.65
38.763,33.775,81.513,147.06
49.45,226.15,111.44,342.29
263.91,176.99,339.44,301.68
45.175,176.99,103.6,247.53
231.14,25.938,271.75,71.538
356.54,139.22,444.18,257.5
216.89,23.088,305.24,65.838
356.54,139.22,441.32,241.11
161.31,103.6,223.3,159.18
424.23,104.31,495.48,181.97
189.81,137.8,276.74,342.29
335.88,58.712,469.82,135.66
47.312,177.7,103.6,247.53
337.3,187.68,512.58,342.29
263.91,176.99,330.18,245.39
33.062,33.775,81.513,226.15
40.188,5.9875,96.475,129.25
245.39,55.15,418.53,198.36
189.81,137.8,303.1,225.44
448.45,198.36,489.06,273.89
1,192.66,43.75,342.29
196.22,25.938,288.14,145.64
379.34,238.26,461.99,325.19
96.475,1,191.95,48.025
127.11,133.53,179.84,226.86
424.23,104.31,464.84,178.41
465.55,1,512.58,75.1
313.07,14.537,424.23,59.425
209.05,28.788,271.75,100.75
424.23,107.88,464.84,160.6
38.763,1,97.188,47.312
417.1,102.89,512.58,194.8
225.44,143.5,297.4,315.21
225.44,200.5,266.05,263.2
45.175,144.93,87.213,201.21
422.8,105.03,481.23,176.99
354.4,258.21,401.43,342.29
238.97,180.55,295.98,291.7
375.06,92.913,422.8,147.06
216.89,23.088,338.73,65.838
416.39,1,474.81,70.112
1,17.387,43.038,159.89
362.24,201.93,410.69,291.7
219.74,229,276.74,342.29
100.75,28.788,219.74,342.29
399.29,190.53,479.09,310.94
451.3,268.9,493.34,342.29
194.09,105.74,249.66,149.91
256.08,176.99,332.31,270.32
48.025,177.7,103.6,247.53
278.16,191.24,342.29,308.09
310.94,177.7,367.23,250.38
201.21,142.08,248.24,293.84
296.69,86.5,422.8,147.06
201.21,142.08,256.08,231.14
329.46,233.99,385.04,298.11
335.88,204.78,385.04,298.11
286.71,236.84,339.44,310.94
278.16,191.24,342.29,342.29
219.74,185.54,311.65,342.29
88.638,1,136.38,48.738
297.4,94.338,366.51,145.64
195.51,28.075,271.75,148.49
402.14,224.01,447.74,288.85
402.85,13.113,474.1,79.375
286,292.41,350.12,342.29
296.69,86.5,385.04,134.24
278.16,191.24,350.84,313.79
154.19,97.188,221.88,287.43
380.76,92.913,425.65,194.8
88.638,1,131.39,48.025
201.21,142.08,276.03,299.54
415.68,105.03,512.58,191.95
383.61,297.4,466.98,342.29
241.11,53.725,405.7,197.65
263.91,176.99,332.31,232.56
253.94,177.7,335.88,256.08
263.91,176.99,330.18,230.43
456.29,146.35,498.32,191.95
424.23,104.31,464.84,160.6
253.22,50.163,332.31,110.01
226.86,173.43,273.18,263.2
383.61,26.65,512.58,87.925
49.45,209.76,111.44,342.29
382.9,16.675,476.24,72.25
355.82,191.95,410.69,275.31
48.738,176.28,146.35,226.86
95.763,20.95,193.38,62.275
448.45,113.58,512.58,164.88
449.88,268.19,496.19,342.29
158.46,55.863,219.74,175.56
289.56,261.78,354.4,339.44
49.45,209.76,118.56,342.29
320.2,204.78,385.04,298.11
1,16.675,43.038,256.08
253.94,255.36,294.55,342.29
1,15.963,48.025,82.225
15.25,1,63.7,46.6
49.45,201.21,115,342.29
356.54,139.22,441.32,257.5
382.9,289.56,429.21,337.3
286.71,269.61,330.18,310.94
272.46,1,458.43,54.438
355.82,92.913,423.51,222.59
231.14,28.788,271.75,71.538
278.88,236.84,339.44,315.21
448.45,112.86,512.58,164.88
1,16.675,42.325,79.375
398.57,187.68,463.41,288.85
196.22,25.938,271.75,145.64
402.14,221.16,447.74,276.03
335.88,58.712,469.82,100.04
272.46,53.725,325.9,102.17
398.57,187.68,512.58,248.24
297.4,97.9,346.56,145.64
343.71,281.73,388.6,338.01
417.1,98.612,489.78,179.84
162.74,103.6,213.33,151.34
334.45,273.18,417.81,338.01
199.08,44.462,258.21,102.89
49.45,144.21,112.86,242.54
133.53,39.475,219.74,220.45
196.22,100.04,262.49,145.64
228.29,1,448.45,51.587
335.88,58.712,463.41,99.325
328.04,55.863,394.3,100.75
33.775,1,238.97,48.738
398.57,187.68,463.41,242.54
33.775,1,97.188,47.312
447.03,223.3,490.49,287.43
238.97,180.55,294.55,291.7
320.2,225.44,385.04,298.11
177.7,193.38,219.74,336.59
380.05,1,512.58,87.925
379.34,221.16,466.98,342.29
288.85,281.73,388.6,342.29
50.163,223.3,111.44,305.24
403.56,224.01,447.74,276.03
422.8,128.54,481.23,176.99
95.763,20.95,226.86,85.075
355.82,149.91,418.53,222.59
271.04,53.725,326.61,104.31
278.16,266.76,335.16,308.09
268.19,50.163,332.31,110.01
382.19,92.2,424.23,135.66
297.4,94.338,382.19,145.64
164.88,152.05,221.88,216.18
416.39,17.387,474.81,70.112
448.45,224.72,489.06,273.89
219.74,282.44,264.62,342.29
246.81,185.54,297.4,265.34
439.19,196.94,496.19,342.29
1,16.675,43.038,159.89
286.71,229.71,339.44,301.68
201.21,142.08,256.08,342.29
196.94,44.462,244.68,103.6
355.82,94.338,422.8,222.59
329.46,233.99,375.06,298.11
439.19,196.94,490.49,281.73
164.16,150.62,214.04,218.31
50.163,209.05,111.44,305.24
49.45,176.99,146.35,226.86
201.21,142.08,248.24,317.35
48.738,144.21,112.86,241.83
225.44,189.81,266.05,263.2
288.85,273.18,388.6,342.29
50.163,241.83,100.75,304.53
1,16.675,43.038,230.43
448.45,144.21,512.58,191.95
219.74,255.36,294.55,342.29
172,193.38,222.59,342.29
355.82,107.88,422.8,222.59
280.3,218.31,328.04,270.32
201.21,142.08,243.96,256.79
254.65,52.3,326.61,104.31
209.05,25.938,271.75,100.75
196.22,84.362,262.49,145.64
1,16.675,43.038,239.69
427.07,17.387,476.24,66.55
383.61,1,512.58,87.925
226.86,152.05,276.03,304.53
313.07,94.338,366.51,140.65
447.03,198.36,512.58,342.29
424.23,128.54,512.58,191.95
368.65,202.64,410.69,275.31
347.99,281.73,388.6,338.01
272.46,53.725,326.61,102.17
256.79,1,448.45,51.587
343.71,288.85,386.46,338.01
95.763,20.95,208.34,65.838
49.45,174.14,112.86,226.15
286.71,241.11,335.88,310.94
256.08,198.36,328.04,270.32
398.57,187.68,467.69,248.24
379.34,187.68,512.58,342.29
380.76,94.338,422.8,194.8
95.763,20.95,226.86,63.7
225.44,226.86,276.03,299.54
398.57,187.68,463.41,240.4
88.638,1,238.97,48.738
297.4,193.38,357.25,253.94
166.3,95.05,225.44,149.91
385.04,221.16,447.74,291.7
43.038,1,97.188,47.312
1,1,63.7,48.025
209.05,60.138,258.21,100.75
299.54,51.587,352.26,113.58
362.24,201.93,410.69,275.31
90.062,1,131.39,48.025
49.45,144.21,112.86,226.15
286.71,270.32,330.18,310.94
50.163,241.83,100.75,295.98
452.01,196.94,512.58,237.55
439.19,196.94,490.49,278.16
451.3,268.19,493.34,342.29
268.19,53.725,325.9,104.31
48.025,177.7,103.6,248.24
343.71,290.99,386.46,338.01
49.45,271.04,103.6,342.29
90.062,1,136.38,48.738
402.14,221.16,447.74,288.85
449.16,223.3,490.49,278.16
48.738,241.83,103.6,342.29
439.19,197.65,490.49,278.16
