1,1,124.73,511.93
63.933,147.13,342.33,511.93
1,431.93,47.933,479.93
193,152.47,262.33,239.93
1,1,91.667,88.467
127.93,36.2,203.67,83.133
125.8,49,275.13,463.93
77.8,36.2,284.73,463.93
123.67,36.2,275.13,463.93
131.13,321,175.93,386.07
1,1,131.13,511.93
114.07,1,342.33,147.13
50.067,373.27,202.6,511.93
261.27,175.93,342.33,220.73
150.33,1,342.33,470.33
1,264.47,123.67,511.93
78.867,1,342.33,296.47
23.4,42.6,136.47,483.13
1,1,342.33,511.93
123.67,43.667,342.33,463.93
257,130.07,342.33,195.13
27.667,275.13,104.47,358.33
239.93,1,342.33,299.67
125.8,43.667,254.87,210.07
1,1,292.2,511.93
51.133,242.07,342.33,511.93
1,1,342.33,470.33
63.933,1,342.33,511.93
1,1,270.87,511.93
1,1,283.67,461.8
1,142.87,51.133,229.27
114.07,1,342.33,470.33
217.53,122.6,259.13,282.6
123.67,43.667,342.33,462.87
51.133,1,342.33,511.93
114.07,265.53,241,463.93
131.13,373.27,211.13,455.4
81,1,342.33,470.33
81,1,342.33,210.07
125.8,49,284.73,463.93
123.67,1,342.33,306.07
230.33,69.267,283.67,407.4
27.667,150.33,342.33,511.93
1,1,275.13,511.93
127.93,74.6,243.13,154.6
299.67,199.4,342.33,271.93
122.6,18.067,241,75.667
125.8,44.733,274.07,460.73
68.2,122.6,114.07,174.87
123.67,43.667,287.93,462.87
125.8,44.733,228.2,102.33
261.27,196.2,342.33,297.53
123.67,1,342.33,318.87
127.93,74.6,262.33,285.8
1,1,131.13,264.47
123.67,202.6,275.13,462.87
41.533,279.4,104.47,350.87
1,43.667,47.933,153.53
27.667,39.4,145,468.2
145,196.2,342.33,511.93
51.133,377.53,275.13,511.93
76.733,167.4,118.33,225
239.93,1,342.33,196.2
1,1,124.73,358.33
1,283.67,342.33,511.93
87.4,466.07,342.33,511.93
161,1,263.4,41.533
126.87,79.933,216.47,265.53
1,39.4,342.33,511.93
263.4,283.67,342.33,351.93
175.93,274.07,275.13,463.93
11.667,409.53,82.067,479.93
123.67,36.2,259.13,315.67
1,167.4,121.53,456.47
44.733,39.4,145,468.2
1,29.8,98.067,193
1,1,157.8,456.47
123.67,1,241,94.867
142.87,1,342.33,511.93
123.67,43.667,275.13,462.87
125.8,44.733,257,285.8
81,1,157.8,139.67
125.8,44.733,254.87,229.27
223.93,69.267,342.33,229.27
71.4,410.6,237.8,511.93
125.8,44.733,283.67,461.8
1,1,241,511.93
125.8,44.733,274.07,461.8
1,1,157.8,455.4
225,394.6,342.33,511.93
1,1,157.8,254.87
1,225,79.933,308.2
1,188.73,124.73,455.4
126.87,210.07,220.73,312.47
1,178.07,79.933,306.07
1,1,78.867,88.467
1,1,122.6,459.67
123.67,202.6,287.93,462.87
126.87,215.4,220.73,434.07
17,116.2,124.73,254.87
44.733,39.4,132.2,461.8
259.13,196.2,342.33,401
137.53,343.4,206.87,427.67
63.933,259.13,275.13,511.93
27.667,39.4,195.13,468.2
134.33,407.4,198.33,452.2
142.87,295.4,342.33,511.93
142.87,283.67,342.33,511.93
34.067,1,241,213.27
135.4,251.67,254.87,315.67
1,427.67,63.933,479.93
1,1,111.93,205.8
1,373.27,342.33,511.93
125.8,250.6,274.07,460.73
1,402.07,342.33,511.93
126.87,79.933,242.07,283.67
124.73,1,228.2,42.6
86.333,408.47,342.33,511.93
1,1,234.6,203.67
1,188.73,111.93,455.4
18.067,409.53,82.067,479.93
86.333,1,142.87,121.53
1,421.27,72.467,511.93
17,1,157.8,254.87
135.4,238.87,232.47,284.73
146.07,1,342.33,511.93
1,374.33,292.2,511.93
1,1,131.13,456.47
86.333,466.07,342.33,511.93
255.93,130.07,342.33,196.2
1,1,241,455.4
142.87,73.533,342.33,511.93
1,404.2,270.87,511.93
125.8,44.733,210.07,179.13
27.667,195.13,131.13,462.87
159.93,72.467,259.13,282.6
129,262.33,211.13,425.53
51.133,309.27,104.47,350.87
5.2667,141.8,57.533,182.33
11.667,373.27,202.6,511.93
125.8,49,254.87,306.07
76.733,42.6,136.47,483.13
239.93,1,342.33,297.53
180.2,1,342.33,296.47
161,154.6,254.87,282.6
223.93,122.6,312.47,229.27
78.867,42.6,166.33,264.47
1,133.27,123.67,456.47
1,175.93,111.93,455.4
126.87,210.07,220.73,349.8
261.27,196.2,342.33,351.93
164.2,1,342.33,147.13
159.93,1,228.2,41.533
45.8,120.47,86.333,197.27
1,1,106.6,213.27
78.867,1,241,264.47
159.93,72.467,295.4,282.6
270.87,294.33,342.33,397.8
44.733,133.27,89.533,178.07
123.67,242.07,342.33,511.93
102.33,39.4,150.33,456.47
43.667,404.2,270.87,511.93
26.6,169.53,90.6,254.87
44.733,404.2,337,511.93
161,1,342.33,152.47
250.6,89.533,342.33,239.93
161,72.467,239.93,127.93
27.667,150.33,131.13,462.87
1,1,241,483.13
132.2,418.07,275.13,463.93
1,279.4,123.67,511.93
1,439.4,70.333,511.93
27.667,150.33,337,511.93
1,9.5333,130.07,264.47
114.07,18.067,241,86.333
1,151.4,51.133,229.27
1,1,241,254.87
261.27,196.2,342.33,404.2
78.867,1,241,193
1,1,106.6,156.73
1,29.8,98.067,177
81,1,157.8,193
168.47,239.93,226.07,284.73
226.07,273,275.13,463.93
1,423.4,72.467,511.93
51.133,374.33,292.2,511.93
1,167.4,126.87,511.93
1,332.73,75.667,511.93
142.87,390.33,342.33,511.93
223.93,69.267,342.33,470.33
1,167.4,118.33,456.47
217.53,72.467,259.13,282.6
44.733,404.2,269.8,511.93
123.67,69.267,342.33,470.33
1,36.2,292.2,511.93
1,167.4,118.33,362.6
114.07,1,241,86.333
159.93,1,342.33,151.4
126.87,147.13,271.93,456.47
106.6,39.4,150.33,456.47
168.47,239.93,233.53,284.73
126.87,147.13,342.33,511.93
1,282.6,104.47,455.4
37.267,297.53,103.4,347.67
49,410.6,167.4,511.93
172.73,301.8,237.8,349.8
54.333,279.4,123.67,457.53
27.667,307.13,87.4,358.33
1,287.93,109.8,455.4
163.13,402.07,342.33,476.73
85.267,1,241,159.93
166.33,294.33,342.33,511.93
150.33,18.067,241,75.667
26.6,118.33,123.67,254.87
1,1,97,89.533
123.67,242.07,284.73,456.47
1,188.73,111.93,309.27
63.933,404.2,134.33,511.93
54.333,283.67,124.73,398.87
26.6,189.8,75.667,254.87
1,1,234.6,456.47
1,1,136.47,483.13
1,1,106.6,254.87
243.13,69.267,342.33,470.33
270.87,294.33,342.33,470.33
44.733,262.33,124.73,401
1,389.27,167.4,511.93
1,427.67,47.933,479.93
161,1,342.33,200.47
5.2667,164.2,81,254.87
86.333,1,241,121.53
131.13,407.4,198.33,455.4
270.87,377.53,342.33,470.33
43.667,381.8,93.8,460.73
115.13,18.067,241,75.667
126.87,49,253.8,206.87
63.933,265.53,275.13,511.93
27.667,275.13,106.6,358.33
125.8,343.4,209,455.4
78.867,1,295.4,287.93
81,39.4,131.13,461.8
26.6,199.4,87.4,254.87
81,1,254.87,210.07
244.2,73.533,342.33,287.93
85.267,1,165.27,74.6
125.8,44.733,342.33,470.33
257,130.07,342.33,207.93
34.067,1,167.4,213.27
1,291.13,43.667,345.53
180.2,1,342.33,139.67
1,332.73,101.27,443.67
159.93,72.467,295.4,287.93
78.867,166.33,120.47,228.2
159.93,1,205.8,41.533
49,441.53,135.4,511.93
49,441.53,167.4,511.93
86.333,42.6,129,463.93
46.867,1,106.6,130.07
1,322.07,106.6,456.47
1,175.93,111.93,310.33
129,366.87,200.47,434.07
257,130.07,342.33,470.33
66.067,431.93,145,511.93
261.27,196.2,342.33,470.33
164.2,1,342.33,152.47
172.73,301.8,237.8,364.73
105.53,469.27,199.4,511.93
87.4,467.13,200.47,511.93
1,1,122.6,511.93
135.4,238.87,234.6,284.73
197.27,273,271.93,456.47
27.667,283.67,125.8,403.13
261.27,175.93,342.33,296.47
34.067,106.6,91.667,213.27
126.87,147.13,254.87,349.8
63.933,431.93,207.93,511.93
126.87,210.07,216.47,265.53
34.067,106.6,89.533,178.07
1,283.67,124.73,455.4
126.87,49,244.2,166.33
1,283.67,167.4,511.93
1,1,131.13,167.4
127.93,74.6,254.87,205.8
123.67,1,264.47,132.2
255.93,129,342.33,470.33
125.8,43.667,257,229.27
1,1,124.73,354.07
1,334.87,111.93,511.93
142.87,196.2,342.33,511.93
1,282.6,76.733,354.07
134.33,209,210.07,251.67
45.8,170.6,118.33,212.2
76.733,431.93,136.47,483.13
183.4,242.07,263.4,406.33
1,1,118.33,193
168.47,239.93,232.47,284.73
81,1,125.8,193
42.6,1,102.33,113
1,423.4,73.533,511.93
149.27,1,342.33,153.53
172.73,302.87,237.8,349.8
1,110.87,51.133,229.27
255.93,129,342.33,394.6
1,1,118.33,254.87
70.333,122.6,114.07,174.87
171.67,301.8,237.8,349.8
78.867,42.6,161,250.6
26.6,170.6,118.33,255.93
23.4,279.4,104.47,354.07
159.93,402.07,342.33,476.73
1,232.47,124.73,373.27
1,1,234.6,195.13
1,242.07,124.73,364.73
178.07,257,263.4,456.47
125.8,18.067,241,75.667
1,334.87,106.6,456.47
123.67,262.33,211.13,425.53
268.73,294.33,342.33,404.2
23.4,279.4,104.47,355.13
161,74.6,262.33,285.8
149.27,18.067,241,75.667
126.87,201.53,267.67,434.07
125.8,43.667,219.67,100.2
261.27,196.2,342.33,308.2
263.4,283.67,342.33,385
175.93,374.33,241,420.2
46.867,1,131.13,139.67
253.8,129,342.33,200.47
66.067,131.13,114.07,173.8
243.13,69.267,342.33,206.87
134.33,372.2,243.13,452.2
123.67,36.2,232.47,166.33
28.733,423.4,73.533,511.93
20.2,21.267,83.133,91.667
186.6,257,261.27,335.93
1,40.467,102.33,122.6
63.933,431.93,270.87,511.93
18.067,110.87,69.267,181.27
26.6,202.6,71.4,254.87
125.8,26.6,181.27,74.6
221.8,374.33,271.93,431.93
168.47,239.93,232.47,283.67
125.8,241,223.93,460.73
268.73,295.4,342.33,404.2
282.6,58.6,342.33,152.47
1,412.73,74.6,511.93
1,139.67,58.6,205.8
129,250.6,263.4,406.33
270.87,294.33,342.33,394.6
161,1,205.8,41.533
71.4,264.47,122.6,319.93
1,167.4,123.67,456.47
70.333,122.6,123.67,251.67
299.67,89.533,342.33,151.4
1,373.27,202.6,511.93
41.533,297.53,104.47,350.87
1,141.8,57.533,213.27
130.07,250.6,220.73,302.87
77.8,42.6,129,463.93
1,30.867,44.733,88.467
5.2667,181.27,47.933,226.07
261.27,196.2,342.33,296.47
42.6,68.2,91.667,119.4
169.53,241,226.07,284.73
81,1,241,193
78.867,1,241,139.67
137.53,303.93,210.07,427.67
123.67,36.2,165.27,77.8
186.6,242.07,263.4,406.33
18.067,170.6,81,254.87
230.33,69.267,342.33,470.33
1,439.4,72.467,511.93
140.73,60.733,207.93,127.93
1,43.667,57.533,213.27
58.6,377.53,210.07,511.93
58.6,431.93,196.2,511.93
125.8,26.6,241,75.667
196.2,337,263.4,406.33
9.5333,76.733,82.067,136.47
59.667,459.67,164.2,511.93
1,29.8,98.067,134.33
12.733,1,102.33,118.33
8.4667,223.93,79.933,290.07
1,167.4,122.6,303.93
127.93,36.2,241,87.4
180.2,1,342.33,151.4
134.33,251.67,220.73,306.07
78.867,42.6,123.67,212.2
131.13,402.07,195.13,455.4
81,1,125.8,139.67
54.333,305,104.47,350.87
1,102.33,69.267,203.67
81,1,241,139.67
168.47,204.73,242.07,283.67
1,409.53,237.8,511.93
1,332.73,50.067,386.07
1,1,118.33,167.4
1,1,122.6,277.27
141.8,343.4,206.87,399.93
78.867,166.33,123.67,251.67
33,423.4,73.533,484.2
122.6,408.47,337,474.6
1,283.67,125.8,455.4
1,167.4,124.73,354.07
44.733,404.2,167.4,511.93
135.4,147.13,254.87,281.53
211.13,257,261.27,335.93
177,147.13,239.93,206.87
172.73,302.87,239.93,349.8
5.2667,110.87,47.933,153.53
270.87,295.4,342.33,394.6
105.53,469.27,206.87,511.93
133.27,301.8,191.93,349.8
12.733,60.733,55.4,118.33
135.4,273,189.8,349.8
52.2,132.2,101.27,212.2
243.13,69.267,312.47,206.87
122.6,34.067,241,75.667
219.67,337,263.4,406.33
259.13,196.2,342.33,308.2
243.13,69.267,342.33,227.13
182.33,75.667,246.33,159.93
43.667,404.2,212.2,511.93
177,37.267,241,122.6
157.8,1,342.33,153.53
261.27,196.2,342.33,299.67
196.2,325.27,263.4,406.33
149.27,274.07,274.07,460.73
1,175.93,111.93,511.93
185.53,252.73,254.87,323.13
129,242.07,284.73,456.47
78.867,42.6,161,264.47
125.8,241,219.67,455.4
1,243.13,44.733,308.2
123.67,202.6,261.27,286.87
1,191.93,100.2,308.2
63.933,388.2,275.13,511.93
161,143.93,223.93,200.47
1,223.93,49,306.07
52.2,146.07,101.27,212.2
125.8,337,209,455.4
6.3333,332.73,50.067,376.47
129,132.2,254.87,205.8
1,232.47,124.73,455.4
78.867,141.8,124.73,249.53
71.4,410.6,237.8,485.27
131.13,273,275.13,462.87
1,167.4,118.33,306.07
82.067,219.67,122.6,277.27
203.67,257,263.4,406.33
159.93,75.667,246.33,159.93
114.07,265.53,158.87,463.93
175.93,373.27,241,421.27
1,1,104.47,254.87
1,1,159.93,195.13
78.867,166.33,122.6,277.27
51.133,410.6,196.2,511.93
125.8,44.733,228.2,179.13
46.867,75.667,100.2,130.07
125.8,43.667,219.67,197.27
81,219.67,122.6,267.67
1,225,101.27,459.67
5.2667,119.4,52.2,182.33
145,389.27,342.33,511.93
172.73,301.8,237.8,348.73
172.73,275.13,263.4,455.4
129,271.93,211.13,425.53
125.8,78.867,255.93,281.53
129,283.67,220.73,385
1,287.93,41.533,329.53
177,373.27,239.93,421.27
127.93,218.6,261.27,428.73
129,250.6,220.73,372.2
226.07,273,271.93,456.47
126.87,273,275.13,462.87
34.067,170.6,118.33,214.33
125.8,412.73,196.2,455.4
44.733,275.13,104.47,317.8
107.67,17,241,86.333
170.6,252.73,271.93,456.47
161,74.6,246.33,200.47
1,262.33,126.87,511.93
1,118.33,124.73,358.33
39.4,243.13,101.27,307.13
293.27,146.07,342.33,194.07
137.53,303.93,241,427.67
185.53,252.73,271.93,456.47
69.267,133.27,117.27,173.8
44.733,389.27,167.4,511.93
126.87,283.67,220.73,454.33
1,242.07,124.73,373.27
156.73,36.2,241,81
173.8,257,275.13,463.93
123.67,1,264.47,306.07
1,225,44.733,308.2
124.73,30.867,241,87.4
135.4,152.47,239.93,239.93
126.87,210.07,257,434.07
114.07,437.27,270.87,477.8
1,102.33,52.2,195.13
125.8,193,255.93,281.53
263.4,289,342.33,351.93
1,332.73,102.33,511.93
1,29.8,81,130.07
1,376.47,73.533,456.47
1,242.07,124.73,354.07
1,334.87,73.533,511.93
221.8,274.07,284.73,445.8
126.87,69.267,254.87,210.07
71.4,9.5333,130.07,264.47
37.267,305,104.47,353
1,30.867,104.47,136.47
278.33,411.67,342.33,470.33
142.87,465,342.33,511.93
1,37.267,99.133,229.27
63.933,404.2,212.2,511.93
26.6,130.07,124.73,254.87
265.53,390.33,342.33,476.73
270.87,294.33,342.33,401
1,303.93,43.667,345.53
171.67,275.13,263.4,455.4
40.467,409.53,82.067,455.4
1,30.867,51.133,111.93
54.333,279.4,104.47,350.87
63.933,1,120.47,167.4
277.27,391.4,342.33,476.73
250.6,89.533,342.33,296.47
1,37.267,42.6,100.2
27.667,305,104.47,354.07
1,332.73,75.667,443.67
37.267,348.73,101.27,394.6
253.8,129,342.33,196.2
125.8,44.733,243.13,154.6
1,409.53,82.067,490.6
230.33,69.267,276.2,378.6
77.8,36.2,165.27,463.93
166.33,389.27,342.33,511.93
5.2667,110.87,66.067,182.33
107.67,18.067,241,86.333
216.47,209,257,285.8
5.2667,110.87,79.933,193
23.4,278.33,104.47,362.6
1,1,111.93,136.47
126.87,201.53,274.07,460.73
226.07,409.53,267.67,456.47
170.6,301.8,237.8,350.87
257,130.07,342.33,200.47
273,361.53,342.33,476.73
12.733,1,106.6,124.73
244.2,73.533,295.4,136.47
35.133,68.2,97,122.6
255.93,130.07,342.33,200.47
18.067,405.27,62.867,459.67
129,241,219.67,426.6
1,439.4,98.067,511.93
221.8,274.07,284.73,453.27
125.8,241,275.13,463.93
129,383.93,233.53,456.47
85.267,1,131.13,60.733
153.53,122.6,232.47,166.33
265.53,393.53,342.33,476.73
81,39.4,132.2,461.8
225,462.87,342.33,511.93
273,295.4,342.33,394.6
172.73,275.13,263.4,406.33
122.6,434.07,337,474.6
123.67,36.2,241,94.867
127.93,36.2,241,81
140.73,60.733,232.47,159.93
138.6,372.2,243.13,420.2
52.2,164.2,101.27,212.2
177,374.33,241,422.33
1,244.2,122.6,354.07
137.53,239.93,233.53,284.73
44.733,390.33,124.73,472.47
274.07,388.2,342.33,470.33
299.67,199.4,342.33,297.53
27.667,307.13,71.4,354.07
81,200.47,126.87,277.27
47.933,1,106.6,118.33
1,40.467,104.47,122.6
95.933,390.33,198.33,468.2
273,326.33,342.33,394.6
1,409.53,82.067,479.93
262.33,199.4,342.33,296.47
129,242.07,263.4,456.47
1,280.47,101.27,459.67
54.333,308.2,104.47,353
51.133,404.2,196.2,511.93
37.267,242.07,124.73,312.47
201.53,257,261.27,335.93
1,1,106.6,124.73
123.67,36.2,207.93,127.93
223.93,69.267,312.47,229.27
175.93,373.27,241,455.4
1,164.2,56.467,213.27
81,200.47,131.13,461.8
1,167.4,106.6,254.87
58.6,377.53,275.13,511.93
123.67,36.2,239.93,239.93
1,242.07,124.73,358.33
143.93,65,204.73,114.07
1,412.73,74.6,479.93
170.6,239.93,227.13,284.73
41.533,278.33,104.47,350.87
203.67,257,263.4,407.4
47.933,1,118.33,118.33
76.733,376.47,136.47,483.13
1,283.67,124.73,440.47
1,1,116.2,254.87
1,150.33,51.133,229.27
122.6,26.6,241,75.667
100.2,466.07,207.93,511.93
137.53,97,232.47,166.33
123.67,36.2,174.87,127.93
126.87,202.6,261.27,275.13
35.133,244.2,122.6,303.93
141.8,258.07,219.67,306.07
1,230.33,115.13,362.6
63.933,466.07,207.93,511.93
1,322.07,104.47,455.4
142.87,65,204.73,114.07
107.67,20.2,151.4,86.333
27.667,307.13,85.267,354.07
178.07,381.8,241,456.47
123.67,202.6,263.4,406.33
1,37.267,92.733,177
244.2,73.533,295.4,287.93
70.333,118.33,123.67,251.67
63.933,404.2,145,511.93
129,250.6,220.73,385
129,250.6,220.73,434.07
273,390.33,342.33,471.4
44.733,115.13,89.533,178.07
138.6,373.27,241,420.2
120.47,42.6,161,250.6
123.67,202.6,261.27,454.33
1,293.27,63.933,350.87
169.53,241,233.53,284.73
221.8,274.07,284.73,431.93
126.87,202.6,261.27,302.87
230.33,69.267,276.2,227.13
14.867,225,79.933,300.73
51.133,405.27,196.2,511.93
161,1,264.47,132.2
5.2667,110.87,89.533,193
15.933,110.87,86.333,178.07
33,168.47,106.6,235.67
1,291.13,86.333,354.07
1,322.07,104.47,440.47
34.067,1,131.13,213.27
37.267,275.13,104.47,318.87
172.73,274.07,263.4,406.33
26.6,167.4,118.33,255.93
178.07,385,241,456.47
11.667,181.27,70.333,255.93
20.2,21.267,83.133,89.533
1,120.47,86.333,254.87
123.67,258.07,220.73,454.33
134.33,209,218.6,251.67
5.2667,405.27,73.533,484.2
66.067,9.5333,130.07,264.47
1,102.33,69.267,195.13
125.8,78.867,275.13,463.93
149.27,379.67,274.07,460.73
51.133,404.2,200.47,511.93
44.733,404.2,98.067,472.47
1,348.73,75.667,443.67
18.067,242.07,124.73,318.87
175.93,418.07,275.13,463.93
175.93,407.4,241,456.47
1,242.07,124.73,329.53
1,1,104.47,138.6
1,57.533,45.8,121.53
126.87,366.87,241,455.4
76.733,431.93,121.53,474.6
142.87,461.8,342.33,511.93
193,153.53,253.8,206.87
185.53,252.73,263.4,408.47
170.6,239.93,232.47,284.73
217.53,229.27,259.13,282.6
129,385,233.53,456.47
146.07,196.2,342.33,511.93
127.93,265.53,207.93,428.73
284.73,146.07,342.33,194.07
47.933,1,118.33,167.4
86.333,1,156.73,121.53
127.93,131.13,231.4,228.2
261.27,197.27,342.33,308.2
27.667,307.13,85.267,353
178.07,257,275.13,463.93
197.27,407.4,239.93,449
171.67,53.267,246.33,142.87
270.87,294.33,342.33,346.6
1,62.867,92.733,152.47
5.2667,348.73,102.33,494.87
143.93,60.733,207.93,103.4
137.53,303.93,241,456.47
1,141.8,57.533,182.33
167.4,147.13,239.93,206.87
273,295.4,342.33,476.73
14.867,452.2,72.467,511.93
1,280.47,43.667,345.53
129,239.93,220.73,312.47
1,66.067,52.2,122.6
126.87,49,244.2,239.93
188.73,386.07,241,455.4
44.733,262.33,126.87,462.87
1,29.8,122.6,459.67
41.533,292.2,100.2,347.67
5.2667,405.27,102.33,494.87
185.53,255.93,254.87,302.87
33,191.93,100.2,257
86.333,1,157.8,190.87
123.67,36.2,255.93,239.93
1,110.87,58.6,205.8
161,74.6,262.33,239.93
51.133,374.33,241,511.93
140.73,37.267,241,159.93
1,167.4,47.933,254.87
1,66.067,81,130.07
1,230.33,115.13,350.87
1,1,120.47,195.13
44.733,389.27,124.73,472.47
185.53,373.27,239.93,421.27
1,29.8,52.2,165.27
26.6,198.33,100.2,254.87
38.333,170.6,118.33,212.2
1,190.87,100.2,308.2
127.93,265.53,204.73,428.73
127.93,131.13,254.87,229.27
45.8,118.33,123.67,251.67
5.2667,110.87,52.2,182.33
1,1,79.933,88.467
35.133,68.2,97,125.8
106.6,1,167.4,43.667
149.27,385,274.07,460.73
85.267,1,228.2,74.6
59.667,459.67,159.93,511.93
203.67,257,261.27,407.4
190.87,390.33,342.33,511.93
161,193,250.6,239.93
1,424.47,71.4,479.93
50.067,378.6,164.2,511.93
59.667,459.67,135.4,511.93
253.8,129,298.6,196.2
177,372.2,241,420.2
203.67,257,263.4,408.47
137.53,345.53,204.73,418.07
1,1,102.33,121.53
137.53,97,239.93,166.33
150.33,1,342.33,152.47
225,470.33,310.33,511.93
37.267,348.73,101.27,403.13
1,30.867,111.93,136.47
61.8,69.267,106.6,124.73
149.27,345.53,274.07,460.73
127.93,36.2,241,159.93
84.2,440.47,196.2,483.13
1,98.067,57.533,213.27
127.93,218.6,275.13,463.93
1,440.47,70.333,511.93
157.8,1,342.33,147.13
1,270.87,111.93,354.07
1,113,58.6,205.8
134.33,209,215.4,251.67
125.8,345.53,274.07,460.73
153.53,122.6,239.93,166.33
188.73,374.33,241,422.33
135.4,251.67,220.73,315.67
78.867,141.8,124.73,246.33
1,43.667,41.533,106.6
50.067,378.6,101.27,421.27
37.267,348.73,101.27,430.87
135.4,147.13,254.87,254.87
81,184.47,124.73,250.6
185.53,255.93,254.87,323.13
11.667,167.4,118.33,255.93
175.93,385,275.13,463.93
25.533,62.867,92.733,116.2
126.87,366.87,199.4,454.33
1,1,102.33,156.73
146.07,251.67,220.73,312.47
1,167.4,47.933,217.53
41.533,270.87,111.93,347.67
26.6,120.47,86.333,254.87
249.53,122.6,312.47,206.87
282.6,1,342.33,152.47
124.73,1,175.93,44.733
11.667,174.87,78.867,255.93
137.53,305,189.8,349.8
5.2667,409.53,60.733,455.4
1,62.867,92.733,177
1,227.13,44.733,308.2
188.73,241,232.47,281.53
125.8,366.87,200.47,457.53
261.27,197.27,342.33,470.33
198.33,374.33,241,419.13
1,297.53,56.467,354.07
134.33,373.27,202.6,431.93
4.2,334.87,73.533,387.13
1,167.4,118.33,308.2
126.87,210.07,257,285.8
1,1,97,95.933
131.13,414.87,195.13,455.4
273,393.53,342.33,471.4
162.07,42.6,241,94.867
58.6,1,106.6,95.933
143.93,66.067,244.2,138.6
1,332.73,101.27,459.67
239.93,1,340.2,132.2
26.6,180.2,81,254.87
41.533,262.33,126.87,462.87
1,29.8,122.6,303.93
46.867,1,106.6,139.67
161,143.93,253.8,206.87
137.53,97,253.8,206.87
1,30.867,104.47,125.8
95.933,373.27,202.6,468.2
1,1,104.47,91.667
76.733,379.67,136.47,483.13
267.67,203.67,319.93,291.13
143.93,54.333,207.93,103.4
57.533,270.87,111.93,312.47
51.133,294.33,104.47,350.87
127.93,74.6,174.87,130.07
1,441.53,72.467,511.93
171.67,241,232.47,283.67
127.93,242.07,261.27,428.73
125.8,209,218.6,269.8
1,57.533,41.533,106.6
61.8,69.267,103.4,124.73
49,410.6,135.4,511.93
179.13,466.07,342.33,511.93
95.933,390.33,145,468.2
1,190.87,115.13,308.2
23.4,278.33,104.47,355.13
270.87,389.27,342.33,470.33
125.8,377.53,210.07,455.4
33,344.47,111.93,485.27
185.53,1,251.67,41.533
161,154.6,254.87,254.87
204.73,53.267,246.33,142.87
14.867,461.8,69.267,511.93
26.6,116.2,124.73,254.87
277.27,391.4,342.33,470.33
38.333,218.6,85.267,262.33
41.533,305,85.267,347.67
175.93,373.27,241,420.2
175.93,373.27,239.93,421.27
37.267,242.07,122.6,312.47
27.667,423.4,72.467,511.93
135.4,201.53,259.13,315.67
84.2,440.47,145,489.53
70.333,131.13,114.07,173.8
177,153.53,239.93,206.87
129,271.93,205.8,425.53
33,191.93,85.267,262.33
58.6,431.93,145,511.93
1,40.467,104.47,136.47
193,143.93,253.8,206.87
266.6,286.87,342.33,394.6
1,37.267,82.067,152.47
1,139.67,81,254.87
175.93,385,271.93,461.8
19.133,117.27,66.067,179.13
61.8,69.267,103.4,118.33
135.4,377.53,210.07,428.73
162.07,377.53,210.07,428.73
71.4,410.6,119.4,457.53
50.067,378.6,114.07,458.6
69.267,69.267,113,167.4
1,167.4,124.73,254.87
28.733,243.13,101.27,308.2
161,143.93,223.93,193
129,321,175.93,425.53
259.13,196.2,342.33,394.6
129,273,212.2,372.2
71.4,390.33,124.73,462.87
1,294.33,63.933,350.87
51.133,440.47,196.2,511.93
1,113,43.667,161
35.133,55.4,102.33,122.6
255.93,129,342.33,199.4
129,273,212.2,434.07
156.73,37.267,241,81
1,43.667,41.533,92.733
27.667,307.13,89.533,364.73
185.53,373.27,241,455.4
1,1,124.73,195.13
5.2667,405.27,62.867,459.67
41.533,302.87,104.47,350.87
81,219.67,122.6,277.27
1,1,104.47,125.8
149.27,388.2,274.07,460.73
23.4,306.07,86.333,354.07
1,167.4,118.33,349.8
15.933,110.87,66.067,175.93
126.87,131.13,257,285.8
55.4,309.27,104.47,350.87
239.93,1,342.33,152.47
1,190.87,79.933,306.07
1,1,95.933,88.467
135.4,152.47,254.87,254.87
131.13,321,204.73,418.07
127.93,74.6,243.13,205.8
125.8,233.53,219.67,306.07
133.27,274.07,205.8,418.07
34.067,170.6,118.33,255.93
1,139.67,52.2,205.8
168.47,239.93,232.47,280.47
1,359.4,75.667,443.67
5.2667,119.4,79.933,193
63.933,1,131.13,167.4
202.6,74.6,246.33,167.4
177,37.267,241,81
161,154.6,238.87,250.6
54.333,308.2,104.47,350.87
186.6,372.2,241,418.07
172.73,274.07,263.4,405.27
133.27,271.93,205.8,418.07
134.33,251.67,223.93,306.07
197.27,257,263.4,407.4
145,466.07,342.33,511.93
129,250.6,263.4,405.27
127.93,74.6,254.87,229.27
225,465,310.33,511.93
127.93,147.13,239.93,229.27
135.4,152.47,236.73,239.93
1,314.6,109.8,455.4
31.933,423.4,72.467,511.93
267.67,199.4,342.33,297.53
1,167.4,47.933,229.27
129,265.53,189.8,426.6
1,29.8,52.2,177
133.27,274.07,191.93,349.8
137.53,337,206.87,427.67
255.93,89.533,342.33,196.2
196.2,274.07,266.6,406.33
125.8,44.733,210.07,101.27
1,29.8,52.2,122.6
1,1,120.47,177
127.93,131.13,243.13,229.27
78.867,165.27,124.73,246.33
1,376.47,73.533,443.67
161,193,255.93,281.53
170.6,241,227.13,284.73
190.87,404.2,233.53,449
129,366.87,185.53,434.07
1,167.4,63.933,226.07
273,363.67,342.33,470.33
1,37.267,99.133,177
26.6,191.93,85.267,262.33
147.13,466.07,342.33,511.93
190.87,465,342.33,511.93
56.467,447.93,98.067,490.6
1,334.87,73.533,456.47
77.8,262.33,124.73,401
126.87,49,204.73,130.07
26.6,191.93,122.6,303.93
161,1,264.47,111.93
125.8,154.6,254.87,306.07
134.33,242.07,261.27,335.93
126.87,49,244.2,138.6
78.867,107.67,122.6,212.2
268.73,294.33,342.33,476.73
269.8,290.07,342.33,394.6
58.6,6.3333,100.2,58.6
203.67,257,261.27,406.33
17,79.933,82.067,136.47
28.733,243.13,115.13,308.2
146.07,389.27,342.33,511.93
161,374.33,211.13,414.87
125.8,209,219.67,306.07
33,191.93,100.2,255.93
255.93,130.07,342.33,194.07
126.87,210.07,257,275.13
53.267,168.47,106.6,235.67
131.13,414.87,193,455.4
78.867,1,120.47,131.13
277.27,391.4,318.87,460.73
126.87,49,174.87,130.07
225,469.27,342.33,511.93
1,113,81,254.87
84.2,440.47,145,511.93
126.87,71.4,174.87,127.93
161,1,228.2,41.533
134.33,209,218.6,257
137.53,97,235.67,166.33
27.667,307.13,89.533,360.47
44.733,294.33,104.47,350.87
52.2,109.8,99.133,177
65,203.67,106.6,255.93
35.133,409.53,82.067,466.07
175.93,374.33,241,419.13
45.8,130.07,124.73,249.53
17,117.27,66.067,175.93
5.2667,137.53,58.6,181.27
210.07,255.93,254.87,323.13
161,193,255.93,239.93
69.267,1,120.47,131.13
50.067,378.6,101.27,447.93
188.73,385,241,455.4
25.533,1,78.867,88.467
130.07,345.53,209,397.8
1,167.4,51.133,229.27
42.6,36.2,83.133,91.667
84.2,440.47,134.33,483.13
25.533,25.533,83.133,89.533
1,167.4,47.933,226.07
1,294.33,42.6,349.8
269.8,290.07,342.33,470.33
45.8,130.07,101.27,197.27
137.53,351.93,196.2,418.07
177,374.33,241,420.2
141.8,152.47,236.73,239.93
274.07,135.4,342.33,194.07
137.53,343.4,209,427.67
122.6,34.067,178.07,74.6
76.733,431.93,119.4,474.6
188.73,385,233.53,449
133.27,307.13,175.93,349.8
84.2,431.93,145,511.93
186.6,242.07,261.27,335.93
161,154.6,238.87,206.87
127.93,147.13,231.4,228.2
23.4,305,70.333,350.87
18.067,405.27,73.533,484.2
1,110.87,50.067,195.13
45.8,130.07,86.333,197.27
62.867,376.47,109.8,421.27
225,389.27,342.33,511.93
1,243.13,115.13,350.87
177,345.53,241,420.2
26.6,191.93,106.6,262.33
131.13,321,204.73,428.73
42.6,55.4,102.33,119.4
28.733,457.53,72.467,511.93
1,293.27,42.6,349.8
1,440.47,98.067,511.93
178.07,407.4,241,456.47
1,81,53.267,152.47
186.6,374.33,241,418.07
188.73,381.8,230.33,422.33
166.33,468.2,236.73,511.93
47.933,75.667,100.2,118.33
133.27,306.07,205.8,418.07
31.933,243.13,101.27,308.2
5.2667,403.13,51.133,456.47
1,37.267,42.6,79.933
23.4,305,86.333,355.13
13.8,1,104.47,91.667
125.8,44.733,210.07,102.33
273,325.27,342.33,394.6
133.27,306.07,205.8,349.8
134.33,251.67,261.27,335.93
20.2,81,82.067,136.47
25.533,25.533,81,89.533
6.3333,332.73,47.933,376.47
1,37.267,42.6,152.47
49,109.8,99.133,177
35.133,39.4,104.47,125.8
4.2,334.87,47.933,386.07
42.6,68.2,97,119.4
185.53,1,263.4,41.533
39.4,243.13,84.2,303.93
136.47,209,210.07,251.67
61.8,356.2,106.6,398.87
39.4,218.6,89.533,263.4
161,152.47,238.87,206.87
127.93,265.53,191.93,349.8
273,295.4,342.33,338.07
253.8,129,342.33,194.07
17,81,82.067,136.47
129,149.27,242.07,205.8
76.733,1,120.47,60.733
126.87,210.07,254.87,271.93
178.07,132.2,254.87,203.67
129,345.53,209,434.07
1,234.6,56.467,308.2
33,344.47,111.93,408.47
1,305,63.933,350.87
201.53,257,261.27,321
141.8,251.67,220.73,306.07
8.4667,223.93,49,287.93
42.6,68.2,85.267,119.4
161,193,236.73,250.6
52.2,356.2,111.93,408.47
1,358.33,73.533,456.47
1,218.6,89.533,308.2
1,334.87,73.533,443.67
1,190.87,89.533,308.2
63.933,1,120.47,139.67
134.33,209,215.4,257
274.07,325.27,333.8,386.07
166.33,462.87,342.33,511.93
76.733,172.73,118.33,225
139.67,301.8,191.93,349.8
177,154.6,238.87,198.33
57.533,170.6,118.33,212.2
8.4667,218.6,89.533,290.07
166.33,467.13,263.4,511.93
63.933,52.2,113,139.67
276.2,411.67,342.33,479.93
201.53,257,261.27,318.87
211.13,289,255.93,335.93
295.4,469.27,342.33,511.93
44.733,302.87,104.47,350.87
225,465,342.33,511.93
1,37.267,42.6,93.8
262.33,198.33,342.33,297.53
274.07,325.27,342.33,394.6
266.6,1,309.27,45.8
20.2,1,83.133,89.533
1,81,53.267,139.67
1,353,73.533,456.47
34.067,209,102.33,255.93
1,223.93,79.933,306.07
13.8,1,83.133,91.667
161,193,236.73,239.93
209,325.27,263.4,406.33
20.2,1,97,89.533
23.4,305,63.933,350.87
262.33,198.33,319.93,291.13
276.2,394.6,342.33,479.93
166.33,469.27,236.73,511.93
145,351.93,196.2,399.93
282.6,33,342.33,152.47
253.8,129,298.6,186.6
