1,1,512.2,384.2
1,1,358.6,153.8
209.8,1,306.6,152.2
1,1,356.2,337.8
1,59.4,512.2,384.2
142.6,15.4,261.8,169
1,1,168.2,165
20.2,160.2,259.4,384.2
1,1,358.6,384.2
318.6,180.2,512.2,384.2
253.8,182.6,294.6,321.8
284.2,242.6,512.2,384.2
173,52.2,223.4,108.2
203.4,1,512.2,341
439.4,1,512.2,140.2
4.2,52.2,223.4,153.8
21.8,74.6,241,203.4
1,1,389.8,384.2
1,1,389.8,203.4
189.8,1,449,384.2
1,1,356.2,169
213.8,237,358.6,384.2
1,88.2,263.4,384.2
281.8,131.4,512.2,384.2
274.6,1,512.2,253
1,1,313,324.2
205.8,103.4,263.4,160.2
100.2,1,305,145
245,31.4,310.6,129
12.2,109.8,512.2,384.2
247.4,1,512.2,253
285.8,1,512.2,346.6
1,110.6,322.6,384.2
257,1,368.2,113.8
281,59.4,512.2,265
253,97.8,302.6,192.2
1,1,145,165
1,1,305,384.2
353,1,512.2,133
1,29,313,384.2
1,109.8,265,384.2
1,221.8,313,384.2
1,1,512.2,346.6
232.2,1,512.2,328.2
1,1,287.4,119.4
1,110.6,261.8,384.2
285,1,512.2,299.4
235.4,23.4,320.2,141.8
1,1,358.6,150.6
1,87.4,205.8,335.4
141.8,221.8,313,384.2
298.6,1,512.2,192.2
172.2,110.6,239.4,172.2
220.2,88.2,305,319.4
396.2,1,512.2,346.6
1,1,355.4,149
281,59.4,512.2,384.2
177,29,313,321.8
213.8,237,343.4,384.2
1,1,288.2,152.2
224.2,1,512.2,384.2
168.2,31.4,233.8,121
268.2,51.4,313,103.4
1,1,358.6,318.6
164.2,1,512.2,384.2
285.8,1,430.6,299.4
12.2,109.8,265,384.2
1,156.2,46.6,247.4
194.6,16.2,303.4,304.2
1,199.4,512.2,384.2
1,52.2,265,384.2
181,14.6,225.8,101
245,73,329.8,149
1,1,305,169
261.8,149.8,312.2,328.2
127.4,73,329.8,328.2
245.8,1,512.2,149
1,65,184.2,337.8
189.8,1,512.2,384.2
1,148.2,73,236.2
247.4,1,389.8,116.2
1,49,112.2,140.2
247.4,1,444.2,237
1,1,389.8,329.8
1,117.8,299.4,384.2
391.4,1,512.2,346.6
213.8,180.2,512.2,384.2
320.2,5.8,444.2,193.8
194.6,24.2,313,324.2
389,315.4,440.2,374.6
1,162.6,89,384.2
1,1,288.2,185
164.2,1,512.2,341
1,1,356.2,45.8
181,14.6,225.8,81.8
168.2,55.4,225,105.8
1,134.6,168.2,321.8
395.4,172.2,512.2,384.2
266.6,144.2,315.4,319.4
13.8,65,174.6,152.2
1,81,67.4,140.2
261.8,145,512.2,384.2
194.6,16.2,306.6,329.8
106.6,109,251.4,271.4
67.4,87.4,205.8,209
288.2,165,449,384.2
1,1,310.6,319.4
12.2,238.6,57,337
285.8,1,426.6,108.2
209.8,1,444.2,329.8
84.2,117.8,142.6,275.4
1,1,132.2,79.4
189.8,165,449,384.2
361,1,512.2,384.2
1,61.8,176.2,158.6
1,1,330.6,153.8
1,87.4,512.2,384.2
194.6,16.2,306.6,304.2
1,1,201.8,169
1,144.2,259.4,384.2
296.2,145,373.8,274.6
1,87.4,205.8,384.2
290.6,332.2,368.2,384.2
245,85,320.2,141.8
261.8,1,512.2,384.2
441,178.6,512.2,290.6
245,73,329.8,328.2
395.4,161,512.2,384.2
164.2,14.6,320.2,341
194.6,24.2,313,321.8
128.2,209.8,184.2,289
173.8,73.8,263.4,149.8
412.2,1,512.2,105.8
1,65,329.8,337.8
1,38.6,108.2,81
221,1,389.8,129.8
1,1,358.6,149
247.4,1,512.2,384.2
1,65,207.4,173
298.6,1,512.2,233
224.2,145,512.2,384.2
1,1,241,203.4
1,145.8,130.6,384.2
245,85,307.4,141.8
260.2,44.2,300.2,89
284.2,224.2,359.4,384.2
408.2,161,512.2,346.6
1,29.8,217.8,149
1,1,330.6,149.8
100.2,1,389.8,129.8
340.2,161,512.2,384.2
45,145.8,128.2,261
285.8,1,426.6,129.8
22.6,98.6,100.2,139.4
205.8,101.8,263.4,144.2
293.8,106.6,384.2,187.4
317.8,181,512.2,384.2
209.8,1,315.4,329.8
1,145,73,329.8
171.4,110.6,261,278.6
198.6,26.6,297.8,318.6
266.6,29,313,122.6
1,221.8,512.2,384.2
261.8,250.6,465.8,384.2
199.4,153,255.4,208.2
274.6,106.6,394.6,253
432.2,177,512.2,346.6
1,162.6,57,384.2
1,1,287.4,44.2
1,17.8,149,66.6
281.8,165,449,384.2
1,72.2,111.4,129.8
27.4,240.2,178.6,384.2
1,49,112.2,91.4
198.6,23.4,320.2,318.6
224.2,320.2,299.4,384.2
192.2,102.6,248.2,143.4
48.2,24.2,145,73.8
1,61.8,170.6,150.6
1,1,132.2,165
1,61.8,203.4,185
1,109,261,304.2
21,221.8,313,384.2
1,1,201.8,44.2
172.2,52.2,220.2,105
181.8,69,302.6,195.4
427.4,1,512.2,91.4
411.4,317.8,512.2,384.2
290.6,249.8,427.4,384.2
179.4,87.4,248.2,143.4
1,29,196.2,149
1,144.2,143.4,384.2
400.2,175.4,512.2,384.2
194.6,28.2,302.6,321.8
1,29,196.2,93
432.2,177,512.2,333
1,145.8,130.6,277.8
203.4,125.8,308.2,341
142.6,15.4,261.8,144.2
164.2,1,287.4,102.6
1,29,106.6,75.4
281,145,512.2,294.6
253,1,355.4,89
274.6,106.6,384.2,253
281,88.2,329.8,149
74.6,1,287.4,102.6
412.2,202.6,474.6,267.4
285.8,1,512.2,149
1,29.8,217.8,105
297.8,222.6,369.8,277.8
63.4,196.2,125,308.2
334.6,67.4,430.6,265
119.4,171.4,245.8,329
1,148.2,129.8,304.2
426.6,1,512.2,103.4
173,52.2,263.4,144.2
1,1,306.6,329.8
13.8,65,184.2,173
285.8,1,409,127.4
340.2,167.4,512.2,384.2
286.6,237,337,299.4
181.8,29,313,321.8
1,109,313,384.2
1,61.8,208.2,173.8
141.8,46.6,193,100.2
284.2,155.4,512.2,384.2
163.4,295.4,218.6,384.2
48.2,24.2,128.2,73.8
1,148.2,55.4,188.2
45,144.2,124.2,263.4
171.4,110.6,261,259.4
12.2,161.8,261.8,384.2
260.2,1,389.8,74.6
47.4,326.6,101.8,384.2
286.6,45,363.4,299.4
67.4,87.4,205.8,205
298.6,106.6,384.2,187.4
124.2,22.6,257.8,74.6
21,230.6,262.6,384.2
252.2,217,298.6,329.8
1,29,111.4,119.4
168.2,55.4,225,106.6
141.8,221.8,262.6,384.2
224.2,311.4,299.4,384.2
316.2,344.2,397.8,384.2
223.4,85.8,302.6,143.4
235.4,23.4,303.4,89
98.6,32.2,194.6,92.2
257,33,301,89.8
341.8,242.6,440.2,289.8
445.8,181,512.2,292.2
1,240.2,178.6,384.2
1,156.2,69.8,261
1,52.2,224.2,236.2
1,80.2,72.2,139.4
320.2,5.8,444.2,195.4
290.6,249.8,417,384.2
317.8,250.6,404.2,359.4
429.8,1,512.2,149.8
1,52.2,223.4,153.8
1,1,201.8,123.4
53,87.4,205.8,209
1,1,287.4,173.8
98.6,31.4,233.8,102.6
245.8,65,303.4,145
235.4,16.2,330.6,141.8
414.6,1,456.2,59.4
141.8,52.2,193,100.2
1,20.2,145,78.6
4.2,117.8,184.2,312.2
464.2,131.4,512.2,233
449.8,332.2,508.2,384.2
396.2,59.4,454.6,132.2
65.8,88.2,199.4,239.4
340.2,336.2,411.4,384.2
100.2,1,271.4,107.4
1,117.8,184.2,384.2
164.2,301,236.2,384.2
1,1,201.8,152.2
72.2,265,129,353
1,145.8,128.2,335.4
181,110.6,261,259.4
127.4,109,261,275.4
364.2,242.6,440.2,289.8
318.6,249.8,417,384.2
235.4,23.4,307.4,141.8
4.2,52.2,220.2,209
164.2,301,206.6,353.8
27.4,240.2,176.2,384.2
286.6,45,430.6,299.4
140.2,221.8,313,384.2
225,293.8,313,384.2
1,134.6,162.6,337.8
1,1,356.2,149
253.8,194.6,294.6,321.8
252.2,1,389.8,63.4
416.2,109,497.8,179.4
203.4,184.2,256.2,260.2
293.8,5.8,444.2,237
1,76.2,67.4,140.2
1,137.8,130.6,384.2
298.6,49.8,497.8,190.6
469,177,512.2,232.2
1,1,355.4,89
391.4,131.4,512.2,384.2
1,155.4,66.6,248.2
173.8,73.8,222.6,117
1,153.8,73,236.2
57,108.2,163.4,173
172.2,52.2,223.4,105
1,161,73,236.2
249.8,131.4,315.4,329.8
413,1,485.8,73
292.2,281,345,384.2
1,20.2,145,73.8
253.8,194.6,294.6,321
293.8,5.8,444.2,195.4
412.2,202.6,465.8,257.8
100.2,1,271.4,100.2
1,42.6,111.4,119.4
27.4,252.2,176.2,384.2
1,83.4,104.2,149
1,74.6,173.8,156.2
1,145.8,130.6,335.4
268.2,51.4,313,113.8
169,28.2,266.6,131.4
17,238.6,57,302.6
46.6,131.4,197.8,341.8
285.8,16.2,345.8,127.4
1,1,330.6,141.8
1,61.8,176.2,169
212.2,311.4,299.4,384.2
458.6,227.4,505,278.6
43.4,134.6,162.6,271.4
1,82.6,106.6,149
13.8,65,207.4,173
43.4,153,299.4,384.2
1,30.6,106.6,75.4
177,83.4,248.2,143.4
412.2,188.2,482.6,271.4
1,24.2,200.2,149
369.8,336.2,411.4,384.2
191.4,161,512.2,384.2
171.4,103.4,263.4,278.6
382.6,270.6,487.4,365.8
1,59.4,111.4,149
1,25,217.8,149
63.4,222.6,143.4,316.2
63.4,225,117.8,308.2
57.8,83.4,203.4,185
453.8,1,512.2,45
412.2,175.4,473,277
429.8,253.8,512.2,325
106.6,137,198.6,271.4
207.4,125.8,308.2,341
252.2,288.2,294.6,329.8
253,117.8,296.2,319.4
418.6,1,512.2,91.4
57.8,61.8,208.2,173.8
439.4,149,512.2,233
368.2,110.6,512.2,190.6
198.6,25,305,319.4
464.2,166.6,512.2,233
391.4,273,481.8,351.4
353,1,512.2,146.6
322.6,1,368.2,88.2
1,49,111.4,139.4
361,1,512.2,187.4
95.4,309.8,147.4,369
65.8,88.2,199.4,185
396.2,1,512.2,209
1,1,290.6,149
384.2,173,447.4,221
412.2,317.8,512.2,384.2
1,1,287.4,152.2
253,16.2,330.6,77
1,145.8,128.2,301.8
412.2,175.4,512.2,384.2
401.8,282.6,447.4,338.6
253,97.8,302.6,195.4
181.8,69,302.6,321.8
63.4,196.2,124.2,308.2
357.8,136.2,441.8,190.6
253,16.2,326.6,77
4.2,153.8,48.2,198.6
1,176.2,48.2,240.2
17,238.6,57,287.4
53,87.4,205.8,205
247.4,1,512.2,192.2
1,76.2,131.4,140.2
266.6,29,313,113.8
227.4,311.4,285.8,357
3.4,52.2,176.2,149
344.2,173,512.2,294.6
224.2,207.4,429.8,384.2
1,52.2,207.4,173
1,1,200.2,119.4
357.8,109,497.8,190.6
157,301,235.4,384.2
1,148.2,69.8,247.4
247.4,25.8,301,71.4
1,28.2,200.2,152.2
22.6,52.2,176.2,139.4
287.4,59.4,512.2,265
205.8,101.8,263.4,149.8
1,156.2,69.8,240.2
206.6,237,343.4,384.2
1,28.2,228.2,152.2
235.4,23.4,276.2,89
47.4,148.2,129.8,295.4
1,1,233.8,119.4
353,1,433,99.4
20.2,160.2,322.6,384.2
65.8,88.2,263.4,278.6
1,161,73,329.8
225,141.8,288.2,341
293.8,106.6,384.2,192.2
21.8,74.6,173.8,163.4
1,91.4,111.4,140.2
435.4,288.2,481.8,346.6
299.4,121,360.2,190.6
164.2,14.6,233,117
253,117.8,312.2,328.2
1,52.2,224.2,173
245.8,65,303.4,304.2
188.2,31.4,233.8,121
1,24.2,145,73.8
304.2,332.2,368.2,384.2
142.6,15.4,233.8,121
286.6,321,382.6,384.2
400.2,317.8,512.2,384.2
298.6,62.6,507.4,167.4
233.8,23.4,306.6,152.2
164.2,14.6,308.2,341
361,1,433,80.2
257,28.2,305,102.6
233.8,24.2,306.6,152.2
67.4,61.8,170.6,117
325,16.2,388.2,104.2
1,134.6,322.6,384.2
45,145.8,130.6,261
1,155.4,46.6,248.2
329,308.2,512.2,384.2
453.8,1,499.4,45
1,144.2,124.2,263.4
84.2,145,125,275.4
191.4,237,343.4,384.2
172.2,52.2,223.4,101
198.6,26.6,265.8,133.8
45,145.8,130.6,277.8
174.6,31.4,233.8,102.6
1,119.4,43.4,165
271.4,149.8,312.2,313
37,60.2,112.2,123.4
198.6,25,310.6,319.4
301,321,356.2,384.2
412.2,131.4,512.2,290.6
261.8,250.6,512.2,384.2
166.6,1,233,102.6
203.4,101.8,308.2,341
1,144.2,143.4,325.8
195.4,329.8,235.4,384.2
170.6,52.2,221.8,108.2
198.6,26.6,305,319.4
1,65.8,175.4,169
403.4,155.4,457.8,209
396.2,59.4,461.8,132.2
119.4,240.2,218.6,384.2
46.6,131.4,197.8,312.2
1,1,356.2,135.4
203.4,101.8,288.2,341
4.2,65,175.4,153.8
396.2,59.4,461.8,147.4
189.8,325,235.4,384.2
21.8,74.6,173.8,153
43.4,289.8,175.4,384.2
247.4,13,344.2,116.2
1,97,67.4,140.2
1,38.6,112.2,119.4
1,155.4,46.6,231.4
194.6,28.2,313,321.8
353,45,396.2,99.4
1,74.6,173.8,158.6
119.4,240.2,169,330.6
43.4,289.8,299.4,384.2
47.4,139.4,162.6,271.4
293,268.2,336.2,333
415.4,189,457,260.2
353,1,512.2,233
100.2,28.2,200.2,92.2
141,338.6,212.2,384.2
181.8,77,302.6,195.4
293.8,97,384.2,192.2
329,308.2,417,384.2
361,1,507.4,187.4
429,1,482.6,42.6
245.8,33,305,145
1,49,112.2,152.2
37,83.4,107.4,123.4
298.6,49.8,429.8,167.4
221,22.6,305.8,129.8
164.2,14.6,233,102.6
413,1,512.2,140.2
245,31.4,301.8,129
1,153.8,69.8,321.8
209.8,4.2,351.4,45.8
398.6,189,465,292.2
412.2,202.6,474.6,269
237.8,293.8,313,384.2
1,26.6,200.2,119.4
299.4,62.6,507.4,167.4
169,28.2,305,145
73,289.8,147.4,370.6
164.2,40.2,225,102.6
451.4,149,497.8,201.8
233.8,23.4,304.2,75.4
293,269,343.4,342.6
426.6,161,512.2,346.6
432.2,181,512.2,333
431.4,230.6,482.6,271.4
153,137,198.6,200.2
189.8,283.4,322.6,384.2
245,40.2,301.8,129
130.6,93,241,203.4
317.8,155.4,512.2,384.2
444.2,64.2,512.2,105.8
1,52.2,263.4,173.8
57,87.4,207.4,173
173,52.2,224.2,110.6
113.8,293.8,171.4,336.2
1,49,111.4,152.2
257,28.2,313,197
191.4,228.2,427.4,384.2
252.2,131.4,315.4,329.8
168.2,55.4,225,109
198.6,26.6,299.4,133.8
257,28.2,313,122.6
181.8,77,265,131.4
100.2,31.4,219.4,100.2
257,17,337.8,113.8
1,1,201.8,88.2
398.6,251.4,460.2,294.6
1,81.8,112.2,149
27.4,148.2,69.8,244.2
203.4,141,261,275.4
173,52.2,223.4,105.8
391.4,237,512.2,351.4
101.8,144.2,158.6,224.2
469,167.4,512.2,232.2
257,1,389.8,63.4
221,33,301,129.8
1,42.6,108.2,119.4
1,1,290.6,119.4
1,31.4,233.8,119.4
129,1,271.4,48.2
321,67.4,430.6,265
352.2,1,512.2,190.6
224.2,145,429.8,384.2
1,65.8,175.4,153.8
247.4,1,368.2,113.8
203.4,141.8,288.2,341
232.2,140.2,306.6,328.2
439.4,1,512.2,91.4
422.6,1,512.2,91.4
369.8,331.4,421,384.2
16.2,134.6,162.6,337.8
1,155.4,66.6,301.8
232.2,140.2,309.8,328.2
412.2,201.8,482.6,269.8
245,31.4,303.4,129
198.6,25.8,305,319.4
1,82.6,106.6,128.2
141,301,299.4,384.2
261.8,332.2,332.2,384.2
153,109,204.2,200.2
225,141.8,308.2,341
47.4,326.6,149.8,384.2
4.2,117.8,142.6,275.4
439.4,30.6,512.2,233
209.8,269.8,263.4,321.8
63.4,222.6,143.4,325.8
261.8,17,337.8,95.4
427.4,1,482.6,64.2
224.2,321.8,299.4,384.2
261,33,305,99.4
439.4,1,512.2,105.8
320.2,1,512.2,193.8
197,161.8,242.6,208.2
98.6,31.4,233.8,109
253,65,303.4,145
259.4,40.2,299.4,86.6
413,1,467.4,73
169,40.2,232.2,121.8
45,145.8,128.2,265.8
164.2,14.6,225.8,101
198.6,26.6,299.4,135.4
221,307.4,331.4,384.2
1,121,43.4,165
164.2,1,233,102.6
293.8,97,394.6,192.2
290.6,228.2,427.4,384.2
257,332.2,331.4,384.2
60.2,180.2,184.2,312.2
286.6,234.6,347.4,384.2
290.6,157.8,332.2,213
382.6,270.6,512.2,384.2
301,321,345,384.2
391.4,237,512.2,384.2
100.2,1,271.4,92.2
285.8,1,426.6,127.4
1,29.8,114.6,81
245,95.4,307.4,141.8
253,16.2,330.6,89
245.8,4.2,351.4,45.8
421,237,496.2,294.6
416.2,110.6,512.2,180.2
396.2,59.4,512.2,209
189.8,283.4,331.4,384.2
1,153.8,69.8,268.2
189.8,283.4,261.8,384.2
173.8,73.8,215.4,117
185,117.8,239.4,172.2
412.2,1,462.6,69.8
248.2,1,368.2,113.8
1,134.6,168.2,325.8
169,40.2,232.2,102.6
203.4,125.8,288.2,341
172.2,110.6,258.6,273
243.4,293.8,313,384.2
254.6,149.8,306.6,328.2
221,307.4,322.6,384.2
261.8,5.8,363.4,74.6
1,29.8,194.6,92.2
205.8,103.4,263.4,144.2
1,156.2,46.6,261
263.4,88.2,329.8,149
202.6,103.4,248.2,143.4
1,95.4,67.4,140.2
335.4,117,381.8,216.2
412.2,175.4,512.2,351.4
448.2,270.6,512.2,384.2
348.2,1,389.8,63.4
106.6,139.4,162.6,271.4
284.2,242.6,447.4,384.2
255.4,116.2,297.8,318.6
421,237,512.2,325
119.4,265.8,169,330.6
317.8,250.6,412.2,384.2
1,162.6,48.2,261
13,17.8,149,66.6
412.2,188.2,465,269
405.8,1,512.2,91.4
141.8,295.4,218.6,384.2
181,14.6,233,102.6
396.2,85,438.6,147.4
252.2,131.4,294.6,329.8
317.8,207.4,429.8,384.2
153.8,93,219.4,149
57,87.4,184.2,173
128.2,219.4,184.2,269
449.8,317.8,508.2,384.2
124.2,1,271.4,74.6
426.6,177,512.2,346.6
1,72.2,111.4,165
337,1,409,67.4
298.6,1,512.2,190.6
16.2,196.2,125,337.8
304.2,332.2,358.6,384.2
254.6,270.6,298.6,328.2
284.2,234.6,347.4,384.2
1,176.2,49,240.2
154.6,131.4,197.8,197
412.2,1,512.2,158.6
1,78.6,112.2,119.4
221,293.8,313,384.2
353,42.6,407.4,128.2
369.8,317.8,512.2,384.2
202.6,104.2,263.4,146.6
209.8,269.8,261,321.8
74.6,30.6,196.2,93
1,49,111.4,92.2
412.2,175.4,473,243.4
194.6,28.2,302.6,192.2
46.6,110.6,258.6,341.8
60.2,180.2,158.6,312.2
395.4,80.2,437,133
471.4,285,512.2,384.2
188.2,36.2,228.2,103.4
118.6,240.2,173,339.4
45,134.6,168.2,316.2
245,95.4,320.2,141.8
412.2,188.2,465,237
458.6,218.6,512.2,264.2
412.2,1,469.8,69.8
119.4,153,263.4,329
101.8,144.2,158.6,239.4
286.6,160.2,363.4,299.4
284.2,224.2,347.4,384.2
37,81,109.8,123.4
316.2,344.2,358.6,384.2
141,301,236.2,384.2
4.2,52.2,220.2,153.8
1,17.8,149,88.2
100.2,31.4,200.2,92.2
291.4,145,373.8,277.8
271.4,155.4,312.2,313
253.8,194.6,294.6,286.6
344.2,185.8,408.2,237
299.4,121,360.2,213.8
330.6,62.6,429.8,162.6
194.6,16.2,266.6,131.4
439.4,29.8,485,91.4
441.8,1,499.4,43.4
57.8,61.8,176.2,168.2
101.8,117.8,169.8,239.4
441,131.4,512.2,290.6
1,29.8,114.6,73
258.6,33,301.8,98.6
421,237,465,277
253,97.8,302.6,143.4
412.2,1,512.2,91.4
1,83.4,104.2,144.2
100.2,31.4,219.4,91.4
127.4,109,251.4,243.4
220.2,101.8,273.8,265
45,148.2,124.2,257
260.2,1,389.8,88.2
153.8,93,241,181.8
398.6,252.2,441,294.6
189,269.8,261.8,357
43.4,326.6,149.8,384.2
130.6,163.4,171.4,203.4
444.2,1,512.2,45
171.4,46.6,217.8,105
322.6,1,368.2,74.6
45,144.2,124.2,257
1,1,132.2,73.8
274.6,185.8,315.4,253
172.2,110.6,258.6,190.6
199.4,153,255.4,238.6
281.8,332.2,331.4,384.2
298.6,106.6,384.2,192.2
404.2,1,512.2,129
100.2,28.2,194.6,91.4
357.8,207.4,429.8,258.6
245,84.2,301.8,129
1,29,108.2,81
164.2,301,206.6,361.8
215.4,223.4,256.2,272.2
424.2,317.8,512.2,384.2
21,221.8,262.6,384.2
57.8,88.2,199.4,185
424.2,270.6,487.4,365.8
189.8,283.4,261.8,354.6
299.4,120.2,357.8,167.4
170.6,52.2,263.4,146.6
281.8,165,512.2,384.2
285.8,145,373.8,342.6
128.2,219.4,184.2,261.8
289.8,145,373.8,342.6
439.4,1,499.4,91.4
43.4,139.4,162.6,271.4
112.2,33,194.6,82.6
45,145.8,128.2,277.8
329,207.4,429.8,275.4
325,1,426.6,108.2
197,28.2,257.8,74.6
21.8,74.6,173.8,150.6
86.6,309.8,147.4,370.6
185,117.8,241,181.8
375.4,59.4,512.2,199.4
221,33,301,93
101.8,109,159.4,163.4
1,65.8,175.4,158.6
197,28.2,267.4,96.2
16.2,207.4,76.2,337.8
1,155.4,66.6,242.6
416.2,288.2,481.8,351.4
130.6,131.4,197.8,203.4
141.8,221.8,246.6,306.6
67.4,87.4,184.2,173
86.6,309.8,147.4,369
233.8,24.2,304.2,75.4
106.6,46.6,191.4,91.4
185,117.8,239.4,181.8
27.4,230.6,262.6,384.2
335.4,264.2,385,327.4
439.4,1,512.2,149.8
113.8,161.8,261.8,357
299.4,49.8,349.8,130.6
429.8,178.6,512.2,325
253,16.2,326.6,60.2
245,73,301.8,129
275.4,268.2,346.6,349
191.4,339.4,235.4,384.2
426.6,64.2,512.2,199.4
194.6,28.2,302.6,288.2
205.8,283.4,261.8,354.6
286.6,321,356.2,384.2
172.2,110.6,258.6,260.2
257,28.2,313,113.8
335.4,250.6,404.2,327.4
101.8,134.6,166.6,224.2
273,268.2,346.6,349
84.2,182.6,125,275.4
65.8,109,159.4,168.2
254.6,140.2,306.6,328.2
426.6,64.2,512.2,192.2
449.8,285,512.2,384.2
259.4,65,303.4,128.2
1,153.8,69.8,261
93.8,87.4,184.2,133.8
395.4,180.2,512.2,384.2
245,88.2,329.8,149
398.6,217,512.2,294.6
1,162.6,57,337
141.8,221.8,184.2,303.4
48.2,28.2,128.2,73.8
290.6,147.4,332.2,213
261.8,331.4,465.8,384.2
141.8,269.8,262.6,384.2
273,250.6,404.2,359.4
365,1,426.6,44.2
41.8,100.2,160.2,163.4
207.4,125.8,251.4,177
274.6,144.2,315.4,253
351.4,187.4,393,237
445.8,175.4,497.8,231.4
245.8,88.2,288.2,129.8
398.6,177,447.4,221
216.2,80.2,265,131.4
284.2,265,398.6,384.2
301.8,265,397,334.6
224.2,322.6,299.4,384.2
1,284.2,41.8,384.2
225,251.4,288.2,341
298.6,45,360.2,190.6
189.8,305,261.8,354.6
105,139.4,162.6,271.4
445.8,149,505.8,231.4
46.6,164.2,108.2,257.8
203.4,195.4,256.2,260.2
45,134.6,166.6,316.2
203.4,121,261,275.4
412.2,201.8,474.6,269
92.2,117.8,142.6,201.8
285.8,1,426.6,149
223.4,85.8,289.8,143.4
281,189,369.8,293.8
353,1,437,133
403.4,155.4,488.2,257.8
118.6,265.8,173,339.4
223.4,85.8,302.6,192.2
281,145,373.8,293.8
389,167.4,447.4,217
23.4,243.4,89,384.2
25,173,79.4,256.2
73,289.8,175.4,370.6
1,161,43.4,225
404.2,62.6,507.4,129
317.8,267.4,388.2,359.4
398.6,246.6,512.2,294.6
275.4,207.4,429.8,384.2
254.6,155.4,298.6,328.2
408.2,201.8,482.6,269.8
382.6,283.4,441,358.6
285.8,145,374.6,342.6
281,145,374.6,342.6
199.4,153,263.4,321.8
261.8,10.6,336.2,65
193,31.4,233.8,121
45,148.2,143.4,316.2
388.2,173,447.4,221
429.8,178.6,512.2,351.4
318.6,145,361.8,205
69.8,81,174.6,121.8
69,52.2,176.2,117
259.4,49,301,89.8
128.2,209.8,184.2,261.8
393,273,447.4,366.6
215.4,103.4,263.4,144.2
23.4,243.4,212.2,384.2
100.2,31.4,199.4,92.2
34.6,83.4,104.2,128.2
298.6,49.8,384.2,167.4
438.6,64.2,512.2,105.8
344.2,173,457,263.4
106.6,140.2,161.8,271.4
191.4,340.2,235.4,384.2
416.2,118.6,512.2,180.2
296.2,167.4,373.8,245.8
207.4,141,261,227.4
290.6,332.2,331.4,384.2
353,1,463.4,99.4
118.6,93,208.2,173.8
166.6,230.6,262.6,341
316.2,344.2,373,384.2
203.4,203.4,261,274.6
81,100.2,160.2,152.2
69.8,65,174.6,121.8
318.6,145,373.8,216.2
113.8,293.8,175.4,349.8
340.2,315.4,440.2,384.2
445.8,149,512.2,233
1,148.2,89,268.2
353,42.6,437,133
287.4,160.2,349.8,245.8
67.4,108.2,163.4,173
4.2,144.2,108.2,257.8
1,110.6,258.6,341.8
203.4,203.4,256.2,272.2
291.4,157.8,332.2,213
188.2,36.2,228.2,102.6
399.4,242.6,440.2,287.4
416.2,118.6,493.8,179.4
403.4,155.4,490.6,209
431.4,288.2,481.8,351.4
181,110.6,261,278.6
263.4,88.2,305,139.4
369.8,331.4,465.8,384.2
223.4,85.8,265,131.4
261.8,332.2,397.8,384.2
118.6,93,184.2,173.8
4.2,144.2,89,198.6
412.2,202.6,455.4,243.4
403.4,155.4,465.8,257.8
426.6,21,473,72.2
353,1,512.2,190.6
298.6,49.8,349.8,146.6
100.2,28.2,228.2,103.4
317.8,250.6,404.2,384.2
286.6,234.6,337,299.4
290.6,147.4,346.6,245.8
471.4,29.8,512.2,75.4
153.8,93,205,145.8
275.4,283.4,321,349
254.6,155.4,301,328.2
321.8,265,413,352.2
352.2,117,392.2,169
54.6,17.8,149,66.6
453.8,1,503.4,45
404.2,62.6,506.6,129
317.8,181,512.2,352.2
341.8,242.6,447.4,366.6
369.8,336.2,417,380.2
198.6,28.2,266.6,131.4
382.6,283.4,441,345
297.8,228.2,347.4,277.8
261,33,305,91.4
284.2,321,382.6,384.2
256.2,88.2,305,319.4
170.6,52.2,221.8,105
296.2,195.4,346.6,245.8
375.4,59.4,454.6,147.4
1,161,46.6,232.2
403.4,150.6,490.6,209
89,117.8,142.6,201.8
119.4,259.4,169,330.6
48.2,28.2,128.2,69
357.8,207.4,429.8,263.4
25,164.2,108.2,257.8
426.6,21,491.4,103.4
432.2,217,512.2,264.2
449,1,499.4,43.4
344.2,185.8,429.8,263.4
286.6,234.6,345,384.2
106.6,109,204.2,271.4
335.4,264.2,379.4,327.4
258.6,33,301.8,90.6
437.8,32.2,491.4,103.4
340.2,315.4,497,384.2
325,1,409,104.2
57,240.2,173,353
84.2,195.4,125,275.4
12.2,238.6,57,302.6
113,131.4,197.8,203.4
106.6,109,261,274.6
285.8,11.4,348.2,85.8
292.2,332.2,345,384.2
398.6,175.4,512.2,326.6
157,301,206.6,353.8
57.8,109,159.4,168.2
456.2,32.2,512.2,115.4
290.6,145,373.8,245.8
287.4,121,360.2,245.8
27.4,240.2,218.6,384.2
317.8,249.8,363.4,298.6
100.2,31.4,219.4,83.4
203.4,203.4,261,275.4
47.4,148.2,115.4,252.2
299.4,74.6,349.8,130.6
221,37,266.6,93
301.8,265,398.6,334.6
153.8,93,219.4,145.8
439.4,1,499.4,64.2
29,185.8,73,236.2
152.2,230.6,262.6,341
353,42.6,396.2,99.4
130.6,143.4,171.4,203.4
197,28.2,302.6,192.2
456.2,309,512.2,384.2
1,156.2,49,240.2
353,42.6,396.2,101.8
293,268.2,346.6,342.6
12.2,226.6,212.2,384.2
384.2,173,457,260.2
197,269.8,262.6,384.2
138.6,245.8,184.2,289
100.2,32.2,194.6,91.4
261.8,17,337.8,113.8
100.2,31.4,194.6,82.6
205.8,203.4,263.4,321.8
84.2,198.6,125,275.4
69,67.4,158.6,117
454.6,246.6,512.2,294.6
301,332.2,345,384.2
16.2,207.4,76.2,304.2
205.8,269.8,263.4,321.8
325,16.2,388.2,108.2
261.8,332.2,325,384.2
1,176.2,76.2,304.2
412.2,332.2,497,384.2
205.8,203.4,257.8,275.4
425,238.6,465,292.2
297.8,234.6,347.4,274.6
67.4,122.6,129.8,173
1,192.2,48.2,240.2
396.2,75.4,438.6,147.4
23.4,226.6,212.2,384.2
106.6,33,194.6,91.4
394.6,136.2,441.8,184.2
329,308.2,413,352.2
157,301,206.6,361.8
395.4,85.8,437,133
335.4,264.2,379.4,323.4
29,185.8,73,232.2
396.2,59.4,512.2,192.2
4.2,159.4,46.6,204.2
351.4,185.8,393,226.6
329,207.4,429.8,327.4
65.8,121.8,112.2,163.4
185,117.8,239.4,168.2
299.4,117,384.2,167.4
92.2,139.4,142.6,201.8
418.6,1,462.6,53
57,265,173,353
173,55.4,225,105.8
275.4,297,321,356.2
72.2,265,173,353
351.4,167.4,512.2,326.6
317.8,242.6,440.2,352.2
469,161,512.2,232.2
351.4,167.4,447.4,237
323.4,222.6,369.8,275.4
396.2,59.4,454.6,147.4
426.6,86.6,512.2,192.2
275.4,297,321,349
460.2,246.6,512.2,294.6
337.8,317.8,512.2,384.2
41.8,121.8,112.2,163.4
258.6,33,301,89.8
445.8,185,505.8,231.4
296.2,145,373.8,245.8
321.8,265,397,334.6
340.2,273,497,384.2
173,55.4,217.8,105
353,44.2,396.2,99.4
119.4,161.8,261.8,357
445.8,175.4,512.2,326.6
1,156.2,69.8,246.6
209.8,269.8,261.8,357
1,192.2,48.2,261
198.6,26.6,267.4,133.8
189,317,236.2,384.2
119.4,171.4,261.8,357
46.6,164.2,158.6,312.2
79.4,61.8,176.2,136.2
152.2,230.6,262.6,349
317.8,242.6,447.4,352.2
412.2,329.8,497,384.2
57,265,129,353
298.6,45,345.8,127.4
205.8,180.2,255.4,260.2
432.2,259.4,512.2,333
65.8,109,159.4,163.4
1,206.6,76.2,304.2
289.8,268.2,343.4,342.6
153,137,198.6,184.2
337,1,426.6,67.4
63.4,225,117.8,295.4
330.6,62.6,507.4,162.6
299.4,109.8,357.8,167.4
287.4,67.4,430.6,265
298.6,281,343.4,342.6
342.6,317.8,512.2,384.2
403.4,155.4,465,209
335.4,285,380.2,327.4
185,110.6,239.4,172.2
47.4,148.2,117.8,295.4
393,282.6,447.4,366.6
127.4,93,184.2,173.8
329,222.6,369.8,275.4
166.6,230.6,246.6,306.6
340.2,283.4,497,384.2
298.6,45,342.6,120.2
404.2,62.6,507.4,134.6
140.2,93,184.2,173.8
426.6,86.6,493.8,192.2
287.4,160.2,346.6,245.8
449.8,332.2,497,384.2
47.4,309.8,148.2,384.2
127.4,110.6,251.4,243.4
113.8,293.8,162.6,336.2
415.4,189,465,292.2
220.2,101.8,273.8,147.4
353,1,512.2,115.4
286.6,237,363.4,299.4
215.4,223.4,261,274.6
293,268.2,343.4,342.6
342.6,336.2,417,384.2
453.8,1,512.2,115.4
157,301.8,203.4,353.8
4.2,156.2,46.6,204.2
322.6,5.8,363.4,74.6
351.4,177,404.2,237
197,269.8,262.6,341
97,108.2,163.4,153
47.4,309.8,212.2,384.2
389,167.4,447.4,213
317.8,249.8,413,352.2
157,109,204.2,164.2
299.4,106.6,357.8,167.4
296.2,145,373.8,277.8
321.8,251.4,413,352.2
404.2,87.4,454.6,132.2
456.2,309,506.6,357
20.2,80.2,72.2,129.8
47.4,309.8,147.4,384.2
457,32.2,512.2,115.4
318.6,145,361.8,187.4
