1,301.8,326.33,511.93
1,303.93,61.8,511.93
141.8,1,383.93,511.93
1,1,383.93,511.93
1,1,230.33,125.8
81,1,383.93,214.33
248.47,118.33,383.93,495.93
1,1,226.07,127.93
1,1,270.87,241
1,186.6,326.33,511.93
1,1,108.73,341.27
1,148.2,311.4,364.73
1,56.467,245.27,235.67
1,131.13,383.93,511.93
215.4,232.47,261.27,274.07
1,148.2,312.47,511.93
1,1,383.93,235.67
217.53,267.67,277.27,322.07
88.467,1,152.47,54.333
324.2,159.93,383.93,495.93
1,337,59.667,511.93
1,1,302.87,404.2
1,315.67,319.93,511.93
106.6,24.467,212.2,120.47
1,343.4,165.27,511.93
1,1,319.93,511.93
1,165.27,383.93,511.93
24.467,324.2,113,402.07
119.4,83.133,344.47,242.07
1,1,326.33,511.93
1,118.33,383.93,511.93
1,221.8,164.2,404.2
270.87,106.6,344.47,204.73
1,207.93,165.27,511.93
1,339.13,322.07,511.93
145,1,383.93,511.93
62.867,350.87,133.27,511.93
1,1,314.6,245.27
1,1,157.8,130.07
1,84.2,189.8,252.73
281.53,77.8,328.47,172.73
66.067,1,383.93,249.53
1,1,314.6,241
206.87,442.6,247.4,494.87
1,1,226.07,252.73
69.267,189.8,134.33,255.93
1,234.6,277.27,511.93
25.533,198.33,164.2,371.13
74.6,426.6,116.2,511.93
1,1,248.47,130.07
283.67,1,383.93,295.4
134.33,342.33,220.73,436.2
1,343.4,141.8,511.93
23.4,173.8,162.07,333.8
166.33,396.73,279.4,511.93
1,89.533,100.2,220.73
163.13,186.6,287.93,344.47
109.8,253.8,162.07,322.07
1,1,302.87,215.4
1,56.467,206.87,185.53
1,174.87,164.2,511.93
140.73,1,383.93,511.93
1,1,383.93,341.27
1,303.93,328.47,511.93
1,147.13,164.2,404.2
1,1,106.6,68.2
335.93,59.667,383.93,125.8
292.2,1,383.93,125.8
236.73,101.27,379.67,406.33
152.47,396.73,212.2,452.2
247.4,109.8,378.6,447.93
237.8,447.93,287.93,492.73
1,1,330.6,511.93
1,56.467,270.87,241
164.2,265.53,345.53,463.93
166.33,318.87,383.93,511.93
1,148.2,312.47,342.33
70.333,415.93,204.73,511.93
166.33,396.73,383.93,511.93
37.267,198.33,164.2,511.93
69.267,189.8,146.07,257
5.2667,1,230.33,125.8
283.67,166.33,344.47,357.27
1,343.4,59.667,511.93
134.33,177,291.13,344.47
1,84.2,100.2,220.73
232.47,229.27,287.93,332.73
4.2,1,216.47,127.93
1,147.13,151.4,341.27
1,147.13,182.33,340.2
25.533,198.33,164.2,402.07
257,58.6,383.93,511.93
1,343.4,58.6,511.93
1,1,383.93,252.73
1,1,238.87,186.6
1,148.2,163.13,339.13
145,1,383.93,126.87
299.67,133.27,345.53,307.13
1,242.07,61.8,511.93
1,1,221.8,341.27
104.47,56.467,186.6,140.73
89.533,58.6,131.13,114.07
155.67,342.33,201.53,395.67
45.8,300.73,167.4,440.47
141.8,1,383.93,133.27
159.93,185.53,312.47,342.33
1,148.2,163.13,363.67
188.73,325.27,267.67,399.93
163.13,177,383.93,511.93
106.6,24.467,212.2,136.47
274.07,167.4,330.6,209
213.27,234.6,277.27,329.53
220.73,282.6,268.73,326.33
159.93,177,290.07,341.27
71.4,91.667,284.73,215.4
1,147.13,76.733,290.07
1,1,328.47,511.93
73.533,431.93,200.47,511.93
68.2,362.6,164.2,462.87
81,56.467,383.93,214.33
93.8,81,154.6,137.53
188.73,329.53,242.07,399.93
249.53,106.6,348.73,328.47
119.4,107.67,330.6,511.93
157.8,186.6,323.13,411.67
79.933,383.93,133.27,427.67
222.87,131.13,383.93,511.93
254.87,123.67,301.8,179.13
71.4,381.8,141.8,511.93
157.8,186.6,323.13,402.07
105.53,132.2,197.27,180.2
1,1,296.47,235.67
136.47,301.8,319.93,399.93
57.533,133.27,168.47,186.6
234.6,66.067,383.93,511.93
166.33,281.53,312.47,402.07
271.93,439.4,327.4,511.93
122.6,81,167.4,136.47
1,55.4,101.27,348.73
159.93,190.87,290.07,341.27
78.867,133.27,129,185.53
307.13,95.933,359.4,138.6
178.07,235.67,233.53,322.07
57.533,132.2,245.27,196.2
159.93,175.93,311.4,342.33
1,148.2,328.47,511.93
1,1,108.73,127.93
1,174.87,161,335.93
206.87,377.53,335.93,511.93
159.93,186.6,294.33,344.47
1,1,216.47,186.6
219.67,1,383.93,126.87
24.467,189.8,163.13,363.67
1,1,215.4,157.8
120.47,319.93,330.6,511.93
257,42.6,305,108.73
101.27,361.53,165.27,441.53
324.2,201.53,383.93,494.87
71.4,186.6,326.33,511.93
180.2,233.53,232.47,276.2
197.27,79.933,383.93,511.93
1,1,344.47,511.93
1,358.33,43.667,489.53
313.53,1,383.93,87.4
1,1,226.07,172.73
71.4,337,326.33,511.93
1,1,108.73,75.667
1,70.333,164.2,406.33
183.4,277.27,246.33,319.93
188.73,329.53,242.07,393.53
1,1,238.87,511.93
1,358.33,44.733,442.6
1,1,344.47,402.07
1,70.333,291.13,406.33
1,1,226.07,173.8
86.333,67.133,139.67,134.33
234.6,155.67,294.33,197.27
197.27,42.6,383.93,200.47
188.73,318.87,357.27,473.53
182.33,95.933,383.93,214.33
1,148.2,277.27,364.73
93.8,81,167.4,137.53
188.73,318.87,327.4,410.6
220.73,284.73,330.6,453.27
1,70.333,84.2,181.27
1,339.13,316.73,511.93
120.47,367.93,316.73,511.93
1,1,314.6,406.33
168.47,397.8,367.93,511.93
1,1,106.6,73.533
166.33,118.33,383.93,511.93
305,106.6,348.73,165.27
159.93,186.6,210.07,242.07
4.2,1,216.47,169.53
162.07,188.73,312.47,342.33
93.8,189.8,159.93,260.2
116.2,107.67,330.6,511.93
1,343.4,61.8,511.93
269.8,101.27,344.47,340.2
302.87,343.4,345.53,447.93
51.133,174.87,102.33,239.93
106.6,20.2,221.8,169.53
71.4,381.8,200.47,511.93
282.6,117.27,332.73,187.67
26.6,262.33,83.133,365.8
99.133,386.07,200.47,511.93
1,55.4,173.8,402.07
57.533,125.8,245.27,203.67
145,5.2667,221.8,127.93
119.4,106.6,344.47,233.53
232.47,287.93,314.6,399.93
46.867,301.8,326.33,511.93
141.8,1,383.93,295.4
151.4,61.8,226.07,127.93
24.467,209,163.13,403.13
1,55.4,101.27,355.13
1,147.13,182.33,511.93
75.667,380.73,118.33,450.07
66.067,136.47,294.33,249.53
1,207.93,164.2,404.2
140.73,1,383.93,159.93
139.67,380.73,330.6,511.93
74.6,383.93,133.27,462.87
1,148.2,102.33,335.93
167.4,435.13,225,511.93
173.8,367.93,316.73,511.93
1,1,296.47,139.67
178.07,233.53,276.2,324.2
1,300.73,238.87,511.93
78.867,415.93,204.73,511.93
86.333,120.47,162.07,185.53
145,148.2,245.27,196.2
134.33,165.27,383.93,344.47
140.73,1,383.93,170.6
324.2,159.93,383.93,494.87
166.33,227.13,312.47,402.07
1,303.93,133.27,511.93
141.8,1,332.73,183.4
62.867,308.2,238.87,511.93
149.27,117.27,301.8,195.13
65,221.8,118.33,281.53
57.533,125.8,245.27,196.2
178.07,230.33,276.2,330.6
145,1,383.93,200.47
46.867,54.333,151.4,186.6
82.067,301.8,326.33,511.93
68.2,404.2,116.2,511.93
1,300.73,167.4,511.93
221.8,101.27,379.67,406.33
147.13,107.67,313.53,340.2
205.8,126.87,266.6,172.73
178.07,235.67,276.2,322.07
1,70.333,84.2,235.67
145,1,383.93,125.8
71.4,54.333,132.2,186.6
26.6,1,215.4,134.33
222.87,106.6,383.93,511.93
70.333,323.13,252.73,511.93
1,51.133,100.2,167.4
297.53,330.6,357.27,473.53
257,42.6,383.93,151.4
211.13,230.33,261.27,274.07
273,111.93,348.73,175.93
163.13,190.87,286.87,275.13
175.93,217.53,233.53,269.8
177,233.53,275.13,319.93
66.067,106.6,348.73,249.53
120.47,56.467,184.47,129
179.13,235.67,276.2,325.27
82.067,323.13,326.33,511.93
98.067,376.47,183.4,511.93
206.87,439.4,327.4,511.93
296.47,95.933,359.4,138.6
329.53,241,383.93,511.93
162.07,188.73,291.13,344.47
89.533,91.667,284.73,215.4
248.47,154.6,321,219.67
230.33,371.13,302.87,411.67
83.133,54.333,132.2,115.13
129,12.733,230.33,111.93
134.33,165.27,383.93,511.93
1,84.2,189.8,228.2
181.27,233.53,275.13,290.07
1,51.133,101.27,341.27
37.267,198.33,164.2,405.27
26.6,1,221.8,186.6
1,1,43.667,76.733
45.8,315.67,265.53,511.93
164.2,191.93,218.6,343.4
263.4,79.933,383.93,511.93
77.8,30.867,157.8,130.07
33,23.4,216.47,127.93
202.6,107.67,313.53,340.2
1,148.2,162.07,335.93
45.8,315.67,319.93,511.93
26.6,332.73,113,402.07
18.067,361.53,58.6,445.8
166.33,397.8,257,447.93
45.8,315.67,261.27,398.87
145,136.47,245.27,196.2
108.73,198.33,164.2,296.47
1,350.87,141.8,511.93
1,1,221.8,130.07
35.133,54.333,106.6,115.13
161,95.933,383.93,214.33
127.93,323.13,252.73,395.67
26.6,209,161,365.8
4.2,23.4,104.47,74.6
51.133,155.67,146.07,257
247.4,148.2,313.53,331.67
15.933,174.87,120.47,258.07
1,70.333,155.67,335.93
1,65,83.133,113
26.6,262.33,164.2,511.93
174.87,235.67,330.6,453.27
1,70.333,155.67,348.73
147.13,1,230.33,120.47
163.13,183.4,330.6,453.27
1,1,344.47,242.07
25.533,23.4,216.47,127.93
177,117.27,289,207.93
71.4,381.8,134.33,511.93
1,1,43.667,111.93
127.93,323.13,252.73,396.73
159.93,175.93,287.93,342.33
252.73,170.6,314.6,214.33
70.333,380.73,129,511.93
71.4,91.667,302.87,215.4
1,1,59.667,71.4
182.33,126.87,314.6,214.33
1,358.33,72.467,511.93
70.333,265.53,345.53,511.93
120.47,363.67,330.6,511.93
157.8,227.13,312.47,402.07
234.6,170.6,314.6,214.33
127.93,323.13,252.73,430.87
133.27,371.13,319.93,511.93
105.53,132.2,210.07,231.4
1,226.07,82.067,364.73
1,1,215.4,167.4
5.2667,1,221.8,130.07
75.667,337,118.33,406.33
177,262.33,230.33,324.2
131.13,308.2,238.87,434.07
44.733,143.93,155.67,287.93
227.13,311.4,319.93,399.93
46.867,350.87,200.47,511.93
168.47,241,383.93,511.93
241,446.87,284.73,491.67
177,233.53,277.27,325.27
297.53,330.6,378.6,511.93
137.53,149.27,233.53,198.33
1,147.13,74.6,341.27
133.27,5.2667,221.8,127.93
39.4,177,162.07,228.2
113,391.4,200.47,511.93
159.93,308.2,219.67,364.73
1,191.93,164.2,404.2
230.33,229.27,291.13,332.73
1,27.667,106.6,115.13
218.6,446.87,287.93,492.73
24.467,189.8,159.93,333.8
178.07,234.6,276.2,324.2
106.6,20.2,212.2,169.53
7.4,359.4,61.8,511.93
1,1,105.53,75.667
1,343.4,92.733,511.93
105.53,132.2,209,218.6
142.87,454.33,200.47,511.93
187.67,319.93,328.47,411.67
93.8,17,226.07,137.53
158.87,342.33,220.73,436.2
119.4,107.67,313.53,340.2
296.47,118.33,378.6,212.2
247.4,117.27,344.47,341.27
75.667,381.8,134.33,450.07
26.6,326.33,81,511.93
159.93,186.6,287.93,344.47
163.13,191.93,218.6,339.13
24.467,189.8,159.93,363.67
300.73,1,383.93,159.93
321,466.07,383.93,511.93
1,56.467,206.87,235.67
299.67,442.6,367.93,511.93
98.067,422.33,202.6,511.93
40.467,27.667,135.4,130.07
178.07,232.47,276.2,322.07
26.6,1,175.93,81
113,56.467,206.87,138.6
1,84.2,197.27,252.73
1,70.333,129,185.53
140.73,1,355.13,125.8
215.4,393.53,300.73,453.27
194.07,371.13,319.93,426.6
101.27,312.47,142.87,398.87
113,467.13,194.07,511.93
309.27,165.27,383.93,511.93
175.93,227.13,278.33,321
78.867,117.27,123.67,157.8
166.33,301.8,261.27,349.8
1,349.8,43.667,489.53
1,161,82.067,340.2
53.267,10.6,124.73,61.8
249.53,111.93,348.73,328.47
257,45.8,305,108.73
71.4,75.667,127.93,186.6
1,284.73,82.067,364.73
168.47,397.8,217.53,444.73
127.93,24.467,209,82.067
101.27,253.8,162.07,322.07
238.87,177,383.93,511.93
232.47,190.87,312.47,332.73
311.4,330.6,383.93,511.93
197.27,109.8,378.6,511.93
119.4,138.6,196.2,181.27
55.4,269.8,113,330.6
33,61.8,101.27,127.93
26.6,1,153.53,74.6
117.27,362.6,164.2,406.33
215.4,396.73,317.8,452.2
36.2,58.6,106.6,116.2
26.6,1,215.4,126.87
1,345.53,46.867,442.6
254.87,189.8,313.53,232.47
79.933,390.33,133.27,431.93
1,147.13,51.133,290.07
173.8,367.93,316.73,492.73
227.13,311.4,312.47,399.93
159.93,234.6,277.27,364.73
27.667,58.6,106.6,116.2
263.4,45.8,305,98.067
109.8,253.8,161,329.53
180.2,234.6,276.2,321
157.8,227.13,319.93,402.07
115.13,363.67,310.33,462.87
26.6,300.73,167.4,511.93
75.667,337,117.27,403.13
90.6,91.667,267.67,215.4
281.53,106.6,344.47,191.93
213.27,63.933,296.47,139.67
329.53,165.27,383.93,511.93
257,114.07,301.8,183.4
82.067,337,326.33,511.93
1,349.8,106.6,511.93
254.87,165.27,383.93,317.8
257,42.6,346.6,116.2
248.47,118.33,383.93,357.27
163.13,190.87,287.93,339.13
101.27,361.53,165.27,429.8
1,148.2,99.133,335.93
60.733,223.93,118.33,265.53
185.53,397.8,279.4,511.93
90.6,450.07,166.33,511.93
66.067,136.47,233.53,249.53
77.8,422.33,202.6,511.93
41.533,1,157.8,152.47
162.07,188.73,287.93,342.33
1,349.8,100.2,511.93
106.6,24.467,212.2,169.53
221.8,58.6,383.93,511.93
220.73,282.6,268.73,330.6
45.8,307.13,328.47,511.93
133.27,5.2667,296.47,139.67
241,427.67,311.4,491.67
151.4,19.133,221.8,127.93
159.93,233.53,277.27,364.73
84.2,56.467,206.87,148.2
178.07,232.47,276.2,330.6
178.07,259.13,237.8,324.2
33,62.867,101.27,127.93
337,81,383.93,151.4
179.13,233.53,277.27,322.07
1,71.4,100.2,167.4
283.67,1,383.93,125.8
153.53,340.2,217.53,440.47
204.73,139.67,270.87,186.6
266.6,357.27,314.6,399.93
1,26.6,43.667,76.733
155.67,340.2,201.53,395.67
65,350.87,141.8,467.13
204.73,107.67,285.8,170.6
75.667,381.8,118.33,450.07
187.67,107.67,285.8,170.6
24.467,209,163.13,406.33
50.067,175.93,159.93,260.2
164.2,319.93,311.4,408.47
225,1,330.6,82.067
98.067,422.33,180.2,511.93
275.13,106.6,348.73,191.93
206.87,148.2,289,200.47
68.2,273,163.13,403.13
249.53,154.6,294.33,197.27
181.27,233.53,275.13,319.93
50.067,175.93,163.13,339.13
1,282.6,54.333,348.73
77.8,1,157.8,130.07
204.73,107.67,329.53,184.47
71.4,117.27,124.73,186.6
147.13,1,383.93,151.4
166.33,396.73,257,494.87
119.4,138.6,294.33,233.53
302.87,319.93,345.53,447.93
271.93,265.53,345.53,463.93
119.4,136.47,294.33,233.53
75.667,337,122.6,406.33
40.467,226.07,158.87,405.27
77.8,308.2,238.87,511.93
1,345.53,43.667,487.4
248.47,154.6,344.47,357.27
119.4,106.6,344.47,242.07
162.07,188.73,291.13,341.27
236.73,321,292.2,375.4
250.6,155.67,294.33,197.27
206.87,155.67,294.33,233.53
175.93,227.13,278.33,333.8
335.93,15.933,383.93,125.8
211.13,1,383.93,114.07
213.27,403.13,279.4,449
26.6,1,175.93,74.6
188.73,325.27,242.07,399.93
257,123.67,314.6,188.73
1,339.13,237.8,511.93
105.53,132.2,245.27,243.13
234.6,155.67,313.53,340.2
26.6,24.467,98.067,74.6
40.467,226.07,143.93,405.27
313.53,1,355.13,87.4
179.13,235.67,276.2,322.07
1,1,56.467,68.2
133.27,371.13,319.93,444.73
145,152.47,210.07,196.2
188.73,318.87,296.47,394.6
171.67,24.467,212.2,120.47
213.27,427.67,291.13,491.67
131.13,308.2,238.87,396.73
247.4,109.8,378.6,341.27
62.867,54.333,106.6,115.13
41.533,1,157.8,167.4
39.4,177,90.6,217.53
107.67,132.2,245.27,196.2
185.53,397.8,279.4,449
74.6,376.47,202.6,511.93
120.47,363.67,217.53,462.87
5.2667,1,175.93,130.07
26.6,209,161,403.13
41.533,1,157.8,157.8
238.87,337,326.33,504.47
120.47,56.467,177,129
1,148.2,79.933,335.93
247.4,95.933,378.6,212.2
47.933,1,124.73,41.533
123.67,191.93,164.2,249.53
335.93,1,383.93,125.8
57.533,157.8,161,203.67
270.87,106.6,344.47,217.53
25.533,143.93,173.8,402.07
296.47,1,347.67,56.467
1,345.53,43.667,419.13
249.53,111.93,348.73,209
1,1,157.8,172.73
1,1,55.4,68.2
1,165.27,66.067,313.53
120.47,56.467,184.47,137.53
26.6,312.47,79.933,365.8
311.4,201.53,383.93,511.93
36.2,62.867,81,115.13
74.6,376.47,200.47,511.93
65,132.2,245.27,245.27
21.267,166.33,68.2,260.2
78.867,415.93,203.67,511.93
163.13,340.2,217.53,440.47
82.067,431.93,200.47,511.93
1,1,215.4,134.33
197.27,117.27,333.8,190.87
28.733,148.2,83.133,216.47
213.27,403.13,281.53,456.47
197.27,117.27,333.8,200.47
1,359.4,61.8,511.93
78.867,109.8,122.6,157.8
180.2,467.13,274.07,511.93
5.2667,29.8,57.533,73.533
232.47,386.07,335.93,465
331.67,99.133,383.93,164.2
163.13,190.87,290.07,341.27
323.13,79.933,383.93,239.93
18.067,359.4,72.467,511.93
217.53,234.6,277.27,322.07
33,1,105.53,50.067
45.8,315.67,261.27,511.93
257,42.6,331.67,124.73
1,88.467,86.333,158.87
211.13,1,383.93,151.4
122.6,415.93,177,461.8
161,371.13,319.93,444.73
89.533,23.4,216.47,126.87
275.13,106.6,344.47,191.93
34.067,1,124.73,52.2
209,397.8,274.07,449
173.8,367.93,300.73,492.73
177,233.53,277.27,324.2
325.27,238.87,365.8,312.47
78.867,133.27,168.47,185.53
315.67,118.33,378.6,212.2
44.733,175.93,99.133,249.53
199.4,234.6,276.2,321
104.47,82.067,186.6,140.73
115.13,394.6,156.73,462.87
262.33,360.47,327.4,410.6
71.4,431.93,291.13,511.93
274.07,319.93,357.27,473.53
247.4,148.2,313.53,321
166.33,309.27,223.93,349.8
1,147.13,182.33,402.07
204.73,106.6,348.73,184.47
269.8,101.27,344.47,207.93
4.2,23.4,74.6,74.6
71.4,54.333,151.4,186.6
205.8,126.87,266.6,183.4
321,90.6,383.93,295.4
1,148.2,79.933,299.67
134.33,337,326.33,457.53
164.2,319.93,319.93,426.6
220.73,287.93,314.6,399.93
206.87,442.6,247.4,485.27
108.73,250.6,154.6,334.87
197.27,109.8,283.67,164.2
99.133,56.467,207.93,140.73
295.4,330.6,357.27,473.53
299.67,330.6,378.6,511.93
98.067,422.33,200.47,511.93
1,343.4,58.6,445.8
236.73,318.87,296.47,375.4
313.53,1,383.93,125.8
1,364.73,43.667,440.47
257,114.07,313.53,187.67
213.27,403.13,287.93,492.73
1,148.2,99.133,314.6
263.4,79.933,383.93,239.93
1,363.67,43.667,419.13
136.47,301.8,261.27,395.67
247.4,109.8,344.47,341.27
204.73,106.6,348.73,209
177,233.53,277.27,318.87
45.8,273,164.2,462.87
115.13,337,326.33,462.87
71.4,381.8,187.67,511.93
1,23.4,43.667,75.667
9.5333,166.33,68.2,327.4
82.067,436.2,200.47,511.93
166.33,309.27,312.47,402.07
280.47,111.93,348.73,175.93
1,147.13,101.27,341.27
90.6,91.667,284.73,215.4
47.933,1,124.73,55.4
1,83.133,134.33,186.6
47.933,1,124.73,51.133
45.8,307.13,328.47,399.93
73.533,431.93,284.73,511.93
37.267,266.6,81,346.6
162.07,177,283.67,289
74.6,383.93,133.27,511.93
18.067,361.53,59.667,440.47
56.467,15.933,124.73,61.8
271.93,439.4,363.67,511.93
66.067,136.47,233.53,215.4
247.4,95.933,383.93,212.2
271.93,169.53,321,219.67
292.2,166.33,344.47,357.27
228.2,319.93,327.4,402.07
238.87,427.67,311.4,504.47
271.93,305,345.53,463.93
57.533,132.2,270.87,231.4
1,353,43.667,442.6
70.333,380.73,147.13,511.93
185.53,311.4,312.47,402.07
163.13,190.87,287.93,344.47
206.87,109.8,378.6,511.93
1,165.27,66.067,338.07
57.533,132.2,270.87,241
113,444.73,200.47,511.93
45.8,114.07,86.333,158.87
136.47,340.2,201.53,395.67
84.2,56.467,184.47,148.2
181.27,233.53,275.13,285.8
127.93,323.13,238.87,381.8
193,117.27,289,207.93
142.87,467.13,194.07,511.93
45.8,349.8,95.933,511.93
71.4,431.93,284.73,511.93
71.4,381.8,118.33,511.93
78.867,117.27,124.73,173.8
139.67,436.2,237.8,504.47
158.87,117.27,301.8,195.13
82.067,454.33,147.13,511.93
271.93,169.53,313.53,219.67
1,51.133,83.133,114.07
200.47,13.8,303.93,116.2
152.47,396.73,286.87,453.27
45.8,307.13,142.87,398.87
323.13,79.933,383.93,151.4
278.33,58.6,346.6,116.2
159.93,442.6,284.73,511.93
1,1,56.467,71.4
296.47,118.33,383.93,212.2
247.4,148.2,289,197.27
200.47,19.133,284.73,116.2
211.13,1,383.93,125.8
24.467,209,164.2,406.33
268.73,337,326.33,457.53
44.733,349.8,133.27,511.93
139.67,457.53,274.07,511.93
98.067,376.47,200.47,511.93
5.2667,1,55.4,47.933
4.2,1,152.47,74.6
21.267,165.27,66.067,260.2
162.07,188.73,287.93,339.13
25.533,143.93,164.2,402.07
26.6,1,175.93,186.6
215.4,337,326.33,457.53
175.93,227.13,278.33,289
321,453.27,383.93,511.93
313.53,1,383.93,95.933
51.133,161,182.33,239.93
324.2,201.53,383.93,465
5.2667,54.333,106.6,116.2
274.07,330.6,357.27,473.53
75.667,339.13,158.87,450.07
134.33,29.8,174.87,78.867
225,1,335.93,82.067
273,111.93,348.73,209
5.2667,10.6,140.73,116.2
21.267,166.33,68.2,327.4
159.93,308.2,219.67,351.93
1,147.13,182.33,290.07
149.27,23.4,216.47,126.87
235.67,136.47,292.2,180.2
24.467,221.8,164.2,404.2
86.333,56.467,207.93,185.53
227.13,247.4,277.27,294.33
45.8,300.73,163.13,398.87
24.467,214.33,161,334.87
44.733,143.93,146.07,287.93
119.4,125.8,210.07,169.53
115.13,394.6,286.87,462.87
93.8,81,152.47,137.53
50.067,175.93,99.133,238.87
39.4,349.8,92.733,511.93
1,1,108.73,105.53
1,242.07,42.6,348.73
51.133,161,102.33,239.93
82.067,442.6,274.07,511.93
75.667,339.13,237.8,511.93
212.2,404.2,281.53,456.47
232.47,386.07,306.07,465
99.133,149.27,233.53,215.4
111.93,136.47,196.2,180.2
78.867,443.67,133.27,502.33
200.47,393.53,281.53,456.47
1,147.13,99.133,341.27
139.67,427.67,291.13,511.93
213.27,447.93,285.8,491.67
338.07,114.07,378.6,212.2
178.07,259.13,243.13,324.2
5.2667,1,226.07,127.93
163.13,186.6,323.13,341.27
115.13,390.33,212.2,462.87
78.867,415.93,194.07,511.93
236.73,319.93,345.53,406.33
199.4,233.53,277.27,318.87
232.47,377.53,335.93,465
1,83.133,86.333,170.6
298.6,58.6,350.87,106.6
122.6,23.4,214.33,137.53
5.2667,1,55.4,50.067
137.53,455.4,274.07,511.93
269.8,101.27,379.67,340.2
33,209,161,334.87
283.67,1,383.93,130.07
119.4,123.67,238.87,171.67
1,303.93,57.533,487.4
158.87,23.4,214.33,121.53
163.13,190.87,286.87,341.27
285.8,370.07,326.33,457.53
17,359.4,61.8,445.8
186.6,12.733,230.33,111.93
253.8,170.6,314.6,214.33
7.4,206.87,57.533,340.2
1,51.133,65,113
1,431.93,43.667,489.53
286.87,183.4,328.47,340.2
65,56.467,289,245.27
98.067,422.33,178.07,511.93
123.67,166.33,209,218.6
1,23.4,74.6,105.53
33,220.73,73.533,277.27
7.4,206.87,60.733,340.2
45.8,349.8,92.733,511.93
257,42.6,319.93,103.4
230.33,186.6,323.13,328.47
26.6,1,153.53,81
115.13,390.33,310.33,462.87
145,1,289,115.13
232.47,229.27,285.8,332.73
173.8,452.2,284.73,492.73
1,1,157.8,167.4
120.47,363.67,217.53,469.27
119.4,91.667,206.87,169.53
205.8,397.8,319.93,511.93
1,349.8,75.667,511.93
42.6,262.33,133.27,334.87
1,70.333,84.2,182.33
257,58.6,383.93,194.07
26.6,1,151.4,74.6
174.87,253.8,221.8,325.27
41.533,1,157.8,92.733
18.067,361.53,58.6,511.93
7.4,242.07,49,340.2
168.47,397.8,225,511.93
120.47,390.33,164.2,462.87
297.53,305,345.53,463.93
1,49,61.8,105.53
1,148.2,155.67,335.93
239.93,154.6,294.33,232.47
139.67,425.53,307.13,511.93
45.8,273,163.13,403.13
1,1,108.73,68.2
5.2667,5.2667,175.93,130.07
5.2667,29.8,106.6,115.13
139.67,457.53,251.67,511.93
134.33,308.2,219.67,396.73
149.27,23.4,214.33,125.8
175.93,236.73,217.53,287.93
284.73,183.4,329.53,321
178.07,19.133,221.8,127.93
141.8,1,332.73,116.2
263.4,66.067,311.4,122.6
23.4,173.8,89.533,333.8
1,365.8,43.667,442.6
177,233.53,232.47,278.33
1,1,55.4,69.267
115.13,394.6,212.2,462.87
90.6,131.13,189.8,189.8
282.6,117.27,344.47,207.93
254.87,189.8,313.53,328.47
172.73,19.133,221.8,127.93
46.867,350.87,147.13,511.93
210.07,140.73,267.67,186.6
323.13,225,365.8,312.47
153.53,340.2,202.6,402.07
122.6,362.6,167.4,440.47
65,56.467,314.6,245.27
122.6,17,214.33,137.53
78.867,117.27,124.73,159.93
164.2,191.93,219.67,343.4
77.8,46.867,135.4,130.07
44.733,175.93,99.133,267.67
94.867,15.933,187.67,100.2
5.2667,29.8,98.067,73.533
1,1,106.6,115.13
205.8,447.93,287.93,511.93
153.53,319.93,328.47,411.67
120.47,390.33,214.33,462.87
33,24.467,82.067,72.467
247.4,114.07,302.87,184.47
79.933,383.93,133.27,434.07
81,56.467,186.6,142.87
234.6,155.67,312.47,203.67
180.2,1,383.93,133.27
202.6,107.67,287.93,171.67
292.2,106.6,348.73,165.27
247.4,114.07,329.53,184.47
204.73,108.73,329.53,184.47
45.8,307.13,267.67,399.93
159.93,323.13,261.27,396.73
267.67,366.87,319.93,426.6
68.2,342.33,200.47,511.93
297.53,377.53,343.4,463.93
104.47,123.67,210.07,169.53
68.2,385,133.27,511.93
114.07,415.93,177,461.8
282.6,437.27,367.93,511.93
206.87,154.6,294.33,232.47
254.87,123.67,314.6,188.73
236.73,318.87,306.07,391.4
113,462.87,178.07,511.93
164.2,363.67,220.73,436.2
238.87,66.067,383.93,511.93
113,460.73,197.27,511.93
267.67,349.8,319.93,426.6
104.47,82.067,147.13,134.33
179.13,235.67,245.27,322.07
305,169.53,353,247.4
1,343.4,46.867,442.6
280.47,117.27,329.53,175.93
93.8,17,214.33,137.53
205.8,427.67,319.93,511.93
120.47,187.67,163.13,339.13
257,117.27,333.8,190.87
46.867,1,209,82.067
158.87,23.4,216.47,126.87
100.2,25.533,186.6,115.13
113,56.467,184.47,138.6
134.33,234.6,190.87,344.47
1,65,83.133,114.07
188.73,337,251.67,393.53
68.2,404.2,116.2,462.87
51.133,154.6,182.33,239.93
90.6,91.667,233.53,215.4
65,350.87,134.33,450.07
83.133,25.533,186.6,115.13
254.87,190.87,312.47,321
40.467,27.667,157.8,130.07
269.8,101.27,344.47,321
331.67,99.133,383.93,151.4
233.53,260.2,286.87,326.33
154.6,19.133,214.33,95.933
69.267,189.8,146.07,255.93
1,1,82.067,111.93
5.2667,1,209,116.2
199.4,234.6,261.27,321
273,125.8,314.6,188.73
60.733,223.93,108.73,276.2
185.53,323.13,259.13,402.07
1,349.8,81,511.93
230.33,245.27,290.07,328.47
335.93,59.667,383.93,114.07
275.13,117.27,344.47,341.27
239.93,311.4,312.47,379.67
321,90.6,383.93,249.53
35.133,1,105.53,50.067
90.6,141.8,233.53,215.4
302.87,330.6,345.53,447.93
74.6,426.6,141.8,511.93
274.07,414.87,319.93,465
212.2,404.2,274.07,446.87
26.6,209,163.13,403.13
181.27,231.4,275.13,285.8
25.533,251.67,143.93,371.13
155.67,19.133,221.8,127.93
186.6,12.733,230.33,120.47
232.47,386.07,319.93,465
83.133,20.2,215.4,126.87
1,358.33,43.667,442.6
113,467.13,184.47,511.93
70.333,380.73,118.33,511.93
205.8,126.87,266.6,207.93
33,55.4,101.27,127.93
57.533,219.67,145,330.6
119.4,123.67,294.33,233.53
263.4,79.933,342.33,124.73
178.07,73.533,221.8,127.93
164.2,191.93,283.67,341.27
241,440.47,286.87,491.67
228.2,319.93,328.47,411.67
7.4,242.07,49,327.4
105.53,132.2,245.27,245.27
5.2667,27.667,157.8,130.07
243.13,155.67,294.33,227.13
120.47,187.67,162.07,241
168.47,397.8,287.93,511.93
5.2667,1,55.4,51.133
5.2667,29.8,98.067,98.067
24.467,219.67,145,333.8
162.07,188.73,284.73,342.33
205.8,447.93,285.8,491.67
185.53,60.733,226.07,133.27
134.33,308.2,238.87,396.73
1,439.4,44.733,511.93
23.4,173.8,89.533,322.07
121.53,379.67,163.13,429.8
222.87,136.47,269.8,193
174.87,235.67,278.33,401
75.667,339.13,217.53,467.13
85.267,101.27,125.8,152.47
14.867,177,102.33,289
66.067,149.27,233.53,215.4
31.933,206.87,95.933,249.53
232.47,360.47,327.4,410.6
41.533,27.667,120.47,84.2
275.13,106.6,344.47,204.73
257,42.6,305,98.067
247.4,123.67,314.6,214.33
1,11.667,104.47,105.53
200.47,404.2,276.2,449
228.2,319.93,327.4,411.67
190.87,442.6,284.73,491.67
1,361.53,59.667,511.93
1,242.07,54.333,348.73
175.93,217.53,271.93,270.87
119.4,125.8,238.87,171.67
98.067,376.47,185.53,511.93
200.47,404.2,281.53,456.47
311.4,357.27,383.93,511.93
106.6,25.533,177,88.467
180.2,1,313.53,62.867
162.07,188.73,283.67,341.27
86.333,75.667,127.93,134.33
197.27,117.27,263.4,164.2
21.267,166.33,99.133,267.67
107.67,132.2,210.07,196.2
257,42.6,341.27,127.93
154.6,19.133,221.8,127.93
1,303.93,57.533,385
187.67,323.13,259.13,401
280.47,116.2,348.73,175.93
181.27,278.33,230.33,324.2
248.47,169.53,321,219.67
239.93,179.13,286.87,232.47
68.2,404.2,123.67,511.93
81,56.467,301.8,195.13
24.467,267.67,69.267,333.8
59.667,330.6,113,402.07
119.4,91.667,206.87,149.27
85.267,58.6,131.13,152.47
1,361.53,58.6,489.53
228.2,319.93,312.47,402.07
257,114.07,307.13,186.6
275.13,117.27,344.47,239.93
7.4,226.07,51.133,340.2
44.733,154.6,151.4,249.53
247.4,123.67,301.8,195.13
37.267,223.93,164.2,405.27
1,343.4,44.733,442.6
23.4,173.8,73.533,277.27
254.87,189.8,313.53,324.2
299.67,330.6,367.93,511.93
37.267,223.93,81,319.93
39.4,131.13,189.8,228.2
127.93,323.13,252.73,383.93
105.53,132.2,270.87,231.4
24.467,244.2,89.533,322.07
1,345.53,43.667,486.33
325.27,201.53,378.6,312.47
162.07,188.73,284.73,339.13
86.333,56.467,289,207.93
125.8,56.467,170.6,127.93
7.4,219.67,65,340.2
107.67,132.2,209,218.6
236.73,319.93,325.27,391.4
7.4,359.4,61.8,445.8
216.47,371.13,302.87,411.67
180.2,442.6,284.73,511.93
194.07,231.4,234.6,273
77.8,307.13,142.87,398.87
278.33,186.6,323.13,324.2
163.13,183.4,328.47,340.2
281.53,115.13,342.33,191.93
68.2,385,133.27,462.87
171.67,24.467,215.4,126.87
82.067,454.33,197.27,511.93
182.33,126.87,266.6,183.4
1,65,58.6,113
26.6,1,151.4,57.533
78.867,439.4,133.27,502.33
329.53,193,383.93,494.87
329.53,165.27,383.93,494.87
65,206.87,126.87,281.53
100.2,25.533,177,88.467
44.733,155.67,146.07,258.07
316.73,118.33,379.67,212.2
247.4,148.2,313.53,219.67
173.8,446.87,284.73,492.73
5.2667,27.667,106.6,115.13
45.8,315.67,177,398.87
292.2,241,333.8,357.27
113,386.07,200.47,511.93
212.2,399.93,285.8,491.67
97,186.6,162.07,228.2
179.13,468.2,257,511.93
229.27,243.13,278.33,289
90.6,207.93,134.33,276.2
105.53,132.2,209,243.13
297.53,330.6,345.53,463.93
1,89.533,84.2,182.33
55.4,1,151.4,54.333
204.73,126.87,266.6,183.4
26.6,266.6,82.067,363.67
161,396.73,217.53,444.73
166.33,396.73,287.93,494.87
296.47,1,355.13,45.8
175.93,235.67,278.33,291.13
44.733,155.67,146.07,287.93
204.73,108.73,268.73,170.6
56.467,10.6,124.73,61.8
1,174.87,120.47,335.93
1,359.4,61.8,489.53
44.733,164.2,151.4,249.53
137.53,442.6,274.07,511.93
239.93,311.4,312.47,399.93
194.07,371.13,302.87,411.67
209,13.8,303.93,93.8
142.87,376.47,183.4,434.07
78.867,117.27,124.73,175.93
98.067,422.33,168.47,479.93
321,357.27,383.93,511.93
1,148.2,99.133,299.67
26.6,262.33,95.933,511.93
211.13,1,335.93,114.07
235.67,117.27,333.8,190.87
1,343.4,58.6,479.93
223.93,234.6,277.27,308.2
285.8,319.93,335.93,380.73
236.73,318.87,328.47,391.4
90.6,15.933,140.73,100.2
228.2,267.67,277.27,308.2
135.4,340.2,217.53,440.47
113,467.13,178.07,511.93
271.93,439.4,383.93,511.93
77.8,46.867,127.93,117.27
168.47,24.467,209,82.067
106.6,24.467,195.13,88.467
162.07,177,291.13,343.4
5.2667,29.8,106.6,116.2
206.87,442.6,292.2,511.93
212.2,396.73,310.33,453.27
5.2667,1,46.867,51.133
188.73,337,247.4,388.2
156.73,396.73,210.07,445.8
161,397.8,217.53,444.73
66.067,152.47,151.4,215.4
78.867,415.93,200.47,511.93
151.4,61.8,207.93,127.93
1,359.4,61.8,486.33
220.73,287.93,330.6,453.27
298.6,58.6,383.93,151.4
1,385,44.733,442.6
63.933,27.667,120.47,72.467
254.87,206.87,312.47,321
234.6,149.27,314.6,214.33
238.87,370.07,326.33,504.47
309.27,186.6,378.6,312.47
158.87,117.27,254.87,175.93
1,364.73,43.667,489.53
75.667,339.13,158.87,467.13
99.133,149.27,233.53,198.33
338.07,118.33,378.6,195.13
1,1,54.333,62.867
83.133,20.2,186.6,115.13
55.4,282.6,104.47,330.6
1,161,82.067,338.07
1,55.4,101.27,290.07
166.33,397.8,257,494.87
232.47,266.6,285.8,332.73
1,343.4,43.667,442.6
35.133,209,161,334.87
335.93,15.933,383.93,93.8
88.467,1,157.8,92.733
37.267,223.93,158.87,405.27
221.8,318.87,296.47,394.6
108.73,287.93,154.6,334.87
202.6,66.067,328.47,183.4
135.4,323.13,238.87,369
109.8,34.067,157.8,92.733
26.6,24.467,109.8,74.6
164.2,191.93,218.6,339.13
338.07,118.33,378.6,212.2
163.13,190.87,286.87,339.13
121.53,5.2667,175.93,55.4
127.93,323.13,238.87,383.93
104.47,91.667,210.07,169.53
257,58.6,383.93,151.4
8.4667,361.53,59.667,440.47
307.13,95.933,371.13,143.93
153.53,340.2,201.53,402.07
159.93,323.13,261.27,394.6
188.73,329.53,251.67,393.53
68.2,390.33,133.27,462.87
77.8,307.13,121.53,363.67
166.33,396.73,209,444.73
1,88.467,86.333,170.6
339.13,1,383.93,68.2
82.067,120.47,134.33,186.6
212.2,404.2,276.2,449
34.067,1,146.07,52.2
173.8,393.53,300.73,492.73
297.53,410.6,343.4,463.93
285.8,330.6,328.47,380.73
119.4,123.67,210.07,169.53
297.53,357.27,357.27,473.53
78.867,415.93,177,502.33
283.67,61.8,383.93,130.07
137.53,455.4,197.27,511.93
1,148.2,51.133,290.07
26.6,1,153.53,68.2
24.467,219.67,145,330.6
236.73,325.27,284.73,374.33
202.6,77.8,328.47,183.4
31.933,206.87,120.47,249.53
269.8,113,344.47,207.93
297.53,1,383.93,125.8
33,1,82.067,72.467
1,439.4,44.733,489.53
267.67,319.93,324.2,387.13
212.2,403.13,274.07,446.87
188.73,353,242.07,393.53
58.6,214.33,124.73,277.27
134.33,342.33,204.73,396.73
1,349.8,55.4,489.53
68.2,315.67,140.73,403.13
90.6,15.933,140.73,105.53
154.6,39.4,202.6,95.933
82.067,439.4,147.13,511.93
263.4,79.933,331.67,124.73
75.667,335.93,122.6,403.13
175.93,227.13,233.53,287.93
205.8,446.87,287.93,511.93
89.533,36.2,157.8,115.13
197.27,439.4,383.93,511.93
37.267,253.8,81,319.93
282.6,95.933,378.6,212.2
68.2,385,200.47,511.93
211.13,30.867,271.93,114.07
45.8,315.67,140.73,398.87
85.267,315.67,140.73,361.53
45.8,307.13,203.67,398.87
282.6,95.933,359.4,207.93
168.47,335.93,259.13,388.2
188.73,335.93,259.13,388.2
202.6,108.73,301.8,183.4
174.87,308.2,253.8,401
98.067,422.33,168.47,468.2
212.2,405.27,286.87,453.27
99.133,56.467,186.6,140.73
179.13,468.2,259.13,511.93
1,70.333,84.2,163.13
57.533,219.67,162.07,330.6
282.6,437.27,327.4,511.93
82.067,454.33,147.13,498.07
122.6,95.933,171.67,139.67
21.267,147.13,76.733,260.2
113,84.2,153.53,138.6
108.73,250.6,161,334.87
171.67,435.13,225,511.93
179.13,260.2,245.27,322.07
85.267,46.867,127.93,117.27
93.8,81,149.27,137.53
285.8,265.53,338.07,340.2
120.47,117.27,301.8,195.13
89.533,58.6,131.13,115.13
180.2,1,347.67,93.8
120.47,187.67,162.07,231.4
120.47,396.73,210.07,462.87
228.2,247.4,278.33,291.13
58.6,223.93,118.33,277.27
212.2,399.93,367.93,511.93
40.467,226.07,143.93,371.13
159.93,323.13,238.87,369
134.33,342.33,203.67,396.73
187.67,323.13,253.8,401
68.2,390.33,116.2,462.87
105.53,132.2,210.07,196.2
109.8,467.13,178.07,511.93
52.2,268.73,143.93,371.13
60.733,223.93,111.93,276.2
193,117.27,266.6,207.93
55.4,250.6,161,334.87
7.4,361.53,58.6,445.8
275.13,117.27,333.8,190.87
331.67,99.133,383.93,239.93
81,89.533,123.67,142.87
195.13,319.93,311.4,394.6
329.53,225,383.93,494.87
269.8,113,339.13,187.67
263.4,45.8,319.93,103.4
159.93,323.13,261.27,388.2
180.2,1,383.93,125.8
123.67,136.47,209,218.6
175.93,217.53,222.87,269.8
129,12.733,230.33,125.8
1,55.4,101.27,158.87
119.4,138.6,238.87,198.33
263.4,66.067,383.93,307.13
262.33,319.93,325.27,391.4
65,198.33,164.2,296.47
75.667,326.33,140.73,403.13
31.933,209,73.533,277.27
113,467.13,161,511.93
164.2,335.93,259.13,408.47
213.27,427.67,291.13,505.53
255.93,319.93,311.4,375.4
255.93,319.93,314.6,399.93
158.87,117.27,254.87,171.67
162.07,177,283.67,343.4
91.667,46.867,135.4,130.07
90.6,15.933,136.47,100.2
35.133,262.33,133.27,334.87
227.13,247.4,277.27,318.87
119.4,138.6,196.2,180.2
220.73,326.33,261.27,388.2
27.667,54.333,106.6,115.13
341.27,132.2,383.93,248.47
221.8,334.87,267.67,394.6
218.6,446.87,292.2,511.93
45.8,324.2,86.333,382.87
292.2,1,347.67,89.533
338.07,118.33,379.67,212.2
202.6,108.73,268.73,171.67
146.07,149.27,238.87,198.33
70.333,383.93,118.33,511.93
199.4,233.53,277.27,294.33
175.93,235.67,245.27,287.93
236.73,319.93,311.4,388.2
228.2,247.4,277.27,287.93
134.33,24.467,209,82.067
277.27,165.27,383.93,317.8
211.13,1,330.6,114.07
254.87,206.87,298.6,255.93
146.07,157.8,207.93,198.33
282.6,117.27,332.73,184.47
90.6,436.2,237.8,511.93
85.267,401,129,441.53
225,1,335.93,98.067
5.2667,10.6,124.73,116.2
142.87,467.13,195.13,511.93
1,345.53,43.667,442.6
175.93,235.67,278.33,323.13
281.53,115.13,328.47,172.73
163.13,190.87,287.93,332.73
185.53,397.8,257,447.93
174.87,281.53,223.93,344.47
85.267,54.333,132.2,152.47
39.4,177,110.87,222.87
163.13,190.87,286.87,326.33
174.87,253.8,221.8,305
90.6,450.07,179.13,511.93
142.87,467.13,184.47,511.93
90.6,131.13,173.8,189.8
202.6,108.73,268.73,165.27
85.267,339.13,158.87,450.07
166.33,398.87,209,444.73
172.73,191.93,283.67,289
1,349.8,59.667,511.93
141.8,1,313.53,62.867
311.4,444.73,363.67,503.4
263.4,66.067,383.93,130.07
5.2667,1,187.67,116.2
93.8,349.8,134.33,405.27
305,165.27,383.93,287.93
154.6,61.8,207.93,119.4
263.4,66.067,383.93,295.4
82.067,120.47,125.8,167.4
76.733,385,133.27,431.93
329.53,225,383.93,428.73
250.6,1,322.07,47.933
342.33,132.2,383.93,218.6
206.87,155.67,294.33,227.13
149.27,27.667,198.33,85.267
151.4,396.73,210.07,445.8
166.33,209,218.6,339.13
281.53,115.13,342.33,172.73
42.6,262.33,83.133,322.07
1,177,102.33,299.67
120.47,391.4,177,445.8
24.467,241,68.2,303.93
321,90.6,383.93,248.47
120.47,390.33,210.07,462.87
247.4,140.73,289,195.13
243.13,188.73,313.53,340.2
75.667,383.93,118.33,450.07
299.67,442.6,367.93,501.27
55.4,282.6,133.27,334.87
247.4,149.27,289,195.13
82.067,439.4,147.13,490.6
281.53,88.467,328.47,172.73
325.27,231.4,378.6,312.47
125.8,72.467,170.6,127.93
205.8,427.67,306.07,511.93
298.6,58.6,346.6,104.47
162.07,177,283.67,230.33
283.67,61.8,340.2,108.73
45.8,315.67,142.87,398.87
1,89.533,100.2,216.47
283.67,43.667,339.13,105.53
282.6,117.27,339.13,187.67
1,148.2,102.33,299.67
89.533,54.333,132.2,115.13
255.93,319.93,312.47,385
297.53,387.13,343.4,463.93
121.53,362.6,164.2,429.8
26.6,266.6,143.93,371.13
179.13,468.2,251.67,511.93
202.6,260.2,291.13,332.73
250.6,155.67,294.33,196.2
1,361.53,59.667,440.47
212.2,404.2,274.07,449
139.67,457.53,188.73,511.93
93.8,349.8,135.4,405.27
109.8,36.2,157.8,92.733
51.133,155.67,142.87,239.93
123.67,132.2,209,218.6
267.67,319.93,325.27,387.13
180.2,1,347.67,116.2
33,24.467,82.067,68.2
233.53,258.07,287.93,332.73
141.8,1,332.73,62.867
68.2,326.33,140.73,403.13
188.73,335.93,261.27,388.2
5.2667,15.933,187.67,116.2
1,88.467,57.533,151.4
79.933,388.2,133.27,431.93
104.47,82.067,177,140.73
216.47,447.93,285.8,491.67
230.33,260.2,291.13,332.73
40.467,246.33,143.93,371.13
337,1,383.93,81
168.47,363.67,217.53,440.47
241,427.67,291.13,491.67
55.4,282.6,122.6,333.8
85.267,349.8,135.4,441.53
85.267,339.13,158.87,441.53
329.53,241,383.93,428.73
299.67,357.27,367.93,511.93
77.8,315.67,140.73,398.87
205.8,446.87,273,491.67
180.2,1,347.67,62.867
164.2,243.13,212.2,344.47
49,133.27,100.2,181.27
277.27,190.87,378.6,317.8
86.333,120.47,127.93,184.47
104.47,82.067,170.6,140.73
61.8,282.6,104.47,325.27
321,90.6,383.93,159.93
55.4,238.87,161,334.87
125.8,56.467,186.6,127.93
187.67,341.27,251.67,401
232.47,287.93,287.93,332.73
42.6,206.87,95.933,247.4
179.13,265.53,234.6,322.07
305,169.53,353,287.93
129,44.733,183.4,91.667
292.2,43.667,339.13,89.533
287.93,1,332.73,42.6
39.4,177,102.33,218.6
93.8,82.067,156.73,140.73
69.267,206.87,134.33,255.93
40.467,268.73,143.93,371.13
85.267,315.67,140.73,398.87
108.73,246.33,162.07,296.47
233.53,258.07,286.87,326.33
93.8,56.467,186.6,140.73
169.53,12.733,230.33,111.93
28.733,133.27,100.2,216.47
312.47,169.53,353,247.4
139.67,457.53,188.73,504.47
307.13,74.6,383.93,130.07
212.2,404.2,271.93,446.87
163.13,191.93,215.4,268.73
77.8,113,123.67,164.2
1,89.533,84.2,163.13
60.733,223.93,108.73,265.53
327.4,132.2,383.93,218.6
90.6,450.07,147.13,490.6
321,90.6,383.93,218.6
193,117.27,254.87,165.27
37.267,266.6,81,319.93
104.47,82.067,156.73,140.73
162.07,177,244.2,227.13
24.467,214.33,124.73,303.93
66.067,209,161,329.53
179.13,235.67,234.6,322.07
102.33,238.87,161,329.53
277.27,190.87,326.33,317.8
323.13,225,378.6,312.47
212.2,403.13,285.8,491.67
204.73,260.2,245.27,322.07
75.667,335.93,117.27,403.13
323.13,225,377.53,312.47
56.467,58.6,106.6,116.2
164.2,191.93,283.67,339.13
61.8,282.6,104.47,330.6
15.933,174.87,65,258.07
75.667,351.93,117.27,403.13
325.27,241,365.8,312.47
