1,1,335.93,511.93
36.2,1,335.93,511.93
72.467,132.2,125.8,413.8
1,1,230.33,511.93
145,387.13,194.07,511.93
199.4,195.13,324.2,322.07
106.6,1,335.93,511.93
194.07,250.6,335.93,511.93
1,1,146.07,511.93
121.53,1,335.93,292.2
159.93,79.933,316.73,293.27
123.67,1,335.93,511.93
1,1,199.4,511.93
159.93,177,335.93,511.93
36.2,392.47,135.4,511.93
216.47,211.13,319.93,289
200.47,245.27,301.8,307.13
206.87,258.07,335.93,455.4
36.2,392.47,127.93,511.93
140.73,1,335.93,511.93
145,97,335.93,511.93
21.267,133.27,177,511.93
188.73,344.47,335.93,511.93
188.73,344.47,287.93,511.93
194.07,250.6,335.93,449
1,1,221.8,511.93
234.6,286.87,335.93,418.07
77.8,132.2,125.8,408.47
94.867,1,335.93,511.93
36.2,177,335.93,511.93
147.13,86.333,335.93,511.93
194.07,246.33,335.93,456.47
121.53,1,335.93,511.93
197.27,392.47,243.13,478.87
213.27,212.2,316.73,293.27
284.73,454.33,326.33,511.93
191.93,118.33,324.2,291.13
164.2,153.53,204.73,315.67
206.87,258.07,335.93,511.93
106.6,1,335.93,156.73
202.6,253.8,263.4,309.27
53.267,367.93,230.33,511.93
209,1,335.93,289
140.73,378.6,311.4,511.93
37.267,94.867,204.73,511.93
98.067,1,335.93,258.07
213.27,132.2,316.73,293.27
94.867,200.47,335.93,511.93
1,65,63.933,511.93
204.73,403.13,309.27,511.93
285.8,191.93,335.93,258.07
187.67,307.13,280.47,491.67
137.53,1,335.93,289
197.27,461.8,278.33,511.93
234.6,286.87,335.93,419.13
159.93,220.73,309.27,511.93
236.73,193,335.93,274.07
53.267,94.867,199.4,511.93
54.333,1,117.27,383.93
187.67,95.933,335.93,456.47
121.53,103.4,163.13,147.13
236.73,1,281.53,111.93
98.067,1,335.93,511.93
36.2,387.13,222.87,511.93
210.07,401,335.93,441.53
1,1,177,511.93
94.867,202.6,227.13,511.93
193,95.933,335.93,292.2
159.93,177,282.6,511.93
109.8,93.8,203.67,257
159.93,187.67,247.4,478.87
147.13,220.73,309.27,511.93
293.27,286.87,335.93,337
100.2,1,335.93,168.47
75.667,102.33,179.13,415.93
140.73,371.13,335.93,511.93
137.53,1,319.93,110.87
1,1,142.87,511.93
145,177,335.93,511.93
100.2,1,335.93,511.93
195.13,458.6,309.27,511.93
187.67,292.2,282.6,491.67
165.27,220.73,254.87,431.93
191.93,268.73,242.07,405.27
178.07,77.8,287.93,127.93
216.47,121.53,319.93,289
34.067,69.267,218.6,511.93
148.2,307.13,247.4,479.93
207.93,118.33,297.53,252.73
106.6,1,335.93,456.47
242.07,444.73,335.93,511.93
275.13,444.73,335.93,511.93
137.53,1,319.93,111.93
26.6,1,126.87,431.93
90.6,148.2,200.47,491.67
149.27,1,299.67,87.4
251.67,121.53,324.2,257
72.467,132.2,165.27,492.73
199.4,244.2,318.87,322.07
94.867,200.47,227.13,511.93
282.6,453.27,330.6,511.93
156.73,340.2,200.47,463.93
291.13,114.07,335.93,257
190.87,246.33,335.93,511.93
261.27,175.93,316.73,248.47
206.87,246.33,335.93,456.47
53.267,420.2,98.067,511.93
198.33,79.933,335.93,258.07
229.27,1,318.87,87.4
36.2,102.33,199.4,511.93
149.27,1,319.93,111.93
1,1,218.6,511.93
234.6,301.8,289,411.67
251.67,345.53,335.93,418.07
159.93,88.467,335.93,450.07
177,97,285.8,333.8
159.93,177,203.67,388.2
159.93,95.933,335.93,511.93
100.2,1,206.87,168.47
1,1,85.267,511.93
52.2,1,145,254.87
187.67,248.47,280.47,491.67
257,358.33,335.93,419.13
148.2,307.13,247.4,511.93
229.27,286.87,335.93,419.13
209,118.33,263.4,284.73
237.8,379.67,335.93,442.6
140.73,187.67,335.93,511.93
117.27,105.53,196.2,399.93
258.07,121.53,321,236.73
1,97,67.133,489.53
1,1,72.467,511.93
187.67,95.933,309.27,177
193,95.933,295.4,147.13
98.067,69.267,218.6,258.07
190.87,199.4,270.87,443.67
140.73,378.6,335.93,511.93
194.07,457.53,311.4,511.93
1,1,52.2,255.93
1,1,60.733,511.93
216.47,171.67,287.93,285.8
215.4,455.4,309.27,511.93
1,1,76.733,511.93
77.8,102.33,199.4,511.93
100.2,1,145,168.47
275.13,439.4,335.93,511.93
77.8,134.33,183.4,511.93
242.07,289,324.2,341.27
79.933,1,145,225
241,286.87,335.93,418.07
259.13,439.4,335.93,511.93
117.27,194.07,169.53,399.93
147.13,102.33,193,179.13
54.333,1,221.8,492.73
198.33,97,300.73,154.6
291.13,108.73,335.93,228.2
103.4,1,335.93,301.8
94.867,193,204.73,511.93
149.27,1,206.87,87.4
121.53,101.27,201.53,275.13
54.333,1,165.27,492.73
1,1,204.73,511.93
177,392.47,268.73,488.47
147.13,73.533,309.27,177
139.67,187.67,335.93,511.93
103.4,57.533,283.67,257
210.07,119.4,286.87,250.6
116.2,94.867,163.13,136.47
53.267,102.33,230.33,511.93
195.13,88.467,335.93,450.07
1,1,121.53,511.93
191.93,242.07,242.07,405.27
237.8,440.47,287.93,491.67
195.13,246.33,335.93,511.93
77.8,69.267,218.6,511.93
195.13,414.87,335.93,511.93
37.267,72.467,142.87,511.93
250.6,346.6,335.93,418.07
125.8,1,299.67,137.53
215.4,245.27,301.8,296.47
280.47,1,335.93,168.47
126.87,102.33,199.4,255.93
243.13,124.73,286.87,233.53
95.933,187.67,148.2,511.93
77.8,69.267,218.6,417
191.93,97,314.6,291.13
37.267,337,130.07,511.93
159.93,220.73,254.87,498.07
286.87,295.4,335.93,375.4
156.73,220.73,222.87,463.93
251.67,345.53,335.93,419.13
277.27,289,324.2,341.27
161,86.333,287.93,292.2
191.93,88.467,335.93,450.07
210.07,118.33,276.2,243.13
251.67,345.53,335.93,435.13
177,307.13,330.6,511.93
107.67,216.47,154.6,484.2
190.87,268.73,270.87,443.67
237.8,442.6,329.53,511.93
1,1,126.87,511.93
140.73,88.467,335.93,511.93
147.13,220.73,335.93,511.93
191.93,117.27,275.13,301.8
123.67,1,281.53,125.8
285.8,443.67,335.93,511.93
75.667,102.33,200.47,491.67
94.867,193,177,511.93
207.93,117.27,287.93,292.2
280.47,1,335.93,142.87
207.93,264.47,335.93,433
163.13,444.73,222.87,511.93
129,86.333,212.2,258.07
146.07,1,335.93,155.67
177,97,319.93,333.8
187.67,118.33,324.2,491.67
146.07,1,277.27,98.067
146.07,1,282.6,116.2
201.53,399.93,247.4,443.67
152.47,364.73,233.53,479.93
1,1,103.4,511.93
190.87,268.73,248.47,443.67
53.267,392.47,131.13,511.93
137.53,1,319.93,197.27
286.87,295.4,335.93,393.53
109.8,93.8,221.8,433
198.33,88.467,335.93,435.13
77.8,133.27,169.53,417
147.13,73.533,319.93,197.27
73.533,94.867,204.73,511.93
125.8,387.13,222.87,511.93
75.667,143.93,133.27,415.93
179.13,305,279.4,490.6
239.93,1,335.93,254.87
199.4,274.07,242.07,322.07
226.07,291.13,298.6,373.27
229.27,286.87,335.93,418.07
159.93,177,270.87,511.93
187.67,402.07,279.4,491.67
161,86.333,318.87,292.2
161,321,218.6,498.07
285.8,1,335.93,95.933
106.6,1,319.93,132.2
187.67,307.13,282.6,491.67
1,1,63.933,511.93
117.27,69.267,218.6,258.07
206.87,246.33,335.93,441.53
107.67,102.33,179.13,198.33
257,118.33,301.8,161
286.87,331.67,328.47,374.33
187.67,95.933,319.93,197.27
289,191.93,335.93,254.87
147.13,102.33,199.4,297.53
190.87,392.47,233.53,481
62.867,367.93,230.33,511.93
187.67,95.933,335.93,258.07
37.267,422.33,97,511.93
152.47,364.73,215.4,472.47
159.93,177,203.67,429.8
278.33,155.67,318.87,245.27
20.2,338.07,74.6,511.93
72.467,175.93,116.2,408.47
286.87,1,335.93,137.53
217.53,1,274.07,85.267
21.267,392.47,139.67,511.93
159.93,187.67,247.4,437.27
207.93,250.6,335.93,435.13
221.8,286.87,335.93,412.73
195.13,369,335.93,511.93
286.87,21.267,331.67,89.533
1,1,145,511.93
77.8,145,122.6,408.47
77.8,133.27,177,511.93
196.2,461.8,311.4,511.93
146.07,378.6,248.47,511.93
197.27,444.73,335.93,511.93
1,215.4,60.733,479.93
214.33,119.4,299.67,291.13
187.67,95.933,335.93,228.2
278.33,1,335.93,142.87
234.6,286.87,335.93,411.67
191.93,97,314.6,303.93
188.73,344.47,327.4,511.93
52.2,1,121.53,383.93
197.27,461.8,311.4,511.93
211.13,151.4,254.87,292.2
234.6,301.8,303.93,411.67
149.27,1,223.93,85.267
198.33,86.333,335.93,258.07
214.33,119.4,289,291.13
94.867,86.333,212.2,511.93
146.07,1,335.93,142.87
254.87,364.73,335.93,435.13
190.87,396.73,233.53,479.93
159.93,177,254.87,511.93
209,118.33,285.8,284.73
103.4,57.533,242.07,257
1,1,77.8,511.93
257,125.8,326.33,251.67
187.67,402.07,335.93,511.93
210.07,286.87,335.93,441.53
98.067,69.267,287.93,258.07
188.73,307.13,280.47,491.67
191.93,118.33,299.67,291.13
53.267,394.6,131.13,511.93
221.8,286.87,335.93,434.07
1,104.47,60.733,479.93
103.4,57.533,283.67,270.87
94.867,202.6,154.6,484.2
169.53,89.533,212.2,258.07
151.4,120.47,196.2,213.27
264.47,122.6,321,236.73
190.87,392.47,232.47,481
34.067,392.47,139.67,511.93
100.2,1,318.87,168.47
279.4,295.4,324.2,373.27
234.6,290.07,335.93,419.13
147.13,1,223.93,97
226.07,286.87,335.93,414.87
191.93,86.333,300.73,301.8
207.93,374.33,335.93,456.47
177,307.13,290.07,492.73
38.333,392.47,139.67,511.93
84.2,143.93,133.27,325.27
117.27,69.267,218.6,179.13
137.53,1,230.33,110.87
159.93,177,207.93,491.67
277.27,1,335.93,142.87
145,177,254.87,511.93
231.4,300.73,273,413.8
215.4,359.4,260.2,425.53
173.8,1,234.6,85.267
65,434.07,139.67,511.93
254.87,439.4,335.93,511.93
53.267,392.47,135.4,511.93
215.4,167.4,324.2,290.07
191.93,195.13,335.93,490.6
257,131.13,317.8,251.67
194.07,212.2,335.93,511.93
197.27,461.8,283.67,511.93
196.2,212.2,316.73,328.47
285.8,451.13,330.6,511.93
197.27,458.6,254.87,511.93
54.333,1,103.4,211.13
140.73,378.6,248.47,511.93
217.53,1,319.93,111.93
1,1,54.333,277.27
37.267,337,142.87,511.93
98.067,120.47,196.2,511.93
177,97,221.8,268.73
98.067,409.53,150.33,511.93
146.07,1,335.93,450.07
199.4,246.33,303.93,322.07
38.333,422.33,119.4,511.93
278.33,295.4,335.93,393.53
182.33,456.47,230.33,511.93
159.93,226.07,200.47,388.2
213.27,175.93,316.73,293.27
213.27,180.2,308.2,293.27
73.533,72.467,125.8,439.4
37.267,425.53,84.2,511.93
261.27,1,335.93,258.07
53.267,94.867,183.4,511.93
214.33,119.4,314.6,291.13
236.73,193,327.4,274.07
139.67,187.67,247.4,511.93
72.467,132.2,125.8,408.47
199.4,385,248.47,443.67
35.133,1,77.8,191.93
211.13,117.27,335.93,292.2
196.2,266.6,239.93,328.47
280.47,289,324.2,339.13
198.33,387.13,247.4,443.67
38.333,392.47,119.4,511.93
191.93,114.07,335.93,490.6
129,132.2,170.6,175.93
195.13,369,335.93,500.2
234.6,286.87,335.93,414.87
159.93,86.333,212.2,253.8
159.93,86.333,219.67,221.8
147.13,220.73,230.33,511.93
161,86.333,253.8,137.53
251.67,117.27,295.4,177
196.2,118.33,285.8,333.8
232.47,430.87,335.93,492.73
159.93,245.27,200.47,376.47
196.2,458.6,254.87,511.93
53.267,429.8,98.067,511.93
213.27,150.33,316.73,293.27
95.933,105.53,199.4,511.93
177,307.13,279.4,490.6
239.93,286.87,335.93,375.4
53.267,1,103.4,211.13
215.4,174.87,300.73,290.07
177,307.13,268.73,488.47
73.533,94.867,186.6,417
77.8,216.47,165.27,492.73
282.6,1,335.93,142.87
90.6,148.2,171.67,491.67
186.6,307.13,247.4,478.87
215.4,72.467,318.87,149.27
117.27,69.267,218.6,136.47
215.4,1,335.93,149.27
210.07,120.47,285.8,245.27
34.067,392.47,110.87,511.93
54.333,1,145,383.93
210.07,118.33,319.93,289
226.07,286.87,335.93,426.6
147.13,220.73,222.87,511.93
278.33,125.8,326.33,245.27
159.93,79.933,297.53,252.73
235.67,439.4,330.6,511.93
194.07,250.6,282.6,443.67
236.73,1,335.93,142.87
125.8,1,335.93,254.87
236.73,195.13,324.2,274.07
254.87,372.2,335.93,435.13
194.07,286.87,335.93,449
73.533,72.467,115.13,439.4
234.6,312.47,335.93,419.13
38.333,422.33,95.933,511.93
207.93,118.33,286.87,252.73
77.8,102.33,179.13,408.47
237.8,293.27,286.87,338.07
148.2,212.2,335.93,511.93
36.2,420.2,95.933,511.93
207.93,118.33,299.67,291.13
235.67,286.87,335.93,442.6
234.6,258.07,335.93,419.13
90.6,105.53,199.4,511.93
209,118.33,319.93,289
191.93,312.47,280.47,490.6
129,132.2,199.4,258.07
1,424.47,49,511.93
190.87,268.73,238.87,390.33
139.67,376.47,245.27,511.93
236.73,1,335.93,156.73
1,103.4,60.733,479.93
232.47,435.13,287.93,492.73
291.13,114.07,335.93,228.2
205.8,414.87,279.4,491.67
234.6,301.8,286.87,412.73
149.27,1,206.87,78.867
103.4,194.07,171.67,491.67
198.33,86.333,300.73,233.53
103.4,110.87,204.73,257
207.93,88.467,335.93,435.13
226.07,118.33,279.4,251.67
216.47,121.53,318.87,289
94.867,193,181.27,511.93
146.07,378.6,234.6,511.93
241,286.87,335.93,374.33
207.93,264.47,335.93,435.13
121.53,101.27,279.4,292.2
125.8,387.13,194.07,511.93
206.87,258.07,319.93,393.53
207.93,118.33,289,291.13
126.87,131.13,199.4,255.93
211.13,425.53,271.93,490.6
252.73,118.33,301.8,179.13
37.267,419.13,84.2,511.93
103.4,131.13,166.33,252.73
234.6,289,335.93,419.13
72.467,430.87,122.6,511.93
257,152.47,308.2,251.67
237.8,286.87,335.93,442.6
177,394.6,268.73,488.47
125.8,65,280.47,137.53
251.67,327.4,335.93,418.07
73.533,157.8,124.73,417
226.07,177,276.2,250.6
286.87,327.4,335.93,374.33
211.13,117.27,295.4,292.2
179.13,101.27,221.8,268.73
210.07,120.47,285.8,284.73
280.47,355.13,335.93,417
145,1,277.27,99.133
151.4,371.13,204.73,459.67
190.87,392.47,309.27,511.93
236.73,167.4,324.2,269.8
285.8,455.4,327.4,511.93
106.6,1,179.13,132.2
239.93,1,335.93,149.27
196.2,214.33,280.47,333.8
239.93,286.87,335.93,337
103.4,94.867,186.6,252.73
34.067,401,95.933,511.93
110.87,102.33,179.13,170.6
145,199.4,254.87,511.93
191.93,324.2,280.47,490.6
149.27,1,271.93,87.4
236.73,442.6,330.6,511.93
121.53,101.27,220.73,292.2
1,97,60.733,479.93
159.93,321,218.6,498.07
237.8,442.6,324.2,511.93
280.47,86.333,335.93,168.47
138.6,108.73,193,179.13
159.93,220.73,222.87,376.47
289,191.93,335.93,249.53
132.2,102.33,221.8,433
152.47,307.13,247.4,479.93
98.067,409.53,139.67,511.93
77.8,94.867,183.4,408.47
156.73,220.73,222.87,511.93
159.93,79.933,243.13,221.8
95.933,134.33,170.6,418.07
252.73,118.33,301.8,173.8
207.93,254.87,269.8,330.6
279.4,364.73,335.93,411.67
159.93,86.333,212.2,258.07
123.67,1,335.93,301.8
119.4,164.2,161,221.8
210.07,119.4,276.2,250.6
147.13,367.93,191.93,511.93
137.53,57.533,191.93,110.87
79.933,143.93,133.27,325.27
234.6,443.67,287.93,492.73
239.93,1,319.93,87.4
213.27,214.33,308.2,293.27
266.6,121.53,318.87,245.27
1,424.47,42.6,511.93
207.93,245.27,303.93,334.87
195.13,369,287.93,500.2
74.6,392.47,127.93,511.93
123.67,1,335.93,258.07
139.67,203.67,193,511.93
179.13,101.27,220.73,268.73
162.07,1,223.93,85.267
186.6,392.47,233.53,479.93
73.533,394.6,129,511.93
235.67,1,335.93,142.87
77.8,166.33,122.6,408.47
282.6,454.33,325.27,511.93
95.933,148.2,141.8,307.13
37.267,426.6,82.067,509.8
137.53,1,266.6,110.87
34.067,239.93,85.267,511.93
165.27,242.07,254.87,431.93
1,423.4,51.133,511.93
1,195.13,85.267,511.93
191.93,118.33,314.6,291.13
257,118.33,301.8,173.8
257,58.6,335.93,254.87
274.07,109.8,323.13,239.93
286.87,455.4,327.4,511.93
243.13,394.6,335.93,442.6
219.67,258.07,335.93,319.93
1,1,54.333,338.07
191.93,118.33,276.2,264.47
140.73,378.6,234.6,511.93
271.93,439.4,335.93,511.93
210.07,119.4,286.87,252.73
125.8,105.53,171.67,179.13
123.67,1,335.93,142.87
56.467,392.47,130.07,511.93
242.07,451.13,290.07,493.8
103.4,94.867,166.33,252.73
65,434.07,131.13,511.93
119.4,164.2,163.13,221.8
105.53,57.533,242.07,153.53
195.13,369,287.93,511.93
229.27,286.87,335.93,412.73
198.33,97,309.27,177
194.07,451.13,311.4,511.93
195.13,443.67,309.27,511.93
219.67,455.4,309.27,511.93
86.333,143.93,133.27,325.27
197.27,392.47,246.33,479.93
190.87,396.73,231.4,477.8
36.2,413.8,95.933,511.93
1,1,77.8,327.4
36.2,392.47,109.8,511.93
199.4,195.13,335.93,322.07
173.8,1,318.87,87.4
121.53,102.33,179.13,147.13
65,434.07,119.4,511.93
145,199.4,219.67,511.93
200.47,212.2,316.73,307.13
204.73,403.13,280.47,490.6
1,215.4,72.467,511.93
253.8,300.73,298.6,341.27
159.93,86.333,210.07,136.47
211.13,172.73,254.87,292.2
253.8,345.53,335.93,419.13
125.8,65,253.8,137.53
217.53,1,282.6,111.93
234.6,286.87,335.93,412.73
239.93,286.87,335.93,376.47
241,286.87,335.93,339.13
215.4,1,266.6,90.6
173.8,14.867,217.53,85.267
1,241,53.267,455.4
194.07,331.67,270.87,443.67
237.8,439.4,335.93,511.93
215.4,180.2,308.2,287.93
207.93,361.53,273,434.07
216.47,171.67,294.33,289
232.47,437.27,287.93,492.73
199.4,1,318.87,87.4
207.93,117.27,276.2,251.67
215.4,253.8,263.4,296.47
103.4,110.87,196.2,252.73
1,424.47,84.2,511.93
37.267,337,84.2,511.93
207.93,118.33,275.13,185.53
37.267,424.47,84.2,511.93
199.4,250.6,282.6,362.6
206.87,258.07,335.93,442.6
214.33,1,258.07,85.267
210.07,120.47,276.2,243.13
109.8,105.53,171.67,257
1,1,85.267,489.53
191.93,1,335.93,301.8
257,109.8,323.13,239.93
6.3333,97,67.133,489.53
236.73,167.4,314.6,269.8
191.93,242.07,254.87,431.93
72.467,430.87,130.07,511.93
194.07,460.73,234.6,511.93
56.467,433,119.4,511.93
242.07,286.87,335.93,417
137.53,57.533,242.07,110.87
146.07,378.6,193,511.93
77.8,133.27,169.53,410.6
185.53,305,232.47,481
207.93,374.33,250.6,426.6
161,309.27,207.93,463.93
161,65,248.47,113
126.87,131.13,171.67,179.13
195.13,414.87,322.07,511.93
187.67,402.07,231.4,478.87
203.67,412.73,279.4,490.6
137.53,1,223.93,110.87
1,1,60.733,479.93
103.4,110.87,186.6,252.73
38.333,406.33,95.933,511.93
280.47,1,335.93,228.2
109.8,134.33,170.6,257
62.867,434.07,103.4,511.93
216.47,117.27,295.4,289
56.467,392.47,122.6,511.93
105.53,57.533,242.07,137.53
86.333,430.87,127.93,511.93
54.333,1,121.53,383.93
207.93,118.33,275.13,197.27
20.2,338.07,76.733,511.93
98.067,120.47,196.2,491.67
132.2,177,175.93,433
63.933,430.87,130.07,511.93
98.067,120.47,204.73,511.93
138.6,110.87,186.6,172.73
234.6,296.47,286.87,389.27
169.53,131.13,212.2,258.07
210.07,118.33,317.8,251.67
239.93,291.13,298.6,341.27
90.6,148.2,149.27,418.07
234.6,301.8,335.93,414.87
201.53,187.67,247.4,301.8
77.8,193,183.4,492.73
242.07,451.13,305,503.4
232.47,437.27,277.27,485.27
179.13,305,232.47,481
1,239.93,44.733,415.93
254.87,345.53,335.93,419.13
156.73,321,200.47,463.93
54.333,1,103.4,207.93
221.8,300.73,286.87,412.73
207.93,250.6,335.93,433
207.93,117.27,279.4,251.67
213.27,234.6,265.53,293.27
149.27,1,249.53,87.4
237.8,290.07,287.93,338.07
147.13,102.33,221.8,297.53
291.13,108.73,335.93,168.47
1,424.47,72.467,511.93
28.733,1,77.8,327.4
161,199.4,219.67,463.93
197.27,383.93,254.87,446.87
215.4,231.4,274.07,290.07
62.867,382.87,113,511.93
63.933,430.87,142.87,511.93
251.67,215.4,324.2,257
207.93,86.333,300.73,154.6
123.67,1,277.27,125.8
207.93,118.33,275.13,164.2
149.27,120.47,196.2,435.13
155.67,411.67,245.27,511.93
257,124.73,317.8,251.67
125.8,102.33,199.4,255.93
210.07,379.67,278.33,435.13
216.47,131.13,319.93,289
141.8,105.53,196.2,179.13
172.73,220.73,222.87,314.6
270.87,286.87,335.93,340.2
234.6,301.8,335.93,378.6
239.93,81,318.87,149.27
1,409.53,72.467,511.93
229.27,1,271.93,85.267
204.73,97,309.27,177
195.13,286.87,335.93,450.07
62.867,382.87,150.33,511.93
105.53,86.333,203.67,137.53
56.467,422.33,97,511.93
210.07,401,335.93,456.47
117.27,1,179.13,132.2
206.87,291.13,280.47,393.53
266.6,1,318.87,87.4
242.07,286.87,335.93,341.27
147.13,1,281.53,111.93
172.73,220.73,222.87,347.67
199.4,1,249.53,85.267
1,423.4,42.6,511.93
280.47,1,335.93,258.07
261.27,109.8,323.13,248.47
215.4,245.27,303.93,303.93
294.33,125.8,335.93,228.2
286.87,1,335.93,89.533
239.93,1,308.2,87.4
79.933,132.2,125.8,289
107.67,103.4,163.13,198.33
169.53,119.4,220.73,292.2
257,81,318.87,149.27
98.067,1,145,186.6
195.13,456.47,245.27,511.93
286.87,1,335.93,95.933
37.267,195.13,85.267,511.93
37.267,422.33,142.87,511.93
254.87,332.73,335.93,419.13
263.4,375.4,335.93,435.13
279.4,286.87,335.93,376.47
159.93,86.333,203.67,129
145,1,253.8,99.133
77.8,193,183.4,511.93
245.27,456.47,322.07,511.93
161,220.73,227.13,473.53
159.93,246.33,200.47,388.2
73.533,394.6,131.13,511.93
226.07,177,276.2,251.67
129,132.2,169.53,174.87
210.07,359.4,254.87,431.93
140.73,193,183.4,433
161,340.2,207.93,463.93
73.533,394.6,126.87,511.93
236.73,65,303.93,142.87
98.067,210.07,154.6,484.2
234.6,296.47,286.87,412.73
194.07,331.67,248.47,443.67
152.47,364.73,198.33,458.6
87.4,1,145,195.13
172.73,220.73,218.6,292.2
234.6,301.8,335.93,375.4
152.47,1,206.87,87.4
94.867,202.6,193,511.93
278.33,143.93,318.87,245.27
257,186.6,308.2,251.67
155.67,411.67,233.53,511.93
225,119.4,286.87,233.53
62.867,367.93,191.93,511.93
187.67,392.47,233.53,479.93
126.87,131.13,181.27,247.4
226.07,150.33,279.4,251.67
197.27,387.13,247.4,478.87
110.87,103.4,163.13,170.6
95.933,187.67,148.2,351.93
173.8,1,223.93,85.267
234.6,300.73,295.4,364.73
103.4,216.47,149.27,463.93
211.13,171.67,287.93,292.2
36.2,424.47,84.2,511.93
242.07,1,308.2,87.4
241,345.53,335.93,434.07
278.33,167.4,318.87,245.27
207.93,414.87,280.47,490.6
279.4,327.4,335.93,375.4
139.67,407.4,245.27,511.93
197.27,461.8,309.27,511.93
225,119.4,275.13,164.2
147.13,102.33,196.2,179.13
125.8,89.533,253.8,137.53
266.6,1,308.2,87.4
94.867,202.6,148.2,357.27
95.933,105.53,196.2,511.93
286.87,327.4,335.93,375.4
269.8,131.13,317.8,235.67
241,389.27,321,434.07
116.2,86.333,203.67,136.47
223.93,450.07,276.2,490.6
251.67,296.47,335.93,418.07
215.4,214.33,281.53,286.87
101.27,1,145,168.47
56.467,422.33,122.6,511.93
198.33,86.333,300.73,154.6
206.87,258.07,335.93,414.87
206.87,291.13,280.47,414.87
63.933,434.07,109.8,511.93
204.73,412.73,279.4,490.6
195.13,414.87,279.4,511.93
117.27,209,163.13,399.93
212.2,386.07,273,434.07
234.6,286.87,335.93,426.6
195.13,456.47,278.33,511.93
116.2,90.6,203.67,136.47
206.87,246.33,335.93,392.47
286.87,21.267,331.67,95.933
250.6,344.47,295.4,401
152.47,376.47,198.33,458.6
161,187.67,247.4,423.4
35.133,1,85.267,477.8
226.07,150.33,276.2,251.67
226.07,158.87,279.4,251.67
210.07,214.33,280.47,298.6
95.933,187.67,148.2,479.93
103.4,94.867,184.47,252.73
191.93,117.27,247.4,301.8
213.27,214.33,281.53,293.27
194.07,286.87,316.73,449
236.73,443.67,287.93,492.73
1,241,72.467,511.93
279.4,286.87,335.93,372.2
98.067,210.07,157.8,491.67
211.13,171.67,263.4,284.73
37.267,369,84.2,511.93
6.3333,241,67.133,489.53
231.4,300.73,335.93,455.4
234.6,301.8,286.87,389.27
90.6,148.2,141.8,418.07
243.13,394.6,335.93,455.4
226.07,158.87,279.4,250.6
1,239.93,44.733,455.4
145,1,223.93,99.133
231.4,300.73,280.47,383.93
121.53,135.4,169.53,275.13
205.8,414.87,279.4,490.6
117.27,204.73,163.13,399.93
279.4,286.87,335.93,373.27
146.07,1,206.87,93.8
204.73,412.73,279.4,489.53
250.6,332.73,335.93,419.13
215.4,218.6,308.2,287.93
72.467,430.87,116.2,511.93
216.47,222.87,294.33,289
283.67,364.73,335.93,410.6
149.27,1,207.93,87.4
98.067,210.07,148.2,323.13
177,1,223.93,85.267
205.8,414.87,246.33,479.93
1,385,72.467,511.93
257,197.27,308.2,251.67
236.73,65,282.6,111.93
36.2,433,81,511.93
141.8,109.8,190.87,179.13
147.13,1,258.07,97
239.93,447.93,290.07,492.73
269.8,375.4,335.93,418.07
100.2,1,159.93,168.47
119.4,148.2,163.13,226.07
215.4,250.6,335.93,333.8
121.53,105.53,196.2,213.27
52.2,1,103.4,254.87
290.07,90.6,335.93,258.07
156.73,367.93,200.47,463.93
234.6,300.73,295.4,414.87
1,241,61.8,489.53
98.067,202.6,148.2,323.13
257,149.27,308.2,251.67
282.6,454.33,324.2,511.93
141.8,101.27,201.53,179.13
231.4,300.73,273,396.73
124.73,110.87,186.6,172.73
36.2,433,77.8,511.93
210.07,119.4,275.13,252.73
250.6,335.93,335.93,417
207.93,117.27,261.27,204.73
234.6,301.8,286.87,364.73
179.13,97,253.8,137.53
249.53,456.47,303.93,503.4
249.53,456.47,322.07,511.93
230.33,150.33,271.93,242.07
237.8,380.73,314.6,426.6
269.8,364.73,335.93,418.07
121.53,135.4,169.53,213.27
237.8,449,279.4,490.6
98.067,1,145,133.27
161,220.73,203.67,423.4
278.33,193,318.87,245.27
141.8,109.8,196.2,179.13
210.07,119.4,275.13,250.6
261.27,175.93,314.6,248.47
215.4,280.47,262.33,333.8
250.6,344.47,335.93,417
1,239.93,41.533,415.93
95.933,187.67,148.2,418.07
250.6,344.47,293.27,401
279.4,327.4,324.2,373.27
283.67,358.33,335.93,417
216.47,209,278.33,284.73
207.93,117.27,253.8,204.73
222.87,438.33,277.27,489.53
206.87,287.93,275.13,393.53
234.6,312.47,280.47,373.27
6.3333,241,61.8,489.53
