1,1,342.33,511.93
1,212.2,342.33,511.93
210.07,115.13,342.33,187.67
134.33,162.07,342.33,511.93
86.333,114.07,342.33,358.33
1,66.067,342.33,362.6
1,212.2,180.2,511.93
267.67,327.4,323.13,489.53
1,1,342.33,277.27
55.4,1,173.8,47.933
1,331.67,278.33,511.93
1,358.33,138.6,511.93
33,446.87,82.067,506.6
53.267,1,342.33,100.2
83.133,324.2,246.33,376.47
22.333,385,132.2,511.93
77.8,27.667,342.33,100.2
1,187.67,163.13,511.93
143.93,365.8,342.33,511.93
1,184.47,186.6,359.4
1,1,342.33,207.93
1,174.87,303.93,277.27
1,114.07,342.33,283.67
1,1,342.33,204.73
1,81,342.33,511.93
203.67,6.3333,259.13,55.4
1,152.47,342.33,380.73
1,142.87,334.87,511.93
69.267,1,342.33,87.4
1,35.133,67.133,177
1,142.87,342.33,511.93
1,301.8,94.867,388.2
1,231.4,127.93,360.47
82.067,397.8,179.13,469.27
1,301.8,60.733,377.53
145,69.267,342.33,487.4
67.133,1,164.2,52.2
237.8,225,342.33,479.93
1,1,200.47,371.13
22.333,267.67,121.53,359.4
113,66.067,159.93,111.93
61.8,114.07,342.33,511.93
1,465,78.867,511.93
1,1,342.33,380.73
134.33,365.8,342.33,511.93
1,1,342.33,487.4
1,338.07,111.93,511.93
1,152.47,186.6,268.73
1,142.87,193,385
185.53,1,259.13,57.533
137.53,69.267,342.33,147.13
152.47,321,342.33,492.73
1,1,342.33,216.47
1,380.73,82.067,511.93
1,338.07,145,511.93
186.6,114.07,342.33,244.2
1,301.8,342.33,511.93
1,114.07,342.33,511.93
1,300.73,145,511.93
41.533,289,180.2,360.47
1,81,342.33,216.47
1,56.467,162.07,209
1,152.47,127.93,199.4
1,216.47,132.2,511.93
1,1,342.33,283.67
1,1,95.933,68.2
1,1,162.07,209
1,338.07,138.6,511.93
60.733,1,342.33,136.47
1,445.8,85.267,511.93
166.33,81,342.33,219.67
1,385,61.8,484.2
143.93,258.07,342.33,401
1,1,342.33,209
1,1,130.07,92.733
134.33,294.33,342.33,511.93
1,194.07,219.67,377.53
55.4,1,342.33,100.2
202.6,26.6,303.93,71.4
1,35.133,78.867,179.13
77.8,23.4,342.33,85.267
33,385,166.33,511.93
18.067,421.27,111.93,511.93
62.867,452.2,111.93,511.93
1,216.47,342.33,511.93
1,253.8,342.33,511.93
41.533,341.27,241,396.73
267.67,253.8,342.33,495.93
11.667,253.8,342.33,511.93
1,20.2,89.533,182.33
219.67,365.8,271.93,452.2
1,356.2,74.6,452.2
106.6,258.07,342.33,358.33
1,1,209,207.93
11.667,299.67,95.933,367.93
177,181.27,342.33,306.07
77.8,1,342.33,99.133
1,194.07,278.33,511.93
143.93,193,193,245.27
268.73,1,342.33,66.067
108.73,114.07,342.33,243.13
1,313.53,334.87,511.93
33,212.2,103.4,255.93
51.133,258.07,342.33,511.93
1,1,217.53,180.2
145,69.267,342.33,372.2
1,194.07,193,268.73
1,292.2,132.2,511.93
1,65,162.07,202.6
271.93,1,342.33,78.867
291.13,1,342.33,63.933
1,1,342.33,371.13
113,66.067,342.33,119.4
83.133,311.4,178.07,356.2
1,35.133,67.133,179.13
267.67,294.33,342.33,495.93
1,331.67,166.33,511.93
41.533,341.27,342.33,497
1,356.2,58.6,483.13
1,1,162.07,204.73
41.533,341.27,276.2,439.4
152.47,359.4,277.27,490.6
66.067,1,342.33,87.4
1,1,195.13,68.2
113,426.6,342.33,511.93
220.73,93.8,325.27,136.47
1,1,342.33,182.33
41.533,341.27,342.33,511.93
1,380.73,85.267,511.93
103.4,259.13,219.67,305
65,196.2,184.47,323.13
154.6,81,342.33,250.6
1,338.07,195.13,511.93
1,358.33,81,486.33
143.93,81,342.33,511.93
155.67,81,342.33,372.2
1,187.67,163.13,367.93
1,196.2,186.6,268.73
1,37.267,89.533,177
1,1,106.6,139.67
47.933,351.93,342.33,492.73
236.73,81,342.33,157.8
143.93,302.87,342.33,511.93
267.67,302.87,342.33,487.4
1,194.07,193,282.6
15.933,65,145,202.6
18.067,369,195.13,511.93
238.87,333.8,286.87,403.13
1,299.67,132.2,511.93
1,300.73,134.33,511.93
233.53,1,299.67,59.667
1,174.87,195.13,274.07
198.33,276.2,287.93,344.47
67.133,1,342.33,147.13
1,115.13,131.13,205.8
153.53,197.27,303.93,277.27
41.533,341.27,229.27,396.73
78.867,249.53,342.33,484.2
1,452.2,85.267,511.93
1,267.67,121.53,348.73
86.333,193,342.33,283.67
233.53,209,280.47,257
31.933,270.87,158.87,359.4
1,273,71.4,335.93
1,380.73,61.8,486.33
60.733,1,121.53,44.733
34.067,56.467,159.93,150.33
69.267,1,311.4,87.4
268.73,1,342.33,75.667
94.867,417,342.33,511.93
51.133,323.13,342.33,511.93
1,376.47,82.067,511.93
1,299.67,145,511.93
155.67,179.13,342.33,372.2
296.47,1,342.33,78.867
15.933,62.867,106.6,139.67
1,356.2,104.47,485.27
1,65,145,204.73
1,20.2,79.933,187.67
1,1,159.93,199.4
1,1,131.13,177
63.933,452.2,111.93,511.93
1,1,342.33,362.6
151.4,162.07,342.33,372.2
45.8,369,195.13,511.93
1,1,342.33,92.733
233.53,338.07,286.87,390.33
1,1,159.93,209
1,212.2,180.2,362.6
59.667,313.53,296.47,433
94.867,321,342.33,511.93
136.47,365.8,342.33,511.93
210.07,120.47,319.93,187.67
1,212.2,103.4,255.93
270.87,323.13,313.53,452.2
19.133,391.4,74.6,445.8
56.467,385,111.93,447.93
1,217.53,98.067,267.67
1,231.4,122.6,360.47
1,299.67,135.4,511.93
1,331.67,74.6,482.07
185.53,9.5333,259.13,57.533
69.267,47.933,217.53,180.2
1,65,162.07,201.53
59.667,313.53,334.87,497
207.93,289,291.13,401
1,356.2,57.533,452.2
1,1,95.933,62.867
33,385,156.73,511.93
1,121.53,131.13,200.47
1,212.2,180.2,360.47
1,1,130.07,177
1,142.87,186.6,359.4
36.2,53.267,77.8,93.8
9.5333,242.07,90.6,282.6
271.93,1,342.33,75.667
201.53,274.07,339.13,323.13
138.6,458.6,342.33,511.93
202.6,23.4,309.27,73.533
1,142.87,193,359.4
1,152.47,186.6,331.67
155.67,184.47,342.33,372.2
177,398.87,322.07,491.67
118.33,1,165.27,43.667
191.93,91.667,342.33,136.47
1,356.2,57.533,428.73
1,335.93,132.2,506.6
15.933,121.53,131.13,200.47
11.667,299.67,334.87,497
100.2,1,342.33,136.47
1,20.2,145,204.73
207.93,225,342.33,479.93
78.867,258.07,342.33,484.2
167.4,1,254.87,54.333
69.267,1,342.33,75.667
1,356.2,111.93,511.93
1,191.93,47.933,243.13
72.467,381.8,194.07,489.53
1,20.2,107.67,187.67
193,207.93,280.47,257
77.8,1,342.33,89.533
172.73,207.93,257,253.8
108.73,69.267,342.33,271.93
188.73,1,271.93,58.6
1,231.4,145,511.93
1,273,60.733,315.67
59.667,235.67,129,283.67
33,49,79.933,97
145,69.267,217.53,174.87
1,247.4,171.67,331.67
191.93,299.67,287.93,403.13
199.4,115.13,342.33,271.93
270.87,323.13,342.33,495.93
67.133,1,342.33,79.933
73.533,235.67,219.67,356.2
1,65,162.07,204.73
61.8,293.27,342.33,511.93
61.8,293.27,291.13,428.73
1,187.67,303.93,362.6
39.4,71.4,200.47,207.93
51.133,331.67,255.93,511.93
121.53,458.6,342.33,511.93
83.133,66.067,342.33,243.13
1,217.53,121.53,360.47
183.4,97,245.27,164.2
31.933,270.87,137.53,321
214.33,365.8,280.47,487.4
181.27,1,342.33,78.867
22.333,446.87,85.267,511.93
129,47.933,342.33,147.13
78.867,258.07,342.33,376.47
59.667,313.53,296.47,489.53
51.133,225,342.33,511.93
46.867,65,113,106.6
1,299.67,119.4,418.07
284.73,225,342.33,271.93
1,225,342.33,511.93
1,335.93,132.2,511.93
151.4,181.27,342.33,372.2
270.87,321,342.33,484.2
86.333,193,342.33,358.33
185.53,1,260.2,57.533
242.07,1,291.13,56.467
100.2,1,342.33,85.267
202.6,6.3333,259.13,55.4
191.93,299.67,291.13,452.2
266.6,182.33,342.33,244.2
47.933,249.53,342.33,511.93
207.93,289,291.13,360.47
137.53,69.267,219.67,113
1,385,61.8,486.33
62.867,1,254.87,56.467
1,1,217.53,182.33
1,242.07,137.53,359.4
93.8,415.93,180.2,471.4
23.4,63.933,63.933,113
72.467,430.87,127.93,511.93
1,231.4,119.4,360.47
1,69.267,342.33,277.27
136.47,452.2,277.27,495.93
93.8,415.93,182.33,473.53
77.8,1,342.33,91.667
1,363.67,124.73,511.93
218.6,361.53,334.87,497
1,362.6,74.6,482.07
41.533,333.8,278.33,469.27
270.87,321,342.33,486.33
1,447.93,78.867,511.93
119.4,62.867,342.33,187.67
237.8,239.93,342.33,487.4
1,301.8,62.867,385
41.533,341.27,276.2,469.27
115.13,1,165.27,44.733
41.533,341.27,117.27,381.8
47.933,351.93,342.33,511.93
62.867,1,164.2,52.2
217.53,305,287.93,360.47
253.8,185.53,342.33,277.27
126.87,248.47,199.4,310.33
100.2,25.533,163.13,85.267
1,1,79.933,63.933
61.8,293.27,246.33,428.73
1,299.67,71.4,377.53
108.73,114.07,342.33,244.2
1,362.6,81,462.87
10.6,77.8,107.67,179.13
1,20.2,107.67,203.67
22.333,386.07,88.467,456.47
1,262.33,180.2,359.4
177,323.13,322.07,491.67
198.33,292.2,286.87,340.2
60.733,1,271.93,65
1,1,131.13,117.27
1,331.67,124.73,483.13
53.267,1,342.33,85.267
1,165.27,131.13,205.8
1,124.73,200.47,371.13
1,34.067,77.8,129
152.47,377.53,342.33,492.73
1,1,195.13,73.533
190.87,1,263.4,56.467
222.87,302.87,342.33,497
86.333,209,178.07,283.67
23.4,398.87,74.6,449
113,426.6,183.4,511.93
69.267,1,342.33,79.933
1,142.87,127.93,199.4
162.07,1,271.93,58.6
172.73,114.07,342.33,278.33
1,385,53.267,484.2
1,191.93,91.667,249.53
1,411.67,54.333,482.07
92.733,417,143.93,469.27
1,216.47,121.53,360.47
1,187.67,303.93,277.27
1,380.73,53.267,479.93
177,181.27,342.33,277.27
178.07,184.47,262.33,250.6
1,121.53,131.13,209
191.93,299.67,291.13,403.13
20.2,357.27,124.73,427.67
172.73,365.8,279.4,492.73
1,186.6,186.6,268.73
53.267,1,342.33,75.667
113,426.6,183.4,488.47
1,217.53,121.53,359.4
1,451.13,78.867,511.93
1,438.33,85.267,511.93
19.133,391.4,104.47,463.93
10.6,120.47,89.533,179.13
1,299.67,98.067,393.53
137.53,69.267,342.33,143.93
129,1,263.4,59.667
134.33,253.8,342.33,511.93
52.2,313.53,180.2,359.4
81,66.067,342.33,243.13
270.87,267.67,342.33,446.87
88.467,331.67,255.93,376.47
183.4,93.8,326.33,147.13
46.867,429.8,124.73,511.93
162.07,1,342.33,66.067
200.47,315.67,271.93,360.47
202.6,359.4,277.27,486.33
1,356.2,74.6,483.13
1,187.67,121.53,348.73
145,69.267,342.33,250.6
85.267,428.73,132.2,502.33
83.133,290.07,187.67,371.13
92.733,417,342.33,511.93
1,152.47,242.07,380.73
1,37.267,53.267,177
1,338.07,74.6,493.8
1,9.5333,163.13,181.27
295.4,260.2,342.33,312.47
285.8,260.2,342.33,358.33
253.8,194.07,295.4,235.67
269.8,115.13,342.33,186.6
113,69.267,234.6,182.33
93.8,415.93,180.2,469.27
50.067,383.93,134.33,511.93
212.2,1,342.33,75.667
233.53,302.87,291.13,360.47
22.333,277.27,121.53,339.13
55.4,84.2,140.73,190.87
1,184.47,186.6,268.73
1,356.2,58.6,485.27
113,97,162.07,159.93
46.867,65,129,106.6
69.267,47.933,217.53,182.33
118.33,1,167.4,45.8
1,1,159.93,92.733
196.2,1,263.4,56.467
73.533,259.13,219.67,356.2
1,84.2,162.07,201.53
268.73,1,324.2,66.067
1,338.07,74.6,483.13
134.33,365.8,280.47,511.93
155.67,273,339.13,372.2
45.8,369,195.13,473.53
34.067,56.467,162.07,159.93
55.4,1,167.4,45.8
119.4,114.07,234.6,187.67
219.67,132.2,312.47,199.4
1,445.8,86.333,511.93
62.867,1,342.33,75.667
41.533,341.27,276.2,477.8
1,335.93,119.4,418.07
61.8,363.67,238.87,428.73
1,194.07,219.67,356.2
1,187.67,118.33,249.53
72.467,430.87,138.6,511.93
246.33,115.13,324.2,182.33
238.87,346.6,286.87,403.13
69.267,10.6,194.07,59.667
65,196.2,187.67,371.13
1,20.2,89.533,177
82.067,397.8,223.93,511.93
18.067,453.27,86.333,511.93
154.6,1,342.33,66.067
202.6,17,303.93,71.4
145,100.2,188.73,169.53
218.6,323.13,342.33,495.93
69.267,452.2,111.93,511.93
25.533,398.87,74.6,449
61.8,84.2,140.73,168.47
55.4,1,342.33,85.267
1,376.47,61.8,486.33
129,45.8,311.4,87.4
51.133,65,140.73,202.6
157.8,138.6,199.4,180.2
266.6,170.6,342.33,271.93
1,34.067,42.6,129
151.4,259.13,337,372.2
1,235.67,180.2,360.47
158.87,1,225,59.667
33,396.73,104.47,511.93
266.6,179.13,342.33,244.2
22.333,217.53,121.53,359.4
1,153.53,131.13,205.8
62.867,1,188.73,56.467
111.93,324.2,246.33,376.47
55.4,121.53,131.13,190.87
15.933,62.867,106.6,133.27
99.133,69.267,163.13,181.27
203.67,6.3333,254.87,54.333
269.8,17,332.73,68.2
33,396.73,156.73,511.93
172.73,203.67,303.93,273
191.93,276.2,287.93,401
94.867,417,180.2,511.93
199.4,143.93,291.13,190.87
31.933,120.47,89.533,162.07
1,1,91.667,68.2
138.6,458.6,266.6,511.93
100.2,25.533,307.13,85.267
119.4,114.07,342.33,187.67
51.133,355.13,258.07,447.93
86.333,226.07,287.93,362.6
55.4,396.73,138.6,511.93
4.2,292.2,97,350.87
1,268.73,158.87,377.53
268.73,1,330.6,66.067
177,181.27,297.53,273
1,262.33,171.67,331.67
115.13,1,168.47,45.8
124.73,458.6,342.33,511.93
269.8,1,342.33,75.667
88.467,356.2,241,396.73
218.6,423.4,334.87,497
1,65,145,202.6
36.2,313.53,242.07,380.73
111.93,1,167.4,45.8
1,152.47,108.73,199.4
22.333,281.53,119.4,359.4
270.87,182.33,342.33,244.2
47.933,279.4,163.13,367.93
1,1,209,117.27
1,39.4,87.4,177
188.73,1,342.33,75.667
63.933,454.33,104.47,511.93
34.067,77.8,107.67,133.27
77.8,27.667,342.33,85.267
1,335.93,88.467,456.47
143.93,293.27,216.47,340.2
67.133,10.6,161,52.2
191.93,93.8,325.27,136.47
18.067,187.67,297.53,269.8
83.133,397.8,195.13,473.53
227.13,321,342.33,492.73
100.2,1,145,49
275.13,441.53,342.33,495.93
1,300.73,89.533,385
1,63.933,200.47,207.93
292.2,294.33,342.33,495.93
241,426.6,292.2,486.33
119.4,69.267,342.33,187.67
1,331.67,124.73,482.07
199.4,1,342.33,75.667
1,411.67,53.267,479.93
1,71.4,200.47,207.93
1,269.8,71.4,344.47
202.6,1,342.33,75.667
31.933,98.067,87.4,169.53
1,217.53,98.067,268.73
51.133,323.13,342.33,491.67
60.733,1,165.27,51.133
1,299.67,63.933,379.67
113,201.53,174.87,254.87
51.133,355.13,229.27,437.27
17,92.733,87.4,169.53
69.267,1,168.47,47.933
1,335.93,145,511.93
270.87,325.27,319.93,484.2
86.333,248.47,287.93,362.6
115.13,1,164.2,43.667
191.93,299.67,291.13,369
285.8,17,342.33,75.667
53.267,1,161,52.2
191.93,91.667,325.27,136.47
1,194.07,186.6,268.73
103.4,1,168.47,45.8
1,362.6,81,486.33
69.267,451.13,111.93,511.93
113,66.067,311.4,113
18.067,383.93,134.33,511.93
60.733,1,342.33,85.267
47.933,351.93,238.87,438.33
1,37.267,79.933,177
172.73,204.73,342.33,278.33
268.73,1,329.53,59.667
156.73,60.733,342.33,136.47
185.53,15.933,259.13,57.533
196.2,2.0667,254.87,54.333
51.133,355.13,206.87,401
115.13,1,188.73,50.067
29.8,395.67,103.4,465
285.8,1,342.33,75.667
97,349.8,276.2,469.27
91.667,428.73,143.93,469.27
108.73,69.267,271.93,219.67
93.8,415.93,182.33,489.53
36.2,313.53,180.2,359.4
47.933,217.53,98.067,267.67
51.133,353,258.07,488.47
91.667,428.73,145,511.93
33,451.13,82.067,511.93
49,424.47,114.07,506.6
72.467,430.87,156.73,511.93
1,268.73,71.4,321
1,194.07,93.8,246.33
108.73,156.73,342.33,244.2
186.6,114.07,266.6,159.93
114.07,405.27,223.93,491.67
222.87,355.13,342.33,497
31.933,270.87,137.53,348.73
100.2,25.533,180.2,85.267
113,119.4,162.07,159.93
59.667,313.53,296.47,439.4
118.33,458.6,166.33,511.93
23.4,49,79.933,117.27
1,191.93,47.933,244.2
198.33,276.2,287.93,401
78.867,289,180.2,354.07
108.73,114.07,342.33,219.67
122.6,324.2,246.33,376.47
227.13,414.87,342.33,492.73
61.8,357.27,238.87,428.73
97,399.93,196.2,469.27
222.87,379.67,342.33,497
261.27,1,342.33,75.667
1,356.2,74.6,445.8
60.733,1,342.33,75.667
136.47,365.8,279.4,495.93
77.8,1,342.33,85.267
52.2,313.53,242.07,380.73
134.33,410.6,342.33,511.93
173.8,93.8,326.33,147.13
1,1,91.667,129
94.867,417,180.2,469.27
77.8,23.4,342.33,89.533
166.33,130.07,249.53,206.87
18.067,187.67,195.13,254.87
177,184.47,342.33,305
135.4,1,254.87,54.333
1,267.67,121.53,316.73
147.13,323.13,342.33,511.93
70.333,452.2,135.4,511.93
39.4,71.4,194.07,169.53
181.27,17,303.93,71.4
199.4,23.4,309.27,74.6
221.8,1,271.93,54.333
1,385,53.267,474.6
104.47,405.27,195.13,473.53
235.67,1,299.67,59.667
1,1,131.13,94.867
77.8,27.667,213.27,72.467
54.333,421.27,104.47,463.93
24.467,33,68.2,81
1,1,195.13,181.27
222.87,402.07,342.33,497
270.87,302.87,342.33,486.33
298.6,267.67,342.33,313.53
143.93,258.07,313.53,340.2
199.4,115.13,324.2,190.87
166.33,97,312.47,206.87
31.933,98.067,89.533,174.87
145,99.133,188.73,169.53
1,301.8,89.533,385
51.133,331.67,255.93,427.67
1,299.67,116.2,453.27
271.93,328.47,314.6,452.2
285.8,267.67,342.33,358.33
1,273,47.933,321
1,250.6,137.53,359.4
1,309.27,60.733,377.53
60.733,3.1333,106.6,44.733
103.4,1,163.13,44.733
198.33,292.2,286.87,344.47
88.467,331.67,254.87,376.47
46.867,429.8,122.6,498.07
166.33,153.53,226.07,206.87
55.4,84.2,134.33,190.87
108.73,175.93,271.93,219.67
231.4,81,342.33,129
270.87,321,342.33,452.2
143.93,258.07,342.33,358.33
78.867,279.4,246.33,376.47
1,187.67,118.33,268.73
191.93,91.667,314.6,136.47
33,93.8,106.6,139.67
23.4,38.333,131.13,117.27
54.333,28.733,130.07,92.733
69.267,1,263.4,59.667
81,174.87,195.13,274.07
1,1,79.933,62.867
158.87,1,263.4,59.667
157.8,138.6,225,182.33
1,152.47,280.47,283.67
1,273,71.4,321
182.33,76.733,342.33,136.47
1,37.267,79.933,187.67
61.8,357.27,223.93,402.07
73.533,196.2,186.6,267.67
289,321,342.33,389.27
177,232.47,296.47,275.13
182.33,76.733,342.33,119.4
70.333,444.73,111.93,491.67
172.73,203.67,297.53,269.8
167.4,1,221.8,53.267
108.73,152.47,271.93,245.27
29.8,382.87,135.4,511.93
188.73,4.2,254.87,54.333
267.67,302.87,342.33,380.73
143.93,411.67,219.67,492.73
257,1,342.33,75.667
73.533,196.2,154.6,267.67
209,93.8,326.33,147.13
189.8,1,271.93,56.467
33,446.87,82.067,511.93
1,423.4,44.733,478.87
1,39.4,46.867,169.53
227.13,415.93,302.87,492.73
199.4,115.13,324.2,182.33
47.933,308.2,163.13,367.93
51.133,353,258.07,447.93
69.267,10.6,311.4,87.4
93.8,415.93,180.2,477.8
285.8,286.87,342.33,358.33
104.47,97,162.07,159.93
15.933,121.53,131.13,199.4
182.33,76.733,342.33,123.67
227.13,426.6,292.2,492.73
219.67,153.53,312.47,199.4
1,376.47,57.533,428.73
177,323.13,342.33,491.67
1,268.73,158.87,359.4
82.067,397.8,223.93,491.67
1,363.67,93.8,459.67
202.6,22.333,303.93,71.4
97,56.467,159.93,150.33
61.8,84.2,134.33,151.4
33,451.13,82.067,506.6
34.067,77.8,107.67,138.6
191.93,91.667,314.6,132.2
237.8,267.67,342.33,479.93
22.333,385,132.2,506.6
1,446.87,82.067,511.93
94.867,417,156.73,469.27
152.47,405.27,223.93,490.6
233.53,197.27,280.47,257
266.6,115.13,324.2,182.33
239.93,114.07,342.33,219.67
1,97,56.467,177
1,376.47,61.8,481
157.8,293.27,216.47,340.2
116.2,458.6,167.4,511.93
227.13,415.93,322.07,492.73
138.6,69.267,209,117.27
23.4,39.4,68.2,92.733
166.33,130.07,242.07,206.87
8.4667,212.2,103.4,255.93
189.8,7.4,238.87,56.467
33,38.333,131.13,97
1,335.93,124.73,511.93
1,235.67,159.93,318.87
51.133,355.13,238.87,427.67
215.4,209,257,252.73
172.73,207.93,342.33,278.33
108.73,156.73,271.93,243.13
108.73,156.73,271.93,245.27
61.8,357.27,238.87,438.33
1,20.2,68.2,177
219.67,153.53,312.47,195.13
289,1,342.33,63.933
31.933,126.87,87.4,169.53
1,299.67,71.4,393.53
152.47,377.53,277.27,490.6
86.333,248.47,199.4,318.87
203.67,1,342.33,78.867
1,299.67,88.467,383.93
270.87,267.67,342.33,479.93
191.93,299.67,287.93,360.47
172.73,203.67,303.93,277.27
145,69.267,220.73,174.87
145,69.267,217.53,169.53
62.867,43.667,156.73,99.133
1,1,188.73,68.2
204.73,99.133,245.27,184.47
237.8,239.93,342.33,305
86.333,193,193,283.67
60.733,3.1333,184.47,54.333
1,335.93,57.533,408.47
18.067,421.27,104.47,511.93
1,454.33,79.933,511.93
55.4,121.53,106.6,190.87
92.733,417,172.73,469.27
266.6,1,342.33,75.667
54.333,38.333,131.13,94.867
52.2,313.53,180.2,364.73
1,1,97,49
1,335.93,114.07,506.6
106.6,375.4,229.27,427.67
1,310.33,63.933,379.67
55.4,396.73,104.47,491.67
83.133,308.2,187.67,356.2
60.733,3.1333,193,63.933
31.933,113,87.4,169.53
54.333,269.8,159.93,318.87
1,395.67,53.267,479.93
1,212.2,108.73,255.93
69.267,47.933,173.8,180.2
218.6,429.8,293.27,495.93
61.8,357.27,230.33,428.73
270.87,321,342.33,389.27
146.07,102.33,204.73,147.13
1,380.73,53.267,486.33
60.733,1,188.73,56.467
22.333,277.27,121.53,359.4
199.4,23.4,309.27,70.333
1,143.93,131.13,205.8
207.93,209,270.87,257
100.2,1,165.27,51.133
231.4,81,342.33,219.67
186.6,114.07,319.93,187.67
47.933,217.53,98.067,276.2
244.2,9.5333,299.67,59.667
145,99.133,194.07,169.53
1,363.67,47.933,407.4
33,88.467,106.6,139.67
287.93,423.4,334.87,497
1,135.4,131.13,205.8
289,321,342.33,454.33
298.6,15.933,342.33,60.733
50.067,382.87,111.93,442.6
63.933,49,163.13,181.27
61.8,84.2,117.27,137.53
191.93,299.67,278.33,369
298.6,11.667,342.33,63.933
31.933,369,119.4,418.07
217.53,312.47,287.93,360.47
18.067,187.67,120.47,249.53
199.4,115.13,342.33,190.87
225,1,271.93,56.467
55.4,71.4,140.73,190.87
177,229.27,296.47,275.13
22.333,277.27,121.53,348.73
78.867,279.4,163.13,346.6
44.733,124.73,200.47,207.93
1,263.4,119.4,360.47
290.07,429.8,335.93,484.2
166.33,97,298.6,206.87
143.93,408.47,223.93,492.73
77.8,27.667,342.33,89.533
269.8,115.13,342.33,244.2
237.8,239.93,342.33,295.4
1,9.5333,74.6,69.267
60.733,1,254.87,56.467
286.87,356.2,342.33,486.33
177,184.47,296.47,275.13
1,380.73,53.267,478.87
1,186.6,156.73,268.73
1,269.8,71.4,321
78.867,308.2,163.13,355.13
25.533,398.87,81,462.87
91.667,428.73,179.13,469.27
1,73.533,56.467,169.53
39.4,71.4,106.6,133.27
119.4,138.6,223.93,187.67
113,193,195.13,254.87
1,1,271.93,92.733
235.67,9.5333,299.67,59.667
207.93,197.27,270.87,257
102.33,69.267,163.13,181.27
156.73,405.27,223.93,488.47
58.6,28.733,130.07,92.733
269.8,1,322.07,61.8
65,196.2,179.13,267.67
1,263.4,93.8,360.47
270.87,333.8,342.33,487.4
22.333,385,125.8,470.33
15.933,56.467,159.93,199.4
177,184.47,342.33,275.13
73.533,290.07,187.67,356.2
1,299.67,88.467,397.8
201.53,274.07,339.13,318.87
1,250.6,77.8,299.67
98.067,292.2,239.93,362.6
1,1,95.933,69.267
85.267,428.73,125.8,470.33
155.67,273,282.6,372.2
134.33,410.6,219.67,511.93
83.133,293.27,246.33,376.47
217.53,365.8,279.4,487.4
1,423.4,53.267,479.93
60.733,3.1333,193,65
76.733,311.4,187.67,356.2
108.73,159.93,271.93,219.67
55.4,65,140.73,190.87
211.13,23.4,309.27,71.4
114.07,426.6,191.93,488.47
22.333,446.87,67.133,489.53
49,424.47,132.2,506.6
86.333,248.47,287.93,318.87
191.93,299.67,271.93,360.47
153.53,203.67,303.93,277.27
1,412.73,44.733,478.87
108.73,114.07,271.93,219.67
167.4,1,342.33,78.867
239.93,114.07,342.33,187.67
1,152.47,271.93,283.67
289,321,342.33,431.93
1,380.73,44.733,478.87
78.867,289,180.2,351.93
73.533,196.2,179.13,267.67
275.13,328.47,319.93,484.2
232.47,153.53,312.47,195.13
207.93,302.87,291.13,360.47
136.47,452.2,204.73,492.73
149.27,299.67,205.8,340.2
155.67,194.07,342.33,372.2
1,299.67,63.933,378.6
74.6,383.93,124.73,427.67
218.6,365.8,292.2,492.73
1,194.07,93.8,260.2
31.933,98.067,89.533,169.53
253.8,194.07,342.33,266.6
275.13,427.67,342.33,495.93
49,235.67,159.93,318.87
119.4,127.93,199.4,187.67
237.8,268.73,322.07,310.33
86.333,239.93,287.93,362.6
15.933,65,140.73,202.6
166.33,97,245.27,184.47
125.8,102.33,234.6,182.33
203.67,1,342.33,66.067
211.13,23.4,309.27,68.2
225,302.87,291.13,360.47
231.4,81,342.33,138.6
61.8,357.27,226.07,428.73
22.333,267.67,119.4,359.4
125.8,138.6,225,182.33
233.53,338.07,286.87,401
60.733,3.1333,145,49
22.333,385,116.2,456.47
17,300.73,109.8,348.73
1,124.73,200.47,260.2
209,302.87,291.13,360.47
186.6,114.07,266.6,182.33
253.8,194.07,342.33,239.93
278.33,398.87,335.93,484.2
17,1,97,49
143.93,365.8,279.4,492.73
5.2667,335.93,88.467,383.93
216.47,1,342.33,66.067
100.2,1,164.2,49
31.933,270.87,158.87,323.13
268.73,193,342.33,243.13
143.93,258.07,274.07,340.2
1,300.73,63.933,379.67
83.133,102.33,204.73,180.2
1,187.67,178.07,283.67
88.467,393.53,193,438.33
1,269.8,93.8,360.47
36.2,318.87,102.33,359.4
22.333,386.07,88.467,452.2
269.8,1,332.73,68.2
161,430.87,220.73,487.4
268.73,193,342.33,271.93
296.47,81,342.33,129
39.4,71.4,157.8,150.33
31.933,270.87,137.53,359.4
55.4,84.2,162.07,190.87
113,66.067,342.33,116.2
7.4,401,61.8,481
268.73,379.67,342.33,495.93
259.13,179.13,342.33,219.67
242.07,276.2,287.93,319.93
233.53,1,342.33,66.067
33,212.2,81,252.73
60.733,49,163.13,181.27
1,42.6,46.867,169.53
113,66.067,219.67,113
121.53,1,163.13,44.733
218.6,365.8,276.2,485.27
154.6,97,342.33,250.6
83.133,101.27,204.73,181.27
143.93,405.27,223.93,491.67
269.8,12.733,332.73,68.2
61.8,385,116.2,453.27
49,269.8,159.93,318.87
202.6,377.53,277.27,486.33
65,196.2,184.47,305
1,159.93,131.13,205.8
154.6,181.27,262.33,250.6
156.73,430.87,220.73,488.47
7.4,376.47,61.8,481
1,39.4,68.2,177
1,247.4,91.667,300.73
15.933,73.533,56.467,129
177,232.47,235.67,273
60.733,3.1333,188.73,56.467
86.333,209,177,283.67
119.4,138.6,199.4,187.67
1,3.1333,66.067,63.933
97,84.2,140.73,168.47
83.133,66.067,342.33,181.27
1,20.2,68.2,92.733
177,398.87,276.2,491.67
83.133,312.47,161,356.2
219.67,120.47,295.4,165.27
287.93,429.8,335.93,484.2
113,69.267,219.67,113
157.8,69.267,209,116.2
1,269.8,71.4,359.4
154.6,97,262.33,250.6
285.8,282.6,342.33,358.33
284.73,1,342.33,66.067
54.333,212.2,103.4,255.93
103.4,259.13,183.4,305
149.27,293.27,205.8,340.2
76.733,311.4,178.07,356.2
97,404.2,196.2,469.27
20.2,437.27,61.8,481
24.467,398.87,81,462.87
1,124.73,200.47,207.93
177,194.07,342.33,287.93
103.4,214.33,184.47,305
76.733,290.07,187.67,356.2
102.33,69.267,163.13,150.33
274.07,239.93,342.33,295.4
77.8,27.667,213.27,71.4
1,1,94.867,92.733
269.8,1,342.33,63.933
1,42.6,46.867,114.07
63.933,49,156.73,99.133
279.4,302.87,342.33,380.73
281.53,348.73,342.33,487.4
143.93,405.27,223.93,488.47
1,1,95.933,63.933
239.93,109.8,342.33,187.67
199.4,115.13,342.33,182.33
1,362.6,74.6,449
65,382.87,111.93,433
83.133,308.2,187.67,371.13
33,452.2,85.267,511.93
31.933,122.6,87.4,169.53
1,39.4,56.467,169.53
172.73,203.67,227.13,253.8
178.07,181.27,262.33,250.6
118.33,441.53,187.67,488.47
266.6,115.13,324.2,175.93
238.87,346.6,286.87,401
97,92.733,140.73,168.47
220.73,93.8,314.6,136.47
159.93,69.267,219.67,113
220.73,81,342.33,157.8
215.4,209,270.87,257
1,299.67,63.933,393.53
1,92.733,87.4,177
145,100.2,216.47,174.87
183.4,97,298.6,164.2
1,35.133,56.467,177
236.73,101.27,298.6,157.8
220.73,81,342.33,178.07
65,38.333,130.07,92.733
20.2,196.2,93.8,246.33
183.4,97,245.27,184.47
62.867,43.667,209,117.27
100.2,25.533,159.93,85.267
270.87,302.87,342.33,487.4
1,363.67,60.733,459.67
114.07,349.8,276.2,439.4
31.933,120.47,87.4,169.53
270.87,333.8,342.33,486.33
289,198.33,342.33,239.93
83.133,308.2,187.67,349.8
1,9.5333,66.067,63.933
83.133,102.33,204.73,181.27
1,35.133,42.6,129
1,35.133,67.133,129
11.667,1,130.07,92.733
269.8,221.8,342.33,266.6
118.33,443.67,180.2,488.47
85.267,431.93,127.93,511.93
29.8,382.87,111.93,465
1,1,95.933,43.667
145,69.267,216.47,174.87
278.33,398.87,342.33,495.93
181.27,398.87,276.2,487.4
60.733,3.1333,121.53,44.733
81,174.87,159.93,274.07
118.33,439.4,187.67,488.47
172.73,203.67,257,253.8
281.53,396.73,322.07,487.4
241,426.6,322.07,490.6
1,39.4,63.933,177
60.733,71.4,157.8,150.33
143.93,452.2,204.73,492.73
106.6,375.4,238.87,427.67
219.67,115.13,324.2,175.93
199.4,145,291.13,190.87
253.8,194.07,342.33,245.27
278.33,325.27,342.33,495.93
172.73,411.67,219.67,492.73
146.07,102.33,234.6,147.13
177,229.27,296.47,287.93
218.6,398.87,276.2,485.27
113,66.067,342.33,113
40.467,312.47,104.47,359.4
102.33,198.33,186.6,248.47
94.867,226.07,159.93,274.07
46.867,421.27,103.4,465
125.8,138.6,199.4,180.2
296.47,81,342.33,138.6
102.33,88.467,157.8,150.33
49,382.87,111.93,442.6
106.6,270.87,159.93,318.87
143.93,258.07,205.8,340.2
1,187.67,297.53,269.8
145,102.33,204.73,151.4
143.93,293.27,205.8,340.2
83.133,138.6,199.4,180.2
82.067,187.67,159.93,274.07
70.333,452.2,122.6,498.07
108.73,171.67,271.93,219.67
106.6,375.4,229.27,437.27
1,310.33,50.067,375.4
86.333,248.47,199.4,310.33
50.067,383.93,93.8,442.6
141.8,193,195.13,239.93
31.933,113,87.4,162.07
241,115.13,324.2,182.33
70.333,452.2,135.4,498.07
11.667,1,94.867,52.2
18.067,200.47,91.667,249.53
174.87,265.53,287.93,307.13
1,363.67,60.733,449
172.73,207.93,227.13,253.8
153.53,258.07,199.4,300.73
143.93,258.07,199.4,310.33
