1,1,512.2,384.2
42.6,1.8,387.4,346.6
449.8,1,501,384.2
43.4,1,189.8,148.2
329.8,1,463.4,384.2
328.2,1,512.2,384.2
87.4,131.4,229.8,223.4
1,110.6,140.2,227.4
58.6,1,213.8,133.8
378.6,43.4,426.6,133.8
453.8,1,512.2,384.2
42.6,221.8,249,384.2
49,301.8,260.2,384.2
197.8,215.4,385.8,350.6
42.6,129,461.8,384.2
1,1,310.6,275.4
265,1,410.6,310.6
154.6,1,290.6,176.2
24.2,1,383.4,345.8
59.4,1,241.8,129.8
329.8,1,381.8,159.4
148.2,115.4,381,343.4
322.6,97.8,398.6,222.6
169.8,156.2,305,281
1,101,286.6,384.2
21,1,96.2,74.6
43.4,1,387.4,215.4
165.8,1,355.4,127.4
253.8,111.4,397.8,309.8
254.6,118.6,376.2,277
239.4,190.6,461.8,384.2
277.8,170.6,365.8,286.6
21,181.8,251.4,384.2
216.2,1,512.2,384.2
1,1,251.4,384.2
171.4,1,400.2,329
148.2,1,512.2,384.2
160.2,153,434.6,384.2
1,47.4,248.2,384.2
1,20.2,131.4,133
310.6,331.4,425.8,384.2
346.6,1,410.6,113.8
114.6,1,512.2,384.2
235.4,129,283.4,183.4
118.6,106.6,246.6,217.8
128.2,1,465,384.2
407.4,1,457,73
344.2,133,398.6,222.6
146.6,130.6,385.8,350.6
103.4,1,466.6,384.2
253.8,1,512.2,384.2
460.2,1,501,365
169,1,320.2,126.6
169,1,325.8,128.2
153.8,1,354.6,288.2
339.4,214.6,404.2,342.6
43.4,1,355.4,215.4
1,1,461.8,384.2
1,1,154.6,145
200.2,70.6,402.6,337
1,73.8,125,155.4
154.6,1,381.8,304.2
1,47.4,251.4,384.2
234.6,191.4,369.8,327.4
461,1,512.2,384.2
212.2,142.6,313.8,249
1,1,341.8,384.2
1,1,434.6,384.2
232.2,199.4,360.2,328.2
344.2,156.2,409.8,308.2
88.2,137.8,339.4,317.8
1,1,153.8,145
1,1,397.8,384.2
1,187.4,193.8,337
7.4,144.2,429,384.2
1,1,400.2,384.2
25,1,387.4,286.6
306.6,189.8,353.8,249
337,1,460.2,321
1,1,341.8,215.4
328.2,1,462.6,229
154.6,1,387.4,190.6
212.2,129,461.8,384.2
145,130.6,253.8,231.4
114.6,131.4,209.8,223.4
61,35.4,176.2,149
212.2,166.6,373.8,321.8
181.8,128.2,300.2,218.6
229,105,288.2,179.4
349.8,5,410.6,183.4
341,152.2,409.8,307.4
24.2,1,164.2,132.2
391.4,129.8,446.6,187.4
1,7.4,137,152.2
373.8,1,512.2,384.2
82.6,233,197,384.2
43.4,1,257.8,215.4
24.2,1,381,343.4
1,1,387.4,384.2
173.8,1,512.2,384.2
24.2,1,173.8,132.2
160.2,1,512.2,384.2
253.8,1,467.4,384.2
165,1,322.6,126.6
135.4,70.6,402.6,337
449,1,501,384.2
257,285,427.4,384.2
36.2,12.2,154.6,129.8
257.8,128.2,300.2,177.8
322.6,73,398.6,222.6
1,1,229.8,227.4
79.4,1,246.6,129.8
257.8,1,385.8,216.2
121,215.4,286.6,339.4
154.6,1,355.4,176.2
1,1,465,384.2
225,77.8,291.4,127.4
239.4,190.6,377,299.4
239.4,184.2,461.8,384.2
57.8,155.4,98.6,198.6
257.8,125.8,355.4,212.2
1,5,196.2,225.8
25,1,387.4,228.2
216.2,1,452.2,384.2
234.6,152.2,461.8,384.2
181.8,128.2,363.4,316.2
452.2,1,512.2,384.2
1,1,400.2,329
1,1,360.2,328.2
253.8,1,463.4,384.2
207.4,219.4,297.8,292.2
164.2,1,323.4,127.4
43.4,1,253,132.2
148.2,115.4,261.8,224.2
25,1,92.2,53.8
9,129.8,140.2,227.4
362.6,1,445.8,67.4
103.4,131.4,233,224.2
370.6,1,463.4,187.4
209.8,129.8,281,172.2
163.4,1,322.6,164.2
24.2,1,410.6,345.8
286.6,1,467.4,384.2
154.6,1,400.2,329
81.8,201,248.2,384.2
337.8,212.2,387.4,305
334.6,1,460.2,360.2
42.6,1,381.8,304.2
10.6,1,156.2,132.2
317,138.6,460.2,384.2
303.4,191.4,369,283.4
1,126.6,113,384.2
104.2,106.6,246.6,224.2
42.6,323.4,249,384.2
386.6,13.8,460.2,193
41.8,1,381.8,321.8
43.4,1,465,384.2
41.8,1,207.4,167.4
328.2,213,442.6,384.2
335.4,307.4,440.2,380.2
81.8,1,253,132.2
467.4,1,512.2,384.2
25,1,310.6,275.4
1,1,233,223.4
253.8,125,317.8,189
1,1,383.4,345.8
1,101,273.8,243.4
346.6,1,446.6,183.4
368.2,61.8,460.2,225.8
1,1,313,215.4
88.2,137.8,233,230.6
62.6,106.6,246.6,224.2
119.4,93,360.2,328.2
258.6,217.8,310.6,271.4
60.2,257,159.4,379.4
263.4,219.4,366.6,319.4
114.6,1,467.4,384.2
81,260.2,168.2,320.2
329.8,1,463.4,313.8
43.4,1,251.4,173.8
328.2,1,462.6,384.2
1,13.8,429,384.2
1,187.4,97,337
346.6,211.4,455.4,384.2
24.2,1,434.6,384.2
1,1,294.6,272.2
1,1,217.8,191.4
42.6,1,383.4,343.4
103.4,127.4,457.8,384.2
268.2,1,410.6,310.6
47.4,22.6,154.6,129.8
329.8,1,429.8,313.8
408.2,1,460.2,72.2
43.4,1,466.6,384.2
337,1,460.2,187.4
249,215.4,359.4,325.8
57.8,129.8,140.2,227.4
309.8,77,398.6,222.6
153.8,1,356.2,288.2
83.4,201,213,325
1,187.4,113,341.8
42.6,137.8,339.4,384.2
1,1,466.6,384.2
409,15.4,460.2,184.2
165.8,1,308.2,127.4
329.8,1,512.2,384.2
128.2,219.4,297.8,384.2
346.6,211.4,414.6,344.2
25,1,277,241.8
253.8,190.6,343.4,280.2
414.6,209,462.6,384.2
103.4,137.8,233,230.6
101.8,101,241,224.2
165.8,1,387.4,190.6
268.2,1,366.6,212.2
252.2,1,449,284.2
276.2,1,398.6,222.6
336.2,1,512.2,384.2
41.8,1,283.4,183.4
250.6,216.2,388.2,347.4
1,1,161.8,214.6
169,1,322.6,126.6
145,130.6,366.6,334.6
1,1,156.2,150.6
200.2,1,291.4,126.6
43.4,1.8,257.8,215.4
339.4,250.6,384.2,328.2
403.4,1,466.6,384.2
181,150.6,374.6,338.6
154.6,1,381.8,321.8
377.8,247.4,461.8,384.2
239.4,1,309.8,127.4
373,1,464.2,342.6
87.4,131.4,232.2,223.4
281.8,28.2,332.2,133.8
249,181.8,350.6,271.4
292.2,149,375.4,276.2
413.8,221,458.6,274.6
232.2,97,315.4,196.2
1,1,400.2,350.6
267.4,1,341.8,157
49,308.2,251.4,384.2
196.2,128.2,299.4,195.4
408.2,247.4,449,318.6
128.2,219.4,427.4,384.2
212.2,168.2,373.8,321.8
49,308.2,260.2,384.2
253.8,181.8,350.6,286.6
1,1,217.8,384.2
195.4,165.8,273.8,243.4
234.6,191.4,369,326.6
43.4,39.4,161.8,180.2
349,1,409.8,69
169.8,156.2,339.4,317.8
169.8,133,269,228.2
239.4,152.2,461.8,384.2
288.2,118.6,357,254.6
274.6,1,355.4,125
143.4,313.8,251.4,384.2
304.2,141,376.2,277
167.4,28.2,251.4,173.8
329.8,1,421,285
45.8,2.6,233.8,191.4
169,1,360.2,199.4
43.4,1,246.6,133.8
161.8,9.8,354.6,271.4
216.2,181,435.4,384.2
212.2,142.6,294.6,249
258.6,217.8,381,343.4
421,1,467.4,384.2
245,1,322.6,125
87.4,131.4,212.2,218.6
79.4,1,223.4,129.8
449.8,1,498.6,384.2
212.2,168.2,347.4,289
1,20.2,397.8,384.2
255.4,212.2,362.6,319.4
1,1,246.6,225.8
252.2,123.4,333,220.2
273.8,1,330.6,125
151.4,1,247.4,128.2
317,181.8,434.6,372.2
265,1,324.2,123.4
206.6,129.8,283.4,183.4
45.8,2.6,189.8,148.2
36.2,197.8,193.8,263.4
316.2,183.4,455.4,384.2
160.2,185,381.8,347.4
328.2,304.2,434.6,384.2
404.2,148.2,460.2,247.4
346.6,1,463.4,274.6
240.2,1,320.2,125
154.6,1,257,130.6
1,1,366.6,334.6
1,187.4,193.8,384.2
169.8,120.2,291.4,215.4
212.2,129,411.4,355.4
200.2,112.2,364.2,221.8
373.8,210.6,440.2,374.6
276.2,1,350.6,83.4
217,173,278.6,218.6
1,47.4,77,189
346.6,1,464.2,342.6
173.8,127.4,291.4,191.4
104.2,131.4,229.8,224.2
160.2,153,381.8,347.4
293,27.4,356.2,96.2
43.4,39.4,137,152.2
298.6,188.2,374.6,293
277,1,349,96.2
342.6,250.6,384.2,309.8
377.8,260.2,461.8,384.2
249,215.4,322.6,289
329.8,1,381.8,162.6
11.4,1,154.6,130.6
42.6,1,209.8,148.2
25,1,383.4,345.8
25,1,112.2,71.4
154.6,1,356.2,272.2
344.2,163.4,409.8,307.4
373.8,218.6,457.8,384.2
55.4,137,124.2,218.6
32.2,98.6,93.8,160.2
42.6,221,280.2,384.2
105.8,137,241,220.2
292.2,1,398.6,222.6
408.2,9.8,448.2,60.2
7.4,106.6,246.6,225.8
91.4,14.6,192.2,118.6
302.6,141,376.2,277
196.2,127.4,297.8,218.6
1,1,153.8,143.4
82.6,308.2,138.6,379.4
257,247.4,461.8,384.2
171.4,1,306.6,125.8
1,1,359.4,327.4
44.2,1,196.2,129.8
164.2,1,354.6,157
409.8,273,461.8,384.2
268.2,1,360.2,199.4
300.2,111.4,365.8,220.2
349.8,1.8,433,237.8
164.2,1,313,127.4
265,1,313,102.6
1,126.6,124.2,384.2
252.2,123.4,320.2,190.6
190.6,148.2,233.8,191.4
7.4,131.4,229.8,227.4
373.8,210.6,440.2,317
174.6,133,369,327.4
362.6,1,446.6,73.8
190.6,149,383.4,343.4
91.4,14.6,175.4,101.8
322.6,89.8,371.4,135.4
449.8,1,512.2,384.2
119.4,93,246.6,221.8
114.6,67.4,283.4,183.4
163.4,1,338.6,242.6
165.8,1,275.4,127.4
1,1,117,113
273.8,1,324.2,115.4
62.6,135.4,129,197
105.8,137,196.2,213.8
87.4,131.4,184.2,218.6
239.4,1,322.6,127.4
346.6,164.2,388.2,260.2
1,126.6,113,341.8
42.6,1,247.4,148.2
169,1,304.2,126.6
24.2,1,92.2,57
1,187.4,112.2,384.2
329.8,1,434.6,317
268.2,1,398.6,222.6
316.2,188.2,397.8,309.8
302.6,190.6,377,296.2
174.6,133,298.6,257
1,187.4,286.6,384.2
273.8,243.4,376.2,342.6
9,137,124.2,218.6
169,153,359.4,327.4
161.8,124.2,381,343.4
269,1,360.2,188.2
165,1,261.8,126.6
43.4,1,313,215.4
322.6,89.8,371.4,149
349.8,1,460.2,187.4
160.2,327.4,209.8,374.6
257.8,1,449,225
253.8,1,387.4,190.6
1,1,117,160.2
409.8,1,512.2,384.2
25,35.4,86.6,89
1,1,246.6,224.2
169.8,127.4,297.8,219.4
1,1,176.2,157
154.6,1,313,130.6
10.6,1,87.4,65.8
1,110.6,65,177.8
1,13.8,360.2,384.2
254.6,125,315.4,189.8
253,190.6,350.6,286.6
169.8,133,217.8,177
185,57.8,241.8,128.2
43.4,1,212.2,85.8
286.6,264.2,385.8,350.6
167.4,28.2,246.6,129
366.6,85.8,415.4,237.8
1,1,161.8,180.2
268.2,1,345,164.2
347.4,211.4,442.6,384.2
468.2,1,512.2,384.2
181,245.8,248.2,306.6
25,1,153,116.2
373.8,1,465.8,374.6
200.2,70.6,397,221.8
25,1,269,228.2
149.8,174.6,229.8,223.4
7.4,135.4,196.2,225.8
42.6,1,410.6,343.4
49,41.8,120.2,109.8
346.6,138.6,461.8,384.2
43.4,1,196.2,129.8
121,160.2,229.8,221
336.2,1,465,342.6
257.8,192.2,306.6,249
265,217.8,347.4,289
105.8,137,241,224.2
80.2,1,410.6,310.6
200.2,1,355.4,126.6
403.4,1,464.2,298.6
25,1,388.2,347.4
377.8,260.2,443.4,380.2
277,111.4,353,213
1,13.8,133,137
273.8,1,359.4,189
295.4,183.4,397,300.2
449,1,512.2,384.2
1,7.4,131.4,189
62.6,122.6,229.8,221
386.6,62.6,453,136.2
252.2,1,466.6,384.2
381,222.6,422.6,321
387.4,221,449,325.8
22.6,1,156.2,131.4
407.4,1,460.2,88.2
373.8,218.6,449,318.6
1,7.4,135.4,137
253.8,96.2,414.6,317
42.6,1,243.4,148.2
1,47.4,133.8,384.2
1,57,45.8,151.4
80.2,1,241.8,129.8
253.8,181.8,350.6,288.2
291.4,264.2,350.6,325.8
116.2,1,223.4,129.8
58.6,1,196.2,128.2
253.8,94.6,327.4,190.6
1,245,84.2,384.2
7.4,141,124.2,213.8
114.6,131.4,233,223.4
80.2,1,251.4,132.2
267.4,1,354.6,157
274.6,1,351.4,85
42.6,1,233.8,191.4
70.6,137,124.2,218.6
169.8,127.4,369,326.6
43.4,1,173,129.8
313.8,70.6,407.4,225
328.2,1,430.6,314.6
123.4,275.4,193,384.2
377,153.8,421,285
61,35.4,351.4,316.2
293,249.8,398.6,337
254.6,181,434.6,372.2
1,85,93.8,160.2
336.2,1,464.2,342.6
409.8,249,477.8,384.2
173.8,1,467.4,384.2
1,1,156.2,160.2
316.2,1,467.4,384.2
389,1,444.2,67.4
61,35.4,143.4,117.8
3.4,1,148.2,131.4
391.4,137,447.4,321
181.8,128.2,313,218.6
329.8,1,380.2,127.4
88.2,101,241,228.2
414.6,221,462.6,384.2
112.2,324.2,209.8,384.2
1,1,156.2,189
225,47.4,308.2,127.4
68.2,141,124.2,213.8
121,160.2,229.8,220.2
264.2,217.8,342.6,289.8
453.8,1,500.2,384.2
171.4,1,322.6,127.4
153.8,1,354.6,271.4
67.4,53.8,107.4,93.8
169.8,156.2,360.2,328.2
1,244.2,84.2,384.2
197.8,168.2,385.8,350.6
276.2,1,467.4,384.2
42.6,1,243.4,142.6
409.8,270.6,477.8,384.2
43.4,1,354.6,197
315.4,70.6,397,221
313.8,1,449,225
234.6,1,465,384.2
49,339.4,144.2,384.2
1,13.8,86.6,123.4
236.2,1,323.4,125.8
328.2,1,409,229
105.8,101,241,224.2
107.4,32.2,157.8,83.4
43.4,1,291.4,215.4
135.4,1,465,384.2
229.8,217.8,340.2,315.4
253.8,125,314.6,189
386.6,109,432.2,187.4
162.6,9.8,257,130.6
349.8,1,446.6,183.4
1,67.4,45.8,150.6
277.8,218.6,343.4,280.2
42.6,331.4,133.8,384.2
185,199.4,339.4,317.8
403.4,1,464.2,384.2
117,74.6,257.8,215.4
244.2,121.8,306.6,205
241,166.6,350.6,271.4
257.8,216.2,388.2,347.4
217,246.6,302.6,337.8
253.8,79.4,414.6,317
301,266.6,351.4,317
1,20.2,131.4,153
312.2,96.2,414.6,317
277,1,354.6,124.2
151.4,131.4,211.4,190.6
246.6,1,323.4,125
286.6,138.6,460.2,384.2
252.2,1,452.2,238.6
158.6,272.2,211.4,325
163.4,1,241.8,105.8
165,1,320.2,126.6
253,190.6,350.6,289
3.4,1,151.4,131.4
5.8,1,149,131.4
235.4,185,363.4,316.2
200.2,129.8,291.4,191.4
67.4,42.6,156.2,155.4
200.2,1,325,126.6
334.6,164.2,410.6,310.6
408.2,9.8,448.2,73
114.6,67.4,373.8,321.8
278.6,160.2,376.2,277
365.8,107.4,421,285
1,1,154.6,143.4
305,1,352.2,85
119.4,93,365.8,333
307.4,219.4,350.6,286.6
309,126.6,351.4,205
11.4,1,151.4,130.6
407.4,1,448.2,73
1,67.4,58.6,177.8
265,1,325.8,128.2
178.6,128.2,276.2,219.4
1,7.4,140.2,214.6
23.4,21,79.4,79.4
169,156.2,339.4,311.4
91.4,1,140.2,57.8
162.6,9.8,217.8,76.2
344.2,164.2,410.6,310.6
7.4,144.2,126.6,218.6
232.2,199.4,339.4,317.8
121,215.4,272.2,339.4
30.6,17,76.2,59.4
82.6,273.8,172.2,352.2
349.8,1.8,415.4,237.8
295.4,266.6,351.4,317
301,266.6,392.2,355.4
405.8,96.2,446.6,137.8
41.8,1,243.4,167.4
373.8,126.6,460.2,374.6
281.8,181.8,350.6,286.6
391.4,129.8,433,187.4
253.8,1,414.6,317
291.4,264.2,385.8,350.6
386.6,62.6,453,187.4
334.6,1,413.8,91.4
257.8,125,355.4,212.2
144.2,117.8,211.4,190.6
80.2,1,243.4,129.8
295.4,183.4,403.4,353
105.8,209,251.4,313
1,67.4,50.6,155.4
245,1,302.6,89
258.6,216.2,369,327.4
276.2,1,354.6,102.6
193,1,304.2,126.6
464.2,197.8,512.2,384.2
42.6,339.4,133.8,384.2
368.2,5.8,409.8,79.4
391.4,137,462.6,384.2
73,221.8,247.4,365
1,7.4,131.4,153
258.6,123.4,320.2,175.4
200.2,112.2,364.2,219.4
349.8,5,415.4,237.8
370.6,125,421,285
1,20.2,360.2,384.2
1,7.4,86.6,89
154.6,1,354.6,197
128.2,219.4,440.2,384.2
148.2,28.2,242.6,129.8
250.6,216.2,370.6,333.8
266.6,241.8,334.6,307.4
276.2,1,359.4,124.2
467.4,88.2,512.2,384.2
322.6,79.4,371.4,149
253.8,94.6,327.4,189
107.4,93,187.4,167.4
295.4,183.4,362.6,257
190.6,148.2,383.4,341.8
273,1,354.6,124.2
191.4,129,237,173.8
265,141,320.2,189
309,126.6,349.8,187.4
91.4,14.6,237.8,132.2
114.6,131.4,208.2,224.2
274.6,1,387.4,189
403.4,147.4,457,193
333.8,98.6,395.4,221.8
1,73.8,50.6,155.4
132.2,65,228.2,129.8
61,35.4,322.6,289
1,126.6,56.2,200.2
157,131.4,219.4,193
336.2,1,452.2,153.8
209,297,256.2,339.4
80.2,1,356.2,288.2
143.4,110.6,269,228.2
421,1,463.4,127.4
253.8,111.4,375.4,276.2
276.2,1,356.2,102.6
253.8,111.4,375.4,283.4
278.6,212.2,377,297.8
308.2,78.6,360.2,188.2
405,178.6,459.4,270.6
301,266.6,360.2,328.2
335.4,307.4,392.2,355.4
144.2,117.8,219.4,190.6
401,180.2,458.6,274.6
25,39.4,131.4,133
1,110.6,65,200.2
103.4,131.4,233,228.2
346.6,169.8,388.2,260.2
346.6,1,463.4,187.4
10.6,1,156.2,131.4
286.6,141,411.4,355.4
83.4,55.4,139.4,101.8
339.4,217,387.4,305
356.2,179.4,411.4,297.8
229,105,354.6,271.4
357.8,292.2,400.2,344.2
190.6,148.2,362.6,320.2
83.4,201,251.4,384.2
26.6,137,124.2,218.6
272.2,144.2,320.2,189
207.4,218.6,345,384.2
346.6,164.2,409.8,308.2
234.6,191.4,338.6,294.6
370.6,62.6,453,187.4
349,1,409.8,121
230.6,291.4,275.4,337.8
277,111.4,375.4,276.2
248.2,127.4,367.4,283.4
190.6,149,383.4,341.8
274.6,1,349.8,85
406.6,1,446.6,77
246.6,73.8,313,127.4
293,185.8,367.4,283.4
169,156.2,365.8,333
43.4,1,213.8,133.8
118.6,106.6,219.4,190.6
191.4,1,263.4,104.2
62.6,122.6,229.8,224.2
277,111.4,334.6,153.8
257.8,216.2,370.6,333.8
21,1,80.2,59.4
220.2,246.6,302.6,291.4
33,157,99.4,201
128.2,221,280.2,384.2
169.8,156.2,334.6,307.4
253,190.6,350.6,285.8
207.4,73.8,257,132.2
7.4,141,196.2,225.8
116.2,1,223.4,146.6
274.6,1,349.8,113.8
305,1,398.6,222.6
308.2,269.8,381,343.4
165,1,322.6,127.4
166.6,22.6,247.4,128.2
1,1,156.2,227.4
336.2,307.4,389,353
377,153.8,434.6,317
200.2,1,298.6,126.6
336.2,1,463.4,122.6
342.6,219.4,461.8,384.2
286.6,212.2,398.6,355.4
467.4,197.8,512.2,384.2
313.8,70.6,410.6,225
9,137,294.6,272.2
164.2,1,291.4,127.4
1,261,42.6,363.4
160.2,185,434.6,384.2
88.2,101,273.8,243.4
347.4,211.4,389.8,290.6
265,219.4,342.6,289.8
301,126.6,351.4,205
204.2,173.8,365.8,333
253.8,190.6,350.6,271.4
181,218.6,346.6,384.2
349,1,462.6,136.2
21,1,154.6,130.6
42.6,1,209.8,142.6
181.8,1,400.2,329
377.8,281,461.8,384.2
258.6,216.2,369,326.6
181.8,128.2,254.6,211.4
346.6,1,413.8,62.6
1,55.4,58.6,177.8
309.8,77,386.6,190.6
279.4,215.4,341,279.4
314.6,184.2,374.6,274.6
116.2,1,251.4,173.8
405.8,190.6,455.4,247.4
60.2,223.4,110.6,290.6
357,182.6,398.6,222.6
291.4,264.2,361.8,333.8
309,126.6,353.8,194.6
121,131.4,212.2,215.4
253.8,111.4,365.8,220.2
1,1,161.8,150.6
82.6,245,172.2,352.2
266.6,241.8,339.4,317.8
277,111.4,340.2,189.8
24.2,1,188.2,160.2
257,281,313.8,343.4
163.4,1,283.4,164.2
2.6,1,82.6,74.6
346.6,1,409.8,61.8
7.4,144.2,196.2,227.4
337,1,396.2,87.4
177.8,14.6,284.2,127.4
2.6,1,80.2,74.6
167.4,28.2,242.6,129
336.2,252.2,377.8,298.6
213.8,177,261.8,224.2
309.8,77,371.4,135.4
409.8,309.8,461.8,384.2
349,1,460.2,121
309,126.6,351.4,221
79.4,1,135.4,61
221,1,268.2,65.8
336.2,218.6,461.8,384.2
105.8,209,188.2,256.2
303.4,191.4,397.8,309.8
324.2,252.2,377.8,299.4
276.2,1,319.4,79.4
1,298.6,64.2,384.2
68.2,141,116.2,199.4
107.4,93,217.8,191.4
257,261,427.4,384.2
85.8,233,193,384.2
292.2,1,337.8,55.4
467.4,197,512.2,384.2
254.6,115.4,400.2,329
73,245,172.2,352.2
33,144.2,114.6,201
169.8,127.4,257.8,215.4
154.6,1,217,75.4
123.4,122.6,169.8,180.2
336.2,1,452.2,222.6
400.2,75.4,446.6,120.2
345.8,1,449,183.4
2.6,1,156.2,143.4
81.8,1,140.2,57.8
336.2,192.2,400.2,329
194.6,1,288.2,125.8
323.4,211.4,369,283.4
347.4,214.6,391.4,291.4
269,54.6,309.8,123.4
1,1,232.2,223.4
81.8,1,179.4,85
229.8,181,457.8,384.2
254.6,118.6,351.4,205
56.2,73,117,139.4
400.2,91.4,445.8,152.2
41.8,1,251.4,167.4
288.2,129.8,347.4,206.6
300.2,111.4,353.8,194.6
373.8,218.6,424.2,301.8
386.6,62.6,460.2,151.4
317,190.6,357,254.6
328.2,1,460.2,229
216.2,52.2,266.6,127.4
419.4,93,460.2,173.8
295.4,266.6,403.4,353
103.4,137,143.4,217.8
405,178.6,459.4,360.2
293,141,402.6,337
81.8,1,251.4,132.2
407.4,1,460.2,72.2
377,153.8,434.6,305
105.8,209,425.8,384.2
103.4,131.4,457.8,384.2
421,33,461.8,127.4
373.8,218.6,447.4,318.6
5,244.2,69,313
244.2,217,365.8,333
403.4,1,463.4,274.6
57.8,129.8,113.8,196.2
262.6,1,320.2,124.2
196.2,128.2,283.4,183.4
377.8,1,460.2,172.2
407.4,1,457,73.8
17,98.6,77,160.2
49,215.4,286.6,384.2
267.4,1,327.4,121.8
347.4,211.4,400.2,303.4
43.4,39.4,117,113
25,35.4,93.8,97.8
2.6,1,156.2,131.4
196.2,129,283.4,189.8
376.2,124.2,457,311.4
405,223.4,447.4,320.2
59.4,1,243.4,129.8
337,1,382.6,87.4
1,55.4,70.6,177.8
173.8,120.2,291.4,191.4
252.2,1,385.8,238.6
45.8,2.6,189.8,147.4
93,37,171.4,126.6
292.2,1,354.6,102.6
36.2,197.8,193.8,329
1,47.4,77,177.8
104.2,131.4,212.2,215.4
329.8,121,387.4,189
252.2,190.6,313.8,249
346.6,1,463.4,311.4
234.6,181,361,299.4
59.4,1,196.2,128.2
1,13.8,56.2,67.4
386.6,1,463.4,78.6
253.8,125,299.4,184.2
401,1,460.2,88.2
245,1,320.2,124.2
135.4,81,239.4,173.8
107.4,122.6,229.8,221
162.6,9.8,233,93.8
216.2,181,403.4,384.2
307.4,219.4,350.6,277
417.8,13.8,462.6,184.2
16.2,1,59.4,41
57,1,125.8,70.6
155.4,85,237.8,129.8
252.2,123.4,374.6,284.2
196.2,129,283.4,183.4
349.8,1,445.8,69
194.6,1,323.4,125.8
114.6,67.4,237,168.2
257,281,435.4,384.2
235.4,191.4,342.6,289.8
405,223.4,449.8,320.2
21.8,1,80.2,59.4
407.4,1,460.2,73.8
154.6,1,257,132.2
165,1,274.6,127.4
344.2,163.4,411.4,307.4
252.2,123.4,374.6,274.6
452.2,1,499.4,384.2
373,221,422.6,321
408.2,1,460.2,88.2
105.8,209,346.6,384.2
153.8,1,251.4,131.4
404.2,151.4,460.2,247.4
363.4,53.8,452.2,153.8
166.6,329,209.8,384.2
47.4,75.4,125,145.8
45.8,3.4,116.2,73.8
29,62.6,125,153
160.2,185,327.4,305
87.4,131.4,212.2,215.4
334.6,218.6,389,293
277,62.6,322.6,125
51.4,1,200.2,132.2
43.4,1,116.2,73.8
161.8,293,248.2,384.2
204.2,173.8,273.8,243.4
196.2,128.2,283.4,189.8
194.6,1,281,122.6
309.8,77,359.4,124.2
305,35.4,352.2,85
169,1,274.6,126.6
253.8,17,341,190.6
236.2,1,323.4,125
212.2,168.2,350.6,289
1,5,137,141.8
218.6,1,301.8,125.8
1,47.4,73,177.8
217,266.6,272.2,312.2
45.8,3.4,189.8,147.4
229.8,217.8,286.6,269
85.8,233,168.2,336.2
194.6,1,301.8,125.8
216.2,193.8,321,294.6
121,169,229.8,220.2
234.6,192.2,370.6,328.2
121,236.2,201.8,294.6
380.2,53.8,452.2,130.6
252.2,190.6,306.6,249
200.2,169,350.6,318.6
1,5,41,45
57,1,193,129
119.4,162.6,212.2,215.4
449,1,490.6,384.2
212.2,129,348.2,299.4
62.6,134.6,133.8,197
298.6,273.8,381.8,347.4
401,96.2,446.6,139.4
1,13.8,117,160.2
265.8,1,324.2,123.4
214.6,185,350.6,318.6
73,260.2,168.2,329
69,129.8,113.8,183.4
122.6,131.4,166.6,182.6
467.4,237.8,512.2,384.2
148.2,287.4,256.2,339.4
67.4,42.6,176.2,157
154.6,1,305.8,197
33,313,84.2,355.4
88.2,85.8,135.4,132.2
276.2,1,360.2,188.2
1,1.8,53,55.4
315.4,72.2,387.4,189
336.2,209.8,376.2,277
91.4,14.6,143.4,67.4
51.4,27.4,131.4,107.4
265.8,295.4,345,384.2
1,85,45.8,151.4
240.2,1,322.6,125
1,1,93.8,112.2
165.8,1,263.4,104.2
103.4,208.2,294.6,272.2
146.6,130.6,310.6,284.2
23.4,1,156.2,134.6
263.4,219.4,373.8,321.8
329.8,93,397,221
301.8,195.4,365.8,286.6
368.2,61.8,453,187.4
248.2,127.4,305.8,197
181.8,115.4,400.2,329
278.6,160.2,353.8,249
123.4,275.4,172.2,344.2
112.2,101,153.8,176.2
230.6,305,276.2,384.2
129.8,88.2,173.8,132.2
415.4,221,455.4,270.6
373,221,429,321
254.6,181,457.8,384.2
178.6,127.4,297.8,219.4
171.4,156.2,310.6,284.2
407.4,1,463.4,151.4
173.8,128.2,283.4,211.4
373,109,413,151.4
409.8,293.8,461,384.2
1,298.6,48.2,384.2
60.2,223.4,168.2,329
161.8,124.2,261.8,224.2
88.2,101,241,224.2
254.6,118.6,384.2,328.2
253,56.2,298.6,125.8
20.2,180.2,248.2,384.2
135.4,82.6,179.4,126.6
346.6,1,446.6,229
373.8,221,455.4,384.2
254.6,115.4,357,254.6
97.8,1,175.4,49
37,201,113,276.2
386.6,13.8,460.2,151.4
9,129.8,124.2,218.6
1,47.4,112.2,384.2
217.8,1,296.2,84.2
72.2,137,124.2,218.6
334.6,218.6,389,300.2
23.4,1,156.2,132.2
204.2,18.6,269,116.2
258.6,118.6,351.4,205
234.6,181,403.4,353
89,308.2,138.6,352.2
97,221.8,247.4,365
112.2,323.4,209.8,384.2
42.6,1,200.2,132.2
5.8,1,151.4,131.4
304.2,203.4,354.6,271.4
301.8,195.4,365.8,280.2
373,95.4,413,151.4
216.2,193.8,339.4,311.4
161.8,9.8,247.4,124.2
181,245.8,251.4,306.6
419.4,72.2,460.2,184.2
312.2,166.6,368.2,222.6
1,187.4,100.2,341.8
165,1,218.6,72.2
171.4,156.2,366.6,334.6
414.6,13,460.2,72.2
1,261,84.2,363.4
391.4,137,432.2,314.6
356.2,184.2,411.4,297.8
292.2,1,352.2,102.6
253.8,125,320.2,190.6
42.6,1.8,233.8,191.4
185,219.4,297.8,292.2
108.2,138.6,184.2,203.4
302.6,141,411.4,307.4
153.8,1,247.4,124.2
154.6,1,248.2,116.2
300.2,111.4,353.8,213
302.6,190.6,356.2,257.8
178.6,128.2,251.4,191.4
337.8,212.2,397.8,309.8
216.2,193.8,321,384.2
346.6,265.8,388.2,329
273.8,141,314.6,189
263.4,149,305.8,197
300.2,8.2,348.2,72.2
328.2,222.6,442.6,384.2
264.2,219.4,342.6,289.8
304.2,203.4,362.6,276.2
328.2,289.8,442.6,384.2
352.2,14.6,400.2,100.2
162.6,9.8,244.2,109
235.4,191.4,363.4,316.2
185,217.8,297.8,292.2
279.4,171.4,354.6,271.4
254.6,115.4,353.8,249
1,187.4,133.8,384.2
407.4,1,460.2,73
118.6,162.6,184.2,203.4
171.4,1,309.8,127.4
386.6,13.8,460.2,360.2
313.8,84.2,361,124.2
229.8,217.8,272.2,261.8
112.2,323.4,249,384.2
352.2,14.6,394.6,78.6
405,221,449,318.6
376.2,124.2,457,237.8
252.2,181,313.8,221.8
368.2,93,408.2,229
282.6,302.6,325.8,353
389,1,446.6,74.6
274.6,17,341,162.6
405,138.6,461.8,384.2
1,261,84.2,384.2
267.4,1,333,134.6
135.4,82.6,193,129
373,72.2,460.2,274.6
42.6,1,176.2,129.8
345.8,1,401,122.6
409,60.2,453,133
189,161,246.6,217.8
89,308.2,192.2,384.2
1,1,79.4,79.4
91.4,14.6,183.4,111.4
340.2,127.4,397,221
308.2,169,376.2,277
295.4,267.4,366.6,334.6
105.8,115.4,241,224.2
45.8,3.4,117,73.8
213.8,185,310.6,284.2
73,260.2,168.2,321.8
1,187.4,107.4,341.8
20.2,35.4,93.8,97.8
46.6,2.6,140.2,96.2
404.2,138.6,460.2,225.8
71.4,60.2,146.6,131.4
25,39.4,93.8,97.8
114.6,131.4,233,224.2
118.6,106.6,169.8,159.4
232.2,97,338.6,242.6
405,178.6,459.4,234.6
181,150.6,322.6,289
1,1,132.2,115.4
1,35.4,125,155.4
293,257.8,370.6,333.8
405,138.6,460.2,270.6
75.4,68.2,153.8,150.6
336.2,293.8,434.6,372.2
44.2,1,189.8,147.4
384.2,313,440.2,380.2
328.2,221,442.6,384.2
173.8,118.6,384.2,328.2
414.6,217,459.4,358.6
235.4,118.6,384.2,328.2
21,1,153.8,130.6
144.2,117.8,246.6,217.8
417.8,72.2,460.2,184.2
300.2,125,340.2,188.2
89,34.6,180.2,126.6
257,281,345,357.8
391.4,96.2,433,187.4
317,188.2,372.2,249.8
207.4,73.8,248.2,116.2
336.2,1,398.6,95.4
349.8,1,396.2,106.6
195.4,165.8,360.2,328.2
290.6,177,338.6,242.6
22.6,1,96.2,74.6
47.4,75.4,125,153
239.4,190.6,348.2,299.4
401,96.2,453,139.4
403.4,1,463.4,247.4
83.4,55.4,164.2,132.2
400.2,133.8,460.2,247.4
138.6,69,213.8,133.8
293,141,398.6,337
173.8,128.2,254.6,211.4
391.4,137,432.2,311.4
247.4,127.4,290.6,176.2
216.2,52.2,258.6,127.4
83.4,55.4,153,119.4
275.4,1,330.6,125
265.8,47.4,309.8,125.8
97,221.8,201.8,294.6
258.6,123.4,351.4,205
181,179.4,229.8,221
217,246.6,302.6,384.2
93,37,171.4,125.8
386.6,120.2,441.8,183.4
405.8,1,463.4,151.4
83.4,57,171.4,145
21,1,213.8,184.2
21,181.8,192.2,384.2
297.8,1,348.2,72.2
46.6,137,124.2,218.6
250.6,216.2,301,265.8
336.2,1,449,183.4
79.4,1,140.2,61
43.4,1,148.2,85.8
85.8,233,192.2,377.8
103.4,181.8,209.8,230.6
168.2,333.8,249,384.2
121,236.2,256.2,339.4
83.4,201,248.2,384.2
307.4,271.4,374.6,338.6
117,74.6,189.8,148.2
1,30.6,63.4,112.2
181,132.2,239.4,173.8
386.6,72.2,460.2,201
216.2,70.6,261.8,126.6
326.6,298.6,381.8,347.4
346.6,212.2,402.6,305
83.4,57,176.2,149
117,74.6,233.8,191.4
121,131.4,209,196.2
3.4,291.4,81,355.4
105.8,263.4,168.2,320.2
315.4,72.2,355.4,125
44.2,1,193,129.8
277.8,170.6,365.8,280.2
386.6,72.2,460.2,274.6
1,298.6,84.2,384.2
333.8,125,384.2,190.6
324.2,184.2,397,291.4
172.2,163.4,233,220.2
81.8,1,223.4,129.8
217,3.4,287.4,125.8
403.4,148.2,460.2,247.4
316.2,188.2,455.4,384.2
107.4,160.2,229.8,221
413.8,133.8,460.2,182.6
117,75.4,189.8,148.2
264.2,217.8,344.2,289
42.6,339.4,127.4,384.2
277.8,302.6,325.8,353
324.2,181.8,366.6,221.8
322.6,79.4,398.6,222.6
23.4,1,153.8,130.6
288.2,129.8,357,254.6
51.4,1,193,129
134.6,57.8,213.8,146.6
374.6,62.6,443.4,144.2
352.2,15.4,398.6,92.2
1,61.8,117,160.2
171.4,150.6,211.4,190.6
386.6,72.2,458.6,201
288.2,126.6,357,254.6
305,1,352.2,102.6
1,7.4,52.2,57.8
286.6,212.2,377,297.8
294.6,1,351.4,80.2
181.8,128.2,238.6,173.8
29,61.8,117,139.4
331.4,106.6,386.6,190.6
371.4,289.8,442.6,384.2
82.6,55.4,153,116.2
300.2,111.4,340.2,188.2
1,1,68.2,112.2
302.6,166.6,368.2,222.6
129.8,122.6,169.8,177
105.8,137.8,165,194.6
21,1,176.2,149
355.4,38.6,398.6,109.8
409,13.8,462.6,184.2
1,1,87.4,112.2
97.8,1,212.2,85
208.2,168.2,288.2,248.2
128.2,221,286.6,384.2
318.6,184.2,374.6,274.6
277,1,356.2,124.2
254.6,125,333,217.8
277,1,329.8,41
249,215.4,321.8,289
91.4,14.6,237.8,129.8
1,1,79.4,112.2
357.8,40.2,400.2,183.4
143.4,110.6,277,241.8
213.8,191.4,253.8,231.4
32.2,15.4,82.6,69
188.2,245.8,248.2,300.2
252.2,123.4,352.2,238.6
391.4,130.6,458.6,201
68.2,137,124.2,218.6
277.8,151.4,333,217.8
89,308.2,164.2,369
365,209.8,410.6,310.6
43.4,1.8,189.8,148.2
144.2,117.8,187.4,169
2.6,1,93.8,87.4
193.8,32.2,255.4,104.2
181.8,128.2,237,173.8
293,249.8,398.6,355.4
349.8,1,449,183.4
105.8,137.8,196.2,196.2
313.8,84.2,363.4,187.4
243.4,76.2,284.2,125.8
169.8,133,217.8,182.6
24.2,313,84.2,360.2
44.2,1,175.4,129.8
257.8,84.2,385.8,216.2
105.8,281,168.2,336.2
337,1,462.6,136.2
333.8,237,374.6,293
340.2,127.4,387.4,189
168.2,24.2,233,107.4
229.8,217.8,299.4,277.8
212.2,129,313.8,249
116.2,1,173.8,49
214.6,185,366.6,334.6
217.8,1,308.2,127.4
130.6,57.8,175.4,101.8
293.8,269,385.8,350.6
212.2,52.2,262.6,104.2
347.4,211.4,400.2,294.6
71.4,60.2,146.6,155.4
344.2,133,386.6,190.6
297.8,1,350.6,83.4
67.4,144.2,114.6,196.2
123.4,301.8,172.2,344.2
380.2,85,421.8,130.6
148.2,28.2,253,132.2
47.4,75.4,125,138.6
1,13.8,117,139.4
212.2,168.2,309,262.6
200.2,125,320.2,191.4
295.4,266.6,365.8,333
168.2,24.2,251.4,131.4
146.6,75.4,192.2,118.6
49,41.8,141,134.6
114.6,161,209.8,223.4
212.2,168.2,366.6,319.4
194.6,1,306.6,125.8
274.6,1,333,85
163.4,173.8,229.8,220.2
308.2,78.6,366.6,212.2
336.2,1,401,122.6
145,130.6,219.4,193
1,1,132.2,155.4
45.8,4.2,116.2,74.6
274.6,17,319.4,115.4
105.8,137.8,233,220.2
254.6,115.4,333,217.8
103.4,317.8,164.2,369
212.2,142.6,294.6,191.4
349.8,1,445.8,183.4
36.2,201,144.2,263.4
254.6,181,377.8,299.4
82.6,55.4,143.4,102.6
264.2,47.4,325,125.8
212.2,20.2,263.4,104.2
347.4,138.6,460.2,384.2
349,1,409.8,114.6
345.8,1,452.2,153.8
409,15.4,460.2,173.8
254.6,181,341,279.4
121,47.4,175.4,101.8
268.2,1,321.8,117
264.2,47.4,308.2,117
43.4,39.4,91.4,89.8
24.2,1,112.2,71.4
59.4,1,251.4,132.2
236.2,69.8,284.2,126.6
349.8,1,393.8,106.6
112.2,101,153.8,180.2
81.8,1,179.4,80.2
403.4,180.2,448.2,225
345.8,192.2,400.2,329
409.8,305,457.8,384.2
72.2,137,114.6,189
405,223.4,447.4,317
9,150.6,85,191.4
356.2,179.4,397,242.6
191.4,1,246.6,81.8
46.6,2.6,122.6,78.6
389,1,463.4,74.6
400.2,72.2,453,120.2
101,245,157.8,320.2
170.6,1,275.4,127.4
309.8,213.8,350.6,270.6
295.4,183.4,354.6,257
74.6,135.4,129,189
253.8,125,320.2,189
408.2,1,448.2,60.2
274.6,1,346.6,85
373.8,218.6,440.2,318.6
257,281,345,384.2
123.4,215.4,429,384.2
214.6,1,288.2,125.8
258.6,123.4,321.8,190.6
312.2,170.6,364.2,219.4
464.2,52.2,512.2,384.2
58.6,1,148.2,87.4
57.8,129.8,124.2,218.6
87.4,131.4,184.2,203.4
1.8,1,68.2,69
7.4,144.2,114.6,201
405,223.4,449.8,311.4
207.4,218.6,280.2,295.4
40.2,313,84.2,358.6
344.2,89.8,385.8,187.4
277.8,302.6,325.8,357.8
315.4,212.2,364.2,257.8
335.4,307.4,389,355.4
331.4,119.4,386.6,190.6
7.4,153,99.4,201
233,246.6,280.2,289
377.8,263.4,443.4,380.2
155.4,85.8,199.4,129.8
50.6,55.4,137,152.2
167.4,28.2,214.6,80.2
317,181.8,404.2,342.6
304.2,203.4,367.4,283.4
236.2,69.8,284.2,127.4
114.6,131.4,197,224.2
1,1.8,58.6,112.2
300.2,8.2,352.2,83.4
398.6,1,460.2,172.2
149.8,179.4,229.8,223.4
1,261,133.8,384.2
349.8,1.8,409.8,61.8
46.6,2.6,189.8,147.4
234.6,190.6,298.6,249
386.6,313,440.2,380.2
18.6,153.8,98.6,198.6
171.4,150.6,218.6,190.6
232.2,199.4,339.4,311.4
308.2,169,357,254.6
25,39.4,84.2,96.2
116.2,1,175.4,49
346.6,193,402.6,305
37,201,113,241
112.2,37.8,175.4,101.8
357,28.2,410.6,183.4
1,57,41,105.8
216.2,33,266.6,127.4
322.6,97.8,369,153
257.8,125.8,337.8,189
267.4,1,311.4,97
25,39.4,115.4,117
3.4,1,149,131.4
1,244.2,133.8,384.2
346.6,211.4,414.6,334.6
1,57,77,177.8
295.4,183.4,389,300.2
240.2,1,308.2,125
105.8,72.2,164.2,132.2
349.8,5,398.6,109.8
181,218.6,345,384.2
403.4,159.4,458.6,234.6
352.2,17.8,398.6,78.6
409.8,270.6,461,384.2
1,47.4,73,195.4
37,202.6,107.4,276.2
160.2,329,209.8,374.6
274.6,1,345,85
200.2,112.2,327.4,191.4
145.8,1,243.4,128.2
215.4,26.6,263.4,100.2
119.4,93,218.6,190.6
398.6,75.4,460.2,172.2
110.6,99.4,161.8,180.2
170.6,1,255.4,104.2
196.2,128.2,260.2,179.4
342.6,219.4,385.8,285.8
253,47.4,308.2,125.8
277,241.8,357,321.8
164.2,1,266.6,127.4
345.8,1,446.6,100.2
294.6,1,345,55.4
161.8,124.2,217,184.2
7.4,153.8,100.2,200.2
308.2,269.8,370.6,333.8
308.2,269.8,350.6,314.6
11.4,1,153,130.6
193,1,306.6,125.8
89,308.2,251.4,384.2
298.6,273.8,347.4,325.8
400.2,91.4,445.8,172.2
200.2,1,246.6,62.6
119.4,93,217.8,191.4
398.6,75.4,446.6,172.2
91.4,14.6,157.8,83.4
135.4,69,213.8,146.6
312.2,166.6,358.6,211.4
212.2,254.6,272.2,337.8
5,261,69,313
352.2,5.8,409.8,100.2
218.6,183.4,261.8,224.2
44.2,1,171.4,125.8
165.8,1,209.8,41.8
24.2,1,71.4,48.2
371.4,289.8,421.8,354.6
409,1,463.4,184.2
206.6,129,260.2,179.4
221,1,313,127.4
316.2,188.2,387.4,305
105.8,281,156.2,323.4
400.2,133.8,460.2,201
1,57,45.8,177.8
59.4,1,200.2,132.2
404.2,138.6,460.2,358.6
128.2,215.4,272.2,261.8
181.8,128.2,297,218.6
49,325.8,144.2,384.2
313.8,70.6,397,221
25,39.4,124.2,131.4
298.6,218.6,341,279.4
349.8,1,432.2,187.4
49,41.8,93.8,87.4
288.2,129.8,328.2,175.4
262.6,1,315.4,109.8
196.2,127.4,291.4,185
1,126.6,56.2,177.8
272.2,144.2,320.2,190.6
277,111.4,327.4,153.8
130.6,160.2,208.2,215.4
129.8,35.4,179.4,80.2
1,1,107.4,103.4
190.6,129,247.4,191.4
172.2,237,251.4,306.6
317,181.8,366.6,221.8
93,37,253,132.2
105.8,209,251.4,306.6
69,129.8,124.2,218.6
36.2,202.6,104.2,266.6
11.4,1,79.4,60.2
171.4,1,262.6,121.8
10.6,1,72.2,51.4
391.4,130.6,446.6,183.4
333.8,98.6,389,195.4
233.8,57,291.4,126.6
162.6,9.8,233,95.4
23.4,1,85,62.6
296.2,273,340.2,315.4
362.6,1,446.6,67.4
254.6,123.4,333,217.8
177,149.8,219.4,193
233.8,201,296.2,263.4
82.6,233,193,384.2
386.6,72.2,453,136.2
355.4,38.6,410.6,113.8
114.6,163.4,197,224.2
42.6,1,196.2,151.4
145,1,243.4,127.4
270.6,219.4,341,288.2
174.6,29,217.8,76.2
169,135.4,217,184.2
404.2,222.6,447.4,321
389,1,445.8,67.4
295.4,267.4,376.2,342.6
348.2,265.8,388.2,309.8
191.4,27.4,255.4,104.2
160.2,293,248.2,384.2
374.6,62.6,421.8,125.8
311.4,276.2,351.4,316.2
40.2,319.4,133.8,384.2
258.6,216.2,369.8,327.4
191.4,129,237,169
167.4,28.2,227.4,97
317,190.6,365,249.8
297.8,1,348.2,73
288.2,129.8,328.2,190.6
57.8,1,171.4,117
200.2,169,296.2,263.4
181,7.4,255.4,104.2
87.4,131.4,149,182.6
415.4,159.4,458.6,201
277,1,356.2,96.2
349.8,1,446.6,106.6
373.8,218.6,440.2,301.8
317,184.2,374.6,269
128.2,217.8,272.2,261.8
169.8,133,277,241.8
386.6,74.6,426.6,136.2
374.6,58.6,443.4,183.4
409,15.4,460.2,133
378.6,43.4,441.8,183.4
7.4,141,116.2,200.2
143.4,116.2,217.8,191.4
81.8,57,154.6,129.8
292.2,273,339.4,317.8
355.4,38.6,398.6,113.8
273,261,339.4,317.8
36.2,12.2,153.8,129.8
212.2,142.6,291.4,191.4
82.6,273.8,165.8,384.2
385.8,126.6,460.2,247.4
293,27.4,351.4,96.2
403.4,159.4,458.6,274.6
352.2,15.4,398.6,78.6
146.6,75.4,199.4,129.8
164.2,1,246.6,71.4
357.8,40.2,399.4,183.4
197.8,215.4,329,306.6
49,41.8,156.2,143.4
333.8,98.6,384.2,190.6
78.6,154.6,124.2,218.6
237,38.6,293,125.8
193,1,237.8,68.2
61,35.4,171.4,145
108.2,160.2,196.2,213.8
195.4,165.8,246.6,221.8
277,1,333.8,96.2
121,47.4,165.8,92.2
75.4,68.2,161.8,150.6
20.2,35.4,106.6,103.4
1,1,68.2,69
1,7.4,51.4,56.2
193.8,1,246.6,71.4
114.6,67.4,197,153.8
1,291.4,112.2,384.2
148.2,65,228.2,129
235.4,191.4,315.4,269
374.6,62.6,443.4,183.4
262.6,228.2,322.6,288.2
248.2,127.4,290.6,176.2
45.8,2.6,122.6,78.6
325,152.2,365.8,216.2
313.8,84.2,385.8,216.2
110.6,99.4,161.8,150.6
44.2,1,115.4,69.8
345.8,250.6,388.2,329
223.4,192.2,272.2,241
269,1,345,164.2
257,281,325.8,357.8
181.8,128.2,278.6,218.6
317,184.2,372.2,249.8
206.6,129.8,265.8,180.2
389,293.8,434.6,355.4
92.2,207.4,144.2,256.2
194.6,1,263.4,100.2
269.8,218.6,344.2,289
377.8,281,443.4,369
178.6,128.2,247.4,191.4
236.2,217.8,297,276.2
130.6,293,248.2,384.2
344.2,133,384.2,190.6
168.2,340.2,248.2,384.2
405.8,5.8,446.6,73.8
270.6,218.6,350.6,288.2
1,30.6,58.6,112.2
408.2,1,456.2,73
409.8,274.6,461,384.2
257.8,225,351.4,317
313.8,84.2,361.8,146.6
61,35.4,213.8,184.2
347.4,192.2,400.2,294.6
87.4,131.4,149,193
45.8,3.4,117,74.6
412.2,57,452.2,99.4
1,261,69,384.2
167.4,28.2,241.8,128.2
91.4,14.6,144.2,68.2
212.2,1,263.4,82.6
165,1,255.4,116.2
82.6,273.8,137.8,352.2
213.8,177,269,228.2
244.2,217,351.4,317
181,86.6,251.4,173.8
57,1,180.2,126.6
380.2,85,447.4,130.6
32.2,98.6,77,156.2
373,72.2,453,187.4
353.8,215.4,394.6,281
146.6,130.6,219.4,193
377.8,281,440.2,380.2
132.2,65,253,132.2
1,1,153.8,150.6
2.6,1,87.4,74.6
403.4,159.4,458.6,201
29,61.8,86.6,123.4
415.4,145.8,458.6,201
276.2,1,340.2,79.4
229,188.2,369,328.2
37,202.6,104.2,249
1,30.6,56.2,105.8
16.2,1,79.4,60.2
232.2,97,283.4,164.2
408.2,1,457,73.8
373,72.2,453,151.4
181,129.8,251.4,173.8
158.6,28.2,205.8,80.2
1,1,91.4,89.8
373.8,218.6,414.6,317
269.8,218.6,361,299.4
20.2,1,87.4,65.8
244.2,217,309,278.6
385.8,126.6,428.2,224.2
11.4,1,76.2,59.4
273.8,243.4,350.6,318.6
336.2,307.4,391.4,353
90.6,242.6,157.8,320.2
212.2,142.6,285,191.4
349.8,1,401,122.6
252.2,123.4,320.2,189
357.8,40.2,410.6,183.4
71.4,60.2,146.6,132.2
121,236.2,251.4,306.6
265,217.8,315.4,269
325.8,164.2,365.8,216.2
213.8,181.8,274.6,242.6
269.8,219.4,344.2,289
289.8,125.8,337.8,189
221,1,296.2,97.8
378.6,76.2,426.6,133.8
1,55.4,73,177.8
234.6,191.4,292.2,249
51.4,1,166.6,117.8
244.2,121.8,354.6,271.4
217.8,1,306.6,125.8
256.2,54.6,301.8,125.8
9,153.8,98.6,198.6
123.4,173,232.2,220.2
317,188.2,365,249.8
214.6,185,282.6,256.2
1,300.2,64.2,384.2
305.8,34.6,351.4,80.2
213.8,185,282.6,256.2
43.4,1.8,173.8,132.2
117,74.6,189.8,147.4
60.2,223.4,132.2,297.8
161.8,124.2,310.6,271.4
286.6,281.8,345,333
1,1,52.2,57.8
209.8,129.8,283.4,183.4
357.8,13,401,122.6
232.2,217.8,294.6,272.2
98.6,16.2,140.2,57.8
35.4,1,92.2,57
112.2,324.2,180.2,384.2
310.6,337,425.8,384.2
283.4,73.8,323.4,125
417.8,37,462.6,184.2
349.8,1,410.6,183.4
123.4,150.6,241,220.2
200.2,169,273.8,242.6
400.2,72.2,453,133
67.4,53.8,109,94.6
75.4,68.2,150.6,141.8
358.6,181,398.6,222.6
85.8,233,157.8,320.2
200.2,169,322.6,289
310.6,337,435.4,384.2
349,1,393.8,46.6
148.2,28.2,228.2,129
46.6,2.6,173,129.8
168.2,329,248.2,384.2
169,156.2,234.6,217
17.8,57,57.8,112.2
401,180.2,448.2,271.4
279.4,218.6,341,279.4
317,181.8,389,293
121.8,35.4,179.4,80.2
217.8,1,298.6,125.8
46.6,3.4,123.4,76.2
253,1,296.2,82.6
183.4,43.4,233,107.4
405,124.2,460.2,225.8
82.6,305.8,157.8,379.4
196.2,127.4,287.4,179.4
51.4,1,181,129
145.8,73.8,192.2,118.6
119.4,93,176.2,157
270.6,218.6,343.4,288.2
344.2,89.8,397,221
349.8,1,398.6,106.6
1,30.6,41,105.8
172.2,145.8,219.4,193
248.2,127.4,294.6,185.8
200.2,169,274.6,242.6
257.8,87.4,349.8,189
21,1,64.2,44.2
158.6,28.2,212.2,81
181,132.2,242.6,173.8
117.8,74.6,171.4,125.8
81.8,201,247.4,365
83.4,201,201.8,294.6
336.2,307.4,432.2,372.2
336.2,285.8,403.4,353
1,1,106.6,103.4
313.8,84.2,385.8,187.4
257.8,125.8,349.8,189
173,14.6,241.8,105.8
217,3.4,263.4,82.6
331.4,89.8,397,221
264.2,208.2,309.8,251.4
148.2,76.2,194.6,127.4
143.4,316.2,183.4,365
263.4,218.6,363.4,316.2
345.8,1,409.8,100.2
92.2,207.4,144.2,263.4
1,1,45,47.4
138.6,75.4,213.8,133.8
208.2,168.2,383.4,345.8
49,339.4,99.4,384.2
145,1,243.4,128.2
112.2,37.8,157.8,83.4
177.8,313.8,248.2,384.2
291.4,264.2,347.4,323.4
71.4,60.2,120.2,109.8
139.4,92.2,196.2,151.4
315.4,72.2,367.4,125
170.6,329,248.2,384.2
81.8,1,148.2,57.8
60.2,232.2,110.6,276.2
308.2,270.6,370.6,333.8
112.2,101,153.8,154.6
276.2,87.4,323.4,147.4
322.6,97.8,369,170.6
25,39.4,76.2,88.2
131.4,103.4,213.8,184.2
230.6,315.4,276.2,384.2
334.6,218.6,379.4,277
415.4,305,457.8,384.2
112.2,324.2,159.4,364.2
332.2,337,425.8,384.2
339.4,285.8,403.4,342.6
181,245.8,248.2,300.2
221,1,304.2,97.8
61,35.4,155.4,129.8
177.8,14.6,255.4,116.2
33,86.6,91.4,153
24.2,1,80.2,48.2
146.6,69,194.6,127.4
171.4,156.2,304.2,280.2
105.8,263.4,168.2,313.8
63.4,129.8,124.2,218.6
170.6,313.8,251.4,384.2
36.2,202.6,192.2,384.2
277,1,331.4,96.2
36.2,202.6,96.2,264.2
135.4,81,195.4,146.6
181,243.4,251.4,306.6
257.8,216.2,301,265.8
239.4,316.2,286.6,384.2
171.4,1,281,122.6
397,53.8,452.2,99.4
292.2,248.2,338.6,294.6
314.6,210.6,354.6,257
400.2,91.4,441,152.2
174.6,133,257,215.4
214.6,1,306.6,125.8
379.4,259.4,435.4,374.6
169,150.6,241,217.8
171.4,150.6,241,217.8
191.4,157.8,261.8,224.2
157,131.4,212.2,184.2
112.2,324.2,165.8,384.2
75.4,68.2,137.8,130.6
181,137.8,233.8,191.4
225,86.6,275.4,127.4
244.2,217,321,294.6
253,1,296.2,97.8
244.2,121.8,288.2,179.4
349.8,5,393.8,46.6
317,181.8,379.4,277
121.8,35.4,179.4,85
181,150.6,296.2,263.4
213.8,181.8,296.2,263.4
121.8,28.2,212.2,85
371.4,296.2,421.8,354.6
63.4,88.2,117,139.4
148.2,28.2,242.6,129
391.4,130.6,441.8,183.4
234.6,181,313,251.4
218.6,1,268.2,65.8
123.4,275.4,172.2,369
36.2,202.6,159.4,384.2
293,257.8,357.8,322.6
43.4,39.4,93.8,97.8
119.4,93,187.4,167.4
161.8,9.8,206.6,69
315.4,212.2,356.2,257.8
177.8,313.8,238.6,365
297,125.8,349.8,189
75.4,68.2,141,134.6
143.4,110.6,213,184.2
32.2,15.4,82.6,74.6
349,1,397,69
1,7.4,135.4,133
107.4,32.2,149.8,74.6
212.2,52.2,255.4,104.2
264.2,217.8,325.8,281.8
207.4,218.6,317.8,343.4
82.6,305.8,159.4,379.4
265,217.8,342.6,289.8
1,73.8,91.4,155.4
261.8,1,323.4,125
107.4,93.8,156.2,143.4
2.6,1,53.8,50.6
181,150.6,248.2,217.8
32.2,98.6,77,148.2
50.6,89,91.4,153
374.6,62.6,425.8,134.6
164.2,1,255.4,104.2
217,261,272.2,337.8
2.6,1,72.2,51.4
83.4,201,213,294.6
1,291.4,81,384.2
1,300.2,48.2,384.2
1,7.4,44.2,49.8
117.8,74.6,173,129.8
93,37,133.8,79.4
401.8,75.4,446.6,116.2
415.4,305,457.8,374.6
230.6,295.4,345,384.2
262.6,1,305,88.2
261.8,1,304.2,89
166.6,313.8,248.2,384.2
386.6,328.2,432.2,374.6
148.2,65,228.2,120.2
107.4,32.2,175.4,101.8
20.2,1,72.2,51.4
91.4,14.6,149.8,74.6
391.4,131.4,443.4,187.4
293,249.8,338.6,295.4
124.2,327.4,185,377.8
365,58.6,443.4,183.4
216.2,193.8,305,281
413.8,136.2,460.2,182.6
49,203.4,89.8,246.6
1,85,50.6,155.4
73.8,18.6,125.8,70.6
46.6,3.4,117,73.8
181.8,128.2,237,168.2
81,263.4,168.2,320.2
266.6,241.8,321,294.6
139.4,77,196.2,128.2
123.4,215.4,329,306.6
1,187.4,106.6,337
391.4,131.4,443.4,172.2
108.2,64.2,171.4,125.8
186.6,237,251.4,306.6
77,60.2,151.4,130.6
3.4,57,43.4,112.2
166.6,293,248.2,384.2
124.2,321.8,192.2,377.8
264.2,219.4,313.8,269
36.2,202.6,159.4,379.4
99.4,49.8,171.4,125.8
384.2,259.4,435.4,355.4
244.2,217,294.6,267.4
97.8,70.6,176.2,149
404.2,153.8,457.8,201
217,275.4,277,337.8
194.6,1,284.2,125.8
132.2,77,196.2,129.8
233,246.6,302.6,291.4
177.8,313.8,251.4,375.4
60.2,223.4,110.6,281
328.2,305.8,429,384.2
336.2,253.8,386.6,300.2
341.8,248.2,389,293
3.4,68.2,43.4,112.2
374.6,62.6,443.4,134.6
217,3.4,266.6,101.8
246.6,1,296.2,82.6
121.8,35.4,174.6,80.2
148.2,115.4,188.2,160.2
404.2,151.4,460.2,201
42.6,1.8,228.2,187.4
245,1,303.4,93.8
257,281,317.8,343.4
202.6,65.8,247.4,124.2
303.4,27.4,351.4,82.6
27.4,3.4,70.6,46.6
233,246.6,280.2,295.4
49,203.4,96.2,264.2
36.2,202.6,100.2,266.6
254.6,242.6,317.8,343.4
186.6,237,248.2,300.2
414.6,221,455.4,270.6
124.2,327.4,192.2,377.8
2.6,1,146.6,131.4
277,1,329,41
54.6,43.4,146.6,131.4
324.2,189.8,378.6,273
105.8,72.2,153,119.4
193.8,19.4,246.6,71.4
1,67.4,58.6,155.4
60.2,257,118.6,318.6
234.6,190.6,309.8,251.4
65,21.8,107.4,64.2
49,339.4,112.2,384.2
61.8,223.4,110.6,268.2
43.4,1.8,129,87.4
349.8,1,407.4,65
186.6,237,251.4,300.2
1,291.4,81,355.4
232.2,199.4,273,241
292.2,248.2,338.6,295.4
339.4,276.2,404.2,342.6
3.4,57,63.4,112.2
190.6,129,237,173.8
85.8,233,133,297.8
276.2,242.6,321,289.8
93.8,68.2,143.4,117.8
379.4,321,432.2,374.6
217,266.6,272.2,337.8
73,33.8,164.2,132.2
292.2,248.2,361,299.4
117,74.6,169,126.6
67.4,42.6,156.2,131.4
93,37,193,129.8
143.4,115.4,187.4,160.2
124.2,330.6,177,377.8
257.8,225,321,289.8
390.6,328.2,432.2,374.6
390.6,328.2,432.2,372.2
112.2,101,153.8,150.6
34.6,27.4,80.2,74.6
92.2,207.4,201.8,294.6
45.8,48.2,86.6,89
136.2,35.4,179.4,80.2
129.8,35.4,174.6,80.2
258.6,217.8,300.2,265.8
22.6,1,132.2,115.4
301.8,266.6,357.8,322.6
325.8,284.2,369,327.4
99.4,49.8,167.4,117.8
51.4,46.6,106.6,103.4
47.4,38.6,93.8,87.4
295.4,267.4,339.4,311.4
34.6,27.4,93.8,87.4
73,33.8,118.6,92.2
132.2,78.6,193,129.8
4.2,306.6,81,355.4
37,202.6,96.2,264.2
58.6,1,148.2,85.8
1,85,45.8,150.6
336.2,253.8,377.8,298.6
254.6,242.6,302.6,291.4
