267.67,440.47,342.33,485.27
70.333,1,174.87,430.87
81,1,342.33,511.93
73.533,1,342.33,511.93
226.07,146.07,342.33,257
1,1,342.33,511.93
199.4,375.4,342.33,465
150.33,1,342.33,511.93
104.47,1,342.33,132.2
1,45.8,342.33,511.93
171.67,465,276.2,511.93
155.67,138.6,342.33,511.93
73.533,1,197.27,381.8
1,1,173.8,424.47
270.87,31.933,342.33,83.133
207.93,140.73,342.33,391.4
104.47,1,342.33,105.53
220.73,254.87,342.33,388.2
145,138.6,342.33,386.07
1,1,342.33,179.13
175.93,61.8,342.33,511.93
213.27,147.13,342.33,391.4
17,1,170.6,50.067
197.27,279.4,254.87,385
168.47,328.47,250.6,434.07
154.6,344.47,342.33,511.93
110.87,173.8,164.2,305
1,1,182.33,511.93
99.133,335.93,174.87,425.53
175.93,1,342.33,511.93
73.533,1,243.13,381.8
171.67,346.6,342.33,511.93
1,1,175.93,511.93
73.533,1,342.33,175.93
70.333,142.87,204.73,511.93
1,1,174.87,511.93
1,25.533,175.93,511.93
1,45.8,204.73,511.93
1,43.667,342.33,511.93
1,386.07,174.87,511.93
73.533,138.6,342.33,511.93
182.33,1,342.33,391.4
239.93,187.67,312.47,261.27
73.533,1,222.87,381.8
213.27,146.07,328.47,305
155.67,43.667,342.33,511.93
182.33,1,342.33,146.07
154.6,344.47,296.47,511.93
1,1,271.93,511.93
146.07,1,197.27,381.8
92.733,108.73,152.47,172.73
73.533,246.33,342.33,511.93
187.67,98.067,342.33,391.4
254.87,222.87,337,367.93
300.73,229.27,342.33,277.27
181.27,1,342.33,132.2
200.47,146.07,342.33,375.4
251.67,225,316.73,273
78.867,347.67,155.67,407.4
1,46.867,175.93,511.93
73.533,1,342.33,391.4
214.33,367.93,342.33,459.67
1,1,342.33,305
186.6,1,342.33,175.93
164.2,151.4,342.33,511.93
114.07,138.6,342.33,386.07
78.867,347.67,156.73,407.4
71.4,37.267,209,305
278.33,158.87,342.33,215.4
282.6,1,342.33,51.133
193,81,239.93,138.6
199.4,254.87,342.33,373.27
183.4,273,342.33,511.93
102.33,382.87,167.4,456.47
111.93,1,243.13,381.8
294.33,222.87,342.33,291.13
204.73,440.47,342.33,511.93
182.33,12.733,271.93,58.6
146.07,59.667,197.27,315.67
175.93,385,342.33,473.53
82.067,108.73,161,175.93
102.33,246.33,204.73,511.93
1,271.93,175.93,511.93
152.47,152.47,200.47,308.2
226.07,271.93,285.8,369
1,33,71.4,73.533
219.67,271.93,342.33,386.07
1,335.93,175.93,511.93
257,61.8,319.93,127.93
1,1,342.33,132.2
182.33,1,342.33,135.4
152.47,56.467,203.67,447.93
171.67,465,271.93,511.93
248.47,286.87,342.33,369
79.933,47.933,159.93,172.73
195.13,151.4,246.33,290.07
86.333,348.73,156.73,407.4
152.47,1,342.33,143.93
1,45.8,174.87,511.93
155.67,43.667,342.33,398.87
222.87,78.867,342.33,146.07
164.2,399.93,204.73,511.93
146.07,1,197.27,315.67
1,1,172.73,114.07
244.2,193,312.47,261.27
154.6,164.2,296.47,511.93
73.533,346.6,156.73,407.4
154.6,370.07,258.07,511.93
210.07,151.4,342.33,388.2
230.33,258.07,338.07,345.53
1,1,172.73,165.27
97,142.87,196.2,425.53
73.533,105.53,173.8,174.87
267.67,12.733,342.33,83.133
225,259.13,342.33,370.07
177,152.47,235.67,367.93
203.67,82.067,300.73,141.8
145,149.27,186.6,221.8
186.6,40.467,289,91.667
71.4,1,209,179.13
152.47,1,342.33,165.27
203.67,376.47,342.33,473.53
154.6,164.2,342.33,511.93
258.07,284.73,307.13,341.27
79.933,108.73,159.93,172.73
268.73,11.667,342.33,76.733
261.27,271.93,342.33,314.6
239.93,143.93,342.33,261.27
187.67,1,300.73,141.8
183.4,140.73,243.13,374.33
183.4,145,342.33,511.93
145,149.27,186.6,275.13
70.333,334.87,156.73,382.87
155.67,56.467,197.27,353
154.6,1,342.33,511.93
1,1,172.73,124.73
254.87,284.73,316.73,367.93
47.933,26.6,172.73,124.73
1,25.533,173.8,476.73
171.67,457.53,276.2,511.93
175.93,61.8,342.33,468.2
197.27,140.73,342.33,391.4
226.07,146.07,342.33,264.47
70.333,334.87,149.27,431.93
1,1,271.93,172.73
214.33,1,266.6,41.533
183.4,375.4,342.33,511.93
152.47,24.467,300.73,154.6
200.47,146.07,342.33,351.93
1,33,167.4,439.4
207.93,72.467,342.33,146.07
207.93,146.07,342.33,388.2
182.33,1,300.73,141.8
247.4,158.87,342.33,223.93
153.53,59.667,197.27,315.67
210.07,146.07,342.33,312.47
111.93,178.07,157.8,279.4
219.67,146.07,342.33,386.07
258.07,273,342.33,345.53
238.87,258.07,338.07,310.33
255.93,193,315.67,248.47
79.933,1,271.93,172.73
154.6,344.47,261.27,511.93
171.67,141.8,342.33,511.93
147.13,37.267,209,139.67
1,1,173.8,239.93
204.73,438.33,342.33,511.93
76.733,344.47,342.33,511.93
246.33,95.933,342.33,142.87
164.2,346.6,342.33,511.93
243.13,154.6,342.33,248.47
182.33,1,276.2,135.4
155.67,56.467,203.67,447.93
71.4,110.87,173.8,243.13
145,138.6,275.13,363.67
200.47,145,342.33,375.4
73.533,246.33,204.73,511.93
1,1,113,47.933
219.67,285.8,342.33,386.07
210.07,221.8,342.33,310.33
154.6,370.07,260.2,511.93
150.33,56.467,203.67,447.93
70.333,25.533,173.8,391.4
171.67,1,342.33,511.93
1,1,174.87,479.93
145,138.6,275.13,348.73
81,108.73,152.47,172.73
81,108.73,152.47,165.27
258.07,282.6,302.87,339.13
219.67,221.8,342.33,290.07
261.27,5.2667,342.33,85.267
81,114.07,136.47,172.73
230.33,290.07,271.93,345.53
226.07,159.93,342.33,264.47
255.93,296.47,302.87,341.27
73.533,108.73,156.73,174.87
70.333,334.87,156.73,430.87
223.93,213.27,300.73,258.07
186.6,1,342.33,391.4
287.93,154.6,342.33,223.93
76.733,345.53,125.8,403.13
154.6,370.07,199.4,511.93
207.93,72.467,337,146.07
254.87,1,342.33,85.267
146.07,1,243.13,381.8
154.6,370.07,220.73,511.93
177,151.4,246.33,367.93
187.67,99.133,300.73,175.93
186.6,253.8,235.67,367.93
99.133,335.93,174.87,407.4
1,378.6,175.93,511.93
17,6.3333,111.93,73.533
1,1,162.07,47.933
203.67,438.33,342.33,511.93
92.733,108.73,152.47,165.27
155.67,56.467,246.33,398.87
168.47,328.47,218.6,434.07
209,151.4,342.33,388.2
171.67,254.87,342.33,511.93
214.33,1,276.2,93.8
213.27,146.07,342.33,386.07
155.67,310.33,285.8,511.93
1,403.13,132.2,479.93
182.33,138.6,252.73,460.73
152.47,1,342.33,154.6
143.93,1,209,511.93
183.4,279.4,342.33,511.93
263.4,440.47,342.33,511.93
152.47,30.867,234.6,154.6
127.93,308.2,182.33,380.73
215.4,72.467,337,146.07
79.933,37.267,209,172.73
153.53,59.667,232.47,309.27
155.67,246.33,204.73,511.93
188.73,344.47,243.13,441.53
81,1,261.27,511.93
197.27,239.93,249.53,348.73
71.4,1,342.33,179.13
263.4,327.4,342.33,370.07
183.4,1,342.33,261.27
187.67,138.6,250.6,204.73
95.933,47.933,138.6,118.33
262.33,227.13,342.33,277.27
71.4,110.87,173.8,305
215.4,47.933,342.33,153.53
82.067,108.73,152.47,172.73
82.067,104.47,171.67,175.93
71.4,46.867,209,179.13
191.93,1,342.33,105.53
70.333,142.87,196.2,430.87
183.4,43.667,342.33,165.27
243.13,298.6,342.33,370.07
1,241,175.93,511.93
186.6,1,342.33,132.2
97,348.73,156.73,395.67
110.87,173.8,164.2,270.87
98.067,348.73,154.6,406.33
186.6,414.87,273,473.53
269.8,11.667,342.33,81
186.6,46.867,236.73,135.4
225,270.87,342.33,370.07
239.93,193,312.47,261.27
150.33,59.667,232.47,375.4
71.4,37.267,209,302.87
153.53,152.47,200.47,305
298.6,294.33,342.33,369
242.07,190.87,308.2,246.33
73.533,308.2,182.33,456.47
1,408.47,116.2,476.73
219.67,213.27,300.73,351.93
175.93,353,284.73,473.53
152.47,56.467,209,334.87
1,1,171.67,71.4
98.067,1,171.67,81
254.87,277.27,313.53,339.13
183.4,43.667,342.33,261.27
267.67,6.3333,342.33,51.133
175.93,151.4,275.13,460.73
183.4,279.4,250.6,511.93
162.07,1,209,124.73
181.27,344.47,247.4,511.93
76.733,345.53,155.67,407.4
212.2,61.8,342.33,147.13
151.4,56.467,203.67,447.93
226.07,266.6,342.33,377.53
267.67,440.47,342.33,486.33
71.4,110.87,173.8,270.87
243.13,294.33,296.47,348.73
155.67,358.33,204.73,421.27
71.4,110.87,178.07,302.87
73.533,308.2,182.33,407.4
78.867,335.93,174.87,407.4
234.6,92.733,342.33,139.67
255.93,433,342.33,511.93
222.87,73.533,342.33,146.07
155.67,56.467,203.67,419.13
150.33,56.467,218.6,491.67
248.47,254.87,342.33,369
234.6,385,342.33,445.8
214.33,365.8,342.33,459.67
247.4,273,342.33,383.93
171.67,441.53,342.33,511.93
282.6,1,342.33,63.933
182.33,151.4,233.53,367.93
253.8,282.6,310.33,341.27
203.67,366.87,342.33,473.53
155.67,266.6,342.33,511.93
150.33,1,342.33,375.4
210.07,151.4,342.33,310.33
186.6,273,235.67,367.93
97,335.93,196.2,425.53
183.4,42.6,342.33,165.27
73.533,104.47,171.67,175.93
78.867,347.67,145,407.4
213.27,140.73,342.33,391.4
268.73,470.33,342.33,511.93
97,349.8,145,407.4
79.933,1,186.6,172.73
202.6,438.33,342.33,511.93
186.6,239.93,243.13,395.67
254.87,286.87,302.87,339.13
115.13,142.87,182.33,350.87
239.93,149.27,342.33,261.27
275.13,447.93,334.87,488.47
268.73,392.47,342.33,462.87
175.93,353,282.6,463.93
1,25.533,173.8,438.33
268.73,453.27,342.33,511.93
187.67,98.067,342.33,264.47
79.933,103.4,159.93,172.73
115.13,142.87,182.33,337
1,381.8,175.93,511.93
152.47,56.467,209,175.93
17,1,170.6,66.067
269.8,11.667,342.33,76.733
289,274.07,342.33,377.53
1,25.533,71.4,73.533
183.4,42.6,342.33,261.27
275.13,459.67,342.33,511.93
215.4,47.933,342.33,146.07
225,258.07,342.33,387.13
265.53,6.3333,319.93,51.133
207.93,81,342.33,147.13
175.93,346.6,342.33,473.53
73.533,109.8,156.73,174.87
226.07,159.93,342.33,257
231.4,146.07,291.13,229.27
183.4,164.2,296.47,511.93
257,1,321,56.467
78.867,349.8,155.67,406.33
191.93,1,342.33,76.733
214.33,22.333,276.2,93.8
105.53,25.533,170.6,81
186.6,24.467,261.27,89.533
255.93,273,342.33,345.53
232.47,154.6,306.07,229.27
284.73,258.07,338.07,307.13
1,46.867,168.47,424.47
175.93,420.2,250.6,491.67
152.47,56.467,209,407.4
127.93,246.33,204.73,511.93
253.8,286.87,310.33,341.27
299.67,254.87,342.33,313.53
195.13,273,235.67,355.13
247.4,154.6,342.33,223.93
81,108.73,159.93,172.73
152.47,233.53,199.4,375.4
247.4,273,342.33,369
198.33,135.4,303.93,225
1,46.867,167.4,423.4
226.07,151.4,325.27,219.67
186.6,1,261.27,55.4
219.67,221.8,308.2,290.07
71.4,25.533,173.8,350.87
226.07,140.73,342.33,264.47
261.27,1,342.33,85.267
155.67,146.07,342.33,511.93
189.8,390.33,269.8,511.93
221.8,151.4,325.27,233.53
255.93,443.67,342.33,511.93
104.47,1,171.67,71.4
190.87,1,342.33,93.8
102.33,385,167.4,456.47
186.6,365.8,242.07,457.53
222.87,73.533,342.33,165.27
210.07,61.8,342.33,147.13
78.867,349.8,155.67,407.4
226.07,199.4,308.2,257
81,127.93,156.73,174.87
164.2,385,250.6,491.67
183.4,429.8,342.33,511.93
187.67,98.067,300.73,175.93
145,149.27,186.6,239.93
226.07,213.27,300.73,258.07
92.733,349.8,155.67,406.33
198.33,162.07,254.87,385
210.07,254.87,342.33,373.27
195.13,142.87,250.6,223.93
101.27,241,173.8,381.8
73.533,346.6,118.33,407.4
87.4,56.467,209,175.93
182.33,138.6,252.73,413.8
175.93,420.2,218.6,491.67
1,1,170.6,66.067
73.533,1,177,175.93
183.4,164.2,250.6,441.53
255.93,286.87,302.87,341.27
258.07,190.87,307.13,248.47
186.6,28.733,247.4,137.53
186.6,40.467,342.33,258.07
242.07,193,308.2,246.33
79.933,26.6,172.73,124.73
227.13,376.47,342.33,453.27
261.27,327.4,342.33,370.07
155.67,266.6,285.8,511.93
296.47,38.333,342.33,101.27
209,429.8,293.27,511.93
1,33,167.4,423.4
1,417,116.2,479.93
187.67,98.067,342.33,175.93
82.067,108.73,154.6,175.93
183.4,138.6,252.73,395.67
186.6,83.133,232.47,136.47
155.67,170.6,203.67,398.87
120.47,271.93,174.87,380.73
290.07,274.07,342.33,314.6
254.87,1,342.33,86.333
193,266.6,243.13,374.33
152.47,138.6,275.13,348.73
188.73,266.6,243.13,441.53
223.93,161,303.93,264.47
70.333,334.87,148.2,431.93
191.93,1,342.33,41.533
209,429.8,261.27,473.53
155.67,358.33,204.73,511.93
203.67,431.93,283.67,473.53
267.67,5.2667,342.33,51.133
99.133,335.93,196.2,425.53
1,33,72.467,73.533
203.67,431.93,274.07,473.53
220.73,254.87,342.33,369
210.07,146.07,342.33,335.93
267.67,440.47,342.33,505.53
183.4,279.4,296.47,511.93
198.33,169.53,241,250.6
143.93,1,261.27,511.93
245.27,196.2,300.73,248.47
265.53,6.3333,342.33,83.133
214.33,367.93,342.33,446.87
239.93,154.6,342.33,261.27
225,270.87,271.93,313.53
188.73,346.6,318.87,421.27
253.8,273,342.33,341.27
219.67,213.27,300.73,290.07
271.93,11.667,342.33,76.733
81,108.73,156.73,174.87
214.33,285.8,342.33,386.07
87.4,348.73,156.73,407.4
155.67,56.467,197.27,184.47
201.53,61.8,283.67,113
223.93,146.07,342.33,257
181.27,344.47,261.27,511.93
91.667,108.73,152.47,172.73
79.933,109.8,159.93,172.73
207.93,146.07,342.33,386.07
243.13,271.93,342.33,370.07
220.73,271.93,307.13,369
152.47,59.667,209,175.93
245.27,190.87,307.13,248.47
180.2,345.53,223.93,388.2
175.93,385,220.73,468.2
182.33,1,261.27,98.067
184.47,1,342.33,93.8
213.27,151.4,342.33,290.07
177,141.8,246.33,367.93
257,193,315.67,248.47
210.07,42.6,319.93,105.53
175.93,279.4,254.87,468.2
1,1,174.87,439.4
215.4,146.07,342.33,351.93
193,1,300.73,141.8
265.53,440.47,342.33,511.93
223.93,149.27,342.33,261.27
210.07,61.8,342.33,161
1,417,116.2,476.73
83.133,348.73,154.6,433
193,169.53,243.13,374.33
210.07,146.07,328.47,305
152.47,138.6,275.13,308.2
71.4,52.2,173.8,239.93
99.133,108.73,152.47,165.27
181.27,1,261.27,58.6
203.67,167.4,245.27,262.33
254.87,282.6,313.53,339.13
257,193,315.67,243.13
183.4,164.2,293.27,511.93
213.27,211.13,263.4,290.07
219.67,222.87,342.33,386.07
73.533,108.73,154.6,175.93
232.47,146.07,306.07,229.27
209,375.4,342.33,459.67
198.33,162.07,245.27,290.07
265.53,6.3333,342.33,76.733
254.87,285.8,316.73,367.93
71.4,110.87,115.13,179.13
247.4,318.87,342.33,369
1,33,167.4,438.33
197.27,169.53,241,299.67
186.6,1,276.2,135.4
104.47,1,193,71.4
185.53,61.8,342.33,147.13
171.67,414.87,342.33,511.93
213.27,234.6,263.4,290.07
225,270.87,271.93,321
188.73,344.47,247.4,441.53
1,429.8,110.87,479.93
260.2,282.6,302.87,339.13
214.33,403.13,296.47,446.87
210.07,42.6,299.67,136.47
223.93,161,342.33,264.47
298.6,308.2,342.33,369
200.47,41.533,247.4,89.533
175.93,353,282.6,465
183.4,279.4,250.6,404.2
228.2,438.33,342.33,511.93
182.33,21.267,261.27,65
199.4,375.4,342.33,459.67
203.67,414.87,273,473.53
188.73,353,265.53,437.27
175.93,151.4,342.33,511.93
227.13,376.47,342.33,451.13
267.67,440.47,340.2,486.33
183.4,461.8,275.13,511.93
152.47,1,300.73,143.93
1,1,159.93,47.933
243.13,171.67,315.67,248.47
254.87,285.8,299.67,341.27
70.333,334.87,148.2,381.8
152.47,59.667,232.47,375.4
143.93,56.467,209,511.93
251.67,225,328.47,273
233.53,146.07,342.33,216.47
197.27,1,286.87,55.4
268.73,433,342.33,511.93
254.87,285.8,299.67,329.53
223.93,198.33,300.73,258.07
83.133,271.93,174.87,433
238.87,294.33,299.67,370.07
186.6,274.07,243.13,395.67
225,270.87,299.67,313.53
82.067,108.73,161,172.73
295.4,78.867,342.33,127.93
52.2,459.67,107.67,511.93
255.93,414.87,342.33,511.93
213.27,186.6,275.13,286.87
186.6,39.4,291.13,113
262.33,158.87,342.33,223.93
188.73,266.6,250.6,441.53
255.93,1,342.33,83.133
295.4,71.4,342.33,127.93
223.93,146.07,342.33,264.47
237.8,309.27,307.13,369
98.067,1,209,124.73
190.87,429.8,257,511.93
214.33,1,265.53,41.533
203.67,438.33,293.27,511.93
254.87,12.733,342.33,86.333
203.67,82.067,250.6,135.4
183.4,43.667,253.8,165.27
251.67,227.13,342.33,277.27
175.93,318.87,245.27,468.2
79.933,25.533,172.73,124.73
202.6,440.47,342.33,511.93
185.53,61.8,342.33,225
110.87,228.2,174.87,337
1,463.93,165.27,511.93
186.6,1,342.33,258.07
71.4,52.2,135.4,179.13
220.73,271.93,287.93,360.47
71.4,46.867,145,179.13
154.6,370.07,199.4,462.87
220.73,271.93,287.93,328.47
183.4,138.6,252.73,363.67
51.133,13.8,111.93,66.067
219.67,213.27,300.73,306.07
171.67,353,342.33,511.93
186.6,28.733,300.73,175.93
183.4,11.667,342.33,261.27
188.73,353,265.53,421.27
238.87,225,342.33,310.33
98.067,1,209,129
223.93,159.93,342.33,257
175.93,353,282.6,473.53
258.07,284.73,342.33,345.53
242.07,199.4,308.2,246.33
263.4,385,342.33,445.8
1,417,165.27,511.93
254.87,6.3333,342.33,86.333
183.4,42.6,299.67,165.27
198.33,162.07,245.27,319.93
175.93,141.8,254.87,468.2
210.07,42.6,289,105.53
251.67,222.87,337,367.93
248.47,294.33,342.33,369
294.33,225,342.33,277.27
300.73,227.13,342.33,277.27
254.87,12.733,342.33,85.267
291.13,158.87,342.33,215.4
232.47,169.53,277.27,229.27
198.33,162.07,245.27,312.47
189.8,390.33,248.47,511.93
193,81,303.93,165.27
95.933,47.933,138.6,111.93
261.27,40.467,323.13,85.267
100.2,108.73,152.47,172.73
278.33,158.87,342.33,223.93
215.4,146.07,257,255.93
188.73,394.6,236.73,437.27
191.93,1,342.33,56.467
152.47,59.667,197.27,154.6
92.733,108.73,159.93,172.73
215.4,146.07,342.33,255.93
255.93,441.53,323.13,505.53
182.33,1,261.27,88.467
143.93,56.467,209,407.4
186.6,355.13,275.13,457.53
168.47,310.33,250.6,434.07
155.67,56.467,203.67,398.87
187.67,138.6,252.73,223.93
115.13,142.87,180.2,222.87
220.73,271.93,342.33,388.2
255.93,443.67,342.33,503.4
290.07,274.07,342.33,350.87
70.333,334.87,148.2,391.4
261.27,40.467,342.33,85.267
243.13,171.67,315.67,243.13
71.4,25.533,173.8,305
209,375.4,342.33,441.53
1,381.8,174.87,511.93
228.2,271.93,271.93,313.53
215.4,61.8,319.93,139.67
184.47,1,286.87,93.8
221.8,65,283.67,119.4
255.93,12.733,342.33,83.133
220.73,292.2,264.47,345.53
146.07,59.667,197.27,154.6
127.93,311.4,173.8,380.73
251.67,458.6,295.4,511.93
184.47,1,226.07,43.667
187.67,138.6,250.6,262.33
234.6,151.4,325.27,201.53
71.4,52.2,126.87,179.13
200.47,1,342.33,93.8
265.53,440.47,342.33,500.2
86.333,348.73,154.6,406.33
243.13,294.33,295.4,348.73
215.4,81,337,146.07
214.33,1,286.87,41.533
70.333,25.533,174.87,430.87
191.93,1,322.07,41.533
187.67,138.6,252.73,309.27
267.67,440.47,342.33,511.93
98.067,356.2,154.6,407.4
71.4,25.533,173.8,239.93
198.33,151.4,246.33,249.53
185.53,98.067,342.33,147.13
1,463.93,104.47,511.93
143.93,370.07,196.2,414.87
195.13,142.87,252.73,223.93
188.73,353,282.6,437.27
242.07,273,287.93,328.47
87.4,108.73,159.93,172.73
225,213.27,300.73,258.07
243.13,298.6,299.67,346.6
213.27,188.73,263.4,290.07
226.07,161,306.07,264.47
254.87,438.33,342.33,511.93
213.27,151.4,325.27,290.07
221.8,61.8,319.93,121.53
219.67,213.27,342.33,351.93
258.07,254.87,342.33,313.53
243.13,158.87,342.33,248.47
83.133,356.2,154.6,433
247.4,298.6,342.33,369
255.93,286.87,310.33,341.27
101.27,245.27,173.8,381.8
92.733,349.8,155.67,403.13
290.07,225,342.33,277.27
186.6,232.47,235.67,367.93
207.93,81,337,146.07
290.07,274.07,342.33,337
175.93,385,236.73,460.73
94.867,27.667,172.73,114.07
253.8,440.47,342.33,511.93
214.33,1,286.87,93.8
220.73,254.87,342.33,373.27
115.13,142.87,178.07,222.87
215.4,146.07,303.93,255.93
213.27,232.47,263.4,290.07
243.13,298.6,285.8,348.73
186.6,353,282.6,463.93
262.33,158.87,342.33,233.53
197.27,169.53,241,250.6
175.93,385,284.73,473.53
268.73,11.667,342.33,63.933
210.07,38.333,342.33,105.53
79.933,109.8,136.47,172.73
183.4,429.8,275.13,511.93
152.47,140.73,221.8,308.2
71.4,25.533,172.73,114.07
212.2,99.133,300.73,141.8
182.33,141.8,233.53,367.93
188.73,353,318.87,421.27
214.33,1,286.87,55.4
255.93,441.53,342.33,511.93
181.27,141.8,233.53,367.93
267.67,1,342.33,51.133
261.27,287.93,309.27,341.27
201.53,40.467,271.93,91.667
200.47,1,286.87,55.4
297.53,159.93,342.33,228.2
210.07,146.07,342.33,305
270.87,12.733,342.33,83.133
252.73,281.53,303.93,328.47
261.27,190.87,307.13,241
215.4,167.4,255.93,255.93
105.53,131.13,152.47,172.73
231.4,146.07,299.67,229.27
155.67,310.33,269.8,511.93
295.4,71.4,342.33,132.2
186.6,365.8,242.07,427.67
255.93,441.53,342.33,505.53
226.07,191.93,305,264.47
98.067,356.2,154.6,406.33
254.87,438.33,342.33,488.47
70.333,334.87,149.27,391.4
97,348.73,156.73,407.4
1,351.93,175.93,511.93
257,61.8,319.93,115.13
186.6,40.467,271.93,91.667
254.87,286.87,313.53,339.13
214.33,1,342.33,93.8
254.87,266.6,316.73,367.93
255.93,286.87,309.27,341.27
81,109.8,136.47,172.73
186.6,40.467,283.67,113
183.4,438.33,342.33,511.93
162.07,59.667,220.73,154.6
186.6,46.867,236.73,137.53
233.53,146.07,342.33,209
225,367.93,318.87,409.53
200.47,274.07,243.13,379.67
291.13,158.87,342.33,223.93
187.67,138.6,275.13,286.87
187.67,138.6,252.73,243.13
186.6,414.87,284.73,473.53
1,45.8,167.4,423.4
262.33,149.27,342.33,223.93
215.4,47.933,261.27,93.8
9.5333,1,113,47.933
203.67,423.4,274.07,473.53
223.93,215.4,303.93,264.47
262.33,285.8,307.13,341.27
223.93,152.47,342.33,257
243.13,294.33,299.67,370.07
226.07,379.67,342.33,451.13
152.47,56.467,209,376.47
223.93,215.4,298.6,264.47
190.87,429.8,275.13,511.93
261.27,40.467,318.87,85.267
214.33,367.93,318.87,446.87
1,381.8,107.67,438.33
263.4,327.4,313.53,370.07
243.13,298.6,285.8,369
182.33,151.4,233.53,309.27
254.87,286.87,295.4,330.6
257,1,342.33,56.467
155.67,310.33,250.6,434.07
9.5333,1,159.93,47.933
287.93,149.27,342.33,223.93
257,61.8,342.33,142.87
215.4,47.933,342.33,103.4
262.33,190.87,307.13,241
186.6,385,236.73,437.27
203.67,431.93,269.8,473.53
186.6,6.3333,342.33,258.07
155.67,358.33,204.73,426.6
187.67,141.8,229.27,228.2
263.4,312.47,342.33,370.07
81,108.73,136.47,172.73
255.93,294.33,342.33,369
152.47,59.667,229.27,154.6
1,1,159.93,73.533
131.13,335.93,174.87,379.67
94.867,142.87,173.8,239.93
301.8,169.53,342.33,216.47
143.93,370.07,196.2,421.27
152.47,82.067,197.27,175.93
187.67,121.53,260.2,175.93
87.4,108.73,132.2,172.73
295.4,78.867,342.33,121.53
225,213.27,295.4,257
185.53,98.067,232.47,138.6
252.73,154.6,342.33,223.93
83.133,375.4,134.33,433
185.53,98.067,319.93,139.67
187.67,138.6,250.6,251.67
195.13,151.4,246.33,313.53
213.27,242.07,263.4,290.07
277.27,95.933,342.33,142.87
191.93,1,291.13,41.533
187.67,141.8,246.33,249.53
220.73,271.93,264.47,345.53
223.93,191.93,303.93,264.47
186.6,24.467,300.73,141.8
186.6,1,342.33,113
298.6,254.87,342.33,369
209,142.87,250.6,204.73
200.47,162.07,245.27,225
255.93,459.67,296.47,503.4
226.07,271.93,299.67,370.07
261.27,190.87,307.13,248.47
254.87,438.33,342.33,500.2
209,375.4,342.33,445.8
257,1,305,42.6
190.87,429.8,269.8,511.93
222.87,73.533,342.33,139.67
193,41.533,247.4,89.533
247.4,187.67,293.27,235.67
244.2,187.67,312.47,261.27
177,152.47,220.73,260.2
185.53,98.067,232.47,139.67
130.07,1,171.67,81
213.27,146.07,263.4,305
263.4,392.47,342.33,445.8
1,417,110.87,476.73
71.4,52.2,123.67,179.13
70.333,190.87,174.87,430.87
255.93,459.67,342.33,503.4
120.47,335.93,174.87,380.73
245.27,196.2,296.47,238.87
296.47,178.07,342.33,228.2
299.67,159.93,342.33,216.47
162.07,59.667,232.47,154.6
243.13,295.4,285.8,369
92.733,110.87,159.93,172.73
200.47,162.07,245.27,271.93
251.67,458.6,295.4,500.2
239.93,191.93,296.47,253.8
254.87,285.8,313.53,367.93
247.4,319.93,298.6,363.67
203.67,82.067,283.67,141.8
190.87,469.27,271.93,511.93
97,347.67,145,407.4
55.4,459.67,107.67,511.93
70.333,228.2,174.87,430.87
194.07,279.4,250.6,404.2
226.07,213.27,295.4,257
213.27,423.4,274.07,469.27
191.93,1,334.87,41.533
200.47,279.4,243.13,379.67
228.2,458.6,295.4,511.93
196.2,423.4,248.47,467.13
197.27,311.4,254.87,385
81,386.07,174.87,497
155.67,315.67,203.67,398.87
242.07,196.2,296.47,253.8
234.6,92.733,342.33,146.07
199.4,393.53,296.47,441.53
187.67,141.8,233.53,223.93
206.87,311.4,254.87,385
17,6.3333,111.93,66.067
92.733,110.87,159.93,159.93
94.867,25.533,172.73,114.07
258.07,284.73,309.27,341.27
1,466.07,104.47,511.93
193,81,342.33,223.93
299.67,159.93,342.33,228.2
203.67,82.067,283.67,135.4
155.67,370.07,199.4,421.27
261.27,17,323.13,85.267
186.6,40.467,342.33,223.93
152.47,59.667,220.73,154.6
239.93,213.27,295.4,255.93
230.33,275.13,287.93,345.53
261.27,286.87,309.27,341.27
199.4,393.53,296.47,465
97,1,170.6,50.067
189.8,423.4,248.47,511.93
276.2,222.87,337,302.87
213.27,146.07,342.33,302.87
200.47,24.467,261.27,89.533
213.27,188.73,263.4,305
190.87,429.8,253.8,511.93
213.27,186.6,337,302.87
152.47,82.067,201.53,175.93
199.4,392.47,342.33,465
186.6,40.467,271.93,82.067
225,258.07,342.33,369
227.13,376.47,342.33,449
194.07,344.47,250.6,404.2
100.2,110.87,159.93,159.93
275.13,194.07,315.67,243.13
221.8,1,286.87,41.533
197.27,311.4,246.33,366.87
199.4,355.13,245.27,427.67
223.93,190.87,307.13,257
239.93,39.4,291.13,88.467
175.93,327.4,275.13,460.73
193,1,286.87,89.533
98.067,1,170.6,50.067
210.07,40.467,271.93,82.067
230.33,258.07,342.33,369
298.6,318.87,342.33,369
186.6,355.13,242.07,457.53
199.4,401,296.47,441.53
213.27,146.07,342.33,262.33
221.8,1,266.6,41.533
110.87,335.93,174.87,393.53
101.27,465,165.27,511.93
17,11.667,111.93,66.067
249.53,171.67,315.67,243.13
201.53,61.8,283.67,107.67
201.53,299.67,243.13,379.67
187.67,141.8,233.53,262.33
63.933,417,116.2,462.87
186.6,318.87,245.27,427.67
268.73,392.47,342.33,445.8
168.47,328.47,218.6,421.27
209,375.4,312.47,441.53
1,465,104.47,511.93
267.67,440.47,334.87,485.27
233.53,146.07,291.13,209
188.73,365.8,242.07,415.93
221.8,65,283.67,107.67
186.6,355.13,245.27,427.67
131.13,311.4,173.8,380.73
255.93,443.67,342.33,505.53
185.53,98.067,255.93,139.67
199.4,365.8,242.07,415.93
116.2,142.87,173.8,239.93
268.73,386.07,342.33,445.8
221.8,61.8,319.93,119.4
