1,1,342.33,511.93
62.867,1,225,162.07
1,152.47,164.2,219.67
102.33,131.13,148.2,179.13
1,1,167.4,297.53
1,1,315.67,511.93
214.33,143.93,342.33,340.2
158.87,261.27,342.33,511.93
110.87,1,257,213.27
85.267,371.13,134.33,473.53
1,230.33,342.33,511.93
245.27,103.4,342.33,185.53
110.87,386.07,170.6,511.93
155.67,197.27,342.33,511.93
1,230.33,219.67,356.2
1,1,246.33,219.67
1,1,252.73,283.67
260.2,455.4,302.87,511.93
140.73,1,342.33,255.93
1,1,225,371.13
166.33,1,342.33,511.93
1,236.73,342.33,511.93
27.667,60.733,147.13,157.8
1,198.33,94.867,350.87
100.2,190.87,342.33,511.93
175.93,97,278.33,239.93
184.47,1,280.47,197.27
91.667,216.47,193,291.13
1,197.27,342.33,511.93
121.53,1,342.33,280.47
155.67,1,300.73,119.4
188.73,1,342.33,223.93
1,1,79.933,165.27
1,188.73,165.27,511.93
223.93,261.27,342.33,511.93
1,1,342.33,298.6
107.67,389.27,188.73,511.93
62.867,1,108.73,66.067
2.0667,374.33,91.667,474.6
1,1,342.33,331.67
1,230.33,270.87,511.93
1,188.73,315.67,511.93
1,275.13,175.93,358.33
173.8,236.73,342.33,449
245.27,103.4,342.33,255.93
156.73,1,342.33,318.87
155.67,1,201.53,43.667
241,1,342.33,130.07
214.33,141.8,342.33,331.67
1,60.733,189.8,294.33
147.13,1,246.33,126.87
1,330.6,202.6,511.93
182.33,206.87,260.2,298.6
255.93,1,342.33,99.133
1,215.4,342.33,511.93
1,1,257,339.13
187.67,255.93,323.13,383.93
136.47,261.27,342.33,511.93
189.8,263.4,342.33,511.93
258.07,438.33,302.87,511.93
107.67,357.27,207.93,511.93
115.13,419.13,170.6,511.93
1,182.33,217.53,511.93
97,258.07,220.73,389.27
1,275.13,175.93,385
157.8,359.4,202.6,503.4
89.533,300.73,270.87,511.93
225,257,342.33,511.93
279.4,1,342.33,86.333
37.267,185.53,143.93,243.13
292.2,285.8,342.33,420.2
1,1,257,511.93
1,308.2,161,511.93
1,198.33,117.27,295.4
107.67,235.67,342.33,511.93
221.8,332.73,269.8,475.67
85.267,235.67,315.67,511.93
167.4,235.67,284.73,340.2
1,1,173.8,298.6
243.13,389.27,342.33,511.93
103.4,219.67,217.53,286.87
139.67,268.73,251.67,469.27
204.73,6.3333,342.33,255.93
158.87,301.8,291.13,511.93
187.67,255.93,342.33,511.93
76.733,237.8,150.33,283.67
1,181.27,220.73,511.93
267.67,53.267,342.33,223.93
1,1,342.33,280.47
294.33,433,342.33,482.07
23.4,180.2,244.2,282.6
63.933,97,147.13,157.8
57.533,222.87,204.73,307.13
1,1,252.73,294.33
1,246.33,75.667,294.33
223.93,291.13,279.4,406.33
270.87,257,342.33,420.2
1,152.47,173.8,298.6
1,25.533,83.133,111.93
1,255.93,220.73,367.93
57.533,1,342.33,331.67
1,1,252.73,165.27
167.4,235.67,315.67,511.93
103.4,1,342.33,298.6
1,156.73,244.2,283.67
57.533,141.8,342.33,331.67
9.5333,65,63.933,159.93
151.4,301.8,270.87,511.93
28.733,1,252.73,162.07
74.6,1,342.33,261.27
187.67,255.93,315.67,383.93
258.07,170.6,342.33,255.93
1,255.93,220.73,511.93
1,181.27,99.133,298.6
1,181.27,342.33,511.93
110.87,447.93,196.2,511.93
1,284.73,220.73,367.93
245.27,1,342.33,255.93
242.07,1,342.33,165.27
204.73,127.93,252.73,195.13
1,188.73,165.27,382.87
111.93,261.27,342.33,511.93
102.33,228.2,198.33,279.4
1,1,252.73,180.2
79.933,110.87,203.67,222.87
1,275.13,186.6,511.93
156.73,1,325.27,318.87
186.6,150.33,342.33,442.6
170.6,120.47,308.2,264.47
161,284.73,210.07,367.93
145,55.4,218.6,140.73
74.6,1,246.33,143.93
1,456.47,52.2,511.93
270.87,282.6,342.33,436.2
1,94.867,46.867,182.33
1,255.93,177,326.33
234.6,279.4,342.33,511.93
110.87,359.4,202.6,511.93
1,332.73,199.4,511.93
235.67,434.07,291.13,511.93
223.93,261.27,322.07,439.4
58.6,168.47,165.27,214.33
270.87,212.2,342.33,280.47
107.67,150.33,342.33,511.93
1,1,154.6,204.73
1,182.33,220.73,511.93
179.13,361.53,342.33,511.93
159.93,359.4,202.6,427.67
110.87,1,252.73,213.27
1,332.73,121.53,511.93
1,290.07,133.27,511.93
1,313.53,202.6,511.93
1,1,246.33,211.13
155.67,1,213.27,79.933
90.6,323.13,342.33,511.93
22.333,351.93,195.13,511.93
23.4,456.47,136.47,511.93
57.533,162.07,245.27,307.13
170.6,1,342.33,264.47
9.5333,88.467,77.8,165.27
24.467,60.733,189.8,190.87
1,333.8,135.4,511.93
273,1,325.27,81
231.4,259.13,315.67,337
90.6,236.73,342.33,511.93
233.53,382.87,314.6,511.93
130.07,358.33,199.4,470.33
1,255.93,177,360.47
37.267,308.2,161,349.8
95.933,317.8,190.87,391.4
175.93,114.07,342.33,250.6
125.8,1,252.73,180.2
170.6,1,342.33,511.93
1,1,342.33,353
157.8,459.67,199.4,511.93
284.73,148.2,342.33,223.93
62.867,1,166.33,119.4
28.733,1,145,162.07
51.133,195.13,171.67,270.87
93.8,313.53,202.6,511.93
71.4,185.53,183.4,244.2
1,1,177,159.93
188.73,357.27,236.73,511.93
145,113,215.4,261.27
23.4,180.2,244.2,250.6
225,326.33,306.07,506.6
1,333.8,119.4,511.93
18.067,29.8,121.53,182.33
241,134.33,342.33,511.93
23.4,1,116.2,78.867
53.267,170.6,164.2,219.67
1,230.33,221.8,358.33
136.47,313.53,184.47,358.33
36.2,228.2,165.27,316.73
173.8,82.067,342.33,290.07
268.73,212.2,342.33,435.13
242.07,6.3333,317.8,125.8
1,275.13,175.93,511.93
211.13,141.8,342.33,331.67
76.733,206.87,342.33,298.6
1,1,177,86.333
102.33,216.47,193,278.33
145,1,342.33,261.27
85.267,258.07,220.73,511.93
110.87,388.2,235.67,511.93
260.2,18.067,317.8,106.6
268.73,76.733,342.33,243.13
184.47,1,325.27,197.27
1,393.53,43.667,501.27
146.07,420.2,188.73,463.93
290.07,19.133,342.33,84.2
1,307.13,217.53,511.93
1,181.27,183.4,339.13
86.333,172.73,165.27,215.4
188.73,424.47,233.53,511.93
125.8,38.333,190.87,92.733
1,1,79.933,159.93
267.67,322.07,326.33,442.6
170.6,1,342.33,283.67
217.53,141.8,322.07,246.33
175.93,114.07,342.33,290.07
147.13,1,251.67,140.73
187.67,372.2,291.13,511.93
243.13,77.8,342.33,255.93
86.333,222.87,204.73,294.33
246.33,389.27,302.87,445.8
2.0667,367.93,42.6,425.53
220.73,184.47,265.53,234.6
234.6,279.4,279.4,380.73
280.47,53.267,342.33,172.73
1,181.27,173.8,298.6
136.47,313.53,269.8,511.93
292.2,52.2,342.33,114.07
62.867,1,225,146.07
156.73,1,342.33,353
204.73,97,273,195.13
245.27,145,301.8,186.6
243.13,389.27,306.07,511.93
219.67,347.67,285.8,467.13
1,356.2,97,426.6
1,388.2,43.667,501.27
1,332.73,107.67,492.73
155.67,197.27,342.33,353
1,188.73,165.27,339.13
233.53,382.87,342.33,511.93
233.53,382.87,303.93,511.93
286.87,52.2,342.33,130.07
102.33,228.2,190.87,276.2
188.73,357.27,235.67,511.93
241,212.2,342.33,511.93
270.87,130.07,318.87,186.6
217.53,1,342.33,169.53
1,180.2,244.2,283.67
107.67,60.733,156.73,124.73
260.2,1,319.93,106.6
155.67,197.27,259.13,353
257,227.13,342.33,298.6
241,20.2,315.67,122.6
254.87,285.8,314.6,355.13
94.867,132.2,161,187.67
158.87,301.8,214.33,441.53
225,290.07,292.2,424.47
136.47,302.87,291.13,511.93
231.4,259.13,315.67,380.73
234.6,269.8,314.6,361.53
235.67,247.4,342.33,337
1,180.2,219.67,371.13
269.8,135.4,342.33,228.2
257,428.73,302.87,511.93
158.87,301.8,214.33,409.53
206.87,183.4,342.33,403.13
9.5333,45.8,65,164.2
109.8,415.93,186.6,510.87
1,1,252.73,219.67
235.67,238.87,342.33,337
230.33,359.4,342.33,511.93
188.73,38.333,290.07,197.27
1,1,166.33,150.33
237.8,262.33,289,340.2
36.2,1,113,75.667
74.6,1,275.13,143.93
110.87,418.07,185.53,511.93
43.667,203.67,102.33,250.6
185.53,269.8,315.67,511.93
71.4,108.73,245.27,238.87
1,290.07,270.87,511.93
173.8,143.93,241,213.27
234.6,279.4,326.33,442.6
157.8,388.2,199.4,511.93
170.6,206.87,235.67,263.4
195.13,263.4,342.33,511.93
257,1,342.33,99.133
117.27,1,166.33,43.667
13.8,284.73,109.8,338.07
34.067,275.13,175.93,331.67
175.93,1,282.6,239.93
189.8,143.93,342.33,511.93
234.6,77.8,342.33,255.93
273,1,342.33,79.933
18.067,52.2,121.53,182.33
233.53,66.067,276.2,126.87
59.667,280.47,169.53,326.33
1,460.73,119.4,511.93
225,351.93,306.07,506.6
1,310.33,161,360.47
245.27,1,342.33,261.27
157.8,468.2,199.4,511.93
279.4,282.6,342.33,393.53
225,332.73,269.8,405.27
1,1,79.933,69.267
10.6,10.6,79.933,56.467
151.4,253.8,342.33,511.93
260.2,455.4,303.93,511.93
230.33,257,342.33,511.93
1,1,167.4,172.73
45.8,298.6,164.2,348.73
57.533,162.07,242.07,307.13
258.07,306.07,342.33,449
297.53,446.87,342.33,511.93
188.73,94.867,252.73,196.2
140.73,1,342.33,153.53
1,356.2,103.4,511.93
1,1,165.27,220.73
58.6,216.47,193,306.07
187.67,225,236.73,298.6
121.53,22.333,236.73,140.73
170.6,1,342.33,263.4
179.13,22.333,236.73,137.53
28.733,1,145,150.33
190.87,277.27,242.07,363.67
258.07,162.07,342.33,255.93
81,332.73,138.6,454.33
1,180.2,244.2,282.6
103.4,1,342.33,442.6
90.6,307.13,203.67,511.93
141.8,27.667,246.33,180.2
179.13,429.8,235.67,511.93
282.6,1,323.13,43.667
1,118.33,57.533,190.87
1,372.2,43.667,511.93
24.467,116.2,109.8,175.93
166.33,268.73,220.73,363.67
43.667,203.67,171.67,283.67
260.2,458.6,302.87,511.93
1,249.53,217.53,511.93
1,29.8,63.933,159.93
258.07,306.07,335.93,442.6
175.93,300.73,222.87,388.2
173.8,236.73,314.6,431.93
292.2,285.8,342.33,444.73
1,1,153.53,179.13
148.2,278.33,190.87,335.93
102.33,185.53,245.27,278.33
103.4,219.67,195.13,279.4
1,1,133.27,182.33
1,230.33,219.67,358.33
121.53,23.4,169.53,140.73
121.53,1,257,239.93
223.93,285.8,306.07,406.33
216.47,1,323.13,55.4
1,198.33,175.93,334.87
175.93,82.067,342.33,290.07
225,324.2,300.73,431.93
44.733,308.2,161,349.8
179.13,27.667,242.07,120.47
212.2,94.867,290.07,191.93
18.067,14.867,184.47,211.13
110.87,358.33,199.4,511.93
1,188.73,85.267,294.33
33,359.4,99.133,459.67
296.47,440.47,342.33,511.93
1,198.33,68.2,294.33
155.67,1,342.33,298.6
1,1,79.933,103.4
139.67,236.73,342.33,469.27
167.4,249.53,217.53,421.27
273,154.6,323.13,220.73
145,113,244.2,261.27
1,357.27,125.8,511.93
189.8,277.27,238.87,451.13
233.53,382.87,302.87,493.8
188.73,236.73,236.73,283.67
85.267,127.93,167.4,187.67
222.87,1,275.13,55.4
218.6,1,291.13,169.53
52.2,1,342.33,298.6
145,1,282.6,261.27
267.67,122.6,342.33,217.53
235.67,247.4,310.33,314.6
56.467,168.47,165.27,220.73
259.13,212.2,342.33,435.13
241,294.33,342.33,511.93
1,1,190.87,220.73
1,305,161,382.87
100.2,228.2,198.33,281.53
90.6,323.13,199.4,511.93
270.87,247.4,342.33,331.67
241,389.27,306.07,506.6
188.73,357.27,250.6,494.87
1,305,161,360.47
1,118.33,101.27,294.33
101.27,1,155.67,84.2
298.6,447.93,342.33,492.73
257,122.6,342.33,282.6
183.4,302.87,223.93,374.33
1,105.53,189.8,219.67
57.533,205.8,183.4,307.13
109.8,351.93,186.6,510.87
162.07,359.4,202.6,427.67
211.13,270.87,315.67,431.93
156.73,113,228.2,317.8
107.67,60.733,165.27,141.8
187.67,225,230.33,273
219.67,347.67,342.33,483.13
31.933,185.53,244.2,250.6
242.07,84.2,282.6,134.33
52.2,108.73,342.33,298.6
236.73,143.93,317.8,246.33
102.33,134.33,148.2,179.13
167.4,263.4,216.47,363.67
1,1,103.4,111.93
18.067,123.67,79.933,182.33
188.73,190.87,292.2,314.6
284.73,253.8,342.33,330.6
9.5333,81,79.933,158.87
236.73,1,291.13,153.53
257,285.8,334.87,380.73
203.67,58.6,245.27,111.93
102.33,95.933,152.47,146.07
216.47,1,323.13,83.133
1,1,79.933,74.6
57.533,222.87,222.87,314.6
43.667,195.13,173.8,283.67
287.93,324.2,334.87,380.73
236.73,283.67,323.13,441.53
187.67,236.73,236.73,353
97,350.87,138.6,399.93
1,1,167.4,211.13
234.6,263.4,314.6,411.67
113,323.13,161,363.67
34.067,65,91.667,132.2
89.533,324.2,141.8,468.2
1,181.27,220.73,367.93
187.67,235.67,236.73,283.67
166.33,258.07,220.73,363.67
23.4,185.53,101.27,243.13
1,1,246.33,150.33
1,1,119.4,84.2
236.73,33,287.93,121.53
225,290.07,290.07,424.47
52.2,108.73,245.27,238.87
93.8,261.27,219.67,317.8
188.73,190.87,334.87,442.6
216.47,1,342.33,223.93
204.73,6.3333,317.8,195.13
236.73,1,280.47,95.933
242.07,65,286.87,121.53
285.8,397.8,342.33,511.93
1,198.33,165.27,294.33
85.267,258.07,220.73,510.87
234.6,263.4,314.6,361.53
267.67,148.2,342.33,223.93
186.6,226.07,228.2,317.8
1,275.13,107.67,339.13
24.467,115.13,189.8,190.87
1,367.93,156.73,511.93
90.6,330.6,154.6,468.2
1,188.73,183.4,339.13
155.67,1,308.2,119.4
242.07,1,342.33,138.6
71.4,166.33,187.67,238.87
145,1,242.07,135.4
31.933,103.4,101.27,168.47
239.93,51.133,290.07,197.27
216.47,1,342.33,83.133
234.6,270.87,315.67,355.13
280.47,52.2,342.33,139.67
221.8,332.73,269.8,463.93
241,20.2,315.67,130.07
234.6,279.4,334.87,442.6
293.27,284.73,342.33,330.6
206.87,150.33,342.33,403.13
155.67,236.73,236.73,353
1,313.53,201.53,511.93
71.4,166.33,165.27,212.2
1,198.33,50.067,294.33
94.867,132.2,149.27,185.53
246.33,335.93,299.67,428.73
43.667,195.13,173.8,287.93
260.2,287.93,313.53,347.67
47.933,386.07,103.4,492.73
188.73,236.73,235.67,283.67
90.6,307.13,217.53,511.93
188.73,225,259.13,275.13
1,44.733,60.733,151.4
136.47,313.53,191.93,379.67
79.933,108.73,245.27,222.87
34.067,87.4,78.867,146.07
90.6,307.13,203.67,498.07
165.27,84.2,342.33,298.6
1,423.4,74.6,505.53
77.8,1,161,57.533
223.93,261.27,342.33,444.73
100.2,228.2,219.67,306.07
156.73,439.4,212.2,511.93
79.933,1,252.73,140.73
175.93,1,342.33,213.27
94.867,61.8,152.47,119.4
221.8,337,268.73,463.93
235.67,247.4,342.33,330.6
280.47,367.93,322.07,412.73
1,202.6,57.533,275.13
136.47,313.53,184.47,383.93
257,200.47,312.47,249.53
71.4,1,257,244.2
228.2,344.47,279.4,412.73
275.13,280.47,342.33,435.13
1,290.07,201.53,511.93
28.733,30.867,79.933,74.6
294.33,433,342.33,511.93
265.53,1,327.4,127.93
237.8,115.13,287.93,169.53
245.27,130.07,318.87,249.53
71.4,233.53,165.27,316.73
204.73,23.4,251.67,103.4
90.6,323.13,202.6,511.93
293.27,281.53,342.33,393.53
173.8,236.73,235.67,283.67
107.67,389.27,212.2,511.93
156.73,113,215.4,261.27
179.13,27.667,246.33,120.47
114.07,223.93,189.8,282.6
23.4,354.07,201.53,511.93
223.93,269.8,322.07,439.4
1,150.33,342.33,511.93
99.133,354.07,201.53,497
179.13,397.8,235.67,511.93
166.33,278.33,220.73,363.67
266.6,116.2,342.33,180.2
166.33,143.93,342.33,511.93
186.6,370.07,270.87,511.93
18.067,84.2,167.4,211.13
284.73,397.8,342.33,511.93
1,188.73,68.2,294.33
1,356.2,103.4,492.73
34.067,284.73,169.53,361.53
184.47,88.467,242.07,197.27
100.2,190.87,334.87,442.6
156.73,1,213.27,43.667
1,1,103.4,119.4
85.267,105.53,189.8,187.67
24.467,200.47,133.27,285.8
233.53,350.87,322.07,439.4
284.73,121.53,342.33,178.07
225,1,323.13,108.73
141.8,83.133,205.8,180.2
151.4,215.4,342.33,511.93
238.87,261.27,282.6,309.27
273,1,325.27,69.267
175.93,120.47,278.33,239.93
90.6,330.6,199.4,511.93
274.07,280.47,342.33,439.4
296.47,436.2,342.33,488.47
236.73,387.13,297.53,493.8
179.13,361.53,295.4,511.93
243.13,116.2,342.33,255.93
147.13,307.13,202.6,420.2
147.13,330.6,193,380.73
79.933,1,133.27,84.2
65,17,119.4,84.2
284.73,164.2,342.33,223.93
156.73,113,236.73,318.87
188.73,370.07,233.53,494.87
284.73,122.6,342.33,201.53
85.267,317.8,190.87,510.87
1,1,116.2,165.27
282.6,258.07,342.33,298.6
1,1,51.133,43.667
293.27,281.53,342.33,396.73
12.733,426.6,63.933,495.93
218.6,1,342.33,169.53
125.8,1,252.73,92.733
33,359.4,99.133,410.6
170.6,162.07,242.07,214.33
187.67,255.93,315.67,380.73
97,258.07,220.73,363.67
151.4,257,342.33,511.93
89.533,371.13,134.33,418.07
113,258.07,220.73,363.67
153.53,388.2,199.4,497
225,294.33,300.73,431.93
73.533,418.07,156.73,511.93
121.53,1,252.73,93.8
132.2,330.6,202.6,483.13
263.4,311.4,306.07,390.33
175.93,114.07,342.33,282.6
186.6,88.467,245.27,205.8
1,198.33,94.867,358.33
255.93,190.87,298.6,246.33
31.933,189.8,90.6,250.6
27.667,86.333,76.733,131.13
166.33,268.73,220.73,332.73
100.2,172.73,165.27,215.4
231.4,259.13,315.67,346.6
245.27,127.93,335.93,246.33
175.93,84.2,282.6,239.93
296.47,436.2,342.33,511.93
31.933,198.33,183.4,244.2
265.53,1,319.93,127.93
110.87,389.27,180.2,511.93
265.53,66.067,327.4,140.73
225,351.93,268.73,437.27
158.87,301.8,235.67,471.4
83.133,89.533,141.8,142.87
267.67,51.133,342.33,223.93
167.4,235.67,220.73,340.2
254.87,20.2,305,86.333
1,188.73,50.067,242.07
261.27,359.4,319.93,427.67
1,275.13,107.67,318.87
261.27,359.4,342.33,488.47
2.0667,359.4,99.133,492.73
7.4,386.07,103.4,492.73
57.533,60.733,127.93,105.53
110.87,386.07,199.4,511.93
184.47,370.07,270.87,511.93
170.6,38.333,342.33,263.4
1,332.73,195.13,511.93
39.4,289,137.53,329.53
1,228.2,165.27,382.87
102.33,223.93,193,278.33
225,263.4,305,380.73
63.933,97,148.2,179.13
66.067,212.2,171.67,270.87
76.733,206.87,260.2,298.6
186.6,150.33,342.33,354.07
155.67,1,342.33,124.73
269.8,213.27,342.33,282.6
220.73,184.47,266.6,236.73
1,281.53,89.533,340.2
57.533,125.8,101.27,168.47
91.667,91.667,134.33,134.33
292.2,280.47,342.33,331.67
186.6,235.67,228.2,317.8
97,286.87,177,333.8
182.33,209,260.2,298.6
24.467,200.47,172.73,319.93
187.67,299.67,229.27,353
20.2,310.33,71.4,350.87
222.87,347.67,285.8,434.07
1,57.533,76.733,100.2
284.73,141.8,342.33,201.53
44.733,275.13,175.93,331.67
89.533,344.47,139.67,468.2
214.33,212.2,342.33,310.33
1,378.6,146.07,511.93
138.6,313.53,185.53,375.4
1,413.8,74.6,511.93
121.53,1,242.07,135.4
24.467,292.2,101.27,334.87
73.533,403.13,156.73,511.93
245.27,127.93,335.93,186.6
1,198.33,81,294.33
1,83.133,183.4,210.07
219.67,361.53,283.67,477.8
56.467,164.2,165.27,214.33
206.87,150.33,342.33,442.6
95.933,317.8,184.47,382.87
145,471.4,191.93,511.93
246.33,335.93,290.07,424.47
280.47,344.47,322.07,412.73
236.73,1,280.47,169.53
187.67,299.67,246.33,376.47
82.067,119.4,163.13,211.13
145,27.667,242.07,135.4
1,1,183.4,210.07
290.07,344.47,334.87,403.13
257,191.93,342.33,255.93
241,389.27,302.87,493.8
1,1,145,182.33
229.27,6.3333,317.8,125.8
250.6,1,342.33,153.53
230.33,255.93,314.6,411.67
121.53,1,246.33,196.2
1,275.13,175.93,331.67
225,290.07,298.6,434.07
262.33,458.6,303.93,511.93
18.067,287.93,175.93,348.73
1,386.07,103.4,511.93
62.867,1,225,151.4
95.933,317.8,184.47,367.93
186.6,235.67,232.47,286.87
97,350.87,138.6,412.73
173.8,143.93,241,211.13
274.07,282.6,342.33,439.4
140.73,1,255.93,153.53
41.533,186.6,143.93,232.47
241,20.2,305,108.73
1,310.33,161,351.93
236.73,18.067,291.13,123.67
102.33,228.2,193,278.33
150.33,55.4,199.4,123.67
1,425.53,41.533,495.93
284.73,77.8,342.33,223.93
275.13,134.33,342.33,252.73
214.33,225,292.2,314.6
137.53,1,246.33,140.73
284.73,148.2,340.2,201.53
218.6,1,291.13,153.53
188.73,309.27,270.87,511.93
107.67,421.27,207.93,511.93
152.47,380.73,199.4,497
139.67,307.13,202.6,420.2
1,290.07,133.27,380.73
137.53,1,213.27,126.87
79.933,1,146.07,84.2
237.8,382.87,298.6,481
280.47,106.6,329.53,150.33
170.6,53.267,342.33,264.47
232.47,434.07,291.13,511.93
27.667,86.333,78.867,151.4
173.8,236.73,277.27,386.07
293.27,281.53,342.33,331.67
270.87,130.07,318.87,185.53
254.87,417,298.6,511.93
1,308.2,161,358.33
93.8,313.53,191.93,468.2
158.87,301.8,269.8,475.67
1,461.8,74.6,505.53
1,188.73,94.867,294.33
23.4,185.53,101.27,232.47
204.73,225,268.73,346.6
142.87,220.73,195.13,261.27
155.67,260.2,219.67,306.07
125.8,24.467,190.87,92.733
227.13,84.2,318.87,249.53
175.93,300.73,251.67,469.27
57.533,222.87,204.73,314.6
110.87,386.07,180.2,511.93
274.07,280.47,342.33,350.87
225,1,323.13,86.333
95.933,351.93,138.6,440.47
27.667,71.4,148.2,179.13
1,198.33,91.667,295.4
162.07,363.67,203.67,469.27
1,333.8,151.4,511.93
239.93,113,290.07,197.27
147.13,1,213.27,126.87
187.67,255.93,323.13,398.87
1,332.73,133.27,511.93
257,438.33,302.87,511.93
71.4,162.07,242.07,244.2
118.33,25.533,159.93,84.2
187.67,255.93,323.13,467.13
188.73,197.27,259.13,302.87
59.667,457.53,125.8,506.6
223.93,285.8,322.07,439.4
28.733,460.73,119.4,511.93
199.4,1,246.33,76.733
269.8,153.53,323.13,228.2
139.67,330.6,202.6,483.13
148.2,278.33,220.73,363.67
33,289,115.13,333.8
195.13,263.4,335.93,511.93
28.733,70.333,124.73,150.33
245.27,103.4,342.33,180.2
174.87,221.8,282.6,264.47
114.07,222.87,182.33,282.6
33,333.8,117.27,410.6
1,308.2,71.4,350.87
1,1,54.333,84.2
57.533,77.8,101.27,168.47
101.27,1,166.33,84.2
173.8,236.73,314.6,411.67
241,294.33,284.73,397.8
1,77.8,187.67,238.87
214.33,212.2,342.33,331.67
225,283.67,342.33,488.47
1,303.93,133.27,378.6
187.67,255.93,323.13,412.73
90.6,330.6,138.6,468.2
91.667,52.2,145,157.8
234.6,263.4,342.33,449
146.07,373.27,199.4,424.47
1,185.53,183.4,339.13
175.93,127.93,278.33,239.93
229.27,386.07,283.67,477.8
258.07,306.07,325.27,442.6
122.6,220.73,195.13,279.4
190.87,277.27,277.27,386.07
214.33,143.93,342.33,342.33
243.13,324.2,300.73,431.93
1,357.27,95.933,435.13
248.47,420.2,297.53,493.8
111.93,313.53,184.47,396.73
1,230.33,219.67,317.8
170.6,120.47,308.2,246.33
219.67,168.47,262.33,215.4
270.87,257,342.33,350.87
198.33,26.6,245.27,140.73
289,220.73,342.33,306.07
110.87,386.07,166.33,511.93
1,1,246.33,165.27
121.53,1,252.73,209
31.933,1,167.4,172.73
147.13,1,246.33,140.73
300.73,455.4,342.33,511.93
14.867,57.533,77.8,103.4
257,122.6,342.33,249.53
45.8,301.8,158.87,348.73
219.67,427.67,295.4,511.93
37.267,87.4,99.133,159.93
25.533,375.4,91.667,463.93
1,195.13,183.4,326.33
1,275.13,107.67,358.33
1,228.2,165.27,340.2
257,1,325.27,99.133
271.93,322.07,314.6,381.8
1,1,54.333,43.667
1,57.533,53.267,159.93
271.93,322.07,334.87,380.73
1,307.13,161,365.8
175.93,468.2,235.67,511.93
218.6,1,291.13,167.4
260.2,1,342.33,91.667
283.67,215.4,342.33,276.2
77.8,1,161,58.6
1,1,154.6,182.33
265.53,14.867,319.93,92.733
241,389.27,302.87,511.93
61.8,1,177,86.333
89.533,331.67,139.67,468.2
90.6,350.87,138.6,433
237.8,382.87,342.33,481
219.67,427.67,269.8,511.93
76.733,237.8,173.8,283.67
177,202.6,228.2,244.2
241,20.2,315.67,111.93
245.27,53.267,342.33,186.6
120.47,300.73,229.27,409.53
155.67,1,342.33,119.4
76.733,220.73,219.67,291.13
273,355.13,325.27,442.6
236.73,1,342.33,246.33
92.733,168.47,165.27,212.2
165.27,84.2,342.33,249.53
191.93,197.27,259.13,250.6
51.133,195.13,173.8,283.67
211.13,269.8,315.67,431.93
34.067,284.73,220.73,367.93
262.33,308.2,310.33,417
254.87,417,302.87,511.93
187.67,299.67,259.13,398.87
1,303.93,107.67,378.6
175.93,120.47,233.53,196.2
281.53,19.133,342.33,84.2
267.67,345.53,326.33,442.6
71.4,166.33,197.27,238.87
1,147.13,97,203.67
1,202.6,77.8,294.33
1,307.13,161,360.47
166.33,268.73,251.67,469.27
146.07,373.27,199.4,419.13
1,25.533,103.4,101.27
152.47,380.73,201.53,497
138.6,300.73,229.27,409.53
94.867,344.47,139.67,436.2
195.13,263.4,305,511.93
18.067,308.2,161,349.8
89.533,323.13,140.73,468.2
28.733,14.867,79.933,74.6
260.2,439.4,322.07,511.93
223.93,269.8,342.33,439.4
198.33,427.67,268.73,511.93
270.87,282.6,342.33,449
243.13,114.07,342.33,255.93
170.6,181.27,244.2,239.93
162.07,309.27,270.87,511.93
59.667,460.73,119.4,506.6
232.47,330.6,277.27,386.07
10.6,10.6,55.4,55.4
1,181.27,183.4,326.33
187.67,236.73,229.27,353
93.8,52.2,145,117.27
1,155.67,141.8,297.53
1,118.33,85.267,294.33
121.53,1,252.73,140.73
27.667,88.467,77.8,153.53
91.667,83.133,134.33,134.33
148.2,258.07,220.73,363.67
255.93,1,342.33,58.6
177,38.333,290.07,222.87
211.13,65,252.73,126.87
263.4,310.33,334.87,363.67
39.4,396.73,91.667,459.67
265.53,14.867,319.93,127.93
175.93,66.067,276.2,213.27
297.53,52.2,342.33,105.53
230.33,369,342.33,511.93
140.73,1,251.67,153.53
188.73,357.27,253.8,511.93
221.8,226.07,314.6,305
217.53,143.93,322.07,246.33
82.067,119.4,167.4,211.13
239.93,38.333,290.07,197.27
157.8,1,210.07,52.2
236.73,150.33,278.33,238.87
236.73,283.67,342.33,488.47
57.533,60.733,147.13,157.8
219.67,393.53,266.6,490.6
241,1,342.33,99.133
275.13,188.73,342.33,252.73
239.93,124.73,308.2,193
126.87,154.6,167.4,202.6
1,371.13,99.133,511.93
166.33,268.73,220.73,321
134.33,185.53,245.27,254.87
237.8,269.8,289,340.2
18.067,76.733,141.8,181.27
28.733,332.73,121.53,377.53
163.13,284.73,220.73,367.93
194.07,386.07,283.67,511.93
225,290.07,283.67,418.07
297.53,335.93,342.33,393.53
85.267,371.13,134.33,470.33
230.33,369,298.6,434.07
275.13,141.8,342.33,252.73
115.13,389.27,170.6,511.93
227.13,84.2,287.93,220.73
281.53,53.267,342.33,172.73
223.93,261.27,342.33,439.4
110.87,1,246.33,196.2
10.6,7.4,79.933,55.4
259.13,175.93,317.8,246.33
245.27,53.267,342.33,191.93
1,354.07,100.2,475.67
283.67,213.27,342.33,253.8
241,306.07,342.33,511.93
110.87,1,246.33,213.27
71.4,233.53,165.27,289
188.73,424.47,236.73,511.93
299.67,77.8,342.33,172.73
225,1,280.47,83.133
235.67,247.4,292.2,314.6
93.8,313.53,184.47,468.2
245.27,326.33,297.53,431.93
258.07,205.8,312.47,249.53
258.07,162.07,342.33,282.6
7.4,25.533,81,111.93
1,1,155.67,150.33
81,329.53,138.6,454.33
182.33,209,260.2,275.13
1,123.67,99.133,183.4
9.5333,81,53.267,158.87
7.4,25.533,83.133,78.867
1,1,79.933,119.4
1,1,183.4,339.13
292.2,285.8,342.33,439.4
1,44.733,61.8,159.93
153.53,10.6,211.13,140.73
121.53,55.4,199.4,140.73
9.5333,92.733,109.8,175.93
284.73,265.53,342.33,330.6
114.07,1,177,86.333
165.27,100.2,236.73,222.87
1,222.87,99.133,298.6
198.33,427.67,259.13,511.93
60.733,1,153.53,135.4
211.13,270.87,315.67,406.33
1,356.2,102.33,511.93
137.53,24.467,190.87,106.6
186.6,1,342.33,280.47
1,356.2,97,417
162.07,439.4,212.2,511.93
109.8,167.4,162.07,214.33
182.33,221.8,282.6,264.47
157.8,1,252.73,52.2
233.53,379.67,342.33,483.13
236.73,175.93,317.8,246.33
216.47,1,257,55.4
187.67,235.67,342.33,511.93
27.667,88.467,77.8,145
289,220.73,342.33,283.67
158.87,301.8,270.87,511.93
146.07,363.67,203.67,469.27
280.47,344.47,342.33,442.6
65,228.2,118.33,292.2
166.33,143.93,241,213.27
279.4,284.73,342.33,435.13
97,330.6,138.6,399.93
212.2,235.67,284.73,305
6.3333,423.4,74.6,492.73
276.2,162.07,342.33,216.47
298.6,449,342.33,511.93
94.867,142.87,167.4,202.6
46.867,185.53,101.27,232.47
257,162.07,342.33,255.93
79.933,1,161,84.2
281.53,373.27,323.13,440.47
1,198.33,119.4,295.4
206.87,226.07,314.6,305
175.93,120.47,278.33,250.6
216.47,1,280.47,55.4
79.933,1,140.73,84.2
155.67,1,246.33,57.533
86.333,222.87,182.33,294.33
81,89.533,152.47,146.07
255.93,1,342.33,154.6
265.53,14.867,319.93,113
1,188.73,107.67,339.13
191.93,150.33,278.33,250.6
245.27,130.07,318.87,185.53
1,182.33,183.4,244.2
166.33,278.33,220.73,321
257,285.8,334.87,442.6
77.8,1,166.33,84.2
37.267,52.2,105.53,159.93
157.8,1,202.6,52.2
1,1,103.4,165.27
151.4,349.8,202.6,420.2
264.47,1,342.33,83.133
186.6,62.867,228.2,120.47
193,106.6,237.8,197.27
1,457.53,125.8,511.93
97,286.87,173.8,331.67
31.933,189.8,213.27,250.6
182.33,110.87,233.53,196.2
292.2,285.8,342.33,372.2
185.53,162.07,241,211.13
211.13,65,255.93,126.87
102.33,115.13,189.8,187.67
43.667,195.13,183.4,283.67
203.67,37.267,246.33,111.93
1,202.6,85.267,294.33
200.47,1,252.73,41.533
31.933,195.13,90.6,250.6
40.467,301.8,158.87,356.2
289,220.73,342.33,295.4
185.53,353,279.4,511.93
1,334.87,104.47,495.93
258.07,191.93,342.33,255.93
145,471.4,196.2,511.93
56.467,172.73,165.27,215.4
1,1,66.067,53.267
204.73,37.267,246.33,103.4
193,221.8,282.6,264.47
206.87,255.93,252.73,376.47
36.2,228.2,98.067,294.33
13.8,292.2,101.27,338.07
56.467,168.47,165.27,215.4
93.8,330.6,138.6,468.2
204.73,97,252.73,195.13
187.67,424.47,291.13,511.93
188.73,127.93,233.53,196.2
86.333,167.4,169.53,217.53
298.6,449,342.33,492.73
138.6,313.53,185.53,372.2
278.33,366.87,342.33,436.2
120.47,313.53,185.53,372.2
86.333,222.87,182.33,282.6
188.73,424.47,291.13,511.93
110.87,447.93,183.4,511.93
255.93,20.2,305,86.333
6.3333,423.4,69.267,476.73
245.27,116.2,342.33,180.2
245.27,114.07,342.33,185.53
136.47,313.53,253.8,511.93
270.87,257,342.33,435.13
79.933,142.87,167.4,202.6
223.93,261.27,308.2,406.33
1,25.533,103.4,165.27
295.4,162.07,342.33,211.13
152.47,380.73,199.4,488.47
1,155.67,141.8,230.33
36.2,357.27,95.933,431.93
28.733,14.867,119.4,84.2
57.533,77.8,187.67,238.87
255.93,1,323.13,86.333
1,303.93,107.67,367.93
1,1,219.67,371.13
121.53,1,252.73,239.93
246.33,401,286.87,441.53
1,367.93,54.333,447.93
71.4,167.4,169.53,223.93
1,280.47,169.53,360.47
1,38.333,61.8,79.933
1,454.33,125.8,511.93
243.13,366.87,284.73,425.53
225,291.13,277.27,386.07
43.667,195.13,171.67,283.67
1,1,187.67,238.87
255.93,1,319.93,106.6
183.4,302.87,235.67,471.4
10.6,7.4,61.8,55.4
18.067,76.733,167.4,211.13
72.467,60.733,127.93,105.53
184.47,100.2,237.8,197.27
1,188.73,57.533,275.13
1,1,116.2,150.33
1,198.33,44.733,268.73
97,205.8,165.27,267.67
1,29.8,65,165.27
33,287.93,175.93,333.8
268.73,77.8,342.33,243.13
37.267,186.6,143.93,243.13
1,367.93,99.133,475.67
116.2,252.73,219.67,367.93
268.73,212.2,342.33,331.67
262.33,308.2,322.07,440.47
257,122.6,342.33,255.93
140.73,307.13,202.6,420.2
90.6,132.2,161,187.67
138.6,317.8,184.47,367.93
230.33,369,342.33,481
9.5333,1,116.2,150.33
121.53,1,177,49
270.87,136.47,333.8,186.6
1,181.27,55.4,243.13
267.67,322.07,334.87,442.6
289,220.73,342.33,290.07
146.07,357.27,202.6,470.33
175.93,108.73,236.73,213.27
222.87,347.67,342.33,483.13
292.2,141.8,342.33,201.53
110.87,388.2,180.2,511.93
36.2,305,161,346.6
81,10.6,225,146.07
25.533,357.27,100.2,475.67
121.53,23.4,181.27,93.8
219.67,343.4,297.53,431.93
268.73,227.13,342.33,298.6
166.33,278.33,220.73,332.73
28.733,1,124.73,150.33
12.733,1,76.733,42.6
74.6,36.2,165.27,143.93
297.53,349.8,342.33,420.2
146.07,379.67,202.6,463.93
42.6,332.73,121.53,375.4
220.73,124.73,308.2,235.67
242.07,1,291.13,113
238.87,388.2,284.73,431.93
20.2,303.93,94.867,350.87
193,137.53,233.53,197.27
289,53.267,342.33,145
23.4,402.07,74.6,459.67
1,367.93,119.4,511.93
279.4,162.07,342.33,218.6
136.47,302.87,269.8,511.93
1,281.53,89.533,329.53
79.933,142.87,145,184.47
249.53,286.87,306.07,390.33
279.4,284.73,342.33,449
156.73,1,221.8,43.667
107.67,393.53,188.73,511.93
281.53,1,325.27,81
114.07,241,182.33,282.6
295.4,54.333,342.33,99.133
233.53,379.67,285.8,434.07
165.27,84.2,318.87,249.53
110.87,447.93,185.53,511.93
175.93,127.93,264.47,213.27
1,198.33,44.733,261.27
53.267,68.2,111.93,132.2
212.2,94.867,290.07,214.33
296.47,439.4,342.33,511.93
90.6,119.4,161,187.67
170.6,162.07,241,211.13
10.6,7.4,79.933,69.267
135.4,55.4,199.4,124.73
278.33,77.8,342.33,139.67
199.4,360.47,251.67,469.27
93.8,261.27,172.73,317.8
274.07,280.47,342.33,392.47
242.07,1,291.13,153.53
12.733,426.6,74.6,491.67
7.4,413.8,74.6,491.67
57.533,205.8,165.27,291.13
2.0667,374.33,75.667,424.47
190.87,181.27,245.27,221.8
116.2,252.73,219.67,371.13
111.93,1,166.33,43.667
89.533,300.73,229.27,468.2
53.267,392.47,99.133,475.67
263.4,310.33,334.87,390.33
90.6,307.13,203.67,469.27
158.87,301.8,214.33,394.6
297.53,343.4,342.33,420.2
219.67,361.53,295.4,511.93
79.933,108.73,236.73,222.87
33,266.6,183.4,333.8
265.53,103.4,342.33,154.6
156.73,1,205.8,43.667
110.87,462.87,161,511.93
278.33,148.2,342.33,239.93
110.87,394.6,188.73,511.93
7.4,414.87,74.6,491.67
1,158.87,97,203.67
258.07,306.07,342.33,511.93
99.133,354.07,187.67,511.93
245.27,116.2,342.33,185.53
268.73,227.13,333.8,290.07
298.6,322.07,342.33,389.27
1,452.2,44.733,495.93
1,180.2,172.73,358.33
217.53,184.47,266.6,236.73
69.267,221.8,165.27,290.07
266.6,1,323.13,43.667
90.6,330.6,203.67,469.27
82.067,166.33,165.27,212.2
166.33,99.133,223.93,209
298.6,135.4,342.33,180.2
255.93,18.067,317.8,106.6
156.73,113,215.4,237.8
246.33,401,291.13,466.07
245.27,130.07,318.87,186.6
1,57.533,53.267,149.27
283.67,19.133,342.33,114.07
76.733,230.33,161,296.47
110.87,393.53,166.33,511.93
261.27,350.87,307.13,411.67
2.0667,367.93,74.6,492.73
276.2,284.73,342.33,449
141.8,55.4,218.6,180.2
2.0667,374.33,91.667,495.93
152.47,380.73,199.4,424.47
189.8,277.27,283.67,511.93
97,202.6,213.27,247.4
270.87,148.2,342.33,280.47
261.27,359.4,323.13,441.53
271.93,322.07,318.87,403.13
14.867,65,63.933,119.4
269.8,150.33,323.13,228.2
121.53,23.4,190.87,93.8
137.53,14.867,211.13,126.87
236.73,18.067,291.13,121.53
219.67,343.4,280.47,412.73
62.867,1,159.93,84.2
121.53,1,246.33,135.4
108.73,65,152.47,119.4
1,10.6,103.4,111.93
299.67,53.267,342.33,172.73
236.73,1,280.47,119.4
29.8,359.4,99.133,475.67
1,423.4,119.4,511.93
1,223.93,117.27,295.4
257,285.8,314.6,355.13
89.533,324.2,139.67,468.2
228.2,343.4,280.47,412.73
217.53,175.93,322.07,246.33
43.667,195.13,183.4,287.93
1,333.8,117.27,505.53
9.5333,1,153.53,179.13
289,53.267,342.33,111.93
279.4,284.73,342.33,421.27
74.6,1,166.33,143.93
230.33,345.53,298.6,434.07
196.2,1,246.33,57.533
79.933,13.8,123.67,84.2
178.07,27.667,242.07,95.933
225,290.07,280.47,408.47
42.6,332.73,107.67,375.4
297.53,53.267,342.33,105.53
243.13,116.2,342.33,241
76.733,230.33,219.67,317.8
246.33,401,298.6,503.4
38.333,331.67,117.27,382.87
1,182.33,183.4,468.2
1,223.93,91.667,295.4
270.87,148.2,340.2,214.33
177,29.8,223.93,105.53
170.6,185.53,244.2,239.93
84.2,405.27,143.93,474.6
92.733,167.4,162.07,219.67
156.73,113,228.2,318.87
156.73,1,236.73,43.667
33,308.2,161,410.6
187.67,255.93,252.73,376.47
260.2,1,342.33,114.07
110.87,370.07,270.87,511.93
279.4,1,323.13,86.333
170.6,38.333,290.07,263.4
198.33,58.6,245.27,140.73
155.67,1,201.53,49
248.47,420.2,291.13,466.07
188.73,94.867,239.93,196.2
81,351.93,138.6,454.33
1,118.33,57.533,242.07
255.93,175.93,302.87,246.33
194.07,22.333,236.73,137.53
146.07,162.07,242.07,244.2
198.33,1,246.33,140.73
57.533,228.2,122.6,291.13
1,332.73,107.67,511.93
188.73,190.87,292.2,380.73
175.93,127.93,278.33,250.6
102.33,52.2,145,117.27
211.13,284.73,280.47,382.87
79.933,110.87,167.4,202.6
227.13,115.13,287.93,220.73
246.33,401,318.87,511.93
262.33,311.4,310.33,417
130.07,373.27,199.4,470.33
270.87,334.87,342.33,436.2
280.47,369,325.27,442.6
146.07,202.6,200.47,244.2
242.07,1,342.33,134.33
1,1,43.667,43.667
99.133,313.53,187.67,511.93
81,89.533,167.4,172.73
52.2,394.6,102.33,481
9.5333,45.8,65,150.33
286.87,335.93,342.33,421.27
85.267,317.8,190.87,473.53
119.4,1,166.33,43.667
198.33,459.67,245.27,511.93
1,307.13,68.2,360.47
77.8,1,142.87,57.533
182.33,225,259.13,275.13
263.4,257,342.33,435.13
209,233.53,259.13,275.13
132.2,459.67,186.6,510.87
1,198.33,46.867,260.2
107.67,202.6,213.27,247.4
206.87,221.8,282.6,264.47
249.53,169.53,312.47,249.53
62.867,261.27,172.73,319.93
18.067,123.67,99.133,182.33
110.87,389.27,170.6,511.93
134.33,354.07,187.67,418.07
134.33,202.6,228.2,254.87
84.2,403.13,143.93,474.6
42.6,329.53,138.6,454.33
132.2,83.133,183.4,187.67
39.4,289,115.13,329.53
225,257,342.33,488.47
1,333.8,117.27,495.93
39.4,266.6,183.4,329.53
1,331.67,117.27,382.87
194.07,22.333,236.73,116.2
294.33,1,342.33,58.6
18.067,428.73,74.6,479.93
221.8,94.867,290.07,191.93
189.8,430.87,233.53,511.93
43.667,200.47,133.27,263.4
234.6,247.4,284.73,305
36.2,17,98.067,75.667
162.07,357.27,253.8,511.93
246.33,399.93,287.93,441.53
223.93,285.8,284.73,406.33
125.8,10.6,211.13,126.87
236.73,1,291.13,123.67
207.93,397.8,251.67,471.4
173.8,161,241,211.13
115.13,429.8,170.6,511.93
155.67,1,213.27,57.533
236.73,1,308.2,193
186.6,370.07,233.53,494.87
116.2,223.93,189.8,282.6
255.93,1,342.33,84.2
186.6,1,342.33,246.33
36.2,231.4,98.067,294.33
278.33,188.73,342.33,239.93
179.13,29.8,219.67,79.933
270.87,257,342.33,392.47
234.6,263.4,342.33,440.47
170.6,213.27,236.73,298.6
60.733,1,137.53,135.4
284.73,162.07,342.33,223.93
188.73,309.27,250.6,511.93
186.6,157.8,242.07,203.67
42.6,332.73,109.8,397.8
186.6,370.07,266.6,511.93
8.4667,396.73,99.133,486.33
220.73,183.4,266.6,229.27
18.067,84.2,167.4,181.27
1,182.33,183.4,334.87
238.87,261.27,308.2,315.67
1,198.33,119.4,297.53
179.13,27.667,242.07,95.933
27.667,76.733,77.8,125.8
146.07,357.27,202.6,463.93
1,367.93,42.6,474.6
10.6,7.4,79.933,56.467
116.2,252.73,219.67,297.53
275.13,280.47,342.33,341.27
147.13,54.333,211.13,126.87
29.8,359.4,99.133,459.67
246.33,259.13,315.67,337
93.8,255.93,219.67,317.8
172.73,29.8,223.93,123.67
292.2,280.47,342.33,330.6
1,354.07,101.27,495.93
1,356.2,102.33,495.93
155.67,1,213.27,115.13
189.8,225,259.13,275.13
270.87,247.4,342.33,309.27
2.0667,367.93,54.333,433
1,105.53,189.8,187.67
217.53,184.47,265.53,234.6
33,359.4,99.133,436.2
194.07,429.8,235.67,511.93
25.533,88.467,77.8,165.27
243.13,285.8,342.33,440.47
198.33,459.67,243.13,511.93
23.4,1,116.2,132.2
1,284.73,169.53,361.53
289,220.73,342.33,278.33
290.07,162.07,342.33,213.27
142.87,220.73,188.73,273
282.6,282.6,342.33,393.53
165.27,100.2,221.8,222.87
188.73,357.27,233.53,511.93
74.6,14.867,184.47,143.93
189.8,277.27,230.33,411.67
294.33,402.07,342.33,453.27
121.53,23.4,177,198.33
102.33,266.6,183.4,321
27.667,1,153.53,179.13
1,118.33,98.067,190.87
188.73,225,292.2,314.6
93.8,350.87,203.67,469.27
204.73,1,251.67,61.8
1,455.4,44.733,495.93
233.53,379.67,285.8,433
186.6,150.33,278.33,235.67
89.533,378.6,146.07,473.53
234.6,263.4,305,374.33
279.4,262.33,333.8,309.27
24.467,205.8,101.27,249.53
23.4,392.47,99.133,475.67
60.733,14.867,137.53,135.4
1,329.53,138.6,511.93
1,29.8,121.53,182.33
99.133,313.53,201.53,511.93
69.267,220.73,117.27,263.4
214.33,226.07,287.93,305
62.867,1,104.47,42.6
94.867,119.4,167.4,187.67
273,1,324.2,79.933
36.2,1,113,98.067
221.8,143.93,342.33,340.2
1,1,103.4,158.87
299.67,72.467,342.33,172.73
31.933,189.8,111.93,250.6
195.13,37.267,246.33,103.4
24.467,197.27,172.73,319.93
245.27,127.93,329.53,186.6
159.93,36.2,211.13,126.87
65,17,137.53,84.2
294.33,433,342.33,483.13
165.27,100.2,219.67,222.87
127.93,351.93,175.93,421.27
234.6,263.4,305,347.67
41.533,68.2,91.667,132.2
138.6,313.53,185.53,376.47
293.27,237.8,342.33,278.33
245.27,53.267,342.33,246.33
155.67,1,251.67,103.4
170.6,157.8,242.07,209
297.53,310.33,342.33,393.53
110.87,418.07,156.73,494.87
241,1,300.73,119.4
1,313.53,68.2,360.47
43.667,200.47,133.27,285.8
297.53,52.2,342.33,111.93
2.0667,374.33,99.133,495.93
275.13,280.47,330.6,341.27
199.4,1,239.93,47.933
167.4,263.4,210.07,363.67
237.8,257,342.33,435.13
147.13,307.13,193,367.93
187.67,235.67,236.73,294.33
1,367.93,54.333,460.73
249.53,286.87,294.33,371.13
24.467,116.2,78.867,174.87
275.13,280.47,342.33,421.27
5.2667,394.6,102.33,495.93
19.133,10.6,66.067,53.267
187.67,235.67,228.2,283.67
145,62.867,199.4,135.4
156.73,1,252.73,209
1,359.4,99.133,505.53
1,356.2,100.2,474.6
81,45.8,152.47,146.07
110.87,453.27,183.4,511.93
83.133,89.533,167.4,172.73
57.533,228.2,118.33,291.13
76.733,227.13,133.27,277.27
188.73,309.27,229.27,381.8
298.6,164.2,342.33,213.27
279.4,262.33,342.33,331.67
233.53,386.07,279.4,511.93
236.73,150.33,302.87,246.33
57.533,228.2,118.33,290.07
278.33,261.27,342.33,309.27
125.8,10.6,225,126.87
226.07,319.93,280.47,408.47
92.733,167.4,162.07,214.33
114.07,220.73,195.13,279.4
7.4,25.533,77.8,78.867
297.53,446.87,342.33,500.2
56.467,158.87,165.27,219.67
1,206.87,44.733,261.27
124.73,350.87,203.67,469.27
130.07,415.93,184.47,470.33
99.133,354.07,183.4,468.2
234.6,263.4,275.13,361.53
300.73,350.87,342.33,420.2
1,29.8,53.267,87.4
1,180.2,172.73,319.93
162.07,468.2,235.67,511.93
130.07,418.07,185.53,511.93
219.67,415.93,266.6,482.07
186.6,370.07,266.6,494.87
155.67,1,252.73,43.667
245.27,143.93,311.4,198.33
9.5333,81,67.133,158.87
217.53,124.73,308.2,246.33
1,354.07,100.2,495.93
156.73,1,252.73,123.67
1,275.13,175.93,334.87
18.067,84.2,141.8,181.27
93.8,330.6,203.67,469.27
204.73,225,260.2,275.13
170.6,162.07,241,213.27
45.8,301.8,158.87,356.2
99.133,350.87,203.67,469.27
290.07,148.2,340.2,193
242.07,18.067,291.13,113
122.6,114.07,167.4,172.73
244.2,324.2,300.73,431.93
116.2,436.2,170.6,497
243.13,324.2,323.13,440.47
86.333,83.133,183.4,210.07
121.53,415.93,186.6,510.87
31.933,89.533,167.4,172.73
69.267,221.8,136.47,290.07
18.067,84.2,101.27,181.27
77.8,1,155.67,84.2
204.73,191.93,342.33,354.07
260.2,1,314.6,91.667
167.4,249.53,216.47,363.67
116.2,235.67,189.8,282.6
295.4,52.2,342.33,99.133
246.33,401,302.87,511.93
270.87,302.87,313.53,347.67
19.133,10.6,79.933,74.6
65,17,137.53,135.4
177,94.867,290.07,222.87
254.87,417,298.6,503.4
254.87,285.8,305,347.67
50.067,333.8,117.27,375.4
217.53,175.93,317.8,246.33
270.87,283.67,314.6,347.67
296.47,440.47,342.33,488.47
1,303.93,94.867,350.87
182.33,225,260.2,275.13
1,303.93,133.27,380.73
121.53,23.4,169.53,198.33
225,351.93,279.4,437.27
233.53,401,279.4,511.93
89.533,317.8,177,468.2
8.4667,411.67,81,463.93
12.733,386.07,103.4,492.73
130.07,418.07,185.53,500.2
298.6,447.93,342.33,511.93
9.5333,45.8,54.333,150.33
190.87,218.6,235.67,263.4
175.93,110.87,217.53,169.53
249.53,194.07,312.47,249.53
279.4,148.2,342.33,218.6
258.07,191.93,342.33,261.27
141.8,83.133,183.4,161
187.67,299.67,242.07,361.53
1,367.93,42.6,429.8
82.067,158.87,163.13,211.13
142.87,220.73,195.13,279.4
1,13.8,83.133,111.93
270.87,334.87,324.2,396.73
241,389.27,302.87,445.8
273,1,324.2,78.867
185.53,353,245.27,511.93
52.2,396.73,99.133,486.33
237.8,382.87,342.33,483.13
1,285.8,94.867,350.87
99.133,405.27,143.93,468.2
7.4,426.6,74.6,491.67
233.53,382.87,285.8,433
92.733,168.47,187.67,238.87
186.6,157.8,242.07,205.8
245.27,145,301.8,246.33
188.73,232.47,259.13,302.87
5.2667,426.6,74.6,495.93
234.6,284.73,279.4,380.73
219.67,393.53,266.6,482.07
155.67,1,251.67,140.73
24.467,121.53,109.8,190.87
147.13,85.267,191.93,126.87
132.2,115.13,189.8,187.67
149.27,379.67,202.6,421.27
68.2,230.33,108.73,277.27
137.53,14.867,184.47,107.67
237.8,285.8,284.73,374.33
1,329.53,138.6,454.33
204.73,116.2,273,195.13
150.33,55.4,198.33,106.6
167.4,266.6,220.73,333.8
24.467,121.53,86.333,164.2
225,290.07,280.47,410.6
85.267,114.07,167.4,187.67
74.6,45.8,165.27,143.93
170.6,120.47,245.27,209
38.333,333.8,117.27,382.87
116.2,393.53,166.33,474.6
66.067,212.2,171.67,283.67
276.2,257,342.33,309.27
76.733,239.93,150.33,296.47
40.467,229.27,117.27,295.4
220.73,124.73,308.2,246.33
12.733,426.6,74.6,479.93
212.2,239.93,284.73,305
77.8,1,139.67,57.533
262.33,308.2,335.93,482.07
172.73,300.73,229.27,381.8
254.87,285.8,342.33,436.2
1,223.93,85.267,294.33
145,55.4,199.4,135.4
204.73,225,315.67,354.07
156.73,1,228.2,123.67
63.933,71.4,148.2,179.13
284.73,129,335.93,182.33
234.6,212.2,342.33,310.33
68.2,228.2,118.33,289
234.6,269.8,280.47,361.53
138.6,453.27,183.4,500.2
1,367.93,51.133,435.13
1,372.2,43.667,501.27
239.93,114.07,308.2,193
248.47,263.4,305,347.67
273,18.067,317.8,106.6
24.467,121.53,67.133,174.87
62.867,261.27,169.53,309.27
159.93,36.2,211.13,140.73
233.53,401,279.4,485.27
9.5333,76.733,77.8,165.27
69.267,220.73,133.27,263.4
69.267,233.53,118.33,290.07
1,150.33,97,203.67
1,13.8,103.4,111.93
276.2,173.8,342.33,216.47
297.53,1,342.33,67.133
1,357.27,99.133,486.33
289,212.2,342.33,253.8
124.73,286.87,173.8,331.67
299.67,103.4,342.33,172.73
102.33,52.2,145,111.93
297.53,52.2,342.33,99.133
186.6,132.2,245.27,205.8
36.2,228.2,136.47,294.33
211.13,270.87,315.67,382.87
175.93,97,252.73,213.27
294.33,1,342.33,51.133
99.133,354.07,187.67,468.2
271.93,344.47,342.33,436.2
1,367.93,63.933,495.93
195.13,322.07,268.73,511.93
1,198.33,44.733,273
292.2,164.2,342.33,205.8
1,367.93,57.533,460.73
147.13,10.6,219.67,140.73
52.2,359.4,99.133,410.6
5.2667,455.4,63.933,495.93
76.733,220.73,188.73,277.27
1,223.93,77.8,294.33
188.73,309.27,250.6,494.87
157.8,1,202.6,45.8
110.87,444.73,151.4,494.87
125.8,220.73,188.73,273
110.87,445.8,151.4,511.93
7.4,25.533,103.4,101.27
265.53,116.2,342.33,186.6
107.67,435.13,165.27,511.93
139.67,330.6,184.47,386.07
2.0667,329.53,138.6,454.33
56.467,167.4,165.27,219.67
165.27,100.2,238.87,222.87
282.6,282.6,330.6,340.2
42.6,332.73,107.67,374.33
221.8,212.2,342.33,340.2
297.53,446.87,342.33,492.73
233.53,379.67,275.13,425.53
292.2,164.2,342.33,207.93
204.73,225,261.27,309.27
239.93,113,290.07,191.93
214.33,239.93,258.07,305
195.13,1,251.67,103.4
62.867,1,166.33,84.2
292.2,155.67,342.33,201.53
10.6,7.4,55.4,55.4
268.73,227.13,314.6,280.47
299.67,447.93,342.33,490.6
26.6,375.4,91.667,463.93
86.333,167.4,169.53,210.07
122.6,220.73,188.73,273
79.933,134.33,167.4,202.6
42.6,333.8,117.27,382.87
156.73,1,219.67,43.667
170.6,120.47,242.07,209
94.867,344.47,139.67,446.87
172.73,29.8,228.2,123.67
99.133,202.6,183.4,244.2
188.73,403.13,231.4,494.87
297.53,1,342.33,45.8
158.87,300.73,229.27,409.53
25.533,375.4,91.667,475.67
220.73,168.47,264.47,235.67
219.67,422.33,266.6,482.07
269.8,143.93,311.4,188.73
245.27,129,335.93,246.33
220.73,184.47,264.47,229.27
1,333.8,146.07,511.93
225,11.667,268.73,83.133
221.8,212.2,342.33,310.33
245.27,141.8,301.8,246.33
1,367.93,51.133,424.47
102.33,266.6,183.4,307.13
69.267,217.53,133.27,263.4
123.67,49,169.53,140.73
245.27,77.8,342.33,246.33
204.73,225,313.53,354.07
207.93,1,252.73,95.933
279.4,162.07,342.33,207.93
204.73,125.8,252.73,195.13
100.2,167.4,162.07,214.33
162.07,357.27,202.6,483.13
1,356.2,97,414.87
1,180.2,141.8,230.33
279.4,162.07,342.33,209
28.733,87.4,84.2,150.33
122.6,152.47,167.4,202.6
97,284.73,175.93,331.67
253.8,346.6,307.13,406.33
157.8,401,199.4,497
1,367.93,90.6,495.93
1,108.73,99.133,183.4
31.933,198.33,101.27,241
146.07,459.67,186.6,510.87
217.53,183.4,266.6,229.27
97,275.13,175.93,331.67
284.73,397.8,335.93,482.07
86.333,371.13,134.33,418.07
152.47,380.73,201.53,424.47
89.533,344.47,139.67,446.87
91.667,52.2,145,134.33
69.267,200.47,133.27,263.4
204.73,382.87,251.67,471.4
219.67,422.33,266.6,490.6
2.0667,374.33,75.667,437.27
94.867,142.87,145,184.47
270.87,139.67,333.8,186.6
43.667,200.47,133.27,266.6
262.33,354.07,310.33,417
1,198.33,118.33,294.33
268.73,212.2,342.33,290.07
167.4,266.6,210.07,363.67
236.73,283.67,278.33,371.13
9.5333,76.733,77.8,164.2
76.733,261.27,169.53,305
178.07,29.8,222.87,103.4
9.5333,68.2,93.8,165.27
279.4,284.73,342.33,409.53
273,1,324.2,71.4
1,223.93,65,292.2
276.2,170.6,342.33,216.47
149.27,380.73,202.6,421.27
91.667,52.2,145,154.6
115.13,436.2,170.6,511.93
94.867,142.87,187.67,238.87
37.267,87.4,78.867,136.47
205.8,263.4,305,380.73
260.2,21.267,319.93,106.6
2.0667,374.33,75.667,426.6
204.73,225,261.27,338.07
275.13,280.47,330.6,337
22.333,27.667,77.8,78.867
10.6,1,133.27,56.467
130.07,220.73,188.73,273
275.13,280.47,334.87,353
1,198.33,46.867,271.93
7.4,25.533,81,102.33
42.6,334.87,104.47,375.4
166.33,99.133,217.53,209
206.87,183.4,342.33,353
193,23.4,251.67,140.73
198.33,353,245.27,511.93
279.4,284.73,342.33,389.27
99.133,354.07,163.13,468.2
153.53,10.6,211.13,126.87
156.73,1,252.73,43.667
62.867,1,115.13,42.6
1,57.533,47.933,99.133
255.93,175.93,298.6,246.33
294.33,281.53,342.33,323.13
239.93,114.07,300.73,193
298.6,314.6,342.33,389.27
233.53,375.4,298.6,434.07
220.73,184.47,264.47,235.67
262.33,344.47,310.33,417
153.53,10.6,219.67,140.73
1,355.13,100.2,417
117.27,436.2,170.6,497
135.4,72.467,177,124.73
206.87,226.07,342.33,353
198.33,420.2,268.73,511.93
178.07,29.8,223.93,103.4
9.5333,68.2,81,165.27
1,29.8,53.267,99.133
262.33,354.07,307.13,406.33
39.4,377.53,91.667,463.93
257,285.8,315.67,355.13
200.47,357.27,250.6,467.13
36.2,374.33,93.8,431.93
1,25.533,81,111.93
62.867,275.13,175.93,331.67
31.933,124.73,101.27,168.47
56.467,167.4,162.07,219.67
117.27,445.8,161,497
137.53,24.467,190.87,74.6
100.2,22.333,159.93,84.2
86.333,167.4,162.07,219.67
195.13,322.07,238.87,447.93
292.2,148.2,340.2,198.33
28.733,87.4,78.867,146.07
1,374.33,99.133,511.93
81,89.533,129,146.07
167.4,266.6,220.73,340.2
124.73,1,166.33,43.667
97,284.73,173.8,331.67
52.2,394.6,102.33,474.6
93.8,261.27,169.53,305
134.33,197.27,187.67,238.87
236.73,33,286.87,121.53
275.13,262.33,342.33,353
72.467,70.333,124.73,134.33
7.4,50.067,53.267,111.93
137.53,24.467,190.87,93.8
212.2,239.93,258.07,302.87
204.73,58.6,246.33,103.4
10.6,223.93,65,273
71.4,246.33,118.33,289
137.53,24.467,181.27,93.8
166.33,110.87,217.53,209
37.267,70.333,105.53,159.93
37.267,52.2,105.53,177
201.53,1,246.33,46.867
298.6,343.4,342.33,389.27
18.067,52.2,105.53,182.33
212.2,226.07,314.6,305
24.467,394.6,102.33,481
257,285.8,305,347.67
270.87,283.67,313.53,347.67
159.93,85.267,201.53,140.73
62.867,1,133.27,42.6
8.4667,411.67,81,476.73
31.933,108.73,101.27,168.47
92.733,168.47,162.07,210.07
297.53,440.47,342.33,488.47
195.13,322.07,246.33,453.27
101.27,52.2,145,117.27
40.467,247.4,91.667,295.4
1,198.33,44.733,242.07
99.133,412.73,140.73,468.2
268.73,270.87,315.67,337
1,367.93,99.133,495.93
179.13,29.8,222.87,103.4
263.4,310.33,313.53,354.07
68.2,230.33,118.33,289
10.6,223.93,91.667,295.4
1,198.33,75.667,294.33
239.93,124.73,290.07,193
39.4,396.73,91.667,463.93
