1,1,271.93,445.8
1,1,383.93,511.93
1,287.93,343.4,511.93
1,441.53,122.6,511.93
286.87,427.67,372.2,511.93
322.07,116.2,383.93,511.93
1,422.33,202.6,511.93
174.87,88.467,383.93,511.93
1,174.87,372.2,511.93
1,340.2,197.27,511.93
1,361.53,318.87,511.93
1,68.2,383.93,511.93
1,1,383.93,289
1,205.8,210.07,511.93
1,1,383.93,445.8
158.87,1,383.93,511.93
1,411.67,281.53,511.93
65,392.47,168.47,511.93
51.133,114.07,93.8,154.6
323.13,312.47,383.93,492.73
323.13,312.47,383.93,511.93
1,117.27,383.93,511.93
1,219.67,102.33,356.2
175.93,88.467,383.93,370.07
1,79.933,145,450.07
189.8,1,357.27,63.933
1,205.8,107.67,359.4
1,1,383.93,169.53
129,1,383.93,213.27
249.53,1,383.93,511.93
1,62.867,244.2,284.73
177,1,334.87,65
1,1,383.93,284.73
53.267,1,383.93,184.47
39.4,1,132.2,63.933
1,329.53,270.87,511.93
89.533,180.2,218.6,327.4
159.93,1,383.93,392.47
222.87,116.2,383.93,485.27
339.13,338.07,383.93,485.27
323.13,310.33,383.93,453.27
129,47.933,174.87,108.73
182.33,41.533,313.53,190.87
280.47,88.467,354.07,148.2
1,180.2,226.07,465
81,58.6,253.8,339.13
322.07,154.6,383.93,511.93
326.33,348.73,380.73,494.87
1,87.4,106.6,257
189.8,1,373.27,63.933
280.47,332.73,383.93,511.93
1,1,196.2,236.73
332.73,1,383.93,114.07
137.53,1,357.27,87.4
1,104.47,104.47,229.27
1,299.67,343.4,511.93
1,116.2,383.93,511.93
179.13,322.07,383.93,511.93
1,1,383.93,167.4
1,180.2,281.53,511.93
1,301.8,95.933,501.27
116.2,172.73,225,264.47
1,345.53,72.467,445.8
141.8,201.53,235.67,338.07
1,301.8,270.87,511.93
325.27,117.27,383.93,328.47
286.87,117.27,383.93,511.93
76.733,85.267,271.93,399.93
1,1,383.93,370.07
1,173.8,355.13,511.93
175.93,74.6,383.93,511.93
139.67,21.267,193,85.267
138.6,341.27,182.33,389.27
114.07,341.27,188.73,471.4
200.47,116.2,383.93,392.47
1,88.467,383.93,511.93
1,1,383.93,406.33
249.53,1,383.93,264.47
129,52.2,184.47,113
103.4,341.27,188.73,471.4
1,205.8,107.67,501.27
178.07,28.733,225,74.6
1,321,79.933,445.8
102.33,404.2,318.87,511.93
72.467,1,142.87,76.733
222.87,153.53,360.47,409.53
294.33,433,337,476.73
222.87,116.2,383.93,453.27
251.67,332.73,353,511.93
334.87,424.47,375.4,487.4
1,291.13,295.4,511.93
1,291.13,226.07,465
323.13,116.2,383.93,511.93
1,73.533,106.6,257
85.267,173.8,355.13,511.93
1,1,131.13,115.13
1,301.8,214.33,511.93
1,322.07,383.93,511.93
1,1,225,511.93
1,79.933,104.47,229.27
85.267,142.87,316.73,370.07
227.13,261.27,307.13,326.33
1,44.733,231.4,257
1,437.27,89.533,511.93
230.33,1,383.93,184.47
1,1,196.2,139.67
1,74.6,383.93,511.93
1,340.2,168.47,511.93
1,79.933,137.53,257
326.33,348.73,374.33,406.33
81,293.27,210.07,359.4
158.87,407.4,283.67,511.93
177,1,335.93,58.6
247.4,1,383.93,213.27
111.93,447.93,238.87,507.67
85.267,173.8,225,331.67
53.267,1,193,139.67
121.53,241,218.6,327.4
18.067,420.2,82.067,476.73
78.867,340.2,131.13,389.27
1,1,373.27,173.8
158.87,451.13,253.8,507.67
249.53,180.2,327.4,298.6
115.13,262.33,355.13,511.93
1,1,324.2,173.8
129,1,357.27,88.467
39.4,1,86.333,46.867
124.73,84.2,196.2,168.47
179.13,250.6,332.73,476.73
287.93,354.07,383.93,511.93
322.07,299.67,383.93,511.93
1,79.933,130.07,359.4
173.8,1,383.93,169.53
24.467,83.133,101.27,179.13
21.267,379.67,76.733,455.4
1,79.933,316.73,370.07
121.53,1,343.4,123.67
1,58.6,343.4,511.93
1,1,225,327.4
1,1,373.27,511.93
110.87,85.267,196.2,187.67
93.8,58.6,253.8,264.47
67.133,12.733,196.2,173.8
322.07,281.53,383.93,511.93
217.53,246.33,284.73,331.67
141.8,406.33,221.8,465
1,205.8,131.13,450.07
223.93,1,334.87,65
280.47,88.467,361.53,180.2
226.07,188.73,322.07,290.07
222.87,188.73,322.07,409.53
88.467,180.2,197.27,268.73
1,309.27,72.467,445.8
83.133,85.267,271.93,211.13
1,73.533,231.4,257
339.13,40.467,383.93,82.067
175.93,88.467,383.93,356.2
323.13,116.2,383.93,492.73
1,466.07,77.8,511.93
1,329.53,214.33,511.93
323.13,190.87,383.93,511.93
81,180.2,218.6,331.67
200.47,161,244.2,340.2
184.47,1,363.67,63.933
53.267,1,343.4,139.67
108.73,180.2,218.6,327.4
26.6,1,79.933,47.933
323.13,325.27,383.93,511.93
315.67,191.93,360.47,333.8
110.87,62.867,244.2,284.73
197.27,460.73,270.87,507.67
1,185.53,71.4,241
1,426.6,149.27,511.93
1,211.13,355.13,511.93
195.13,72.467,328.47,383.93
158.87,327.4,372.2,511.93
114.07,341.27,184.47,415.93
86.333,172.73,225,300.73
325.27,116.2,383.93,328.47
177,250.6,354.07,511.93
175.93,74.6,383.93,370.07
1,321,89.533,511.93
76.733,291.13,188.73,465
1,411.67,273,511.93
233.53,74.6,280.47,119.4
1,426.6,122.6,511.93
309.27,422.33,372.2,511.93
158.87,190.87,383.93,511.93
1,1,185.53,115.13
173.8,28.733,343.4,123.67
1,79.933,146.07,406.33
111.93,150.33,225,252.73
264.47,153.53,342.33,223.93
60.733,428.73,295.4,511.93
182.33,41.533,236.73,107.67
113,85.267,207.93,187.67
17,426.6,76.733,469.27
230.33,101.27,361.53,184.47
200.47,161,325.27,383.93
47.933,126.87,89.533,179.13
86.333,172.73,235.67,338.07
113,58.6,253.8,264.47
182.33,41.533,313.53,198.33
76.733,291.13,175.93,386.07
115.13,211.13,355.13,511.93
1,180.2,225,356.2
210.07,182.33,316.73,370.07
1,79.933,130.07,406.33
1,1,104.47,445.8
164.2,88.467,271.93,211.13
100.2,315.67,226.07,465
167.4,420.2,225,473.53
17,301.8,81,406.33
200.47,88.467,382.87,333.8
230.33,101.27,319.93,184.47
200.47,88.467,335.93,327.4
1,420.2,122.6,511.93
1,79.933,140.73,450.07
309.27,122.6,361.53,180.2
292.2,1,383.93,93.8
323.13,193,383.93,511.93
92.733,377.53,184.47,465
85.267,173.8,225,339.13
60.733,439.4,238.87,511.93
271.93,265.53,316.73,326.33
76.733,172.73,235.67,399.93
280.47,332.73,353,498.07
159.93,1,318.87,95.933
74.6,287.93,210.07,471.4
318.87,1,383.93,93.8
1,126.87,104.47,257
200.47,161,244.2,293.27
1,1,196.2,173.8
1,89.533,150.33,236.73
159.93,1,357.27,87.4
76.733,291.13,182.33,389.27
1,441.53,89.533,511.93
1,321,122.6,511.93
183.4,63.933,313.53,190.87
1,422.33,189.8,511.93
90.6,180.2,218.6,331.67
129,44.733,188.73,88.467
258.07,55.4,383.93,167.4
47.933,141.8,88.467,186.6
325.27,116.2,383.93,319.93
121.53,1,333.8,66.067
1,58.6,328.47,450.07
200.47,161,257,333.8
1,341.27,253.8,511.93
175.93,68.2,383.93,511.93
195.13,428.73,295.4,491.67
289,156.73,342.33,223.93
249.53,116.2,383.93,319.93
177,1,383.93,98.067
235.67,250.6,328.47,370.07
85.267,142.87,225,339.13
159.93,1,383.93,199.4
1,327.4,79.933,445.8
25.533,301.8,81,375.4
236.73,312.47,313.53,370.07
322.07,117.27,383.93,511.93
189.8,1,363.67,63.933
1,420.2,89.533,511.93
6.3333,30.867,62.867,98.067
329.53,116.2,383.93,312.47
292.2,88.467,361.53,180.2
233.53,63.933,280.47,113
1,1,104.47,257
18.067,420.2,122.6,486.33
269.8,265.53,317.8,327.4
131.13,21.267,185.53,84.2
1,1,383.93,257
9.5333,3.1333,65,58.6
275.13,265.53,316.73,308.2
175.93,68.2,383.93,370.07
40.467,109.8,150.33,214.33
174.87,250.6,354.07,511.93
342.33,310.33,383.93,374.33
76.733,291.13,228.2,399.93
258.07,1,383.93,213.27
339.13,338.07,383.93,389.27
290.07,191.93,360.47,333.8
70.333,376.47,188.73,490.6
252.73,101.27,354.07,169.53
62.867,455.4,193,511.93
114.07,363.67,184.47,415.93
233.53,1,383.93,213.27
292.2,1,383.93,98.067
17,359.4,69.267,406.33
1,361.53,188.73,511.93
76.733,291.13,123.67,356.2
1,209,169.53,356.2
164.2,155.67,271.93,211.13
85.267,173.8,316.73,370.07
89.533,150.33,225,327.4
27.667,315.67,81,371.13
249.53,93.8,309.27,138.6
88.467,172.73,225,268.73
236.73,255.93,313.53,367.93
77.8,311.4,124.73,356.2
74.6,287.93,210.07,386.07
290.07,116.2,382.87,333.8
76.733,291.13,169.53,359.4
116.2,155.67,244.2,284.73
286.87,281.53,383.93,511.93
249.53,1,383.93,392.47
175.93,209,316.73,370.07
1,287.93,210.07,511.93
104.47,315.67,199.4,404.2
237.8,332.73,372.2,511.93
301.8,266.6,359.4,356.2
1,79.933,137.53,273
323.13,116.2,383.93,453.27
1,219.67,102.33,445.8
133.27,341.27,188.73,447.93
76.733,291.13,161,383.93
268.73,29.8,361.53,113
219.67,46.867,276.2,113
328.47,221.8,383.93,342.33
1,361.53,113,511.93
92.733,341.27,188.73,465
200.47,161,244.2,207.93
287.93,116.2,383.93,511.93
81,58.6,328.47,383.93
182.33,1,383.93,213.27
220.73,418.07,308.2,476.73
1,40.467,82.067,100.2
184.47,1,373.27,63.933
1,434.07,273,511.93
1,321,295.4,511.93
89.533,85.267,207.93,196.2
92.733,376.47,184.47,465
323.13,312.47,383.93,497
1,83.133,104.47,257
182.33,41.533,258.07,179.13
322.07,1,383.93,93.8
264.47,153.53,360.47,356.2
294.33,33,350.87,87.4
179.13,250.6,354.07,511.93
309.27,422.33,353,506.6
1,126.87,65,220.73
164.2,58.6,258.07,199.4
81,58.6,253.8,331.67
173.8,28.733,383.93,169.53
89.533,44.733,231.4,255.93
62.867,428.73,295.4,511.93
339.13,116.2,383.93,389.27
1,381.8,168.47,511.93
217.53,209,316.73,331.67
145,1,335.93,63.933
1,291.13,188.73,511.93
301.8,191.93,360.47,356.2
159.93,404.2,234.6,498.07
1,89.533,41.533,168.47
179.13,322.07,326.33,459.67
332.73,2.0667,383.93,114.07
159.93,404.2,318.87,511.93
309.27,116.2,383.93,511.93
1,434.07,90.6,511.93
60.733,428.73,271.93,511.93
97,308.2,193,404.2
69.267,456.47,202.6,511.93
177,1,335.93,63.933
15.933,298.6,81,388.2
104.47,315.67,199.4,385
301.8,122.6,361.53,215.4
328.47,415.93,383.93,511.93
1,441.53,69.267,511.93
251.67,332.73,354.07,511.93
203.67,460.73,318.87,511.93
121.53,1,246.33,51.133
88.467,376.47,184.47,465
1,346.6,72.467,429.8
227.13,263.4,307.13,326.33
260.2,20.2,307.13,78.867
24.467,40.467,82.067,92.733
306.07,150.33,347.67,215.4
1,321,103.4,511.93
303.93,101.27,354.07,146.07
203.67,418.07,318.87,511.93
178.07,91.667,243.13,166.33
21.267,411.67,88.467,491.67
131.13,29.8,185.53,84.2
309.27,427.67,372.2,511.93
141.8,393.53,188.73,447.93
195.13,72.467,285.8,190.87
211.13,246.33,284.73,331.67
1,422.33,122.6,511.93
77.8,311.4,123.67,360.47
27.667,426.6,83.133,476.73
177,322.07,228.2,399.93
110.87,84.2,196.2,187.67
182.33,40.467,313.53,198.33
1,346.6,72.467,445.8
86.333,217.53,152.47,300.73
129,47.933,171.67,88.467
337,116.2,383.93,237.8
164.2,156.73,229.27,199.4
1,1,193,139.67
76.733,291.13,124.73,359.4
1,329.53,73.533,445.8
89.533,85.267,231.4,207.93
25.533,301.8,69.267,360.47
283.67,101.27,354.07,146.07
133.27,315.67,228.2,399.93
83.133,95.933,137.53,211.13
104.47,308.2,161,383.93
159.93,455.4,245.27,498.07
17,301.8,79.933,418.07
69.267,456.47,189.8,511.93
287.93,415.93,383.93,511.93
1,89.533,41.533,163.13
305,427.67,372.2,511.93
47.933,109.8,150.33,194.07
187.67,407.4,241,463.93
70.333,437.27,273,511.93
259.13,59.667,343.4,113
77.8,311.4,124.73,359.4
210.07,207.93,316.73,370.07
222.87,126.87,280.47,371.13
211.13,246.33,284.73,350.87
61.8,95.933,134.33,211.13
1,1,92.733,100.2
257,422.33,372.2,511.93
233.53,55.4,383.93,167.4
233.53,63.933,309.27,138.6
74.6,319.93,123.67,369
249.53,116.2,357.27,307.13
329.53,116.2,383.93,242.07
65,437.27,168.47,511.93
77.8,95.933,134.33,165.27
118.33,110.87,158.87,153.53
83.133,85.267,196.2,211.13
236.73,255.93,317.8,383.93
145,1,383.93,98.067
55.4,340.2,165.27,459.67
1,82.067,106.6,257
100.2,396.73,167.4,451.13
17,422.33,83.133,476.73
173.8,65,238.87,166.33
72.467,1,193,108.73
200.47,126.87,332.73,392.47
15.933,330.6,71.4,388.2
200.47,161,244.2,333.8
227.13,255.93,316.73,331.67
1,79.933,120.47,234.6
1,437.27,168.47,511.93
72.467,1,132.2,63.933
225,1,383.93,167.4
1,1,92.733,82.067
30.867,334.87,81,375.4
1,79.933,140.73,300.73
330.6,2.0667,383.93,133.27
324.2,15.933,366.87,60.733
153.53,167.4,231.4,230.33
223.93,1,333.8,66.067
17,298.6,69.267,363.67
1,329.53,214.33,501.27
1,298.6,81,445.8
158.87,327.4,298.6,511.93
104.47,308.2,182.33,389.27
1,434.07,113,511.93
303.93,139.67,356.2,213.27
133.27,341.27,188.73,471.4
116.2,155.67,244.2,264.47
249.53,60.733,383.93,167.4
167.4,407.4,241,473.53
294.33,1,383.93,133.27
1,185.53,72.467,241
174.87,327.4,298.6,470.33
183.4,71.4,258.07,179.13
141.8,243.13,225,333.8
206.87,414.87,274.07,476.73
31.933,439.4,90.6,491.67
173.8,28.733,276.2,113
174.87,88.467,382.87,511.93
9.5333,1,79.933,58.6
175.93,209,316.73,347.67
1,83.133,101.27,179.13
57.533,1,318.87,94.867
1,434.07,166.33,511.93
57.533,1,324.2,94.867
271.93,116.2,335.93,264.47
70.333,455.4,136.47,511.93
251.67,424.47,318.87,511.93
309.27,123.67,357.27,213.27
222.87,309.27,313.53,409.53
330.6,58.6,383.93,114.07
57.533,1,174.87,77.8
222.87,188.73,322.07,327.4
337,134.33,383.93,237.8
222.87,250.6,317.8,327.4
88.467,376.47,188.73,465
1,79.933,134.33,257
70.333,455.4,193,511.93
271.93,265.53,316.73,370.07
249.53,81,311.4,123.67
89.533,44.733,207.93,196.2
25.533,193,71.4,241
233.53,367.93,298.6,461.8
1,337,113,450.07
17,298.6,81,371.13
1,193,63.933,234.6
113,85.267,196.2,187.67
92.733,377.53,188.73,465
97,335.93,171.67,386.07
318.87,20.2,383.93,93.8
77.8,311.4,123.67,356.2
227.13,243.13,316.73,370.07
24.467,83.133,101.27,136.47
334.87,2.0667,383.93,114.07
111.93,447.93,238.87,511.93
37.267,1,81,46.867
133.27,341.27,188.73,462.87
211.13,209,316.73,331.67
24.467,379.67,75.667,433
1,89.533,41.533,213.27
24.467,411.67,95.933,501.27
173.8,28.733,237.8,78.867
175.93,246.33,316.73,370.07
86.333,217.53,138.6,273
175.93,246.33,284.73,350.87
264.47,153.53,342.33,277.27
24.467,443.67,82.067,491.67
1,1,92.733,98.067
183.4,71.4,313.53,190.87
165.27,404.2,234.6,461.8
153.53,167.4,231.4,255.93
21.267,361.53,113,455.4
62.867,447.93,238.87,511.93
225,153.53,335.93,327.4
186.6,466.07,271.93,511.93
1,301.8,79.933,445.8
60.733,439.4,122.6,486.33
76.733,291.13,123.67,360.47
1,1,82.067,98.067
91.667,142.87,146.07,211.13
178.07,88.467,257,172.73
133.27,315.67,199.4,385
117.27,236.73,218.6,327.4
87.4,299.67,343.4,511.93
246.33,424.47,308.2,470.33
230.33,137.53,281.53,184.47
1,1,119.4,115.13
104.47,315.67,226.07,404.2
18.067,301.8,79.933,375.4
70.333,437.27,168.47,490.6
217.53,209,307.13,331.67
76.733,291.13,127.93,359.4
294.33,1,383.93,87.4
24.467,70.333,119.4,115.13
189.8,1,369,63.933
164.2,167.4,231.4,207.93
158.87,453.27,213.27,501.27
1,341.27,188.73,511.93
287.93,439.4,372.2,511.93
1,185.53,63.933,234.6
222.87,126.87,332.73,392.47
233.53,1,383.93,167.4
294.33,22.333,366.87,87.4
188.73,404.2,234.6,460.73
147.13,414.87,188.73,462.87
264.47,153.53,306.07,209
164.2,168.47,219.67,210.07
236.73,255.93,332.73,392.47
271.93,116.2,357.27,230.33
260.2,20.2,311.4,66.067
162.07,209,225,252.73
325.27,116.2,382.87,262.33
88.467,396.73,167.4,451.13
17,298.6,79.933,371.13
191.93,332.73,343.4,511.93
1,1,79.933,82.067
257,468.2,372.2,511.93
326.33,337,383.93,509.8
89.533,142.87,146.07,196.2
236.73,230.33,332.73,392.47
281.53,116.2,382.87,392.47
17,422.33,76.733,469.27
100.2,392.47,163.13,459.67
307.13,1,383.93,93.8
159.93,1,318.87,199.4
307.13,1,383.93,82.067
65,455.4,113,511.93
1,327.4,132.2,455.4
78.867,340.2,131.13,393.53
60.733,434.07,122.6,486.33
315.67,220.73,360.47,321
329.53,116.2,382.87,242.07
72.467,1,122.6,60.733
31.933,439.4,113,511.93
225,178.07,269.8,267.67
159.93,451.13,213.27,498.07
303.93,101.27,354.07,148.2
89.533,142.87,142.87,196.2
227.13,263.4,271.93,313.53
134.33,408.47,188.73,471.4
223.93,1,333.8,49
76.733,291.13,124.73,356.2
9.5333,1,92.733,58.6
330.6,58.6,376.47,100.2
227.13,255.93,316.73,370.07
1,126.87,71.4,241
222.87,309.27,271.93,409.53
90.6,180.2,218.6,327.4
301.8,116.2,382.87,242.07
89.533,180.2,168.47,300.73
294.33,433,350.87,501.27
17,366.87,72.467,422.33
227.13,255.93,313.53,331.67
1,30.867,62.867,98.067
1,205.8,107.67,429.8
226.07,1,317.8,63.933
179.13,322.07,326.33,476.73
177,1,246.33,51.133
141.8,238.87,218.6,326.33
93.8,381.8,165.27,459.67
74.6,319.93,171.67,386.07
248.47,20.2,311.4,78.867
200.47,88.467,285.8,184.47
222.87,116.2,313.53,190.87
257,322.07,315.67,383.93
36.2,426.6,82.067,476.73
77.8,109.8,150.33,194.07
21.267,411.67,88.467,460.73
47.933,116.2,93.8,186.6
91.667,142.87,146.07,214.33
303.93,101.27,361.53,180.2
129,52.2,174.87,113
191.93,460.73,283.67,511.93
323.13,308.2,383.93,511.93
164.2,58.6,238.87,199.4
17,301.8,81,418.07
31.933,450.07,82.067,491.67
110.87,110.87,175.93,187.67
225,67.133,280.47,113
89.533,229.27,133.27,300.73
40.467,109.8,150.33,194.07
88.467,376.47,188.73,451.13
12.733,1,86.333,61.8
103.4,376.47,188.73,447.93
129,21.267,193,108.73
249.53,59.667,343.4,123.67
322.07,1,383.93,98.067
217.53,209,284.73,331.67
70.333,431.93,175.93,490.6
1,315.67,226.07,465
1,1,86.333,98.067
55.4,361.53,165.27,459.67
230.33,125.8,281.53,184.47
93.8,116.2,175.93,187.67
258.07,55.4,383.93,213.27
1,381.8,46.867,445.8
247.4,195.13,287.93,254.87
257,60.733,383.93,167.4
83.133,95.933,134.33,165.27
24.467,443.67,89.533,491.67
113,173.8,225,252.73
1,101.27,41.533,168.47
17,359.4,69.267,418.07
91.667,139.67,137.53,211.13
1,70.333,119.4,115.13
1,1,382.87,289
339.13,2.0667,383.93,82.067
110.87,62.867,196.2,187.67
141.8,243.13,218.6,326.33
294.33,439.4,350.87,501.27
227.13,255.93,314.6,370.07
249.53,155.67,327.4,298.6
195.13,428.73,271.93,491.67
233.53,84.2,309.27,138.6
159.93,455.4,245.27,507.67
26.6,1,92.733,47.933
36.2,420.2,82.067,476.73
219.67,46.867,276.2,100.2
173.8,28.733,237.8,99.133
90.6,200.47,152.47,268.73
175.93,301.8,223.93,347.67
235.67,250.6,277.27,303.93
287.93,458.6,372.2,511.93
73.533,27.667,131.13,76.733
195.13,72.467,325.27,383.93
236.73,255.93,317.8,370.07
318.87,1,383.93,114.07
303.93,123.67,356.2,213.27
219.67,40.467,318.87,85.267
18.067,343.4,71.4,388.2
28.733,193,72.467,241
222.87,250.6,277.27,313.53
138.6,341.27,183.4,407.4
294.33,1,357.27,63.933
233.53,396.73,298.6,441.53
186.6,466.07,273,511.93
1,89.533,104.47,236.73
283.67,101.27,361.53,171.67
222.87,178.07,269.8,371.13
57.533,10.6,122.6,77.8
77.8,95.933,134.33,211.13
153.53,243.13,218.6,326.33
129,49,174.87,113
50.067,109.8,120.47,214.33
87.4,299.67,193,404.2
24.467,411.67,76.733,457.53
39.4,1,79.933,47.933
165.27,406.33,221.8,461.8
195.13,102.33,258.07,172.73
248.47,20.2,307.13,78.867
17,301.8,123.67,422.33
73.533,95.933,134.33,211.13
158.87,460.73,253.8,507.67
159.93,1,235.67,95.933
308.2,122.6,361.53,171.67
179.13,209,225,252.73
235.67,250.6,332.73,370.07
225,60.733,383.93,167.4
182.33,49,227.13,107.67
141.8,238.87,203.67,310.33
158.87,418.07,241,501.27
133.27,350.87,188.73,447.93
200.47,88.467,281.53,184.47
55.4,340.2,131.13,450.07
257,312.47,317.8,383.93
173.8,41.533,322.07,145
70.333,455.4,166.33,511.93
1,209,102.33,356.2
318.87,39.4,383.93,93.8
81,293.27,193,359.4
173.8,29.8,361.53,145
249.53,155.67,327.4,307.13
89.533,200.47,152.47,300.73
1,129,41.533,213.27
182.33,325.27,228.2,366.87
87.4,299.67,273,473.53
174.87,327.4,273,470.33
225,178.07,325.27,289
328.47,154.6,383.93,332.73
235.67,250.6,313.53,367.93
108.73,180.2,202.6,248.47
189.8,1,317.8,63.933
45.8,114.07,93.8,168.47
7.4,189.8,73.533,236.73
220.73,418.07,274.07,476.73
95.933,1,142.87,54.333
79.933,341.27,175.93,386.07
141.8,264.47,184.47,310.33
72.467,1,131.13,76.733
305,1,383.93,114.07
24.467,83.133,88.467,136.47
95.933,1,193,85.267
1,101.27,41.533,145
1,89.533,73.533,236.73
167.4,420.2,225,461.8
57.533,10.6,131.13,77.8
167.4,418.07,241,463.93
332.73,154.6,383.93,328.47
164.2,155.67,244.2,210.07
233.53,332.73,343.4,497
339.13,1,383.93,82.067
27.667,315.67,69.267,363.67
129,47.933,174.87,88.467
37.267,1,79.933,47.933
330.6,58.6,383.93,133.27
296.47,458.6,350.87,501.27
225,153.53,335.93,290.07
222.87,263.4,271.93,313.53
1,70.333,88.467,115.13
104.47,341.27,161,383.93
74.6,293.27,210.07,386.07
318.87,1,383.93,82.067
1,79.933,88.467,158.87
167.4,327.4,273,473.53
94.867,239.93,152.47,300.73
79.933,327.4,132.2,386.07
328.47,193,383.93,342.33
12.733,1,131.13,77.8
225,178.07,269.8,310.33
329.53,417,383.93,511.93
301.8,150.33,347.67,215.4
323.13,325.27,378.6,428.73
1,79.933,134.33,211.13
55.4,361.53,110.87,450.07
173.8,57.533,216.47,99.133
332.73,193,379.67,328.47
238.87,20.2,311.4,66.067
322.07,184.47,383.93,511.93
85.267,209,140.73,300.73
189.8,1,281.53,63.933
133.27,385,183.4,462.87
332.73,40.467,383.93,93.8
89.533,219.67,140.73,300.73
257,468.2,349.8,511.93
269.8,265.53,312.47,326.33
1,79.933,120.47,229.27
164.2,102.33,258.07,199.4
17,301.8,131.13,450.07
334.87,58.6,383.93,114.07
179.13,209,225,264.47
323.13,325.27,369,458.6
225,67.133,322.07,149.27
88.467,180.2,225,333.8
1,89.533,41.533,145
337,154.6,383.93,237.8
77.8,318.87,123.67,359.4
164.2,155.67,244.2,205.8
104.47,341.27,175.93,385
24.467,79.933,88.467,136.47
1,466.07,69.267,511.93
315.67,191.93,360.47,321
191.93,466.07,271.93,511.93
70.333,437.27,175.93,490.6
116.2,298.6,169.53,356.2
230.33,126.87,280.47,185.53
1,124.73,41.533,213.27
225,178.07,325.27,383.93
70.333,437.27,245.27,507.67
195.13,102.33,280.47,185.53
249.53,180.2,325.27,298.6
77.8,109.8,119.4,194.07
13.8,104.47,104.47,229.27
24.467,443.67,95.933,501.27
268.73,1,357.27,63.933
236.73,266.6,328.47,370.07
290.07,214.33,331.67,277.27
113,58.6,244.2,264.47
120.47,308.2,193,359.4
113,58.6,244.2,223.93
268.73,39.4,350.87,113
258.07,180.2,325.27,298.6
195.13,102.33,285.8,190.87
257,462.87,318.87,511.93
88.467,180.2,203.67,300.73
182.33,327.4,228.2,370.07
216.47,20.2,318.87,85.267
77.8,1,185.53,84.2
164.2,65,238.87,199.4
53.267,38.333,171.67,139.67
173.8,29.8,383.93,169.53
133.27,341.27,183.4,429.8
249.53,1,383.93,213.27
310.33,116.2,382.87,392.47
164.2,58.6,244.2,199.4
200.47,161,254.87,333.8
108.73,180.2,168.47,248.47
1,337,113,455.4
20.2,1,78.867,61.8
301.8,157.8,342.33,215.4
177,322.07,228.2,370.07
174.87,327.4,254.87,470.33
252.73,101.27,338.07,169.53
219.67,20.2,318.87,85.267
173.8,57.533,227.13,99.133
31.933,450.07,90.6,491.67
79.933,291.13,169.53,356.2
77.8,109.8,119.4,214.33
158.87,418.07,283.67,511.93
1,56.467,47.933,100.2
225,178.07,325.27,367.93
191.93,468.2,321,511.93
113,173.8,214.33,223.93
23.4,301.8,69.267,360.47
1,381.8,68.2,457.53
1,106.6,41.533,168.47
97,335.93,161,383.93
297.53,1,357.27,42.6
257,322.07,316.73,383.93
249.53,60.733,383.93,213.27
24.467,411.67,89.533,491.67
89.533,27.667,131.13,76.733
189.8,1,250.6,46.867
148.2,314.6,193,359.4
227.13,261.27,317.8,327.4
249.53,81,309.27,123.67
24.467,40.467,82.067,90.6
173.8,61.8,230.33,131.13
191.93,470.33,273,511.93
252.73,101.27,319.93,169.53
100.2,396.73,221.8,465
251.67,433,318.87,511.93
12.733,1,78.867,61.8
323.13,308.2,383.93,428.73
158.87,460.73,213.27,501.27
1,1,62.867,98.067
235.67,367.93,276.2,419.13
200.47,88.467,257,172.73
318.87,15.933,366.87,78.867
57.533,337,113,450.07
36.2,450.07,89.533,491.67
131.13,1,235.67,94.867
225,153.53,335.93,223.93
77.8,109.8,120.47,214.33
133.27,385,183.4,429.8
87.4,308.2,193,404.2
219.67,46.867,277.27,100.2
249.53,81,322.07,145
159.93,455.4,213.27,498.07
191.93,470.33,270.87,511.93
271.93,116.2,335.93,230.33
100.2,381.8,165.27,459.67
88.467,180.2,203.67,276.2
252.73,101.27,383.93,169.53
85.267,26.6,131.13,76.733
18.067,337,113,450.07
149.27,85.267,196.2,168.47
258.07,180.2,325.27,289
235.67,250.6,316.73,315.67
12.733,40.467,82.067,98.067
104.47,219.67,152.47,268.73
17,301.8,79.933,422.33
175.93,155.67,244.2,198.33
173.8,58.6,238.87,166.33
39.4,161,104.47,257
260.2,20.2,307.13,66.067
15.933,189.8,73.533,236.73
131.13,1,318.87,94.867
173.8,71.4,238.87,166.33
275.13,265.53,316.73,315.67
237.8,332.73,343.4,497
138.6,363.67,183.4,407.4
173.8,61.8,217.53,123.67
249.53,93.8,322.07,149.27
225,153.53,293.27,211.13
182.33,325.27,228.2,370.07
78.867,1,193,85.267
233.53,367.93,298.6,441.53
159.93,1,235.67,94.867
199.4,41.533,277.27,100.2
133.27,341.27,183.4,462.87
268.73,72.467,343.4,113
1,441.53,44.733,483.13
124.73,85.267,196.2,168.47
1,353,72.467,429.8
70.333,455.4,113,511.93
226.07,20.2,281.53,63.933
57.533,361.53,113,450.07
42.6,70.333,88.467,114.07
289,156.73,335.93,223.93
79.933,341.27,132.2,386.07
173.8,41.533,277.27,131.13
120.47,308.2,167.4,356.2
42.6,70.333,119.4,115.13
1,126.87,65,214.33
257,468.2,321,511.93
95.933,1,171.67,54.333
97,308.2,193,383.93
334.87,61.8,383.93,114.07
133.27,376.47,188.73,447.93
18.067,329.53,79.933,375.4
