1,1,342.33,511.93
1,1,260.2,511.93
126.87,56.467,177,127.93
1,73.533,247.4,511.93
1,1,90.6,319.93
1,1,258.07,511.93
89.533,1,191.93,141.8
47.933,1,342.33,511.93
52.2,1,342.33,511.93
14.867,1,114.07,242.07
141.8,311.4,198.33,362.6
51.133,1,342.33,511.93
1,337,63.933,511.93
1,271.93,145,479.93
210.07,228.2,259.13,405.27
143.93,227.13,215.4,364.73
103.4,187.67,161,255.93
1,1,111.93,351.93
146.07,242.07,215.4,296.47
177,93.8,246.33,404.2
191.93,93.8,259.13,405.27
1,1,95.933,351.93
65,1,111.93,187.67
1,362.6,47.933,487.4
31.933,1,111.93,246.33
106.6,73.533,247.4,404.2
24.467,143.93,101.27,345.53
138.6,201.53,225,397.8
138.6,210.07,226.07,397.8
138.6,261.27,185.53,363.67
31.933,1,113,239.93
1,1,148.2,511.93
1,1,222.87,319.93
65,1,113,199.4
1,71.4,255.93,511.93
1,188.73,159.93,478.87
106.6,130.07,220.73,401
171.67,1,231.4,65
31.933,1,111.93,239.93
135.4,1,230.33,100.2
210.07,145,259.13,405.27
1,1,259.13,511.93
14.867,1,113,199.4
56.467,343.4,126.87,393.53
1,271.93,148.2,392.47
135.4,1,259.13,100.2
31.933,129,161,287.93
138.6,210.07,205.8,363.67
1,1,161,511.93
106.6,123.67,245.27,401
1,1,99.133,351.93
159.93,1,231.4,65
106.6,198.33,222.87,401
1,369,45.8,481
1,449,47.933,511.93
24.467,110.87,161,345.53
44.733,1,342.33,511.93
30.867,183.4,97,228.2
106.6,250.6,189.8,385
136.47,207.93,210.07,393.53
14.867,1,79.933,143.93
106.6,71.4,255.93,404.2
141.8,328.47,186.6,399.93
14.867,1,259.13,242.07
33,111.93,220.73,401
66.067,351.93,126.87,392.47
49,369,145,479.93
129,130.07,215.4,404.2
88.467,1,215.4,146.07
44.733,145,259.13,511.93
184.47,140.73,260.2,405.27
1,305,118.33,367.93
49,147.13,148.2,238.87
1,1,95.933,350.87
82.067,1,241,237.8
138.6,231.4,207.93,394.6
1,337,63.933,415.93
138.6,231.4,207.93,363.67
1,1,126.87,511.93
106.6,130.07,215.4,404.2
49,147.13,151.4,239.93
1,305,118.33,364.73
120.47,81,223.93,166.33
31.933,190.87,97,239.93
191.93,93.8,247.4,401
1,188.73,159.93,479.93
49,110.87,154.6,239.93
138.6,227.13,215.4,364.73
161,1,260.2,405.27
23.4,374.33,63.933,446.87
79.933,159.93,173.8,271.93
14.867,1,161,345.53
1,271.93,148.2,511.93
1,305,145,479.93
181.27,113,225,184.47
1,355.13,62.867,431.93
129,203.67,215.4,404.2
31.933,173.8,97,228.2
194.07,123.67,245.27,362.6
56.467,330.6,126.87,393.53
72.467,166.33,161,287.93
72.467,226.07,140.73,287.93
145,231.4,207.93,296.47
82.067,1,215.4,402.07
105.53,122.6,245.27,401
105.53,202.6,232.47,401
31.933,168.47,97,239.93
138.6,227.13,207.93,394.6
1,307.13,126.87,511.93
82.067,1,259.13,405.27
145,243.13,202.6,296.47
88.467,1,259.13,164.2
33,232.47,220.73,401
82.067,1,215.4,237.8
138.6,239.93,188.73,363.67
1,1,99.133,343.4
157.8,1,259.13,88.467
1,166.33,161,479.93
1,305,126.87,392.47
44.733,185.53,86.333,228.2
126.87,198.33,211.13,299.67
171.67,122.6,245.27,264.47
42.6,177,97,228.2
290.07,463.93,332.73,511.93
1,188.73,159.93,511.93
120.47,73.533,225,166.33
1,166.33,161,511.93
1,1,154.6,351.93
143.93,209,207.93,266.6
49,111.93,207.93,266.6
24.467,129,161,345.53
56.467,388.2,120.47,462.87
159.93,249.53,202.6,395.67
113,216.47,207.93,402.07
73.533,271.93,120.47,338.07
126.87,199.4,201.53,299.67
41.533,319.93,126.87,392.47
1,1,79.933,303.93
181.27,113,260.2,405.27
67.133,1,111.93,179.13
47.933,1,113,225
129,216.47,213.27,404.2
145,130.07,200.47,234.6
14.867,1,154.6,345.53
138.6,201.53,211.13,395.67
184.47,300.73,239.93,404.2
1,302.87,95.933,362.6
40.467,387.13,251.67,511.93
73.533,271.93,115.13,316.73
56.467,281.53,167.4,367.93
88.467,1,189.8,146.07
1,337,145,511.93
145,227.13,207.93,394.6
138.6,201.53,211.13,363.67
30.867,1,83.133,126.87
51.133,388.2,120.47,478.87
1,362.6,57.533,481
44.733,393.53,215.4,511.93
30.867,1,84.2,126.87
88.467,1,215.4,234.6
72.467,187.67,161,287.93
34.067,177,97,228.2
191.93,121.53,259.13,274.07
81,281.53,167.4,340.2
145,82.067,222.87,145
197.27,228.2,259.13,405.27
106.6,93.8,247.4,404.2
145,82.067,225,145
23.4,374.33,95.933,450.07
135.4,73.533,241,120.47
135.4,328.47,186.6,399.93
184.47,93.8,259.13,405.27
73.533,271.93,120.47,329.53
146.07,231.4,207.93,274.07
138.6,227.13,225,397.8
1,305,79.933,353
138.6,210.07,215.4,397.8
135.4,73.533,259.13,405.27
136.47,250.6,189.8,303.93
1,303.93,81,362.6
41.533,319.93,118.33,367.93
1,275.13,95.933,351.93
30.867,1,113,228.2
1,402.07,57.533,511.93
1,363.67,63.933,511.93
14.867,1,260.2,405.27
191.93,93.8,241,264.47
120.47,90.6,209,234.6
42.6,104.47,114.07,236.73
159.93,1,259.13,88.467
120.47,90.6,209,166.33
143.93,242.07,215.4,296.47
202.6,140.73,260.2,405.27
50.067,1,222.87,239.93
30.867,209,101.27,345.53
1,305,89.533,361.53
105.53,159.93,173.8,271.93
127.93,290.07,190.87,401
120.47,71.4,223.93,187.67
34.067,1,111.93,228.2
188.73,140.73,260.2,405.27
24.467,143.93,100.2,345.53
23.4,343.4,126.87,450.07
138.6,227.13,215.4,397.8
187.67,122.6,245.27,264.47
1,402.07,66.067,511.93
106.6,300.73,222.87,401
171.67,1,230.33,65
146.07,239.93,202.6,324.2
1,302.87,126.87,511.93
47.933,1,111.93,191.93
133.27,238.87,184.47,300.73
136.47,250.6,189.8,360.47
146.07,227.13,207.93,274.07
127.93,191.93,220.73,401
129,111.93,193,158.87
184.47,246.33,239.93,404.2
195.13,93.8,239.93,220.73
106.6,93.8,255.93,404.2
126.87,1,259.13,127.93
1,1,259.13,351.93
194.07,123.67,245.27,257
113,130.07,209,310.33
14.867,1,114.07,239.93
188.73,281.53,239.93,364.73
31.933,129,154.6,239.93
120.47,81,223.93,187.67
142.87,161,198.33,242.07
63.933,351.93,134.33,392.47
42.6,185.53,90.6,228.2
197.27,228.2,239.93,401
191.93,121.53,239.93,212.2
129,281.53,200.47,402.07
82.067,1,259.13,237.8
177,93.8,255.93,404.2
1,305,79.933,362.6
24.467,104.47,114.07,239.93
145,1,260.2,405.27
106.6,239.93,148.2,383.93
120.47,81,225,166.33
135.4,328.47,186.6,401
30.867,1,95.933,126.87
1,1,251.67,511.93
82.067,147.13,149.27,237.8
72.467,239.93,114.07,287.93
141.8,328.47,200.47,402.07
1,1,113,319.93
33,111.93,251.67,511.93
142.87,210.07,205.8,254.87
136.47,191.93,210.07,393.53
145,244.2,202.6,324.2
142.87,231.4,207.93,296.47
49,388.2,95.933,479.93
191.93,93.8,259.13,274.07
129,82.067,222.87,166.33
44.733,387.13,251.67,511.93
50.067,143.93,114.07,236.73
40.467,394.6,126.87,511.93
133.27,238.87,202.6,324.2
89.533,1,193,141.8
136.47,225,185.53,351.93
191.93,121.53,259.13,255.93
191.93,93.8,239.93,220.73
163.13,73.533,241,118.33
1,337,63.933,431.93
138.6,210.07,206.87,397.8
51.133,395.67,243.13,511.93
181.27,113,225,158.87
194.07,123.67,245.27,385
188.73,197.27,239.93,364.73
113,130.07,220.73,401
142.87,331.67,185.53,401
79.933,188.73,159.93,271.93
1,307.13,61.8,354.07
1,362.6,57.533,511.93
142.87,210.07,205.8,295.4
184.47,253.8,239.93,404.2
49,1,260.2,405.27
103.4,187.67,161,254.87
133.27,238.87,184.47,315.67
140.73,239.93,202.6,342.33
106.6,250.6,220.73,401
82.067,232.47,146.07,316.73
191.93,93.8,241,401
82.067,194.07,151.4,254.87
65,1,111.93,179.13
129,216.47,207.93,360.47
195.13,93.8,239.93,214.33
1,363.67,63.933,503.4
105.53,188.73,159.93,255.93
202.6,140.73,246.33,254.87
1,1,79.933,317.8
1,303.93,95.933,362.6
88.467,387.13,251.67,430.87
218.6,145,260.2,405.27
72.467,232.47,146.07,316.73
172.73,300.73,213.27,404.2
82.067,271.93,146.07,316.73
1,305,147.13,478.87
49,322.07,89.533,367.93
145,1,260.2,237.8
138.6,255.93,197.27,363.67
14.867,1,100.2,345.53
56.467,322.07,118.33,367.93
49,111.93,207.93,271.93
184.47,281.53,239.93,404.2
106.6,282.6,148.2,383.93
287.93,463.93,339.13,511.93
24.467,166.33,78.867,223.93
50.067,177,101.27,236.73
113,216.47,207.93,324.2
177,93.8,234.6,175.93
1,302.87,81,351.93
185.53,360.47,239.93,404.2
63.933,271.93,148.2,392.47
63.933,343.4,126.87,391.4
30.867,1,95.933,136.47
1,303.93,81,351.93
50.067,104.47,114.07,236.73
142.87,257,200.47,401
141.8,311.4,200.47,402.07
210.07,210.07,259.13,405.27
73.533,271.93,148.2,383.93
140.73,239.93,203.67,360.47
1,355.13,62.867,430.87
1,337,63.933,392.47
72.467,270.87,115.13,316.73
24.467,1,114.07,239.93
49,369,122.6,479.93
24.467,166.33,71.4,223.93
44.733,1,260.2,511.93
177,93.8,246.33,254.87
1,305,79.933,354.07
30.867,209,100.2,345.53
1,305,126.87,393.53
143.93,242.07,215.4,364.73
1,402.07,57.533,477.8
129,216.47,207.93,324.2
163.13,73.533,241,115.13
188.73,236.73,239.93,364.73
1,307.13,61.8,378.6
72.467,241,114.07,287.93
1,337,63.933,503.4
1,270.87,147.13,478.87
161,1,260.2,237.8
33,232.47,167.4,367.93
7.4,449,47.933,511.93
1,417,57.533,477.8
49,137.53,165.27,238.87
129,216.47,207.93,315.67
42.6,161,97,228.2
143.93,130.07,206.87,218.6
140.73,239.93,202.6,360.47
14.867,1,70.333,78.867
147.13,250.6,189.8,295.4
142.87,239.93,188.73,295.4
49,1,227.13,239.93
106.6,306.07,148.2,383.93
197.27,281.53,239.93,364.73
63.933,351.93,126.87,392.47
89.533,387.13,251.67,430.87
97,281.53,167.4,340.2
141.8,311.4,184.47,360.47
7.4,436.2,57.533,511.93
98.067,188.73,159.93,255.93
169.53,1,259.13,88.467
145,250.6,189.8,324.2
120.47,82.067,222.87,166.33
197.27,290.07,239.93,401
33,232.47,155.67,343.4
156.73,130.07,206.87,175.93
1,362.6,47.933,446.87
113,130.07,206.87,310.33
142.87,290.07,190.87,401
14.867,14.867,70.333,78.867
49,129,154.6,239.93
24.467,142.87,78.867,239.93
41.533,322.07,89.533,367.93
106.6,329.53,148.2,383.93
145,129,200.47,234.6
177,93.8,234.6,247.4
24.467,143.93,75.667,225
142.87,331.67,190.87,401
1,307.13,61.8,408.47
1,362.6,57.533,477.8
210.07,305,258.07,405.27
42.6,185.53,86.333,228.2
105.53,222.87,149.27,271.93
155.67,51.133,215.4,93.8
1,436.2,57.533,511.93
24.467,166.33,78.867,239.93
49,56.467,227.13,239.93
142.87,161,207.93,266.6
88.467,56.467,177,164.2
44.733,394.6,126.87,511.93
1,275.13,95.933,350.87
145,245.27,191.93,324.2
42.6,185.53,89.533,228.2
296.47,1,342.33,52.2
218.6,223.93,260.2,405.27
126.87,111.93,206.87,175.93
72.467,270.87,141.8,340.2
33,232.47,146.07,343.4
145,82.067,222.87,130.07
82.067,271.93,127.93,316.73
42.6,168.47,97,228.2
161,1,231.4,65
136.47,191.93,220.73,397.8
131.13,130.07,206.87,260.2
49,147.13,149.27,238.87
49,127.93,151.4,239.93
126.87,111.93,193,158.87
184.47,273,239.93,404.2
105.53,171.67,173.8,271.93
1,307.13,126.87,450.07
31.933,343.4,126.87,393.53
15.933,1,66.067,46.867
1,307.13,61.8,348.73
135.4,31.933,183.4,100.2
65,351.93,126.87,393.53
88.467,66.067,143.93,164.2
24.467,142.87,76.733,223.93
24.467,142.87,78.867,242.07
143.93,225,185.53,266.6
106.6,250.6,200.47,401
135.4,56.467,177,100.2
1,355.13,62.867,408.47
49,143.93,151.4,239.93
129,82.067,222.87,158.87
88.467,56.467,227.13,164.2
1,302.87,95.933,350.87
126.87,111.93,207.93,266.6
143.93,244.2,202.6,342.33
1,305,126.87,478.87
129,108.73,209,158.87
136.47,250.6,189.8,331.67
143.93,225,191.93,266.6
161,38.333,260.2,237.8
131.13,161,198.33,260.2
1,335.93,56.467,378.6
129,90.6,209,158.87
218.6,210.07,260.2,405.27
33,242.07,99.133,343.4
82.067,194.07,151.4,239.93
