1,1,512.32,329.31
303.95,1,512.32,329.31
139.45,240.9,203.2,308.07
167.56,245.01,335.48,329.31
1,1,354.68,329.31
79.823,1,369.07,210.74
443.78,1,512.32,144.25
347.14,1,512.32,329.31
324.52,1,512.32,329.31
14.023,1,369.07,329.31
1,1,271.05,329.31
460.91,48.979,512.32,273.8
1,154.53,354.68,329.31
209.37,1,512.32,329.31
1,1,293.67,329.31
356.05,1,410.88,126.43
428.7,1,512.32,329.31
343.02,126.43,459.54,329.31
18.821,1,377.29,329.31
1,1,369.07,329.31
18.135,153.16,354.68,329.31
1,1,210.05,329.31
381.41,1,512.32,194.29
18.821,168.24,357.42,329.31
289.56,1,366.33,173.04
216.91,27.046,293.67,111.35
344.39,1,512.32,329.31
251.18,264.89,303.95,305.32
214.16,114.78,334.11,175.78
303.95,1,416.36,329.31
175.1,1,251.86,149.05
324.52,1,491.76,329.31
10.596,134.66,353.99,329.31
203.88,1,320.4,94.217
175.1,1,338.23,175.78
68.171,196.34,208.68,236.78
321.09,82.565,368.38,150.42
197.71,261.46,334.8,329.31
14.023,1,512.32,329.31
175.1,1,304.64,101.76
14.023,163.44,342.34,329.31
343.71,75.025,491.76,329.31
18.821,1,512.32,329.31
81.194,225.82,139.45,329.31
107.92,231.3,201.83,273.11
213.48,1,512.32,329.31
1,1,268.31,329.31
324.52,1,410.19,329.31
1,1,241.58,329.31
286.82,120.95,362.9,292.99
167.56,1,512.32,329.31
430.76,118.21,489.7,216.22
144.94,1,245.69,180.58
343.71,1,408.14,264.89
1,1,353.99,329.31
223.76,41.44,320.4,125.75
338.91,1,512.32,329.31
1,1,366.33,329.31
293.67,1,377.98,150.42
175.1,1,377.29,292.99
175.1,1,369.07,197.03
238.84,1,382.09,329.31
309.44,1,351.93,78.452
444.46,110.67,491.76,215.54
1,1,168.24,127.12
243.64,1,360.84,125.75
429.39,1,512.32,282.71
1,1,342.34,329.31
27.731,213.48,261.46,329.31
1,223.07,258.72,329.31
167.56,240.21,288.88,329.31
163.44,1,238.15,132.6
209.37,1,464.34,325.2
14.023,196.34,336.85,329.31
1,1,270.37,329.31
212.79,107.92,256.66,148.36
1,1,250.49,329.31
426.64,1,512.32,273.8
338.91,1,510.26,329.31
346.45,51.721,510.26,329.31
251.18,120.95,314.24,170.98
1,1,282.02,329.31
175.1,1,218.28,57.89
167.56,1,382.09,329.31
338.91,1,471.88,329.31
146.31,1,366.33,180.58
149.05,1,249.12,176.47
136.03,1,350.56,195.66
381.41,1,455.43,164.81
429.39,1,512.32,174.41
216.91,35.956,260.77,79.138
14.023,163.44,278.59,243.64
421.85,131.91,478.74,269
1,222.39,116.84,329.31
175.1,1,342.34,200.46
216.22,19.506,287.5,101.76
181.26,281.34,250.49,329.31
217.59,1,324.52,175.1
173.04,142.2,334.11,210.74
337.54,1,418.42,266.94
338.91,1,410.19,329.31
160.7,242.27,279.28,329.31
1,92.846,91.475,329.31
1,194.97,279.96,329.31
27.731,213.48,215.54,255.97
19.506,1,512.32,329.31
293.67,1,396.49,325.2
157.96,173.04,354.68,329.31
345.76,1,410.88,192.23
389.63,133.97,430.76,198.4
32.529,196.34,218.28,243.64
81.879,129.17,186.06,196.34
51.721,1,350.56,210.74
362.9,1,464.34,273.11
431.44,46.923,510.26,258.72
8.5396,153.16,354.68,329.31
276.54,70.227,360.16,123.69
234.04,69.542,318.35,119.58
208.68,103.13,334.11,175.78
389.63,77.767,469.14,301.21
67.485,160.7,340.28,266.26
19.506,173.04,354.68,329.31
151.11,42.125,358.79,180.58
210.05,1,350.56,133.29
389.63,96.958,473.25,269
293.67,1,512.32,329.31
215.54,19.506,320.4,119.58
210.74,191.55,253.92,261.46
239.53,1,360.16,245.01
10.596,134.66,151.79,240.9
231.3,116.15,323.83,173.72
264.2,82.565,369.07,329.31
164.81,237.47,261.46,294.36
324.52,1,464.34,292.99
175.1,1,293.67,151.11
243.64,1,369.07,252.55
443.09,1,512.32,329.31
10.596,134.66,220.33,255.97
389.63,77.767,491.76,329.31
213.48,1,464.34,329.31
247.06,172.35,317.66,231.99
209.37,1,377.98,245.01
276.54,66.115,360.16,123.69
239.53,1,377.98,245.01
337.54,1,464.34,266.94
149.05,7.1688,244.32,175.78
223.76,31.158,287.5,130.54
167.56,1,270.37,175.1
176.47,1,342.34,199.09
1,97.644,96.273,321.09
176.47,1,342.34,190.18
238.15,173.72,334.11,231.99
153.16,1,323.83,112.04
415.68,1,512.32,104.5
68.171,196.34,253.92,263.51
144.94,1,350.56,195.66
151.11,42.125,269.68,180.58
293.67,1,377.98,325.2
208.68,106.55,317.66,170.3
55.148,238.15,166.19,329.31
181.95,1,369.07,329.31
343.02,59.946,512.32,329.31
378.66,1,464.34,173.04
79.823,196.34,253.92,263.51
151.11,1,358.79,180.58
1,201.14,279.96,329.31
421.85,118.21,512.32,329.31
51.721,142.2,334.11,210.74
167.56,1,338.23,175.78
31.844,144.94,151.79,207.31
215.54,19.506,270.37,119.58
215.54,19.506,288.88,119.58
238.84,1,377.29,292.99
32.529,168.24,357.42,329.31
1,84.621,96.273,321.09
1,1,186.06,329.31
293.67,75.025,360.16,123.69
214.16,1,338.23,175.78
246.38,269,288.88,315.61
381.41,1,436.24,164.81
1,1,271.74,207.31
1,1,271.74,329.31
203.2,41.44,320.4,125.75
1,213.48,258.72,329.31
255.29,9.225,320.4,79.823
19.506,172.35,342.34,311.49
175.1,1,369.07,329.31
191.55,45.552,269.68,151.11
213.48,1,359.47,329.31
160.7,242.27,261.46,329.31
216.22,19.506,273.8,101.76
347.14,93.531,489.7,329.31
1,208.68,91.475,329.31
1,98.329,100.39,329.31
321.09,77.081,377.98,150.42
211.42,258.03,336.85,329.31
349.88,1,410.88,192.23
386.89,1,464.34,101.07
1,275.85,65.429,329.31
303.95,152.48,362.21,329.31
214.16,9.225,338.23,175.78
292.99,238.15,342.34,278.59
450.63,193.6,509.58,329.31
349.19,1,512.32,271.74
443.09,1,512.32,240.21
157.96,172.35,342.34,311.49
1,1,186.06,196.34
176.47,1,342.34,200.46
347.14,118.21,512.32,329.31
213.48,267.63,334.8,329.31
175.1,1,342.34,221.7
175.1,1,251.86,151.11
208.68,103.13,334.11,169.61
149.05,1,244.32,175.78
55.148,238.15,353.99,329.31
346.45,1,512.32,329.31
1,33.215,186.06,196.34
297.79,120.95,362.9,218.28
343.71,166.87,459.54,329.31
197.03,275.17,261.46,323.15
293.67,1,366.33,129.86
408.82,59.946,506.84,194.29
389.63,1,473.25,269
419.1,51.035,512.32,329.31
1,33.9,242.27,195.66
69.542,226.5,261.46,329.31
238.84,1,382.09,134.66
347.14,51.035,512.32,329.31
212.79,27.046,293.67,111.35
32.529,179.89,208.68,236.78
389.63,96.958,473.25,255.29
251.18,269,334.11,329.31
151.11,1,366.33,180.58
175.1,257.35,261.46,329.31
389.63,77.767,491.76,301.21
209.37,1,324.52,175.1
75.025,49.665,146.31,154.53
235.41,1,321.77,60.631
421.85,176.47,508.21,276.54
443.09,1,512.32,146.99
344.39,1,441.04,264.89
170.3,249.81,279.28,329.31
247.06,172.35,319.03,231.99
324.52,1,391,292.99
303.95,103.13,416.36,329.31
253.92,1,360.16,153.85
1,1,81.194,48.294
408.82,59.946,512.32,329.31
349.19,1,395.8,259.4
157.96,191.55,288.88,266.26
238.15,1,323.83,70.227
1,75.025,70.227,244.32
226.5,1,323.83,69.542
203.88,1,272.43,94.217
213.48,1,323.83,60.631
238.15,16.079,312.18,77.081
362.9,26.36,432.81,273.8
56.519,142.2,334.11,210.74
378.66,1,456.8,173.04
238.84,1,377.29,134.66
1,1,194.29,244.32
347.14,168.93,459.54,329.31
389.63,92.846,473.25,269
151.79,40.754,328.63,195.66
223.76,31.158,279.96,127.12
175.1,1,324.52,109.98
1,1,160.7,127.12
259.4,1,323.83,55.833
125.75,238.15,170.3,329.31
32.529,1,270.37,207.31
347.14,126.43,459.54,329.31
209.37,1,334.11,206.62
1,98.329,85.992,320.4
79.823,1,305.32,210.74
365.64,93.531,489.7,316.98
1,1,271.05,207.31
55.148,160.7,353.99,329.31
345.76,1,410.88,149.74
234.73,9.225,304.64,81.194
406.77,1,512.32,329.31
338.91,1,391,292.99
164.81,173.72,342.34,329.31
199.77,169.61,319.72,232.67
168.93,251.18,258.72,329.31
1,208.68,79.138,329.31
349.88,1,410.19,131.91
19.506,197.03,221.7,260.77
229.93,74.34,275.17,130.54
235.41,172.35,319.03,231.99
443.09,1,512.32,277.22
16.765,1,168.24,73.654
175.1,1,231.3,107.24
208.68,1,342.34,173.04
18.135,177.15,253.92,263.51
1,48.979,120.26,194.29
381.41,1,512.32,273.8
242.95,264.89,324.52,329.31
233.36,169.61,348.51,252.55
431.44,46.923,510.26,329.31
402.65,144.94,443.09,192.92
279.28,11.281,323.83,70.227
78.452,154.53,354.68,329.31
389.63,75.025,491.76,329.31
343.02,1,512.32,329.31
175.1,1,225.13,99.7
208.68,1,338.23,175.78
16.079,96.958,64.058,212.79
452,240.21,495.87,329.31
129.17,238.15,170.3,329.31
349.19,1,447.89,259.4
361.53,133.29,441.72,288.88
231.3,97.644,314.24,170.98
215.54,9.225,304.64,77.081
51.721,147.68,151.79,205.94
226.5,1,323.83,70.227
425.27,118.21,508.21,260.09
277.91,236.78,343.02,277.91
460.91,48.979,512.32,232.67
223.76,31.158,279.96,130.54
81.194,226.5,147.68,272.43
208.68,62.688,279.96,149.05
182.64,17.45,231.3,60.631
182.64,17.45,293.67,95.588
344.39,1,473.25,269
232.67,81.879,322.46,153.85
223.76,41.44,320.4,119.58
1,1,160.7,194.29
251.18,79.138,323.83,144.94
1,98.329,261.46,329.31
266.94,267.63,325.2,326.57
199.09,91.475,256.66,159.33
347.14,160.7,473.94,329.31
351.25,103.13,416.36,266.94
199.77,191.55,288.88,266.26
1,1,350.56,244.32
321.09,94.217,368.38,150.42
95.588,49.665,146.31,154.53
70.227,223.07,139.45,329.31
157.96,187.43,312.18,274.48
324.52,1,393.06,325.2
1,75.025,70.227,240.21
429.39,1,473.94,76.396
1,99.015,85.992,320.4
1,99.015,47.608,305.32
321.77,248.44,362.21,329.31
244.32,79.138,322.46,140.82
447.21,152.48,489.7,241.58
67.485,193.6,203.2,234.73
199.77,191.55,256.66,261.46
210.74,103.13,334.11,169.61
251.18,264.89,354.68,329.31
105.87,193.6,203.2,234.73
208.68,62.688,342.34,173.04
441.04,1,512.32,166.87
255.97,248.44,339.6,289.56
264.2,120.95,351.25,236.78
1,247.06,82.565,329.31
55.148,238.15,279.28,329.31
79.823,150.42,305.32,210.74
1,1,175.78,127.12
254.6,282.02,335.48,329.31
127.12,238.15,170.3,329.31
255.29,36.642,320.4,79.823
208.68,103.13,338.23,175.78
337.54,27.046,418.42,264.89
153.16,1,264.89,112.04
291.62,160.7,340.28,235.41
347.14,214.16,459.54,329.31
164.81,237.47,324.52,329.31
81.879,238.84,139.45,309.44
297.79,120.95,351.25,206.62
67.485,193.6,226.5,260.77
216.22,9.225,320.4,101.76
343.71,27.046,404.71,264.89
167.56,168.24,357.42,329.31
160.7,242.95,258.72,329.31
182.64,1,366.33,173.04
260.77,169.61,319.72,217.59
216.91,35.956,293.67,111.35
314.92,124.38,368.38,325.2
213.48,153.16,354.68,329.31
32.529,163.44,278.59,243.64
16.765,33.215,166.19,112.72
203.2,41.44,338.23,175.78
312.18,124.38,368.38,325.2
213.48,224.45,354.68,329.31
1,201.14,180.58,329.31
209.37,69.542,292.3,152.48
149.05,1,244.32,176.47
92.846,150.42,278.59,201.14
1,1,168.24,80.508
55.148,240.21,116.15,320.4
18.135,177.15,257.35,329.31
67.485,197.03,221.7,244.32
307.38,120.26,348.51,180.58
213.48,1,345.08,175.1
219.65,19.506,272.43,82.565
19.506,193.6,226.5,260.77
1,1,95.588,244.32
79.823,150.42,297.79,210.74
347.14,266.94,441.72,329.31
92.846,150.42,297.79,210.74
64.058,33.9,165.5,194.29
286.82,120.95,362.9,236.78
1,208.68,64.744,329.31
235.41,1,323.83,60.631
268.31,173.04,317.66,231.99
307.38,118.21,369.07,197.03
349.19,1,405.4,259.4
464.34,1,512.32,79.823
1,1,271.74,196.34
303.95,152.48,356.05,247.75
471.2,38.013,512.32,144.94
347.14,224.45,473.94,329.31
216.91,35.956,260.77,91.475
246.38,264.89,324.52,329.31
393.06,1,471.88,164.81
307.38,120.26,358.79,197.03
343.71,27.046,418.42,264.89
231.3,16.079,345.08,175.1
234.73,20.192,301.9,81.194
337.54,1,418.42,264.89
223.76,41.44,318.35,119.58
167.56,1,269.68,175.1
289.56,1,359.47,84.621
1,1,242.27,195.66
151.11,1,271.74,196.34
162.76,1,271.05,197.03
234.73,20.192,300.53,81.194
81.879,1,186.06,196.34
191.55,64.744,323.83,159.33
79.823,191.55,228.56,234.04
29.102,1,194.29,194.29
338.91,1,452.69,329.31
231.3,107.92,342.34,169.61
308.07,82.565,369.07,329.31
10.596,144.94,87.362,240.9
344.39,1,452.69,264.89
214.16,19.506,338.23,175.78
460.91,48.979,512.32,143.57
347.14,221.02,512.32,329.31
209.37,75.025,275.17,152.48
157.96,173.04,325.2,322.46
231.3,97.644,314.24,175.1
249.81,238.15,342.34,282.02
209.37,75.025,271.05,133.29
460.91,124.38,508.89,271.74
213.48,154.53,354.68,329.31
218.96,224.45,337.54,266.26
1,75.025,70.227,144.25
10.596,134.66,215.54,255.97
410.88,1,512.32,271.74
458.86,1,512.32,96.958
323.83,82.565,369.07,329.31
167.56,245.01,261.46,294.36
173.72,255.97,257.35,329.31
182.64,14.023,293.67,95.588
191.55,45.552,251.86,149.05
245.69,1,323.83,69.542
81.879,238.84,139.45,319.72
238.15,154.53,334.11,231.99
7.8542,201.14,180.58,305.32
226.5,1,323.83,75.71
381.41,1,464.34,164.81
209.37,83.935,269.68,151.11
81.194,238.84,164.13,329.31
221.02,79.823,323.83,161.39
209.37,106.55,269.68,151.11
173.72,168.24,342.34,319.03
262.14,93.531,320.4,142.2
208.68,99.015,369.07,197.03
213.48,1,347.14,175.1
353.3,1,410.19,131.91
412.94,120.95,467.08,251.86
356.05,26.36,408.14,126.43
81.194,238.15,279.96,329.31
433.5,234.73,512.32,329.31
246.38,20.192,301.9,76.396
407.45,77.767,491.76,301.21
375.92,103.13,416.36,214.85
215.54,1,324.52,109.98
177.84,173.72,342.34,319.03
151.11,42.125,242.27,180.58
178.52,33.9,269.68,175.1
1,1,95.588,194.29
214.16,113.41,334.11,175.78
197.71,260.09,288.88,329.31
215.54,19.506,318.35,119.58
420.48,1,471.88,105.87
426.64,1,512.32,166.87
194.97,273.8,257.35,329.31
31.844,64.744,95.588,194.29
151.11,42.125,271.74,180.58
307.38,60.631,356.73,173.04
361.53,133.29,452,288.88
227.87,31.158,279.96,127.12
464.34,1,512.32,86.677
81.194,238.84,144.25,329.31
431.44,46.923,509.58,329.31
213.48,1,359.47,320.4
1,1,64.058,95.588
181.95,169.61,354.68,329.31
164.81,237.47,261.46,308.75
289.56,19.506,345.08,84.621
243.64,114.78,334.11,175.78
324.52,1,396.49,325.2
443.09,1,512.32,144.94
243.64,160.7,340.28,266.26
386.89,1,436.24,81.194
306.7,1,359.47,123.69
79.823,198.4,253.92,263.51
277.91,238.15,342.34,308.07
277.91,270.37,354.68,329.31
421.85,118.21,508.21,276.54
198.4,191.55,253.92,257.35
208.68,106.55,317.66,173.04
107.92,231.3,201.83,272.43
425.27,176.47,508.21,260.09
407.45,46.923,510.26,329.31
1,1,79.823,127.12
18.135,203.88,220.33,257.35
428.7,33.215,510.26,329.31
1,84.621,258.72,329.31
197.71,258.03,288.88,329.31
255.29,9.225,303.27,75.71
234.73,20.192,319.03,81.194
175.1,1,324.52,130.54
332.74,1,393.06,325.2
216.22,9.225,324.52,109.98
170.3,249.81,261.46,329.31
216.91,35.956,260.77,111.35
428.7,33.215,512.32,329.31
234.73,16.079,345.08,144.94
1,92.846,64.058,240.21
139.45,238.15,260.77,329.31
277.91,229.24,343.02,297.79
253.92,119.58,334.11,169.61
1,75.025,81.194,176.47
243.64,16.079,298.47,67.485
16.765,48.979,120.26,112.72
315.61,75.025,360.16,121.63
32.529,179.89,218.28,243.64
254.6,9.225,320.4,79.823
14.023,196.34,253.92,263.51
33.215,76.396,166.87,207.31
167.56,245.01,324.52,329.31
95.588,1,168.24,154.53
255.97,262.83,315.61,310.81
1,208.68,100.39,329.31
436.93,1,512.32,144.25
1,1,220.33,329.31
78.452,175.1,253.92,260.09
265.57,81.879,322.46,140.82
464.34,1,512.32,81.194
221.02,79.138,323.83,161.39
157.96,175.1,317.66,266.26
244.32,114.78,317.66,169.61
16.765,1,160.7,73.654
244.32,9.225,304.64,77.081
324.52,80.508,378.66,192.92
217.59,1,323.83,175.1
1,75.025,105.87,194.29
236.1,79.823,323.83,150.42
182.64,175.1,253.92,260.09
445.84,144.25,489.7,207.31
157.96,172.35,319.03,266.26
248.44,79.138,323.83,144.94
442.41,75.025,508.89,271.74
221.02,79.138,358.79,178.52
324.52,1,464.34,325.2
151.11,1,271.74,180.58
236.1,93.531,323.83,144.94
139.45,238.15,220.33,308.07
33.215,112.72,166.87,207.31
3.0562,97.644,95.588,321.09
249.81,238.15,342.34,322.46
223.76,41.44,270.37,119.58
303.95,143.57,356.05,320.4
382.78,160.7,452,290.93
175.1,1,320.4,94.217
425.27,176.47,508.21,261.46
145.62,236.1,261.46,329.31
160.02,135.34,223.76,195.66
215.54,1,324.52,175.1
361.53,133.29,441.72,257.35
408.82,1,512.32,194.29
38.013,1,129.17,65.429
233.36,212.79,317.66,258.03
388.95,1,437.61,85.992
167.56,245.01,357.42,329.31
425.27,144.25,508.21,260.09
306.7,143.57,358.79,245.01
441.04,1,512.32,96.958
1,140.82,47.608,305.32
469.82,231.99,512.32,305.32
347.14,26.36,459.54,329.31
164.81,160.7,340.28,266.26
191.55,79.138,249.12,160.7
286.82,151.11,346.45,236.78
275.17,279.96,354.68,329.31
215.54,19.506,260.09,67.485
81.879,96.273,186.06,196.34
1,75.025,70.227,160.7
314.92,124.38,368.38,247.75
233.36,188.8,310.81,232.67
29.102,1,79.823,48.294
191.55,64.744,328.63,159.33
347.82,51.035,393.06,264.89
464.34,1,512.32,96.958
286.82,120.95,351.25,236.78
216.22,19.506,272.43,101.76
10.596,144.94,151.79,240.9
103.13,238.15,166.19,329.31
378.66,27.046,421.16,173.04
229.93,75.025,271.05,122.32
223.76,62.688,275.17,149.05
1,92.846,68.171,303.95
199.09,238.15,353.99,329.31
303.95,1,359.47,320.4
307.38,60.631,356.73,120.26
31.844,112.72,166.87,207.31
8.5396,208,258.72,329.31
211.42,258.03,323.15,329.31
347.82,1,393.06,264.89
27.046,273.8,70.912,320.4
1,208.68,64.058,329.31
264.89,120.95,323.83,170.98
307.38,60.631,356.73,121.63
144.94,1,350.56,180.58
243.64,30.473,301.9,76.396
213.48,267.63,335.48,329.31
149.05,1,249.12,175.78
166.19,1,249.12,160.7
3.0562,99.015,85.992,321.09
386.89,1,452.69,81.194
149.05,1,268.31,176.47
238.15,27.046,301.9,76.396
175.1,257.35,261.46,323.15
246.38,264.89,323.15,329.31
72.969,33.9,168.93,194.29
386.89,1,464.34,81.194
460.91,48.979,512.32,177.15
181.26,281.34,261.46,329.31
151.79,40.754,275.17,195.66
234.73,16.079,319.03,81.194
258.72,288.19,302.58,329.31
250.49,248.44,339.6,289.56
175.1,1,270.37,173.04
307.38,60.631,356.73,133.97
213.48,169.61,348.51,281.34
83.25,163.44,278.59,206.62
407.45,77.767,449.26,143.57
382.78,144.94,443.09,236.78
191.55,45.552,251.86,134.66
162.76,1,271.05,175.1
164.13,208.68,226.5,260.77
144.94,1,238.15,180.58
235.41,15.394,298.47,67.485
424.59,1,472.57,83.935
215.54,9.9104,260.77,70.227
430.76,131.91,471.88,260.09
199.09,91.475,269.68,161.39
243.64,1,360.84,252.55
213.48,169.61,354.68,329.31
377.98,93.531,489.7,316.98
164.81,167.56,260.77,215.54
67.485,197.03,221.7,260.77
100.39,238.15,166.19,329.31
347.14,166.87,459.54,329.31
225.82,114.78,317.66,169.61
175.1,1,304.64,77.081
299.16,175.78,348.51,252.55
243.64,172.35,317.66,266.26
255.29,154.53,316.29,197.71
27.046,273.8,91.475,329.31
32.529,196.34,208.68,236.78
211.42,258.03,302.58,329.31
29.102,1,81.194,48.294
234.73,9.225,304.64,75.71
316.98,77.081,377.98,150.42
213.48,267.63,325.2,326.57
408.82,59.946,508.21,260.09
303.95,175.78,355.36,247.75
231.3,119.58,317.66,169.61
223.76,62.688,279.96,149.05
24.99,1,128.49,48.294
175.1,1,270.37,168.93
69.542,226.5,147.68,329.31
216.22,19.506,272.43,82.565
210.74,191.55,255.97,257.35
430.76,118.21,473.94,216.22
244.32,81.879,314.92,123
238.15,29.788,299.16,76.396
362.9,26.36,423.9,273.11
210.05,72.283,295.04,133.29
177.15,1,235.41,48.294
246.38,29.788,299.16,76.396
243.64,27.046,301.9,76.396
231.3,114.78,317.66,169.61
258.72,282.02,334.11,329.31
303.95,152.48,356.05,320.4
81.194,238.15,260.77,329.31
240.21,275.85,302.58,329.31
173.04,145.62,306.01,210.74
262.14,99.015,323.83,144.94
361.53,126.43,452,288.88
244.32,9.225,304.64,75.71
343.71,1,404.71,264.89
238.15,16.079,301.9,76.396
347.82,166.87,396.49,266.94
445.84,133.29,489.7,207.31
31.844,112.72,151.79,207.31
232.67,81.879,323.83,153.85
214.16,113.41,338.23,175.78
5.1125,218.28,68.171,303.95
243.64,212.79,317.66,266.26
246.38,20.192,299.16,76.396
157.96,175.1,288.88,266.26
7.8542,214.85,79.823,305.32
224.45,27.046,293.67,95.588
253.92,1,360.16,245.01
1,275.85,55.148,329.31
349.19,128.49,395.8,259.4
210.74,191.55,262.14,261.46
283.39,264.89,325.2,311.49
289.56,1,359.47,173.04
231.3,114.78,342.34,169.61
96.958,33.9,165.5,111.35
234.73,1,323.83,81.194
425.27,131.91,508.21,260.09
223.76,41.44,265.57,93.531
306.7,1,359.47,150.42
199.09,91.475,242.27,159.33
258.72,270.37,354.68,329.31
220.33,238.15,342.34,322.46
303.95,164.81,347.14,247.75
253.92,119.58,334.11,175.78
210.74,103.13,259.4,149.05
74.34,33.9,168.93,194.29
16.765,1,160.02,73.654
151.79,114.78,275.17,195.66
210.74,191.55,256.66,261.46
249.81,224.45,312.18,274.48
234.73,16.079,345.08,84.621
388.95,1,447.89,81.194
406.77,1,512.32,144.25
175.1,1,225.13,92.16
70.227,223.07,258.72,329.31
64.058,1,169.61,72.283
27.731,218.28,68.171,303.95
56.519,143.57,221.02,204.57
33.215,112.72,105.87,207.31
22.933,214.85,85.992,321.09
259.4,1,323.83,42.81
406.77,1,472.57,126.43
303.95,175.78,362.21,329.31
338.91,24.99,391,292.99
80.508,147.68,151.79,202.51
423.22,257.35,473.94,329.31
381.41,1,447.89,164.81
88.733,239.53,135.34,329.31
231.3,79.138,323.83,175.1
257.35,1,319.03,60.631
144.94,42.125,242.27,195.66
464.34,1,512.32,166.87
69.542,239.53,135.34,329.31
24.99,1,79.823,48.294
304.64,1,359.47,150.42
235.41,1,319.03,60.631
389.63,120.95,467.08,251.86
224.45,1,350.56,87.362
67.485,191.55,262.14,261.46
277.91,229.24,343.02,308.75
11.967,99.015,70.227,208.68
72.969,33.9,165.5,146.31
223.76,62.688,275.17,130.54
338.91,107.24,386.2,329.31
362.9,26.36,432.81,273.11
1,33.9,192.92,194.29
199.09,281.34,250.49,329.31
27.046,273.8,82.565,329.31
231.3,97.644,336.85,175.1
1,275.85,82.565,329.31
361.53,129.17,452,288.88
1,33.9,168.93,194.29
231.3,107.92,342.34,173.04
353.3,1,410.19,126.43
411.56,93.531,478.74,260.09
246.38,20.192,301.9,77.767
397.86,77.767,447.21,152.48
33.215,1,271.05,207.31
29.102,1,169.61,72.283
452,240.21,502.73,329.31
307.38,120.95,362.9,218.28
219.65,19.506,272.43,70.912
251.18,269,334.8,329.31
32.529,163.44,223.07,207.31
216.91,35.956,260.77,108.61
445.84,144.25,489.7,197.71
164.13,197.03,221.7,238.84
382.78,160.7,452,236.78
297.1,264.89,340.28,308.07
235.41,16.079,312.18,77.081
255.97,262.83,299.84,306.7
389.63,125.06,432.81,198.4
443.09,1,512.32,174.41
210.05,72.283,276.54,133.29
365.64,1,447.89,258.03
27.731,226.5,79.138,303.95
208.68,99.015,323.15,173.04
10.596,144.94,81.194,240.9
291.62,160.7,333.43,218.28
18.135,191.55,253.92,263.51
92.846,150.42,278.59,210.74
213.48,267.63,279.28,329.31
216.22,19.506,275.17,101.76
436.93,1,512.32,153.16
199.09,1,249.12,160.7
191.55,1,271.05,175.1
231.3,97.644,314.24,173.72
70.227,225.82,139.45,329.31
246.38,9.225,320.4,79.823
31.844,144.94,81.194,207.31
377.29,221.02,436.24,271.05
303.95,152.48,347.82,247.75
389.63,120.95,469.14,301.21
410.88,92.16,457.49,159.33
238.15,29.788,299.16,77.767
64.058,65.429,152.48,175.78
167.56,1,235.41,90.104
388.95,1,447.89,85.992
217.59,1,312.18,77.081
236.1,93.531,323.83,150.42
1,233.36,86.677,329.31
431.44,46.923,509.58,258.72
227.87,31.158,273.8,82.565
282.02,8.5396,323.83,69.542
301.21,18.821,345.76,83.935
103.13,257.35,146.99,329.31
460.91,75.71,507.52,143.57
411.56,93.531,478.74,263.51
207.31,110.67,249.12,160.7
255.97,262.83,325.2,322.46
409.51,93.531,478.74,263.51
282.71,22.933,323.83,70.227
260.77,169.61,348.51,252.55
303.95,152.48,347.14,247.75
469.14,48.979,512.32,166.87
231.3,79.138,323.83,173.72
167.56,1,235.41,66.115
208.68,106.55,323.15,173.04
197.71,260.09,267.63,313.55
1,247.06,66.115,329.31
3.0562,99.015,95.588,321.09
168.93,255.97,260.77,329.31
377.98,93.531,478.74,263.51
8.5396,208,196.34,257.35
218.96,224.45,327.94,266.26
18.135,203.88,253.92,263.51
1,1,64.058,127.12
442.41,75.025,507.52,208.68
55.148,240.21,104.5,319.72
1,1,79.823,79.823
173.04,145.62,308.75,210.74
253.92,1,360.16,123.69
3.0562,97.644,96.273,321.09
199.09,264.89,353.99,329.31
160.7,242.27,252.55,329.31
423.22,231.99,508.89,329.31
347.14,224.45,441.72,329.31
442.41,75.025,512.32,329.31
157.96,172.35,319.03,311.49
415.68,25.675,466.4,104.5
231.3,116.15,323.83,170.98
164.13,197.03,226.5,244.32
78.452,193.6,203.2,234.73
199.77,175.78,310.81,232.67
209.37,75.025,271.05,142.2
164.81,167.56,260.77,210.74
410.88,75.025,508.89,271.74
1,99.015,70.227,240.21
238.15,20.192,299.16,77.767
190.18,175.1,253.92,257.35
293.67,1,360.16,129.86
168.93,251.18,255.97,329.31
168.93,251.18,257.35,329.31
301.21,1,347.14,83.935
227.87,31.158,279.96,109.3
159.33,7.1688,244.32,175.78
168.93,255.97,257.35,329.31
78.452,197.03,221.7,244.32
166.19,1,231.3,121.63
262.14,99.015,320.4,142.2
68.856,249.12,110.67,320.4
1,68.856,63.373,127.12
200.46,282.71,255.97,329.31
378.66,1,447.89,173.04
361.53,126.43,441.72,257.35
163.44,1,235.41,132.6
18.135,203.88,220.33,248.44
353.99,221.02,436.24,282.71
96.958,64.058,144.25,146.31
262.14,93.531,323.83,144.94
447.21,152.48,488.33,223.76
238.15,175.78,313.55,229.93
208.68,106.55,317.66,169.61
430.76,131.91,478.74,209.37
306.7,143.57,358.79,235.41
191.55,64.744,256.66,159.33
231.3,127.12,297.1,169.61
1,247.06,86.677,329.31
17.45,144.25,70.227,208.68
199.09,1,244.32,131.23
1,275.85,66.115,329.31
29.102,214.85,79.823,321.09
61.317,222.39,116.84,320.4
210.05,79.823,262.83,133.29
389.63,125.06,430.76,198.4
377.98,93.531,478.74,316.98
199.09,1,270.37,168.93
253.92,1,323.83,62.688
17.45,144.94,70.227,208.68
181.95,188.12,339.6,281.34
244.32,97.644,314.24,170.98
72.969,239.53,135.34,329.31
70.227,237.47,110.67,313.55
277.91,270.37,338.91,319.03
407.45,77.767,469.14,301.21
64.058,81.194,105.87,175.1
238.15,20.192,300.53,77.767
160.7,242.95,213.48,320.4
231.3,77.081,323.83,175.1
264.89,120.95,320.4,170.98
139.45,238.15,203.2,308.07
179.89,208,253.92,263.51
200.46,284.08,258.72,329.31
365.64,129.17,443.09,258.03
232.67,81.879,314.92,123
68.856,256.66,116.15,320.4
199.09,264.89,325.2,315.61
95.588,238.84,139.45,309.44
1,1,79.823,48.294
64.058,65.429,161.39,194.29
113.41,236.1,258.72,329.31
7.8542,214.85,79.823,303.95
209.37,75.025,271.05,152.48
314.92,124.38,368.38,235.41
120.95,33.215,166.19,112.04
224.45,27.046,312.18,87.362
221.02,114.09,285.45,161.39
281.34,70.227,360.16,123.69
164.13,191.55,262.14,261.46
213.48,269,282.02,323.83
246.38,264.89,325.2,315.61
421.85,176.47,508.21,261.46
1,64.744,95.588,175.78
301.21,1,350.56,83.935
277.91,236.78,343.02,297.79
175.78,187.43,253.92,261.46
347.14,255.97,441.72,329.31
421.85,181.26,472.57,269
307.38,60.631,348.51,121.63
29.102,1,194.29,78.452
243.64,212.79,317.66,258.03
157.96,173.04,343.02,322.46
469.14,48.979,512.32,143.57
224.45,27.046,312.18,79.823
179.89,208,222.39,257.35
253.92,1,323.83,70.227
412.94,120.95,469.14,301.21
246.38,1,323.83,70.227
256.66,127.12,297.1,169.61
81.879,141.51,161.39,194.29
423.22,286.13,473.94,329.31
64.058,112.72,105.87,194.29
144.94,135.34,242.27,195.66
452,231.99,508.89,329.31
81.879,141.51,161.39,193.6
74.34,33.9,165.5,194.29
16.765,33.215,186.06,196.34
264.89,101.07,322.46,153.85
18.135,208,220.33,248.44
209.37,106.55,251.86,151.11
175.78,191.55,288.88,266.26
220.33,253.23,311.49,311.49
27.731,214.85,79.823,303.95
377.98,129.17,443.09,236.78
151.79,128.49,223.76,195.66
181.95,169.61,339.6,281.34
443.09,11.967,512.32,144.94
1,1,159.33,79.823
22.933,214.85,79.823,321.09
49.665,64.744,95.588,136.71
246.38,16.079,298.47,67.485
29.102,214.85,79.823,288.88
1,99.015,59.946,316.29
162.76,3.7417,203.88,80.508
268.31,175.78,313.55,229.93
306.7,60.631,356.73,123.69
199.09,90.79,244.32,131.23
49.665,64.744,95.588,130.54
220.33,253.23,299.84,296.41
299.16,120.26,348.51,252.55
266.94,267.63,324.52,308.75
81.194,238.84,146.31,329.31
423.22,231.99,512.32,329.31
277.91,265.57,354.68,329.31
199.77,191.55,255.97,257.35
1,1,64.058,47.608
378.66,1,447.89,164.13
277.91,238.15,342.34,278.59
213.48,188.12,339.6,281.34
192.92,114.78,275.17,168.93
442.41,75.025,512.32,305.32
293.67,59.26,360.16,129.86
406.77,1,472.57,83.935
255.97,173.04,317.66,231.99
194.97,273.8,242.27,329.31
258.72,270.37,338.91,329.31
210.74,191.55,253.92,257.35
226.5,1,298.47,67.485
347.14,221.02,441.72,329.31
64.058,112.72,105.87,175.1
255.29,14.708,303.27,75.71
353.99,221.02,441.72,309.44
200.46,287.5,242.27,329.31
431.44,201.14,472.57,269
218.96,224.45,339.6,289.56
444.46,75.025,507.52,208.68
18.135,212.11,196.34,257.35
410.88,75.025,480.79,269
144.94,81.194,242.27,195.66
168.93,278.59,255.97,329.31
213.48,267.63,354.68,329.31
90.104,225.82,139.45,309.44
293.67,59.26,360.16,123.69
27.731,226.5,79.823,303.95
96.958,33.9,165.5,146.31
139.45,242.95,203.2,308.07
464.34,1,512.32,102.44
255.97,262.83,315.61,319.03
29.102,214.85,79.823,278.59
68.856,249.12,110.67,313.55
81.194,275.17,144.25,329.31
398.54,221.02,441.72,290.93
157.96,173.04,317.66,274.48
191.55,24.99,271.05,175.1
410.88,93.531,457.49,159.33
277.91,270.37,338.91,321.77
422.53,196.34,469.14,301.21
144.94,135.34,223.76,195.66
465.71,1,512.32,86.677
1,75.025,70.227,175.78
201.14,191.55,253.92,261.46
452,231.99,504.78,329.31
1,1,169.61,127.12
74.34,65.429,152.48,194.29
410.88,75.025,480.79,159.33
259.4,1,323.83,62.688
423.22,257.35,477.36,329.31
104.5,33.9,165.5,95.588
290.93,173.72,334.11,231.99
200.46,287.5,258.72,329.31
160.7,242.95,209.37,320.4
29.102,1,159.33,71.598
347.14,227.87,441.72,329.31
199.09,91.475,271.05,175.1
160.7,242.95,203.2,308.07
244.32,81.879,296.41,123
401.97,1,447.89,68.171
148.36,197.03,221.7,244.32
74.34,65.429,152.48,175.78
290.93,175.78,331.37,231.99
268.31,173.04,316.29,214.85
381.41,242.27,441.72,309.44
347.14,240.9,441.72,329.31
471.2,260.09,512.32,305.32
1,64.744,100.39,175.78
43.496,64.744,95.588,175.78
70.227,249.12,110.67,313.55
112.72,33.9,165.5,95.588
53.777,66.115,100.39,130.54
447.21,152.48,489.7,223.76
382.78,160.7,437.61,236.78
304.64,70.227,360.16,123.69
157.96,187.43,253.92,261.46
447.89,157.96,488.33,223.76
411.56,93.531,471.88,260.09
200.46,187.43,253.92,261.46
444.46,75.025,498.61,181.26
430.76,131.91,471.88,252.55
1,65.429,65.429,127.12
96.958,49.665,146.31,111.35
