85.267,209,330.6,422.33
1,1,341.27,511.93
143.93,1,341.27,290.07
1,1,148.2,434.07
1,175.93,341.27,511.93
105.53,470.33,159.93,511.93
150.33,1,291.13,281.53
254.87,173.8,341.27,246.33
25.533,177,341.27,511.93
63.933,1,341.27,312.47
177,129,279.4,254.87
15.933,270.87,206.87,505.53
216.47,175.93,341.27,511.93
187.67,389.27,266.6,511.93
1,95.933,116.2,398.87
23.4,175.93,341.27,511.93
39.4,453.27,93.8,511.93
1,270.87,174.87,511.93
198.33,217.53,243.13,281.53
222.87,1,317.8,104.47
145,1,341.27,423.4
84.2,1,341.27,313.53
26.6,257,341.27,511.93
73.533,273,276.2,433
1,1,123.67,511.93
254.87,271.93,337,319.93
26.6,322.07,88.467,437.27
189.8,387.13,341.27,511.93
220.73,230.33,334.87,313.53
26.6,1,341.27,511.93
185.53,425.53,341.27,511.93
1,209,341.27,511.93
58.6,286.87,295.4,424.47
218.6,437.27,341.27,511.93
84.2,97,169.53,311.4
40.467,177,341.27,511.93
24.467,145,341.27,511.93
15.933,232.47,261.27,511.93
1,1,120.47,511.93
15.933,175.93,341.27,511.93
36.2,81,132.2,363.67
297.53,1,341.27,195.13
299.67,124.73,341.27,202.6
1,322.07,59.667,511.93
24.467,228.2,283.67,511.93
37.267,359.4,177,511.93
254.87,234.6,303.93,284.73
1,47.933,101.27,254.87
36.2,385,277.27,511.93
33,95.933,116.2,335.93
26.6,257,211.13,437.27
15.933,232.47,275.13,511.93
95.933,292.2,341.27,511.93
1,284.73,295.4,511.93
89.533,311.4,183.4,419.13
221.8,145,333.8,297.53
98.067,306.07,269.8,347.67
85.267,312.47,139.67,426.6
95.933,1,206.87,303.93
110.87,389.27,261.27,511.93
1,1,341.27,434.07
85.267,293.27,275.13,433
39.4,386.07,173.8,511.93
29.8,386.07,79.933,451.13
125.8,1,341.27,305
189.8,178.07,341.27,497
35.133,287.93,82.067,366.87
1,1,119.4,434.07
189.8,370.07,341.27,511.93
1,1,126.87,398.87
95.933,1,341.27,303.93
1,1,132.2,511.93
140.73,323.13,220.73,511.93
259.13,1,341.27,186.6
1,1,341.27,398.87
1,287.93,175.93,511.93
95.933,292.2,283.67,511.93
1,1,341.27,466.07
234.6,175.93,341.27,291.13
220.73,289,341.27,511.93
189.8,175.93,341.27,497
1,1,123.67,483.13
1,271.93,341.27,511.93
30.867,229.27,242.07,431.93
82.067,98.067,132.2,316.73
88.467,232.47,275.13,420.2
85.267,175.93,341.27,426.6
259.13,1,341.27,217.53
222.87,1,341.27,217.53
222.87,451.13,341.27,511.93
1,287.93,222.87,511.93
187.67,385,277.27,511.93
140.73,209,306.07,419.13
263.4,220.73,341.27,383.93
142.87,421.27,222.87,511.93
45.8,270.87,167.4,434.07
63.933,1,228.2,311.4
85.267,209,306.07,422.33
25.533,360.47,74.6,506.6
125.8,1,341.27,310.33
15.933,270.87,206.87,511.93
187.67,389.27,261.27,467.13
36.2,389.27,219.67,511.93
140.73,209,275.13,313.53
107.67,421.27,220.73,511.93
220.73,230.33,273,313.53
125.8,1,228.2,294.33
107.67,175.93,341.27,511.93
155.67,209,283.67,398.87
146.07,1,291.13,285.8
125.8,1,341.27,298.6
131.13,392.47,242.07,511.93
146.07,1,341.27,285.8
26.6,260.2,131.13,437.27
1,1,151.4,466.07
131.13,422.33,222.87,511.93
1,1,116.2,398.87
145,421.27,220.73,511.93
86.333,1,143.93,308.2
1,1,120.47,303.93
87.4,311.4,266.6,427.67
135.4,175.93,341.27,313.53
1,1,109.8,226.07
279.4,287.93,341.27,358.33
1,1,132.2,483.13
1,1,126.87,511.93
26.6,257,277.27,511.93
180.2,287.93,295.4,410.6
18.067,343.4,73.533,505.53
89.533,311.4,275.13,511.93
225,460.73,341.27,505.53
1,313.53,78.867,511.93
45.8,307.13,109.8,417
1,287.93,82.067,511.93
107.67,421.27,242.07,511.93
189.8,145,333.8,310.33
86.333,1,341.27,308.2
1,287.93,105.53,511.93
56.467,1,120.47,181.27
63.933,1,169.53,311.4
145,1,284.73,290.07
95.933,1,341.27,305
155.67,177,341.27,423.4
182.33,387.13,341.27,481
95.933,321,225,433
115.13,251.67,205.8,302.87
82.067,396.73,154.6,463.93
73.533,273,204.73,433
85.267,175.93,341.27,497
189.8,145,341.27,511.93
58.6,228.2,283.67,443.67
206.87,1,285.8,233.53
159.93,287.93,341.27,431.93
187.67,289,341.27,511.93
89.533,311.4,341.27,511.93
85.267,232.47,275.13,426.6
120.47,323.13,205.8,425.53
89.533,312.47,270.87,443.67
90.6,326.33,131.13,420.2
56.467,1,120.47,303.93
110.87,469.27,173.8,511.93
41.533,396.73,154.6,492.73
191.93,265.53,263.4,310.33
187.67,271.93,341.27,511.93
110.87,421.27,222.87,511.93
157.8,114.07,201.53,270.87
145,1,341.27,290.07
24.467,322.07,173.8,511.93
255.93,274.07,330.6,319.93
135.4,255.93,194.07,306.07
58.6,284.73,295.4,424.47
152.47,129,341.27,312.47
1,1,109.8,142.87
251.67,1,341.27,195.13
1,287.93,341.27,511.93
171.67,314.6,237.8,406.33
56.467,51.133,120.47,181.27
120.47,311.4,275.13,425.53
95.933,1,284.73,305
1,404.2,61.8,511.93
155.67,188.73,330.6,398.87
45.8,270.87,173.8,495.93
1,1,119.4,482.07
189.8,229.27,264.47,310.33
1,1,120.47,398.87
135.4,183.4,307.13,423.4
220.73,421.27,341.27,468.2
177,186.6,235.67,287.93
131.13,471.4,177,511.93
218.6,450.07,266.6,511.93
40.467,310.33,341.27,511.93
24.467,426.6,105.53,506.6
243.13,269.8,283.67,397.8
1,1,123.67,398.87
1,1,120.47,483.13
135.4,255.93,206.87,310.33
173.8,287.93,295.4,421.27
152.47,1,341.27,312.47
73.533,331.67,167.4,433
145,1,201.53,290.07
170.6,233.53,261.27,312.47
135.4,217.53,273,313.53
1,287.93,105.53,483.13
1,287.93,50.067,483.13
220.73,289,341.27,468.2
244.2,177,341.27,295.4
18.067,312.47,81,454.33
154.6,1,212.2,127.93
222.87,1,341.27,291.13
135.4,217.53,243.13,310.33
189.8,387.13,341.27,481
225,453.27,341.27,511.93
282.6,289,341.27,399.93
73.533,273,204.73,426.6
30.867,322.07,173.8,511.93
299.67,215.4,341.27,295.4
140.73,209,306.07,422.33
86.333,1,135.4,308.2
155.67,188.73,289,398.87
1,130.07,86.333,398.87
45.8,390.33,154.6,500.2
88.467,310.33,275.13,433
78.867,388.2,222.87,511.93
84.2,255.93,132.2,311.4
5.2667,287.93,82.067,481
222.87,449,341.27,511.93
63.933,1,123.67,247.4
35.133,313.53,78.867,366.87
24.467,388.2,222.87,511.93
221.8,193,279.4,297.53
58.6,286.87,235.67,424.47
41.533,291.13,175.93,435.13
230.33,385,277.27,428.73
1,270.87,341.27,511.93
36.2,307.13,91.667,363.67
63.933,1,126.87,294.33
103.4,319.93,266.6,427.67
63.933,1,123.67,207.93
150.33,1,285.8,281.53
185.53,425.53,229.27,511.93
41.533,270.87,206.87,435.13
85.267,293.27,269.8,380.73
182.33,370.07,341.27,511.93
58.6,228.2,231.4,419.13
115.13,1,341.27,302.87
1,47.933,109.8,398.87
41.533,145,94.867,345.53
39.4,439.4,173.8,511.93
1,1,125.8,482.07
184.47,428.73,235.67,511.93
1,356.2,42.6,511.93
107.67,183.4,341.27,511.93
218.6,177,341.27,511.93
37.267,291.13,175.93,511.93
180.2,287.93,275.13,388.2
85.267,390.33,154.6,454.33
44.733,322.07,105.53,447.93
119.4,331.67,195.13,418.07
159.93,287.93,341.27,511.93
1,1,120.47,466.07
40.467,310.33,243.13,511.93
82.067,1,151.4,316.73
125.8,1,239.93,295.4
197.27,365.8,270.87,410.6
125.8,1,268.73,298.6
25.533,315.67,77.8,506.6
184.47,438.33,235.67,511.93
1,1,109.8,206.87
174.87,1,341.27,206.87
207.93,385,277.27,511.93
194.07,367.93,266.6,418.07
79.933,316.73,129,418.07
149.27,389.27,219.67,489.53
88.467,293.27,275.13,433
30.867,322.07,105.53,447.93
79.933,389.27,219.67,511.93
135.4,183.4,307.13,313.53
187.67,392.47,242.07,467.13
40.467,310.33,220.73,511.93
246.33,175.93,341.27,383.93
199.4,287.93,341.27,431.93
95.933,321,225,511.93
23.4,387.13,74.6,511.93
219.67,209,283.67,397.8
145,1,291.13,290.07
1,287.93,82.067,485.27
228.2,471.4,341.27,511.93
276.2,1,341.27,188.73
1,130.07,94.867,398.87
152.47,225,211.13,312.47
135.4,217.53,334.87,313.53
218.6,450.07,266.6,501.27
1,1,125.8,511.93
180.2,287.93,275.13,410.6
182.33,391.4,246.33,443.67
259.13,1,341.27,195.13
107.67,421.27,341.27,511.93
25.533,390.33,73.533,454.33
205.8,229.27,250.6,298.6
297.53,1,341.27,178.07
36.2,298.6,132.2,363.67
1,47.933,109.8,226.07
39.4,396.73,173.8,511.93
168.47,228.2,231.4,312.47
107.67,421.27,188.73,497
41.533,98.067,111.93,345.53
89.533,306.07,276.2,425.53
241,292.2,303.93,399.93
115.13,465,174.87,511.93
84.2,1,148.2,311.4
221.8,145,333.8,265.53
40.467,310.33,174.87,511.93
251.67,1,341.27,206.87
95.933,1,151.4,305
23.4,387.13,173.8,511.93
95.933,97,206.87,303.93
222.87,453.27,341.27,511.93
225,460.73,341.27,511.93
249.53,185.53,341.27,299.67
1,47.933,101.27,206.87
95.933,321,225,497
180.2,287.93,283.67,397.8
174.87,23.4,226.07,143.93
222.87,460.73,341.27,511.93
155.67,216.47,228.2,285.8
275.13,1,341.27,188.73
23.4,229.27,283.67,511.93
101.27,315.67,243.13,443.67
189.8,229.27,250.6,310.33
221.8,1,291.13,177
18.067,343.4,63.933,454.33
1,315.67,50.067,483.13
86.333,1,151.4,308.2
156.73,230.33,211.13,312.47
95.933,331.67,167.4,430.87
191.93,265.53,250.6,310.33
141.8,321,225,433
1,145,94.867,482.07
221.8,229.27,283.67,397.8
244.2,175.93,341.27,383.93
1,47.933,88.467,206.87
1,322.07,59.667,501.27
30.867,343.4,81,438.33
107.67,436.2,161,497
135.4,217.53,243.13,306.07
251.67,175.93,341.27,252.73
259.13,1,315.67,95.933
259.13,1,315.67,186.6
30.867,360.47,74.6,435.13
232.47,1,341.27,423.4
146.07,1,228.2,285.8
168.47,252.73,211.13,312.47
219.67,228.2,263.4,270.87
41.533,1,148.2,345.53
89.533,312.47,183.4,420.2
47.933,322.07,105.53,447.93
30.867,287.93,82.067,365.8
40.467,439.4,159.93,511.93
1,130.07,62.867,398.87
45.8,310.33,105.53,434.07
150.33,186.6,263.4,298.6
243.13,292.2,283.67,398.87
47.933,1,125.8,345.53
283.67,363.67,341.27,431.93
146.07,422.33,220.73,511.93
18.067,343.4,73.533,454.33
1,175.93,98.067,483.13
50.067,444.73,115.13,492.73
174.87,1,239.93,143.93
231.4,1,274.07,79.933
232.47,290.07,341.27,423.4
135.4,183.4,307.13,398.87
253.8,1,341.27,228.2
120.47,331.67,167.4,420.2
101.27,388.2,187.67,492.73
41.533,426.6,115.13,492.73
232.47,177,341.27,423.4
218.6,369,341.27,511.93
152.47,225,250.6,312.47
244.2,177,341.27,282.6
184.47,217.53,270.87,286.87
148.2,323.13,205.8,425.53
247.4,322.07,292.2,398.87
119.4,319.93,234.6,427.67
155.67,209,283.67,397.8
252.73,339.13,341.27,441.53
252.73,290.07,341.27,441.53
1,207.93,94.867,483.13
15.933,343.4,73.533,505.53
222.87,471.4,341.27,511.93
249.53,175.93,301.8,252.73
1,318.87,61.8,482.07
187.67,316.73,285.8,423.4
222.87,409.53,341.27,511.93
241,292.2,283.67,398.87
149.27,422.33,219.67,489.53
95.933,331.67,167.4,433
95.933,97,169.53,303.93
187.67,217.53,243.13,283.67
187.67,396.73,232.47,467.13
171.67,232.47,261.27,311.4
135.4,229.27,206.87,306.07
140.73,422.33,184.47,477.8
187.67,292.2,283.67,423.4
125.8,1,201.53,295.4
156.73,265.53,211.13,312.47
171.67,287.93,283.67,398.87
1,47.933,101.27,398.87
232.47,185.53,341.27,423.4
23.4,229.27,242.07,511.93
103.4,405.27,178.07,492.73
30.867,383.93,75.667,438.33
152.47,129,279.4,312.47
172.73,348.73,216.47,399.93
183.4,230.33,228.2,284.73
30.867,287.93,105.53,447.93
58.6,307.13,109.8,355.13
45.8,270.87,159.93,434.07
89.533,306.07,275.13,425.53
244.2,177,341.27,397.8
232.47,293.27,341.27,423.4
36.2,390.33,154.6,511.93
241,175.93,341.27,291.13
221.8,186.6,341.27,297.53
58.6,228.2,283.67,419.13
45.8,307.13,109.8,431.93
25.533,360.47,74.6,454.33
159.93,308.2,273,418.07
45.8,310.33,105.53,445.8
115.13,1,270.87,302.87
244.2,177,341.27,305
294.33,321,341.27,401
300.73,220.73,341.27,295.4
78.867,456.47,173.8,511.93
88.467,310.33,275.13,420.2
24.467,396.73,154.6,511.93
1,1,120.47,181.27
254.87,1,341.27,246.33
30.867,207.93,94.867,335.93
262.33,289,341.27,442.6
37.267,359.4,173.8,511.93
253.8,175.93,301.8,228.2
222.87,1,274.07,94.867
1,357.27,42.6,491.67
89.533,311.4,275.13,419.13
140.73,254.87,204.73,310.33
148.2,315.67,235.67,424.47
252.73,183.4,307.13,248.47
161,113,229.27,254.87
282.6,289,341.27,397.8
107.67,424.47,173.8,495.93
285.8,287.93,341.27,358.33
1,318.87,174.87,511.93
58.6,307.13,129,378.6
230.33,381.8,294.33,426.6
187.67,361.53,276.2,423.4
1,356.2,42.6,499.13
220.73,369,341.27,468.2
183.4,230.33,235.67,287.93
107.67,158.87,151.4,301.8
260.2,220.73,341.27,295.4
187.67,396.73,236.73,467.13
274.07,1,317.8,104.47
147.13,76.733,201.53,277.27
252.73,321,341.27,431.93
222.87,290.07,341.27,468.2
41.533,193,94.867,329.53
95.933,386.07,155.67,433
174.87,1,291.13,177
107.67,1,151.4,301.8
82.067,1,123.67,311.4
244.2,186.6,341.27,295.4
222.87,463.93,341.27,511.93
103.4,287.93,179.13,328.47
120.47,331.67,167.4,404.2
41.533,291.13,175.93,415.93
78.867,421.27,222.87,511.93
89.533,311.4,275.13,425.53
87.4,287.93,283.67,427.67
171.67,307.13,275.13,386.07
155.67,216.47,218.6,285.8
89.533,312.47,205.8,420.2
30.867,164.2,94.867,335.93
260.2,322.07,303.93,392.47
155.67,1,285.8,254.87
131.13,422.33,221.8,511.93
119.4,315.67,235.67,424.47
221.8,459.67,341.27,511.93
1,393.53,54.333,506.6
295.4,1,341.27,202.6
18.067,388.2,73.533,454.33
101.27,315.67,270.87,443.67
116.2,469.27,214.33,511.93
26.6,307.13,131.13,437.27
228.2,466.07,341.27,511.93
220.73,381.8,341.27,468.2
221.8,452.2,341.27,511.93
173.8,389.27,261.27,467.13
103.4,257,211.13,328.47
63.933,1,123.67,186.6
252.73,381.8,341.27,431.93
39.4,456.47,173.8,511.93
107.67,439.4,157.8,495.93
1,315.67,61.8,511.93
150.33,111.93,268.73,298.6
89.533,312.47,235.67,424.47
177,1,291.13,254.87
275.13,1,341.27,199.4
1,357.27,62.867,511.93
262.33,371.13,341.27,442.6
182.33,414.87,235.67,511.93
40.467,359.4,152.47,511.93
33,382.87,81,428.73
78.867,326.33,131.13,420.2
260.2,228.2,308.2,284.73
254.87,175.93,341.27,383.93
219.67,209,275.13,313.53
24.467,426.6,105.53,511.93
1,357.27,42.6,511.93
131.13,422.33,219.67,492.73
140.73,216.47,261.27,312.47
202.6,389.27,261.27,467.13
283.67,390.33,341.27,431.93
222.87,469.27,303.93,511.93
198.33,290.07,306.07,419.13
222.87,1,317.8,175.93
244.2,177,341.27,268.73
47.933,369,88.467,417
110.87,422.33,184.47,495.93
279.4,215.4,341.27,291.13
137.53,265.53,211.13,312.47
95.933,342.33,167.4,430.87
40.467,359.4,174.87,511.93
241,190.87,341.27,291.13
169.53,233.53,261.27,312.47
125.8,422.33,184.47,495.93
173.8,367.93,266.6,420.2
86.333,273,204.73,347.67
120.47,342.33,167.4,404.2
161,111.93,268.73,233.53
129,421.27,188.73,497
254.87,181.27,321,246.33
221.8,466.07,341.27,511.93
206.87,157.8,263.4,233.53
206.87,345.53,276.2,405.27
239.93,316.73,285.8,402.07
33,307.13,109.8,431.93
222.87,459.67,341.27,511.93
1,357.27,54.333,511.93
148.2,361.53,205.8,425.53
145,469.27,214.33,511.93
107.67,422.33,184.47,495.93
87.4,287.93,283.67,476.73
1,357.27,54.333,506.6
199.4,287.93,341.27,358.33
150.33,186.6,235.67,287.93
280.47,1,341.27,188.73
79.933,457.53,124.73,511.93
78.867,284.73,182.33,418.07
30.867,284.73,182.33,431.93
222.87,1,276.2,94.867
53.267,411.67,105.53,454.33
49,307.13,109.8,417
140.73,216.47,218.6,310.33
181.27,228.2,231.4,283.67
73.533,1,119.4,107.67
151.4,319.93,234.6,427.67
119.4,315.67,243.13,424.47
299.67,1,341.27,202.6
207.93,385,277.27,467.13
154.6,1,195.13,47.933
31.933,386.07,74.6,435.13
103.4,389.27,219.67,492.73
205.8,229.27,250.6,287.93
103.4,319.93,237.8,427.67
103.4,257,211.13,424.47
40.467,390.33,173.8,511.93
241,291.13,295.4,397.8
187.67,396.73,242.07,467.13
222.87,450.07,341.27,511.93
230.33,369,341.27,442.6
222.87,409.53,341.27,468.2
229.27,290.07,306.07,398.87
33,284.73,182.33,431.93
1,318.87,62.867,511.93
259.13,82.067,314.6,217.53
85.267,310.33,159.93,380.73
279.4,215.4,341.27,260.2
40.467,359.4,137.53,511.93
229.27,292.2,283.67,398.87
168.47,265.53,211.13,312.47
78.867,456.47,123.67,511.93
103.4,319.93,234.6,427.67
115.13,257,189.8,302.87
216.47,290.07,341.27,511.93
259.13,50.067,314.6,217.53
159.93,292.2,303.93,418.07
155.67,1,222.87,143.93
110.87,436.2,154.6,492.73
30.867,193,94.867,335.93
79.933,457.53,214.33,511.93
241,237.8,306.07,286.87
150.33,186.6,263.4,287.93
53.267,390.33,154.6,454.33
152.47,225,231.4,312.47
206.87,111.93,268.73,233.53
168.47,230.33,229.27,312.47
36.2,411.67,105.53,511.93
30.867,175.93,98.067,335.93
254.87,177,341.27,246.33
254.87,290.07,303.93,399.93
46.867,310.33,105.53,386.07
225,41.533,285.8,175.93
241,287.93,283.67,398.87
118.33,311.4,210.07,424.47
87.4,396.73,154.6,454.33
262.33,379.67,341.27,442.6
230.33,369,295.4,426.6
263.4,237.8,306.07,283.67
152.47,225,206.87,283.67
103.4,265.53,211.13,328.47
58.6,286.87,209,419.13
118.33,331.67,171.67,424.47
249.53,185.53,341.27,305
39.4,468.2,86.333,511.93
151.4,389.27,201.53,458.6
259.13,1,315.67,99.133
241,292.2,303.93,398.87
26.6,360.47,88.467,437.27
119.4,331.67,205.8,418.07
154.6,1,239.93,143.93
101.27,388.2,187.67,443.67
222.87,466.07,341.27,511.93
254.87,190.87,341.27,291.13
221.8,1,291.13,175.93
41.533,145,94.867,329.53
40.467,426.6,105.53,489.53
78.867,287.93,179.13,418.07
40.467,439.4,91.667,489.53
45.8,390.33,154.6,508.73
168.47,229.27,242.07,312.47
244.2,186.6,341.27,282.6
187.67,396.73,237.8,467.13
254.87,175.93,341.27,282.6
45.8,449,117.27,500.2
5.2667,322.07,59.667,469.27
118.33,331.67,167.4,420.2
260.2,299.67,303.93,392.47
228.2,463.93,341.27,511.93
294.33,321,341.27,383.93
86.333,270.87,159.93,347.67
194.07,367.93,271.93,418.07
43.667,456.47,100.2,511.93
161,113,229.27,206.87
221.8,193,279.4,265.53
116.2,470.33,173.8,511.93
188.73,1,291.13,175.93
159.93,308.2,273,406.33
241,291.13,283.67,397.8
270.87,145,333.8,206.87
254.87,119.4,341.27,246.33
36.2,438.33,93.8,494.87
1,315.67,41.533,483.13
30.867,383.93,81,438.33
47.933,75.667,121.53,345.53
283.67,339.13,341.27,431.93
79.933,461.8,124.73,511.93
222.87,385,341.27,461.8
104.47,422.33,178.07,476.73
115.13,217.53,270.87,302.87
40.467,439.4,173.8,511.93
86.333,298.6,159.93,347.67
9.5333,50.067,101.27,190.87
65,1,119.4,107.67
188.73,1,231.4,143.93
65,1,111.93,63.933
184.47,217.53,263.4,265.53
90.6,311.4,210.07,420.2
262.33,389.27,341.27,442.6
47.933,369,88.467,428.73
145,323.13,220.73,511.93
243.13,292.2,283.67,397.8
26.6,360.47,74.6,437.27
183.4,230.33,229.27,285.8
49,307.13,109.8,399.93
110.87,434.07,157.8,476.73
103.4,405.27,178.07,476.73
40.467,439.4,93.8,494.87
36.2,411.67,105.53,494.87
264.47,290.07,306.07,391.4
33,207.93,94.867,335.93
154.6,1,212.2,143.93
263.4,234.6,303.93,284.73
229.27,345.53,276.2,398.87
177,311.4,275.13,407.4
30.867,360.47,74.6,437.27
87.4,311.4,210.07,420.2
171.67,297.53,275.13,386.07
225,1,285.8,175.93
186.6,307.13,275.13,386.07
157.8,145,201.53,270.87
15.933,322.07,59.667,455.4
153.53,453.27,221.8,511.93
206.87,168.47,263.4,233.53
40.467,439.4,91.667,494.87
184.47,217.53,231.4,260.2
223.93,385,277.27,444.73
58.6,307.13,131.13,420.2
121.53,349.8,171.67,399.93
193,396.73,237.8,467.13
30.867,387.13,74.6,437.27
161,113,246.33,254.87
45.8,456.47,100.2,500.2
206.87,145,263.4,233.53
222.87,385,341.27,468.2
159.93,314.6,237.8,406.33
174.87,319.93,237.8,406.33
159.93,329.53,216.47,399.93
231.4,1,274.07,94.867
155.67,1,222.87,127.93
222.87,469.27,341.27,511.93
285.8,220.73,341.27,383.93
155.67,1,246.33,254.87
299.67,145,341.27,202.6
215.4,228.2,263.4,271.93
45.8,449,135.4,500.2
252.73,381.8,341.27,441.53
115.13,257,184.47,302.87
153.53,469.27,214.33,511.93
184.47,217.53,254.87,265.53
285.8,287.93,341.27,383.93
78.867,316.73,129,418.07
238.87,451.13,341.27,492.73
260.2,290.07,303.93,392.47
83.133,316.73,129,378.6
241,337,281.53,398.87
116.2,470.33,159.93,511.93
40.467,439.4,113,511.93
151.4,343.4,211.13,427.67
119.4,331.67,171.67,399.93
30.867,287.93,82.067,362.6
40.467,439.4,91.667,511.93
149.27,423.4,219.67,489.53
294.33,220.73,341.27,291.13
174.87,319.93,234.6,403.13
151.4,343.4,201.53,427.67
121.53,311.4,210.07,383.93
56.467,51.133,109.8,181.27
186.6,308.2,273,386.07
155.67,1,212.2,127.93
254.87,190.87,341.27,282.6
