237.8,139.67,363.67,214.33
127.93,135.4,293.27,366.87
1,5.2667,154.6,511.93
1,1,257,511.93
1,1,383.93,511.93
241,221.8,383.93,511.93
1,1,199.4,511.93
119.4,1,377.53,283.67
233.53,1,383.93,511.93
205.8,253.8,319.93,386.07
241,341.27,383.93,511.93
151.4,45.8,373.27,511.93
87.4,60.733,175.93,221.8
193,139.67,383.93,511.93
215.4,1,383.93,511.93
1,1,331.67,511.93
205.8,1,383.93,511.93
81,154.6,132.2,255.93
1,1,327.4,511.93
82.067,345.53,191.93,511.93
1,1,291.13,255.93
142.87,1,383.93,511.93
142.87,1,362.6,183.4
257,1,383.93,223.93
261.27,354.07,383.93,511.93
119.4,122.6,239.93,375.4
37.267,135.4,293.27,391.4
127.93,217.53,177,283.67
215.4,142.87,371.13,380.73
234.6,1,383.93,227.13
127.93,138.6,227.13,366.87
31.933,314.6,383.93,511.93
164.2,381.8,241,510.87
35.133,1,383.93,511.93
35.133,45.8,373.27,511.93
1,1,241,511.93
37.267,1,383.93,511.93
1,136.47,383.93,511.93
1,5.2667,239.93,511.93
47.933,168.47,220.73,388.2
74.6,359.4,237.8,511.93
37.267,135.4,307.13,426.6
293.27,43.667,364.73,107.67
150.33,326.33,220.73,391.4
34.067,1,331.67,221.8
50.067,1,223.93,191.93
165.27,1,383.93,511.93
197.27,42.6,372.2,511.93
89.533,367.93,184.47,511.93
257,140.73,363.67,213.27
82.067,154.6,164.2,287.93
33,1,383.93,511.93
31.933,319.93,226.07,511.93
1,1,276.2,286.87
254.87,134.33,374.33,294.33
1,1,383.93,383.93
47.933,134.33,265.53,495.93
1,1,239.93,511.93
1,154.6,223.93,511.93
335.93,1,377.53,49
47.933,1,383.93,511.93
92.733,314.6,383.93,511.93
1,1,377.53,511.93
1,136.47,241,511.93
1,1,154.6,511.93
53.267,258.07,98.067,311.4
1,1,212.2,255.93
31.933,319.93,237.8,511.93
33,1,327.4,235.67
1,1,287.93,511.93
165.27,135.4,319.93,511.93
226.07,370.07,321,511.93
53.267,1,383.93,511.93
1,369,63.933,491.67
37.267,199.4,131.13,367.93
1,1,276.2,511.93
33,250.6,257,511.93
238.87,214.33,383.93,511.93
215.4,1,383.93,391.4
33,250.6,219.67,388.2
49,262.33,219.67,388.2
251.67,278.33,317.8,339.13
1,8.4667,53.267,239.93
34.067,247.4,198.33,382.87
155.67,137.53,239.93,375.4
53.267,135.4,319.93,511.93
251.67,1,362.6,65
37.267,135.4,307.13,391.4
1,1,102.33,461.8
62.867,331.67,103.4,437.27
310.33,214.33,383.93,374.33
326.33,214.33,383.93,383.93
62.867,331.67,237.8,511.93
166.33,140.73,227.13,315.67
199.4,1,363.67,345.53
33,250.6,126.87,369
89.533,68.2,212.2,235.67
1,1,237.8,511.93
178.07,385,241,511.93
88.467,356.2,223.93,511.93
142.87,1,300.73,183.4
211.13,153.53,360.47,345.53
197.27,1,331.67,182.33
156.73,385,237.8,511.93
47.933,257,126.87,367.93
34.067,1,212.2,182.33
35.133,47.933,94.867,255.93
33,1,327.4,221.8
72.467,347.67,239.93,511.93
110.87,262.33,190.87,381.8
246.33,319.93,319.93,375.4
328.47,124.73,370.07,201.53
206.87,292.2,253.8,371.13
1,1,154.6,286.87
197.27,1,383.93,511.93
234.6,1,383.93,310.33
1,82.067,46.867,225
121.53,122.6,239.93,375.4
28.733,305,241,511.93
34.067,1,327.4,182.33
1,1,146.07,511.93
177,111.93,227.13,197.27
1,1,104.47,511.93
1,1,68.2,238.87
293.27,1,383.93,383.93
1,305,110.87,511.93
195.13,314.6,298.6,399.93
294.33,1,383.93,511.93
316.73,1,383.93,511.93
35.133,266.6,198.33,382.87
74.6,189.8,177,294.33
205.8,187.67,383.93,386.07
110.87,260.2,257,511.93
258.07,143.93,324.2,188.73
289,5.2667,342.33,50.067
18.067,354.07,78.867,478.87
1,168.47,223.93,511.93
258.07,444.73,319.93,511.93
293.27,1,378.6,107.67
311.4,46.867,383.93,511.93
142.87,1,377.53,183.4
311.4,1,383.93,511.93
247.4,258.07,318.87,342.33
33,137.53,259.13,511.93
1,294.33,103.4,511.93
1,1,201.53,221.8
318.87,382.87,371.13,511.93
165.27,55.4,282.6,198.33
250.6,187.67,383.93,385
28.733,305,227.13,511.93
234.6,1,383.93,300.73
215.4,5.2667,377.53,380.73
1,1,103.4,511.93
33,122.6,257,511.93
252.73,201.53,359.4,300.73
265.53,83.133,383.93,211.13
250.6,1,383.93,211.13
185.53,382.87,239.93,453.27
237.8,45.8,373.27,511.93
253.8,218.6,359.4,299.67
215.4,153.53,271.93,345.53
34.067,1,226.07,182.33
210.07,253.8,251.67,374.33
197.27,1,327.4,181.27
87.4,47.933,159.93,188.73
293.27,1,383.93,511.93
110.87,271.93,198.33,382.87
219.67,115.13,342.33,248.47
251.67,1,362.6,139.67
145,169.53,220.73,264.47
215.4,142.87,383.93,391.4
1,209,113,511.93
1,1,177,511.93
163.13,134.33,265.53,495.93
199.4,1,383.93,383.93
61.8,284.73,130.07,357.27
159.93,385,237.8,511.93
165.27,1,383.93,310.33
47.933,251.67,207.93,388.2
323.13,1,379.67,47.933
197.27,141.8,366.87,387.13
150.33,295.4,219.67,388.2
237.8,1,363.67,214.33
246.33,292.2,319.93,391.4
1,449,57.533,511.93
79.933,127.93,163.13,292.2
110.87,270.87,219.67,388.2
34.067,136.47,241,387.13
1,231.4,46.867,369
1,168.47,220.73,511.93
148.2,1,327.4,184.47
326.33,1,376.47,74.6
213.27,364.73,383.93,511.93
197.27,42.6,372.2,396.73
237.8,45.8,372.2,214.33
1,1,212.2,511.93
53.267,254.87,220.73,391.4
31.933,319.93,239.93,511.93
142.87,1,279.4,181.27
50.067,1,194.07,159.93
151.4,133.27,321,511.93
308.2,465,358.33,511.93
33,1,201.53,221.8
193,139.67,279.4,511.93
110.87,259.13,214.33,387.13
62.867,331.67,236.73,511.93
219.67,1,383.93,248.47
1,369,63.933,472.47
290.07,298.6,371.13,385
254.87,376.47,316.73,481
31.933,319.93,106.6,383.93
329.53,214.33,383.93,266.6
37.267,199.4,220.73,391.4
278.33,49,334.87,117.27
110.87,251.67,207.93,388.2
205.8,333.8,257,511.93
88.467,354.07,226.07,511.93
162.07,397.8,227.13,511.93
271.93,1,327.4,57.533
248.47,218.6,373.27,393.53
335.93,1,377.53,74.6
125.8,212.2,177,294.33
155.67,140.73,227.13,375.4
285.8,83.133,383.93,210.07
297.53,1,375.4,55.4
83.133,136.47,241,387.13
265.53,388.2,365.8,456.47
318.87,295.4,370.07,371.13
215.4,5.2667,383.93,511.93
157.8,114.07,199.4,191.93
292.2,1,375.4,55.4
215.4,142.87,319.93,380.73
319.93,281.53,369,338.07
318.87,295.4,375.4,396.73
1,44.733,94.867,461.8
77.8,262.33,220.73,391.4
148.2,1,300.73,183.4
134.33,225,177,286.87
323.13,1,378.6,47.933
89.533,367.93,191.93,511.93
159.93,409.53,227.13,511.93
322.07,132.2,372.2,210.07
15.933,210.07,111.93,317.8
233.53,43.667,383.93,230.33
277.27,42.6,382.87,186.6
164.2,381.8,241,454.33
219.67,335.93,298.6,396.73
88.467,367.93,191.93,511.93
1,203.67,110.87,511.93
250.6,376.47,370.07,511.93
27.667,305,85.267,461.8
121.53,122.6,183.4,221.8
151.4,136.47,241,387.13
209,260.2,252.73,375.4
90.6,97,146.07,163.13
319.93,1,383.93,223.93
110.87,262.33,220.73,391.4
180.2,409.53,227.13,511.93
228.2,354.07,364.73,511.93
338.07,367.93,383.93,511.93
1,200.47,113,511.93
326.33,47.933,383.93,511.93
79.933,127.93,132.2,255.93
121.53,122.6,183.4,283.67
195.13,314.6,383.93,511.93
127.93,367.93,237.8,511.93
1,209,85.267,511.93
246.33,279.4,319.93,391.4
199.4,1,326.33,180.2
197.27,135.4,293.27,335.93
1,369,53.267,511.93
92.733,371.13,223.93,511.93
234.6,142.87,324.2,188.73
246.33,278.33,319.93,379.67
238.87,298.6,371.13,511.93
197.27,1,326.33,182.33
254.87,34.067,374.33,294.33
118.33,270.87,159.93,369
119.4,122.6,206.87,283.67
254.87,34.067,377.53,360.47
322.07,1,383.93,81
110.87,262.33,219.67,388.2
79.933,154.6,164.2,287.93
205.8,333.8,286.87,380.73
197.27,135.4,319.93,511.93
118.33,262.33,190.87,381.8
175.93,157.8,216.47,198.33
237.8,130.07,363.67,214.33
321,244.2,377.53,300.73
49,284.73,130.07,357.27
25.533,209,84.2,271.93
319.93,1,377.53,49
74.6,247.4,127.93,294.33
1,1,102.33,238.87
293.27,1,376.47,74.6
250.6,1,327.4,57.533
205.8,333.8,265.53,386.07
149.27,323.13,220.73,391.4
318.87,295.4,371.13,374.33
168.47,397.8,222.87,511.93
27.667,301.8,191.93,391.4
250.6,1,300.73,57.533
79.933,271.93,198.33,382.87
27.667,301.8,223.93,511.93
79.933,154.6,177,287.93
238.87,367.93,383.93,511.93
199.4,1,270.87,180.2
162.07,1,276.2,132.2
325.27,430.87,367.93,500.2
31.933,319.93,127.93,511.93
197.27,141.8,341.27,387.13
33,250.6,130.07,357.27
241,83.133,383.93,511.93
163.13,141.8,239.93,417
1,1,94.867,255.93
257,34.067,372.2,139.67
177,47.933,291.13,197.27
163.13,138.6,227.13,215.4
261.27,354.07,370.07,456.47
33,250.6,122.6,329.53
321,282.6,376.47,353
277.27,42.6,371.13,140.73
234.6,132.2,383.93,227.13
234.6,142.87,372.2,300.73
265.53,388.2,370.07,456.47
193,139.67,265.53,511.93
316.73,1,376.47,74.6
34.067,1,223.93,221.8
199.4,1,363.67,214.33
250.6,455.4,319.93,511.93
37.267,322.07,239.93,511.93
253.8,211.13,319.93,299.67
146.07,251.67,207.93,378.6
1,1,147.13,255.93
92.733,371.13,237.8,511.93
322.07,1,375.4,74.6
148.2,1,300.73,181.27
118.33,270.87,177,381.8
257,140.73,344.47,213.27
117.27,271.93,162.07,381.8
148.2,1,270.87,183.4
195.13,314.6,373.27,399.93
294.33,46.867,339.13,95.933
258.07,451.13,319.93,503.4
111.93,95.933,159.93,188.73
110.87,270.87,159.93,361.53
12.733,447.93,79.933,511.93
59.667,449,113,511.93
27.667,301.8,104.47,383.93
205.8,187.67,383.93,511.93
238.87,377.53,324.2,471.4
215.4,139.67,265.53,351.93
285.8,83.133,383.93,366.87
260.2,42.6,372.2,214.33
31.933,1,159.93,97
31.933,44.733,147.13,255.93
325.27,243.13,367.93,295.4
252.73,189.8,314.6,231.4
74.6,154.6,177,294.33
310.33,214.33,383.93,294.33
211.13,153.53,321,511.93
156.73,385,223.93,511.93
321,255.93,377.53,353
33,209,104.47,316.73
265.53,140.73,363.67,211.13
246.33,214.33,383.93,391.4
241,292.2,375.4,511.93
248.47,213.27,373.27,393.53
319.93,47.933,383.93,223.93
49,270.87,219.67,388.2
162.07,397.8,222.87,511.93
197.27,137.53,243.13,334.87
1,358.33,53.267,506.6
31.933,319.93,104.47,383.93
88.467,354.07,166.33,511.93
177,63.933,284.73,197.27
315.67,1,383.93,383.93
211.13,153.53,271.93,345.53
142.87,1,327.4,183.4
77.8,358.33,127.93,511.93
257,1,359.4,77.8
53.267,199.4,98.067,311.4
1,1,287.93,221.8
251.67,1,300.73,65
77.8,332.73,153.53,385
197.27,137.53,239.93,334.87
180.2,410.6,227.13,511.93
50.067,1,159.93,97
31.933,319.93,191.93,511.93
215.4,153.53,255.93,274.07
162.07,385,237.8,511.93
79.933,127.93,163.13,286.87
116.2,222.87,177,286.87
231.4,55.4,282.6,150.33
127.93,222.87,177,271.93
318.87,255.93,377.53,353
257,140.73,342.33,213.27
31.933,319.93,104.47,360.47
205.8,260.2,257,511.93
319.93,1,362.6,43.667
285.8,1,383.93,210.07
37.267,199.4,126.87,367.93
225,47.933,291.13,138.6
83.133,155.67,163.13,286.87
88.467,367.93,166.33,511.93
142.87,1,270.87,183.4
277.27,49,337,140.73
110.87,270.87,180.2,381.8
1,79.933,52.2,238.87
197.27,141.8,366.87,396.73
321,282.6,377.53,353
161,397.8,223.93,511.93
250.6,445.8,359.4,511.93
319.93,1,363.67,47.933
261.27,451.13,319.93,503.4
92.733,367.93,190.87,511.93
215.4,157.8,271.93,379.67
1,209,84.2,460.73
195.13,314.6,251.67,399.93
319.93,281.53,375.4,360.47
193,292.2,258.07,511.93
234.6,34.067,383.93,227.13
79.933,266.6,198.33,382.87
177,103.4,284.73,197.27
71.4,363.67,120.47,511.93
270.87,354.07,324.2,395.67
31.933,44.733,94.867,255.93
162.07,385,227.13,511.93
65,331.67,191.93,391.4
71.4,97,146.07,212.2
121.53,122.6,206.87,283.67
185.53,385,239.93,478.87
71.4,97,154.6,286.87
142.87,1,287.93,181.27
233.53,1,383.93,230.33
318.87,295.4,360.47,339.13
211.13,157.8,277.27,379.67
250.6,200.47,308.2,243.13
167.4,385,237.8,484.2
250.6,236.73,359.4,300.73
155.67,137.53,257,511.93
257,1,300.73,77.8
315.67,1,383.93,223.93
1,210.07,62.867,369
218.6,139.67,265.53,251.67
257,1,382.87,186.6
319.93,66.067,371.13,118.33
248.47,326.33,373.27,388.2
254.87,5.2667,377.53,360.47
285.8,83.133,383.93,227.13
228.2,376.47,321,511.93
1,305,85.267,511.93
155.67,137.53,259.13,511.93
226.07,354.07,383.93,511.93
250.6,187.67,370.07,300.73
234.6,132.2,342.33,184.47
338.07,1,383.93,223.93
166.33,178.07,216.47,275.13
246.33,292.2,371.13,375.4
223.93,103.4,284.73,150.33
37.267,310.33,95.933,357.27
319.93,281.53,377.53,338.07
324.2,242.07,378.6,388.2
53.267,199.4,124.73,311.4
319.93,366.87,383.93,511.93
319.93,281.53,377.53,360.47
90.6,47.933,133.27,136.47
237.8,45.8,371.13,214.33
251.67,1,300.73,56.467
27.667,305,84.2,460.73
310.33,214.33,383.93,306.07
165.27,134.33,225,198.33
196.2,323.13,251.67,426.6
322.07,1,376.47,74.6
1,293.27,81,511.93
264.47,337,319.93,381.8
310.33,214.33,383.93,511.93
155.67,140.73,257,511.93
31.933,1,199.4,191.93
1,231.4,84.2,460.73
39.4,326.33,94.867,383.93
319.93,382.87,365.8,504.47
248.47,213.27,373.27,511.93
83.133,68.2,147.13,181.27
165.27,178.07,216.47,366.87
253.8,187.67,383.93,385
88.467,367.93,190.87,511.93
158.87,383.93,239.93,511.93
150.33,326.33,191.93,370.07
89.533,68.2,212.2,271.93
4.2,305,85.267,511.93
185.53,385,239.93,511.93
181.27,140.73,227.13,315.67
83.133,155.67,157.8,286.87
323.13,1,363.67,47.933
319.93,430.87,367.93,511.93
321,244.2,377.53,338.07
110.87,270.87,177,381.8
1,209,72.467,369
151.4,136.47,321,511.93
238.87,377.53,371.13,511.93
237.8,45.8,372.2,215.4
77.8,354.07,127.93,511.93
31.933,1,276.2,191.93
246.33,325.27,318.87,375.4
129,168.47,220.73,264.47
148.2,1,300.73,184.47
285.8,81,360.47,157.8
53.267,199.4,124.73,312.47
265.53,388.2,367.93,511.93
283.67,426.6,351.93,511.93
230.33,376.47,321,511.93
197.27,135.4,319.93,380.73
211.13,157.8,271.93,379.67
136.47,217.53,177,283.67
127.93,133.27,183.4,221.8
59.667,363.67,113,511.93
254.87,132.2,374.33,294.33
260.2,42.6,372.2,211.13
167.4,385,237.8,511.93
110.87,270.87,159.93,369
126.87,222.87,177,271.93
319.93,1,362.6,45.8
257,1,326.33,77.8
234.6,134.33,301.8,184.47
247.4,258.07,360.47,342.33
28.733,305,90.6,363.67
81,259.13,220.73,391.4
168.47,397.8,220.73,511.93
211.13,157.8,318.87,379.67
265.53,140.73,344.47,211.13
34.067,247.4,104.47,316.73
271.93,146.07,372.2,211.13
255.93,213.27,366.87,294.33
1,216.47,47.933,335.93
72.467,347.67,191.93,511.93
193,388.2,245.27,495.93
148.2,1,279.4,181.27
229.27,61.8,273,138.6
254.87,140.73,383.93,227.13
321,47.933,383.93,511.93
215.4,157.8,271.93,345.53
247.4,201.53,360.47,342.33
246.33,325.27,319.93,378.6
329.53,242.07,374.33,310.33
165.27,134.33,241,198.33
50.067,1,218.6,191.93
246.33,292.2,319.93,375.4
165.27,140.73,244.2,439.4
337,103.4,377.53,159.93
257,1,324.2,77.8
83.133,145,212.2,286.87
250.6,236.73,365.8,300.73
234.6,142.87,372.2,214.33
250.6,187.67,308.2,243.13
150.33,309.27,219.67,388.2
290.07,298.6,383.93,385
74.6,348.73,236.73,511.93
233.53,41.533,383.93,230.33
326.33,214.33,383.93,309.27
255.93,134.33,301.8,184.47
211.13,157.8,281.53,379.67
295.4,385,364.73,476.73
56.467,37.267,123.67,82.067
178.07,385,239.93,511.93
164.2,175.93,206.87,220.73
110.87,271.93,164.2,380.73
1,1,102.33,104.47
53.267,199.4,126.87,367.93
270.87,354.07,324.2,406.33
157.8,111.93,199.4,191.93
265.53,445.8,359.4,497
31.933,1,113,75.667
311.4,46.867,383.93,228.2
310.33,214.33,369,294.33
74.6,222.87,177,294.33
1,1,94.867,460.73
222.87,373.27,269.8,511.93
293.27,43.667,372.2,107.67
180.2,397.8,237.8,489.53
79.933,145,132.2,255.93
228.2,370.07,321,511.93
180.2,410.6,227.13,489.53
195.13,314.6,251.67,426.6
213.27,364.73,269.8,511.93
220.73,154.6,319.93,335.93
264.47,79.933,361.53,157.8
146.07,262.33,190.87,377.53
185.53,140.73,227.13,201.53
28.733,305,191.93,391.4
254.87,376.47,312.47,481
4.2,338.07,79.933,511.93
143.93,262.33,220.73,391.4
250.6,1,327.4,133.27
322.07,103.4,383.93,223.93
324.2,223.93,378.6,388.2
233.53,137.53,363.67,211.13
233.53,134.33,324.2,184.47
265.53,388.2,365.8,475.67
17,354.07,79.933,511.93
299.67,1,362.6,47.933
290.07,341.27,367.93,385
1,369,53.267,506.6
1,294.33,79.933,511.93
34.067,1,129,95.933
238.87,377.53,324.2,503.4
250.6,376.47,370.07,481
260.2,143.93,372.2,211.13
221.8,142.87,289,383.93
61.8,250.6,130.07,357.27
254.87,209,374.33,294.33
265.53,1,383.93,211.13
338.07,47.933,383.93,223.93
197.27,141.8,289,387.13
253.8,187.67,319.93,299.67
110.87,266.6,198.33,382.87
251.67,1,327.4,56.467
163.13,140.73,227.13,215.4
293.27,207.93,378.6,388.2
257,52.2,307.13,139.67
1,49,53.267,238.87
205.8,333.8,257,434.07
47.933,241,220.73,391.4
233.53,115.13,324.2,184.47
325.27,46.867,383.93,223.93
249.53,292.2,317.8,339.13
326.33,47.933,383.93,366.87
110.87,271.93,191.93,380.73
196.2,317.8,251.67,399.93
228.2,375.4,269.8,511.93
238.87,377.53,324.2,511.93
242.07,319.93,283.67,362.6
34.067,247.4,104.47,333.8
116.2,222.87,177,287.93
290.07,298.6,375.4,385
31.933,319.93,90.6,363.67
205.8,333.8,265.53,380.73
150.33,319.93,198.33,382.87
127.93,178.07,216.47,366.87
319.93,47.933,382.87,125.8
338.07,168.47,381.8,210.07
87.4,60.733,133.27,136.47
175.93,135.4,241,198.33
59.667,449,103.4,511.93
87.4,47.933,199.4,191.93
270.87,385,364.73,511.93
292.2,301.8,366.87,396.73
205.8,253.8,265.53,386.07
71.4,127.93,111.93,212.2
87.4,47.933,133.27,136.47
162.07,1,276.2,180.2
184.47,134.33,225,186.6
237.8,45.8,363.67,214.33
255.93,134.33,342.33,213.27
271.93,45.8,362.6,139.67
246.33,292.2,358.33,348.73
324.2,242.07,365.8,300.73
167.4,385,237.8,489.53
74.6,359.4,236.73,511.93
252.73,201.53,359.4,299.67
150.33,326.33,202.6,387.13
27.667,305,89.533,460.73
81,241,220.73,391.4
15.933,210.07,97,317.8
1,203.67,84.2,369
248.47,326.33,373.27,393.53
15.933,210.07,97,309.27
163.13,141.8,246.33,495.93
308.2,426.6,351.93,511.93
255.93,455.4,319.93,505.53
68.2,250.6,122.6,311.4
215.4,189.8,258.07,351.93
325.27,214.33,383.93,306.07
1,1,120.47,511.93
134.33,225,177,271.93
246.33,278.33,318.87,375.4
246.33,294.33,340.2,362.6
150.33,309.27,191.93,361.53
229.27,87.4,271.93,138.6
1,8.4667,46.867,103.4
199.4,141.8,246.33,333.8
219.67,335.93,298.6,379.67
318.87,295.4,370.07,348.73
33,1,102.33,70.333
150.33,326.33,207.93,387.13
34.067,1,175.93,221.8
325.27,231.4,367.93,295.4
15.933,449,57.533,494.87
200.47,388.2,245.27,478.87
150.33,309.27,191.93,374.33
310.33,214.33,374.33,294.33
1,175.93,47.933,239.93
338.07,150.33,381.8,210.07
324.2,214.33,383.93,306.07
1,1,53.267,238.87
293.27,89.533,337,131.13
246.33,278.33,319.93,378.6
246.33,246.33,341.27,381.8
197.27,1,270.87,181.27
296.47,42.6,371.13,95.933
110.87,259.13,191.93,381.8
241,335.93,281.53,379.67
1,216.47,85.267,461.8
293.27,46.867,364.73,107.67
154.6,381.8,239.93,511.93
53.267,262.33,220.73,391.4
251.67,293.27,317.8,339.13
322.07,103.4,377.53,210.07
12.733,463.93,71.4,511.93
113,145,212.2,235.67
53.267,290.07,126.87,367.93
82.067,154.6,154.6,286.87
1,401,53.267,506.6
284.73,43.667,364.73,107.67
321,255.93,376.47,353
199.4,33,258.07,180.2
110.87,271.93,190.87,380.73
82.067,250.6,124.73,292.2
110.87,259.13,220.73,391.4
211.13,253.8,251.67,374.33
193,327.4,246.33,419.13
1,8.4667,46.867,97
277.27,82.067,317.8,140.73
31.933,1,180.2,97
285.8,79.933,361.53,157.8
246.33,294.33,358.33,348.73
252.73,187.67,314.6,231.4
178.07,397.8,220.73,511.93
219.67,115.13,324.2,248.47
285.8,81,370.07,157.8
82.067,290.07,126.87,367.93
251.67,1,327.4,89.533
211.13,153.53,318.87,379.67
219.67,1,270.87,115.13
253.8,187.67,383.93,306.07
1,216.47,47.933,369
221.8,245.27,289,383.93
284.73,43.667,372.2,107.67
340.2,46.867,383.93,223.93
250.6,242.07,321,300.73
110.87,271.93,162.07,381.8
178.07,397.8,220.73,446.87
279.4,216.47,319.93,299.67
318.87,295.4,366.87,375.4
173.8,251.67,225,375.4
165.27,311.4,215.4,366.87
175.93,134.33,265.53,198.33
110.87,270.87,168.47,381.8
238.87,377.53,364.73,511.93
111.93,95.933,175.93,221.8
326.33,214.33,383.93,366.87
107.67,1,180.2,67.133
163.13,169.53,239.93,417
197.27,135.4,251.67,373.27
3.1333,305,89.533,478.87
150.33,319.93,191.93,374.33
257,165.27,314.6,207.93
308.2,81,360.47,143.93
200.47,388.2,245.27,495.93
178.07,397.8,223.93,511.93
197.27,135.4,241,334.87
270.87,354.07,364.73,511.93
75.667,362.6,191.93,511.93
251.67,1,298.6,56.467
294.33,385,364.73,456.47
227.13,375.4,317.8,511.93
151.4,136.47,251.67,426.6
1,8.4667,53.267,159.93
92.733,371.13,184.47,511.93
263.4,146.07,372.2,211.13
294.33,385,370.07,456.47
285.8,292.2,360.47,339.13
253.8,218.6,360.47,339.13
241,319.93,283.67,383.93
197.27,135.4,246.33,373.27
233.53,134.33,363.67,211.13
199.4,139.67,265.53,351.93
324.2,46.867,382.87,186.6
310.33,214.33,355.13,294.33
308.2,102.33,360.47,143.93
146.07,275.13,187.67,378.6
233.53,134.33,363.67,230.33
197.27,292.2,253.8,387.13
31.933,319.93,94.867,383.93
278.33,49,331.67,117.27
89.533,367.93,166.33,511.93
1,402.07,110.87,511.93
337,46.867,382.87,159.93
139.67,53.267,194.07,159.93
152.47,327.4,214.33,387.13
1,402.07,103.4,511.93
253.8,216.47,319.93,299.67
196.2,323.13,251.67,399.93
327.4,244.2,377.53,298.6
241,292.2,375.4,396.73
1,295.4,81,511.93
324.2,382.87,365.8,455.4
1,203.67,84.2,271.93
222.87,373.27,265.53,511.93
318.87,298.6,371.13,358.33
310.33,329.53,366.87,375.4
199.4,141.8,248.47,333.8
228.2,375.4,317.8,511.93
143.93,262.33,190.87,382.87
284.73,43.667,383.93,210.07
17,354.07,81,511.93
118.33,270.87,180.2,381.8
79.933,281.53,140.73,369
241,292.2,358.33,383.93
75.667,199.4,124.73,292.2
300.73,149.27,372.2,214.33
185.53,138.6,227.13,184.47
318.87,295.4,359.4,339.13
220.73,154.6,293.27,335.93
219.67,335.93,281.53,379.67
173.8,251.67,239.93,417
1,358.33,53.267,498.07
193,292.2,253.8,419.13
241,319.93,319.93,383.93
250.6,294.33,340.2,344.47
255.93,460.73,311.4,505.53
163.13,169.53,220.73,264.47
1,1,68.2,104.47
318.87,431.93,364.73,511.93
286.87,249.53,341.27,299.67
257,50.067,308.2,133.27
292.2,329.53,366.87,396.73
150.33,326.33,191.93,366.87
300.73,149.27,363.67,211.13
89.533,68.2,147.13,159.93
89.533,367.93,190.87,511.93
199.4,141.8,289,383.93
165.27,311.4,244.2,439.4
166.33,178.07,216.47,315.67
82.067,154.6,154.6,287.93
295.4,385,364.73,511.93
1,145,52.2,239.93
158.87,383.93,236.73,511.93
205.8,154.6,319.93,380.73
82.067,239.93,127.93,287.93
197.27,295.4,253.8,387.13
286.87,236.73,359.4,299.67
110.87,259.13,214.33,388.2
300.73,149.27,372.2,211.13
257,50.067,297.53,133.27
250.6,376.47,316.73,481
166.33,181.27,207.93,275.13
257,236.73,358.33,294.33
157.8,1,218.6,191.93
110.87,251.67,207.93,381.8
25.533,207.93,84.2,271.93
1,401,53.267,498.07
250.6,470.33,317.8,511.93
1,447.93,103.4,511.93
278.33,49,323.13,117.27
260.2,81,372.2,211.13
34.067,1,113,75.667
27.667,305,85.267,460.73
3.1333,326.33,78.867,478.87
15.933,210.07,62.867,302.87
250.6,455.4,358.33,511.93
258.07,451.13,319.93,511.93
285.8,95.933,370.07,157.8
250.6,187.67,370.07,248.47
228.2,374.33,321,511.93
219.67,1,276.2,132.2
139.67,53.267,199.4,191.93
231.4,142.87,287.93,251.67
212.2,31.933,255.93,138.6
197.27,135.4,246.33,334.87
324.2,382.87,365.8,463.93
1,1,46.867,103.4
277.27,82.067,337,140.73
310.33,329.53,366.87,396.73
318.87,301.8,366.87,375.4
146.07,275.13,191.93,378.6
230.33,376.47,312.47,481
318.87,431.93,371.13,511.93
254.87,246.33,341.27,299.67
12.733,447.93,103.4,511.93
278.33,42.6,371.13,117.27
150.33,309.27,191.93,366.87
246.33,294.33,340.2,381.8
262.33,145,372.2,211.13
279.4,238.87,319.93,299.67
110.87,259.13,189.8,381.8
285.8,102.33,356.2,157.8
150.33,319.93,191.93,366.87
162.07,1,207.93,127.93
47.933,257,97,309.27
262.33,143.93,372.2,211.13
251.67,294.33,317.8,339.13
17,447.93,77.8,511.93
1,402.07,53.267,498.07
156.73,251.67,207.93,330.6
50.067,1,162.07,97
157.8,113,199.4,191.93
162.07,1,223.93,127.93
254.87,249.53,341.27,299.67
1,1,94.867,66.067
246.33,294.33,318.87,375.4
15.933,447.93,79.933,511.93
162.07,1,218.6,127.93
265.53,140.73,343.4,211.13
298.6,149.27,372.2,211.13
139.67,49,194.07,159.93
150.33,319.93,191.93,361.53
319.93,332.73,366.87,375.4
246.33,294.33,340.2,343.4
3.1333,326.33,81,511.93
120.47,271.93,162.07,381.8
296.47,42.6,371.13,84.2
230.33,376.47,321,495.93
17,463.93,71.4,511.93
250.6,294.33,340.2,343.4
162.07,251.67,207.93,330.6
90.6,75.667,133.27,136.47
298.6,149.27,363.67,211.13
1,399.93,63.933,511.93
262.33,146.07,372.2,211.13
265.53,398.87,316.73,442.6
173.8,251.67,229.27,393.53
250.6,257,312.47,300.73
146.07,259.13,189.8,378.6
152.47,327.4,203.67,386.07
1,231.4,46.867,325.27
17,354.07,78.867,511.93
257,249.53,341.27,299.67
71.4,153.53,111.93,212.2
295.4,385,364.73,456.47
92.733,371.13,190.87,511.93
286.87,297.53,340.2,343.4
221.8,245.27,270.87,383.93
3.1333,326.33,62.867,398.87
81,287.93,126.87,367.93
