136.47,1,383.93,303.93
1,1,383.93,511.93
242.07,289,383.93,511.93
28.733,223.93,354.07,357.27
1,1,343.4,511.93
63.933,279.4,143.93,511.93
253.8,1,374.33,51.133
37.267,254.87,233.53,303.93
283.67,401,376.47,511.93
33,217.53,383.93,511.93
177,285.8,333.8,511.93
325.27,118.33,383.93,177
62.867,239.93,383.93,511.93
188.73,1,383.93,225
28.733,1,383.93,511.93
62.867,1,383.93,269.8
281.53,351.93,383.93,511.93
45.8,225,271.93,271.93
28.733,1,383.93,319.93
177,4.2,303.93,54.333
302.87,46.867,383.93,223.93
1,1,319.93,511.93
255.93,69.267,373.27,221.8
279.4,216.47,383.93,511.93
330.6,401,383.93,511.93
30.867,221.8,383.93,337
177,285.8,350.87,511.93
250.6,18.067,383.93,223.93
279.4,243.13,383.93,511.93
218.6,70.333,354.07,222.87
28.733,223.93,347.67,335.93
1,1,111.93,222.87
28.733,199.4,383.93,319.93
259.13,46.867,383.93,223.93
228.2,46.867,383.93,303.93
303.93,233.53,383.93,502.33
1,1,289,511.93
242.07,289,350.87,495.93
63.933,277.27,223.93,511.93
335.93,1,383.93,93.8
1,159.93,50.067,350.87
17,129,150.33,318.87
129,1,383.93,254.87
33,1,383.93,511.93
1,1,383.93,303.93
1,221.8,383.93,511.93
188.73,1,383.93,258.07
271.93,153.53,354.07,220.73
143.93,1,383.93,95.933
274.07,321,383.93,511.93
1,1,265.53,319.93
81,65,191.93,231.4
9.5333,1,131.13,263.4
1,159.93,50.067,299.67
129,1,383.93,223.93
84.2,1,383.93,252.73
28.733,194.07,383.93,335.93
281.53,217.53,383.93,511.93
328.47,455.4,383.93,511.93
62.867,225,265.53,269.8
239.93,289,383.93,511.93
1,1,265.53,511.93
28.733,217.53,383.93,511.93
328.47,21.267,376.47,77.8
322.07,216.47,383.93,332.73
33,1,383.93,271.93
302.87,46.867,383.93,207.93
17,1,79.933,79.933
45.8,223.93,322.07,271.93
218.6,70.333,354.07,223.93
218.6,70.333,324.2,222.87
122.6,388.2,175.93,511.93
37.267,223.93,347.67,335.93
45.8,1,383.93,511.93
280.47,353,383.93,502.33
257,307.13,383.93,511.93
62.867,225,343.4,286.87
67.133,251.67,354.07,357.27
200.47,289,254.87,511.93
200.47,265.53,370.07,511.93
225,1,383.93,223.93
62.867,194.07,383.93,286.87
129,1,300.73,43.667
45.8,232.47,343.4,287.93
105.53,130.07,150.33,222.87
30.867,221.8,383.93,511.93
305,308.2,383.93,402.07
250.6,82.067,371.13,222.87
258.07,81,299.67,221.8
62.867,239.93,383.93,351.93
62.867,199.4,383.93,269.8
37.267,1,383.93,511.93
28.733,194.07,383.93,511.93
84.2,163.13,383.93,252.73
175.93,1,383.93,258.07
188.73,81,299.67,225
225,49,356.2,95.933
273,147.13,358.33,220.73
253.8,1,383.93,58.6
28.733,146.07,383.93,319.93
28.733,216.47,383.93,511.93
281.53,417,350.87,511.93
37.267,225,348.73,315.67
339.13,17,383.93,63.933
62.867,216.47,383.93,286.87
303.93,307.13,383.93,502.33
228.2,15.933,383.93,207.93
62.867,225,322.07,269.8
333.8,401,383.93,499.13
280.47,308.2,383.93,502.33
211.13,289,253.8,511.93
283.67,308.2,383.93,511.93
228.2,15.933,349.8,81
310.33,351.93,378.6,418.07
228.2,15.933,383.93,146.07
303.93,291.13,383.93,438.33
136.47,1,383.93,81
328.47,308.2,383.93,418.07
303.93,308.2,383.93,438.33
1,1,63.933,68.2
33,282.6,223.93,511.93
62.867,239.93,271.93,318.87
45.8,225,344.47,287.93
274.07,308.2,383.93,511.93
286.87,311.4,356.2,470.33
1,257,254.87,511.93
241,1,383.93,154.6
305,308.2,383.93,435.13
91.667,1,383.93,257
81,1,294.33,231.4
28.733,223.93,354.07,511.93
37.267,225,383.93,511.93
242.07,25.533,308.2,72.467
1,129,150.33,357.27
306.07,49,383.93,223.93
143.93,1,383.93,174.87
30.867,221.8,347.67,289
1,1,131.13,511.93
143.93,289,197.27,511.93
303.93,233.53,383.93,511.93
62.867,227.13,221.8,269.8
321,51.133,383.93,223.93
129,1,295.4,43.667
282.6,410.6,383.93,511.93
28.733,232.47,347.67,335.93
329.53,343.4,383.93,450.07
1,1,289,357.27
255.93,70.333,319.93,223.93
331.67,401,383.93,499.13
198.33,269.8,383.93,511.93
257,1,374.33,51.133
200.47,265.53,353,511.93
37.267,254.87,247.4,319.93
1,273,221.8,511.93
105.53,289,146.07,511.93
175.93,1,383.93,248.47
37.267,233.53,354.07,357.27
200.47,287.93,340.2,511.93
1,1,134.33,271.93
129,18.067,207.93,149.27
105.53,1,289,223.93
255.93,81,299.67,221.8
303.93,321,383.93,438.33
228.2,204.73,383.93,248.47
325.27,93.8,383.93,156.73
123.67,289,197.27,511.93
178.07,286.87,223.93,511.93
219.67,31.933,265.53,143.93
28.733,223.93,343.4,319.93
322.07,51.133,383.93,223.93
33,1,289,271.93
37.267,225,347.67,335.93
302.87,311.4,378.6,439.4
1,1,294.33,271.93
321,431.93,369,484.2
109.8,37.267,169.53,191.93
90.6,283.67,197.27,511.93
281.53,398.87,383.93,511.93
335.93,433,383.93,499.13
321,431.93,383.93,502.33
198.33,269.8,350.87,511.93
91.667,243.13,383.93,351.93
17,15.933,215.4,319.93
162.07,159.93,209,223.93
255.93,1,383.93,95.933
302.87,178.07,372.2,223.93
177,286.87,255.93,511.93
328.47,417,383.93,511.93
124.73,290.07,175.93,511.93
1,1,150.33,357.27
146.07,1,383.93,58.6
335.93,1,377.53,103.4
255.93,70.333,347.67,223.93
334.87,162.07,383.93,223.93
81,1,265.53,231.4
188.73,82.067,287.93,225
270.87,177,373.27,223.93
200.47,217.53,383.93,511.93
241,60.733,321,145
45.8,223.93,165.27,271.93
143.93,1,376.47,87.4
283.67,243.13,383.93,511.93
322.07,216.47,383.93,286.87
258.07,69.267,373.27,221.8
333.8,308.2,383.93,356.2
286.87,398.87,370.07,470.33
63.933,283.67,129,511.93
341.27,217.53,383.93,328.47
302.87,18.067,383.93,138.6
228.2,194.07,383.93,248.47
1,257,215.4,511.93
281.53,412.73,363.67,511.93
175.93,4.2,359.4,73.533
335.93,1,383.93,103.4
281.53,439.4,332.73,511.93
302.87,29.8,383.93,138.6
37.267,254.87,233.53,321
279.4,311.4,356.2,511.93
28.733,223.93,343.4,287.93
329.53,343.4,383.93,511.93
303.93,321,383.93,499.13
1,1,119.4,207.93
33,282.6,340.2,511.93
264.47,1,383.93,66.067
45.8,225,383.93,511.93
146.07,1,383.93,81
253.8,265.53,353,357.27
127.93,1,239.93,151.4
228.2,15.933,383.93,248.47
191.93,183.4,383.93,258.07
330.6,343.4,383.93,404.2
194.07,82.067,255.93,222.87
129,1,376.47,87.4
143.93,1,374.33,68.2
282.6,461.8,367.93,511.93
286.87,398.87,331.67,470.33
330.6,308.2,383.93,404.2
129,1,383.93,95.933
177,285.8,286.87,511.93
282.6,239.93,383.93,511.93
253.8,1,376.47,87.4
330.6,314.6,383.93,404.2
274.07,417,383.93,511.93
228.2,153.53,383.93,303.93
145,1,289,143.93
280.47,431.93,383.93,502.33
31.933,285.8,97,511.93
218.6,75.667,293.27,222.87
329.53,396.73,383.93,450.07
143.93,1,383.93,68.2
331.67,321,383.93,382.87
250.6,82.067,383.93,223.93
321,414.87,383.93,502.33
37.267,229.27,193,303.93
1,1,79.933,95.933
321,402.07,383.93,502.33
281.53,233.53,383.93,511.93
177,286.87,223.93,511.93
282.6,459.67,367.93,511.93
105.53,177,158.87,229.27
146.07,4.2,303.93,54.333
191.93,40.467,383.93,258.07
45.8,229.27,147.13,271.93
253.8,2.0667,350.87,43.667
121.53,12.733,265.53,229.27
30.867,223.93,147.13,271.93
282.6,455.4,383.93,511.93
81,246.33,349.8,286.87
121.53,1,289,79.933
330.6,356.2,381.8,404.2
1,264.47,197.27,511.93
218.6,78.867,286.87,222.87
242.07,290.07,286.87,495.93
333.8,412.73,383.93,499.13
45.8,225,343.4,286.87
228.2,15.933,349.8,75.667
308.2,311.4,356.2,407.4
302.87,75.667,383.93,174.87
322.07,216.47,383.93,325.27
1,1,47.933,95.933
1,159.93,98.067,511.93
129,15.933,383.93,254.87
121.53,15.933,265.53,229.27
211.13,287.93,306.07,511.93
1,1,215.4,319.93
63.933,279.4,215.4,511.93
45.8,233.53,354.07,357.27
1,257,97,511.93
248.47,287.93,303.93,396.73
239.93,287.93,333.8,511.93
327.4,455.4,383.93,511.93
328.47,401,383.93,511.93
228.2,161,383.93,303.93
162.07,286.87,223.93,511.93
30.867,221.8,287.93,271.93
254.87,385,306.07,511.93
102.33,1,289,232.47
175.93,4.2,383.93,248.47
1,1,141.8,271.93
143.93,289,190.87,511.93
62.867,226.07,296.47,269.8
130.07,178.07,193,228.2
283.67,216.47,383.93,511.93
303.93,308.2,383.93,445.8
330.6,243.13,383.93,404.2
95.933,146.07,383.93,233.53
225,1,369,103.4
287.93,291.13,350.87,417
129,12.733,239.93,151.4
341.27,1,383.93,66.067
283.67,438.33,376.47,511.93
143.93,1,362.6,44.733
241,57.533,373.27,223.93
211.13,289,254.87,511.93
84.2,194.07,383.93,252.73
264.47,1,374.33,45.8
145,6.3333,289,65
37.267,225,287.93,303.93
281.53,398.87,370.07,511.93
1,273,129,511.93
341.27,243.13,383.93,328.47
337,386.07,383.93,468.2
303.93,307.13,383.93,445.8
250.6,82.067,383.93,222.87
1,1,119.4,222.87
305,401,370.07,465
1,1,131.13,299.67
123.67,290.07,175.93,511.93
319.93,135.4,383.93,207.93
75.667,251.67,348.73,315.67
335.93,175.93,383.93,216.47
305,353,374.33,402.07
62.867,227.13,266.6,269.8
282.6,291.13,383.93,511.93
161,15.933,239.93,227.13
333.8,243.13,383.93,351.93
226.07,257,383.93,337
1,402.07,47.933,511.93
324.2,95.933,381.8,154.6
1,417,47.933,511.93
63.933,265.53,271.93,318.87
124.73,333.8,175.93,511.93
341.27,257,383.93,325.27
136.47,1,303.93,54.333
62.867,234.6,347.67,289
188.73,74.6,299.67,225
302.87,243.13,383.93,439.4
271.93,161,321,212.2
339.13,243.13,383.93,287.93
302.87,178.07,372.2,221.8
253.8,284.73,353,357.27
175.93,82.067,287.93,225
333.8,314.6,382.87,355.13
330.6,451.13,383.93,511.93
241,1,383.93,220.73
109.8,18.067,207.93,191.93
129,15.933,215.4,151.4
335.93,1,383.93,95.933
62.867,226.07,349.8,286.87
81,199.4,383.93,252.73
1,264.47,86.333,511.93
191.93,209,383.93,258.07
124.73,289,197.27,511.93
175.93,82.067,255.93,223.93
175.93,4.2,361.53,78.867
329.53,217.53,383.93,404.2
241,7.4,350.87,72.467
300.73,81,348.73,157.8
143.93,1,383.93,223.93
62.867,225,287.93,270.87
335.93,18.067,383.93,93.8
247.4,289,350.87,511.93
62.867,226.07,265.53,269.8
225,27.667,369,93.8
1,1,110.87,207.93
258.07,70.333,324.2,221.8
67.133,251.67,353,357.27
91.667,251.67,348.73,315.67
250.6,27.667,358.33,93.8
255.93,57.533,373.27,221.8
289,57.533,370.07,137.53
289,57.533,370.07,103.4
193,82.067,255.93,222.87
194.07,285.8,333.8,511.93
198.33,269.8,346.6,319.93
127.93,1,265.53,227.13
259.13,83.133,322.07,213.27
301.8,57.533,370.07,137.53
280.47,446.87,328.47,511.93
247.4,289,335.93,511.93
34.067,369,94.867,511.93
225,1,369,93.8
270.87,291.13,350.87,414.87
284.73,460.73,383.93,511.93
274.07,287.93,350.87,414.87
305,399.93,370.07,450.07
257,40.467,383.93,223.93
284.73,470.33,375.4,511.93
136.47,1,383.93,95.933
281.53,351.93,378.6,511.93
322.07,412.73,383.93,499.13
84.2,178.07,383.93,252.73
142.87,199.4,383.93,241
45.8,227.13,165.27,271.93
241,17,343.4,73.533
109.8,1,207.93,191.93
177,289,223.93,511.93
201.53,289,286.87,511.93
284.73,401,383.93,511.93
324.2,95.933,383.93,161
136.47,1,350.87,54.333
177,74.6,265.53,223.93
329.53,314.6,383.93,404.2
129,15.933,215.4,191.93
109.8,1,289,191.93
328.47,455.4,383.93,502.33
305,351.93,378.6,425.53
143.93,289,190.87,481
1,1,131.13,263.4
333.8,308.2,383.93,375.4
228.2,161,383.93,243.13
286.87,459.67,367.93,511.93
225,1,383.93,146.07
337,414.87,383.93,468.2
308.2,311.4,378.6,418.07
339.13,239.93,383.93,351.93
247.4,287.93,306.07,511.93
105.53,129,150.33,222.87
250.6,27.667,338.07,68.2
257,307.13,306.07,511.93
255.93,49,383.93,174.87
271.93,177,347.67,220.73
255.93,49,356.2,93.8
281.53,398.87,375.4,511.93
335.93,18.067,377.53,77.8
328.47,367.93,378.6,418.07
143.93,1,341.27,68.2
31.933,279.4,105.53,511.93
289,154.6,353,207.93
244.2,27.667,338.07,84.2
322.07,410.6,383.93,500.2
328.47,385,383.93,468.2
92.733,199.4,383.93,251.67
92.733,199.4,383.93,252.73
177,92.733,383.93,248.47
267.67,59.667,383.93,146.07
1,264.47,105.53,511.93
302.87,311.4,356.2,439.4
241,25.533,308.2,73.533
305,353,374.33,415.93
281.53,459.67,367.93,511.93
191.93,285.8,286.87,511.93
62.867,225,271.93,270.87
339.13,243.13,383.93,332.73
138.6,28.733,209,223.93
63.933,265.53,225,310.33
333.8,136.47,383.93,209
1,402.07,49,511.93
259.13,83.133,353,220.73
241,1,383.93,72.467
273,118.33,383.93,220.73
328.47,152.47,377.53,197.27
146.07,290.07,200.47,511.93
226.07,283.67,348.73,337
289,460.73,383.93,511.93
327.4,151.4,383.93,207.93
302.87,77.8,383.93,146.07
328.47,308.2,383.93,399.93
1,264.47,86.333,435.13
333.8,308.2,383.93,383.93
97,286.87,221.8,511.93
129,31.933,180.2,79.933
62.867,232.47,343.4,287.93
241,57.533,381.8,154.6
195.13,257,383.93,337
342.33,410.6,383.93,499.13
339.13,243.13,383.93,325.27
81,199.4,383.93,251.67
319.93,113,383.93,223.93
63.933,418.07,116.2,511.93
146.07,1,303.93,54.333
341.27,233.53,383.93,325.27
102.33,177,193,232.47
274.07,417,381.8,511.93
333.8,122.6,383.93,223.93
324.2,95.933,383.93,174.87
45.8,225,344.47,310.33
209,289,254.87,511.93
81,177,158.87,231.4
102.33,15.933,287.93,232.47
218.6,74.6,294.33,222.87
331.67,321,383.93,375.4
305,398.87,370.07,450.07
37.267,254.87,347.67,335.93
305,351.93,378.6,440.47
259.13,81,348.73,220.73
143.93,289,200.47,511.93
341.27,247.4,383.93,328.47
239.93,291.13,286.87,511.93
247.4,289,350.87,417
270.87,83.133,383.93,223.93
109.8,65,151.4,184.47
297.53,1,383.93,137.53
322.07,51.133,375.4,93.8
102.33,15.933,238.87,232.47
258.07,81,322.07,221.8
324.2,95.933,383.93,207.93
319.93,92.733,383.93,223.93
283.67,439.4,376.47,511.93
105.53,15.933,255.93,223.93
84.2,194.07,383.93,247.4
193,26.6,233.53,119.4
333.8,136.47,383.93,223.93
258.07,70.333,319.93,221.8
142.87,199.4,383.93,251.67
322.07,412.73,383.93,500.2
274.07,417,367.93,511.93
297.53,1,383.93,146.07
175.93,76.733,287.93,225
302.87,75.667,383.93,138.6
1,257,86.333,511.93
17,65,165.27,319.93
1,273,98.067,435.13
105.53,37.267,169.53,222.87
225,27.667,369,95.933
248.47,287.93,333.8,511.93
175.93,4.2,375.4,93.8
161,15.933,265.53,227.13
289,57.533,370.07,145
283.67,439.4,332.73,494.87
194.07,82.067,254.87,222.87
209,289,255.93,511.93
75.667,279.4,143.93,511.93
322.07,433,381.8,500.2
339.13,239.93,383.93,325.27
225,27.667,338.07,84.2
270.87,118.33,383.93,223.93
341.27,217.53,383.93,356.2
1,254.87,98.067,511.93
297.53,83.133,348.73,146.07
254.87,385,332.73,511.93
81,177,121.53,231.4
162.07,286.87,221.8,366.87
1,257,86.333,435.13
33,191.93,95.933,253.8
123.67,289,215.4,511.93
337,402.07,383.93,468.2
294.33,1,376.47,87.4
201.53,289,254.87,511.93
305,353,374.33,435.13
81,65,165.27,231.4
280.47,446.87,333.8,511.93
124.73,286.87,223.93,511.93
193,26.6,233.53,79.933
97,289,175.93,511.93
239.93,290.07,286.87,497
300.73,398.87,370.07,450.07
33,177,271.93,271.93
247.4,289,335.93,385
78.867,279.4,129,447.93
122.6,388.2,177,511.93
97,287.93,197.27,511.93
306.07,226.07,383.93,303.93
337,402.07,383.93,455.4
289,470.33,383.93,511.93
305,321,383.93,417
165.27,74.6,265.53,228.2
123.67,333.8,174.87,511.93
193,12.733,239.93,119.4
341.27,243.13,383.93,356.2
177,31.933,265.53,223.93
258.07,69.267,322.07,221.8
169.53,15.933,238.87,178.07
242.07,287.93,306.07,511.93
97,287.93,143.93,511.93
328.47,1,376.47,77.8
341.27,252.73,383.93,316.73
209,31.933,255.93,163.13
97,289,143.93,511.93
306.07,1,383.93,95.933
287.93,450.07,333.8,490.6
319.93,150.33,383.93,209
153.53,6.3333,289,63.933
328.47,1,376.47,87.4
324.2,46.867,383.93,207.93
270.87,93.8,383.93,223.93
253.8,1,362.6,51.133
63.933,277.27,129,511.93
241,25.533,318.87,73.533
274.07,417,326.33,500.2
333.8,252.73,383.93,351.93
328.47,351.93,378.6,418.07
211.13,289,255.93,511.93
341.27,257,383.93,319.93
335.93,34.067,383.93,95.933
284.73,460.73,375.4,511.93
123.67,321,174.87,511.93
333.8,92.733,383.93,223.93
284.73,471.4,375.4,511.93
262.33,50.067,358.33,93.8
306.07,1,383.93,58.6
175.93,145,227.13,223.93
280.47,446.87,333.8,490.6
65,277.27,106.6,319.93
1,392.47,71.4,511.93
25.533,283.67,129,511.93
270.87,152.47,377.53,223.93
63.933,277.27,146.07,511.93
33,177,121.53,253.8
121.53,1,180.2,79.933
265.53,1,362.6,44.733
301.8,15.933,375.4,78.867
1,159.93,50.067,271.93
259.13,81,324.2,220.73
25.533,392.47,71.4,511.93
271.93,177,334.87,220.73
270.87,139.67,377.53,223.93
241,1,383.93,95.933
155.67,113,209,223.93
250.6,27.667,369,93.8
330.6,321,383.93,404.2
1,257,47.933,351.93
123.67,289,200.47,511.93
1,1,47.933,63.933
339.13,1,383.93,63.933
339.13,243.13,383.93,303.93
129,18.067,180.2,79.933
105.53,177,193,229.27
1,254.87,98.067,435.13
242.07,291.13,286.87,495.93
333.8,136.47,383.93,216.47
342.33,410.6,383.93,468.2
333.8,316.73,383.93,383.93
341.27,252.73,383.93,325.27
262.33,50.067,369,93.8
34.067,364.73,94.867,511.93
259.13,83.133,322.07,220.73
1,273,86.333,435.13
285.8,1,383.93,63.933
198.33,269.8,350.87,414.87
122.6,290.07,175.93,511.93
162.07,286.87,221.8,351.93
98.067,289,146.07,511.93
329.53,95.933,383.93,146.07
319.93,150.33,383.93,223.93
1,254.87,73.533,415.93
258.07,290.07,302.87,382.87
33,177,193,271.93
105.53,28.733,209,223.93
274.07,417,332.73,495.93
17,392.47,71.4,511.93
121.53,92.733,191.93,229.27
143.93,286.87,221.8,511.93
301.8,57.533,381.8,154.6
145,1,289,65
194.07,31.933,255.93,222.87
121.53,15.933,239.93,229.27
109.8,37.267,152.47,184.47
209,6.3333,289,63.933
270.87,178.07,372.2,223.93
319.93,150.33,383.93,219.67
241,60.733,286.87,145
331.67,433,381.8,500.2
274.07,417,333.8,495.93
259.13,81,317.8,220.73
17,223.93,122.6,319.93
102.33,113,193,232.47
31.933,1,79.933,79.933
335.93,29.8,383.93,95.933
169.53,15.933,255.93,222.87
287.93,449,333.8,490.6
75.667,279.4,129,447.93
324.2,99.133,373.27,154.6
303.93,321,357.27,438.33
1,258.07,73.533,357.27
121.53,113,191.93,229.27
290.07,153.53,354.07,206.87
37.267,254.87,193,303.93
1,364.73,94.867,511.93
305,353,377.53,417
63.933,265.53,193,310.33
247.4,287.93,303.93,414.87
305,353,365.8,402.07
335.93,450.07,383.93,499.13
339.13,239.93,383.93,303.93
33,1,79.933,63.933
25.533,369,94.867,511.93
33,191.93,101.27,253.8
145,1,255.93,65
1,254.87,73.533,357.27
97,289,146.07,511.93
285.8,17,383.93,63.933
248.47,287.93,332.73,511.93
105.53,177,154.6,229.27
193,82.067,254.87,222.87
33,191.93,118.33,271.93
65,277.27,106.6,321
109.8,65,152.47,184.47
177,26.6,233.53,119.4
109.8,37.267,151.4,184.47
65,277.27,117.27,383.93
25.533,364.73,94.867,511.93
259.13,84.2,319.93,220.73
1,273,106.6,435.13
343.4,269.8,383.93,351.93
105.53,92.733,169.53,222.87
259.13,84.2,319.93,213.27
341.27,252.73,383.93,319.93
341.27,252.73,383.93,351.93
129,92.733,169.53,191.93
287.93,291.13,350.87,414.87
17,177,121.53,318.87
248.47,287.93,303.93,382.87
138.6,28.733,207.93,149.27
81,177,193,233.53
333.8,153.53,383.93,209
343.4,269.8,383.93,316.73
145,13.8,232.47,65
138.6,28.733,206.87,149.27
124.73,333.8,174.87,511.93
162.07,286.87,221.8,335.93
