1,154.6,182.33,479.93
1,1,341.27,511.93
1,150.33,139.67,472.47
1,366.87,341.27,511.93
25.533,305,165.27,415.93
157.8,1,341.27,254.87
57.533,422.33,261.27,511.93
97,1,142.87,54.333
244.2,431.93,341.27,511.93
1,150.33,136.47,415.93
1,110.87,139.67,363.67
8.4667,330.6,77.8,411.67
1,414.87,341.27,511.93
1,1,198.33,165.27
142.87,1,313.53,103.4
163.13,420.2,341.27,511.93
1,242.07,341.27,511.93
1,154.6,127.93,287.93
1,361.53,341.27,511.93
276.2,71.4,317.8,157.8
1,1,246.33,191.93
97,260.2,341.27,394.6
34.067,290.07,79.933,381.8
1,369,258.07,511.93
1,232.47,341.27,511.93
1,1,82.067,163.13
1,1,317.8,195.13
1,154.6,123.67,340.2
73.533,1,341.27,354.07
1,250.6,341.27,511.93
1,1,318.87,183.4
1,1,341.27,322.07
135.4,1,341.27,369
54.333,91.667,274.07,347.67
141.8,152.47,280.47,258.07
1,1,341.27,347.67
82.067,413.8,341.27,511.93
1,1,341.27,258.07
1,110.87,166.33,511.93
297.53,1,341.27,238.87
206.87,439.4,258.07,511.93
65,146.07,341.27,386.07
1,1,243.13,184.47
1,362.6,66.067,422.33
85.267,26.6,145,85.267
241,423.4,341.27,511.93
129,371.13,341.27,449
65,1,341.27,353
25.533,12.733,78.867,108.73
1,154.6,341.27,511.93
120.47,263.4,285.8,374.33
150.33,435.13,243.13,511.93
242.07,431.93,319.93,511.93
152.47,242.07,341.27,369
264.47,281.53,316.73,326.33
62.867,417,247.4,511.93
95.933,254.87,285.8,386.07
1,1,243.13,471.4
95.933,254.87,341.27,408.47
73.533,1,341.27,338.07
158.87,413.8,258.07,511.93
232.47,127.93,315.67,222.87
1,271.93,120.47,425.53
1,372.2,123.67,475.67
141.8,1,341.27,258.07
1,1,116.2,178.07
1,321,341.27,511.93
1,154.6,127.93,303.93
55.4,419.13,166.33,511.93
54.333,1,307.13,157.8
55.4,220.73,341.27,511.93
1,371.13,341.27,511.93
55.4,421.27,258.07,511.93
1,406.33,341.27,511.93
221.8,1,341.27,260.2
1,1,266.6,457.53
165.27,372.2,341.27,511.93
1,1,244.2,511.93
283.67,155.67,337,234.6
1,367.93,341.27,511.93
19.133,1,87.4,107.67
53.267,269.8,166.33,439.4
233.53,91.667,317.8,152.47
1,1,83.133,163.13
1,1,341.27,254.87
71.4,222.87,113,289
66.067,154.6,139.67,277.27
1,146.07,341.27,475.67
1,271.93,54.333,332.73
52.2,222.87,341.27,397.8
1,150.33,166.33,511.93
1,150.33,341.27,511.93
1,329.53,103.4,467.13
1,150.33,127.93,303.93
1,1,242.07,169.53
1,260.2,158.87,441.53
1,369,341.27,511.93
173.8,1,341.27,322.07
97,250.6,341.27,442.6
290.07,1,341.27,244.2
1,1,244.2,183.4
1,153.53,341.27,511.93
1,1,341.27,369
187.67,289,341.27,355.13
81,173.8,130.07,218.6
95.933,252.73,341.27,386.07
55.4,419.13,261.27,511.93
81,173.8,219.67,346.6
217.53,287.93,284.73,337
1,1,134.33,195.13
1,253.8,244.2,421.27
1,1,341.27,374.33
1,153.53,186.6,363.67
120.47,220.73,341.27,511.93
216.47,257,308.2,334.87
111.93,468.2,163.13,511.93
1,150.33,341.27,415.93
1,395.67,65,472.47
119.4,371.13,341.27,511.93
165.27,372.2,341.27,460.73
50.067,91.667,317.8,157.8
161,425.53,260.2,494.87
78.867,422.33,247.4,511.93
71.4,154.6,186.6,354.07
278.33,1,341.27,238.87
276.2,71.4,319.93,162.07
165.27,232.47,341.27,319.93
1,153.53,125.8,471.4
169.53,281.53,341.27,369
162.07,95.933,341.27,258.07
58.6,424.47,249.53,511.93
1,1,266.6,193
221.8,95.933,316.73,157.8
148.2,417,268.73,511.93
1,146.07,341.27,511.93
177,222.87,305,333.8
187.67,289,299.67,355.13
285.8,249.53,341.27,322.07
97,369,341.27,460.73
17,201.53,71.4,260.2
135.4,1,202.6,102.33
1,151.4,125.8,471.4
177,207.93,244.2,254.87
1,379.67,123.67,475.67
62.867,417,258.07,511.93
173.8,153.53,254.87,200.47
65,146.07,238.87,342.33
1,286.87,147.13,511.93
1,153.53,189.8,363.67
1,1,241,191.93
165.27,237.8,285.8,305
12.733,97,116.2,178.07
207.93,242.07,341.27,330.6
230.33,1,341.27,322.07
1,222.87,341.27,511.93
129,371.13,341.27,446.87
253.8,203.67,341.27,259.13
19.133,12.733,110.87,113
1,271.93,58.6,340.2
149.27,220.73,241,327.4
62.867,431.93,249.53,511.93
1,271.93,118.33,335.93
46.867,1,150.33,100.2
95.933,461.8,163.13,511.93
18.067,1,103.4,109.8
77.8,24.467,150.33,101.27
92.733,1,152.47,97
1,393.53,55.4,457.53
1,150.33,136.47,472.47
161,430.87,235.67,500.2
1,271.93,118.33,425.53
1,255.93,136.47,408.47
258.07,97,309.27,157.8
1,233.53,68.2,280.47
1,153.53,244.2,421.27
1,383.93,149.27,511.93
285.8,252.73,341.27,322.07
3.1333,362.6,45.8,413.8
81,158.87,189.8,227.13
1,110.87,120.47,363.67
18.067,1,79.933,110.87
18.067,1,185.53,109.8
1,394.6,71.4,471.4
57.533,366.87,246.33,511.93
158.87,413.8,319.93,511.93
53.267,269.8,159.93,439.4
115.13,220.73,295.4,374.33
229.27,255.93,306.07,319.93
88.467,1,186.6,95.933
57.533,366.87,249.53,511.93
1,269.8,166.33,511.93
115.13,291.13,166.33,354.07
97,367.93,341.27,460.73
51.133,1,150.33,102.33
85.267,27.667,146.07,98.067
34.067,207.93,127.93,287.93
1,154.6,127.93,475.67
295.4,1,341.27,47.933
78.867,422.33,172.73,502.33
60.733,274.07,118.33,335.93
1,269.8,188.73,421.27
113,385,159.93,439.4
290.07,156.73,341.27,244.2
19.133,90.6,243.13,184.47
1,402.07,249.53,511.93
97,232.47,341.27,442.6
81,200.47,152.47,322.07
1,329.53,77.8,411.67
120.47,220.73,341.27,398.87
166.33,423.4,319.93,511.93
159.93,1,239.93,100.2
17,1,238.87,170.6
78.867,430.87,247.4,511.93
88.467,459.67,158.87,511.93
55.4,369,268.73,511.93
1,1,212.2,183.4
1,1,266.6,170.6
1,150.33,123.67,289
157.8,1,341.27,202.6
58.6,424.47,246.33,511.93
1,402.07,143.93,511.93
114.07,385,226.07,472.47
73.533,150.33,305,338.07
1,251.67,223.93,425.53
95.933,417,153.53,475.67
34.067,207.93,121.53,287.93
1,364.73,123.67,475.67
1,1,307.13,178.07
58.6,417,258.07,511.93
191.93,260.2,280.47,306.07
232.47,97,341.27,255.93
58.6,260.2,158.87,385
139.67,186.6,189.8,227.13
218.6,286.87,295.4,334.87
1,273,182.33,479.93
195.13,267.67,341.27,347.67
148.2,321,341.27,511.93
1,154.6,95.933,239.93
73.533,1,204.73,102.33
1,264.47,115.13,363.67
1,174.87,47.933,239.93
26.6,286.87,120.47,395.67
73.533,150.33,295.4,374.33
95.933,251.67,223.93,361.53
34.067,355.13,116.2,408.47
129,371.13,341.27,511.93
92.733,1,189.8,97
221.8,95.933,341.27,260.2
19.133,1,242.07,169.53
207.93,319.93,341.27,366.87
95.933,461.8,158.87,511.93
97,250.6,341.27,394.6
163.13,414.87,341.27,511.93
50.067,1,318.87,157.8
1,110.87,120.47,299.67
300.73,186.6,341.27,244.2
1,110.87,295.4,374.33
95.933,212.2,341.27,386.07
126.87,257,341.27,374.33
142.87,1,189.8,89.533
148.2,452.2,247.4,511.93
76.733,150.33,238.87,193
1,150.33,136.47,467.13
95.933,250.6,341.27,408.47
57.533,430.87,246.33,511.93
1,271.93,63.933,332.73
19.133,36.2,243.13,184.47
17,1,212.2,183.4
1,1,149.27,178.07
165.27,237.8,239.93,305
1,152.47,120.47,467.13
223.93,232.47,341.27,319.93
17,67.133,104.47,114.07
1,242.07,341.27,441.53
82.067,417,163.13,488.47
266.6,1,341.27,244.2
1,154.6,123.67,264.47
50.067,330.6,100.2,395.67
1,423.4,55.4,475.67
1,369,247.4,511.93
120.47,354.07,202.6,398.87
191.93,319.93,341.27,367.93
157.8,1,318.87,154.6
58.6,437.27,159.93,511.93
289,252.73,341.27,330.6
82.067,419.13,148.2,488.47
157.8,431.93,246.33,511.93
148.2,366.87,341.27,511.93
232.47,102.33,315.67,222.87
1,414.87,249.53,511.93
90.6,254.87,152.47,346.6
152.47,1,202.6,102.33
58.6,1,149.27,101.27
73.533,383.93,147.13,438.33
172.73,212.2,292.2,348.73
1,271.93,102.33,425.53
269.8,442.6,335.93,511.93
120.47,263.4,295.4,374.33
1,260.2,202.6,441.53
202.6,60.733,317.8,161
239.93,1,341.27,78.867
170.6,449,247.4,499.13
150.33,435.13,247.4,511.93
86.333,1,148.2,99.133
1,255.93,136.47,366.87
149.27,220.73,341.27,334.87
286.87,250.6,341.27,322.07
51.133,1,202.6,102.33
54.333,286.87,136.47,366.87
95.933,371.13,341.27,511.93
85.267,297.53,130.07,346.6
57.533,422.33,247.4,511.93
230.33,126.87,341.27,322.07
120.47,263.4,341.27,398.87
17,1,266.6,170.6
221.8,95.933,308.2,157.8
57.533,422.33,235.67,511.93
95.933,406.33,153.53,475.67
57.533,430.87,258.07,511.93
218.6,252.73,341.27,334.87
85.267,26.6,151.4,102.33
76.733,27.667,149.27,101.27
58.6,1,266.6,143.93
177,222.87,284.73,274.07
158.87,1,318.87,103.4
152.47,289,299.67,369
1,398.87,149.27,511.93
73.533,150.33,285.8,338.07
73.533,91.667,341.27,354.07
1,150.33,223.93,457.53
148.2,321,341.27,385
88.467,1,185.53,52.2
120.47,263.4,265.53,374.33
19.133,1,241,169.53
62.867,1,185.53,102.33
241,433,341.27,511.93
158.87,1,341.27,260.2
157.8,1,318.87,104.47
1,369,149.27,511.93
1,373.27,149.27,511.93
95.933,266.6,341.27,386.07
263.4,114.07,303.93,191.93
218.6,265.53,313.53,334.87
161,413.8,341.27,511.93
158.87,1,313.53,103.4
57.533,430.87,247.4,511.93
17,1,79.933,114.07
1,273,136.47,412.73
158.87,431.93,249.53,511.93
1,150.33,223.93,425.53
56.467,131.13,212.2,183.4
151.4,1,198.33,101.27
119.4,371.13,341.27,457.53
1,286.87,258.07,511.93
34.067,150.33,123.67,241
119.4,375.4,169.53,425.53
57.533,425.53,258.07,511.93
249.53,376.47,341.27,421.27
54.333,1,238.87,120.47
19.133,1,241,164.2
1,1,242.07,184.47
165.27,213.27,209,290.07
1,369,268.73,511.93
87.4,459.67,158.87,511.93
1,1,150.33,165.27
1,233.53,79.933,280.47
120.47,263.4,341.27,374.33
257,431.93,327.4,511.93
95.933,212.2,308.2,361.53
53.267,269.8,158.87,398.87
1,154.6,127.93,425.53
1,402.07,146.07,511.93
126.87,264.47,241,374.33
172.73,212.2,241,279.4
266.6,26.6,318.87,157.8
88.467,1,198.33,102.33
17,93.8,82.067,151.4
236.73,267.67,341.27,337
1,396.73,46.867,450.07
30.867,1,198.33,102.33
153.53,372.2,341.27,457.53
15.933,93.8,212.2,183.4
1,399.93,55.4,457.53
90.6,262.33,174.87,342.33
1,1,95.933,163.13
15.933,90.6,79.933,150.33
238.87,237.8,341.27,319.93
158.87,422.33,258.07,511.93
261.27,97,309.27,155.67
1,329.53,103.4,441.53
52.2,222.87,341.27,383.93
97,260.2,280.47,394.6
1,393.53,65,457.53
114.07,424.47,246.33,511.93
19.133,1,239.93,143.93
133.27,369,341.27,460.73
95.933,254.87,285.8,408.47
1,1,318.87,163.13
196.2,1,243.13,47.933
58.6,1,198.33,101.27
241,438.33,335.93,511.93
166.33,417,268.73,511.93
145,82.067,286.87,157.8
56.467,150.33,191.93,227.13
195.13,255.93,341.27,347.67
1,364.73,65,450.07
47.933,95.933,238.87,170.6
151.4,1,198.33,94.867
71.4,222.87,123.67,289
263.4,95.933,308.2,150.33
202.6,102.33,263.4,161
142.87,1,189.8,55.4
24.467,1,79.933,109.8
46.867,95.933,241,169.53
97,265.53,235.67,394.6
88.467,1,198.33,101.27
34.067,372.2,110.87,415.93
11.667,1,72.467,156.73
78.867,437.27,158.87,502.33
56.467,150.33,274.07,259.13
1,311.4,52.2,390.33
1,395.67,65,467.13
218.6,435.13,268.73,511.93
1,329.53,88.467,421.27
97,250.6,341.27,402.07
120.47,367.93,165.27,408.47
148.2,366.87,341.27,423.4
126.87,362.6,341.27,442.6
115.13,220.73,241,354.07
191.93,315.67,341.27,367.93
100.2,422.33,157.8,474.6
97,251.67,223.93,361.53
95.933,319.93,261.27,386.07
1,273,63.933,412.73
51.133,1,103.4,102.33
15.933,65,150.33,161
58.6,424.47,247.4,511.93
12.733,115.13,67.133,161
19.133,1,82.067,109.8
249.53,375.4,341.27,421.27
157.8,1,317.8,118.33
56.467,8.4667,149.27,108.73
157.8,1,317.8,103.4
227.13,97,305,243.13
145,98.067,238.87,141.8
139.67,266.6,235.67,369
145,82.067,275.13,157.8
1,329.53,106.6,441.53
232.47,91.667,341.27,255.93
120.47,257,341.27,397.8
17,1,82.067,109.8
269.8,442.6,341.27,511.93
24.467,1,82.067,109.8
54.333,91.667,274.07,259.13
101.27,422.33,157.8,474.6
15.933,103.4,72.467,155.67
1,383.93,147.13,511.93
1,412.73,82.067,479.93
151.4,1,201.53,101.27
55.4,419.13,235.67,511.93
19.133,49,77.8,113
55.4,369,235.67,511.93
81,222.87,152.47,354.07
1,383.93,182.33,479.93
177,228.2,219.67,274.07
52.2,269.8,188.73,383.93
81,200.47,183.4,342.33
298.6,91.667,341.27,238.87
1,1,202.6,163.13
71.4,181.27,152.47,354.07
150.33,453.27,246.33,511.93
177,222.87,341.27,333.8
114.07,366.87,226.07,472.47
101.27,306.07,165.27,361.53
30.867,1,149.27,108.73
12.733,97,70.333,161
19.133,90.6,243.13,173.8
62.867,1,198.33,102.33
222.87,250.6,341.27,335.93
174.87,321,341.27,369
191.93,254.87,292.2,348.73
97,277.27,175.93,361.53
139.67,183.4,189.8,235.67
1,1,67.133,162.07
81,1,341.27,347.67
34.067,290.07,81,381.8
85.267,435.13,159.93,502.33
1,153.53,121.53,363.67
172.73,212.2,308.2,348.73
92.733,1,202.6,102.33
178.07,430.87,242.07,474.6
76.733,446.87,158.87,511.93
300.73,141.8,341.27,239.93
161,413.8,335.93,511.93
137.53,1,186.6,95.933
1,398.87,151.4,511.93
1,1,75.667,163.13
139.67,152.47,285.8,258.07
81,95.933,309.27,347.67
121.53,468.2,163.13,511.93
278.33,161,333.8,230.33
1,362.6,73.533,421.27
1,362.6,45.8,413.8
1,154.6,123.67,289
238.87,253.8,285.8,295.4
172.73,212.2,287.93,279.4
1,271.93,117.27,363.67
152.47,372.2,341.27,442.6
85.267,40.467,149.27,100.2
158.87,437.27,207.93,498.07
26.6,286.87,120.47,369
149.27,267.67,199.4,327.4
87.4,461.8,158.87,511.93
268.73,442.6,341.27,511.93
94.867,451.13,163.13,511.93
109.8,158.87,153.53,205.8
145,98.067,241,142.87
66.067,147.13,139.67,277.27
60.733,274.07,118.33,322.07
135.4,264.47,241,365.8
137.53,1,204.73,102.33
145,1,307.13,157.8
236.73,265.53,313.53,326.33
15.933,101.27,71.4,155.67
141.8,100.2,341.27,258.07
57.533,286.87,120.47,334.87
100.2,334.87,207.93,386.07
17,93.8,92.733,162.07
50.067,92.733,316.73,157.8
19.133,12.733,79.933,113
148.2,427.67,247.4,511.93
219.67,95.933,341.27,254.87
111.93,158.87,185.53,221.8
101.27,251.67,223.93,361.53
88.467,1,142.87,53.267
74.6,274.07,118.33,322.07
17,1,104.47,114.07
81,174.87,185.53,290.07
31.933,234.6,123.67,289
126.87,259.13,241,374.33
1,1,67.133,165.27
238.87,249.53,341.27,322.07
52.2,264.47,207.93,383.93
101.27,279.4,185.53,361.53
97,369,221.8,436.2
236.73,106.6,305,243.13
141.8,154.6,285.8,258.07
34.067,355.13,116.2,415.93
159.93,431.93,233.53,500.2
161,430.87,209,500.2
232.47,97,315.67,222.87
65,152.47,287.93,353
1,1,72.467,157.8
152.47,374.33,221.8,423.4
56.467,1,149.27,108.73
97,332.73,216.47,394.6
152.47,376.47,228.2,423.4
113,374.33,221.8,439.4
25.533,355.13,116.2,415.93
1,369,152.47,511.93
57.533,153.53,123.67,241
21.267,234.6,123.67,302.87
73.533,158.87,186.6,338.07
1,1,185.53,165.27
1,154.6,95.933,255.93
281.53,95.933,341.27,254.87
54.333,274.07,100.2,365.8
141.8,1,186.6,49
1,154.6,95.933,260.2
145,97,266.6,143.93
86.333,24.467,148.2,99.133
1,1,110.87,157.8
58.6,269.8,158.87,385
1,1,75.667,165.27
62.867,8.4667,106.6,99.133
158.87,1,318.87,152.47
187.67,289,242.07,355.13
219.67,286.87,294.33,341.27
57.533,444.73,166.33,511.93
248.47,423.4,341.27,481
1,396.73,55.4,457.53
1,255.93,63.933,340.2
50.067,1,244.2,142.87
238.87,266.6,306.07,319.93
85.267,26.6,149.27,100.2
73.533,154.6,186.6,338.07
54.333,274.07,120.47,365.8
101.27,237.8,341.27,357.27
54.333,91.667,271.93,181.27
114.07,424.47,249.53,511.93
12.733,1,116.2,178.07
165.27,372.2,341.27,457.53
65,95.933,341.27,353
158.87,1,307.13,101.27
113,181.27,185.53,290.07
1,366.87,249.53,511.93
94.867,422.33,235.67,511.93
1,152.47,120.47,363.67
29.8,150.33,136.47,277.27
174.87,307.13,341.27,369
12.733,97,75.667,161
219.67,95.933,308.2,215.4
135.4,127.93,341.27,369
1,255.93,136.47,415.93
243.13,431.93,327.4,511.93
1,1,87.4,163.13
35.133,379.67,123.67,449
15.933,90.6,123.67,152.47
57.533,286.87,101.27,334.87
269.8,442.6,322.07,511.93
295.4,1,341.27,153.53
145,449,247.4,511.93
178.07,102.33,262.33,179.13
145,152.47,285.8,260.2
83.133,451.13,149.27,493.8
50.067,222.87,127.93,303.93
145,156.73,274.07,251.67
113,369,221.8,439.4
142.87,1,198.33,89.533
49,234.6,123.67,289
157.8,1,307.13,101.27
165.27,374.33,341.27,511.93
57.533,438.33,166.33,511.93
167.4,315.67,341.27,369
116.2,181.27,185.53,221.8
47.933,60.733,317.8,161
158.87,1,317.8,103.4
85.267,202.6,183.4,347.67
300.73,10.6,341.27,239.93
17,93.8,212.2,183.4
28.733,286.87,115.13,363.67
217.53,250.6,341.27,337
83.133,430.87,215.4,493.8
216.47,250.6,341.27,334.87
51.133,321,105.53,397.8
73.533,1,198.33,102.33
19.133,90.6,238.87,171.67
165.27,237.8,341.27,319.93
202.6,97,316.73,161
37.267,99.133,95.933,151.4
1,264.47,117.27,363.67
150.33,458.6,243.13,511.93
50.067,330.6,95.933,395.67
169.53,323.13,341.27,369
54.333,1,238.87,148.2
47.933,1,317.8,161
195.13,281.53,341.27,347.67
15.933,146.07,109.8,195.13
46.867,1,97,83.133
1,414.87,142.87,511.93
119.4,366.87,169.53,425.53
49,372.2,116.2,417
57.533,274.07,100.2,357.27
268.73,423.4,341.27,511.93
15.933,90.6,123.67,161
1,383.93,147.13,479.93
53.267,321,105.53,372.2
152.47,373.27,341.27,442.6
65,203.67,123.67,261.27
222.87,250.6,341.27,338.07
81,158.87,185.53,221.8
50.067,97,244.2,150.33
165.27,252.73,210.07,305
159.93,431.93,229.27,500.2
61.8,222.87,123.67,289
298.6,1,341.27,238.87
1,271.93,65,410.6
121.53,459.67,163.13,511.93
284.73,249.53,341.27,322.07
161,425.53,335.93,511.93
243.13,95.933,308.2,191.93
1,1,71.4,163.13
1,153.53,125.8,363.67
85.267,26.6,146.07,98.067
218.6,466.07,261.27,511.93
191.93,254.87,292.2,338.07
62.867,65,150.33,111.93
227.13,97,309.27,243.13
191.93,250.6,341.27,367.93
126.87,257,282.6,374.33
1,329.53,123.67,471.4
77.8,417,182.33,500.2
12.733,118.33,57.533,161
71.4,234.6,111.93,289
81,174.87,185.53,342.33
66.067,108.73,241,149.27
159.93,431.93,229.27,490.6
263.4,441.53,341.27,511.93
184.47,222.87,285.8,299.67
207.93,242.07,329.53,326.33
19.133,1,239.93,141.8
241,435.13,281.53,511.93
73.533,158.87,186.6,354.07
95.933,334.87,207.93,386.07
290.07,1,341.27,220.73
157.8,1,341.27,244.2
177,222.87,315.67,333.8
150.33,453.27,243.13,511.93
54.333,1,313.53,120.47
85.267,267.67,169.53,347.67
145,152.47,282.6,254.87
46.867,95.933,241,191.93
55.4,421.27,157.8,511.93
31.933,105.53,116.2,150.33
145,155.67,282.6,251.67
1,395.67,63.933,467.13
286.87,250.6,341.27,330.6
73.533,1,189.8,97
95.933,319.93,341.27,386.07
1,375.4,57.533,421.27
262.33,187.67,341.27,255.93
164.2,427.67,242.07,470.33
50.067,97,244.2,142.87
101.27,422.33,235.67,500.2
1,431.93,49,475.67
1,415.93,83.133,476.73
109.8,150.33,191.93,191.93
114.07,424.47,171.67,473.53
149.27,220.73,329.53,327.4
279.4,461.8,335.93,511.93
158.87,431.93,214.33,490.6
81,173.8,189.8,289
1,369,123.67,475.67
6.3333,329.53,77.8,411.67
25.533,12.733,79.933,108.73
1,154.6,85.267,239.93
295.4,1,341.27,220.73
177,222.87,305,321
167.4,373.27,341.27,442.6
56.467,158.87,189.8,227.13
135.4,264.47,341.27,369
1,286.87,93.8,425.53
1,154.6,85.267,263.4
182.33,435.13,242.07,487.4
53.267,274.07,120.47,372.2
119.4,371.13,292.2,425.53
201.53,441.53,247.4,494.87
85.267,202.6,209,347.67
73.533,1,143.93,75.667
113,185.53,189.8,289
107.67,212.2,241,353
92.733,1,143.93,54.333
248.47,95.933,308.2,153.53
115.13,268.73,243.13,365.8
92.733,1,142.87,54.333
140.73,152.47,285.8,258.07
133.27,397.8,260.2,455.4
65,152.47,241,353
231.4,319.93,341.27,366.87
135.4,222.87,341.27,369
263.4,114.07,308.2,191.93
73.533,7.4,149.27,100.2
85.267,1,185.53,102.33
82.067,444.73,129,488.47
73.533,152.47,285.8,354.07
159.93,220.73,241,295.4
86.333,24.467,150.33,100.2
163.13,421.27,267.67,511.93
57.533,437.27,207.93,511.93
230.33,126.87,341.27,260.2
117.27,266.6,235.67,369
247.4,433,294.33,474.6
55.4,419.13,152.47,511.93
244.2,431.93,327.4,511.93
65,158.87,185.53,342.33
78.867,430.87,203.67,502.33
66.067,156.73,136.47,277.27
10.6,1,67.133,161
129,372.2,341.27,446.87
1,329.53,123.67,435.13
219.67,10.6,341.27,254.87
105.53,437.27,158.87,477.8
187.67,289,316.73,355.13
1,321,105.53,410.6
140.73,127.93,341.27,258.07
107.67,419.13,148.2,467.13
184.47,222.87,305,321
157.8,1,317.8,102.33
216.47,269.8,292.2,334.87
215.4,372.2,341.27,421.27
222.87,287.93,307.13,335.93
191.93,222.87,284.73,271.93
148.2,430.87,247.4,511.93
172.73,212.2,228.2,279.4
1,286.87,77.8,425.53
217.53,1,341.27,100.2
158.87,437.27,238.87,498.07
89.533,30.867,150.33,100.2
232.47,127.93,341.27,255.93
81,263.4,152.47,314.6
264.47,281.53,313.53,326.33
1,1,109.8,195.13
1,366.87,57.533,421.27
1,393.53,65,450.07
1,209,123.67,340.2
263.4,281.53,341.27,337
115.13,260.2,280.47,365.8
248.47,437.27,294.33,481
182.33,433,235.67,475.67
1,153.53,121.53,299.67
217.53,23.4,307.13,100.2
101.27,422.33,172.73,474.6
241,433,294.33,511.93
81,158.87,153.53,218.6
1,152.47,120.47,299.67
101.27,305,165.27,357.27
46.867,105.53,209,169.53
50.067,92.733,244.2,150.33
184.47,222.87,285.8,295.4
119.4,431.93,247.4,511.93
289,275.13,341.27,322.07
143.93,430.87,215.4,475.67
152.47,376.47,213.27,420.2
37.267,131.13,238.87,171.67
195.13,281.53,261.27,347.67
58.6,446.87,131.13,511.93
71.4,181.27,137.53,275.13
145,82.067,275.13,141.8
65,158.87,185.53,221.8
238.87,260.2,306.07,319.93
298.6,153.53,341.27,238.87
1,329.53,88.467,411.67
78.867,451.13,149.27,502.33
1,321,65,410.6
281.53,1,341.27,254.87
81,95.933,309.27,346.6
19.133,110.87,72.467,151.4
83.133,430.87,246.33,511.93
61.8,437.27,159.93,511.93
150.33,369,221.8,423.4
1,369,123.67,467.13
157.8,1,260.2,102.33
75.667,372.2,123.67,417
18.067,1,110.87,113
183.4,1,239.93,47.933
183.4,1,260.2,47.933
281.53,252.73,341.27,331.67
158.87,1,318.87,104.47
152.47,53.267,204.73,102.33
142.87,319.93,261.27,386.07
268.73,442.6,326.33,511.93
217.53,23.4,317.8,100.2
57.533,153.53,115.13,231.4
1,174.87,71.4,260.2
8.4667,366.87,57.533,421.27
234.6,127.93,341.27,255.93
285.8,275.13,341.27,322.07
54.333,94.867,239.93,141.8
62.867,446.87,158.87,511.93
162.07,100.2,341.27,258.07
46.867,1,87.4,83.133
31.933,234.6,123.67,302.87
65,152.47,185.53,342.33
177,222.87,341.27,322.07
227.13,95.933,309.27,246.33
54.333,102.33,241,181.27
1,174.87,46.867,237.8
85.267,1,146.07,98.067
65,152.47,152.47,322.07
159.93,431.93,206.87,490.6
263.4,97,303.93,191.93
81,152.47,285.8,346.6
65,212.2,123.67,261.27
261.27,97,316.73,157.8
241,95.933,308.2,153.53
95.933,467.13,158.87,511.93
101.27,277.27,175.93,361.53
46.867,105.53,123.67,152.47
34.067,207.93,95.933,273
34.067,355.13,115.13,415.93
247.4,433,294.33,479.93
50.067,235.67,127.93,303.93
161,425.53,260.2,474.6
62.867,1,114.07,44.733
113,202.6,183.4,290.07
89.533,24.467,150.33,100.2
141.8,152.47,287.93,260.2
1,403.13,41.533,445.8
119.4,431.93,214.33,500.2
241,438.33,322.07,511.93
289,296.47,341.27,338.07
73.533,383.93,159.93,438.33
15.933,151.4,109.8,195.13
85.267,1,186.6,98.067
18.067,1,78.867,109.8
97,383.93,167.4,436.2
113,180.2,189.8,289
1,412.73,82.067,475.67
114.07,267.67,169.53,347.67
33,233.53,79.933,280.47
1,271.93,79.933,425.53
165.27,243.13,239.93,305
268.73,442.6,322.07,511.93
139.67,154.6,285.8,258.07
281.53,295.4,341.27,337
241,158.87,286.87,209
63.933,235.67,121.53,287.93
1,273,120.47,412.73
54.333,286.87,101.27,366.87
51.133,355.13,116.2,408.47
252.73,257,308.2,321
10.6,331.67,52.2,380.73
1,301.8,63.933,412.73
1,174.87,47.933,263.4
1,321,105.53,425.53
33,1,87.4,102.33
77.8,435.13,159.93,502.33
15.933,1,83.133,153.53
156.73,372.2,341.27,457.53
77.8,417,247.4,511.93
102.33,1,143.93,54.333
81,200.47,152.47,307.13
271.93,26.6,318.87,104.47
3.1333,362.6,73.533,421.27
145,108.73,241,149.27
266.6,95.933,309.27,157.8
268.73,442.6,335.93,511.93
73.533,383.93,182.33,472.47
20.2,1,83.133,108.73
31.933,105.53,116.2,178.07
65,152.47,110.87,207.93
109.8,1,185.53,52.2
141.8,1,185.53,49
63.933,170.6,111.93,231.4
47.933,109.8,238.87,170.6
1,271.93,59.667,332.73
50.067,222.87,123.67,289
158.87,213.27,219.67,312.47
177,228.2,217.53,274.07
79.933,235.67,121.53,287.93
54.333,95.933,238.87,148.2
168.47,307.13,341.27,369
63.933,155.67,115.13,231.4
42.6,369,123.67,441.53
157.8,460.73,246.33,511.93
187.67,1,239.93,47.933
157.8,1,341.27,100.2
1,395.67,71.4,471.4
131.13,277.27,175.93,347.67
152.47,51.133,201.53,101.27
71.4,181.27,125.8,274.07
50.067,235.67,121.53,303.93
67.133,1,114.07,44.733
1,286.87,54.333,401
300.73,141.8,341.27,228.2
93.8,24.467,143.93,75.667
153.53,213.27,209,318.87
142.87,274.07,231.4,360.47
46.867,95.933,238.87,169.53
281.53,182.33,341.27,254.87
298.6,423.4,341.27,479.93
152.47,374.33,341.27,442.6
105.53,417,163.13,471.4
196.2,1,260.2,47.933
8.4667,366.87,73.533,421.27
234.6,300.73,341.27,341.27
81,263.4,152.47,354.07
98.067,419.13,151.4,474.6
227.13,97,309.27,246.33
54.333,30.867,238.87,120.47
243.13,431.93,341.27,511.93
159.93,445.8,207.93,500.2
106.6,267.67,169.53,347.67
6.3333,329.53,88.467,411.67
159.93,431.93,207.93,500.2
249.53,372.2,341.27,421.27
251.67,182.33,341.27,254.87
145,156.73,282.6,251.67
207.93,1,317.8,102.33
113,193,189.8,289
212.2,222.87,284.73,264.47
1,286.87,54.333,390.33
292.2,141.8,341.27,228.2
31.933,105.53,75.667,150.33
186.6,323.13,341.27,369
28.733,286.87,108.73,338.07
108.73,254.87,152.47,307.13
58.6,14.867,103.4,99.133
251.67,195.13,305,243.13
90.6,202.6,183.4,342.33
300.73,186.6,341.27,235.67
81,222.87,152.47,314.6
145,155.67,282.6,254.87
1,154.6,90.6,238.87
85.267,27.667,145,86.333
85.267,40.467,145,85.267
113,202.6,183.4,289
268.73,442.6,319.93,511.93
98.067,303.93,145,354.07
261.27,97,316.73,151.4
126.87,264.47,241,365.8
107.67,277.27,175.93,353
239.93,1,296.47,47.933
1,410.6,82.067,479.93
236.73,97,305,243.13
159.93,25.533,214.33,100.2
17,1,83.133,108.73
191.93,254.87,285.8,338.07
268.73,26.6,317.8,97
106.6,254.87,154.6,312.47
219.67,286.87,294.33,333.8
14.867,1,72.467,150.33
49,234.6,111.93,289
150.33,369,341.27,460.73
50.067,330.6,94.867,395.67
165.27,373.27,341.27,460.73
158.87,438.33,207.93,498.07
97,383.93,149.27,436.2
151.4,1,198.33,78.867
113,181.27,183.4,290.07
81,173.8,189.8,346.6
158.87,431.93,233.53,500.2
100.2,422.33,152.47,474.6
114.07,424.47,171.67,476.73
93.8,1,185.53,52.2
1,399.93,82.067,479.93
209,1,317.8,100.2
33,1,83.133,94.867
239.93,287.93,307.13,330.6
54.333,102.33,241,149.27
1,264.47,85.267,355.13
97,334.87,209,394.6
65,203.67,123.67,264.47
62.867,435.13,159.93,511.93
177,228.2,222.87,274.07
236.73,170.6,278.33,233.53
157.8,1,198.33,62.867
43.667,319.93,115.13,363.67
62.867,468.2,140.73,511.93
81,174.87,133.27,218.6
30.867,1,103.4,83.133
234.6,127.93,315.67,222.87
10.6,301.8,52.2,380.73
153.53,385,226.07,425.53
17,67.133,73.533,114.07
157.8,25.533,214.33,102.33
191.93,260.2,280.47,337
82.067,398.87,149.27,446.87
119.4,431.93,214.33,490.6
219.67,157.8,287.93,215.4
1,423.4,71.4,471.4
89.533,30.867,137.53,100.2
15.933,101.27,71.4,153.53
25.533,1,83.133,108.73
9.5333,366.87,63.933,412.73
46.867,369,123.67,435.13
261.27,97,309.27,151.4
212.2,222.87,284.73,271.93
239.93,1,296.47,78.867
81,173.8,189.8,307.13
184.47,222.87,284.73,267.67
106.6,217.53,154.6,312.47
241,158.87,287.93,215.4
89.533,30.867,137.53,94.867
142.87,274.07,234.6,360.47
238.87,268.73,306.07,319.93
9.5333,366.87,77.8,425.53
152.47,376.47,213.27,423.4
1,271.93,55.4,355.13
197.27,108.73,241,149.27
1,301.8,52.2,390.33
115.13,265.53,243.13,365.8
157.8,1,239.93,100.2
165.27,375.4,341.27,457.53
158.87,213.27,209,312.47
129,396.73,298.6,446.87
77.8,444.73,166.33,511.93
114.07,425.53,170.6,472.47
55.4,421.27,152.47,511.93
142.87,265.53,235.67,360.47
145,156.73,274.07,259.13
106.6,202.6,183.4,312.47
177,207.93,244.2,259.13
100.2,334.87,209,386.07
286.87,250.6,341.27,338.07
157.8,25.533,214.33,100.2
241,106.6,286.87,209
281.53,141.8,341.27,254.87
211.13,373.27,341.27,421.27
170.6,449,249.53,511.93
191.93,297.53,261.27,367.93
115.13,268.73,234.6,365.8
191.93,297.53,341.27,367.93
108.73,417,182.33,472.47
1,174.87,46.867,238.87
1,331.67,52.2,390.33
167.4,374.33,341.27,442.6
115.13,334.87,207.93,375.4
36.2,412.73,82.067,457.53
209,23.4,307.13,100.2
97,332.73,216.47,386.07
187.67,1,260.2,47.933
239.93,287.93,284.73,328.47
127.93,183.4,189.8,227.13
15.933,104.47,72.467,150.33
300.73,187.67,341.27,239.93
140.73,334.87,207.93,386.07
104.47,446.87,158.87,499.13
115.13,274.07,234.6,365.8
159.93,25.533,229.27,100.2
241,106.6,305,243.13
137.53,1,185.53,49
257,1,317.8,97
140.73,332.73,216.47,386.07
1,399.93,46.867,450.07
1,154.6,90.6,231.4
