1,1,512.5,341.29
83.408,273.8,207.02,336.32
81.987,1,508.95,267.41
1,1,207.73,341.29
106.14,1,512.5,341.29
91.933,118.22,460.64,341.29
1,1,232.6,341.29
142.37,116.8,225.49,191.39
1,1,210.57,341.29
261.01,286.59,429.38,341.29
79.146,1,512.5,341.29
1,1,224.07,341.29
191.39,193.52,459.93,294.4
83.408,104.72,487.64,341.29
265.99,285.17,428.67,341.29
81.987,1,512.5,341.29
72.752,1,512.5,341.29
226.2,1,512.5,341.29
107.56,1,510.37,206.31
211.28,37.942,252.49,85.54
209.15,165.82,494.74,341.29
209.15,106.85,512.5,341.29
241.83,109.69,301.51,170.08
80.567,27.285,255.33,136.69
80.567,79.146,288.01,237.57
1,1,339.16,341.29
72.752,62.096,460.64,341.29
1,1,234.02,341.29
188.55,1,512.5,225.49
424.41,124.61,487.64,170.08
83.408,1,512.5,341.29
79.146,164.4,336.32,275.93
91.933,208.44,429.38,341.29
70.621,74.883,464.19,341.29
218.39,227.62,265.28,268.83
299.38,74.883,413.04,145.21
278.06,35.1,508.95,267.41
106.14,56.413,264.56,275.22
140.95,25.154,192.81,79.146
96.906,1,512.5,191.39
79.146,262.43,224.07,334.9
157.29,1,464.9,103.3
374.68,63.517,512.5,191.39
108.98,1,464.9,118.22
73.463,1,512.5,341.29
108.27,106.85,234.02,204.89
133.14,178.6,460.64,341.29
257.46,282.32,430.8,341.29
218.39,192.81,460.64,324.24
209.15,1,512.5,341.29
263.14,258.88,429.38,341.29
73.463,61.385,459.93,341.29
81.987,1,464.9,110.4
108.27,1,355.5,191.39
203.47,14.498,463.48,101.17
396.7,63.517,508.95,152.32
327.08,258.88,439.33,320.69
209.15,1,499.71,217.68
385.34,50.019,496.16,107.56
27.285,1,209.15,261.72
167.24,123.19,379.65,295.82
86.96,262.43,224.07,332.76
150.9,38.652,299.38,187.13
66.358,125.32,235.44,277.35
191.39,251.78,459.93,341.29
319.98,117.51,409.49,185.71
83.408,104.72,430.09,341.29
142.37,134.56,186.42,191.39
416.59,109.69,498.29,158.71
66.358,75.594,311.45,277.35
188.55,1,295.11,59.965
430.8,1,512.5,341.29
1,1,104.01,341.29
332.76,187.84,418.73,229.75
1,1,259.59,341.29
367.57,79.146,413.04,145.21
1,1,207.02,341.29
96.196,187.84,459.93,341.29
188.55,1,284.46,59.254
136.69,174.34,402.39,293.69
248.23,94.065,498.29,225.49
133.14,150.9,460.64,341.29
167.24,118.22,460.64,310.03
273.09,112.54,427.25,219.81
167.24,123.19,460.64,310.03
188.55,1,512.5,128.16
433.64,1,512.5,341.29
383.2,113.25,469.16,187.13
469.16,1,512.5,93.354
72.752,62.096,428.67,224.78
30.838,1,510.37,202.05
66.358,74.883,457.8,341.29
50.019,39.363,109.69,129.59
1,1,111.83,341.29
271.67,218.39,337.03,259.59
80.567,1,512.5,341.29
430.8,106.85,512.5,341.29
153.74,15.919,275.93,116.8
97.617,208.44,429.38,341.29
390.31,109.69,498.29,194.94
297.95,105.43,487.64,341.29
291.56,64.227,364.73,111.83
107.56,1,512.5,341.29
375.39,112.54,428.67,175.05
79.146,164.4,459.93,341.29
150.9,38.652,299.38,133.85
332.05,224.78,430.09,270.25
234.02,285.17,430.09,341.29
1,1,79.856,341.29
177.18,174.34,356.21,248.94
462.06,106.85,512.5,341.29
1,1,207.73,332.76
463.48,1,512.5,107.56
1,1,457.8,341.29
69.2,1,339.16,275.22
52.15,163.69,103.3,341.29
23.733,1,255.33,208.44
209.15,159.42,407.36,288.72
221.23,105.43,428.67,187.13
291.56,64.227,382.49,111.83
273.09,122.48,364.73,185.71
104.01,104.72,277.35,275.22
321.4,256.04,430.09,319.98
257.46,282.32,454.96,341.29
257.46,282.32,429.38,341.29
73.463,61.385,428.67,228.33
148.77,78.435,253.91,219.1
106.85,1,464.9,103.3
188.55,1,367.57,65.648
153.74,1,474.85,103.3
150.9,104.72,277.35,225.49
226.2,1,507.53,213.41
1,1,110.4,341.29
437.2,105.43,509.66,151.61
1,1,209.15,341.29
156.58,140.24,207.02,187.13
206.31,74.883,498.29,225.49
248.23,125.32,349.81,204.18
269.54,12.367,369,74.883
248.23,45.756,355.5,108.98
384.62,1,493.32,106.85
23.733,1,299.38,208.44
267.41,1,463.48,53.571
383.2,51.44,510.37,199.92
106.85,10.235,231.89,89.092
317.85,208.44,430.09,271.67
137.4,213.41,235.44,254.62
241.12,56.413,507.53,213.41
32.969,1,207.73,187.13
218.39,243.96,310.74,293.69
101.88,111.83,157.29,172.92
1,1,199.92,341.29
144.5,106.85,234.02,179.31
351.95,113.25,435.78,162.26
161.55,165.82,457.8,341.29
305.77,74.883,422.99,186.42
432.22,1,512.5,341.29
1,1,510.37,341.29
30.838,1,265.28,92.644
143.79,75.594,311.45,225.49
70.621,113.96,154.45,187.13
81.987,1,464.9,104.01
1,1,199.92,225.49
91.933,1,512.5,341.29
383.2,1,489.06,100.46
271.67,192.81,460.64,310.03
332.76,187.84,418.73,236.86
226.2,1,458.51,116.8
211.28,10.946,373.26,108.98
72.752,78.435,428.67,224.78
80.567,95.485,234.02,208.44
385.34,1,508.95,202.05
83.408,207.73,430.09,341.29
204.89,229.75,310.74,293.69
108.27,1,325.66,191.39
304.35,18.05,440.75,77.725
305.77,74.883,422.99,179.31
1,1,299.38,341.29
437.91,75.594,492.61,116.8
202.76,27.996,276.64,69.91
373.97,18.05,510.37,206.31
304.35,1,464.9,77.725
250.36,94.065,498.29,225.49
243.25,72.042,402.39,118.93
195.65,187.84,459.93,293.69
102.59,155.16,457.8,341.29
241.12,123.19,349.1,170.79
107.56,27.285,174.34,78.435
188.55,1,284.46,50.019
269.54,249.65,458.51,341.29
209.15,218.39,459.93,341.29
1,1,355.5,341.29
413.04,106.85,512.5,341.29
294.4,62.096,403.1,119.64
79.146,106.14,512.5,341.29
184.29,299.38,273.8,341.29
337.74,193.52,435.06,246.09
270.96,289.43,430.8,341.29
147.35,79.146,288.01,237.57
447.85,1,508.24,111.83
79.146,270.96,224.07,334.9
145.93,117.51,209.15,176.47
310.74,1,385.34,66.358
173.63,1,284.46,122.48
80.567,231.89,459.93,341.29
96.906,27.285,276.64,119.64
80.567,79.146,512.5,341.29
365.44,208.44,435.06,267.41
337.74,193.52,432.22,237.57
406.65,207.73,449.27,279.48
188.55,1,292.27,59.965
221.23,106.14,397.41,187.13
373.97,70.621,492.61,140.24
467.03,106.85,512.5,192.1
321.4,256.04,457.8,319.98
258.88,34.39,355.5,74.883
295.82,76.304,403.1,119.64
80.567,79.146,407.36,288.72
68.49,1,355.5,275.22
188.55,1,472.72,86.25
243.96,80.567,397.41,187.84
203.47,14.498,440.75,91.223
62.806,67.779,160.13,231.18
79.146,164.4,336.32,284.46
204.18,226.91,265.28,269.54
248.23,134.56,310.74,204.18
66.358,75.594,311.45,278.77
1,167.24,259.59,341.29
413.04,35.1,493.32,106.85
108.27,1,325.66,140.24
280.9,1,457.8,79.146
102.59,155.16,464.19,341.29
166.53,75.594,268.12,120.35
95.485,278.06,207.73,341.29
287.3,165.82,494.74,273.09
302.93,165.82,464.19,273.09
241.83,1,302.93,67.779
226.91,68.49,325.66,118.93
96.906,1,312.16,120.35
27.285,1,209.15,56.413
107.56,1,464.9,118.22
97.617,273.8,209.15,329.21
1,248.94,231.89,341.29
363.31,105.43,436.49,182.87
209.15,165.82,385.34,288.72
68.49,125.32,129.59,184.29
60.675,112.54,156.58,187.84
154.45,33.679,205.6,91.223
23.733,37.231,111.83,208.44
262.43,207.73,430.09,341.29
388.89,63.517,512.5,191.39
23.733,1,235.44,208.44
373.97,56.413,507.53,213.41
383.2,1,512.5,341.29
83.408,111.83,157.29,172.92
267.41,113.96,359.76,185.71
161.55,226.91,311.45,341.29
72.752,78.435,283.04,224.78
278.77,218.39,340.58,282.32
103.3,106.85,234.02,258.88
262.43,285.17,429.38,341.29
104.01,197.08,204.18,258.88
118.93,117.51,204.18,208.44
273.09,101.17,499.71,205.6
106.85,1,464.9,104.01
1,1,219.1,341.29
188.55,1,472.72,111.83
206.31,131.72,261.72,184.29
80.567,78.435,159.42,136.69
73.463,67.779,160.13,190.68
267.41,213.41,354.79,284.46
360.47,200.63,459.93,267.41
221.23,105.43,428.67,219.81
390.31,101.17,499.71,199.92
310.74,1,440.75,66.358
385.34,35.1,508.95,202.05
287.3,36.521,508.95,202.05
373.97,18.05,510.37,199.21
375.39,112.54,427.25,175.05
385.34,1,510.37,202.05
390.31,94.065,498.29,163.69
177.18,174.34,379.65,295.82
269.54,1,434.35,74.883
142.37,134.56,209.86,191.39
295.82,74.883,413.04,145.21
192.81,1,284.46,80.567
91.933,272.38,209.15,337.74
287.3,35.1,508.95,202.05
444.3,1,512.5,122.48
383.2,20.181,481.24,100.46
209.15,208.44,265.28,268.83
233.31,112.54,427.25,219.81
138.11,141.66,197.08,192.1
162.26,1,339.16,122.48
248.23,42.204,455.67,185.71
273.8,208.44,430.09,287.3
299.38,234.73,342,282.32
1,15.919,159.42,341.29
248.23,45.756,455.67,185.71
79.146,177.18,196.36,275.93
98.327,283.04,208.44,329.21
462.06,175.76,512.5,341.29
267.41,1,512.5,113.25
227.62,81.277,428.67,187.13
221.23,106.14,407.36,187.13
342.71,288.01,433.64,341.29
73.463,111.83,157.29,186.42
271.67,218.39,342.71,284.46
235.44,279.48,283.75,335.61
182.16,1,284.46,122.48
271.67,195.65,408.07,236.15
329.21,195.65,377.52,256.04
72.752,78.435,283.04,224.07
218.39,192.81,460.64,288.72
32.969,1,235.44,61.385
80.567,95.485,223.36,205.6
108.27,72.752,159.42,135.27
89.092,27.285,175.05,83.408
209.15,159.42,385.34,288.72
258.88,229.75,310.74,270.96
143.08,75.594,301.51,226.2
74.173,114.67,155.87,192.1
187.84,227.62,318.56,294.4
203.47,14.498,512.5,191.39
356.92,1,512.5,341.29
27.285,1,209.15,87.671
147.35,117.51,229.04,172.92
243.96,80.567,363.31,127.45
133.14,180.03,460.64,341.29
30.838,1,510.37,341.29
51.44,163.69,207.73,341.29
192.81,27.996,280.9,74.173
142.37,111.83,233.31,191.39
133.14,180.03,329.21,341.29
296.53,1,442.17,54.281
155.16,13.788,236.86,79.856
106.14,167.24,264.56,275.22
321.4,36.521,508.95,202.05
329.21,187.13,452.11,233.31
351.95,113.25,435.78,180.03
383.2,141.66,447.14,183.58
356.92,1,493.32,106.85
407.36,244.67,457.8,297.24
383.2,20.181,489.06,100.46
267.41,1,442.17,44.335
1,16.629,101.88,341.29
221.23,170.79,271.67,211.28
316.43,18.05,458.51,116.8
435.78,1,512.5,341.29
437.2,111.83,498.29,168.66
436.49,106.85,512.5,341.29
302.93,165.82,494.74,273.09
406.65,201.34,449.98,279.48
356.92,1,510.37,123.9
359.05,131.72,408.78,175.76
263.14,286.59,429.38,341.29
444.3,1,512.5,111.83
128.16,27.285,174.34,87.671
436.49,196.36,481.95,341.29
413.04,121.06,469.16,187.13
203.47,14.498,440.75,90.513
69.2,126.03,152.32,194.94
107.56,25.154,175.76,87.671
250.36,187.13,449.27,256.04
280.9,249.65,457.8,324.24
234.02,285.17,429.38,341.29
17.34,128.16,79.856,228.33
248.23,112.54,427.25,219.81
70.621,209.15,147.35,341.29
297.95,105.43,460.64,341.29
69.2,126.03,139.53,194.94
105.43,67.069,160.84,126.74
295.11,72.042,384.62,118.93
436.49,199.21,477.69,341.29
430.09,1,512.5,341.29
456.38,106.14,512.5,341.29
79.146,177.18,235.44,275.93
80.567,75.594,238.28,136.69
232.6,187.13,452.11,237.57
51.44,126.03,103.3,341.29
321.4,208.44,430.09,271.67
270.96,174.34,407.36,218.39
32.258,1,207.73,341.29
243.96,74.883,413.75,192.1
1,1,92.644,341.29
297.95,187.84,451.4,237.57
257.46,284.46,358.34,330.63
395.28,109.69,498.29,158.71
118.93,117.51,204.18,204.89
294.4,193.52,449.27,281.61
98.327,189.97,150.19,261.72
387.47,290.14,429.38,341.29
294.4,193.52,459.93,281.61
337.74,193.52,427.25,237.57
73.463,118.22,151.61,190.68
232.6,251.78,384.62,341.29
218.39,227.62,263.14,268.12
223.36,1,349.81,65.648
51.44,163.69,219.1,341.29
75.594,24.444,159.42,136.69
69.2,56.413,264.56,275.22
79.146,164.4,459.93,294.4
251.78,112.54,427.25,219.81
79.856,179.31,144.5,299.38
96.196,270.96,224.07,334.9
317.85,74.883,413.75,118.93
273.09,126.74,361.89,179.31
80.567,27.285,255.33,208.44
354.08,199.92,464.19,273.09
153.74,1,510.37,206.31
108.27,44.335,224.78,140.24
144.5,104.72,232.6,179.31
98.327,189.97,203.47,275.22
197.08,28.706,270.25,77.725
104.01,196.36,176.47,258.88
106.14,1,510.37,213.41
248.23,118.93,373.26,212.7
226.2,29.417,355.5,87.671
273.09,213.41,347.68,287.3
108.98,1,464.9,111.11
177.18,269.54,286.59,341.29
386.05,1,512.5,128.16
123.19,25.865,205.6,91.223
175.05,118.22,283.75,225.49
32.969,1,235.44,44.335
287.3,35.1,508.95,267.41
248.23,134.56,310.74,187.13
349.81,118.93,407.36,177.89
363.31,105.43,436.49,175.05
182.87,262.43,280.19,341.29
105.43,197.08,176.47,257.46
184.29,279.48,273.8,341.29
73.463,61.385,284.46,228.33
104.01,104.72,402.39,293.69
390.31,109.69,498.29,202.05
231.89,234.02,285.88,285.17
206.31,74.883,413.75,203.47
271.67,214.84,337.03,259.59
97.617,253.91,231.18,306.48
276.64,213.41,347.68,283.75
192.81,1,356.92,101.88
30.838,1,464.9,118.22
197.08,1,474.85,87.671
96.196,233.31,307.9,341.29
97.617,260.3,295.82,341.29
467.03,106.85,512.5,224.78
80.567,27.285,159.42,136.69
233.31,282.32,433.64,341.29
297.95,234.02,342.71,284.46
23.733,37.231,156.58,208.44
234.73,123.19,349.1,186.42
61.385,189.97,104.72,260.3
108.98,1,464.9,110.4
32.969,1,209.15,51.44
153.03,231.89,233.31,273.09
79.146,262.43,224.07,341.29
237.57,140.95,283.75,182.16
52.15,163.69,99.748,341.29
174.34,94.065,253.91,219.1
243.96,78.435,397.41,147.35
192.1,38.652,299.38,133.85
257.46,284.46,326.37,330.63
260.3,285.17,429.38,341.29
268.83,35.81,355.5,87.671
143.79,75.594,311.45,233.31
188.55,1,272.38,46.467
62.806,74.883,111.83,231.18
102.59,231.18,153.74,273.09
316.43,76.304,384.62,116.8
206.31,112.54,310.03,203.47
248.23,153.74,317.85,216.26
148.77,78.435,232.6,127.45
109.69,77.725,158.71,123.9
329.21,187.13,432.22,233.31
247.51,165.82,385.34,218.39
106.14,27.285,175.05,88.381
101.88,67.779,160.13,190.68
271.67,207.73,430.09,288.01
434.35,1,512.5,341.29
336.32,224.78,430.09,270.25
195.65,187.84,451.4,293.69
458.51,67.779,510.37,123.9
447.85,111.83,496.87,169.37
413.04,18.05,510.37,115.38
233.31,282.32,429.38,341.29
365.44,202.05,458.51,268.12
155.16,10.235,265.28,92.644
107.56,27.285,174.34,87.671
148.77,231.89,233.31,272.38
169.37,116.8,283.04,226.2
269.54,1,440.75,74.883
211.28,10.946,373.26,111.83
241.83,1,286.59,67.779
268.12,84.829,397.41,187.84
1,1,160.84,341.29
209.15,206.31,327.08,263.85
188.55,1,284.46,46.467
101.88,117.51,155.16,172.92
209.15,208.44,255.33,257.46
398.83,71.331,508.95,128.16
71.331,113.96,156.58,187.84
342.71,286.59,448.56,341.29
144.5,106.14,232.6,179.31
241.12,57.123,400.96,150.19
227.62,69.2,319.27,117.51
267.41,5.2625,351.24,45.756
50.729,193.52,152.32,341.29
232.6,251.78,459.93,341.29
181.45,1,312.16,59.965
101.88,113.96,156.58,174.34
30.838,37.231,104.72,129.59
70.621,75.594,159.42,187.13
271.67,1,442.17,54.281
316.43,77.015,384.62,118.93
363.31,105.43,428.67,150.19
297.95,187.84,451.4,236.86
73.463,125.32,129.59,184.29
403.1,145.21,472.72,188.55
148.77,207.02,235.44,273.09
280.9,1,474.85,79.146
405.23,146.64,472.01,194.94
32.969,1,232.6,51.44
279.48,18.05,433.64,66.358
327.08,254.62,457.8,320.69
136.69,118.93,402.39,293.69
342.71,1,442.17,42.204
52.15,126.03,103.3,341.29
193.52,27.285,276.64,69.91
360.47,36.521,508.95,202.05
268.83,34.39,355.5,74.883
386.05,50.019,512.5,128.16
167.24,174.34,379.65,295.82
295.11,72.042,402.39,118.93
195.65,211.99,312.16,293.69
296.53,174.34,338.45,219.81
74.173,114.67,151.61,182.16
135.98,220.52,211.28,287.3
248.23,118.93,373.26,204.18
409.49,207.02,460.64,341.29
69.2,126.03,128.16,184.29
108.98,56.413,197.08,192.1
108.27,44.335,230.46,140.24
294.4,195.65,408.78,281.61
136.69,212.7,231.18,256.04
250.36,278.06,432.93,341.29
402.39,1,464.9,69.2
280.9,251.07,457.8,324.24
123.19,25.865,195.65,88.381
1,1,131.01,341.29
250.36,113.25,496.16,225.49
386.05,50.019,508.95,202.05
297.95,187.84,460.64,341.29
351.95,118.93,405.23,162.26
106.14,75.594,264.56,275.22
156.58,128.88,225.49,187.13
415.88,63.517,508.95,138.82
223.36,39.363,280.19,85.54
161.55,74.883,457.8,341.29
223.36,6.6833,349.81,65.648
32.258,1,203.47,44.335
68.49,126.03,155.16,275.22
431.51,1,472.72,68.49
195.65,187.84,452.11,293.69
153.74,11.656,231.89,87.671
32.258,1,205.6,190.68
294.4,193.52,459.93,294.4
386.05,143.08,500.42,213.41
154.45,1,459.93,101.88
161.55,165.82,449.27,341.29
260.3,1,512.5,341.29
216.26,278.06,432.93,341.29
153.74,15.919,236.15,103.3
226.91,285.88,280.19,328.5
317.85,105.43,436.49,198.5
407.36,207.02,452.11,279.48
1,270.96,59.254,341.29
261.01,241.83,348.39,305.06
386.05,50.019,512.5,111.83
143.79,75.594,238.28,120.35
405.23,146.64,447.14,190.68
386.05,50.019,507.53,105.43
317.14,61.385,455.67,126.03
437.2,1,512.5,341.29
192.1,104.72,277.35,211.99
270.25,238.28,457.8,319.98
396.7,121.06,446.43,174.34
70.621,75.594,301.51,226.2
354.08,208.44,435.06,270.25
472.01,1,512.5,341.29
413.04,18.05,493.32,106.85
328.5,192.81,459.93,310.03
209.15,227.62,265.28,268.83
269.54,1,441.46,74.883
297.95,234.02,340.58,274.51
190.68,1,277.35,44.335
156.58,131.01,208.44,187.13
102.59,212.7,253.2,277.35
96.196,239.7,229.75,319.98
142.37,116.8,187.84,181.45
187.84,227.62,286.59,294.4
271.67,195.65,408.07,261.01
96.906,27.285,276.64,120.35
27.285,1,199.92,56.413
293.69,207.73,430.09,341.29
271.67,218.39,347.68,288.01
386.05,36.521,508.95,202.05
299.38,74.883,383.2,116.8
360.47,199.92,452.11,267.41
123.19,95.485,205.6,205.6
205.6,94.065,253.91,219.1
384.62,18.05,493.32,106.85
1,15.919,101.88,341.29
83.408,113.96,152.32,185.71
243.96,108.98,344.84,187.13
74.173,114.67,214.84,194.23
327.08,192.81,456.38,237.57
142.37,61.385,214.12,181.45
144.5,131.01,223.36,179.31
401.68,207.02,460.64,341.29
108.27,1,275.93,140.24
69.2,42.204,264.56,275.22
70.621,113.96,133.85,187.84
74.173,78.435,283.04,224.07
317.14,199.92,464.19,341.29
170.79,109.69,310.03,225.49
157.29,27.996,255.33,103.3
383.2,51.44,508.24,199.92
408.78,207.02,452.11,279.48
270.25,253.2,457.8,319.98
460.64,106.85,512.5,341.29
189.26,78.435,232.6,122.48
50.729,193.52,207.02,341.29
96.906,1,512.5,120.35
193.52,1,459.93,92.644
337.74,192.81,435.06,246.09
131.01,10.235,231.89,87.671
328.5,192.81,459.93,297.24
203.47,14.498,463.48,91.223
386.05,143.08,500.42,199.21
265.99,113.25,422.28,187.84
365.44,202.05,457.09,268.12
209.15,1,459.93,116.8
237.57,121.77,283.75,182.16
434.35,109.69,512.5,341.29
374.68,1,441.46,42.204
187.84,227.62,379.65,295.82
188.55,1,354.08,65.648
395.28,104.01,498.29,158.71
138.11,124.61,197.08,192.1
209.15,208.44,251.07,255.33
1,1,44.335,332.76
373.97,72.042,492.61,140.24
248.23,165.82,385.34,218.39
98.327,171.5,203.47,275.22
144.5,117.51,229.04,179.31
260.3,286.59,429.38,341.29
262.43,285.17,428.67,341.29
270.25,254.62,457.8,325.66
243.96,73.463,499.71,217.68
195.65,187.84,459.93,341.29
373.97,18.05,510.37,152.32
83.408,273.8,207.73,341.29
182.16,1,232.6,98.327
170.79,109.69,311.45,225.49
241.12,57.123,407.36,186.42
202.05,44.335,280.19,101.88
1,1,44.335,160.13
106.85,27.996,174.34,89.092
148.77,78.435,283.04,224.07
433.64,196.36,481.95,341.29
96.196,239.7,307.9,341.29
372.55,192.81,449.27,243.96
250.36,165.82,432.22,225.49
160.13,118.22,204.18,173.63
153.74,1,275.93,116.8
155.16,13.788,236.86,92.644
89.092,27.285,255.33,103.3
27.285,1,209.15,86.25
373.97,72.042,498.29,168.66
246.8,108.98,344.84,170.79
96.196,212.7,287.3,341.29
97.617,262.43,224.07,305.77
173.63,90.513,284.46,228.33
154.45,1,459.93,103.3
218.39,192.81,456.38,285.88
30.838,1,203.47,44.335
1,37.942,100.46,341.29
205.6,118.22,283.75,224.07
173.63,118.22,283.75,225.49
193.52,28.706,234.73,73.463
177.18,185,285.88,248.94
322.11,1,385.34,52.15
276.64,213.41,347.68,258.17
270.25,256.04,457.8,319.98
268.83,113.96,410.91,192.1
351.95,113.25,435.78,185.71
68.49,126.03,141.66,186.42
280.9,251.07,457.8,320.69
375.39,112.54,436.49,175.05
136.69,204.89,246.09,255.33
136.69,275.93,273.8,341.29
312.87,290.14,429.38,341.29
261.01,208.44,429.38,341.29
73.463,61.385,214.12,186.42
291.56,68.49,359.05,111.83
358.34,193.52,449.27,240.41
73.463,128.16,129.59,184.29
332.05,78.435,400.96,118.93
83.408,113.96,154.45,185.71
390.31,94.065,498.29,158.71
136.69,212.7,241.83,283.75
49.308,27.285,174.34,86.25
209.15,279.48,280.19,334.19
106.14,25.154,175.05,90.513
332.05,253.2,405.23,293.69
241.12,106.14,397.41,150.19
360.47,207.73,435.78,267.41
406.65,207.73,459.93,297.24
278.06,218.39,340.58,261.01
49.308,209.15,101.88,341.29
32.969,1,199.92,51.44
97.617,273.09,231.18,330.63
153.74,31.548,209.15,87.671
191.39,208.44,311.45,268.12
237.57,109.69,286.59,187.84
321.4,256.04,459.93,319.98
83.408,233.31,307.9,341.29
373.97,56.413,507.53,140.24
250.36,278.06,428.67,341.29
273.09,213.41,347.68,283.75
437.91,51.44,508.24,116.8
273.09,213.41,349.81,284.46
104.01,196.36,204.89,258.88
423.7,199.92,464.19,273.09
373.97,18.05,510.37,170.08
104.01,192.81,146.64,258.88
106.14,25.154,175.05,88.381
304.35,1,440.75,53.571
109.69,118.22,151.61,182.16
211.28,1,459.93,116.8
206.31,109.69,310.03,203.47
270.96,174.34,385.34,217.68
80.567,95.485,223.36,208.44
202.76,39.363,280.19,92.644
405.23,146.64,465.61,190.68
226.2,29.417,270.25,77.725
145.93,104.72,277.35,225.49
317.85,207.73,430.09,271.67
358.34,188.55,449.27,230.46
147.35,117.51,205.6,172.92
332.76,187.84,451.4,237.57
104.01,193.52,176.47,258.88
81.277,27.285,131.01,127.45
157.29,1,356.92,103.3
74.173,113.96,156.58,186.42
143.79,75.594,270.25,120.35
273.09,213.41,354.79,284.46
270.96,297.95,421.57,341.29
342.71,290.14,429.38,341.29
462.77,106.85,512.5,341.29
413.04,113.96,500.42,194.23
107.56,25.154,174.34,87.671
249.65,101.17,499.71,205.6
438.62,196.36,481.95,341.29
452.11,1,512.5,182.87
51.44,126.03,178.6,341.29
206.31,112.54,310.03,197.79
182.16,1,232.6,42.915
327.79,113.25,410.2,189.97
297.95,187.84,418.73,236.86
277.35,251.78,348.39,297.24
448.56,50.019,507.53,111.83
158.71,27.285,276.64,119.64
104.01,193.52,204.89,258.88
51.44,126.03,207.73,341.29
143.79,75.594,238.28,119.64
321.4,256.04,459.93,341.29
248.23,74.883,422.28,187.84
74.883,128.16,126.74,182.87
385.34,63.517,508.95,198.5
278.06,218.39,342,283.75
86.25,273.09,231.89,341.29
148.77,79.146,215.55,127.45
107.56,27.996,174.34,89.092
248.23,119.64,349.81,204.18
391.73,63.517,512.5,174.34
153.74,10.235,231.89,87.671
62.806,105.43,110.4,192.1
378.23,290.14,429.38,341.29
274.51,173.63,386.05,217.68
66.358,125.32,235.44,275.93
150.9,167.24,214.84,208.44
49.308,37.942,116.09,141.66
443.59,34.39,489.06,89.802
145.21,61.385,214.12,140.24
459.93,1,512.5,341.29
51.44,146.64,219.1,341.29
105.43,193.52,152.32,240.41
386.05,145.21,499.71,199.21
179.31,131.01,223.36,172.92
75.594,27.285,159.42,136.69
272.38,117.51,397.41,185.71
32.258,1,210.57,45.046
135.98,213.41,259.59,287.3
317.14,61.385,385.34,113.96
315,213.41,365.44,288.72
318.56,113.96,410.91,185.71
49.308,175.05,104.01,341.29
98.327,285.17,208.44,329.21
380.36,288.72,429.38,341.29
97.617,260.3,286.59,341.29
173.63,1,339.16,122.48
220.52,112.54,310.03,158
273.8,208.44,430.09,283.75
145.93,104.72,232.6,176.47
142.37,134.56,186.42,181.45
369,1,472.72,68.49
180.74,109.69,310.03,197.79
391.73,63.517,512.5,180.74
23.733,37.942,100.46,341.29
243.96,73.463,499.71,205.6
361.18,17.34,439.33,61.385
80.567,231.89,288.72,341.29
293.69,257.46,430.09,320.69
197.08,1,474.85,79.146
143.79,140.24,207.02,191.39
306.48,51.44,510.37,213.41
74.883,27.285,131.01,127.45
462.06,106.14,512.5,341.29
102.59,221.94,184.29,277.35
330.63,155.16,398.83,198.5
396.7,63.517,508.95,198.5
385.34,208.44,435.78,267.41
225.49,29.417,268.12,74.173
437.2,111.11,493.32,151.61
231.89,234.02,273.8,281.61
328.5,192.81,460.64,310.03
89.092,27.285,174.34,83.408
173.63,90.513,284.46,225.49
423.7,199.92,464.19,341.29
102.59,193.52,152.32,258.17
195.65,211.99,310.74,293.69
143.08,109.69,301.51,226.2
218.39,229.75,310.74,293.69
322.11,257.46,459.93,341.29
148.77,116.8,202.05,175.05
240.41,174.34,338.45,237.57
226.91,76.304,299.38,118.93
104.01,193.52,165.11,256.75
273.8,218.39,342,283.75
248.23,80.567,422.28,187.84
269.54,1,378.94,74.883
223.36,1,354.08,65.648
401.68,1,472.72,68.49
405.23,146.64,472.01,190.68
104.01,192.81,203.47,258.88
135.98,220.52,232.6,275.93
395.28,71.331,508.95,128.16
155.16,10.235,236.86,92.644
257.46,284.46,300.8,328.5
157.29,31.548,209.15,103.3
217.68,262.43,270.96,311.45
166.53,75.594,237.57,120.35
385.34,200.63,459.93,267.41
136.69,225.49,265.28,275.22
69.2,135.27,118.22,194.94
114.67,75.594,215.55,175.05
317.14,219.1,430.09,270.25
268.12,51.44,387.47,118.93
361.18,18.05,430.8,61.385
153.74,15.919,236.15,80.567
148.77,106.14,232.6,175.05
142.37,131.01,225.49,191.39
310.74,1,439.33,66.358
412.33,63.517,508.95,129.59
221.23,170.79,288.01,237.57
241.83,1,286.59,52.86
243.96,227.62,292.98,285.88
177.18,269.54,221.94,327.79
181.45,1,295.11,59.965
133.14,262.43,198.5,305.77
269.54,257.46,430.09,320.69
105.43,67.779,160.13,126.74
74.883,128.16,124.61,182.87
387.47,51.44,508.24,199.92
218.39,27.285,356.92,101.88
179.31,131.01,220.52,172.92
265.99,116.09,397.41,187.84
150.9,167.95,224.07,225.49
213.41,66.358,339.16,119.64
329.92,1,442.17,54.281
241.12,98.327,372.55,140.24
373.97,56.413,507.53,152.32
173.63,164.4,336.32,258.17
104.01,192.81,176.47,258.88
270.96,174.34,407.36,217.68
273.09,123.9,364.73,185.71
191.39,208.44,311.45,265.99
97.617,262.43,198.5,305.77
108.98,77.725,197.08,192.1
204.89,216.26,402.39,293.69
267.41,1,469.88,68.49
102.59,187.13,457.8,341.29
297.95,207.73,430.09,288.01
62.806,67.779,160.13,261.72
202.05,38.652,295.11,111.11
243.96,74.883,413.75,127.45
384.62,52.86,493.32,102.59
188.55,279.48,286.59,341.29
212.7,118.22,264.56,174.34
362.6,51.44,510.37,199.92
241.12,106.14,397.41,187.13
80.567,253.91,231.18,341.29
190.68,1,292.27,45.756
1,1,79.856,332.76
209.15,165.82,252.49,213.41
70.621,113.96,173.63,187.13
93.354,187.13,155.16,275.22
96.906,26.575,276.64,120.35
250.36,165.82,496.16,225.49
1,248.94,112.54,341.29
136.69,275.93,287.3,341.29
133.14,262.43,243.25,305.77
206.31,109.69,310.03,197.79
71.331,127.45,128.16,185
273.09,122.48,364.73,181.45
193.52,18.05,456.38,92.644
373.97,56.413,507.53,168.66
272.38,300.09,421.57,341.29
147.35,116.8,288.01,237.57
197.08,1,351.95,77.725
99.038,283.04,194.94,329.21
325.66,112.54,427.25,198.5
243.96,73.463,492.61,147.35
144.5,117.51,204.18,179.31
343.42,121.06,410.91,179.31
169.37,116.8,259.59,221.94
205.6,118.22,277.35,211.99
70.621,74.883,422.28,226.2
278.06,288.72,429.38,341.29
246.8,39.363,355.5,81.277
62.806,74.883,111.83,192.1
413.04,113.96,506.11,194.23
369,208.44,435.06,267.41
250.36,165.82,371.13,225.49
32.969,1,207.73,79.146
50.729,209.15,147.35,341.29
318.56,123.19,371.13,172.21
216.97,66.358,339.16,117.51
297.24,1,464.9,77.015
79.856,179.31,178.6,299.38
145.21,44.335,224.78,140.24
148.77,231.89,233.31,273.09
375.39,112.54,427.25,182.87
280.9,18.05,455.67,79.146
161.55,267.41,280.19,341.29
102.59,212.7,280.19,341.29
241.12,72.042,400.96,140.24
433.64,146.64,512.5,341.29
218.39,229.75,310.74,285.88
406.65,207.73,457.8,297.24
273.09,126.03,407.36,186.42
103.3,189.97,204.89,258.88
49.308,175.76,101.88,341.29
388.89,63.517,508.95,198.5
369,179.31,494.74,246.09
226.2,29.417,267.41,74.173
251.07,278.06,406.65,329.92
319.27,241.83,365.44,288.72
462.77,1,512.5,341.29
154.45,25.865,210.57,99.748
69.2,135.27,139.53,194.94
408.07,1,456.38,56.413
460.64,1,512.5,341.29
248.23,45.756,455.67,148.06
349.81,1,456.38,56.413
387.47,270.25,457.8,341.29
96.196,239.7,287.3,341.29
241.12,78.435,400.96,140.24
50.729,98.327,207.02,341.29
104.01,192.81,265.28,275.22
280.9,22.312,456.38,77.725
98.327,189.97,155.16,275.22
216.97,69.2,319.27,117.51
295.82,76.304,384.62,119.64
226.2,1,442.17,87.671
192.81,285.88,280.19,334.19
265.99,84.829,422.28,187.84
273.09,1,472.72,86.25
133.14,262.43,221.94,305.77
32.969,1,203.47,44.335
219.81,117.51,270.25,162.97
147.35,117.51,192.1,166.53
182.16,1,272.38,42.915
118.93,117.51,192.1,204.89
412.33,63.517,512.5,129.59
24.444,112.54,69.2,341.29
161.55,187.13,449.27,341.29
237.57,109.69,286.59,184.29
250.36,187.13,377.52,256.04
385.34,50.019,508.95,198.5
349.81,116.8,408.07,178.6
270.96,300.09,421.57,341.29
385.34,35.1,508.95,198.5
173.63,1,302.22,122.48
241.12,72.042,400.96,150.19
385.34,77.725,432.22,148.06
251.07,35.81,302.93,77.725
154.45,1,510.37,213.41
379.65,197.79,422.99,240.41
209.15,206.31,365.44,288.72
107.56,27.996,174.34,80.567
397.41,109.69,498.29,158.71
80.567,95.485,205.6,205.6
159.42,14.498,209.15,72.752
173.63,165.82,283.04,225.49
330.63,155.16,410.2,198.5
412.33,84.829,468.45,129.59
294.4,195.65,377.52,281.61
79.146,27.285,131.01,127.45
135.98,180.03,329.21,275.93
34.39,37.231,104.72,131.72
343.42,113.25,422.99,179.31
49.308,37.942,158.71,141.66
188.55,279.48,283.75,341.29
89.092,27.285,138.11,83.408
305.77,74.883,413.75,118.93
386.05,91.933,427.25,148.06
148.77,61.385,214.12,126.03
155.16,10.235,246.09,92.644
226.2,87.671,286.59,187.84
138.11,141.66,185,192.1
192.1,38.652,295.11,133.85
32.258,1,210.57,141.66
268.12,84.829,363.31,127.45
49.308,204.89,104.01,341.29
235.44,229.75,310.74,285.88
226.2,29.417,376.1,87.671
361.18,22.312,456.38,77.725
1,37.231,100.46,341.29
442.17,63.517,508.95,129.59
408.78,201.34,449.98,270.25
342,105.43,428.67,150.19
1,175.05,104.01,341.29
211.28,71.331,275.93,116.8
223.36,1,286.59,52.86
362.6,73.463,492.61,134.56
440.75,196.36,481.95,341.29
293.69,257.46,429.38,341.29
267.41,113.96,409.49,185.71
396.7,63.517,512.5,174.34
128.88,27.996,174.34,80.567
226.2,79.146,286.59,187.84
386.05,50.019,507.53,111.83
202.05,44.335,280.19,96.196
136.69,212.7,231.18,283.75
228.33,275.93,273.8,335.61
1,37.231,101.88,341.29
96.196,239.7,273.8,341.29
402.39,16.629,463.48,69.2
123.19,95.485,180.03,205.6
195.65,211.99,288.01,255.33
292.98,216.26,402.39,268.12
135.98,220.52,232.6,275.22
73.463,128.16,129.59,187.84
194.23,76.304,238.28,120.35
209.15,262.43,280.19,325.66
317.85,195.65,377.52,281.61
192.81,231.89,288.72,334.19
361.18,18.05,455.67,79.146
396.7,63.517,508.95,183.58
158.71,226.91,265.28,271.67
273.09,123.9,364.73,181.45
71.331,127.45,126.74,184.29
133.14,254.62,286.59,341.29
268.12,77.015,350.53,118.93
349.81,131.01,408.07,178.6
383.2,113.25,447.14,183.58
218.39,214.12,339.16,285.88
99.038,283.04,207.02,329.21
267.41,1,512.5,107.56
412.33,73.463,482.66,129.59
383.91,169.37,496.16,217.68
369,207.73,435.78,267.41
108.98,107.56,197.08,192.1
248.23,165.82,317.85,217.68
202.05,61.385,274.51,101.88
462.77,175.05,504.69,341.29
250.36,278.06,406.65,329.92
102.59,190.68,178.6,259.59
49.308,231.18,98.327,341.29
192.81,276.64,280.19,341.29
136.69,300.8,247.51,341.29
273.09,125.32,349.81,169.37
390.31,101.17,499.71,205.6
148.77,116.8,208.44,175.05
218.39,227.62,292.98,285.88
268.83,126.74,361.89,187.84
231.18,38.652,295.11,111.11
209.15,206.31,327.08,285.17
202.05,27.996,271.67,74.173
211.28,1,373.26,111.83
54.992,175.05,96.196,272.38
193.52,28.706,280.19,92.644
369,182.87,494.74,246.09
96.196,270.96,199.92,334.9
136.69,174.34,338.45,255.33
317.14,61.385,394.57,126.03
108.98,27.996,175.05,110.4
17.34,128.16,79.856,318.56
472.01,1,512.5,182.87
437.91,50.019,507.53,111.83
138.11,116.8,197.08,192.1
30.838,1,234.02,44.335
70.621,125.32,132.43,184.29
135.98,199.92,294.4,275.93
243.96,105.43,428.67,187.13
459.93,144.5,512.5,341.29
310.74,192.81,464.19,273.09
405.23,101.17,482.66,157.29
96.906,27.285,145.21,96.906
293.69,257.46,429.38,320.69
108.98,5.2625,355.5,110.4
205.6,94.065,253.91,211.99
384.62,52.86,493.32,106.85
97.617,262.43,286.59,341.29
104.01,193.52,178.6,258.88
173.63,165.82,237.57,216.97
390.31,146.64,472.01,194.94
218.39,187.13,452.11,284.46
169.37,109.69,301.51,226.2
111.11,119.64,152.32,168.66
416.59,112.54,469.16,158.71
1,270.96,50.729,341.29
279.48,105.43,428.67,178.6
108.98,114.67,151.61,182.16
386.05,50.019,508.95,128.16
165.82,5.2625,355.5,99.038
148.77,79.146,215.55,120.35
248.94,109.69,301.51,152.32
321.4,273.8,430.09,315.71
267.41,3.8417,351.95,44.335
462.77,171.5,504.69,341.29
218.39,227.62,310.03,285.88
221.23,170.79,283.04,237.57
329.92,195.65,377.52,281.61
136.69,212.7,233.31,283.75
96.196,264.56,184.29,329.92
361.18,18.05,458.51,79.146
321.4,256.04,430.09,315.71
203.47,35.1,440.75,90.513
438.62,197.79,484.79,276.64
261.01,251.78,374.68,315
275.22,216.26,340.58,258.17
261.01,282.32,429.38,341.29
273.09,174.34,338.45,219.81
205.6,143.08,277.35,211.99
24.444,62.096,69.2,341.29
142.37,222.65,234.73,271.67
310.74,192.81,449.27,258.17
321.4,273.8,430.09,319.98
268.83,123.19,371.13,187.84
155.87,61.385,214.12,119.64
267.41,1,440.75,53.571
101.88,117.51,155.16,190.68
403.81,145.21,499.71,199.21
327.08,258.88,457.8,320.69
369,22.312,456.38,77.015
267.41,1,463.48,52.15
203.47,35.1,367.57,90.513
135.98,211.99,259.59,287.3
295.82,213.41,349.81,284.46
144.5,117.51,196.36,179.31
328.5,192.81,435.06,246.09
273.09,45.756,448.56,86.25
321.4,221.94,429.38,272.38
97.617,280.19,219.1,329.21
273.8,300.09,421.57,341.29
154.45,25.865,210.57,91.223
49.308,28.706,151.61,190.68
381.07,101.17,499.71,205.6
401.68,1,464.9,68.49
158.71,207.02,235.44,254.62
396.7,63.517,508.95,138.82
369,192.1,464.19,246.09
401.68,21.602,459.93,67.069
173.63,165.82,270.25,216.97
398.83,71.331,505.4,128.16
119.64,26.575,163.69,79.146
310.74,198.5,385.34,258.17
177.89,94.065,253.91,219.1
70.621,124.61,128.16,185
218.39,27.285,293.69,101.88
86.96,264.56,201.34,332.76
248.23,38.652,295.11,80.567
403.1,101.17,496.87,188.55
317.14,224.78,430.09,270.25
305.77,74.883,400.96,118.93
206.31,131.72,270.25,203.47
279.48,105.43,428.67,150.19
362.6,89.092,415.88,139.53
133.14,262.43,273.8,341.29
278.06,218.39,429.38,282.32
98.327,283.04,209.15,329.21
203.47,38.652,291.56,90.513
51.44,248.94,96.196,341.29
90.513,189.97,144.5,299.38
148.77,118.22,202.05,175.05
202.05,27.996,280.9,74.173
386.05,145.21,499.71,213.41
148.77,75.594,215.55,123.19
71.331,128.16,129.59,187.84
163.69,126.74,208.44,173.63
107.56,27.285,174.34,86.25
232.6,187.13,449.27,256.04
332.76,187.84,451.4,229.75
240.41,197.08,288.01,237.57
136.69,229.75,198.5,283.75
136.69,212.7,231.18,255.33
32.258,1,205.6,91.223
223.36,25.154,277.35,65.648
272.38,116.09,397.41,185.71
108.98,30.127,163.69,79.146
73.463,128.16,131.72,184.29
192.1,104.72,270.25,162.97
114.67,75.594,254.62,211.99
104.01,199.21,204.18,258.88
268.83,114.67,397.41,187.84
225.49,10.946,354.08,108.98
437.2,111.83,496.87,169.37
155.16,117.51,205.6,166.53
170.79,165.82,283.04,225.49
61.385,167.24,225.49,275.22
136.69,225.49,188.55,275.22
157.29,31.548,255.33,103.3
144.5,134.56,197.08,179.31
295.82,234.02,340.58,284.46
197.08,1,286.59,77.725
108.98,167.24,225.49,224.07
248.23,45.756,387.47,118.93
192.81,25.154,280.9,74.173
220.52,165.82,270.25,209.86
381.07,148.77,431.51,199.21
209.15,208.44,327.08,263.85
109.69,116.09,151.61,182.16
118.93,162.26,183.58,204.89
203.47,39.363,285.88,90.513
70.621,113.96,152.32,187.13
268.83,113.96,410.91,187.84
211.28,10.946,354.08,108.98
209.15,208.44,294.4,263.85
267.41,113.96,345.55,161.55
216.26,241.83,295.82,284.46
156.58,33.679,205.6,91.223
60.675,175.05,106.85,287.3
135.98,212.7,285.88,275.93
351.95,113.25,428.67,162.26
96.906,27.285,209.15,101.88
216.26,226.91,295.82,284.46
351.95,78.435,413.75,118.93
383.2,52.86,481.24,100.46
209.15,241.83,348.39,325.66
216.26,231.89,270.96,284.46
362.6,92.644,423.7,134.56
390.31,145.21,499.71,199.92
34.39,37.231,159.42,187.13
342.71,1,442.17,54.281
61.385,167.24,259.59,287.3
1,62.096,69.2,341.29
437.2,196.36,481.95,341.29
104.01,193.52,145.93,258.88
49.308,28.706,140.24,78.435
436.49,1,512.5,341.29
79.146,177.18,198.5,275.93
104.01,193.52,152.32,258.88
316.43,1,459.93,116.8
269.54,17.34,367.57,74.883
268.83,114.67,361.89,187.84
60.675,98.327,106.85,287.3
137.4,213.41,235.44,273.09
133.14,254.62,273.8,341.29
273.09,126.03,367.57,184.29
386.05,91.933,432.22,148.06
158.71,31.548,209.15,97.617
182.16,1,232.6,122.48
448.56,113.96,500.42,194.23
412.33,73.463,472.01,129.59
417.3,16.629,459.93,57.123
192.1,104.72,270.25,173.63
263.14,218.39,429.38,341.29
274.51,175.76,383.2,217.68
182.16,1,232.6,60.675
358.34,197.79,422.99,240.41
1,286.59,50.019,341.29
294.4,1,464.9,77.725
268.83,35.81,355.5,76.304
295.82,76.304,384.62,116.8
267.41,1,432.93,45.756
32.258,1,199.92,44.335
216.26,231.89,288.72,287.3
153.74,30.838,210.57,80.567
243.96,98.327,397.41,147.35
1,258.17,50.729,341.29
96.906,27.285,174.34,96.906
232.6,39.363,285.88,81.277
228.33,285.88,273.8,335.61
205.6,125.32,254.62,211.99
155.16,37.231,209.15,89.092
366.15,79.146,413.04,145.21
102.59,189.97,155.16,275.22
173.63,164.4,252.49,216.97
222.65,1,272.38,46.467
103.3,189.97,235.44,273.09
273.09,114.67,361.89,179.31
135.98,183.58,329.21,275.93
263.14,208.44,429.38,341.29
148.77,79.146,215.55,123.19
206.31,116.8,288.01,237.57
297.95,241.83,430.09,288.01
51.44,248.94,112.54,341.29
209.15,218.39,348.39,325.66
327.08,273.8,429.38,320.69
89.092,27.285,131.72,83.408
154.45,25.865,205.6,91.223
448.56,71.331,505.4,111.83
452.11,1,507.53,89.802
148.77,116.8,206.31,175.05
147.35,117.51,236.86,172.92
155.16,14.498,209.15,79.856
434.35,199.21,477.69,341.29
30.838,37.231,111.83,129.59
362.6,89.092,415.88,134.56
160.13,189.26,225.49,231.18
83.408,113.96,152.32,177.18
106.14,67.779,160.13,122.48
193.52,1,459.93,101.88
96.196,270.96,199.92,330.63
68.49,71.331,125.32,148.06
103.3,189.97,176.47,258.88
111.11,113.96,152.32,168.66
144.5,117.51,192.1,179.31
402.39,16.629,459.93,60.675
23.733,81.277,70.621,318.56
329.92,195.65,377.52,256.04
403.1,101.17,482.66,188.55
317.14,61.385,455.67,148.06
219.81,118.22,264.56,162.97
373.97,72.042,479.82,128.16
209.15,285.88,280.19,334.19
302.93,165.82,464.19,211.28
280.9,251.07,350.53,295.82
173.63,164.4,283.04,225.49
205.6,145.21,246.8,211.99
68.49,71.331,151.61,190.68
316.43,22.312,459.93,116.8
49.308,28.706,140.24,129.59
362.6,92.644,415.88,134.56
221.23,170.79,262.43,211.28
395.99,91.933,492.61,140.24
462.77,32.969,512.5,341.29
86.96,264.56,184.29,329.92
192.81,279.48,280.19,341.29
32.969,8.1042,199.92,51.44
139.53,37.231,209.15,101.88
273.09,216.26,340.58,260.3
343.42,113.96,410.91,179.31
218.39,39.363,280.19,92.644
23.733,49.308,71.331,208.44
218.39,232.6,295.11,284.46
193.52,27.996,280.19,92.644
80.567,283.04,208.44,341.29
32.969,1,199.92,44.335
321.4,256.04,459.93,315.71
223.36,241.83,295.11,284.46
108.98,27.996,163.69,84.829
61.385,187.13,104.72,260.3
101.88,118.22,156.58,174.34
280.9,18.05,456.38,77.725
246.8,108.98,344.84,187.13
51.44,163.69,103.3,341.29
209.15,208.44,251.07,257.46
268.12,51.44,383.91,118.93
1,177.18,59.965,341.29
177.18,185,285.88,237.57
297.24,234.73,342,283.75
70.621,113.96,154.45,185.71
49.308,37.942,109.69,129.59
354.08,208.44,435.78,270.25
76.304,141.66,134.56,185
190.68,1,277.35,45.756
222.65,39.363,285.88,90.513
114.67,79.856,158.71,123.9
23.023,16.629,72.752,160.13
270.25,254.62,457.8,319.98
342.71,192.81,432.22,237.57
192.81,1,284.46,74.173
216.26,231.89,288.72,297.95
70.621,113.96,156.58,187.84
272.38,126.74,359.76,185.71
225.49,29.417,302.93,77.725
218.39,187.13,457.8,325.66
162.97,38.652,210.57,90.513
164.4,213.41,235.44,254.62
216.26,226.91,311.45,284.46
70.621,113.96,133.85,184.29
326.37,113.96,399.54,167.24
135.98,220.52,264.56,275.22
188.55,296.53,243.25,341.29
192.1,117.51,236.86,162.26
408.78,201.34,449.98,279.48
123.19,27.285,175.05,88.381
225.49,29.417,354.08,84.829
160.13,187.13,225.49,231.18
327.79,131.01,393.86,186.42
361.18,22.312,459.93,77.725
153.03,231.89,233.31,272.38
135.98,220.52,211.28,276.64
105.43,199.21,176.47,257.46
193.52,5.2625,351.24,69.91
447.85,1,512.5,111.83
192.81,279.48,280.19,334.19
182.87,262.43,280.19,334.19
193.52,5.2625,355.5,81.277
278.06,218.39,342,282.32
127.45,27.285,175.05,86.25
359.76,138.82,410.91,179.31
23.733,81.277,70.621,341.29
256.04,39.363,355.5,81.277
189.26,213.41,231.18,254.62
34.39,37.231,104.72,176.47
221.94,109.69,301.51,176.47
109.69,118.22,151.61,190.68
273.09,122.48,393.86,186.42
48.598,37.231,92.644,129.59
90.513,283.04,204.89,337.74
463.48,42.204,512.5,107.56
74.173,113.96,156.58,174.34
180.74,164.4,252.49,213.41
202.76,27.285,276.64,69.91
236.15,279.48,283.75,335.61
108.27,72.752,159.42,122.48
225.49,10.946,354.08,84.829
106.14,167.24,225.49,231.18
366.15,74.883,413.04,145.21
282.32,256.04,457.8,319.98
317.85,74.883,400.96,118.93
105.43,193.52,178.6,257.46
150.9,167.24,225.49,231.18
30.838,37.942,100.46,129.59
83.408,113.96,152.32,168.66
327.08,258.88,429.38,311.45
362.6,89.092,423.7,134.56
192.81,279.48,280.19,336.32
321.4,221.94,429.38,269.54
263.14,286.59,428.67,341.29
293.69,1,384.62,42.204
412.33,73.463,468.45,129.59
434.35,197.79,484.79,341.29
327.08,192.81,432.22,237.57
193.52,27.996,300.09,92.644
322.11,257.46,459.93,319.98
143.79,75.594,213.41,119.64
176.47,212.7,231.18,254.62
206.31,131.72,261.72,197.79
123.19,27.285,175.05,86.25
248.23,68.49,311.45,108.98
155.16,117.51,202.76,166.53
73.463,128.16,132.43,184.29
179.31,213.41,259.59,271.67
417.3,1,463.48,52.15
182.87,268.12,280.19,334.19
359.05,131.72,409.49,179.31
49.308,37.942,116.09,129.59
252.49,112.54,310.03,169.37
51.44,163.69,144.5,341.29
108.98,30.127,163.69,84.829
32.258,1,200.63,44.335
1,16.629,92.644,341.29
90.513,238.28,144.5,299.38
263.14,286.59,312.16,330.63
192.1,106.14,254.62,211.99
155.87,117.51,205.6,162.97
61.385,187.13,153.74,275.22
250.36,105.43,397.41,147.35
329.21,187.13,452.11,234.73
148.77,75.594,215.55,175.05
327.08,273.8,439.33,320.69
34.39,39.363,84.119,131.72
267.41,1,384.62,45.756
387.47,51.44,508.24,116.8
160.84,140.24,207.02,180.74
175.76,106.14,232.6,173.63
143.79,282.32,231.18,330.63
86.25,273.09,231.18,341.29
102.59,193.52,153.74,273.09
282.32,257.46,457.8,319.98
277.35,254.62,457.8,319.98
102.59,221.94,160.84,276.64
231.89,241.83,295.11,283.04
73.463,128.16,128.16,184.29
278.06,289.43,428.67,341.29
41.494,37.231,104.72,114.67
362.6,73.463,480.53,134.56
35.1,128.16,79.856,211.28
79.856,179.31,155.16,299.38
23.023,16.629,92.644,160.13
158.71,61.385,237.57,119.64
434.35,200.63,480.53,341.29
457.8,1,508.24,111.83
61.385,187.13,153.74,273.09
209.15,262.43,270.96,325.66
147.35,117.51,202.76,172.92
109.69,118.22,151.61,170.08
142.37,212.7,253.2,274.51
142.37,212.7,234.73,271.67
127.45,27.285,175.05,88.381
70.621,127.45,134.56,187.13
223.36,232.6,295.11,284.46
86.25,283.04,207.02,341.29
169.37,153.74,246.09,221.94
304.35,1,439.33,53.571
206.31,116.8,259.59,216.26
177.18,283.75,221.94,327.79
267.41,1,351.24,45.756
173.63,167.24,224.78,209.15
453.54,50.019,496.16,107.56
105.43,193.52,178.6,252.49
96.906,193.52,153.74,273.09
84.829,209.15,147.35,297.95
98.327,283.04,209.15,327.79
98.327,75.594,159.42,122.48
319.98,117.51,404.52,171.5
150.9,26.575,192.81,79.146
51.44,281.61,96.196,341.29
70.621,288.01,112.54,341.29
102.59,221.94,153.74,273.09
169.37,153.74,251.78,221.94
155.87,117.51,202.76,162.97
76.304,141.66,124.61,182.87
