316.73,47.933,383.93,91.667
249.53,41.533,383.93,440.47
1,1,383.93,511.93
23.4,1,383.93,361.53
273,1,383.93,67.133
18.067,385,163.13,511.93
82.067,460.73,186.6,511.93
190.87,296.47,383.93,511.93
1,1,232.47,266.6
1,69.267,298.6,511.93
77.8,277.27,383.93,511.93
190.87,305,351.93,511.93
11.667,227.13,236.73,511.93
132.2,116.2,241,230.33
273,1,335.93,59.667
67.133,71.4,236.73,203.67
38.333,98.067,103.4,312.47
13.8,1,383.93,207.93
76.733,42.6,383.93,511.93
1,1,383.93,298.6
11.667,1,383.93,511.93
214.33,1,383.93,298.6
27.667,1,383.93,511.93
248.47,305,301.8,366.87
181.27,55.4,339.13,146.07
11.667,227.13,383.93,511.93
13.8,1,383.93,413.8
1,1,383.93,230.33
319.93,89.533,383.93,374.33
297.53,89.533,383.93,219.67
131.13,291.13,383.93,511.93
134.33,107.67,293.27,310.33
151.4,301.8,248.47,394.6
1,250.6,383.93,511.93
132.2,290.07,383.93,511.93
232.47,127.93,291.13,197.27
248.47,296.47,302.87,346.6
253.8,289,383.93,511.93
74.6,273,126.87,481
314.6,118.33,383.93,413.8
88.467,284.73,244.2,511.93
104.47,30.867,236.73,207.93
73.533,69.267,292.2,309.27
172.73,294.33,383.93,511.93
1,246.33,122.6,455.4
323.13,168.47,363.67,281.53
202.6,45.8,299.67,120.47
85.267,71.4,147.13,145
249.53,1,383.93,439.4
1,1,122.6,455.4
255.93,76.733,341.27,216.47
1,63.933,158.87,426.6
88.467,291.13,244.2,511.93
248.47,305,303.93,367.93
305,405.27,345.53,447.93
146.07,410.6,237.8,475.67
66.067,1,383.93,361.53
325.27,389.27,383.93,437.27
81,294.33,383.93,511.93
159.93,60.733,222.87,125.8
125.8,291.13,244.2,403.13
27.667,1,383.93,374.33
77.8,284.73,383.93,511.93
236.73,294.33,364.73,418.07
125.8,115.13,236.73,230.33
132.2,290.07,297.53,511.93
217.53,127.93,291.13,223.93
188.73,1,383.93,374.33
89.533,125.8,292.2,342.33
254.87,47.933,383.93,413.8
100.2,1,324.2,220.73
159.93,212.2,294.33,310.33
1,205.8,151.4,511.93
170.6,1,305,50.067
1,1,383.93,455.4
132.2,260.2,383.93,511.93
214.33,73.533,341.27,230.33
23.4,1,373.27,130.07
11.667,227.13,171.67,511.93
1,1,238.87,230.33
76.733,329.53,148.2,456.47
172.73,1,383.93,511.93
217.53,122.6,298.6,223.93
41.533,259.13,131.13,481
1,107.67,114.07,511.93
296.47,455.4,351.93,511.93
253.8,376.47,383.93,511.93
271.93,73.533,341.27,143.93
129,226.07,195.13,293.27
27.667,1,292.2,308.2
167.4,387.13,269.8,511.93
115.13,294.33,364.73,455.4
29.8,458.6,95.933,511.93
115.13,301.8,251.67,455.4
249.53,301.8,383.93,439.4
139.67,60.733,230.33,122.6
87.4,291.13,303.93,511.93
1,195.13,383.93,511.93
231.4,44.733,278.33,93.8
217.53,29.8,383.93,413.8
321,1,372.2,47.933
1,1,158.87,426.6
243.13,395.67,353,511.93
120.47,47.933,383.93,413.8
18.067,385,171.67,511.93
166.33,383.93,309.27,511.93
337,395.67,383.93,465
196.2,294.33,383.93,511.93
81,349.8,303.93,511.93
27.667,1,329.53,82.067
115.13,221.8,203.67,308.2
61.8,69.267,303.93,511.93
327.4,124.73,383.93,413.8
146.07,394.6,301.8,511.93
27.667,1,383.93,190.87
120.47,122.6,338.07,357.27
1,250.6,221.8,511.93
1,1,75.667,237.8
1,1,103.4,511.93
289,387.13,351.93,440.47
153.53,396.73,300.73,511.93
93.8,280.47,236.73,457.53
30.867,71.4,236.73,456.47
267.67,42.6,383.93,298.6
126.87,399.93,303.93,511.93
100.2,1,383.93,298.6
1,205.8,99.133,511.93
216.47,52.2,330.6,229.27
53.267,63.933,147.13,175.93
1,1,98.067,360.47
1,71.4,147.13,511.93
30.867,71.4,303.93,511.93
11.667,291.13,73.533,408.47
77.8,394.6,301.8,511.93
239.93,296.47,343.4,449
1,355.13,57.533,504.47
1,195.13,339.13,511.93
214.33,52.2,329.53,245.27
57.533,71.4,132.2,191.93
30.867,29.8,383.93,511.93
53.267,71.4,132.2,175.93
334.87,359.4,383.93,438.33
129,116.2,216.47,172.73
1,1,101.27,511.93
121.53,122.6,298.6,232.47
101.27,284.73,343.4,449
227.13,55.4,324.2,132.2
314.6,217.53,356.2,367.93
159.93,49,231.4,126.87
188.73,1,383.93,225
297.53,81,339.13,217.53
114.07,302.87,206.87,457.53
1,327.4,63.933,439.4
76.733,302.87,298.6,511.93
200.47,212.2,292.2,310.33
201.53,294.33,383.93,511.93
33,202.6,119.4,454.33
298.6,88.467,383.93,220.73
1,1,158.87,511.93
175.93,439.4,296.47,511.93
1,54.333,47.933,190.87
76.733,195.13,209,300.73
300.73,90.6,383.93,219.67
87.4,349.8,171.67,511.93
59.667,195.13,339.13,403.13
66.067,116.2,292.2,308.2
271.93,1,383.93,361.53
243.13,395.67,298.6,476.73
178.07,26.6,238.87,74.6
271.93,1,383.93,318.87
298.6,454.33,353,511.93
287.93,385,369,440.47
30.867,87.4,132.2,185.53
71.4,105.53,114.07,147.13
196.2,322.07,238.87,377.53
201.53,219.67,292.2,310.33
249.53,289,383.93,440.47
253.8,386.07,383.93,511.93
1,327.4,72.467,458.6
204.73,76.733,345.53,263.4
243.13,385,383.93,511.93
114.07,137.53,205.8,210.07
151.4,294.33,364.73,418.07
121.53,163.13,218.6,227.13
241,1,335.93,75.667
61.8,223.93,123.67,456.47
1,1,100.2,455.4
171.67,396.73,300.73,511.93
1,1,77.8,230.33
201.53,29.8,383.93,511.93
214.33,52.2,329.53,223.93
99.133,357.27,217.53,456.47
221.8,294.33,383.93,478.87
81,349.8,383.93,511.93
221.8,294.33,383.93,511.93
273,327.4,383.93,430.87
115.13,42.6,162.07,89.533
1,291.13,101.27,511.93
249.53,307.13,359.4,393.53
1,202.6,179.13,482.07
1,205.8,83.133,439.4
257,303.93,330.6,387.13
86.333,221.8,203.67,308.2
72.467,273,123.67,481
204.73,76.733,341.27,263.4
247.4,374.33,383.93,511.93
169.53,410.6,237.8,467.13
53.267,63.933,132.2,175.93
254.87,29.8,383.93,413.8
12.733,1,329.53,191.93
1,166.33,63.933,361.53
164.2,317.8,309.27,511.93
249.53,344.47,348.73,439.4
74.6,223.93,122.6,270.87
190.87,296.47,351.93,511.93
293.27,280.47,353,366.87
232.47,143.93,298.6,230.33
242.07,319.93,282.6,450.07
1,42.6,383.93,511.93
262.33,76.733,383.93,374.33
189.8,52.2,383.93,511.93
232.47,146.07,277.27,223.93
283.67,145,327.4,245.27
125.8,216.47,206.87,295.4
120.47,225,200.47,300.73
27.667,1,383.93,87.4
73.533,274.07,115.13,453.27
1,318.87,100.2,511.93
115.13,30.867,241,143.93
241,20.2,335.93,75.667
1,250.6,217.53,511.93
71.4,49,151.4,157.8
121.53,122.6,298.6,291.13
183.4,140.73,226.07,210.07
143.93,1,383.93,94.867
71.4,69.267,241,230.33
99.133,302.87,255.93,457.53
273,1,317.8,44.733
218.6,127.93,277.27,222.87
66.067,30.867,345.53,263.4
76.733,290.07,298.6,511.93
279.4,152.47,338.07,319.93
13.8,1,305,207.93
65,73.533,132.2,191.93
193,1,302.87,52.2
149.27,339.13,206.87,426.6
61.8,41.533,383.93,511.93
136.47,355.13,205.8,434.07
325.27,389.27,379.67,437.27
1,94.867,44.733,190.87
258.07,307.13,303.93,367.93
214.33,125.8,291.13,223.93
1,1,330.6,455.4
254.87,125.8,338.07,319.93
242.07,319.93,298.6,478.87
59.667,195.13,209,281.53
248.47,305,303.93,383.93
249.53,260.2,383.93,439.4
321,42.6,375.4,88.467
30.867,63.933,147.13,222.87
12.733,1,330.6,229.27
75.667,239.93,147.13,285.8
257,337,330.6,387.13
115.13,291.13,242.07,412.73
227.13,454.33,275.13,511.93
27.667,71.4,147.13,185.53
197.27,294.33,383.93,511.93
75.667,239.93,236.73,511.93
75.667,71.4,147.13,157.8
88.467,419.13,171.67,511.93
67.133,71.4,132.2,123.67
11.667,227.13,116.2,408.47
249.53,302.87,383.93,438.33
18.067,450.07,95.933,511.93
296.47,303.93,339.13,366.87
1,302.87,99.133,511.93
87.4,291.13,298.6,511.93
196.2,294.33,325.27,387.13
121.53,30.867,180.2,137.53
1,331.67,71.4,511.93
11.667,227.13,136.47,443.67
321,1,383.93,41.533
73.533,69.267,251.67,241
337,395.67,383.93,463.93
189.8,207.93,292.2,308.2
88.467,453.27,162.07,511.93
169.53,394.6,298.6,511.93
248.47,430.87,297.53,478.87
167.4,394.6,301.8,511.93
66.067,116.2,254.87,252.73
76.733,302.87,217.53,458.6
1,1,55.4,203.67
189.8,41.533,383.93,511.93
181.27,1,383.93,146.07
76.733,329.53,217.53,456.47
115.13,291.13,242.07,457.53
210.07,399.93,252.73,454.33
129,114.07,231.4,172.73
110.87,157.8,183.4,244.2
41.533,259.13,126.87,481
115.13,1,324.2,146.07
65,137.53,158.87,382.87
49,202.6,119.4,449
257,303.93,330.6,397.8
296.47,289,383.93,366.87
273,308.2,363.67,395.67
27.667,1,230.33,157.8
315.67,1,383.93,81
267.67,42.6,383.93,259.13
33,202.6,122.6,454.33
216.47,53.267,331.67,223.93
343.4,359.4,383.93,413.8
285.8,261.27,339.13,312.47
73.533,78.867,151.4,157.8
12.733,1,232.47,130.07
1,327.4,95.933,511.93
113,452.2,189.8,503.4
172.73,331.67,221.8,378.6
129,225,195.13,292.2
324.2,289,383.93,361.53
30.867,71.4,147.13,185.53
89.533,125.8,292.2,307.13
103.4,116.2,147.13,157.8
201.53,301.8,248.47,394.6
218.6,127.93,277.27,195.13
297.53,89.533,342.33,218.6
254.87,143.93,327.4,245.27
249.53,301.8,383.93,438.33
217.53,123.67,291.13,223.93
317.8,289,383.93,417
1,1,120.47,266.6
254.87,143.93,298.6,230.33
1,274.07,115.13,486.33
77.8,289,383.93,511.93
289,376.47,346.6,424.47
175.93,394.6,251.67,467.13
187.67,42.6,299.67,92.733
110.87,30.867,299.67,143.93
210.07,219.67,292.2,307.13
245.27,309.27,330.6,397.8
146.07,394.6,298.6,511.93
244.2,374.33,383.93,511.93
246.33,1,383.93,361.53
177,436.2,275.13,511.93
81,284.73,301.8,511.93
201.53,305,248.47,394.6
330.6,124.73,383.93,299.67
337,395.67,383.93,440.47
217.53,52.2,330.6,225
14.867,108.73,78.867,227.13
1,318.87,77.8,511.93
1,327.4,77.8,469.27
1,108.73,100.2,367.93
271.93,42.6,383.93,221.8
73.533,69.267,236.73,230.33
143.93,1,302.87,91.667
8.4667,200.47,83.133,360.47
81,71.4,147.13,157.8
115.13,217.53,210.07,295.4
1,1,237.8,230.33
298.6,76.733,342.33,219.67
275.13,1,383.93,219.67
175.93,1,302.87,52.2
167.4,387.13,297.53,511.93
1,93.8,47.933,203.67
300.73,155.67,357.27,219.67
89.533,460.73,186.6,511.93
116.2,250.6,203.67,343.4
67.133,71.4,147.13,157.8
146.07,426.6,253.8,511.93
1,10.6,47.933,203.67
134.33,42.6,383.93,440.47
239.93,453.27,281.53,511.93
125.8,221.8,196.2,295.4
33,202.6,119.4,449
61.8,193,255.93,511.93
216.47,52.2,330.6,225
133.27,355.13,205.8,442.6
66.067,30.867,241,244.2
59.667,195.13,220.73,292.2
282.6,219.67,339.13,312.47
254.87,401,316.73,470.33
89.533,387.13,298.6,511.93
86.333,221.8,196.2,308.2
212.2,375.4,353,511.93
114.07,302.87,215.4,357.27
279.4,219.67,383.93,417
29.8,460.73,88.467,511.93
115.13,223.93,200.47,295.4
1,1,98.067,361.53
279.4,216.47,331.67,275.13
263.4,429.8,303.93,508.73
85.267,157.8,216.47,354.07
172.73,31.933,225,74.6
115.13,327.4,201.53,412.73
1,73.533,70.333,245.27
93.8,302.87,215.4,357.27
66.067,30.867,345.53,342.33
110.87,30.867,230.33,143.93
273,1,383.93,59.667
316.73,90.6,383.93,219.67
87.4,212.2,303.93,511.93
121.53,157.8,235.67,232.47
76.733,333.8,136.47,443.67
72.467,260.2,123.67,481
314.6,217.53,362.6,367.93
139.67,60.733,222.87,130.07
76.733,195.13,301.8,511.93
217.53,49,342.33,223.93
279.4,264.47,338.07,309.27
170.6,1,383.93,92.733
254.87,401,353,511.93
218.6,314.6,277.27,398.87
231.4,439.4,303.93,511.93
322.07,359.4,383.93,438.33
153.53,383.93,303.93,511.93
290.07,447.93,344.47,500.2
202.6,1,383.93,120.47
76.733,195.13,209,281.53
120.47,218.6,339.13,403.13
151.4,301.8,330.6,397.8
61.8,223.93,138.6,456.47
200.47,207.93,249.53,297.53
1,255.93,82.067,426.6
303.93,405.27,383.93,447.93
116.2,212.2,294.33,310.33
115.13,30.867,237.8,145
214.33,1,383.93,230.33
14.867,1,66.067,78.867
126.87,157.8,184.47,201.53
343.4,361.53,383.93,413.8
279.4,216.47,335.93,315.67
66.067,137.53,209,252.73
99.133,291.13,255.93,457.53
61.8,79.933,131.13,190.87
73.533,69.267,298.6,511.93
113,452.2,189.8,511.93
77.8,399.93,195.13,511.93
1,107.67,98.067,360.47
204.73,76.733,341.27,216.47
279.4,145,363.67,315.67
175.93,394.6,251.67,440.47
279.4,47.933,383.93,245.27
217.53,123.67,298.6,223.93
330.6,124.73,383.93,301.8
166.33,372.2,221.8,417
85.267,157.8,183.4,285.8
271.93,41.533,383.93,220.73
227.13,52.2,329.53,139.67
289,385,347.67,439.4
217.53,438.33,280.47,511.93
243.13,386.07,383.93,511.93
1,108.73,100.2,361.53
76.733,250.6,217.53,458.6
30.867,105.53,138.6,456.47
200.47,212.2,294.33,310.33
166.33,372.2,212.2,417
1,1,70.333,237.8
12.733,1,66.067,78.867
106.6,204.73,158.87,285.8
325.27,1,383.93,61.8
214.33,73.533,341.27,222.87
254.87,47.933,383.93,250.6
1,1,55.4,190.87
326.33,301.8,383.93,438.33
315.67,29.8,383.93,91.667
1,137.53,158.87,426.6
167.4,334.87,225,375.4
236.73,309.27,364.73,418.07
317.8,89.533,383.93,374.33
143.93,1,308.2,94.867
131.13,225,200.47,293.27
116.2,216.47,182.33,285.8
134.33,114.07,233.53,210.07
200.47,212.2,338.07,357.27
280.47,1,328.47,59.667
167.4,387.13,298.6,511.93
99.133,302.87,211.13,457.53
73.533,69.267,151.4,157.8
86.333,207.93,292.2,308.2
322.07,90.6,383.93,206.87
229.27,294.33,326.33,395.67
212.2,294.33,383.93,511.93
1,108.73,120.47,511.93
30.867,105.53,134.33,233.53
248.47,413.8,298.6,478.87
189.8,436.2,275.13,511.93
232.47,123.67,298.6,223.93
81,349.8,148.2,511.93
212.2,301.8,383.93,511.93
316.73,260.2,383.93,438.33
254.87,118.33,383.93,413.8
129,114.07,236.73,203.67
85.267,157.8,183.4,354.07
53.267,63.933,147.13,222.87
27.667,1,329.53,191.93
67.133,71.4,236.73,231.4
72.467,260.2,151.4,481
73.533,69.267,236.73,241
145,30.867,218.6,71.4
18.067,450.07,75.667,511.93
87.4,349.8,148.2,511.93
86.333,69.267,241,230.33
201.53,305,255.93,394.6
118.33,100.2,184.47,143.93
131.13,250.6,203.67,296.47
221.8,294.33,383.93,439.4
13.8,1,305,79.933
71.4,30.867,236.73,207.93
69.267,131.13,209,244.2
110.87,30.867,232.47,143.93
84.2,238.87,137.53,281.53
166.33,317.8,309.27,511.93
153.53,374.33,237.8,435.13
175.93,398.87,231.4,467.13
253.8,335.93,323.13,383.93
245.27,253.8,292.2,307.13
1,274.07,115.13,511.93
20.2,34.067,61.8,97
15.933,305,62.867,389.27
337,124.73,383.93,298.6
66.067,97,233.53,244.2
331.67,123.67,383.93,300.73
187.67,1,383.93,92.733
249.53,145,383.93,439.4
293.27,118.33,383.93,366.87
1,1,47.933,190.87
278.33,252.73,339.13,351.93
30.867,105.53,72.467,167.4
291.13,1,383.93,90.6
235.67,438.33,280.47,511.93
227.13,49,342.33,132.2
273,365.8,383.93,430.87
13.8,1,238.87,143.93
74.6,223.93,117.27,270.87
87.4,425.53,148.2,511.93
129,30.867,215.4,120.47
89.533,455.4,180.2,511.93
75.667,193,118.33,252.73
15.933,305,56.467,389.27
76.733,302.87,221.8,456.47
210.07,317.8,255.93,431.93
229.27,319.93,298.6,478.87
281.53,29.8,383.93,217.53
145,339.13,236.73,441.53
1,108.73,100.2,455.4
159.93,138.6,232.47,207.93
114.07,353,205.8,433
125.8,291.13,204.73,382.87
213.27,52.2,324.2,139.67
1,291.13,100.2,511.93
247.4,386.07,383.93,511.93
271.93,42.6,383.93,212.2
97,280.47,137.53,354.07
222.87,219.67,292.2,307.13
93.8,302.87,236.73,457.53
232.47,143.93,298.6,223.93
262.33,76.733,363.67,315.67
66.067,131.13,131.13,190.87
271.93,1,383.93,76.733
219.67,127.93,277.27,222.87
125.8,217.53,216.47,298.6
6.3333,1,120.47,109.8
330.6,124.73,383.93,298.6
146.07,373.27,251.67,455.4
172.73,334.87,217.53,378.6
1,327.4,101.27,511.93
71.4,183.4,129,244.2
271.93,42.6,383.93,440.47
249.53,344.47,379.67,440.47
132.2,303.93,238.87,439.4
1,302.87,114.07,511.93
303.93,402.07,383.93,463.93
1,327.4,73.533,511.93
51.133,468.2,100.2,511.93
337,123.67,383.93,300.73
297.53,29.8,383.93,217.53
1,331.67,95.933,511.93
98.067,402.07,180.2,511.93
1,323.13,186.6,511.93
1,108.73,131.13,511.93
253.8,327.4,364.73,418.07
121.53,163.13,181.27,214.33
30.867,105.53,132.2,227.13
120.47,225,195.13,292.2
317.8,89.533,383.93,219.67
232.47,143.93,298.6,193
239.93,296.47,343.4,398.87
167.4,394.6,298.6,511.93
89.533,462.87,173.8,511.93
122.6,452.2,171.67,500.2
71.4,274.07,115.13,456.47
248.47,294.33,303.93,367.93
1,323.13,179.13,482.07
85.267,71.4,147.13,143.93
85.267,235.67,153.53,285.8
298.6,89.533,342.33,218.6
125.8,217.53,199.4,295.4
72.467,184.47,141.8,252.73
81,71.4,147.13,143.93
129,225,195.13,293.27
303.93,405.27,383.93,463.93
125.8,291.13,230.33,403.13
76.733,273,126.87,481
1,255.93,54.333,367.93
137.53,329.53,198.33,380.73
216.47,52.2,331.67,223.93
81,284.73,244.2,511.93
188.73,1,383.93,120.47
133.27,157.8,235.67,231.4
279.4,152.47,357.27,245.27
1,166.33,100.2,361.53
231.4,219.67,292.2,310.33
101.27,284.73,255.93,449
1,331.67,69.267,511.93
1,255.93,85.267,455.4
319.93,1,383.93,49
278.33,145,339.13,312.47
314.6,118.33,383.93,367.93
319.93,89.533,383.93,219.67
120.47,218.6,339.13,351.93
12.733,1,67.133,94.867
213.27,1,335.93,92.733
119.4,46.867,236.73,143.93
273,327.4,383.93,447.93
81,74.6,147.13,143.93
236.73,296.47,330.6,397.8
1,318.87,77.8,460.73
166.33,387.13,309.27,511.93
254.87,73.533,341.27,143.93
89.533,460.73,159.93,511.93
131.13,227.13,177,292.2
63.933,87.4,132.2,179.13
126.87,399.93,276.2,511.93
275.13,1,383.93,98.067
115.13,369,170.6,433
61.8,385,163.13,511.93
72.467,184.47,119.4,252.73
178.07,212.2,220.73,292.2
72.467,200.47,119.4,252.73
125.8,399.93,168.47,455.4
171.67,394.6,251.67,439.4
1,1,103.4,455.4
120.47,225,195.13,300.73
153.53,383.93,300.73,511.93
139.67,67.133,232.47,122.6
86.333,235.67,150.33,284.73
93.8,280.47,236.73,511.93
189.8,52.2,331.67,308.2
180.2,1,383.93,63.933
183.4,60.733,230.33,122.6
168.47,116.2,236.73,207.93
327.4,295.4,383.93,413.8
100.2,157.8,184.47,222.87
162.07,334.87,217.53,380.73
121.53,100.2,235.67,146.07
1,327.4,72.467,511.93
273,354.07,343.4,395.67
114.07,302.87,154.6,356.2
153.53,303.93,221.8,344.47
243.13,387.13,354.07,511.93
131.13,291.13,359.4,395.67
183.4,440.47,253.8,499.13
66.067,137.53,232.47,252.73
116.2,250.6,203.67,326.33
279.4,42.6,383.93,212.2
136.47,30.867,215.4,120.47
153.53,391.4,206.87,435.13
1,205.8,83.133,427.67
322.07,389.27,383.93,438.33
110.87,30.867,230.33,122.6
27.667,1,329.53,143.93
271.93,41.533,383.93,95.933
175.93,1,329.53,54.333
99.133,382.87,206.87,456.47
42.6,202.6,119.4,449
271.93,1,383.93,67.133
151.4,305,255.93,417
322.07,302.87,383.93,438.33
76.733,195.13,209,254.87
1,63.933,75.667,237.8
93.8,321,137.53,389.27
212.2,374.33,255.93,417
1,255.93,63.933,367.93
318.87,164.2,369,248.47
38.333,106.6,78.867,182.33
18.067,452.2,88.467,511.93
197.27,294.33,326.33,395.67
331.67,125.8,383.93,300.73
296.47,459.67,351.93,511.93
95.933,279.4,151.4,419.13
39.4,459.67,95.933,511.93
134.33,163.13,181.27,212.2
198.33,254.87,247.4,342.33
115.13,291.13,227.13,455.4
169.53,426.6,253.8,511.93
217.53,107.67,299.67,225
223.93,52.2,330.6,126.87
120.47,212.2,338.07,357.27
88.467,399.93,195.13,511.93
65,95.933,132.2,191.93
188.73,1,324.2,54.333
281.53,264.47,338.07,319.93
227.13,49,329.53,132.2
1,107.67,98.067,367.93
190.87,317.8,255.93,431.93
65,71.4,132.2,191.93
232.47,127.93,277.27,197.27
118.33,71.4,158.87,113
59.667,199.4,157.8,259.13
229.27,294.33,359.4,395.67
137.53,327.4,201.53,382.87
129,221.8,196.2,293.27
61.8,193,134.33,457.53
120.47,225,269.8,315.67
172.73,1,305,50.067
61.8,193,180.2,511.93
315.67,43.667,383.93,91.667
69.267,131.13,217.53,244.2
100.2,137.53,226.07,220.73
216.47,301.8,383.93,447.93
63.933,87.4,132.2,173.8
1,106.6,100.2,455.4
61.8,93.8,131.13,190.87
323.13,122.6,383.93,300.73
56.467,168.47,100.2,226.07
63.933,71.4,147.13,185.53
62.867,246.33,122.6,449
8.4667,205.8,83.133,360.47
129,227.13,195.13,292.2
121.53,163.13,218.6,232.47
119.4,30.867,241,143.93
89.533,216.47,206.87,295.4
145,328.47,198.33,382.87
1,1,55.4,162.07
62.867,259.13,126.87,481
69.267,131.13,233.53,244.2
310.33,82.067,383.93,221.8
65,78.867,228.2,157.8
165.27,328.47,225,375.4
1,108.73,98.067,361.53
104.47,30.867,241,143.93
59.667,195.13,209,259.13
148.2,370.07,205.8,414.87
262.33,145,335.93,315.67
218.6,125.8,286.87,223.93
62.867,246.33,122.6,454.33
116.2,216.47,200.47,300.73
110.87,49,206.87,100.2
107.67,367.93,151.4,419.13
86.333,49,151.4,157.8
285.8,265.53,335.93,308.2
326.33,301.8,366.87,367.93
29.8,463.93,71.4,511.93
245.27,309.27,323.13,393.53
183.4,1,302.87,52.2
126.87,157.8,183.4,220.73
23.4,1,237.8,212.2
33,246.33,122.6,454.33
215.4,45.8,299.67,120.47
254.87,125.8,299.67,250.6
74.6,378.6,118.33,455.4
295.4,113,383.93,294.33
285.8,265.53,335.93,315.67
279.4,219.67,338.07,319.93
212.2,375.4,257,417
185.53,396.73,231.4,439.4
143.93,33,217.53,91.667
327.4,42.6,383.93,89.533
189.8,207.93,292.2,309.27
316.73,89.533,383.93,200.47
131.13,157.8,183.4,203.67
28.733,1,184.47,79.933
295.4,113,383.93,298.6
298.6,307.13,339.13,351.93
279.4,252.73,338.07,305
273,1,321,56.467
241,225,292.2,307.13
227.13,52.2,324.2,139.67
89.533,457.53,180.2,511.93
291.13,41.533,383.93,90.6
343.4,302.87,383.93,413.8
63.933,71.4,147.13,173.8
136.47,30.867,184.47,93.8
66.067,137.53,132.2,191.93
86.333,69.267,151.4,157.8
293.27,118.33,383.93,413.8
84.2,238.87,147.13,281.53
130.07,157.8,183.4,201.53
230.33,219.67,292.2,307.13
323.13,123.67,383.93,300.73
313.53,307.13,359.4,377.53
219.67,125.8,292.2,223.93
279.4,219.67,383.93,440.47
286.87,41.533,383.93,95.933
218.6,125.8,291.13,223.93
275.13,41.533,383.93,98.067
273,203.67,383.93,440.47
296.47,302.87,383.93,438.33
303.93,471.4,351.93,511.93
131.13,148.2,219.67,207.93
1,60.733,77.8,230.33
343.4,360.47,383.93,417
243.13,396.73,289,449
275.13,76.733,342.33,219.67
279.4,219.67,339.13,335.93
1,60.733,120.47,230.33
117.27,452.2,171.67,500.2
1,279.4,114.07,511.93
309.27,47.933,383.93,215.4
62.867,260.2,103.4,427.67
252.73,399.93,316.73,469.27
244.2,223.93,292.2,307.13
61.8,193,118.33,450.07
279.4,61.8,370.07,212.2
189.8,207.93,245.27,297.53
61.8,69.267,255.93,511.93
150.33,371.13,205.8,434.07
323.13,125.8,383.93,300.73
255.93,87.4,309.27,163.13
88.467,419.13,170.6,511.93
116.2,463.93,186.6,511.93
148.2,371.13,205.8,434.07
15.933,364.73,57.533,434.07
89.533,460.73,135.4,511.93
180.2,1,324.2,57.533
239.93,255.93,292.2,310.33
100.2,155.67,181.27,218.6
154.6,387.13,298.6,511.93
200.47,207.93,292.2,308.2
71.4,152.47,209,244.2
49,389.27,95.933,456.47
158.87,157.8,235.67,227.13
132.2,334.87,217.53,380.73
323.13,168.47,363.67,300.73
275.13,1,383.93,81
136.47,371.13,205.8,434.07
1,27.667,41.533,190.87
18.067,450.07,71.4,511.93
177,436.2,253.8,511.93
324.2,162.07,364.73,294.33
322.07,289,383.93,359.4
262.33,145,363.67,315.67
168.47,116.2,241,207.93
143.93,1,327.4,94.867
67.133,69.267,173.8,109.8
159.93,138.6,232.47,202.6
100.2,137.53,230.33,220.73
28.733,1,238.87,143.93
280.47,1,335.93,59.667
209,1,305,50.067
103.4,382.87,174.87,456.47
326.33,1,383.93,46.867
99.133,291.13,255.93,458.6
74.6,378.6,122.6,481
131.13,291.13,383.93,440.47
81,204.73,158.87,339.13
126.87,410.6,276.2,511.93
279.4,246.33,338.07,319.93
171.67,396.73,252.73,460.73
66.067,137.53,141.8,252.73
129,225,200.47,295.4
271.93,125.8,383.93,318.87
124.73,46.867,169.53,94.867
318.87,158.87,369,248.47
114.07,302.87,154.6,367.93
12.733,303.93,63.933,367.93
249.53,145,383.93,440.47
216.47,301.8,330.6,397.8
252.73,296.47,330.6,397.8
151.4,305,255.93,394.6
1,27.667,41.533,159.93
136.47,370.07,205.8,414.87
237.8,239.93,283.67,296.47
321,1,383.93,61.8
125.8,311.4,202.6,382.87
232.47,127.93,277.27,222.87
115.13,221.8,196.2,308.2
279.4,216.47,335.93,308.2
185.53,374.33,237.8,439.4
223.93,53.267,331.67,123.67
1,355.13,56.467,494.87
249.53,305,359.4,393.53
119.4,30.867,236.73,143.93
343.4,305,383.93,417
66.067,131.13,233.53,244.2
103.4,382.87,164.2,436.2
114.07,178.07,155.67,244.2
87.4,349.8,298.6,511.93
59.667,199.4,157.8,255.93
53.267,71.4,132.2,150.33
18.067,450.07,101.27,511.93
300.73,41.533,383.93,95.933
310.33,42.6,383.93,200.47
309.27,90.6,383.93,215.4
1,1,66.067,93.8
88.467,453.27,170.6,511.93
214.33,127.93,277.27,222.87
190.87,305,277.27,398.87
146.07,306.07,197.27,358.33
1,302.87,114.07,486.33
316.73,289,383.93,361.53
125.8,115.13,236.73,172.73
65,1,230.33,157.8
1,1,103.4,312.47
178.07,339.13,236.73,439.4
1,166.33,79.933,361.53
114.07,158.87,183.4,210.07
76.733,329.53,140.73,456.47
53.267,105.53,114.07,150.33
132.2,290.07,242.07,439.4
181.27,55.4,324.2,146.07
132.2,119.4,229.27,178.07
125.8,291.13,225,403.13
115.13,301.8,225,412.73
53.267,105.53,106.6,150.33
134.33,107.67,235.67,210.07
99.133,302.87,206.87,457.53
89.533,460.73,153.53,511.93
83.133,302.87,215.4,357.27
1,1,61.8,97
279.4,219.67,338.07,305
45.8,166.33,100.2,226.07
120.47,355.13,205.8,442.6
273,1,383.93,63.933
136.47,357.27,217.53,417
76.733,302.87,217.53,456.47
65,137.53,158.87,339.13
143.93,33,238.87,94.867
131.13,250.6,203.67,314.6
223.93,53.267,330.6,123.67
172.73,1,305,74.6
289,386.07,383.93,440.47
143.93,33,259.13,94.867
315.67,88.467,383.93,206.87
133.27,157.8,235.67,227.13
110.87,1,230.33,122.6
14.867,1,67.133,94.867
15.933,433,95.933,511.93
27.667,1,383.93,143.93
35.133,279.4,78.867,401
165.27,328.47,222.87,372.2
62.867,202.6,119.4,449
1,322.07,99.133,511.93
65,137.53,108.73,227.13
185.53,303.93,238.87,439.4
168.47,138.6,229.27,207.93
257,318.87,330.6,387.13
1,200.47,88.467,360.47
243.13,374.33,383.93,511.93
136.47,30.867,198.33,120.47
131.13,138.6,236.73,230.33
282.6,219.67,323.13,287.93
314.6,217.53,355.13,347.67
115.13,301.8,185.53,412.73
85.267,74.6,132.2,123.67
1,108.73,85.267,361.53
145,373.27,199.4,427.67
150.33,303.93,221.8,344.47
172.73,1,308.2,53.267
287.93,302.87,383.93,440.47
146.07,394.6,276.2,511.93
164.2,322.07,221.8,374.33
76.733,333.8,121.53,443.67
267.67,106.6,341.27,259.13
249.53,366.87,369,440.47
110.87,30.867,206.87,117.27
302.87,1,383.93,87.4
325.27,1,372.2,44.733
159.93,227.13,204.73,291.13
180.2,1,373.27,57.533
281.53,183.4,327.4,259.13
116.2,216.47,182.33,300.73
65,227.13,116.2,401
71.4,30.867,241,207.93
141.8,116.2,241,230.33
322.07,317.8,383.93,438.33
1,255.93,63.933,439.4
248.47,415.93,298.6,476.73
255.93,87.4,309.27,181.27
100.2,162.07,157.8,218.6
277.27,430.87,354.07,511.93
298.6,89.533,341.27,212.2
98.067,359.4,151.4,419.13
244.2,387.13,299.67,478.87
124.73,30.867,232.47,126.87
282.6,231.4,339.13,312.47
212.2,317.8,255.93,431.93
246.33,52.2,324.2,97
169.53,426.6,253.8,499.13
63.933,93.8,132.2,173.8
298.6,89.533,340.2,219.67
171.67,394.6,251.67,441.53
74.6,223.93,123.67,339.13
86.333,69.267,133.27,110.87
15.933,305,56.467,367.93
323.13,125.8,383.93,299.67
136.47,355.13,205.8,414.87
221.8,294.33,325.27,387.13
296.47,305,347.67,366.87
255.93,87.4,309.27,141.8
39.4,463.93,95.933,511.93
235.67,456.47,280.47,511.93
321,118.33,383.93,294.33
103.4,357.27,217.53,436.2
189.8,207.93,292.2,307.13
323.13,168.47,363.67,255.93
120.47,275.13,269.8,315.67
300.73,82.067,383.93,221.8
59.667,199.4,114.07,247.4
126.87,410.6,237.8,475.67
181.27,436.2,253.8,511.93
67.133,69.267,158.87,109.8
11.667,291.13,95.933,456.47
1,1,56.467,93.8
161,373.27,251.67,439.4
73.533,78.867,184.47,157.8
142.87,355.13,183.4,408.47
273,219.67,383.93,440.47
298.6,455.4,341.27,511.93
53.267,105.53,132.2,227.13
252.73,399.93,351.93,511.93
114.07,137.53,209,230.33
115.13,291.13,242.07,455.4
17,107.67,98.067,247.4
134.33,137.53,226.07,210.07
101.27,284.73,255.93,433
67.133,74.6,132.2,123.67
171.67,396.73,299.67,511.93
273,1,323.13,44.733
131.13,291.13,228.2,332.73
278.33,429.8,355.13,511.93
62.867,259.13,103.4,444.73
125.8,291.13,227.13,417
1,1,120.47,230.33
124.73,30.867,180.2,94.867
168.47,116.2,241,220.73
93.8,302.87,197.27,457.53
14.867,1,67.133,76.733
259.13,145,339.13,312.47
315.67,29.8,383.93,81
103.4,382.87,206.87,456.47
14.867,108.73,100.2,266.6
316.73,90.6,383.93,207.93
11.667,306.07,73.533,408.47
244.2,387.13,309.27,511.93
171.67,396.73,264.47,511.93
315.67,63.933,383.93,206.87
139.67,70.333,198.33,117.27
29.8,458.6,75.667,511.93
321,366.87,364.73,418.07
81,248.47,123.67,339.13
190.87,305,277.27,415.93
38.333,459.67,95.933,511.93
177,427.67,299.67,511.93
156.73,378.6,205.8,434.07
278.33,145,328.47,226.07
117.27,452.2,189.8,500.2
65,78.867,184.47,157.8
121.53,157.8,183.4,212.2
302.87,1,383.93,206.87
231.4,453.27,303.93,511.93
188.73,303.93,238.87,377.53
103.4,382.87,174.87,436.2
188.73,1,324.2,57.533
273,314.6,363.67,395.67
217.53,127.93,291.13,222.87
121.53,100.2,219.67,145
268.73,414.87,316.73,470.33
287.93,398.87,383.93,511.93
167.4,436.2,276.2,511.93
172.73,33,225,74.6
134.33,107.67,233.53,210.07
249.53,344.47,369,440.47
115.13,301.8,201.53,412.73
121.53,157.8,184.47,214.33
129,227.13,182.33,292.2
200.47,218.6,241,297.53
133.27,393.53,205.8,442.6
273,327.4,363.67,395.67
297.53,73.533,341.27,212.2
125.8,221.8,199.4,295.4
218.6,127.93,277.27,197.27
1,1,67.133,196.2
12.733,1,188.73,77.8
114.07,178.07,209,244.2
219.67,53.267,331.67,223.93
253.8,335.93,339.13,395.67
99.133,302.87,215.4,457.53
130.07,158.87,183.4,220.73
337,123.67,383.93,374.33
189.8,436.2,276.2,511.93
223.93,53.267,330.6,130.07
1,108.73,120.47,367.93
184.47,372.2,232.47,439.4
12.733,305,54.333,367.93
66.067,98.067,109.8,148.2
185.53,198.33,293.27,310.33
76.733,202.6,119.4,252.73
152.47,357.27,217.53,417
139.67,63.933,237.8,125.8
283.67,152.47,325.27,226.07
292.2,388.2,379.67,437.27
137.53,306.07,215.4,357.27
247.4,55.4,324.2,97
104.47,157.8,184.47,207.93
125.8,311.4,185.53,361.53
325.27,302.87,383.93,437.27
248.47,296.47,343.4,395.67
317.8,289,383.93,371.13
236.73,309.27,287.93,393.53
65,155.67,108.73,227.13
71.4,152.47,131.13,244.2
121.53,30.867,238.87,143.93
244.2,387.13,355.13,511.93
14.867,108.73,100.2,244.2
235.67,461.8,280.47,511.93
118.33,408.47,167.4,457.53
98.067,402.07,180.2,482.07
200.47,218.6,339.13,351.93
227.13,71.4,295.4,139.67
115.13,30.867,232.47,130.07
330.6,124.73,383.93,278.33
219.67,454.33,275.13,511.93
51.133,98.067,103.4,173.8
190.87,309.27,239.93,361.53
1,1,61.8,209
296.47,254.87,338.07,295.4
262.33,145,325.27,250.6
218.6,125.8,286.87,222.87
39.4,471.4,90.6,511.93
279.4,220.73,338.07,357.27
11.667,306.07,71.4,372.2
110.87,49,230.33,122.6
254.87,92.733,325.27,250.6
1,1,100.2,266.6
125.8,311.4,202.6,361.53
278.33,254.87,339.13,335.93
136.47,30.867,212.2,120.47
273,1,327.4,56.467
143.93,15.933,217.53,91.667
98.067,402.07,148.2,457.53
254.87,307.13,301.8,366.87
343.4,302.87,383.93,417
279.4,145,335.93,315.67
87.4,459.67,132.2,511.93
257,337,343.4,395.67
146.07,394.6,253.8,511.93
156.73,378.6,205.8,433
115.13,30.867,232.47,137.53
39.4,460.73,90.6,511.93
171.67,387.13,309.27,511.93
271.93,145,359.4,318.87
13.8,1,184.47,79.933
245.27,309.27,287.93,393.53
251.67,439.4,303.93,511.93
115.13,30.867,238.87,143.93
321,327.4,364.73,418.07
279.4,220.73,327.4,275.13
1,28.733,47.933,202.6
145,373.27,203.67,427.67
110.87,30.867,206.87,100.2
273,1,321,44.733
166.33,346.6,237.8,417
66.067,98.067,131.13,190.87
315.67,88.467,383.93,220.73
53.267,74.6,132.2,150.33
119.4,102.33,184.47,143.93
291.13,41.533,374.33,83.133
132.2,413.8,174.87,456.47
159.93,148.2,227.13,202.6
223.93,53.267,331.67,141.8
134.33,311.4,198.33,382.87
255.93,87.4,312.47,213.27
279.4,220.73,327.4,266.6
166.33,340.2,237.8,417
139.67,71.4,198.33,120.47
305,1,383.93,63.933
175.93,1,324.2,54.333
130.07,158.87,183.4,202.6
115.13,71.4,162.07,137.53
171.67,373.27,251.67,439.4
44.733,460.73,95.933,511.93
273,337,343.4,395.67
317.8,327.4,363.67,371.13
227.13,60.733,308.2,132.2
39.4,166.33,99.133,312.47
267.67,106.6,327.4,259.13
129,46.867,206.87,101.27
327.4,295.4,383.93,373.27
65,137.53,132.2,227.13
324.2,289,383.93,359.4
279.4,219.67,357.27,335.93
14.867,1,59.667,52.2
136.47,353,183.4,410.6
1,108.73,100.2,360.47
18.067,444.73,100.2,511.93
121.53,89.533,162.07,137.53
1,322.07,99.133,486.33
167.4,334.87,225,403.13
104.47,165.27,149.27,207.93
300.73,169.53,341.27,219.67
327.4,300.73,383.93,359.4
76.733,273,123.67,455.4
271.93,145,339.13,318.87
279.4,219.67,327.4,275.13
278.33,430.87,354.07,511.93
254.87,135.4,299.67,250.6
86.333,69.267,151.4,182.33
71.4,183.4,121.53,244.2
88.467,462.87,143.93,511.93
126.87,157.8,184.47,200.47
298.6,89.533,341.27,218.6
1,10.6,47.933,197.27
241,258.07,292.2,307.13
249.53,344.47,348.73,406.33
88.467,462.87,132.2,511.93
62.867,260.2,103.4,444.73
92.733,74.6,147.13,143.93
130.07,251.67,200.47,295.4
129,116.2,236.73,203.67
334.87,389.27,383.93,438.33
18.067,459.67,75.667,511.93
101.27,138.6,183.4,212.2
200.47,207.93,292.2,307.13
139.67,66.067,216.47,130.07
172.73,1,302.87,52.2
1,1,47.933,99.133
259.13,145,328.47,229.27
115.13,291.13,244.2,455.4
247.4,388.2,383.93,511.93
287.93,386.07,383.93,511.93
279.4,229.27,338.07,305
1,255.93,51.133,405.27
328.47,118.33,383.93,246.33
89.533,462.87,172.73,511.93
27.667,1,183.4,87.4
65,95.933,110.87,149.27
115.13,369,170.6,457.53
1,73.533,103.4,312.47
125.8,311.4,198.33,382.87
175.93,399.93,296.47,511.93
200.47,212.2,282.6,297.53
330.6,1,373.27,42.6
119.4,30.867,236.73,207.93
237.8,235.67,292.2,310.33
310.33,41.533,383.93,95.933
231.4,439.4,277.27,506.6
282.6,145,325.27,250.6
153.53,251.67,199.4,292.2
125.8,241,199.4,295.4
101.27,284.73,205.8,433
61.8,223.93,123.67,426.6
200.47,218.6,292.2,310.33
279.4,246.33,338.07,357.27
31.933,456.47,95.933,511.93
1,205.8,83.133,360.47
1,1,56.467,97
27.667,1,184.47,82.067
1,327.4,72.467,499.13
146.07,410.6,276.2,511.93
289,376.47,351.93,440.47
63.933,444.73,163.13,511.93
242.07,255.93,292.2,310.33
115.13,301.8,156.73,412.73
323.13,164.2,369,248.47
125.8,291.13,217.53,417
18.067,398.87,71.4,511.93
1,106.6,100.2,361.53
24.467,17,120.47,109.8
310.33,42.6,383.93,150.33
1,10.6,46.867,196.2
197.27,312.47,239.93,395.67
18.067,459.67,95.933,511.93
271.93,145,369,318.87
171.67,395.67,251.67,439.4
175.93,440.47,253.8,499.13
23.4,1,188.73,77.8
321,366.87,383.93,430.87
1,73.533,83.133,230.33
143.93,33,217.53,83.133
104.47,116.2,236.73,207.93
178.07,339.13,236.73,441.53
18.067,452.2,65,511.93
81,74.6,132.2,129
180.2,1,373.27,130.07
216.47,305,277.27,398.87
115.13,71.4,158.87,136.47
168.47,148.2,219.67,207.93
131.13,291.13,239.93,378.6
129,227.13,180.2,292.2
116.2,226.07,158.87,285.8
1,1,83.133,230.33
175.93,440.47,276.2,511.93
44.733,463.93,95.933,511.93
282.6,231.4,323.13,287.93
88.467,462.87,170.6,511.93
317.8,314.6,363.67,371.13
63.933,87.4,132.2,185.53
6.3333,1,52.2,66.067
324.2,1,383.93,41.533
200.47,212.2,241,297.53
89.533,463.93,163.13,511.93
159.93,49,232.47,126.87
56.467,168.47,98.067,226.07
13.8,1,60.733,74.6
181.27,119.4,229.27,178.07
181.27,436.2,275.13,511.93
1,166.33,84.2,455.4
145,58.6,206.87,101.27
213.27,42.6,299.67,92.733
131.13,119.4,229.27,207.93
252.73,399.93,318.87,474.6
114.07,302.87,170.6,457.53
114.07,302.87,154.6,357.27
210.07,399.93,255.93,454.33
136.47,353,205.8,433
100.2,137.53,226.07,218.6
279.4,264.47,338.07,319.93
14.867,108.73,78.867,244.2
278.33,252.73,339.13,335.93
279.4,219.67,383.93,376.47
279.4,180.2,319.93,245.27
12.733,1,120.47,83.133
231.4,439.4,277.27,501.27
115.13,52.2,324.2,146.07
1,449,42.6,511.93
1,1,67.133,97
231.4,222.87,279.4,293.27
101.27,138.6,168.47,195.13
115.13,30.867,170.6,89.533
279.4,152.47,325.27,245.27
121.53,30.867,238.87,137.53
278.33,291.13,339.13,335.93
231.4,453.27,296.47,511.93
261.27,145,328.47,226.07
200.47,218.6,279.4,298.6
76.733,273,123.67,481
316.73,89.533,383.93,221.8
93.8,333.8,134.33,457.53
1,355.13,95.933,511.93
12.733,348.73,63.933,439.4
254.87,467.13,303.93,511.93
23.4,1,183.4,87.4
115.13,223.93,157.8,283.67
200.47,218.6,244.2,298.6
118.33,410.6,167.4,457.53
1,34.067,61.8,209
300.73,73.533,341.27,212.2
115.13,71.4,184.47,145
227.13,439.4,301.8,511.93
11.667,291.13,73.533,372.2
219.67,126.87,292.2,223.93
175.93,440.47,276.2,506.6
155.67,148.2,219.67,207.93
213.27,53.267,295.4,139.67
119.4,100.2,184.47,143.93
139.67,63.933,222.87,125.8
93.8,321,170.6,457.53
115.13,367.93,168.47,455.4
39.4,166.33,79.933,312.47
129,30.867,206.87,101.27
273,424.47,315.67,511.93
200.47,125.8,292.2,307.13
169.53,394.6,298.6,477.8
125.8,311.4,217.53,403.13
74.6,273,123.67,481
231.4,440.47,276.2,506.6
175.93,398.87,231.4,440.47
23.4,1,237.8,145
200.47,212.2,293.27,310.33
109.8,207.93,157.8,255.93
188.73,1,373.27,57.533
159.93,49,238.87,126.87
28.733,1,188.73,77.8
149.27,339.13,205.8,407.4
178.07,339.13,232.47,439.4
119.4,67.133,232.47,143.93
229.27,294.33,323.13,395.67
297.53,61.8,370.07,212.2
177,139.67,236.73,203.67
223.93,53.267,331.67,130.07
115.13,209,157.8,255.93
115.13,371.13,168.47,455.4
139.67,60.733,232.47,130.07
129,227.13,177,292.2
171.67,396.73,253.8,511.93
83.133,207.93,157.8,255.93
1,94.867,47.933,203.67
316.73,82.067,383.93,221.8
292.2,1,373.27,54.333
180.2,1,383.93,57.533
169.53,426.6,223.93,467.13
1,93.8,47.933,202.6
210.07,399.93,301.8,511.93
63.933,93.8,106.6,150.33
159.93,140.73,226.07,210.07
248.47,305,295.4,346.6
330.6,132.2,374.33,278.33
1,200.47,83.133,360.47
279.4,219.67,338.07,315.67
1,12.733,46.867,196.2
129,30.867,241,122.6
66.067,131.13,110.87,171.67
169.53,394.6,274.07,467.13
114.07,302.87,197.27,358.33
210.07,399.93,274.07,454.33
334.87,389.27,379.67,437.27
15.933,364.73,95.933,511.93
115.13,353,168.47,455.4
73.533,107.67,132.2,173.8
100.2,162.07,181.27,218.6
287.93,406.33,383.93,511.93
267.67,106.6,353,259.13
251.67,427.67,299.67,478.87
310.33,41.533,374.33,87.4
252.73,321,326.33,370.07
279.4,106.6,327.4,219.67
302.87,41.533,374.33,87.4
97,337,137.53,389.27
125.8,311.4,211.13,396.73
323.13,113,383.93,294.33
131.13,227.13,195.13,292.2
314.6,388.2,379.67,437.27
89.533,469.27,159.93,511.93
169.53,394.6,255.93,467.13
315.67,63.933,383.93,120.47
88.467,426.6,171.67,511.93
200.47,207.93,280.47,297.53
89.533,469.27,134.33,511.93
231.4,219.67,279.4,303.93
282.6,227.13,339.13,312.47
1,78.867,77.8,230.33
323.13,162.07,364.73,294.33
1,83.133,57.533,209
38.333,98.067,103.4,182.33
74.6,273,122.6,481
227.13,55.4,324.2,139.67
331.67,125.8,383.93,289
172.73,33,217.53,83.133
282.6,231.4,339.13,308.2
279.4,232.47,338.07,305
129,30.867,215.4,122.6
12.733,1,59.667,52.2
253.8,376.47,346.6,424.47
131.13,227.13,182.33,292.2
115.13,71.4,235.67,146.07
156.73,390.33,205.8,433
197.27,312.47,239.93,378.6
15.933,433,72.467,499.13
125.8,311.4,202.6,370.07
169.53,394.6,251.67,467.13
14.867,108.73,100.2,227.13
289,398.87,369,440.47
125.8,311.4,217.53,417
24.467,17,120.47,83.133
1,327.4,73.533,458.6
39.4,460.73,88.467,511.93
1,281.53,84.2,455.4
1,327.4,57.533,434.07
322.07,92.733,383.93,200.47
105.53,106.6,151.4,157.8
143.93,33,207.93,83.133
340.2,49,383.93,89.533
331.67,125.8,383.93,299.67
86.333,49,133.27,109.8
285.8,261.27,339.13,308.2
1,73.533,70.333,237.8
286.87,449,351.93,511.93
279.4,106.6,327.4,259.13
159.93,63.933,222.87,125.8
20.2,34.067,61.8,133.27
1,28.733,47.933,190.87
139.67,66.067,181.27,125.8
310.33,89.533,351.93,150.33
183.4,148.2,223.93,210.07
131.13,227.13,180.2,292.2
231.4,219.67,279.4,293.27
115.13,30.867,237.8,125.8
200.47,218.6,241,290.07
250.6,439.4,296.47,487.4
283.67,183.4,327.4,245.27
1,302.87,51.133,405.27
258.07,307.13,301.8,357.27
