23.4,262.33,317.8,511.93
46.867,89.533,159.93,157.8
175.93,22.333,342.33,302.87
1,1,286.87,269.8
1,1,342.33,511.93
1,171.67,142.87,439.4
63.933,317.8,311.4,460.73
1,157.8,117.27,509.8
140.73,342.33,243.13,385
135.4,169.53,319.93,295.4
105.53,1,342.33,292.2
1,126.87,169.53,455.4
257,250.6,342.33,511.93
76.733,255.93,315.67,511.93
59.667,1,212.2,51.133
91.667,382.87,150.33,452.2
10.6,108.73,319.93,311.4
232.47,456.47,313.53,509.8
10.6,1,342.33,311.4
76.733,279.4,295.4,404.2
1,1,342.33,363.67
98.067,159.93,150.33,248.47
1,19.133,266.6,511.93
88.467,106.6,286.87,215.4
1,1,217.53,511.93
131.13,1,342.33,511.93
1,171.67,219.67,511.93
10.6,1,342.33,511.93
35.133,158.87,174.87,332.73
15.933,1,342.33,511.93
105.53,1,342.33,511.93
1,177,317.8,511.93
1,78.867,110.87,259.13
284.73,17,342.33,511.93
274.07,19.133,342.33,511.93
193,109.8,301.8,295.4
1,250.6,342.33,511.93
1,1,276.2,202.6
1,157.8,342.33,511.93
105.53,146.07,268.73,292.2
1,1,342.33,309.27
24.467,1,342.33,511.93
1,319.93,216.47,511.93
105.53,93.8,268.73,292.2
30.867,27.667,153.53,139.67
181.27,1,342.33,91.667
280.47,22.333,324.2,162.07
24.467,453.27,152.47,511.93
142.87,1,342.33,302.87
1,12.733,172.73,173.8
97,373.27,329.53,511.93
10.6,108.73,316.73,258.07
26.6,470.33,168.47,511.93
1,1,95.933,389.27
143.93,1,342.33,173.8
142.87,1,342.33,197.27
1,177,142.87,440.47
161,1,342.33,303.93
1,259.13,102.33,439.4
1,1,217.53,71.4
1,1,216.47,71.4
71.4,319.93,178.07,468.2
97,106.6,312.47,298.6
212.2,17,342.33,511.93
138.6,358.33,310.33,459.67
26.6,461.8,168.47,511.93
60.733,100.2,249.53,202.6
1,1,179.13,511.93
234.6,25.533,284.73,110.87
1,177,178.07,511.93
1,1,218.6,511.93
1,1,276.2,511.93
228.2,25.533,309.27,173.8
163.13,250.6,342.33,511.93
209,301.8,267.67,353
1,161,142.87,440.47
90.6,19.133,184.47,74.6
1,300.73,266.6,511.93
137.53,300.73,179.13,356.2
175.93,19.133,342.33,511.93
142.87,177,312.47,309.27
142.87,1,342.33,309.27
49,1,342.33,173.8
185.53,122.6,235.67,190.87
37.267,327.4,168.47,457.53
23.4,63.933,172.73,173.8
1,319.93,178.07,511.93
1,453.27,152.47,511.93
131.13,182.33,311.4,467.13
31.933,161,87.4,205.8
24.467,1,342.33,299.67
1,302.87,217.53,511.93
241,375.4,282.6,422.33
8.4667,193,50.067,246.33
1,219.67,87.4,344.47
189.8,122.6,230.33,174.87
135.4,396.73,267.67,500.2
143.93,22.333,324.2,173.8
76.733,17,342.33,511.93
36.2,183.4,169.53,343.4
1,301.8,179.13,511.93
167.4,279.4,290.07,422.33
24.467,149.27,213.27,298.6
121.53,430.87,294.33,511.93
6.3333,468.2,170.6,511.93
1,1,219.67,173.8
142.87,423.4,199.4,485.27
31.933,169.53,319.93,311.4
163.13,381.8,325.27,511.93
97,373.27,310.33,460.73
143.93,1,276.2,167.4
219.67,97,298.6,159.93
163.13,401,313.53,511.93
109.8,170.6,236.73,212.2
289,14.867,342.33,232.47
289,250.6,342.33,492.73
135.4,204.73,227.13,286.87
159.93,300.73,290.07,364.73
1,1,201.53,189.8
143.93,97,188.73,161
163.13,438.33,266.6,511.93
1,1,286.87,215.4
142.87,27.667,222.87,154.6
211.13,326.33,273,378.6
1,296.47,110.87,440.47
15.933,1,342.33,309.27
143.93,51.133,230.33,167.4
180.2,1,342.33,173.8
46.867,19.133,189.8,157.8
222.87,14.867,342.33,511.93
15.933,111.93,174.87,301.8
219.67,25.533,298.6,173.8
172.73,234.6,311.4,303.93
24.467,402.07,315.67,511.93
1,327.4,216.47,511.93
1,171.67,72.467,222.87
129,279.4,313.53,511.93
166.33,296.47,290.07,399.93
238.87,369,315.67,428.73
137.53,325.27,311.4,453.27
69.267,250.6,342.33,511.93
282.6,250.6,342.33,511.93
76.733,262.33,290.07,387.13
190.87,171.67,313.53,302.87
290.07,18.067,342.33,232.47
1,19.133,184.47,297.53
24.467,155.67,117.27,213.27
175.93,436.2,281.53,490.6
63.933,1,217.53,173.8
284.73,19.133,342.33,511.93
209,88.467,275.13,161
122.6,358.33,177,408.47
1,1,217.53,177
107.67,27.667,260.2,217.53
140.73,373.27,282.6,422.33
1,1,217.53,173.8
205.8,296.47,290.07,399.93
1,44.733,77.8,156.73
24.467,418.07,315.67,511.93
1,1,219.67,363.67
1,1,201.53,59.667
121.53,401,329.53,511.93
41.533,170.6,161,293.27
1,1,276.2,332.73
172.73,303.93,266.6,356.2
217.53,183.4,301.8,226.07
164.2,419.13,303.93,500.2
24.467,161,315.67,511.93
59.667,1,217.53,99.133
170.6,1,342.33,94.867
76.733,279.4,290.07,399.93
97,1,342.33,309.27
1,313.53,170.6,511.93
232.47,1,342.33,102.33
1,1,217.53,187.67
1,424.47,219.67,511.93
171.67,439.4,239.93,497
60.733,158.87,111.93,248.47
131.13,182.33,342.33,511.93
261.27,300.73,315.67,428.73
294.33,14.867,342.33,223.93
107.67,148.2,316.73,228.2
24.467,127.93,85.267,174.87
71.4,279.4,295.4,404.2
86.333,159.93,170.6,248.47
152.47,367.93,317.8,511.93
215.4,1,342.33,227.13
185.53,151.4,300.73,214.33
142.87,65,270.87,197.27
168.47,171.67,301.8,302.87
69.267,373.27,329.53,511.93
106.6,327.4,152.47,390.33
1,299.67,102.33,439.4
76.733,255.93,314.6,383.93
153.53,279.4,281.53,364.73
49,209,94.867,258.07
254.87,250.6,342.33,511.93
153.53,279.4,299.67,364.73
1,1,201.53,188.73
125.8,342.33,267.67,442.6
37.267,313.53,134.33,459.67
152.47,300.73,317.8,511.93
62.867,159.93,236.73,289
218.6,1,342.33,109.8
49,1,217.53,173.8
88.467,1,217.53,95.933
137.53,307.13,197.27,378.6
146.07,299.67,276.2,362.6
1,423.4,199.4,511.93
84.2,257,167.4,297.53
94.867,382.87,162.07,460.73
289,14.867,342.33,228.2
31.933,157.8,236.73,290.07
228.2,65,276.2,110.87
1,1,249.53,202.6
166.33,279.4,281.53,329.53
31.933,157.8,295.4,404.2
159.93,212.2,217.53,264.47
120.47,325.27,315.67,511.93
261.27,250.6,342.33,511.93
170.6,1,342.33,91.667
1,414.87,199.4,511.93
159.93,177,301.8,309.27
131.13,182.33,311.4,459.67
1,264.47,51.133,389.27
1,19.133,189.8,185.53
263.4,250.6,342.33,511.93
76.733,262.33,317.8,511.93
55.4,1,230.33,167.4
24.467,449,172.73,511.93
168.47,27.667,219.67,91.667
183.4,1,342.33,109.8
258.07,9.5333,311.4,97
35.133,159.93,170.6,265.53
301.8,33,342.33,229.27
159.93,300.73,276.2,362.6
246.33,318.87,290.07,386.07
62.867,159.93,196.2,258.07
168.47,171.67,301.8,314.6
168.47,27.667,219.67,103.4
159.93,178.07,225,265.53
1,294.33,172.73,511.93
97,158.87,187.67,202.6
143.93,46.867,275.13,159.93
154.6,250.6,276.2,329.53
41.533,157.8,131.13,215.4
131.13,204.73,311.4,459.67
264.47,377.53,311.4,419.13
222.87,17,342.33,511.93
207.93,109.8,300.73,201.53
172.73,109.8,301.8,295.4
1,313.53,219.67,511.93
263.4,417,312.47,495.93
185.53,105.53,235.67,190.87
24.467,149.27,207.93,298.6
125.8,385,267.67,500.2
120.47,439.4,270.87,497
52.2,78.867,159.93,156.73
135.4,181.27,239.93,286.87
195.13,415.93,329.53,511.93
37.267,313.53,163.13,459.67
267.67,147.13,310.33,227.13
71.4,63.933,175.93,173.8
1,463.93,183.4,511.93
168.47,27.667,222.87,124.73
298.6,252.73,342.33,511.93
1,1,217.53,440.47
1,114.07,71.4,259.13
166.33,343.4,286.87,385
228.2,25.533,295.4,120.47
142.87,179.13,212.2,284.73
139.67,1,217.53,59.667
1,1,342.33,232.47
41.533,157.8,145,231.4
23.4,262.33,302.87,511.93
179.13,266.6,276.2,329.53
1,1,217.53,156.73
289,17,342.33,229.27
3.1333,107.67,167.4,297.53
59.667,89.533,102.33,143.93
55.4,19.133,181.27,95.933
142.87,212.2,276.2,329.53
75.667,26.6,177,85.267
137.53,307.13,197.27,356.2
140.73,373.27,310.33,422.33
1,1,217.53,185.53
134.33,1,274.07,145
161,187.67,239.93,263.4
205.8,287.93,311.4,430.87
101.27,26.6,152.47,70.333
1,1,217.53,455.4
142.87,1,342.33,179.13
31.933,157.8,236.73,289
222.87,14.867,342.33,387.13
282.6,250.6,342.33,401
161,100.2,210.07,162.07
145,103.4,189.8,154.6
15.933,111.93,113,214.33
1,171.67,142.87,342.33
201.53,271.93,290.07,388.2
215.4,1,342.33,167.4
114.07,389.27,235.67,459.67
10.6,278.33,118.33,356.2
1,78.867,150.33,363.67
1,453.27,172.73,511.93
76.733,106.6,342.33,511.93
68.2,66.067,168.47,154.6
159.93,198.33,217.53,264.47
182.33,1,342.33,91.667
1,314.6,216.47,511.93
143.93,1,342.33,175.93
285.8,22.333,342.33,232.47
161,170.6,309.27,263.4
15.933,92.733,170.6,269.8
247.4,369,311.4,425.53
135.4,396.73,178.07,468.2
258.07,1,299.67,77.8
158.87,325.27,311.4,419.13
26.6,469.27,172.73,511.93
78.867,285.8,163.13,343.4
35.133,159.93,170.6,269.8
1,19.133,184.47,188.73
218.6,1,292.2,97
143.93,29.8,242.07,161
76.733,279.4,237.8,387.13
159.93,198.33,239.93,264.47
237.8,1,342.33,91.667
145,426.6,219.67,485.27
55.4,1,286.87,215.4
1,348.73,168.47,511.93
1,19.133,184.47,439.4
204.73,171.67,300.73,219.67
55.4,1,218.6,95.933
263.4,19.133,342.33,511.93
31.933,249.53,299.67,311.4
137.53,302.87,290.07,387.13
249.53,1,342.33,85.267
1,1,342.33,179.13
63.933,317.8,170.6,460.73
267.67,300.73,312.47,402.07
158.87,328.47,243.13,382.87
24.467,419.13,315.67,511.93
159.93,429.8,315.67,511.93
246.33,327.4,290.07,386.07
172.73,290.07,237.8,338.07
106.6,179.13,212.2,298.6
220.73,1,342.33,254.87
99.133,71.4,145,132.2
150.33,279.4,263.4,326.33
146.07,275.13,234.6,318.87
182.33,59.667,222.87,123.67
143.93,44.733,216.47,93.8
137.53,342.33,267.67,442.6
163.13,438.33,313.53,511.93
191.93,414.87,315.67,511.93
97,97,312.47,298.6
17,127.93,90.6,200.47
76.733,262.33,249.53,333.8
63.933,317.8,164.2,460.73
152.47,451.13,317.8,511.93
159.93,194.07,216.47,265.53
76.733,279.4,295.4,399.93
129,332.73,196.2,404.2
76.733,279.4,281.53,364.73
26.6,469.27,173.8,511.93
120.47,339.13,302.87,511.93
168.47,27.667,219.67,88.467
1,455.4,103.4,511.93
69.267,199.4,136.47,261.27
129,319.93,196.2,404.2
223.93,216.47,313.53,268.73
214.33,88.467,275.13,161
76.733,279.4,217.53,387.13
142.87,65,268.73,197.27
175.93,103.4,275.13,161
101.27,27.667,177,70.333
1,296.47,108.73,440.47
24.467,299.67,315.67,511.93
266.6,31.933,309.27,173.8
173.8,178.07,225,264.47
76.733,262.33,302.87,461.8
24.467,423.4,219.67,511.93
55.4,44.733,175.93,118.33
135.4,279.4,281.53,364.73
105.53,146.07,268.73,264.47
219.67,90.6,298.6,173.8
201.53,419.13,303.93,461.8
5.2667,107.67,94.867,187.67
301.8,17,342.33,229.27
76.733,279.4,299.67,364.73
143.93,25.533,298.6,173.8
65,327.4,151.4,435.13
286.87,286.87,342.33,511.93
1,126.87,117.27,455.4
215.4,109.8,277.27,159.93
65,335.93,114.07,391.4
142.87,184.47,202.6,289
60.733,63.933,175.93,173.8
228.2,31.933,309.27,173.8
137.53,300.73,222.87,356.2
175.93,163.13,301.8,226.07
1,294.33,102.33,501.27
1,382.87,173.8,511.93
107.67,1,342.33,217.53
159.93,318.87,250.6,362.6
137.53,302.87,217.53,378.6
1,291.13,110.87,440.47
1,200.47,142.87,342.33
34.067,470.33,168.47,511.93
220.73,1,262.33,98.067
135.4,204.73,207.93,281.53
180.2,1,342.33,174.87
63.933,299.67,311.4,460.73
88.467,130.07,286.87,202.6
133.27,1,230.33,167.4
262.33,255.93,313.53,383.93
88.467,130.07,286.87,215.4
214.33,401,310.33,447.93
1,1,165.27,55.4
76.733,258.07,168.47,308.2
223.93,214.33,342.33,254.87
163.13,453.27,250.6,511.93
23.4,63.933,168.47,156.73
153.53,358.33,222.87,441.53
143.93,46.867,216.47,159.93
153.53,402.07,315.67,511.93
1,26.6,152.47,133.27
228.2,1,314.6,91.667
228.2,391.4,302.87,450.07
152.47,342.33,286.87,442.6
9.5333,194.07,50.067,242.07
35.133,190.87,152.47,293.27
107.67,166.33,175.93,232.47
60.733,158.87,174.87,253.8
1,93.8,98.067,200.47
114.07,373.27,310.33,459.67
132.2,358.33,177,408.47
65,379.67,149.27,435.13
257,250.6,342.33,499.13
280.47,22.333,324.2,154.6
205.8,169.53,319.93,295.4
12.733,233.53,58.6,294.33
133.27,27.667,190.87,99.133
172.73,234.6,301.8,303.93
63.933,78.867,159.93,158.87
267.67,300.73,315.67,420.2
149.27,275.13,234.6,318.87
193,233.53,313.53,302.87
24.467,1,342.33,298.6
152.47,367.93,309.27,500.2
129,299.67,221.8,404.2
1,1,217.53,59.667
1,1,219.67,103.4
1,93.8,174.87,332.73
260.2,1,342.33,81
143.93,279.4,281.53,364.73
152.47,367.93,309.27,457.53
259.13,1,300.73,73.533
184.47,74.6,274.07,117.27
297.53,18.067,342.33,232.47
24.467,150.33,113,214.33
66.067,424.47,219.67,511.93
267.67,20.2,314.6,227.13
220.73,109.8,277.27,172.73
164.2,455.4,267.67,500.2
72.467,157.8,121.53,215.4
31.933,157.8,117.27,212.2
1,90.6,58.6,139.67
71.4,72.467,135.4,155.67
267.67,255.93,313.53,383.93
10.6,313.53,117.27,363.67
266.6,1,314.6,89.533
37.267,327.4,216.47,459.67
1,31.933,178.07,188.73
157.8,189.8,216.47,265.53
218.6,70.333,275.13,113
114.07,281.53,163.13,341.27
257,255.93,313.53,383.93
74.6,257,168.47,308.2
104.47,106.6,342.33,303.93
152.47,129,205.8,171.67
1,31.933,116.2,188.73
222.87,214.33,313.53,260.2
59.667,1,212.2,99.133
97,279.4,217.53,387.13
254.87,372.2,311.4,419.13
91.667,370.07,163.13,459.67
1,1,103.4,79.933
289,127.93,331.67,228.2
137.53,300.73,197.27,356.2
257,1,300.73,73.533
190.87,171.67,342.33,302.87
159.93,215.4,216.47,265.53
143.93,51.133,220.73,135.4
218.6,1,299.67,113
218.6,1,283.67,97
1,425.53,52.2,474.6
15.933,119.4,113,214.33
165.27,1,218.6,55.4
175.93,436.2,295.4,490.6
120.47,439.4,270.87,511.93
104.47,106.6,301.8,226.07
173.8,177,301.8,309.27
153.53,318.87,218.6,364.73
23.4,78.867,110.87,155.67
181.27,65,222.87,129
94.867,382.87,179.13,460.73
161,279.4,313.53,511.93
97,1,342.33,298.6
35.133,469.27,158.87,511.93
41.533,170.6,136.47,261.27
107.67,157.8,236.73,212.2
94.867,328.47,162.07,460.73
137.53,332.73,196.2,387.13
55.4,19.133,189.8,95.933
175.93,22.333,342.33,232.47
266.6,255.93,313.53,387.13
246.33,313.53,290.07,358.33
72.467,157.8,123.67,213.27
145,426.6,219.67,487.4
237.8,1,342.33,118.33
55.4,1,217.53,118.33
270.87,1,342.33,73.533
36.2,278.33,118.33,335.93
114.07,389.27,257,459.67
284.73,242.07,342.33,511.93
135.4,203.67,202.6,289
23.4,385,267.67,511.93
3.1333,107.67,102.33,209
182.33,1,314.6,91.667
1,314.6,219.67,511.93
1,157.8,117.27,511.93
228.2,1,275.13,83.133
1,1,153.53,177
161,212.2,212.2,260.2
266.6,1,342.33,77.8
93.8,319.93,155.67,407.4
178.07,44.733,219.67,91.667
107.67,105.53,239.93,217.53
1,1,165.27,71.4
143.93,1,276.2,127.93
257,351.93,311.4,418.07
293.27,250.6,342.33,511.93
33,161,161,293.27
143.93,17,216.47,120.47
76.733,270.87,290.07,419.13
97,151.4,300.73,214.33
287.93,19.133,342.33,244.2
60.733,158.87,111.93,253.8
41.533,319.93,117.27,425.53
205.8,172.73,313.53,295.4
1,145,47.933,188.73
1,31.933,116.2,185.53
35.133,159.93,170.6,293.27
41.533,162.07,89.533,205.8
98.067,159.93,150.33,235.67
161,97,203.67,154.6
203.67,342.33,286.87,428.73
24.467,127.93,85.267,182.33
15.933,154.6,83.133,200.47
107.67,166.33,175.93,243.13
287.93,19.133,342.33,511.93
23.4,78.867,159.93,156.73
1,1,206.87,71.4
131.13,212.2,276.2,363.67
33,301.8,120.47,363.67
106.6,19.133,181.27,67.133
137.53,376.47,267.67,441.53
142.87,65,222.87,133.27
222.87,214.33,313.53,387.13
219.67,90.6,298.6,159.93
293.27,250.6,342.33,406.33
237.8,1,342.33,87.4
102.33,319.93,178.07,468.2
209,429.8,302.87,497
76.733,262.33,290.07,442.6
24.467,446.87,177,511.93
164.2,457.53,267.67,500.2
246.33,345.53,287.93,386.07
82.067,157.8,131.13,215.4
47.933,327.4,173.8,459.67
142.87,184.47,214.33,289
166.33,51.133,220.73,121.53
205.8,372.2,278.33,419.13
133.27,44.733,230.33,167.4
17,121.53,98.067,200.47
140.73,373.27,258.07,418.07
174.87,296.47,290.07,422.33
121.53,461.8,228.2,511.93
175.93,88.467,297.53,173.8
76.733,262.33,234.6,333.8
233.53,123.67,279.4,173.8
294.33,33,342.33,223.93
17,111.93,113,214.33
35.133,202.6,123.67,266.6
1,294.33,151.4,501.27
107.67,165.27,175.93,209
142.87,1,342.33,174.87
267.67,255.93,313.53,385
261.27,377.53,315.67,428.73
159.93,311.4,225,363.67
110.87,19.133,184.47,66.067
121.53,401,310.33,511.93
138.6,358.33,222.87,449
1,126.87,71.4,259.13
171.67,74.6,274.07,117.27
97,281.53,164.2,347.67
211.13,328.47,290.07,377.53
1,314.6,159.93,473.53
76.733,270.87,315.67,511.93
134.33,1,276.2,145
68.2,66.067,181.27,154.6
201.53,420.2,273,461.8
139.67,10.6,217.53,59.667
225,334.87,286.87,385
1,322.07,134.33,473.53
100.2,66.067,167.4,123.67
35.133,187.67,122.6,265.53
218.6,1,275.13,91.667
173.8,194.07,216.47,264.47
1,114.07,71.4,227.13
1,395.67,95.933,509.8
55.4,44.733,115.13,95.933
142.87,178.07,207.93,283.67
107.67,166.33,163.13,232.47
142.87,179.13,203.67,284.73
218.6,1,342.33,113
24.467,427.67,172.73,511.93
205.8,287.93,297.53,430.87
1,31.933,111.93,156.73
129,1,217.53,59.667
15.933,127.93,113,214.33
163.13,93.8,210.07,171.67
211.13,302.87,290.07,377.53
1,1,217.53,66.067
225,443.67,294.33,499.13
161,170.6,309.27,303.93
10.6,157.8,145,258.07
97,106.6,300.73,298.6
134.33,1,276.2,159.93
157.8,146.07,268.73,197.27
220.73,1,342.33,232.47
76.733,282.6,147.13,342.33
62.867,197.27,114.07,248.47
225,313.53,290.07,385
237.8,1,342.33,97
60.733,187.67,108.73,249.53
74.6,89.533,159.93,157.8
1,348.73,102.33,470.33
135.4,184.47,214.33,289
1,1,217.53,85.267
285.8,22.333,342.33,223.93
62.867,197.27,137.53,258.07
58.6,425.53,173.8,483.13
158.87,346.6,311.4,419.13
72.467,157.8,129,213.27
203.67,367.93,309.27,428.73
263.4,449,307.13,495.93
15.933,92.733,113,214.33
91.667,370.07,150.33,452.2
133.27,27.667,219.67,103.4
228.2,1,342.33,97
131.13,204.73,276.2,363.67
137.53,300.73,266.6,356.2
135.4,172.73,236.73,289
1,219.67,150.33,363.67
79.933,69.267,145,134.33
59.667,1,191.93,45.8
143.93,279.4,263.4,326.33
167.4,430.87,294.33,499.13
113,423.4,193,506.6
33,161,299.67,386.07
138.6,301.8,310.33,459.67
152.47,449,317.8,511.93
158.87,325.27,315.67,511.93
1,12.733,101.27,132.2
107.67,166.33,163.13,209
143.93,46.867,220.73,159.93
301.8,33,342.33,223.93
238.87,369,312.47,420.2
7.4,45.8,50.067,98.067
169.53,105.53,210.07,178.07
35.133,159.93,174.87,301.8
270.87,1,319.93,73.533
228.2,1,342.33,173.8
35.133,187.67,147.13,269.8
92.733,66.067,168.47,154.6
1,35.133,77.8,188.73
142.87,213.27,276.2,329.53
105.53,218.6,149.27,264.47
131.13,212.2,276.2,356.2
223.93,178.07,295.4,223.93
301.8,252.73,342.33,454.33
24.467,149.27,207.93,283.67
252.73,178.07,301.8,226.07
3.1333,107.67,94.867,187.67
220.73,1,342.33,174.87
1,161,142.87,342.33
142.87,65,222.87,171.67
258.07,1,342.33,77.8
233.53,129,279.4,173.8
1,31.933,116.2,135.4
12.733,229.27,81,294.33
9.5333,15.933,93.8,81
166.33,301.8,290.07,399.93
142.87,93.8,190.87,154.6
195.13,148.2,316.73,228.2
1,93.8,129,213.27
201.53,275.13,276.2,329.53
31.933,245.27,299.67,311.4
190.87,233.53,313.53,302.87
131.13,273,234.6,356.2
129,27.667,178.07,75.667
17,127.93,98.067,200.47
164.2,430.87,267.67,500.2
198.33,449,295.4,495.93
142.87,213.27,210.07,283.67
101.27,1,216.47,66.067
59.667,1,217.53,45.8
280.47,57.533,324.2,154.6
246.33,161,300.73,213.27
163.13,435.13,313.53,511.93
142.87,423.4,219.67,485.27
12.733,219.67,81,294.33
204.73,301.8,291.13,386.07
76.733,282.6,168.47,347.67
211.13,410.6,303.93,459.67
110.87,19.133,180.2,66.067
35.133,190.87,166.33,293.27
102.33,425.53,173.8,483.13
163.13,279.4,313.53,511.93
1,219.67,81,294.33
104.47,162.07,199.4,202.6
137.53,300.73,266.6,366.87
92.733,63.933,178.07,154.6
143.93,27.667,222.87,125.8
142.87,100.2,194.07,159.93
237.8,1,342.33,175.93
222.87,17,342.33,385
211.13,393.53,310.33,459.67
249.53,68.2,308.2,174.87
24.467,124.73,85.267,182.33
249.53,1,299.67,85.267
10.6,278.33,118.33,363.67
29.8,62.867,84.2,127.93
98.067,159.93,170.6,248.47
12.733,199.4,94.867,258.07
1,314.6,183.4,511.93
232.47,25.533,295.4,120.47
35.133,469.27,139.67,511.93
143.93,44.733,216.47,120.47
23.4,455.4,173.8,511.93
10.6,222.87,150.33,363.67
290.07,18.067,342.33,230.33
70.333,471.4,158.87,511.93
120.47,463.93,183.4,511.93
166.33,301.8,290.07,385
35.133,187.67,155.67,293.27
184.47,105.53,249.53,190.87
222.87,214.33,313.53,385
72.467,157.8,116.2,213.27
232.47,1,342.33,214.33
41.533,157.8,133.27,215.4
220.73,1,342.33,98.067
1,114.07,41.533,188.73
62.867,197.27,135.4,258.07
232.47,1,311.4,100.2
217.53,109.8,275.13,164.2
198.33,449,281.53,490.6
59.667,1,216.47,45.8
152.47,302.87,290.07,387.13
257,255.93,314.6,383.93
175.93,89.533,297.53,173.8
35.133,222.87,168.47,332.73
35.133,187.67,149.27,265.53
201.53,266.6,276.2,329.53
297.53,18.067,342.33,229.27
135.4,184.47,213.27,289
142.87,100.2,194.07,154.6
36.2,183.4,169.53,341.27
285.8,22.333,329.53,129
143.93,1,342.33,179.13
223.93,163.13,312.47,265.53
239.93,318.87,290.07,386.07
173.8,177,312.47,309.27
18.067,410.6,59.667,456.47
104.47,154.6,204.73,202.6
121.53,389.27,235.67,449
175.93,103.4,295.4,173.8
1,391.4,170.6,511.93
218.6,67.133,275.13,113
24.467,423.4,199.4,511.93
270.87,1,342.33,109.8
55.4,44.733,147.13,95.933
190.87,171.67,301.8,302.87
298.6,250.6,342.33,406.33
294.33,37.267,338.07,223.93
182.33,1,234.6,91.667
289,17,342.33,232.47
137.53,323.13,217.53,387.13
225,343.4,286.87,385
232.47,381.8,325.27,509.8
180.2,1,247.4,97
263.4,20.2,314.6,118.33
212.2,187.67,303.93,263.4
10.6,108.73,145,258.07
142.87,95.933,193,145
161,106.6,210.07,162.07
120.47,339.13,270.87,511.93
23.4,425.53,173.8,511.93
205.8,376.47,252.73,419.13
97,106.6,300.73,214.33
289,89.533,342.33,232.47
24.467,453.27,177,511.93
193,211.13,297.53,294.33
152.47,344.47,250.6,387.13
193,172.73,301.8,295.4
289,415.93,329.53,511.93
86.333,63.933,168.47,154.6
71.4,343.4,115.13,421.27
24.467,423.4,193,511.93
135.4,184.47,239.93,286.87
227.13,163.13,310.33,235.67
60.733,66.067,249.53,202.6
1,35.133,84.2,139.67
215.4,109.8,277.27,167.4
5.2667,121.53,90.6,187.67
6.3333,468.2,158.87,511.93
1,157.8,94.867,259.13
142.87,213.27,198.33,283.67
15.933,108.73,85.267,178.07
17,111.93,94.867,157.8
36.2,197.27,169.53,341.27
1,1,217.53,133.27
24.467,454.33,113,511.93
161,212.2,212.2,264.47
1,1,95.933,177
81,159.93,142.87,248.47
107.67,105.53,260.2,217.53
1,31.933,116.2,143.93
1,219.67,87.4,307.13
142.87,179.13,212.2,298.6
179.13,311.4,266.6,356.2
35.133,190.87,123.67,266.6
161,187.67,239.93,261.27
209,177,312.47,265.53
24.467,423.4,315.67,511.93
105.53,166.33,175.93,264.47
86.333,63.933,172.73,173.8
105.53,166.33,199.4,264.47
138.6,287.93,311.4,459.67
135.4,204.73,238.87,286.87
103.4,319.93,155.67,399.93
101.27,27.667,177,85.267
3.1333,107.67,94.867,202.6
167.4,449,266.6,497
101.27,1,217.53,66.067
37.267,327.4,152.47,457.53
206.87,325.27,283.67,429.8
135.4,273,234.6,356.2
190.87,187.67,313.53,302.87
33,161,299.67,364.73
1,348.73,102.33,508.73
35.133,222.87,149.27,265.53
1,35.133,91.667,188.73
157.8,148.2,268.73,197.27
24.467,149.27,145,231.4
111.93,72.467,167.4,126.87
143.93,423.4,193,506.6
3.1333,107.67,166.33,293.27
121.53,389.27,222.87,438.33
1,44.733,77.8,132.2
12.733,206.87,82.067,248.47
195.13,171.67,301.8,258.07
220.73,1,342.33,214.33
1,44.733,77.8,129
159.93,220.73,217.53,264.47
104.47,106.6,210.07,174.87
205.8,169.53,313.53,295.4
219.67,318.87,290.07,388.2
68.2,341.27,130.07,423.4
142.87,204.73,207.93,281.53
134.33,17,210.07,93.8
76.733,262.33,168.47,308.2
66.067,382.87,179.13,467.13
3.1333,107.67,94.867,188.73
31.933,257,104.47,315.67
1,319.93,171.67,511.93
159.93,429.8,302.87,511.93
268.73,1,342.33,102.33
47.933,327.4,151.4,459.67
104.47,100.2,249.53,202.6
175.93,109.8,301.8,226.07
134.33,17,274.07,117.27
129,1,218.6,59.667
99.133,204.73,149.27,248.47
165.27,27.667,216.47,72.467
81,27.667,177,85.267
150.33,279.4,203.67,326.33
161,109.8,309.27,303.93
63.933,78.867,159.93,156.73
181.27,1,275.13,91.667
228.2,1,283.67,91.667
63.933,78.867,165.27,173.8
143.93,1,276.2,179.13
29.8,62.867,75.667,127.93
90.6,19.133,180.2,74.6
167.4,443.67,294.33,499.13
190.87,414.87,315.67,511.93
142.87,100.2,194.07,152.47
33,301.8,179.13,467.13
142.87,423.4,199.4,470.33
204.73,171.67,301.8,226.07
1,367.93,60.733,470.33
1,157.8,117.27,431.93
174.87,296.47,290.07,399.93
143.93,52.2,242.07,161
114.07,419.13,172.73,459.67
85.267,159.93,196.2,232.47
155.67,319.93,229.27,386.07
102.33,385,178.07,468.2
289,250.6,342.33,511.93
289,321,337,492.73
71.4,89.533,111.93,151.4
172.73,249.53,301.8,303.93
1,219.67,81,431.93
152.47,367.93,309.27,442.6
17,127.93,113,214.33
1,462.87,50.067,511.93
181.27,1,284.73,91.667
260.2,369,311.4,422.33
1,395.67,59.667,470.33
106.6,184.47,311.4,303.93
125.8,339.13,267.67,442.6
269.8,20.2,314.6,174.87
41.533,170.6,141.8,275.13
198.33,449,273,490.6
143.93,279.4,203.67,326.33
270.87,1,342.33,84.2
10.6,159.93,142.87,258.07
97,151.4,286.87,202.6
274.07,1,330.6,74.6
76.733,270.87,291.13,419.13
15.933,27.667,181.27,173.8
270.87,1,331.67,73.533
12.733,159.93,142.87,258.07
63.933,328.47,162.07,460.73
78.867,285.8,168.47,347.67
36.2,197.27,130.07,335.93
66.067,424.47,170.6,468.2
35.133,210.07,122.6,265.53
76.733,262.33,290.07,364.73
17,108.73,75.667,156.73
47.933,327.4,216.47,459.67
65,327.4,151.4,459.67
78.867,285.8,168.47,343.4
159.93,439.4,258.07,511.93
107.67,19.133,181.27,66.067
1,465,42.6,511.93
299.67,250.6,342.33,381.8
267.67,57.533,309.27,173.8
76.733,270.87,168.47,324.2
274.07,1,342.33,74.6
109.8,183.4,150.33,232.47
143.93,59.667,242.07,161
134.33,17,274.07,145
105.53,219.67,149.27,266.6
1,157.8,104.47,315.67
1,1,103.4,66.067
103.4,327.4,151.4,405.27
264.47,369,311.4,421.27
230.33,421.27,302.87,499.13
31.933,157.8,117.27,213.27
3.1333,107.67,94.867,209
60.733,158.87,149.27,253.8
63.933,317.8,163.13,460.73
72.467,157.8,145,231.4
60.733,222.87,130.07,299.67
163.13,123.67,209,171.67
174.87,290.07,237.8,338.07
12.733,206.87,94.867,258.07
104.47,162.07,163.13,202.6
121.53,389.27,173.8,459.67
35.133,461.8,173.8,511.93
92.733,66.067,174.87,173.8
181.27,1,299.67,91.667
205.8,313.53,290.07,399.93
201.53,271.93,276.2,329.53
164.2,106.6,210.07,173.8
49,33,93.8,81
185.53,122.6,230.33,179.13
1,126.87,41.533,185.53
54.333,1,217.53,51.133
193,235.67,297.53,294.33
209,301.8,290.07,358.33
1,391.4,68.2,473.53
1,424.47,62.867,474.6
23.4,455.4,67.133,511.93
35.133,190.87,149.27,271.93
163.13,435.13,315.67,511.93
289,17,342.33,228.2
114.07,70.333,165.27,121.53
62.867,197.27,114.07,252.73
66.067,426.6,130.07,467.13
37.267,412.73,102.33,459.67
222.87,214.33,313.53,268.73
220.73,1,275.13,91.667
71.4,66.067,174.87,173.8
33,313.53,74.6,356.2
100.2,281.53,164.2,347.67
284.73,17,342.33,252.73
102.33,285.8,147.13,333.8
1,294.33,90.6,455.4
226.07,381.8,325.27,509.8
228.2,1,284.73,91.667
145,426.6,219.67,511.93
76.733,262.33,159.93,333.8
1,1,95.933,81
1,219.67,81,389.27
93.8,327.4,151.4,459.67
152.47,373.27,225,442.6
31.933,249.53,200.47,310.33
107.67,281.53,169.53,341.27
1,424.47,62.867,511.93
219.67,313.53,290.07,385
204.73,171.67,300.73,263.4
289,323.13,337,492.73
142.87,184.47,210.07,298.6
293.27,242.07,342.33,511.93
143.93,46.867,216.47,135.4
220.73,29.8,262.33,98.067
150.33,445.8,193,506.6
1,1,152.47,133.27
174.87,59.667,242.07,152.47
15.933,78.867,159.93,158.87
33,301.8,151.4,424.47
228.2,17,274.07,91.667
169.53,47.933,216.47,93.8
92.733,101.27,159.93,154.6
184.47,105.53,235.67,190.87
129,106.6,210.07,174.87
8.4667,204.73,50.067,246.33
106.6,184.47,210.07,298.6
222.87,449,273,490.6
15.933,108.73,83.133,156.73
23.4,145,90.6,200.47
175.93,44.733,219.67,88.467
97,279.4,203.67,347.67
1,293.27,63.933,431.93
35.133,222.87,149.27,264.47
76.733,270.87,234.6,324.2
81,203.67,142.87,248.47
206.87,375.4,277.27,429.8
246.33,159.93,300.73,213.27
182.33,66.067,222.87,113
37.267,327.4,216.47,457.53
143.93,72.467,215.4,135.4
3.1333,107.67,111.93,214.33
1,45.8,75.667,161
35.133,468.2,171.67,511.93
79.933,285.8,147.13,342.33
175.93,438.33,243.13,486.33
214.33,103.4,275.13,161
157.8,105.53,239.93,217.53
258.07,1,342.33,81
76.733,282.6,168.47,342.33
173.8,214.33,301.8,309.27
143.93,1,222.87,127.93
1,121.53,98.067,200.47
95.933,1,207.93,61.8
63.933,78.867,108.73,153.53
1,161,69.267,225
1,33,120.47,133.27
33,301.8,120.47,355.13
228.2,401,302.87,450.07
110.87,1,216.47,66.067
12.733,199.4,106.6,258.07
168.47,172.73,236.73,217.53
5.2667,129,90.6,187.67
1,177,142.87,342.33
142.87,184.47,210.07,283.67
222.87,187.67,303.93,233.53
59.667,1,159.93,45.8
182.33,59.667,222.87,113
106.6,204.73,164.2,260.2
107.67,19.133,181.27,60.733
135.4,392.47,178.07,468.2
104.47,106.6,311.4,303.93
107.67,166.33,196.2,232.47
217.53,109.8,300.73,213.27
226.07,346.6,295.4,401
171.67,439.4,239.93,479.93
175.93,438.33,266.6,497
203.67,367.93,282.6,428.73
1,395.67,95.933,470.33
1,1,95.933,225
267.67,418.07,309.27,492.73
59.667,1,217.53,51.133
228.2,25.533,299.67,120.47
152.47,401,225,442.6
103.4,328.47,151.4,399.93
205.8,375.4,282.6,418.07
47.933,405.27,102.33,458.6
143.93,51.133,216.47,135.4
213.27,429.8,302.87,497
297.53,14.867,342.33,111.93
74.6,257,168.47,332.73
137.53,386.07,267.67,441.53
1,382.87,171.67,511.93
241,328.47,290.07,377.53
209,325.27,283.67,375.4
206.87,325.27,311.4,429.8
190.87,233.53,301.8,302.87
1,110.87,75.667,225
125.8,385,178.07,468.2
1,412.73,68.2,473.53
181.27,59.667,242.07,152.47
63.933,328.47,163.13,460.73
137.53,325.27,311.4,450.07
209,177,301.8,233.53
205.8,372.2,278.33,430.87
1,425.53,52.2,501.27
15.933,63.933,181.27,158.87
211.13,398.87,310.33,459.67
205.8,367.93,292.2,430.87
1,126.87,71.4,227.13
163.13,438.33,273,511.93
37.267,412.73,98.067,457.53
36.2,222.87,130.07,335.93
191.93,436.2,315.67,511.93
137.53,376.47,267.67,442.6
10.6,121.53,98.067,200.47
142.87,204.73,207.93,283.67
36.2,405.27,102.33,458.6
101.27,28.733,152.47,70.333
100.2,281.53,163.13,341.27
107.67,148.2,236.73,212.2
142.87,203.67,207.93,283.67
1,382.87,165.27,508.73
166.33,279.4,263.4,322.07
99.133,70.333,165.27,132.2
228.2,1,274.07,91.667
53.267,392.47,102.33,456.47
35.133,222.87,149.27,266.6
63.933,78.867,110.87,155.67
33,302.87,73.533,355.13
214.33,103.4,275.13,155.67
70.333,26.6,152.47,92.733
121.53,389.27,173.8,431.93
239.93,341.27,287.93,386.07
91.667,26.6,152.47,81
163.13,411.67,315.67,511.93
10.6,313.53,117.27,356.2
145,426.6,219.67,501.27
60.733,222.87,150.33,299.67
88.467,1,216.47,95.933
166.33,72.467,220.73,121.53
1,405.27,102.33,501.27
107.67,218.6,149.27,264.47
76.733,282.6,151.4,342.33
205.8,376.47,266.6,419.13
31.933,257,104.47,310.33
1,88.467,53.267,188.73
169.53,17,210.07,93.8
155.67,319.93,225,386.07
88.467,1,207.93,63.933
104.47,100.2,210.07,202.6
143.93,17,210.07,93.8
71.4,72.467,111.93,151.4
107.67,281.53,163.13,341.27
65,338.07,114.07,383.93
211.13,410.6,302.87,459.67
286.87,307.13,342.33,511.93
75.667,27.667,177,85.267
1,395.67,59.667,466.07
37.267,322.07,134.33,459.67
169.53,105.53,236.73,185.53
92.733,63.933,170.6,154.6
169.53,47.933,210.07,93.8
266.6,24.467,311.4,97
137.53,325.27,311.4,429.8
171.67,439.4,239.93,483.13
114.07,281.53,169.53,341.27
35.133,469.27,172.73,511.93
219.67,97,298.6,155.67
107.67,166.33,154.6,209
167.4,105.53,239.93,217.53
182.33,1,234.6,65
153.53,358.33,222.87,449
53.267,399.93,95.933,453.27
142.87,203.67,202.6,289
65,328.47,151.4,383.93
97,285.8,147.13,342.33
104.47,106.6,268.73,202.6
1,126.87,117.27,383.93
143.93,44.733,216.47,102.33
142.87,373.27,258.07,418.07
1,395.67,95.933,501.27
161,213.27,210.07,260.2
1,302.87,63.933,431.93
55.4,44.733,105.53,118.33
216.47,172.73,303.93,234.6
93.8,379.67,149.27,435.13
15.933,63.933,181.27,173.8
1,171.67,71.4,227.13
297.53,18.067,342.33,230.33
193,233.53,301.8,302.87
65,335.93,114.07,383.93
1,219.67,117.27,383.93
216.47,172.73,301.8,226.07
165.27,27.667,222.87,123.67
1,161,75.667,225
241,342.33,287.93,386.07
1,325.27,47.933,385
1,367.93,60.733,452.2
10.6,313.53,117.27,383.93
223.93,178.07,301.8,226.07
88.467,70.333,145,134.33
70.333,471.4,139.67,511.93
163.13,421.27,315.67,511.93
93.8,63.933,181.27,154.6
76.733,270.87,290.07,388.2
93.8,379.67,149.27,459.67
88.467,27.667,153.53,72.467
1,44.733,101.27,132.2
153.53,310.33,281.53,364.73
24.467,137.53,85.267,178.07
1,35.133,58.6,139.67
1,468.2,42.6,511.93
110.87,19.133,180.2,60.733
165.27,27.667,219.67,89.533
135.4,273,234.6,319.93
65,327.4,151.4,405.27
81,159.93,142.87,258.07
79.933,285.8,163.13,334.87
15.933,108.73,75.667,156.73
1,468.2,158.87,511.93
1,44.733,86.333,133.27
1,1,95.933,139.67
205.8,375.4,282.6,422.33
68.2,343.4,115.13,423.4
142.87,191.93,207.93,283.67
79.933,62.867,167.4,154.6
1,325.27,47.933,382.87
109.8,170.6,200.47,212.2
263.4,418.07,309.27,494.87
154.6,213.27,210.07,282.6
257,421.27,302.87,467.13
205.8,235.67,255.93,279.4
31.933,249.53,95.933,310.33
133.27,29.8,216.47,95.933
56.467,47.933,101.27,118.33
61.8,338.07,104.47,383.93
6.3333,468.2,82.067,511.93
1,44.733,86.333,132.2
205.8,372.2,292.2,430.87
260.2,1,300.73,81
63.933,62.867,167.4,173.8
149.27,278.33,234.6,319.93
249.53,1,311.4,97
204.73,318.87,290.07,386.07
37.267,382.87,150.33,457.53
171.67,22.333,274.07,117.27
1,264.47,45.8,346.6
35.133,469.27,82.067,511.93
137.53,386.07,220.73,439.4
79.933,69.267,167.4,154.6
163.13,435.13,250.6,511.93
1,31.933,111.93,72.467
153.53,106.6,210.07,190.87
63.933,78.867,108.73,143.93
69.267,199.4,119.4,243.13
1,1,103.4,44.733
58.6,322.07,134.33,425.53
220.73,109.8,277.27,157.8
159.93,319.93,225,363.67
161,100.2,210.07,152.47
165.27,27.667,207.93,72.467
33,302.87,81,355.13
81,285.8,147.13,342.33
91.667,370.07,150.33,456.47
17,129,90.6,170.6
264.47,372.2,311.4,419.13
226.07,436.2,294.33,495.93
286.87,250.6,342.33,511.93
181.27,105.53,242.07,152.47
1,219.67,81,312.47
1,31.933,93.8,177
104.47,106.6,210.07,202.6
24.467,455.4,67.133,511.93
30.867,62.867,142.87,139.67
193,172.73,301.8,294.33
1,44.733,77.8,188.73
217.53,109.8,275.13,155.67
283.67,381.8,325.27,492.73
171.67,439.4,258.07,507.67
155.67,358.33,218.6,403.13
135.4,273,234.6,346.6
10.6,129,90.6,170.6
55.4,47.933,105.53,118.33
226.07,346.6,311.4,419.13
219.67,97,298.6,145
145,426.6,205.8,470.33
15.933,105.53,91.667,156.73
163.13,106.6,210.07,174.87
1,161,69.267,259.13
222.87,234.6,313.53,295.4
79.933,69.267,167.4,134.33
298.6,411.67,342.33,511.93
206.87,375.4,282.6,429.8
103.4,328.47,151.4,383.93
217.53,170.6,309.27,227.13
1,219.67,117.27,431.93
107.67,165.27,155.67,209
193,235.67,255.93,286.87
93.8,70.333,165.27,154.6
59.667,1,188.73,45.8
93.8,471.4,139.67,511.93
165.27,27.667,219.67,72.467
31.933,249.53,130.07,310.33
161,187.67,213.27,260.2
1,219.67,81,305
92.733,66.067,167.4,154.6
1,45.8,75.667,132.2
137.53,386.07,267.67,439.4
193,235.67,265.53,294.33
91.667,327.4,163.13,459.67
30.867,84.2,77.8,139.67
41.533,348.73,102.33,456.47
175.93,183.4,301.8,226.07
1,31.933,75.667,161
31.933,257,95.933,310.33
205.8,234.6,313.53,295.4
100.2,66.067,168.47,123.67
1,264.47,47.933,382.87
1,31.933,68.2,77.8
31.933,249.53,104.47,315.67
59.667,4.2,159.93,45.8
33,301.8,81,355.13
105.53,327.4,152.47,398.87
1,35.133,50.067,98.067
65,328.47,151.4,424.47
1,395.67,59.667,456.47
1,161,94.867,259.13
41.533,348.73,97,425.53
1,325.27,60.733,431.93
94.867,328.47,151.4,399.93
161,110.87,210.07,152.47
222.87,254.87,300.73,295.4
161,318.87,218.6,363.67
1,62.867,75.667,132.2
99.133,70.333,145,132.2
1,367.93,54.333,431.93
41.533,325.27,97,425.53
41.533,325.27,104.47,425.53
1,31.933,75.667,177
53.267,392.47,98.067,453.27
1,325.27,54.333,431.93
1,293.27,45.8,346.6
1,375.4,54.333,431.93
107.67,328.47,151.4,382.87
