143.93,293.27,241,511.93
94.867,1,340.2,511.93
1,1,340.2,511.93
1,1,199.4,511.93
1,1,195.13,511.93
1,1,193,511.93
298.6,1,340.2,511.93
207.93,1,307.13,358.33
143.93,1,340.2,511.93
1,1,187.67,489.53
1,1,249.53,511.93
42.6,142.87,153.53,223.93
118.33,97,194.07,178.07
1,145,193,511.93
143.93,209,301.8,511.93
1,1,191.93,511.93
94.867,1,245.27,342.33
294.33,1,340.2,511.93
153.53,155.67,316.73,511.93
156.73,223.93,232.47,277.27
165.27,1,241,113
66.067,71.4,153.53,206.87
140.73,142.87,244.2,511.93
157.8,1,340.2,511.93
220.73,1,299.67,177
1,1,241,511.93
1,145,301.8,511.93
1,1,317.8,511.93
1,421.27,191.93,511.93
113,70.333,249.53,263.4
140.73,142.87,244.2,439.4
161,92.733,249.53,173.8
285.8,1,340.2,511.93
122.6,92.733,236.73,155.67
169.53,209,229.27,271.93
11.667,1,317.8,511.93
143.93,1,314.6,511.93
1,1,312.47,511.93
143.93,219.67,312.47,511.93
26.6,1,161,82.067
188.73,1,232.47,97
4.2,177,65,399.93
119.4,1,241,177
1,332.73,199.4,511.93
130.07,41.533,243.13,150.33
220.73,1,299.67,358.33
1,17,193,511.93
1,1,316.73,511.93
220.73,1,340.2,511.93
97,168.47,177,303.93
161,92.733,249.53,161
130.07,41.533,216.47,126.87
1,1,241,303.93
222.87,437.27,266.6,507.67
1,1,244.2,511.93
296.47,58.6,340.2,511.93
86.333,156.73,301.8,511.93
1,1,222.87,340.2
292.2,1,340.2,511.93
142.87,1,340.2,511.93
119.4,1,244.2,179.13
220.73,153.53,317.8,511.93
33,1,241,177
153.53,1,340.2,511.93
94.867,1,228.2,126.87
49,159.93,104.47,207.93
1,1,312.47,241
79.933,140.73,211.13,303.93
1,17,147.13,481
169.53,1,340.2,511.93
164.2,161,253.8,511.93
14.867,7.4,91.667,185.53
33,1,249.53,372.2
296.47,132.2,340.2,511.93
150.33,219.67,239.93,388.2
299.67,1,340.2,134.33
153.53,153.53,244.2,328.47
11.667,1,175.93,95.933
220.73,326.33,316.73,511.93
150.33,266.6,239.93,372.2
142.87,360.47,202.6,511.93
68.2,1,238.87,175.93
94.867,1,247.4,382.87
28.733,63.933,71.4,158.87
150.33,209,239.93,388.2
13.8,1,238.87,175.93
28.733,1,238.87,175.93
1,1,183.4,209
296.47,1,340.2,511.93
281.53,1,340.2,511.93
165.27,89.533,241,156.73
177,152.47,233.53,229.27
234.6,337,312.47,478.87
33,1,165.27,206.87
157.8,1,314.6,511.93
33,1,228.2,122.6
237.8,433,313.53,511.93
1,177,154.6,447.93
113,70.333,249.53,372.2
213.27,1,312.47,191.93
237.8,433,315.67,511.93
209,248.47,283.67,398.87
270.87,166.33,326.33,511.93
150.33,266.6,232.47,314.6
241,1,340.2,511.93
169.53,347.67,242.07,511.93
206.87,226.07,247.4,381.8
153.53,360.47,202.6,511.93
241,88.467,313.53,511.93
11.667,1,211.13,241
33,1,244.2,511.93
140.73,153.53,244.2,439.4
1,445.8,55.4,503.4
142.87,291.13,266.6,511.93
11.667,1,81,94.867
42.6,156.73,95.933,223.93
47.933,308.2,132.2,444.73
94.867,1,266.6,511.93
169.53,344.47,242.07,511.93
150.33,259.13,239.93,372.2
143.93,1,317.8,511.93
1,177,185.53,511.93
102.33,1,312.47,223.93
153.53,159.93,281.53,365.8
153.53,1,316.73,511.93
116.2,91.667,232.47,342.33
153.53,153.53,244.2,343.4
287.93,143.93,340.2,511.93
209,1,312.47,369
220.73,437.27,266.6,511.93
142.87,381.8,193,511.93
86.333,156.73,254.87,346.6
163.13,277.27,239.93,343.4
49,358.33,115.13,442.6
1,1,177,478.87
169.53,1,301.8,356.2
26.6,1,78.867,46.867
187.67,354.07,238.87,511.93
97,171.67,175.93,303.93
143.93,193,239.93,471.4
1,3.1333,63.933,191.93
130.07,1,243.13,150.33
270.87,1,340.2,511.93
233.53,425.53,315.67,511.93
153.53,346.6,198.33,511.93
220.73,1,263.4,177
1,177,193,511.93
4.2,177,65,367.93
98.067,1,183.4,77.8
119.4,92.733,241,177
113,108.73,244.2,511.93
182.33,82.067,265.53,177
9.5333,193,97,478.87
11.667,1,244.2,241
222.87,437.27,266.6,511.93
216.47,319.93,312.47,511.93
209,248.47,255.93,398.87
1,1,180.2,241
209,17,265.53,177
17,401,97,478.87
42.6,142.87,153.53,241
119.4,92.733,249.53,263.4
299.67,1,340.2,97
82.067,50.067,133.27,142.87
143.93,319.93,312.47,511.93
168.47,89.533,241,150.33
113,90.6,249.53,263.4
119.4,125.8,170.6,177
122.6,1,241,138.6
146.07,219.67,247.4,426.6
11.667,1,173.8,241
28.733,66.067,91.667,185.53
143.93,219.67,239.93,471.4
170.6,156.73,254.87,346.6
207.93,1,282.6,358.33
148.2,291.13,258.07,511.93
164.2,1,316.73,511.93
8.4667,97,241,303.93
220.73,343.4,287.93,511.93
118.33,97,181.27,178.07
164.2,1,317.8,511.93
179.13,1,301.8,350.87
169.53,1,301.8,511.93
219.67,343.4,301.8,511.93
150.33,261.27,232.47,342.33
299.67,1,340.2,165.27
226.07,437.27,269.8,511.93
118.33,89.533,245.27,178.07
1,1,183.4,158.87
33,1,232.47,122.6
94.867,1,247.4,167.4
1,1,161,239.93
68.2,66.067,158.87,165.27
143.93,293.27,199.4,495.93
31.933,358.33,115.13,446.87
102.33,1,241,223.93
1,168.47,41.533,287.93
216.47,319.93,312.47,417
28.733,9.5333,161,209
1,1,127.93,191.93
143.93,328.47,199.4,495.93
153.53,226.07,257,511.93
116.2,91.667,194.07,296.47
10.6,127.93,177,478.87
33,9.5333,135.4,153.53
143.93,293.27,301.8,511.93
153.53,332.73,199.4,511.93
142.87,291.13,258.07,511.93
118.33,89.533,241,178.07
212.2,155.67,314.6,511.93
231.4,249.53,281.53,365.8
222.87,1,312.47,191.93
47.933,399.93,95.933,442.6
140.73,153.53,244.2,437.27
109.8,86.333,211.13,196.2
116.2,89.533,245.27,342.33
270.87,166.33,321,474.6
206.87,123.67,247.4,167.4
116.2,91.667,187.67,296.47
285.8,1,340.2,295.4
43.667,194.07,147.13,377.53
223.93,425.53,315.67,511.93
248.47,1,307.13,325.27
49,1,158.87,155.67
153.53,325.27,199.4,495.93
116.2,91.667,244.2,382.87
159.93,271.93,234.6,426.6
119.4,107.67,204.73,263.4
79.933,168.47,177,303.93
172.73,188.73,223.93,254.87
255.93,408.47,301.8,461.8
179.13,344.47,239.93,511.93
184.47,339.13,238.87,511.93
14.867,14.867,91.667,185.53
150.33,266.6,239.93,343.4
193,226.07,247.4,381.8
153.53,388.2,198.33,511.93
151.4,41.533,193,111.93
157.8,154.6,314.6,511.93
159.93,271.93,234.6,330.6
212.2,1,340.2,511.93
150.33,209,239.93,425.53
207.93,1,307.13,369
299.67,1,340.2,135.4
220.73,401,287.93,511.93
1,268.73,41.533,357.27
182.33,111.93,265.53,177
122.6,19.133,234.6,138.6
11.667,1,127.93,241
237.8,346.6,316.73,511.93
42.6,1,180.2,241
150.33,271.93,234.6,330.6
159.93,1,209,57.533
10.6,127.93,62.867,191.93
8.4667,97,241,287.93
1,323.13,185.53,511.93
150.33,271.93,244.2,382.87
270.87,161,326.33,511.93
178.07,153.53,222.87,225
11.667,1,127.93,223.93
170.6,1,222.87,54.333
167.4,344.47,258.07,511.93
142.87,360.47,193,511.93
152.47,261.27,232.47,313.53
143.93,153.53,314.6,511.93
119.4,127.93,179.13,177
17,401,97,472.47
193,221.8,248.47,346.6
9.5333,177,150.33,478.87
94.867,1,228.2,91.667
287.93,1,340.2,165.27
193,226.07,247.4,387.13
229.27,1,282.6,358.33
234.6,155.67,316.73,478.87
143.93,153.53,283.67,511.93
42.6,140.73,211.13,303.93
199.4,1,313.53,369
153.53,356.2,198.33,511.93
229.27,1,273,292.2
130.07,46.867,213.27,122.6
218.6,1,340.2,511.93
299.67,1,340.2,195.13
165.27,153.53,244.2,328.47
143.93,293.27,187.67,471.4
242.07,367.93,313.53,511.93
150.33,261.27,223.93,313.53
10.6,127.93,150.33,423.4
150.33,266.6,232.47,330.6
130.07,1,247.4,167.4
220.73,343.4,301.8,511.93
119.4,127.93,193,177
150.33,261.27,232.47,313.53
164.2,226.07,257,511.93
113,92.733,249.53,263.4
220.73,417,302.87,511.93
42.6,156.73,174.87,241
119.4,118.33,188.73,175.93
1,177,92.733,447.93
122.6,26.6,234.6,138.6
170.6,161,253.8,444.73
248.47,408.47,301.8,478.87
153.53,1,301.8,365.8
119.4,203.67,175.93,340.2
159.93,271.93,234.6,349.8
122.6,44.733,234.6,138.6
1,241,41.533,367.93
42.6,140.73,222.87,340.2
33,1,232.47,97
119.4,107.67,188.73,177
210.07,1,312.47,369
150.33,284.73,200.47,342.33
296.47,383.93,340.2,511.93
11.667,1,151.4,95.933
234.6,369,303.93,436.2
162.07,153.53,244.2,328.47
49,1,136.47,155.67
242.07,153.53,293.27,325.27
118.33,97,187.67,194.07
130.07,11.667,219.67,122.6
98.067,1,175.93,68.2
150.33,260.2,223.93,321
143.93,294.33,239.93,511.93
218.6,154.6,314.6,511.93
173.8,148.2,241,259.13
150.33,219.67,239.93,342.33
1,421.27,187.67,511.93
165.27,153.53,283.67,398.87
150.33,261.27,218.6,321
146.07,219.67,247.4,402.07
150.33,260.2,223.93,342.33
153.53,346.6,199.4,511.93
33,11.667,104.47,153.53
42.6,156.73,95.933,207.93
118.33,97,194.07,194.07
34.067,281.53,92.733,423.4
111.93,1,241,139.67
116.2,91.667,183.4,296.47
145,1,191.93,83.133
163.13,277.27,229.27,330.6
150.33,223.93,232.47,342.33
285.8,1,340.2,300.73
242.07,367.93,303.93,443.67
199.4,1,307.13,369
143.93,214.33,218.6,311.4
233.53,433,315.67,511.93
18.067,194.07,147.13,447.93
182.33,271.93,234.6,330.6
113,108.73,165.27,183.4
216.47,319.93,312.47,410.6
68.2,66.067,158.87,175.93
167.4,344.47,241,511.93
150.33,284.73,229.27,330.6
140.73,168.47,187.67,437.27
177,152.47,242.07,248.47
164.2,1,312.47,511.93
119.4,1,241,179.13
122.6,58.6,191.93,138.6
209,226.07,257,511.93
33,9.5333,161,209
157.8,159.93,244.2,334.87
119.4,127.93,164.2,177
130.07,3.1333,226.07,122.6
11.667,1,183.4,241
15.933,378.6,100.2,481
130.07,1,180.2,68.2
150.33,219.67,232.47,342.33
150.33,261.27,232.47,339.13
167.4,344.47,245.27,511.93
42.6,156.73,175.93,340.2
164.2,319.93,210.07,495.93
179.13,347.67,239.93,511.93
116.2,91.667,178.07,296.47
242.07,369,303.93,436.2
119.4,107.67,204.73,226.07
143.93,168.47,187.67,437.27
119.4,125.8,188.73,177
159.93,271.93,244.2,426.6
178.07,153.53,242.07,252.73
122.6,1,234.6,138.6
245.27,223.93,293.27,369
156.73,300.73,200.47,342.33
18.067,271.93,92.733,447.93
153.53,140.73,211.13,196.2
270.87,238.87,319.93,431.93
153.53,148.2,211.13,196.2
42.6,156.73,104.47,223.93
220.73,346.6,316.73,511.93
18.067,111.93,95.933,223.93
203.67,317.8,244.2,382.87
102.33,86.333,211.13,223.93
237.8,462.87,286.87,511.93
169.53,347.67,239.93,511.93
78.867,354.07,140.73,405.27
191.93,354.07,238.87,511.93
146.07,241,223.93,340.2
271.93,340.2,312.47,399.93
181.27,275.13,239.93,402.07
170.6,161,222.87,225
177,193,223.93,254.87
86.333,200.47,177,319.93
143.93,294.33,184.47,484.2
183.4,1,228.2,53.267
34.067,358.33,115.13,442.6
242.07,355.13,303.93,443.67
242.07,326.33,308.2,443.67
98.067,1,142.87,62.867
122.6,92.733,241,155.67
102.33,140.73,211.13,223.93
116.2,91.667,171.67,199.4
97,1,180.2,83.133
119.4,77.8,236.73,179.13
140.73,11.667,219.67,122.6
143.93,339.13,191.93,493.8
119.4,1,312.47,191.93
257,465,310.33,511.93
17,81,95.933,223.93
191.93,354.07,239.93,511.93
153.53,219.67,194.07,263.4
164.2,319.93,238.87,511.93
117.27,140.73,222.87,226.07
94.867,1,201.53,53.267
143.93,214.33,239.93,511.93
122.6,140.73,222.87,226.07
153.53,264.47,230.33,313.53
285.8,1,340.2,494.87
150.33,219.67,223.93,321
210.07,156.73,254.87,287.93
31.933,399.93,95.933,447.93
213.27,106.6,258.07,177
267.67,465,310.33,511.93
49,369,115.13,442.6
110.87,86.333,154.6,147.13
150.33,266.6,232.47,313.53
146.07,219.67,247.4,387.13
184.47,339.13,241,511.93
1,323.13,193,511.93
122.6,26.6,223.93,138.6
63.933,200.47,177,444.73
159.93,271.93,234.6,383.93
125.8,88.467,236.73,136.47
170.6,1,222.87,57.533
150.33,260.2,223.93,313.53
119.4,107.67,204.73,177
110.87,86.333,211.13,196.2
248.47,78.867,295.4,325.27
164.2,300.73,225,511.93
257,433,313.53,511.93
248.47,423.4,289,479.93
177,193,222.87,254.87
122.6,143.93,177,189.8
26.6,1,151.4,63.933
71.4,9.5333,161,142.87
130.07,3.1333,219.67,126.87
145,293.27,199.4,495.93
237.8,425.53,313.53,511.93
148.2,291.13,242.07,385
168.47,89.533,243.13,150.33
213.27,17,264.47,151.4
241,88.467,293.27,369
33,11.667,102.33,149.27
122.6,1,238.87,156.73
34.067,97,91.667,185.53
49,1,180.2,155.67
221.8,343.4,287.93,478.87
26.6,1,161,153.53
161,92.733,236.73,153.53
155.67,260.2,223.93,313.53
165.27,1,222.87,111.93
1,3.1333,49,191.93
150.33,261.27,223.93,321
153.53,325.27,199.4,471.4
82.067,50.067,136.47,142.87
63.933,308.2,119.4,419.13
125.8,88.467,236.73,139.67
11.667,1,127.93,94.867
150.33,274.07,221.8,314.6
63.933,358.33,132.2,444.73
150.33,260.2,231.4,342.33
216.47,226.07,257,511.93
119.4,106.6,241,259.13
130.07,26.6,227.13,122.6
130.07,11.667,226.07,122.6
18.067,271.93,81,447.93
42.6,159.93,163.13,223.93
9.5333,369,100.2,481
43.667,194.07,145,302.87
267.67,425.53,313.53,511.93
119.4,118.33,188.73,179.13
119.4,107.67,204.73,185.53
119.4,125.8,166.33,177
238.87,423.4,289,479.93
234.6,337,308.2,478.87
42.6,156.73,104.47,207.93
165.27,89.533,241,150.33
122.6,140.73,211.13,205.8
214.33,248.47,255.93,392.47
229.27,1,299.67,97
33,1,129,49
270.87,166.33,319.93,431.93
86.333,200.47,177,361.53
157.8,159.93,281.53,365.8
170.6,1,241,113
237.8,425.53,314.6,511.93
213.27,17,265.53,177
11.667,1,127.93,185.53
216.47,337,312.47,410.6
155.67,261.27,223.93,313.53
102.33,179.13,173.8,223.93
242.07,223.93,293.27,369
156.73,223.93,229.27,271.93
11.667,1,183.4,158.87
49,156.73,95.933,207.93
234.6,49,296.47,358.33
296.47,122.6,340.2,511.93
179.13,354.07,239.93,511.93
287.93,1,335.93,165.27
181.27,303.93,239.93,388.2
18.067,123.67,95.933,223.93
198.33,279.4,239.93,337
169.53,248.47,283.67,511.93
33,11.667,146.07,209
122.6,77.8,236.73,139.67
241,153.53,293.27,369
1,1,127.93,63.933
17,193,97,478.87
1,1,127.93,149.27
65,350.87,147.13,408.47
122.6,78.867,184.47,138.6
122.6,77.8,236.73,157.8
15.933,194.07,147.13,481
153.53,159.93,244.2,334.87
111.93,67.133,236.73,139.67
110.87,86.333,154.6,179.13
177,28.733,222.87,94.867
214.33,248.47,283.67,392.47
8.4667,97,146.07,287.93
143.93,328.47,239.93,511.93
97,171.67,169.53,223.93
151.4,260.2,223.93,313.53
156.73,314.6,242.07,385
143.93,412.73,191.93,493.8
153.53,264.47,230.33,306.07
264.47,410.6,310.33,511.93
49,1,165.27,155.67
63.933,378.6,114.07,444.73
209,289,253.8,444.73
11.667,1,127.93,46.867
41.533,193,82.067,274.07
130.07,1,228.2,122.6
42.6,156.73,163.13,241
150.33,274.07,200.47,314.6
150.33,260.2,223.93,324.2
122.6,77.8,236.73,136.47
150.33,260.2,223.93,329.53
49,391.4,94.867,442.6
91.667,337,146.07,444.73
49,383.93,94.867,442.6
18.067,193,82.067,447.93
170.6,161,245.27,303.93
119.4,203.67,175.93,303.93
37.267,177,82.067,287.93
150.33,260.2,223.93,330.6
161,92.733,236.73,155.67
169.53,330.6,242.07,511.93
10.6,127.93,150.33,478.87
166.33,28.733,222.87,111.93
172.73,148.2,241,259.13
270.87,279.4,318.87,431.93
157.8,140.73,211.13,212.2
248.47,1,299.67,325.27
119.4,118.33,190.87,179.13
97,15.933,165.27,83.133
143.93,294.33,207.93,484.2
119.4,106.6,230.33,178.07
181.27,303.93,237.8,367.93
49,1,129,155.67
119.4,82.067,265.53,179.13
1,1,46.867,239.93
220.73,450.07,286.87,511.93
296.47,210.07,340.2,366.87
248.47,153.53,296.47,358.33
1,177,65,447.93
246.33,337,308.2,393.53
86.333,305,146.07,444.73
182.33,111.93,222.87,157.8
95.933,255.93,154.6,360.47
33,11.667,153.53,206.87
11.667,1,183.4,95.933
229.27,423.4,289,511.93
98.067,1,159.93,68.2
157.8,140.73,211.13,181.27
150.33,261.27,223.93,324.2
9.5333,271.93,97,478.87
218.6,155.67,314.6,511.93
119.4,125.8,167.4,177
210.07,1,312.47,325.27
167.4,266.6,232.47,313.53
166.33,26.6,222.87,111.93
79.933,358.33,132.2,399.93
222.87,1,282.6,358.33
170.6,156.73,254.87,287.93
122.6,44.733,212.2,129
152.47,261.27,218.6,305
78.867,255.93,154.6,383.93
141.8,44.733,212.2,117.27
122.6,143.93,169.53,189.8
8.4667,97,146.07,209
146.07,219.67,223.93,340.2
248.47,153.53,294.33,358.33
196.2,29.8,241,113
71.4,142.87,153.53,206.87
270.87,319.93,318.87,431.93
229.27,417,289,511.93
34.067,378.6,84.2,442.6
287.93,187.67,340.2,511.93
157.8,140.73,211.13,205.8
242.07,153.53,293.27,369
119.4,125.8,179.13,177
174.87,111.93,222.87,157.8
229.27,417,302.87,511.93
4.2,177,65,447.93
210.07,156.73,254.87,233.53
242.07,367.93,303.93,499.13
143.93,396.73,198.33,495.93
146.07,260.2,223.93,340.2
34.067,177,150.33,423.4
34.067,378.6,79.933,425.53
296.47,132.2,340.2,366.87
102.33,169.53,179.13,223.93
234.6,337,308.2,436.2
97,1,165.27,83.133
170.6,161,222.87,254.87
143.93,369,191.93,493.8
143.93,339.13,193,511.93
1,241,41.533,357.27
165.27,26.6,222.87,111.93
17,401,95.933,459.67
33,1,201.53,59.667
42.6,156.73,163.13,223.93
68.2,109.8,129,165.27
125.8,88.467,236.73,157.8
296.47,132.2,340.2,504.47
119.4,109.8,230.33,177
299.67,1,340.2,225
8.4667,127.93,146.07,209
43.667,194.07,154.6,383.93
257,465,313.53,511.93
49,377.53,95.933,442.6
18.067,98.067,63.933,159.93
11.667,1,151.4,63.933
11.667,1,81,63.933
71.4,9.5333,135.4,118.33
9.5333,271.93,81,447.93
229.27,461.8,273,511.93
119.4,118.33,179.13,179.13
78.867,308.2,119.4,377.53
1,113,82.067,277.27
119.4,118.33,164.2,175.93
191.93,354.07,238.87,435.13
177,28.733,241,113
71.4,9.5333,135.4,142.87
34.067,97,146.07,209
47.933,385,114.07,444.73
119.4,106.6,230.33,177
229.27,449,273,511.93
47.933,358.33,132.2,444.73
248.47,408.47,301.8,461.8
271.93,350.87,312.47,399.93
33,11.667,101.27,153.53
168.47,88.467,236.73,136.47
1,209,45.8,367.93
49,159.93,121.53,223.93
216.47,337,262.33,410.6
49,399.93,94.867,442.6
17,378.6,95.933,459.67
213.27,17,264.47,146.07
140.73,46.867,213.27,122.6
159.93,153.53,207.93,205.8
296.47,289,340.2,366.87
122.6,44.733,212.2,138.6
170.6,1,226.07,102.33
125.8,94.867,178.07,139.67
161,89.533,207.93,138.6
1,177,65,367.93
49,159.93,113,223.93
33,11.667,101.27,142.87
210.07,153.53,293.27,325.27
174.87,300.73,225,426.6
1,113,50.067,191.93
222.87,1,263.4,174.87
102.33,179.13,165.27,223.93
193,51.133,234.6,135.4
122.6,77.8,184.47,129
1,209,45.8,349.8
95.933,337,146.07,383.93
26.6,1,129,49
34.067,378.6,84.2,431.93
174.87,106.6,230.33,154.6
42.6,159.93,121.53,223.93
247.4,337,308.2,393.53
110.87,66.067,158.87,130.07
49,159.93,95.933,207.93
42.6,159.93,147.13,223.93
216.47,337,281.53,410.6
166.33,26.6,223.93,111.93
127.93,171.67,169.53,215.4
98.067,1,161,82.067
43.667,127.93,146.07,209
1,17,82.067,277.27
167.4,44.733,212.2,111.93
164.2,261.27,223.93,313.53
166.33,44.733,223.93,111.93
8.4667,127.93,62.867,191.93
234.6,369,310.33,511.93
9.5333,369,127.93,481
119.4,109.8,193,177
1,209,45.8,357.27
122.6,78.867,184.47,129
26.6,1,129,46.867
166.33,44.733,217.53,111.93
229.27,1,299.67,155.67
119.4,109.8,179.13,177
98.067,1,151.4,63.933
173.8,157.8,221.8,211.13
78.867,255.93,147.13,377.53
174.87,106.6,219.67,154.6
166.33,44.733,212.2,111.93
1,241,45.8,357.27
34.067,1,129,49
248.47,153.53,294.33,325.27
37.267,177,82.067,277.27
78.867,255.93,127.93,377.53
78.867,286.87,146.07,383.93
49,401,94.867,442.6
50.067,159.93,94.867,206.87
1,209,41.533,287.93
