1,125.8,342.33,209
1,1,342.33,511.93
1,179.13,342.33,511.93
5.2667,43.667,342.33,129
1,302.87,204.73,511.93
151.4,189.8,258.07,511.93
1,203.67,118.33,511.93
1,1,342.33,197.27
167.4,1,342.33,511.93
202.6,180.2,312.47,258.07
1,180.2,342.33,511.93
1,1,342.33,209
158.87,150.33,342.33,202.6
180.2,179.13,342.33,511.93
229.27,182.33,309.27,254.87
95.933,408.47,235.67,511.93
167.4,1,342.33,261.27
1,1,342.33,221.8
1,1,70.333,200.47
89.533,409.53,225,511.93
1,335.93,204.73,511.93
204.73,194.07,258.07,261.27
1,67.133,230.33,187.67
182.33,284.73,242.07,494.87
1,214.33,241,511.93
1,1,342.33,275.13
1,1,342.33,258.07
1,181.27,342.33,511.93
1,1,307.13,188.73
1,193,248.47,511.93
263.4,180.2,342.33,511.93
146.07,181.27,342.33,511.93
83.133,326.33,214.33,511.93
68.2,107.67,277.27,179.13
1,1,61.8,135.4
151.4,182.33,309.27,511.93
1,187.67,202.6,383.93
299.67,181.27,342.33,494.87
39.4,132.2,239.93,188.73
1,379.67,108.73,511.93
76.733,1,342.33,68.2
89.533,345.53,225,511.93
261.27,195.13,302.87,468.2
229.27,177,342.33,511.93
1,109.8,342.33,258.07
221.8,196.2,296.47,511.93
264.47,260.2,310.33,413.8
89.533,197.27,165.27,360.47
173.8,180.2,342.33,511.93
1,186.6,244.2,511.93
1,1,342.33,71.4
180.2,279.4,277.27,511.93
1,1,245.27,511.93
1,1,342.33,315.67
173.8,180.2,312.47,437.27
38.333,68.2,111.93,172.73
79.933,193,235.67,511.93
237.8,181.27,342.33,511.93
1,187.67,211.13,391.4
228.2,181.27,342.33,511.93
215.4,195.13,303.93,511.93
79.933,180.2,342.33,511.93
1,1,245.27,313.53
1,1,342.33,93.8
163.13,86.333,317.8,130.07
1,235.67,122.6,511.93
233.53,1,342.33,68.2
5.2667,1,254.87,70.333
1,68.2,207.93,226.07
125.8,196.2,196.2,259.13
1,1,342.33,226.07
89.533,247.4,244.2,511.93
43.667,67.133,201.53,119.4
244.2,179.13,342.33,511.93
58.6,357.27,102.33,420.2
221.8,195.13,317.8,511.93
177,358.33,221.8,420.2
1,50.067,118.33,185.53
229.27,181.27,342.33,511.93
1,121.53,125.8,187.67
1,354.07,118.33,511.93
263.4,376.47,321,511.93
135.4,335.93,234.6,511.93
215.4,435.13,266.6,511.93
78.867,120.47,342.33,227.13
1,344.47,123.67,511.93
68.2,437.27,113,511.93
1,249.53,115.13,511.93
215.4,420.2,313.53,511.93
169.53,87.4,342.33,261.27
259.13,195.13,302.87,468.2
1,55.4,342.33,226.07
1,134.33,42.6,188.73
158.87,150.33,342.33,258.07
1,268.73,108.73,401
261.27,362.6,317.8,511.93
1,109.8,342.33,221.8
268.73,411.67,313.53,511.93
1,187.67,245.27,399.93
241,327.4,326.33,494.87
1,1,206.87,186.6
74.6,326.33,236.73,511.93
254.87,468.2,302.87,511.93
79.933,331.67,157.8,438.33
57.533,347.67,101.27,415.93
12.733,379.67,108.73,511.93
95.933,24.467,254.87,66.067
216.47,177,342.33,511.93
91.667,51.133,233.53,93.8
1,1,278.33,81
1,354.07,115.13,511.93
38.333,68.2,207.93,172.73
1,177,342.33,511.93
146.07,193,313.53,511.93
215.4,195.13,342.33,511.93
262.33,325.27,302.87,429.8
151.4,182.33,342.33,511.93
1,124.73,70.333,188.73
213.27,1,342.33,79.933
1,293.27,109.8,422.33
1,1,342.33,187.67
42.6,1,165.27,51.133
5.2667,1,245.27,166.33
7.4,1,235.67,49
199.4,89.533,317.8,130.07
89.533,195.13,216.47,372.2
1,249.53,100.2,389.27
79.933,326.33,202.6,511.93
120.47,196.2,196.2,311.4
1,69.267,126.87,315.67
1,1,254.87,315.67
215.4,195.13,313.53,511.93
133.27,147.13,342.33,294.33
1,186.6,216.47,511.93
74.6,185.53,285.8,511.93
1,282.6,113,511.93
190.87,78.867,275.13,122.6
182.33,1,307.13,44.733
1,50.067,118.33,197.27
138.6,293.27,216.47,369
1,39.4,342.33,130.07
242.07,195.13,291.13,447.93
1,285.8,97,366.87
213.27,1,330.6,79.933
1,146.07,235.67,313.53
203.67,1,295.4,60.733
267.67,1,326.33,45.8
151.4,181.27,342.33,511.93
57.533,191.93,245.27,391.4
239.93,195.13,291.13,456.47
1,187.67,225,511.93
189.8,194.07,245.27,326.33
1,187.67,113,250.6
1,363.67,63.933,511.93
89.533,143.93,342.33,198.33
142.87,447.93,212.2,511.93
1,187.67,113,316.73
193,194.07,244.2,305
79.933,194.07,248.47,511.93
1,1,342.33,130.07
1,306.07,43.667,372.2
221.8,197.27,296.47,511.93
167.4,1,342.33,93.8
1,39.4,113,186.6
215.4,435.13,286.87,511.93
1,268.73,113,511.93
73.533,68.2,206.87,119.4
1,124.73,57.533,184.47
1,187.67,142.87,365.8
1,421.27,63.933,511.93
1,187.67,245.27,511.93
89.533,194.07,248.47,511.93
263.4,177,342.33,511.93
135.4,76.733,194.07,118.33
122.6,373.27,201.53,460.73
260.2,195.13,303.93,468.2
238.87,149.27,342.33,190.87
174.87,430.87,235.67,511.93
1,386.07,63.933,511.93
238.87,149.27,342.33,197.27
268.73,180.2,342.33,511.93
155.67,185.53,269.8,403.13
68.2,377.53,115.13,504.47
1,52.2,230.33,187.67
36.2,77.8,113,129
1,221.8,66.067,316.73
1,263.4,114.07,430.87
89.533,196.2,196.2,383.93
1,187.67,202.6,511.93
1,346.6,123.67,511.93
161,1,342.33,130.07
235.67,195.13,312.47,477.8
251.67,179.13,342.33,511.93
57.533,196.2,203.67,391.4
1,50.067,209,197.27
1,1,317.8,197.27
68.2,449,110.87,511.93
1,344.47,66.067,413.8
1,50.067,61.8,135.4
1,293.27,43.667,379.67
180.2,316.73,234.6,476.73
7.4,1,254.87,66.067
203.67,1,296.47,60.733
262.33,195.13,302.87,429.8
1,421.27,63.933,492.73
1,1,307.13,68.2
1,203.67,116.2,353
5.2667,1,342.33,93.8
5.2667,1,342.33,79.933
1,67.133,113,186.6
1,65,45.8,117.27
146.07,194.07,245.27,511.93
57.533,197.27,203.67,391.4
1,395.67,50.067,447.93
221.8,180.2,342.33,511.93
161,1,342.33,126.87
79.933,108.73,342.33,198.33
95.933,345.53,171.67,442.6
1,67.133,113,169.53
226.07,87.4,317.8,129
90.6,71.4,207.93,166.33
1,1,342.33,135.4
89.533,55.4,342.33,198.33
1,67.133,316.73,187.67
1,1,245.27,200.47
1,300.73,43.667,372.2
298.6,181.27,342.33,494.87
253.8,180.2,312.47,227.13
72.467,68.2,182.33,116.2
167.4,39.4,342.33,93.8
239.93,195.13,285.8,511.93
1,67.133,125.8,187.67
12.733,382.87,108.73,511.93
267.67,92.733,342.33,170.6
254.87,181.27,342.33,511.93
68.2,377.53,115.13,470.33
74.6,214.33,241,511.93
146.07,193,266.6,511.93
1,39.4,217.53,87.4
41.533,345.53,100.2,422.33
1,67.133,201.53,187.67
1,124.73,159.93,226.07
78.867,39.4,342.33,275.13
122.6,1,307.13,44.733
43.667,146.07,207.93,201.53
1,1,278.33,197.27
174.87,218.6,245.27,329.53
241,337,326.33,494.87
215.4,180.2,342.33,511.93
90.6,196.2,202.6,383.93
1,386.07,46.867,511.93
15.933,420.2,114.07,511.93
260.2,181.27,342.33,406.33
1,183.4,109.8,313.53
1,146.07,207.93,313.53
1,1,307.13,74.6
79.933,193,215.4,447.93
43.667,67.133,226.07,120.47
1,1,146.07,186.6
1,109.8,342.33,207.93
35.133,334.87,86.333,389.27
169.53,335.93,234.6,437.27
1,186.6,243.13,372.2
268.73,191.93,313.53,511.93
258.07,1,342.33,68.2
47.933,40.467,245.27,166.33
1,186.6,196.2,325.27
56.467,359.4,109.8,422.33
1,293.27,118.33,511.93
12.733,394.6,104.47,511.93
185.53,87.4,342.33,170.6
90.6,253.8,209,374.33
122.6,358.33,201.53,460.73
68.2,377.53,118.33,511.93
12.733,67.133,201.53,129
185.53,92.733,342.33,170.6
1,124.73,70.333,184.47
68.2,437.27,110.87,511.93
180.2,279.4,244.2,511.93
93.8,191.93,245.27,329.53
1,107.67,342.33,210.07
12.733,209,115.13,312.47
83.133,335.93,190.87,511.93
173.8,194.07,244.2,437.27
1,342.33,62.867,401
197.27,180.2,312.47,258.07
1,1,342.33,87.4
72.467,68.2,202.6,121.53
79.933,193,248.47,511.93
45.8,347.67,108.73,431.93
79.933,285.8,202.6,447.93
1,346.6,99.133,511.93
94.867,71.4,167.4,116.2
1,346.6,47.933,404.2
34.067,396.73,113,511.93
1,69.267,126.87,258.07
1,146.07,79.933,195.13
1,1,146.07,42.6
89.533,206.87,148.2,362.6
86.333,206.87,216.47,372.2
258.07,1,307.13,44.733
135.4,394.6,217.53,511.93
51.133,378.6,97,422.33
1,39.4,239.93,188.73
1,185.53,285.8,511.93
45.8,347.67,114.07,431.93
30.867,300.73,122.6,376.47
1,187.67,132.2,313.53
1,196.2,115.13,325.27
12.733,394.6,108.73,511.93
261.27,195.13,303.93,468.2
1,386.07,52.2,511.93
90.6,214.33,241,374.33
300.73,177,342.33,511.93
4.2,1,342.33,130.07
104.47,150.33,342.33,258.07
5.2667,1,342.33,294.33
175.93,189.8,243.13,308.2
215.4,196.2,296.47,511.93
52.2,263.4,95.933,329.53
1,1,146.07,50.067
146.07,203.67,203.67,317.8
235.67,195.13,300.73,477.8
74.6,185.53,269.8,511.93
161,459.67,204.73,507.67
1,187.67,113,247.4
1,346.6,113,511.93
215.4,395.67,264.47,511.93
299.67,1,342.33,73.533
190.87,78.867,322.07,130.07
267.67,1,342.33,68.2
125.8,193,215.4,298.6
268.73,430.87,313.53,511.93
269.8,191.93,313.53,413.8
264.47,177,342.33,511.93
94.867,71.4,207.93,118.33
7.4,255.93,63.933,313.53
1,234.6,115.13,397.8
200.47,194.07,244.2,321
1,326.33,225,511.93
204.73,180.2,312.47,258.07
43.667,420.2,99.133,511.93
5.2667,43.667,233.53,93.8
90.6,298.6,140.73,363.67
142.87,447.93,214.33,511.93
51.133,363.67,109.8,422.33
203.67,143.93,342.33,197.27
167.4,1,342.33,113
1,282.6,109.8,422.33
31.933,263.4,93.8,353
1,235.67,244.2,511.93
175.93,191.93,217.53,308.2
182.33,247.4,244.2,511.93
1,354.07,89.533,511.93
267.67,1,328.47,45.8
287.93,181.27,342.33,511.93
74.6,326.33,177,476.73
173.8,305,235.67,437.27
1,459.67,42.6,511.93
186.6,249.53,235.67,380.73
107.67,77.8,201.53,119.4
244.2,195.13,302.87,468.2
83.133,335.93,204.73,511.93
1,379.67,113,511.93
65,124.73,109.8,169.53
111.93,434.07,232.47,511.93
1,95.933,342.33,221.8
39.4,133.27,189.8,180.2
47.933,81,169.53,156.73
5.2667,43.667,342.33,294.33
1,68.2,42.6,117.27
1,346.6,114.07,511.93
174.87,358.33,235.67,511.93
1,187.67,142.87,399.93
1,355.13,66.067,406.33
111.93,312.47,235.67,511.93
186.6,222.87,241,321
5.2667,15.933,137.53,70.333
44.733,203.67,116.2,262.33
74.6,104.47,209,187.67
72.467,68.2,127.93,114.07
250.6,327.4,313.53,511.93
1,282.6,97,401
19.133,317.8,68.2,389.27
10.6,263.4,142.87,365.8
263.4,195.13,303.93,468.2
200.47,194.07,241,251.67
132.2,362.6,199.4,460.73
35.133,444.73,81,511.93
5.2667,1,242.07,70.333
89.533,194.07,244.2,511.93
53.267,348.73,114.07,399.93
1,66.067,70.333,145
300.73,181.27,342.33,511.93
1,386.07,44.733,442.6
182.33,191.93,241,251.67
10.6,292.2,142.87,365.8
78.867,335.93,204.73,511.93
51.133,401,104.47,449
251.67,328.47,342.33,511.93
264.47,191.93,310.33,413.8
100.2,59.667,342.33,129
1,49,70.333,197.27
19.133,317.8,109.8,422.33
1,1,158.87,186.6
137.53,39.4,342.33,93.8
84.2,108.73,241,185.53
124.73,260.2,216.47,372.2
190.87,222.87,241,321
60.733,81,142.87,146.07
265.53,195.13,310.33,329.53
199.4,89.533,316.73,130.07
215.4,293.27,264.47,511.93
15.933,221.8,63.933,315.67
33,379.67,108.73,511.93
209,87.4,317.8,129
1,263.4,102.33,422.33
263.4,195.13,342.33,511.93
245.27,1,342.33,72.467
34.067,413.8,89.533,511.93
215.4,279.4,313.53,511.93
72.467,234.6,115.13,299.67
241,389.27,326.33,494.87
251.67,398.87,342.33,511.93
214.33,435.13,266.6,511.93
79.933,331.67,202.6,511.93
122.6,1,265.53,44.733
200.47,1,342.33,72.467
203.67,1,278.33,60.733
83.133,326.33,204.73,511.93
104.47,195.13,196.2,280.47
221.8,411.67,294.33,511.93
33,401,108.73,511.93
1,1,216.47,49
135.4,196.2,196.2,258.07
229.27,182.33,309.27,259.13
139.67,285.8,194.07,342.33
1,293.27,41.533,344.47
39.4,133.27,189.8,185.53
263.4,411.67,317.8,511.93
93.8,265.53,148.2,335.93
1,1,342.33,68.2
169.53,147.13,342.33,261.27
155.67,185.53,269.8,370.07
79.933,108.73,241,198.33
43.667,146.07,207.93,269.8
1,363.67,114.07,511.93
1,342.33,66.067,401
267.67,1,308.2,47.933
301.8,92.733,342.33,163.13
163.13,362.6,233.53,476.73
188.73,412.73,234.6,476.73
1,133.27,49,185.53
137.53,39.4,342.33,130.07
229.27,195.13,313.53,511.93
177,198.33,217.53,275.13
5.2667,1,342.33,145
174.87,191.93,245.27,329.53
100.2,55.4,342.33,162.07
118.33,285.8,196.2,383.93
10.6,263.4,97,365.8
151.4,189.8,258.07,321
1,49,70.333,200.47
93.8,196.2,196.2,290.07
1,268.73,108.73,511.93
200.47,1,342.33,79.933
1,183.4,109.8,236.73
221.8,197.27,285.8,511.93
17,350.87,66.067,397.8
10.6,263.4,102.33,422.33
1,397.8,50.067,447.93
79.933,86.333,342.33,198.33
31.933,285.8,78.867,353
146.07,194.07,245.27,476.73
69.267,437.27,113,511.93
15.933,438.33,67.133,511.93
268.73,420.2,313.53,511.93
1,346.6,66.067,413.8
175.93,1,235.67,45.8
51.133,363.67,97,422.33
60.733,442.6,108.73,511.93
1,107.67,342.33,221.8
104.47,228.2,150.33,269.8
46.867,206.87,97,250.6
1,285.8,97,401
133.27,151.4,342.33,232.47
263.4,327.4,303.93,468.2
267.67,1,342.33,66.067
74.6,312.47,235.67,511.93
238.87,163.13,342.33,227.13
186.6,316.73,233.53,380.73
1,49,70.333,145
89.533,193,215.4,360.47
1,268.73,97,401
259.13,1,342.33,66.067
92.733,124.73,187.67,187.67
86.333,206.87,161,362.6
1,249.53,100.2,353
12.733,67.133,201.53,127.93
171.67,302.87,216.47,349.8
43.667,150.33,175.93,201.53
190.87,222.87,239.93,321
17,350.87,109.8,422.33
1,67.133,113,185.53
15.933,205.8,103.4,315.67
127.93,382.87,199.4,462.87
204.73,180.2,312.47,227.13
282.6,407.4,342.33,511.93
180.2,191.93,220.73,259.13
91.667,134.33,189.8,179.13
214.33,435.13,277.27,511.93
21.267,191.93,65,257
52.2,69.267,94.867,131.13
1,354.07,75.667,431.93
238.87,152.47,342.33,227.13
287.93,179.13,342.33,493.8
45.8,347.67,109.8,431.93
1,397.8,50.067,511.93
221.8,362.6,317.8,511.93
18.067,420.2,113,511.93
249.53,435.13,294.33,494.87
1,354.07,66.067,422.33
1,363.67,67.133,511.93
74.6,326.33,177,511.93
1,263.4,114.07,422.33
1,346.6,66.067,428.73
30.867,235.67,122.6,411.67
24.467,437.27,68.2,502.33
182.33,247.4,244.2,494.87
221.8,82.067,342.33,130.07
182.33,371.13,222.87,412.73
1,21.267,242.07,81
1,69.267,109.8,226.07
9.5333,203.67,116.2,315.67
180.2,191.93,220.73,244.2
161,26.6,342.33,82.067
89.533,196.2,198.33,383.93
5.2667,43.667,342.33,198.33
189.8,218.6,245.27,326.33
1,68.2,50.067,113
21.267,186.6,123.67,257
195.13,74.6,342.33,130.07
86.333,189.8,243.13,372.2
92.733,124.73,175.93,183.4
72.467,68.2,209,187.67
301.8,407.4,342.33,511.93
86.333,206.87,150.33,362.6
33,420.2,99.133,472.47
19.133,317.8,86.333,389.27
193,185.53,269.8,370.07
41.533,67.133,201.53,119.4
185.53,74.6,342.33,162.07
1,186.6,216.47,372.2
202.6,89.533,317.8,130.07
1,319.93,43.667,372.2
89.533,196.2,196.2,373.27
254.87,376.47,342.33,511.93
180.2,194.07,245.27,476.73
5.2667,15.933,254.87,70.333
180.2,316.73,234.6,511.93
111.93,72.467,194.07,118.33
183.4,1,265.53,44.733
47.933,103.4,169.53,156.73
182.33,1,253.8,41.533
54.333,40.467,245.27,116.2
177,191.93,217.53,275.13
30.867,235.67,122.6,376.47
86.333,206.87,148.2,362.6
1,263.4,142.87,365.8
195.13,305,235.67,437.27
268.73,422.33,313.53,511.93
83.133,326.33,225,511.93
94.867,71.4,194.07,118.33
181.27,362.6,227.13,409.53
1,71.4,93.8,143.93
1,134.33,69.267,197.27
1,431.93,50.067,492.73
148.2,434.07,196.2,507.67
56.467,357.27,109.8,422.33
43.667,225,132.2,311.4
264.47,195.13,310.33,413.8
1,140.73,69.267,197.27
5.2667,1,165.27,68.2
205.8,150.33,342.33,196.2
185.53,101.27,342.33,162.07
56.467,359.4,97,422.33
215.4,258.07,291.13,511.93
1,68.2,125.8,187.67
59.667,238.87,103.4,307.13
135.4,200.47,193,259.13
83.133,326.33,199.4,511.93
1,213.27,104.47,313.53
90.6,293.27,163.13,340.2
13.8,255.93,63.933,313.53
1,344.47,100.2,430.87
1,346.6,66.067,511.93
1,196.2,49,278.33
25.533,289,97,366.87
104.47,195.13,184.47,280.47
1,67.133,50.067,123.67
174.87,194.07,244.2,321
1,354.07,66.067,406.33
44.733,205.8,100.2,255.93
143.93,364.73,198.33,434.07
122.6,1,328.47,45.8
263.4,195.13,321,511.93
154.6,241,229.27,331.67
1,306.07,43.667,379.67
1,207.93,93.8,353
60.733,81,142.87,145
142.87,447.93,191.93,511.93
200.47,244.2,244.2,321
1,68.2,50.067,135.4
93.8,197.27,196.2,290.07
133.27,151.4,342.33,227.13
111.93,433,232.47,511.93
1,395.67,50.067,466.07
261.27,262.33,303.93,468.2
1,293.27,41.533,372.2
1,379.67,55.4,511.93
10.6,263.4,102.33,365.8
142.87,194.07,244.2,511.93
190.87,78.867,316.73,130.07
169.53,147.13,271.93,261.27
1,249.53,93.8,353
97,196.2,196.2,275.13
1,302.87,92.733,397.8
267.67,1,325.27,47.933
1,124.73,92.733,200.47
5.2667,43.667,277.27,145
78.867,120.47,342.33,275.13
173.8,308.2,235.67,511.93
142.87,194.07,244.2,308.2
221.8,411.67,296.47,511.93
89.533,150.33,271.93,198.33
1,170.6,159.93,226.07
186.6,230.33,235.67,380.73
122.6,203.67,203.67,317.8
180.2,189.8,308.2,232.47
1,39.4,226.07,186.6
127.93,377.53,204.73,507.67
186.6,214.33,241,321
267.67,421.27,313.53,511.93
5.2667,18.067,131.13,70.333
1,186.6,103.4,312.47
1,207.93,44.733,342.33
4.2,1,342.33,93.8
1,197.27,132.2,313.53
151.4,189.8,258.07,411.67
229.27,195.13,298.6,511.93
12.733,394.6,86.333,511.93
127.93,377.53,199.4,462.87
166.33,406.33,209,454.33
53.267,347.67,108.73,422.33
1,88.467,50.067,135.4
182.33,191.93,241,298.6
97,40.467,179.13,81
1,421.27,52.2,492.73
53.267,348.73,93.8,395.67
204.73,63.933,342.33,113
41.533,67.133,126.87,116.2
241,197.27,285.8,511.93
72.467,68.2,127.93,111.93
261.27,330.6,302.87,468.2
1,71.4,46.867,125.8
7.4,1,146.07,49
148.2,434.07,232.47,511.93
241,258.07,285.8,494.87
5.2667,1,216.47,47.933
1,65,61.8,135.4
142.87,194.07,244.2,373.27
251.67,398.87,313.53,511.93
5.2667,1,136.47,47.933
132.2,285.8,194.07,342.33
1,125.8,342.33,210.07
44.733,203.67,116.2,307.13
122.6,358.33,214.33,511.93
1,187.67,109.8,263.4
122.6,358.33,211.13,460.73
1,293.27,41.533,379.67
158.87,162.07,342.33,202.6
182.33,362.6,231.4,476.73
267.67,1,325.27,45.8
1,39.4,57.533,84.2
214.33,87.4,317.8,129
25.533,1,254.87,66.067
53.267,347.67,101.27,422.33
15.933,420.2,99.133,511.93
200.47,1,296.47,50.067
38.333,68.2,104.47,135.4
83.133,335.93,199.4,511.93
1,89.533,109.8,222.87
59.667,237.8,103.4,307.13
78.867,157.8,342.33,227.13
1,344.47,114.07,511.93
155.67,308.2,235.67,511.93
97,40.467,245.27,84.2
33,401,108.73,461.8
10.6,292.2,97,365.8
117.27,8.4667,242.07,53.267
181.27,393.53,234.6,437.27
169.53,147.13,271.93,222.87
1,187.67,109.8,246.33
92.733,196.2,196.2,269.8
34.067,460.73,81,511.93
261.27,418.07,303.93,468.2
133.27,147.13,342.33,232.47
171.67,125.8,342.33,180.2
38.333,67.133,230.33,120.47
46.867,186.6,103.4,244.2
142.87,221.8,193,291.13
90.6,241,229.27,374.33
92.733,197.27,150.33,269.8
33,401,108.73,454.33
267.67,420.2,313.53,511.93
181.27,358.33,227.13,409.53
83.133,326.33,171.67,511.93
52.2,263.4,102.33,329.53
231.4,1,296.47,50.067
89.533,409.53,221.8,511.93
1,1,307.13,51.133
38.333,67.133,201.53,119.4
137.53,329.53,196.2,373.27
261.27,325.27,302.87,468.2
51.133,235.67,98.067,356.2
25.533,268.73,97,366.87
18.067,420.2,108.73,511.93
175.93,189.8,241,308.2
261.27,397.8,302.87,468.2
1,1,186.6,51.133
9.5333,205.8,103.4,315.67
1,395.67,50.067,511.93
73.533,68.2,194.07,118.33
1,1,146.07,45.8
267.67,1,330.6,47.933
1,386.07,47.933,481
261.27,362.6,303.93,468.2
1,67.133,93.8,127.93
137.53,195.13,184.47,254.87
127.93,364.73,202.6,447.93
1,397.8,53.267,511.93
119.4,73.533,182.33,116.2
287.93,407.4,342.33,511.93
30.867,127.93,94.867,169.53
118.33,285.8,202.6,447.93
1,63.933,60.733,123.67
46.867,263.4,93.8,330.6
72.467,234.6,115.13,323.13
13.8,121.53,118.33,185.53
189.8,1,278.33,76.733
133.27,151.4,342.33,198.33
190.87,58.6,342.33,127.93
261.27,195.13,313.53,511.93
1,354.07,113,511.93
180.2,207.93,221.8,273
169.53,358.33,227.13,409.53
1,183.4,109.8,237.8
89.533,410.6,154.6,511.93
1,274.07,41.533,344.47
265.53,181.27,323.13,406.33
88.467,108.73,209,187.67
204.73,191.93,258.07,261.27
39.4,411.67,113,511.93
238.87,195.13,285.8,511.93
1,220.73,50.067,263.4
90.6,116.2,206.87,166.33
51.133,348.73,100.2,422.33
1,187.67,203.67,391.4
180.2,191.93,220.73,275.13
43.667,67.133,151.4,115.13
161,459.67,225,511.93
84.2,108.73,241,179.13
74.6,377.53,115.13,421.27
175.93,189.8,258.07,321
1,49,45.8,117.27
180.2,194.07,244.2,321
1,345.53,66.067,413.8
42.6,186.6,123.67,232.47
264.47,398.87,313.53,511.93
61.8,363.67,109.8,410.6
260.2,181.27,323.13,406.33
190.87,58.6,342.33,130.07
171.67,1,307.13,44.733
1,125.8,69.267,197.27
171.67,125.8,342.33,196.2
68.2,413.8,113,470.33
126.87,283.67,189.8,373.27
237.8,196.2,294.33,444.73
43.667,422.33,88.467,467.13
230.33,193,275.13,258.07
1,126.87,125.8,187.67
158.87,150.33,342.33,221.8
138.6,293.27,187.67,369
155.67,430.87,235.67,511.93
186.6,230.33,235.67,411.67
25.533,1,200.47,54.333
182.33,284.73,241,494.87
46.867,209,115.13,299.67
1,1,73.533,42.6
1,235.67,98.067,397.8
77.8,322.07,127.93,363.67
109.8,81,222.87,166.33
78.867,147.13,342.33,227.13
1,71.4,125.8,187.67
15.933,221.8,66.067,315.67
111.93,449,191.93,511.93
261.27,387.13,303.93,468.2
9.5333,221.8,63.933,315.67
45.8,114.07,111.93,172.73
1,386.07,50.067,511.93
1,1,254.87,135.4
9.5333,232.47,63.933,315.67
40.467,1,146.07,49
299.67,181.27,342.33,465
42.6,1,186.6,51.133
261.27,399.93,303.93,468.2
33,420.2,108.73,511.93
241,361.53,285.8,494.87
1,193,109.8,246.33
47.933,81,222.87,166.33
1,67.133,69.267,185.53
230.33,193,274.07,258.07
1,1,146.07,49
15.933,438.33,63.933,502.33
1,1,125.8,42.6
241,389.27,302.87,494.87
58.6,124.73,118.33,185.53
1,63.933,118.33,185.53
95.933,345.53,211.13,460.73
300.73,376.47,342.33,511.93
109.8,115.13,175.93,162.07
263.4,327.4,313.53,511.93
182.33,362.6,233.53,476.73
77.8,322.07,142.87,363.67
174.87,194.07,244.2,308.2
1,121.53,125.8,186.6
137.53,329.53,196.2,380.73
1,459.67,52.2,511.93
1,126.87,125.8,186.6
5.2667,1,165.27,74.6
1,67.133,47.933,123.67
54.333,67.133,167.4,116.2
238.87,435.13,294.33,511.93
12.733,255.93,63.933,313.53
58.6,358.33,101.27,422.33
45.8,183.4,109.8,236.73
91.667,51.133,342.33,93.8
95.933,8.4667,200.47,54.333
102.33,1,235.67,45.8
189.8,39.4,342.33,92.733
39.4,413.8,113,511.93
25.533,289,66.067,351.93
268.73,376.47,342.33,511.93
1,346.6,66.067,411.67
1,1,146.07,68.2
5.2667,18.067,127.93,70.333
39.4,132.2,189.8,185.53
184.47,405.27,231.4,452.2
1,133.27,49,179.13
40.467,213.27,104.47,284.73
122.6,247.4,167.4,301.8
1,67.133,56.467,123.67
126.87,283.67,183.4,340.2
30.867,300.73,98.067,372.2
91.667,408.47,161,476.73
72.467,68.2,194.07,118.33
299.67,1,342.33,68.2
93.8,197.27,169.53,282.6
1,63.933,62.867,123.67
241,197.27,285.8,494.87
142.87,221.8,194.07,297.53
180.2,316.73,233.53,413.8
1,302.87,92.733,388.2
1,1,44.733,49
142.87,221.8,215.4,298.6
300.73,177,342.33,387.13
21.267,186.6,196.2,280.47
119.4,73.533,167.4,116.2
122.6,358.33,204.73,462.87
1,355.13,45.8,396.73
36.2,420.2,99.133,511.93
125.8,193,205.8,233.53
182.33,362.6,222.87,476.73
196.2,195.13,241,303.93
43.667,422.33,100.2,467.13
1,127.93,94.867,169.53
1,354.07,63.933,411.67
1,1,100.2,45.8
127.93,382.87,204.73,507.67
5.2667,8.4667,242.07,70.333
1,255.93,63.933,313.53
182.33,371.13,222.87,476.73
1,465,42.6,511.93
39.4,413.8,89.533,490.6
243.13,205.8,285.8,511.93
1,326.33,214.33,511.93
299.67,376.47,342.33,511.93
193,241,239.93,370.07
205.8,150.33,299.67,193
124.73,293.27,216.47,372.2
162.07,358.33,209,454.33
162.07,312.47,235.67,454.33
264.47,260.2,310.33,395.67
19.133,236.73,65,312.47
95.933,364.73,202.6,511.93
1,236.73,65,312.47
162.07,358.33,227.13,454.33
184.47,405.27,234.6,476.73
193,194.07,239.93,370.07
51.133,268.73,102.33,310.33
104.47,196.2,202.6,373.27
161,26.6,342.33,126.87
269.8,412.73,317.8,511.93
12.733,67.133,201.53,119.4
169.53,335.93,227.13,409.53
74.6,326.33,234.6,511.93
86.333,84.2,277.27,145
15.933,438.33,62.867,501.27
1,108.73,69.267,185.53
93.8,197.27,196.2,301.8
92.733,124.73,187.67,183.4
221.8,89.533,317.8,130.07
261.27,389.27,303.93,468.2
1,89.533,109.8,226.07
11.667,1,241,45.8
21.267,186.6,123.67,232.47
225,13.8,278.33,60.733
1,386.07,44.733,479.93
175.93,191.93,241,308.2
92.733,124.73,175.93,180.2
193,241,239.93,339.13
42.6,407.4,114.07,511.93
1,1,78.867,45.8
145,421.27,199.4,462.87
42.6,422.33,86.333,511.93
30.867,68.2,113,169.53
246.33,1,307.13,44.733
43.667,421.27,100.2,511.93
193,243.13,239.93,321
84.2,108.73,241,166.33
169.53,174.87,270.87,222.87
90.6,253.8,162.07,311.4
1,89.533,109.8,200.47
1,354.07,66.067,411.67
1,221.8,63.933,313.53
42.6,410.6,113,511.93
122.6,358.33,199.4,462.87
93.8,195.13,216.47,372.2
145,1,235.67,45.8
1,67.133,56.467,125.8
13.8,66.067,70.333,145
44.733,205.8,103.4,307.13
137.53,329.53,196.2,383.93
109.8,81,209,166.33
1,121.53,118.33,185.53
1,459.67,50.067,511.93
163.13,362.6,233.53,511.93
58.6,358.33,101.27,415.93
1,386.07,44.733,434.07
110.87,313.53,209,374.33
174.87,417,235.67,511.93
111.93,72.467,172.73,118.33
43.667,420.2,99.133,478.87
261.27,389.27,302.87,435.13
97,197.27,165.27,282.6
73.533,68.2,126.87,113
97,253.8,162.07,311.4
127.93,364.73,198.33,438.33
95.933,408.47,197.27,511.93
91.667,26.6,342.33,93.8
57.533,227.13,203.67,391.4
173.8,308.2,221.8,420.2
231.4,1,293.27,50.067
1,346.6,45.8,388.2
175.93,1,278.33,76.733
1,391.4,46.867,511.93
30.867,274.07,122.6,376.47
120.47,196.2,196.2,373.27
132.2,75.667,182.33,116.2
38.333,89.533,109.8,200.47
93.8,195.13,196.2,335.93
198.33,247.4,239.93,321
1,302.87,92.733,394.6
131.13,362.6,185.53,442.6
1,397.8,50.067,482.07
111.93,449,153.53,511.93
209,13.8,278.33,60.733
38.333,89.533,109.8,169.53
25.533,8.4667,200.47,54.333
148.2,434.07,221.8,507.67
18.067,463.93,62.867,511.93
1,1,44.733,42.6
120.47,255.93,162.07,311.4
89.533,196.2,196.2,360.47
1,195.13,126.87,258.07
39.4,413.8,89.533,511.93
18.067,463.93,61.8,511.93
90.6,293.27,163.13,358.33
202.6,1,264.47,43.667
89.533,262.33,154.6,360.47
12.733,364.73,66.067,406.33
193,237.8,244.2,305
12.733,223.93,73.533,312.47
1,221.8,50.067,262.33
122.6,362.6,199.4,462.87
1,77.8,113,169.53
1,81,118.33,185.53
143.93,364.73,202.6,447.93
109.8,81,202.6,162.07
89.533,265.53,148.2,362.6
47.933,103.4,111.93,148.2
135.4,447.93,217.53,511.93
118.33,326.33,196.2,383.93
40.467,225,86.333,281.53
47.933,103.4,107.67,148.2
1,21.267,200.47,81
1,397.8,50.067,466.07
1,21.267,200.47,66.067
1,386.07,42.6,511.93
142.87,447.93,193,511.93
18.067,130.07,70.333,184.47
1,398.87,42.6,511.93
90.6,116.2,241,166.33
105.53,195.13,184.47,280.47
91.667,364.73,177,476.73
91.667,405.27,161,476.73
90.6,116.2,206.87,156.73
12.733,223.93,65,312.47
92.733,124.73,175.93,182.33
161,457.53,202.6,507.67
1,67.133,56.467,124.73
36.2,77.8,90.6,124.73
15.933,251.67,63.933,315.67
155.67,248.47,229.27,308.2
52.2,68.2,104.47,118.33
140.73,329.53,189.8,373.27
31.933,301.8,78.867,353
132.2,285.8,196.2,373.27
42.6,410.6,109.8,511.93
91.667,1,342.33,93.8
86.333,107.67,277.27,179.13
132.2,395.67,201.53,460.73
1,68.2,60.733,123.67
97,197.27,165.27,275.13
193,241,239.93,312.47
94.867,71.4,145,116.2
73.533,68.2,151.4,115.13
42.6,307.13,97,366.87
185.53,92.733,318.87,155.67
190.87,78.867,261.27,122.6
166.33,413.8,209,454.33
214.33,39.4,342.33,92.733
95.933,345.53,171.67,433
81,68.2,126.87,113
23.4,140.73,67.133,184.47
30.867,302.87,92.733,372.2
25.533,285.8,97,366.87
209,194.07,258.07,261.27
1,207.93,44.733,258.07
43.667,67.133,194.07,118.33
149.27,81,202.6,123.67
92.733,197.27,140.73,262.33
83.133,343.4,171.67,511.93
1,225,132.2,313.53
204.73,63.933,342.33,126.87
105.53,209,184.47,280.47
1,221.8,50.067,263.4
90.6,253.8,163.13,358.33
174.87,409.53,221.8,476.73
104.47,195.13,196.2,301.8
111.93,255.93,162.07,306.07
104.47,198.33,149.27,249.53
86.333,108.73,209,187.67
86.333,93.8,277.27,145
81,108.73,209,187.67
135.4,447.93,191.93,511.93
9.5333,140.73,79.933,184.47
89.533,345.53,171.67,511.93
1,321,41.533,372.2
30.867,115.13,113,169.53
54.333,183.4,109.8,231.4
39.4,133.27,164.2,180.2
74.6,68.2,127.93,114.07
140.73,163.13,342.33,227.13
122.6,362.6,199.4,460.73
42.6,421.27,100.2,511.93
171.67,298.6,216.47,349.8
43.667,422.33,100.2,511.93
137.53,1,241,45.8
174.87,452.2,217.53,492.73
169.53,358.33,214.33,404.2
175.93,257,229.27,308.2
145,362.6,199.4,460.73
74.6,326.33,161,476.73
65,237.8,132.2,311.4
1,363.67,63.933,411.67
90.6,196.2,202.6,373.27
88.467,108.73,187.67,187.67
149.27,81,202.6,141.8
58.6,126.87,118.33,185.53
231.4,13.8,278.33,60.733
1,227.13,73.533,312.47
127.93,364.73,177,444.73
149.27,81,201.53,123.67
182.33,284.73,235.67,412.73
143.93,394.6,201.53,461.8
186.6,284.73,235.67,380.73
54.333,67.133,105.53,110.87
104.47,197.27,149.27,249.53
1,193,74.6,236.73
122.6,362.6,201.53,460.73
1,134.33,42.6,184.47
66.067,449,108.73,511.93
104.47,195.13,196.2,277.27
74.6,326.33,157.8,433
142.87,409.53,221.8,511.93
174.87,452.2,218.6,495.93
28.733,193,74.6,236.73
140.73,157.8,342.33,227.13
104.47,195.13,184.47,254.87
129,293.27,216.47,372.2
47.933,81,104.47,125.8
23.4,140.73,79.933,184.47
174.87,438.33,221.8,495.93
66.067,1,165.27,51.133
124.73,293.27,187.67,372.2
135.4,458.6,191.93,511.93
40.467,237.8,86.333,281.53
43.667,67.133,126.87,113
174.87,452.2,217.53,505.53
110.87,326.33,189.8,374.33
58.6,225,132.2,311.4
161,26.6,342.33,68.2
6.3333,359.4,63.933,411.67
172.73,358.33,214.33,398.87
1,68.2,60.733,117.27
143.93,394.6,201.53,455.4
104.47,218.6,156.73,269.8
143.93,196.2,196.2,258.07
105.53,209,169.53,280.47
55.4,68.2,105.53,110.87
120.47,196.2,202.6,373.27
14.867,379.67,55.4,434.07
127.93,364.73,177,431.93
104.47,197.27,156.73,269.8
120.47,247.4,162.07,311.4
