1,357.27,383.93,447.93
1,294.33,383.93,511.93
1,358.33,383.93,442.6
1,314.6,383.93,511.93
1,356.2,383.93,443.67
1,1,383.93,511.93
1,26.6,101.27,332.73
1,1,245.27,332.73
1,358.33,383.93,447.93
1,221.8,383.93,511.93
133.27,445.8,383.93,511.93
1,1,383.93,357.27
1,1,383.93,351.93
1,450.07,118.33,511.93
1,443.67,383.93,511.93
1,1,243.13,331.67
234.6,1,282.6,255.93
189.8,1,383.93,333.8
1,356.2,383.93,511.93
166.33,250.6,274.07,307.13
1,357.27,383.93,442.6
1,1,383.93,333.8
1,1,211.13,331.67
1,359.4,383.93,511.93
1,294.33,383.93,446.87
1,359.4,230.33,441.53
1,1,383.93,356.2
184.47,1,383.93,356.2
1,335.93,383.93,511.93
152.47,200.47,243.13,258.07
168.47,1,383.93,351.93
121.53,1,383.93,333.8
159.93,462.87,213.27,511.93
1,332.73,383.93,511.93
1,1,383.93,332.73
1,357.27,383.93,446.87
1,339.13,383.93,511.93
159.93,1,383.93,270.87
1,359.4,383.93,442.6
159.93,7.4,244.2,255.93
308.2,206.87,383.93,332.73
1,357.27,383.93,511.93
276.2,1,383.93,332.73
195.13,175.93,340.2,332.73
189.8,1,282.6,258.07
168.47,1,383.93,333.8
183.4,1,383.93,333.8
182.33,1,280.47,255.93
50.067,1,245.27,331.67
159.93,1,291.13,270.87
124.73,372.2,263.4,419.13
1,358.33,383.93,511.93
125.8,243.13,243.13,331.67
1,1,242.07,331.67
1,1,248.47,333.8
1,39.4,84.2,248.47
1,273,243.13,333.8
1,259.13,383.93,356.2
1,314.6,383.93,357.27
166.33,1,383.93,333.8
291.13,1,383.93,332.73
1,1,101.27,332.73
165.27,359.4,383.93,442.6
133.27,446.87,312.47,511.93
1,1,244.2,330.6
24.467,135.4,68.2,193
1,1,247.4,332.73
226.07,1,291.13,253.8
289,1,383.93,230.33
189.8,181.27,301.8,333.8
1,27.667,248.47,333.8
291.13,139.67,369,231.4
277.27,446.87,335.93,511.93
1,294.33,383.93,346.6
1,444.73,383.93,511.93
341.27,97,383.93,241
182.33,98.067,280.47,255.93
1,314.6,383.93,369
1,454.33,127.93,511.93
154.6,1,292.2,254.87
1,1,247.4,333.8
24.467,139.67,98.067,331.67
1,26.6,84.2,253.8
152.47,139.67,217.53,255.93
209,359.4,369,408.47
56.467,1,239.93,330.6
1,294.33,383.93,356.2
244.2,209,383.93,351.93
124.73,359.4,263.4,419.13
303.93,445.8,383.93,495.93
282.6,1,383.93,332.73
1,430.87,383.93,511.93
292.2,1,383.93,332.73
189.8,50.067,246.33,185.53
299.67,47.933,347.67,141.8
287.93,359.4,369,408.47
152.47,7.4,243.13,255.93
175.93,258.07,243.13,331.67
330.6,234.6,383.93,332.73
317.8,463.93,383.93,511.93
1,1,81,161
123.67,359.4,230.33,415.93
165.27,26.6,247.4,332.73
115.13,239.93,245.27,331.67
1,356.2,383.93,442.6
230.33,1,292.2,254.87
1,178.07,52.2,330.6
1,1,221.8,331.67
1,359.4,254.87,442.6
1,213.27,101.27,332.73
1,1,239.93,332.73
1,444.73,287.93,498.07
183.4,175.93,340.2,333.8
132.2,446.87,383.93,511.93
300.73,1,347.67,83.133
168.47,178.07,383.93,351.93
1,335.93,383.93,442.6
291.13,1,383.93,356.2
1,221.8,380.73,356.2
124.73,358.33,383.93,442.6
292.2,1,383.93,356.2
209,358.33,383.93,411.67
1,356.2,234.6,441.53
219.67,358.33,383.93,410.6
113,359.4,281.53,442.6
301.8,175.93,383.93,332.73
316.73,445.8,383.93,511.93
316.73,446.87,383.93,511.93
166.33,27.667,248.47,278.33
1,445.8,315.67,491.67
343.4,1,383.93,239.93
1,172.73,383.93,357.27
182.33,1,287.93,258.07
300.73,1,348.73,91.667
115.13,257,245.27,331.67
174.87,360.47,234.6,406.33
300.73,1,347.67,91.667
184.47,1,303.93,333.8
1,314.6,383.93,356.2
133.27,446.87,230.33,495.93
1,446.87,127.93,511.93
56.467,1,244.2,330.6
282.6,137.53,383.93,332.73
300.73,445.8,383.93,511.93
209,358.33,383.93,442.6
237.8,1,282.6,166.33
1,445.8,315.67,511.93
1,446.87,154.6,511.93
133.27,443.67,383.93,511.93
300.73,444.73,383.93,511.93
1,444.73,350.87,511.93
185.53,1,275.13,126.87
218.6,359.4,383.93,411.67
147.13,266.6,241,331.67
125.8,358.33,383.93,415.93
287.93,456.47,383.93,511.93
63.933,190.87,143.93,330.6
337,1,383.93,241
93.8,5.2667,134.33,196.2
1,445.8,214.33,498.07
1,361.53,164.2,404.2
197.27,358.33,383.93,410.6
63.933,1,211.13,330.6
31.933,75.667,84.2,138.6
183.4,447.93,254.87,511.93
277.27,1,383.93,299.67
1,1,167.4,196.2
1,1,82.067,161
261.27,446.87,383.93,511.93
1,239.93,379.67,357.27
250.6,166.33,303.93,258.07
276.2,1,353,255.93
277.27,1,383.93,332.73
282.6,172.73,383.93,332.73
189.8,26.6,247.4,164.2
129,243.13,209,311.4
1,359.4,234.6,442.6
115.13,257,242.07,330.6
125.8,372.2,255.93,415.93
291.13,1,373.27,174.87
289,1,374.33,178.07
209,359.4,335.93,410.6
165.27,221.8,251.67,332.73
1,441.53,383.93,511.93
317.8,456.47,383.93,511.93
184.47,264.47,274.07,307.13
1,26.6,94.867,191.93
300.73,1,347.67,133.27
55.4,241,98.067,299.67
1,299.67,380.73,356.2
175.93,258.07,244.2,332.73
1,445.8,134.33,495.93
1,44.733,41.533,156.73
337,33,383.93,217.53
125.8,200.47,301.8,333.8
132.2,447.93,254.87,511.93
50.067,239.93,245.27,331.67
34.067,139.67,88.467,330.6
1,213.27,100.2,332.73
232.47,446.87,274.07,492.73
225,270.87,280.47,333.8
292.2,1,346.6,172.73
185.53,1,262.33,258.07
63.933,34.067,143.93,330.6
292.2,1,383.93,245.27
1,445.8,315.67,495.93
278.33,1,383.93,332.73
31.933,30.867,74.6,136.47
20.2,30.867,79.933,250.6
197.27,359.4,383.93,410.6
292.2,1,348.73,172.73
327.4,225,383.93,332.73
127.93,356.2,234.6,406.33
277.27,1,353,299.67
24.467,139.67,99.133,331.67
132.2,445.8,383.93,511.93
276.2,1,347.67,239.93
287.93,359.4,330.6,408.47
279.4,294.33,383.93,346.6
310.33,469.27,350.87,511.93
189.8,26.6,247.4,258.07
129,243.13,193,311.4
317.8,446.87,383.93,511.93
337,125.8,383.93,217.53
31.933,30.867,74.6,133.27
1,446.87,154.6,495.93
59.667,1,111.93,63.933
159.93,462.87,223.93,511.93
1,110.87,68.2,204.73
1,358.33,383.93,443.67
181.27,25.533,223.93,113
165.27,26.6,247.4,331.67
276.2,139.67,353,255.93
183.4,175.93,337,333.8
168.47,215.4,301.8,333.8
250.6,1,303.93,258.07
299.67,221.8,383.93,356.2
121.53,200.47,301.8,333.8
237.8,172.73,291.13,254.87
1,1,167.4,331.67
312.47,220.73,383.93,332.73
1,446.87,134.33,511.93
197.27,182.33,301.8,332.73
185.53,1,291.13,239.93
182.33,1,383.93,332.73
279.4,358.33,383.93,411.67
159.93,266.6,241,331.67
209,359.4,367.93,408.47
1,444.73,244.2,495.93
130.07,446.87,214.33,498.07
337,1,383.93,245.27
197.27,27.667,263.4,259.13
299.67,314.6,383.93,356.2
230.33,1,291.13,254.87
1,361.53,159.93,441.53
159.93,26.6,243.13,255.93
261.27,446.87,317.8,511.93
292.2,1,347.67,172.73
25.533,104.47,85.267,191.93
237.8,1,287.93,202.6
1,359.4,281.53,442.6
250.6,172.73,383.93,351.93
168.47,1,287.93,333.8
185.53,58.6,245.27,126.87
196.2,1,262.33,246.33
159.93,98.067,280.47,270.87
201.53,50.067,246.33,164.2
121.53,1,301.8,333.8
300.73,450.07,356.2,511.93
1,26.6,84.2,248.47
250.6,209,383.93,351.93
182.33,1,287.93,255.93
20.2,30.867,98.067,299.67
225,273,271.93,333.8
311.4,1,353,177
168.47,1,340.2,333.8
34.067,129,79.933,225
189.8,1,301.8,333.8
270.87,444.73,383.93,511.93
159.93,121.53,242.07,255.93
177,447.93,254.87,511.93
124.73,358.33,383.93,419.13
189.8,175.93,340.2,333.8
334.87,196.2,383.93,332.73
1,395.67,165.27,441.53
125.8,215.4,301.8,333.8
165.27,221.8,251.67,264.47
183.4,1,340.2,333.8
65,1,221.8,282.6
159.93,446.87,312.47,511.93
168.47,228.2,280.47,333.8
1,1,111.93,331.67
115.13,239.93,239.93,330.6
1,454.33,312.47,511.93
197.27,94.867,248.47,259.13
1,75.667,84.2,248.47
212.2,446.87,290.07,511.93
1,444.73,287.93,511.93
1,26.6,99.133,331.67
55.4,139.67,98.067,299.67
197.27,172.73,383.93,351.93
191.93,26.6,243.13,95.933
187.67,81,262.33,145
326.33,196.2,383.93,247.4
165.27,26.6,247.4,260.2
125.8,359.4,209,417
198.33,270.87,243.13,331.67
197.27,1,291.13,259.13
183.4,1,247.4,78.867
292.2,1,383.93,239.93
277.27,1,347.67,299.67
183.4,1,337,333.8
189.8,1,303.93,258.07
25.533,30.867,79.933,250.6
1,361.53,165.27,441.53
43.667,190.87,209,331.67
200.47,1,291.13,253.8
81,463.93,127.93,511.93
50.067,261.27,245.27,331.67
177,261.27,245.27,331.67
220.73,132.2,280.47,258.07
95.933,1,211.13,279.4
201.53,168.47,244.2,215.4
1,39.4,101.27,332.73
189.8,26.6,247.4,185.53
270.87,444.73,354.07,490.6
1,1,94.867,162.07
168.47,229.27,273,270.87
267.67,450.07,312.47,497
229.27,443.67,383.93,511.93
219.67,359.4,383.93,410.6
1,1,51.133,99.133
197.27,178.07,301.8,330.6
190.87,168.47,245.27,258.07
113,358.33,383.93,442.6
1,463.93,127.93,511.93
95.933,1,221.8,279.4
43.667,226.07,177,331.67
1,142.87,53.267,331.67
1,391.4,212.2,441.53
261.27,446.87,312.47,511.93
166.33,27.667,248.47,268.73
1,142.87,50.067,223.93
197.27,178.07,307.13,330.6
187.67,81,262.33,246.33
204.73,446.87,271.93,511.93
310.33,451.13,350.87,511.93
184.47,175.93,337,333.8
189.8,50.067,246.33,164.2
1,1,139.67,99.133
311.4,360.47,367.93,406.33
291.13,139.67,369,227.13
197.27,27.667,248.47,259.13
279.4,358.33,383.93,426.6
229.27,446.87,274.07,492.73
24.467,139.67,88.467,331.67
24.467,75.667,84.2,248.47
168.47,132.2,280.47,333.8
291.13,1,369,331.67
209,450.07,312.47,511.93
291.13,1,369,231.4
319.93,206.87,383.93,332.73
200.47,1,282.6,255.93
189.8,50.067,246.33,258.07
174.87,359.4,383.93,411.67
152.47,209,243.13,258.07
99.133,1,167.4,191.93
152.47,215.4,243.13,258.07
154.6,97,243.13,235.67
212.2,454.33,290.07,511.93
209,359.4,330.6,408.47
25.533,117.27,79.933,250.6
183.4,467.13,227.13,511.93
152.47,215.4,239.93,255.93
282.6,172.73,329.53,329.53
113,372.2,239.93,442.6
43.667,239.93,88.467,330.6
204.73,470.33,271.93,511.93
133.27,446.87,207.93,495.93
324.2,359.4,383.93,411.67
184.47,182.33,301.8,333.8
196.2,81,262.33,145
311.4,33,383.93,230.33
301.8,456.47,383.93,511.93
234.6,1,303.93,258.07
28.733,129,79.933,250.6
282.6,97,335.93,239.93
99.133,5.2667,167.4,191.93
209,446.87,312.47,511.93
31.933,75.667,84.2,248.47
159.93,443.67,383.93,511.93
311.4,33,383.93,217.53
97,34.067,155.67,162.07
190.87,168.47,244.2,258.07
250.6,221.8,383.93,351.93
185.53,58.6,243.13,126.87
282.6,172.73,328.47,239.93
1,445.8,154.6,495.93
282.6,172.73,341.27,332.73
43.667,1,221.8,331.67
152.47,97,243.13,255.93
159.93,266.6,239.93,322.07
65,34.067,116.2,282.6
125.8,359.4,230.33,415.93
34.067,139.67,81,246.33
132.2,447.93,185.53,511.93
168.47,228.2,273,270.87
1,1,94.867,161
287.93,359.4,332.73,408.47
177,360.47,234.6,406.33
154.6,1,262.33,246.33
302.87,85.267,346.6,172.73
191.93,202.6,239.93,255.93
67.133,359.4,230.33,415.93
185.53,26.6,243.13,126.87
212.2,446.87,312.47,511.93
93.8,5.2667,139.67,196.2
218.6,454.33,312.47,495.93
212.2,450.07,312.47,511.93
212.2,358.33,383.93,411.67
183.4,455.4,239.93,511.93
168.47,98.067,280.47,270.87
291.13,1,383.93,175.93
1,185.53,52.2,331.67
125.8,243.13,239.93,330.6
201.53,126.87,247.4,199.4
125.8,372.2,239.93,415.93
1,356.2,234.6,406.33
199.4,270.87,280.47,333.8
241,446.87,383.93,511.93
229.27,443.67,383.93,488.47
1,39.4,85.267,191.93
194.07,26.6,243.13,86.333
23.4,135.4,68.2,198.33
1,257,52.2,319.93
330.6,225,383.93,332.73
168.47,178.07,307.13,330.6
1,1,111.93,261.27
178.07,1,247.4,113
63.933,226.07,177,330.6
200.47,27.667,247.4,111.93
201.53,168.47,244.2,258.07
303.93,97,344.47,171.67
218.6,359.4,371.13,407.4
218.6,359.4,371.13,409.53
282.6,1,347.67,299.67
185.53,7.4,247.4,126.87
337,104.47,383.93,217.53
291.13,1,347.67,171.67
200.47,1,247.4,76.733
263.4,446.87,383.93,511.93
201.53,1,278.33,118.33
107.67,190.87,172.73,311.4
81,463.93,132.2,511.93
301.8,175.93,346.6,332.73
291.13,1,383.93,217.53
23.4,110.87,68.2,198.33
212.2,454.33,260.2,511.93
147.13,266.6,243.13,331.67
237.8,1,281.53,166.33
209,359.4,383.93,442.6
289,1,347.67,178.07
129,359.4,234.6,406.33
263.4,446.87,312.47,490.6
218.6,359.4,383.93,409.53
133.27,446.87,230.33,511.93
276.2,1,341.27,239.93
125.8,281.53,177,330.6
115.13,257,239.93,330.6
125.8,372.2,207.93,417
204.73,7.4,247.4,91.667
125.8,266.6,239.93,330.6
154.6,81,262.33,246.33
184.47,182.33,301.8,332.73
33,1,139.67,83.133
237.8,275.13,300.73,333.8
117.27,1,211.13,279.4
220.73,132.2,278.33,258.07
168.47,253.8,280.47,333.8
237.8,1,281.53,121.53
330.6,1,383.93,332.73
337,42.6,383.93,241
282.6,172.73,329.53,299.67
327.4,233.53,383.93,332.73
270.87,444.73,383.93,506.6
201.53,1,275.13,118.33
113,359.4,234.6,442.6
292.2,1,348.73,171.67
113,360.47,239.93,442.6
204.73,446.87,383.93,511.93
302.87,107.67,346.6,172.73
170.6,395.67,281.53,442.6
276.2,57.533,341.27,239.93
197.27,182.33,301.8,330.6
200.47,1,247.4,78.867
337,97,383.93,241
218.6,359.4,303.93,404.2
292.2,1,347.67,124.73
282.6,57.533,341.27,239.93
341.27,196.2,383.93,241
220.73,132.2,277.27,258.07
230.33,49,270.87,121.53
110.87,190.87,172.73,311.4
201.53,168.47,245.27,258.07
1,49,85.267,191.93
326.33,137.53,383.93,332.73
293.27,57.533,334.87,140.73
132.2,447.93,239.93,511.93
1,391.4,172.73,441.53
326.33,196.2,383.93,241
93.8,5.2667,167.4,196.2
200.47,1,244.2,56.467
235.67,132.2,291.13,254.87
181.27,7.4,239.93,113
200.47,1,247.4,90.6
34.067,129,79.933,250.6
125.8,279.4,207.93,330.6
159.93,266.6,239.93,330.6
183.4,447.93,239.93,511.93
102.33,5.2667,167.4,191.93
1,257,52.2,331.67
220.73,181.27,277.27,258.07
50.067,226.07,177,331.67
293.27,57.533,333.8,140.73
291.13,139.67,369,181.27
196.2,81,262.33,246.33
1,161,47.933,248.47
63.933,226.07,143.93,330.6
337,41.533,383.93,241
191.93,209,239.93,255.93
178.07,1,247.4,78.867
263.4,359.4,371.13,407.4
291.13,60.733,344.47,171.67
220.73,135.4,277.27,258.07
195.13,215.4,301.8,330.6
201.53,126.87,247.4,246.33
113,372.2,207.93,442.6
212.2,470.33,271.93,511.93
1,1,94.867,261.27
181.27,25.533,243.13,113
159.93,447.93,239.93,511.93
326.33,137.53,383.93,247.4
230.33,1,289,166.33
181.27,57.533,223.93,113
1,161,53.267,261.27
43.667,190.87,177,331.67
159.93,266.6,241,330.6
86.333,359.4,234.6,417
86.333,361.53,164.2,404.2
33,1,94.867,83.133
1,185.53,47.933,261.27
138.6,243.13,193,311.4
170.6,279.4,214.33,330.6
1,395.67,197.27,442.6
196.2,1,247.4,78.867
97,1,211.13,279.4
292.2,1,347.67,81
152.47,215.4,217.53,255.93
59.667,1,139.67,63.933
203.67,7.4,247.4,78.867
209,359.4,303.93,408.47
235.67,132.2,287.93,207.93
282.6,172.73,340.2,332.73
230.33,1,275.13,121.53
282.6,97,341.27,239.93
125.8,359.4,234.6,417
245.27,314.6,383.93,356.2
300.73,1,347.67,70.333
195.13,178.07,301.8,330.6
86.333,361.53,161,404.2
33,1,81,83.133
161,97,243.13,235.67
330.6,463.93,383.93,506.6
